0,1,2,3,4
-141.7543,-33.316790000000005,1.0,1.9420240000000002,1.628167
-141.935,-37.625029999999995,1.0,9.238389,0.6802918
-144.4592,-47.363279999999996,1.0,18.062160000000002,0.5868781999999999
-157.2137,-57.50265,1.0,26.2176,0.5270604
-160.1581,-74.48128,1.0,25.58212,-0.2959776
-144.6013,-70.67638000000001,1.0,26.29669,0.2245863
-135.8758,-68.27798,1.0,0.06537899,0.034226
-135.8558,-68.27991,1.0,0.0260041,0.0002194175
-135.8374,-68.28251999999999,1.0,0.02333864,0.01321277
-135.8414,-68.33971,1.0,1.304019,0.7994272
-135.9738,-71.24214,1.0,4.6062769999999995,-0.0276323
-135.687,-74.40769,1.0,3.884379,-0.0752928
-136.8711,-76.50421,1.0,0.9772761999999999,-0.7067140000000001
-134.447,-75.25475,1.0,8.240007,0.6399959
-125.2318,-76.205,1.0,16.851960000000002,0.2647215
-115.6587,-87.34227,1.0,24.21358,0.5660459
-110.1287,-107.1343,1.0,31.165840000000003,0.1967489
-121.0837,-128.9171,1.0,36.067190000000004,0.238377
-143.6455,-129.2596,1.0,25.9243,-1.106739
-142.0643,-115.1139,1.0,23.579929999999997,0.26427080000000003
-138.4576,-108.7113,1.0,0.02307075,-0.005478372
-138.4584,-108.7289,1.0,0.02443583,-0.01351856
-138.558,-108.6997,1.0,1.7890279999999998,1.0824850000000001
-143.1228,-108.4926,1.0,8.188125,-0.08447105
-145.69,-110.779,1.0,1.346416,0.6278706999999999
-144.387,-106.6847,1.0,10.21871,0.6335314999999999
-149.1249,-97.79601,1.0,18.00575,0.5180724
-161.0972,-97.27175,1.0,14.856,-0.1660222
-166.5731,-108.3311,1.0,24.16433,0.48561040000000005
-169.9702,-130.5032,1.0,36.0622,0.6038145
-163.2928,-158.0831,1.0,38.71983,-0.3956409
-166.4619,-183.1608,1.0,30.793020000000002,-0.46794440000000004
-167.5454,-208.8239,1.0,40.85908,-0.2031175
-165.8922,-236.7549,1.0,33.98182,-0.3488713
-152.1519,-250.8294,1.0,25.57839,0.2152404
-131.2942,-247.2446,1.0,32.08374,0.1818281
-123.1119,-231.1264,1.0,22.855829999999997,-0.01896381
-130.4664,-216.3369,1.0,21.92912,-0.1809818
-122.8304,-202.9637,1.0,18.29276,-0.1877074
-124.8873,-190.2265,1.0,15.848889999999999,-0.205008
-116.1924,-183.9769,1.0,19.60701,0.1610277
-110.6316,-194.1748,1.0,15.031789999999999,-0.25297420000000004
-110.0429,-204.7634,1.0,15.916739999999999,0.3591707
-108.8748,-219.5197,1.0,23.90789,0.27645929999999996
-106.6211,-239.9086,1.0,31.38048,0.5287437
-96.5937,-262.9668,1.0,37.0368,0.29956020000000005
-70.54885,-270.6594,1.0,39.42734,0.02651347
-52.38559,-249.6404,1.0,39.75594,-0.05626397
-48.81886,-218.5887,1.0,44.82734,0.36487670000000005
-30.68279,-188.6956,1.0,50.08865,0.2042864
-5.129019,-158.8646,1.0,55.82601999999999,0.396597
12.08445,-121.708,1.0,48.41917,-2.919746
10.31603,-104.5723,1.0,2.97306,-0.6258927
9.750712,-104.2384,1.0,0.1581422,-0.1580029
11.09928,-105.1261,1.0,5.411736,0.4025397
16.1409,-107.3118,1.0,8.381146000000001,-0.02873744
18.418329999999997,-106.9534,1.0,1.6877950000000002,0.5755385000000001
14.16796,-108.4128,1.0,10.33132,0.3141087
4.635498999999999,-112.0562,1.0,16.385479999999998,0.1450534
0.08149311,-100.70100000000001,1.0,21.62939,0.5215088999999999
-0.9476758,-82.61921,1.0,28.30198,0.5295774000000001
-5.313766,-59.66263000000001,1.0,35.01149,0.4865394
-6.185722,-31.31056,1.0,41.54589,0.223739
-6.329212999999999,1.786656,1.0,47.717009999999995,0.4429729
-10.27716,35.86053,1.0,38.88047,-1.86139
-22.82228,43.675129999999996,1.0,13.351989999999999,0.2033124
-33.55296,37.74538,1.0,20.55356,0.5233042
-51.35268,39.76978,1.0,27.8,0.5131975999999999
-74.53111,39.52069,1.0,34.74795,0.23388649999999997
-102.75299999999999,39.960879999999996,1.0,41.35328,0.2300042
-134.1637,39.55008,1.0,37.4176,-0.7103755999999999
-143.9336,25.81704,1.0,13.61082,-1.6931349999999998
-137.7477,24.29438,1.0,1.038478,-2.584936
-137.7518,24.23539,1.0,0.05758073,0.013202100000000001
-137.8551,24.24076,1.0,1.793407,0.8929541
-142.0999,24.50348,1.0,8.932811000000001,0.3399554
-149.3542,24.82394,1.0,7.334561999999999,-0.40680900000000003
-151.0218,25.35087,1.0,2.173032,0.28085479999999996
-147.7731,22.12592,1.0,10.363719999999999,0.2792834
-149.1956,12.28407,1.0,17.50455,0.2616046
-150.7716,-2.118753,1.0,23.46566,0.5078739999999999
-146.6531,-21.51359,1.0,30.067109999999996,0.479605
-149.0945,-45.1137,2.0,33.05806,-0.45617070000000004
-166.592,-60.434,2.0,29.995820000000002,-0.3984757
-158.8555,-72.90648,2.0,14.33753,-1.614411
-155.7275,-68.5266,2.0,0.04705407,0.03440077
-155.6877,-68.52795,2.0,0.03734532,-0.01994121
-155.94,-69.42831,2.0,4.308883,0.2205261
-156.4187,-73.13398000000001,2.0,4.891565,-0.04168597
-156.9378,-75.07771,2.0,1.6558439999999999,0.6977871999999999
-152.937,-72.81145,2.0,11.00949,0.6324907
-143.1846,-77.42389,2.0,19.26296,0.3078665
-129.7434,-82.79601,2.0,18.2319,-0.2644661
-117.927,-89.5066,2.0,24.12451,0.7666175000000001
-110.854,-109.4599,2.0,30.912290000000002,-0.03969222
-124.3373,-128.3207,2.0,32.84539,-0.0157562
-143.9724,-126.3151,2.0,21.6606,-1.0786120000000001
-139.8956,-112.4805,2.0,23.620160000000002,-0.20568920000000002
-145.8434,-101.7317,2.0,19.9968,0.44931459999999995
-159.7766,-105.4658,2.0,17.96487,-0.560286
-161.3835,-117.6495,2.0,16.96981,0.07720067
-164.8334,-131.7571,2.0,23.68952,0.5780529999999999
-165.2889,-152.1942,2.0,31.53443,0.5638346
-165.5034,-178.4045,2.0,38.96802,0.5146982
-165.9435,-209.8611,2.0,45.895509999999994,0.2245305
-163.0366,-242.8756,2.0,30.93635,-1.365608
-149.0338,-251.9075,2.0,25.56172,0.5681026
-128.5522,-248.1305,2.0,29.5665,-0.43507650000000003
-128.0823,-229.9447,2.0,27.80183,0.2469718
-125.9489,-205.8932,2.0,36.28965,0.5334755
-123.3526,-185.1775,2.0,12.528360000000001,-1.122309
-114.5501,-185.2903,2.0,15.765279999999999,0.35523509999999997
-110.4384,-198.5832,2.0,23.37557,0.3037176
-108.6415,-218.79,2.0,31.32071,0.577142
-104.4525,-244.4341,2.0,38.63662,0.48079809999999995
-87.65779,-268.6948,2.0,41.7506,-0.2830437
-59.50037,-263.4721,2.0,41.74204,0.08173326
-49.093740000000004,-235.5462,2.0,43.58187,0.5039402
-44.08105,-201.9964,2.0,48.38154,0.1880463
-19.6787,-173.5293,2.0,53.841319999999996,0.44530290000000006
5.7508919999999994,-141.428,2.0,48.54489,-4.331909
5.586591,-122.6201,2.0,18.78855,0.6109154
-4.850721,-109.6793,2.0,26.29898,0.4703354
-6.7590259999999995,-87.70905,2.0,33.63715,0.26976059999999996
-6.767303,-60.05849,2.0,40.949459999999995,0.5304764
-6.9768669999999995,-27.139290000000003,2.0,47.79214,0.482925
-7.348682000000001,10.65108,2.0,54.21799,0.4486494000000001
-16.35289,42.70494,2.0,31.25545,-3.2940440000000004
-26.02555,45.725359999999995,2.0,1.290402,0.2734153
-26.36676,41.60475,2.0,10.19853,0.2976605
-36.09155,41.27352,2.0,18.30095,0.30456120000000003
-51.35649,46.65327,2.0,25.6299,0.2456274
-72.89763,43.14894,2.0,33.29695,0.5259621999999999
-100.2987,41.451190000000004,2.0,40.561440000000005,0.24816220000000003
-132.7068,38.77257,2.0,46.44368,-0.1418171
-150.5569,22.662,2.0,19.48793,-2.642496
-148.69799999999998,19.28998,2.0,5.218596,0.641605
-143.4982,15.813670000000002,2.0,13.6447,0.5968554
-147.5575,3.9258040000000003,2.0,21.60687,0.5798786
-149.0549,-12.87455,2.0,27.30739,0.2879486
-141.9341,-33.809309999999996,3.0,8.13343,0.5338031
-143.9132,-41.96464,3.0,11.46299,-0.02713485
-150.2013,-50.29651,3.0,17.9939,-0.29847670000000004
-161.2875,-54.24326,3.0,14.31013,-0.2664719
-166.5818,-60.79708,3.0,10.546619999999999,-0.16218470000000001
-163.591,-68.05991,3.0,13.937120000000002,0.6428154
-151.718,-72.28794,3.0,21.5668,0.28752659999999997
-133.1811,-74.3651,3.0,29.15215,0.5781090999999999
-115.7958,-85.0957,3.0,25.10799,-0.2015537
-107.9421,-101.3222,3.0,29.71357,1.0060280000000001
-111.3898,-120.7307,3.0,24.08759,-0.2055978
-122.7648,-131.6116,3.0,21.52593,1.281768
-139.1923,-131.1438,3.0,22.07241,0.30103009999999997
-145.9999,-111.8743,3.0,30.30317,-0.4062383
-159.0622,-103.5517,3.0,16.51976,0.4209076
-166.7021,-115.0532,3.0,23.487579999999998,0.6152854
-169.1228,-135.2461,3.0,31.36492,0.2795453
-168.8058,-161.1143,3.0,38.58254,0.5462812
-167.0785,-192.1745,3.0,45.4535,0.49358670000000004
-163.9445,-227.9092,3.0,49.59725,-0.16883220000000002
-154.7809,-256.9858,3.0,33.65598,-1.367861
-136.0791,-253.69099999999997,3.0,27.956020000000002,0.2567026
-124.8697,-233.9741,3.0,33.4259,0.09399717
-128.4372,-207.7725,3.0,35.94157,-0.2424074
-124.0347,-183.6604,3.0,28.856279999999998,-1.096884
-109.5274,-181.7639,3.0,20.819779999999998,-0.1271267
-109.8271,-198.627,3.0,26.33124,0.211523
-104.6098,-219.9015,3.0,31.46278,-0.3329991
-106.1168,-241.2928,3.0,27.73221,0.20847889999999997
-100.4143,-264.8968,3.0,36.711059999999996,0.11483110000000002
-75.45588000000001,-269.9213,3.0,38.12048,-0.10922910000000002
-59.58736,-268.3342,3.0,11.70733,-1.028014
-56.177640000000004,-266.666,3.0,0.6464879,0.5453638000000001
-57.1907,-267.3828,3.0,0.4981137,-0.0764008
-55.91409,-266.1689,3.0,5.565767,0.16414820000000002
-52.26388,-262.5139,3.0,7.932886,0.03935225
-48.20327,-263.6567,3.0,1.501107,-0.44958059999999994
-49.34215,-261.4725,3.0,7.790602000000001,0.6021006999999999
-49.51147,-252.8519,3.0,15.94997,0.5879909999999999
-45.87611,-238.5897,3.0,23.7017,0.5422796
-43.273340000000005,-218.4569,3.0,30.96665,0.4817123
-39.558170000000004,-193.3138,3.0,37.119,0.05501582
-20.93029,-171.4636,3.0,42.11935,0.3365207
-2.912819,-154.7866,3.0,23.72253,-0.3710468
8.935402,-144.5446,3.0,18.69887,-0.3537918
11.601460000000001,-133.1075,3.0,14.18096,-0.2643188
6.181927,-121.9143,3.0,20.689410000000002,0.2690067
-3.713746,-106.9641,3.0,27.921259999999997,0.5236443000000001
-9.888966,-84.50459000000001,3.0,34.711859999999994,0.43753909999999996
-9.467547,-56.49548000000001,3.0,41.083040000000004,0.2285611
-4.679451,-23.985960000000002,3.0,45.99858,-0.6929662
-3.656569,5.165515,3.0,26.25569,-2.324687
-4.76408,14.501710000000001,3.0,3.5838339999999995,-0.09804852
-5.758768,19.756079999999997,3.0,11.78257,0.6123311
-9.468571,30.90812,3.0,19.91311,0.5393164
-22.540370000000003,41.79157,3.0,26.95115,0.2654487
-44.39085,44.73182,3.0,33.49068,0.5090401
-71.77098000000001,44.4548,3.0,40.31904,0.46771759999999996
-103.9825,42.343379999999996,3.0,46.778259999999996,0.4358815
-136.3604,37.76501,3.0,39.277,0.19040220000000002
-150.0215,17.99154,3.0,32.28781,-0.05331062
-144.0614,-6.109192,3.0,36.28423,0.482785
-144.1458,-35.22387,4.0,42.02255,-0.04405602
-154.01,-53.92579,4.0,18.88107,-0.4148129
-167.1488,-57.56012,4.0,19.03337,-0.1347729
-161.5549,-70.15590999999999,4.0,23.7496,0.4658383
-142.0906,-72.61729,4.0,30.16897,0.4123704000000001
-120.0383,-82.56496,4.0,35.9212,0.38159440000000006
-108.3171,-107.383,4.0,38.49781,-0.5195346
-122.695,-130.3728,4.0,36.9736,-0.3297481
-144.1835,-125.0214,4.0,30.20177,-0.1828112
-145.8831,-103.181,4.0,28.84559,-1.833013
-158.2677,-100.0575,4.0,19.03888,1.296096
-166.8964,-113.9967,4.0,26.30214,0.531866
-170.08,-135.987,4.0,33.599470000000004,0.5021561999999999
-168.9283,-163.2516,4.0,40.2295,0.4622634
-166.1182,-195.3431,4.0,46.66509,0.201835
-163.2915,-231.4957,4.0,46.9621,-0.6749026
-156.67,-252.6656,4.0,19.98989,-0.3360376
-142.8021,-258.1388,4.0,23.58786,0.22603910000000002
-129.5584,-247.7429,4.0,27.38018,0.44640340000000006
-125.1457,-225.1998,4.0,34.04987,0.1974646
-128.7405,-198.0366,4.0,39.61132,0.02814717
-113.6888,-176.9063,4.0,33.45524,-0.8353394000000001
-99.37422,-187.7083,4.0,23.26409,-0.1791822
-112.2303,-196.4977,4.0,23.86209,-0.1035506
-114.555,-201.5535,4.0,0.01592422,-0.03619088
-114.5548,-201.5516,4.0,0.05258948,0.2097389
-112.2521,-201.6627,4.0,5.79177,0.1833329
-109.7025,-198.5211,4.0,2.733651,-0.6037624
-109.5895,-199.4062,4.0,4.944548,0.4986643
-108.4456,-205.5778,4.0,11.93493,0.2484574
-106.2608,-216.7273,4.0,18.54766,0.4499496
-105.2592,-232.6723,4.0,24.59977,0.1997869
-104.8676,-252.9197,4.0,29.905279999999998,0.299214
-90.40746,-270.3967,4.0,32.99897,0.05536086
-65.4409,-268.7764,4.0,36.34145,0.2655532
-49.41491,-248.1742,4.0,37.11787,0.2185096
-48.238609999999994,-219.0156,4.0,41.56012,0.265117
-36.955459999999995,-188.7342,4.0,45.53474,0.1642556
-12.6075,-164.7956,4.0,45.40623,-0.27606959999999997
5.108731,-148.4262,4.0,21.91581,-0.46176000000000006
12.69042,-137.1361,4.0,15.67189,0.05770937
6.764802,-122.8963,4.0,25.221989999999998,0.4077989
-4.771746,-105.874,4.0,30.47343,0.3831994
-10.16493,-81.94104,4.0,35.64477,0.1740007
-9.310556,-53.78245,4.0,40.51008,0.3278693
-3.560668,-22.493920000000003,4.0,45.235659999999996,0.3336368
-3.157078,12.175460000000001,4.0,48.62622,-0.02271244
-13.72928,35.926790000000004,4.0,28.36004,0.331552
-34.60719,43.76874,4.0,32.867290000000004,0.3600179
-60.830630000000006,43.23273,4.0,37.997279999999996,0.18908039999999998
-90.86846,42.89179,4.0,42.8959,0.1742884
-122.4048,39.747679999999995,4.0,38.58178,-0.8095538000000001
-139.59799999999998,36.02876,4.0,15.22751,0.2283474
-147.0587,25.257620000000003,4.0,21.060229999999997,0.4219498
-147.2034,7.613865,4.0,26.77178,0.2065538
-142.7216,-13.872010000000001,4.0,32.36902,0.1873775
-143.4816,-38.66621,5.0,31.51962,-0.4095331
-157.5233,-52.857209999999995,5.0,28.10645,0.3929402
-168.4531,-65.64993,5.0,18.27327,-0.1072825
-157.2948,-69.68643,5.0,16.31287,0.5564348000000001
-141.8389,-72.60229,5.0,24.67341,0.4235788
-122.6055,-79.18436,5.0,30.18771,0.3420123
-108.2543,-97.25725,5.0,33.58978,0.1736824
-112.8828,-121.4922,5.0,32.86152,-0.1359705
-130.6157,-133.1024,5.0,26.250420000000002,-0.6649563000000001
-142.3605,-122.1598,5.0,24.84956,0.41721040000000004
-151.3162,-104.3298,5.0,29.462590000000002,-0.2552654
-165.5897,-103.9297,5.0,15.279539999999999,-0.6387695999999999
-164.8195,-116.3092,5.0,19.44419,0.7892326
-167.5096,-134.0791,5.0,30.93003,1.26744
-168.55700000000002,-163.7641,5.0,45.87587,0.3562852
-164.2968,-199.6443,5.0,51.86998,-0.26627670000000003
-164.0915,-228.7034,5.0,23.146060000000002,-0.8356186
-162.618,-243.4071,5.0,17.231289999999998,-0.4291249
-157.2339,-253.3595,5.0,16.77894,0.9531875
-142.7747,-260.1696,5.0,26.10957,0.3163134
-128.0039,-245.2982,5.0,35.28883,1.003981
-126.4884,-216.1192,5.0,40.62175,-0.6602319000000001
-128.4422,-194.1544,5.0,20.23743,-0.4619068
-122.0686,-183.5797,5.0,16.718239999999998,0.7601101
-107.1818,-185.122,5.0,24.36006,0.13158989999999998
-102.5362,-203.6109,5.0,30.8891,0.8765714
-104.4033,-229.2908,5.0,37.10202,0.07327002
-104.7671,-255.1793,5.0,31.217909999999996,-0.6206719
-90.57462,-270.5111,5.0,31.2869,0.2845616
-66.39958,-269.5135,5.0,35.17846,0.1001943
-50.73237,-249.4843,5.0,37.134240000000005,0.317212
-46.78263,-220.2576,5.0,42.00131,0.3455824
-38.21922,-188.8081,5.0,45.99033,0.15324129999999997
-14.499170000000001,-163.7397,5.0,42.67194,-3.957842
-1.04253,-154.8689,5.0,12.93017,-0.3600866
5.370145,-150.1981,5.0,8.576118,-0.28439050000000005
9.424712,-146.3339,5.0,8.994823,0.4948518
13.17387,-138.1795,5.0,15.49184,0.2238955
9.105891,-125.3335,5.0,21.462870000000002,0.41151980000000005
-1.523854,-110.7648,5.0,27.211140000000004,0.1970347
-8.788768,-89.82808,5.0,32.62952,0.4055679
-10.30552,-63.940430000000006,5.0,37.58028,0.16499560000000002
-5.041983999999999,-34.72468,5.0,42.445859999999996,0.1616079
-1.342222,-1.962419,5.0,43.90941,-1.591407
-5.344318,21.62789,5.0,15.68955,-2.905177
-8.810114,29.50266,5.0,15.134229999999999,0.4551705
-17.73763,39.4054,5.0,21.13511,0.2134846
-34.47146,44.9251,5.0,26.77252,0.20585720000000002
-56.37334,45.15679,5.0,32.3758,0.395144
-82.35799,44.21691,5.0,37.6662,0.38052779999999997
-111.9303,41.83886,5.0,40.72063,-0.549002
-134.7833,38.93557,5.0,18.339270000000003,-0.46701629999999994
-145.6563,27.8456,5.0,24.43119,0.3989949
-147.5446,8.060689,5.0,29.63532,0.3705137
-142.5456,-15.36386,5.0,34.952490000000004,0.3674789
-143.5956,-38.556090000000005,6.0,19.7264,-1.080554
-148.0266,-48.09442,6.0,17.57537,0.9949423000000001
-159.437,-55.22204,6.0,16.2324,-0.4059909
-166.2113,-62.042559999999995,6.0,13.63202,0.7442486999999999
-158.4843,-72.298,6.0,22.91987,0.1370035
-136.7192,-72.2224,6.0,35.82828,0.6175399
-112.4756,-88.11143,6.0,41.00468,-0.2910616
-113.8458,-112.0819,6.0,22.056829999999998,-2.284952
-117.6519,-121.2171,6.0,12.440380000000001,0.29804250000000004
-124.0933,-132.2203,6.0,17.25753,-0.25773209999999996
-137.4572,-132.2903,6.0,21.88908,0.3782322
-144.9801,-116.6253,6.0,27.763009999999998,0.5542391999999999
-149.6027,-104.8404,6.0,7.576536999999999,-0.2890992
-155.4941,-101.1686,6.0,13.49218,0.6357337
-165.3394,-104.7599,6.0,15.96057,0.3327319
-167.47299999999998,-120.1492,6.0,27.650809999999996,0.5091824
-168.9387,-145.7056,6.0,40.5876,0.4397367999999999
-167.7754,-179.8794,6.0,51.3795,0.729333
-163.9296,-219.22799999999998,6.0,50.2884,-0.856448
-161.1343,-250.9418,6.0,34.57591,-1.413154
-143.8746,-257.9717,6.0,22.15233,-0.5018164
-130.8075,-251.1321,6.0,22.49359,0.9925222
-125.1213,-233.0338,6.0,28.510340000000003,0.4106601
-127.0434,-210.0744,6.0,33.8298,0.4158567
-127.0856,-186.5171,6.0,21.53011,-2.5285599999999997
-115.1003,-182.5687,6.0,20.80173,0.3410512
-104.1244,-194.5089,6.0,25.292270000000002,0.37970440000000005
-102.994,-215.1563,6.0,30.711879999999997,0.39780370000000004
-105.7052,-239.7481,6.0,36.05852,0.3828553
-99.84846,-266.5731,6.0,37.94585,-0.337186
-76.23961,-271.1601,6.0,30.008570000000002,-0.5796384
-57.69999,-265.4558,6.0,22.46448,-0.3144743
-48.996970000000005,-250.0443,6.0,28.69592,0.39083179999999995
-45.36522,-226.9343,6.0,34.1817,0.1743835
-42.25365,-199.8853,6.0,39.25353,0.31398550000000003
-27.20751,-174.8515,6.0,41.66146,0.3179625
-4.887707,-158.3614,6.0,24.82106,-2.260759
4.280581,-151.3989,6.0,12.13241,-0.05966058
10.63518,-144.6422,6.0,13.959439999999999,0.2705597
12.23359,-131.9743,6.0,21.96487,0.570473
0.15423779999999998,-116.0263,6.0,33.84837,0.4906638
-8.860982,-87.62891,6.0,47.47825,0.9586582
-8.135369,-47.891890000000004,6.0,59.416309999999996,0.655455
-1.152945,-3.674703,6.0,57.6863,-1.187127
-6.573925,23.53416,6.0,21.96731,-0.46637460000000003
-14.79486,37.42955,6.0,24.76124,0.3218789
-35.46082,44.933,6.0,36.20577,1.0211350000000001
-67.80537,44.60309,6.0,51.15898,0.9980551999999999
-109.289,42.35853,6.0,48.5968,-4.334280000000001
-127.4914,39.28223,6.0,13.585529999999999,-0.3448994
-138.2788,36.64922,6.0,21.24746,0.42392120000000005
-147.5143,22.71227,6.0,26.043229999999998,0.3775529
-145.9867,1.478445,6.0,31.56666,0.4141863
-141.1121,-23.44719,6.0,36.55089,0.2457585
-142.0918,-36.87867,7.0,9.875188,0.2575555
-145.1629,-46.11573,7.0,16.388170000000002,0.424076
-157.1383,-53.36241999999999,7.0,22.18965,0.2073078
-168.2035,-64.70399,7.0,19.31793,-0.31191290000000005
-163.3192,-75.2233,7.0,16.142870000000002,0.1950179
-150.5853,-75.99056999999999,7.0,19.65326,0.2964192
-135.9061,-73.17773000000001,7.0,21.37,0.2220755
-119.6592,-79.11353000000001,7.0,28.15793,0.17274260000000002
-108.2903,-97.99995,7.0,32.199670000000005,0.1273266
-114.781,-121.5303,7.0,35.337959999999995,0.2044436
-138.4675,-131.4976,7.0,33.40572,-0.6903779999999999
-146.8352,-120.2696,7.0,13.02078,-0.9318979
-142.9293,-112.9368,7.0,15.37287,1.026713
-149.6514,-102.8713,7.0,16.52995,0.04472278
-162.5405,-104.2301,7.0,21.249979999999997,0.2212743
-166.2437,-118.2704,7.0,20.24011,0.16151400000000002
-166.7182,-136.0493,7.0,29.11968,1.044459
-169.481,-162.8176,7.0,43.245490000000004,0.9759076999999999
-170.00900000000001,-199.4022,7.0,55.15602,0.7790499
-167.3331,-237.0506,7.0,42.586079999999995,-1.228369
-152.7386,-253.8741,7.0,25.65135,-0.642099
-136.0215,-252.8225,7.0,22.46203,0.2632808
-125.8443,-239.7446,7.0,27.80268,1.130873
-126.056,-216.4204,7.0,34.259840000000004,0.39115120000000003
-125.5885,-189.2817,7.0,35.970240000000004,-1.327365
-115.6706,-179.9808,7.0,13.63151,0.28154229999999997
-109.6945,-191.1428,7.0,21.44581,0.4242348
-108.8498,-209.2556,7.0,27.41368,0.42679609999999996
-108.5465,-231.6469,7.0,32.99411,0.2051187
-103.0133,-256.8746,7.0,37.13219,0.09414514
-80.36882,-272.6116,7.0,39.31098,0.01458131
-54.933080000000004,-261.8855,7.0,39.33701,0.01946097
-49.29728,-233.0441,7.0,42.2683,0.3530028
-42.1549,-201.5256,7.0,45.22785,0.04921166
-19.02254,-175.3655,7.0,49.380959999999995,0.1484069
4.498486,-146.3579,7.0,44.31364,-2.385815
7.82673,-124.7276,7.0,23.018279999999997,0.2951683
-3.8554660000000003,-107.4977,7.0,31.922309999999996,0.29170159999999995
-4.509677,-79.18682,7.0,47.12469,0.6644051999999999
-0.5677238,-38.18841,7.0,63.6002,1.100303
-2.297885,10.589780000000001,7.0,61.172,-1.237024
-14.11304,40.49612,7.0,31.33145,-0.6305664000000001
-37.68141,40.77424,7.0,38.27621,0.190984
-67.94773,40.41567,7.0,43.20126,0.16152
-101.6731,40.92669,7.0,47.8282,0.3169265
-137.2014,38.38341,7.0,41.659459999999996,-1.6162590000000001
-147.0701,20.16228,7.0,29.282429999999998,0.19369370000000002
-145.2056,-3.528142,7.0,34.70581,0.1902729
-145.8174,-31.13979,7.0,39.83128,0.3671417
-158.4696,-55.24268000000001,8.0,34.91556,-0.5183302
-168.2549,-69.06179,8.0,22.22353,0.7287737
-153.6495,-78.98523,8.0,28.169320000000003,0.3112243
-131.0683,-77.80327,8.0,32.4958,0.08875037
-113.1736,-94.33714,8.0,35.35788,0.17662020000000003
-114.7139,-120.3234,8.0,37.09172,0.02107841
-138.0812,-131.9011,8.0,32.027809999999995,-0.9186759
-146.5001,-127.3155,8.0,2.4457709999999997,0.1240626
-143.0169,-124.0469,8.0,10.30488,0.49416579999999993
-142.688,-114.3855,8.0,16.61502,0.2155697
-152.1307,-103.757,8.0,22.24515,0.3116558
-166.6711,-108.3871,8.0,23.96397,0.17400520000000003
-166.6997,-127.6088,8.0,28.96715,0.3866937
-169.1638,-150.8348,8.0,34.22381,0.401843
-170.813,-177.856,8.0,39.06787,0.18275650000000002
-169.0444,-208.7019,8.0,43.933370000000004,0.3356907
-165.9326,-242.4966,8.0,45.16709,-0.4254089
-143.9085,-256.5344,8.0,31.888140000000003,-1.046384
-128.7309,-242.558,8.0,30.60118,0.5811824999999999
-127.319,-218.4665,8.0,35.344879999999996,0.1884497
-125.9065,-190.67700000000002,8.0,37.76574,-0.7589371
-113.8236,-179.8357,8.0,15.13419,-0.4645077
-107.4656,-190.4463,8.0,20.60068,0.2294228
-106.6806,-207.93599999999998,8.0,26.62408,0.4286003
-105.9397,-229.8508,8.0,32.2687,0.19199829999999998
-102.288,-255.1583,8.0,36.817409999999995,0.1988468
-81.49329,-272.4012,8.0,38.58725,0.02075887
-55.80967,-262.9594,8.0,39.42228,0.0938543
-47.18588,-235.0701,8.0,42.05873,0.3423158
-42.849779999999996,-202.7143,8.0,45.648140000000005,-0.03201269
-20.41199,-177.1443,8.0,48.17268,0.30799499999999996
3.100396,-148.6478,8.0,48.99091,-1.09946
6.271935,-120.8241,8.0,33.21535,-0.25438710000000003
-7.077324000000001,-97.02020999999999,8.0,38.98505,-0.07990465
-2.542929,-67.17608,8.0,43.08521,0.1543888
-1.290798,-33.520720000000004,8.0,47.64355,0.1543755
-1.914786,3.38935,8.0,51.99514,0.3216401
-11.22715,37.31727,8.0,37.38831,-1.6123020000000001
-26.09419,41.94186,8.0,6.4996,-0.9049803
-27.91664,37.6233,8.0,9.727261,0.2381955
-36.30865,40.242090000000005,8.0,16.036260000000002,0.2400937
-46.34012,48.499790000000004,8.0,12.59783,-0.9811735
-48.02328,48.58675,8.0,0.02608024,-0.008668426
-48.27975,47.68526,8.0,3.791926,0.20898049999999999
-47.88985,44.178059999999995,8.0,5.085299,-0.0351565
-47.68032,43.70691,8.0,4.507178,0.6618341
-53.76418,46.351000000000006,8.0,13.490879999999999,0.6278394
-66.82915,45.108940000000004,8.0,21.971429999999998,0.6066435
-85.96727,42.694320000000005,8.0,29.944809999999997,0.5605884
-110.7957,43.25054,8.0,37.27495,0.5251866999999999
-138.3587,38.19547,8.0,38.859359999999995,-0.1771554
-143.9565,10.426919999999999,8.0,43.01448,0.3013135
-146.9317,-24.06328,8.0,47.71128,-0.6849054
-142.0806,-34.87423,9.0,2.592939,-0.05311956
-143.2961,-39.71497,9.0,12.4239,0.33569570000000004
-148.1968,-48.4537,9.0,12.52867,-0.2028809
-156.0393,-52.780030000000004,9.0,14.68617,-0.08568142
-164.9075,-56.68229,9.0,11.56782,-0.23464410000000002
-166.6294,-64.33856,9.0,13.945120000000001,1.05231
-156.6509,-73.28157,9.0,19.43819,-0.37659509999999996
-143.76,-72.85843,9.0,15.68726,-0.11806320000000001
-130.78,-74.51101,9.0,24.389229999999998,0.37712870000000004
-114.8775,-84.42365,9.0,25.9931,0.02404358
-107.3203,-101.9017,9.0,24.968770000000003,-0.3970163
-108.699,-114.7998,9.0,12.04433,-0.18630439999999998
-112.09,-123.4321,9.0,17.61979,1.29779
-122.9508,-133.8823,9.0,19.69259,-0.18032910000000002
-135.6134,-133.7544,9.0,15.71214,-0.10831989999999998
-144.2045,-124.0002,9.0,22.96793,0.5885143
-150.3383,-105.48899999999999,9.0,23.73384,-1.558134
-160.2739,-99.5974,9.0,13.49102,-0.1779721
-166.239,-108.04799999999999,9.0,20.2984,1.163645
-168.4229,-128.5228,9.0,34.83242,0.9532284
-169.071,-158.5713,9.0,44.35092,0.16173099999999999
-166.0939,-192.74200000000002,9.0,47.86937,0.1842591
-163.2832,-225.4547,9.0,39.666579999999996,-0.9370314000000001
-160.355,-248.5071,9.0,25.861539999999998,-0.2572145
-147.8783,-259.4896,9.0,20.34695,-0.1914347
-135.0123,-256.9437,9.0,20.98572,0.9239917
-125.6578,-238.42700000000002,9.0,34.736959999999996,0.6337855
-127.0131,-211.554,9.0,34.27993,-0.8100498
-128.6783,-193.8983,9.0,15.607439999999999,-0.22868920000000004
-125.3831,-184.1522,9.0,13.445089999999999,0.5955548
-113.1705,-182.28599999999997,9.0,18.94324,-0.1637222
-104.0336,-189.9876,9.0,14.77936,-0.05356615
-102.5295,-205.0248,9.0,27.977659999999997,0.9828824
-104.8582,-229.6012,9.0,37.334340000000005,0.4622050999999999
-104.2704,-256.6638,9.0,35.312259999999995,-0.2962167
-86.91512,-272.6671,9.0,32.55811,0.007992543000000001
-63.57793,-268.6355,9.0,32.15246,-0.12170940000000001
-50.15728,-249.2381,9.0,34.36061,0.111223
-45.83483,-223.2374,9.0,36.70771,0.16777260000000002
-41.10763,-196.8885,9.0,34.57318,-0.196079
-29.926309999999997,-176.4223,9.0,28.83127,-0.44434170000000006
-14.90593,-164.4287,9.0,23.52715,-0.1698104
-1.482617,-155.5713,9.0,19.89976,-0.2972175
9.208599000000001,-146.9162,9.0,19.285729999999997,0.2540384
11.73059,-131.1509,9.0,25.14451,0.4687453
-0.48303270000000004,-114.8076,9.0,29.38485,0.1111414
-8.928212,-94.66060999999999,9.0,30.018929999999997,0.05546356
-11.27616,-71.9846,9.0,32.569320000000005,0.30454549999999997
-8.333217999999999,-46.79412,9.0,35.26486,0.05378169
-3.62411,-20.65456,9.0,36.39352,0.07857798
-2.201484,5.510711,9.0,31.26425,-1.0529309999999998
-6.143730000000001,24.07374,9.0,21.07647,-0.5857296
-14.0787,36.88633,9.0,24.64665,0.2587213
-33.05713,45.05688,9.0,31.664279999999998,0.481604
-59.03998000000001,43.92543,9.0,38.7759,0.5201637
-90.47105,44.08167,9.0,45.659729999999996,0.48229609999999995
-125.2011,40.631809999999994,9.0,43.5863,-1.449552
-146.6334,27.52048,9.0,34.4779,-0.13120479999999998
-142.7317,1.252471,9.0,39.32985,0.2186742
-142.8844,-28.40748,9.0,34.13515,-2.736544
-146.317,-42.947759999999995,10.0,16.90259,0.818891
-155.6708,-53.38775,10.0,18.06472,-0.14720329999999998
-165.9742,-59.30503,10.0,14.12054,-0.36350429999999995
-164.6066,-69.31806999999999,10.0,18.027379999999997,0.2770073
-152.3405,-73.00928,10.0,18.27983,0.04688736
-138.9505,-72.87097,10.0,17.15319,-0.1624979
-123.2873,-77.86699,10.0,27.05435,0.5353058
-108.7228,-94.3084,10.0,33.2823,0.3781901
-110.295,-119.9054,10.0,33.537079999999996,-1.223808
-123.9507,-132.5859,10.0,22.0164,-0.18790910000000002
-137.977,-131.9362,10.0,17.14431,-0.1620473
-145.2446,-119.5337,10.0,24.22298,0.5905976
-150.1121,-104.9102,10.0,7.476037,-2.777215
-153.7714,-101.7403,10.0,10.827689999999999,0.5809053000000001
-163.6302,-102.6329,10.0,17.50229,0.4329548
-167.7448,-117.0115,10.0,24.14568,0.5034821
-168.8121,-137.4957,10.0,31.11733,0.5348286999999999
-168.4793,-162.8228,10.0,36.04547,0.4644288
-167.0963,-191.0276,10.0,39.63007,0.06363706
-164.4816,-219.1399,10.0,34.537859999999995,-0.2782127
-163.0079,-242.0067,10.0,27.50565,-0.5016245
-153.665,-256.5702,10.0,20.72189,-0.21285460000000003
-137.6715,-258.5509,10.0,23.86114,-0.02418591
-127.4331,-243.8636,10.0,26.5284,0.2774147
-125.0252,-223.4224,10.0,29.616459999999996,0.2388576
-127.5603,-202.0461,10.0,23.85425,-0.8375382
-127.7414,-189.0724,10.0,14.72059,-0.1694724
-121.8447,-182.3015,10.0,13.62509,0.44707840000000004
-109.7943,-183.61700000000002,10.0,18.39826,-0.02567871
-103.0608,-194.5764,10.0,19.159860000000002,0.1724463
-103.6446,-209.7417,10.0,21.67364,0.1657159
-104.771,-225.8374,10.0,22.38946,0.7295663
-106.1018,-245.2584,10.0,29.55228,0.2288697
-100.1964,-265.8956,10.0,29.0238,0.04295856
-77.83266,-272.3156,10.0,36.55072,0.1819271
-53.68346,-259.9872,10.0,37.83961,-0.13818350000000001
-47.64193,-231.0165,10.0,42.85555,0.1003812
-42.03561,-200.0978,10.0,39.15464,-0.6433353
-30.17667,-177.3479,10.0,30.791929999999997,-0.28086880000000003
-14.41644,-164.5482,10.0,24.38478,-0.2048506
-4.5478629999999995,-157.6676,10.0,13.44396,0.5287738000000001
6.447104,-149.5536,10.0,19.60364,-0.12382470000000001
13.449979999999998,-136.4559,10.0,25.30539,0.359484
2.702835,-119.5172,10.0,30.74813,0.4730652
-8.317833,-97.74208,10.0,35.822790000000005,-0.6071894
-10.34648,-73.73236,10.0,32.29761,0.5096198000000001
-8.079535,-47.52662,10.0,38.688320000000004,0.22865059999999998
-3.358333,-16.91159,10.0,44.697140000000005,0.1892066
-3.608854,17.772470000000002,10.0,48.10318,-0.2538528
-23.017220000000002,41.995979999999996,10.0,42.91794,0.2396788
-56.06117,44.39533,10.0,47.63136,0.1984744
-93.34385999999999,43.6115,10.0,52.907090000000004,0.1717611
-129.9504,39.28448,10.0,40.79828,-0.7142561
-148.9112,21.07803,10.0,36.76296,-0.06456582
-141.9722,-6.470619,10.0,40.98016,0.3248165
-144.6653,-35.02172,11.0,32.48345,0.4298223
-158.9586,-56.063140000000004,11.0,37.07751,0.2072886
-169.4989,-75.53414000000001,11.0,23.88349,-1.187195
-157.5281,-78.03876,11.0,21.17752,0.4882909000000001
-142.8829,-69.47972,11.0,26.07777,0.125572
-123.9236,-79.33554000000001,11.0,32.34163,0.7141460000000001
-109.7668,-97.30359,11.0,32.72766,0.2670929
-113.8248,-121.6998,11.0,31.90574,-1.7660209999999998
-130.3416,-133.0577,11.0,28.57218,0.210918
-144.7904,-118.6079,11.0,32.18762,0.1355249
-148.1991,-102.9719,11.0,9.650749000000001,-0.1727549
-159.6003,-101.3785,11.0,21.91221,0.6611945
-166.7493,-116.6358,11.0,26.952240000000003,0.2442485
-166.4838,-139.0563,11.0,33.59073,0.4674864
-168.2624,-166.1711,11.0,39.69632,0.439725
-165.2815,-197.6555,11.0,45.674240000000005,0.4402008
-162.8289,-232.5337,11.0,44.93287,-0.6245036999999999
-153.5309,-256.4852,11.0,28.012809999999998,0.22386220000000004
-133.1426,-256.6321,11.0,29.52777,0.2823533
-125.6599,-234.7871,11.0,34.4669,0.4297879
-127.3277,-207.1239,11.0,37.84057,-0.760392
-123.5599,-182.8294,11.0,28.93223,-1.2923200000000001
-107.68700000000001,-185.17,11.0,23.969279999999998,0.06933077
-107.3072,-204.8458,11.0,29.82698,0.4777563
-106.1821,-229.0903,11.0,36.016690000000004,0.4704492
-104.4349,-257.4482,11.0,40.87056,0.2339444
-81.33895,-272.4768,11.0,39.664629999999995,0.15349229999999997
-54.023740000000004,-260.9302,11.0,41.239779999999996,-0.19105550000000002
-45.86638,-230.5155,11.0,45.336729999999996,0.3642788
-39.94532,-195.4411,11.0,50.4669,0.23651679999999997
-17.3805,-166.9805,11.0,44.21877,-1.612472
4.533698,-151.7336,11.0,31.049840000000003,-0.5812480999999999
12.07087,-134.0227,11.0,22.97186,-0.49341769999999996
2.9194009999999997,-118.0376,11.0,28.53862,0.4963875
-7.391664,-97.36163,11.0,34.50951,0.4561192
-10.41559,-69.75121,11.0,40.56671,0.4205842000000001
-6.193123,-37.81739,11.0,46.331140000000005,0.43293869999999995
-1.743123,-1.846982,11.0,51.53852,0.1533045
-11.346630000000001,34.672109999999996,11.0,48.52152,-0.33867800000000003
-42.54554,45.01767,11.0,47.14392,0.19220620000000002
-79.53264,42.03926,11.0,52.63861,0.38090820000000003
-119.6887,40.497,11.0,51.48247,-0.6066651
-147.8761,26.20692,11.0,41.29600000000001,-0.33600240000000003
-144.7795,-3.263807,11.0,42.84247,0.3673712
-143.7117,-35.654790000000006,12.0,41.12867,-1.218926
-158.2297,-52.795790000000004,12.0,28.02662,0.23167240000000003
-167.9565,-67.04626,12.0,23.57522,0.3636669
-151.6868,-71.57306,12.0,27.23002,0.48139709999999997
-129.6432,-74.21927,12.0,33.27883,0.41399259999999993
-109.897,-91.17551,12.0,37.8637,0.2418768
-109.9031,-117.2864,12.0,30.94646,-0.9506380999999999
-125.2721,-131.0013,12.0,25.98452,-0.5095896
-141.5977,-130.3199,12.0,23.4672,0.1269954
-146.8182,-112.5369,12.0,28.777390000000004,0.4041389
-158.541,-100.4509,12.0,20.60962,-0.7152988
-167.5797,-111.2161,12.0,25.26095,0.9602538
-167.2182,-135.0594,12.0,36.691790000000005,0.41983590000000004
-168.4938,-164.2795,12.0,42.38475,0.19644
-166.1259,-197.8993,12.0,48.18965,0.4259763
-163.9828,-235.0039,12.0,47.840109999999996,-0.7488256
-148.8796,-258.3423,12.0,31.333809999999996,-1.220615
-131.8268,-248.4492,12.0,30.139809999999997,0.3653741
-126.1557,-224.8207,12.0,35.81828,0.44056940000000006
-128.1271,-197.9913,12.0,33.55813,0.08687052
-117.9389,-179.80700000000002,12.0,28.67515,-0.16594879999999998
-106.8378,-191.5287,12.0,25.12035,0.40322929999999996
-110.4542,-212.0104,12.0,31.431540000000002,0.24058020000000002
-108.6746,-237.7118,12.0,37.90995,0.4695601
-99.24791,-265.5856,12.0,41.1397,-0.1959109
-71.35979,-270.1101,12.0,41.374179999999996,0.3299397
-46.60515,-253.6056,12.0,38.15893,-0.5959182
-52.73895,-230.0873,12.0,30.66273,-0.4786838
-52.93326,-217.9055,12.0,5.682311,-0.1789335
-53.36046999999999,-214.8724,12.0,0.36781579999999997,-0.6249529
-51.85651,-217.449,12.0,8.281575,0.3110865
-44.2178,-216.5815,12.0,15.0417,0.4546894
-41.83963,-206.2506,12.0,12.68524,-0.24640389999999998
-40.73727,-193.9376,12.0,21.32859,0.5172022
-32.61575,-177.6518,12.0,28.02119,0.4488902
-14.45451,-163.4978,12.0,34.435320000000004,0.4624679
7.26376,-147.4577,12.0,37.11335,-0.07758872
9.775167,-125.6635,12.0,28.7636,0.21203289999999997
-4.8992830000000005,-103.3984,12.0,43.874109999999995,0.5441383000000001
-10.42821,-67.15803000000001,12.0,53.382290000000005,0.32157470000000005
-3.948263,-26.38627,12.0,58.2066,0.1496676
-3.8178160000000005,15.7038,12.0,48.53686,-0.5127782
-16.09275,38.37892,12.0,35.79654,0.1329126
-42.09195,45.50247,12.0,39.508,0.20556970000000002
-73.47017,44.52649,12.0,45.34718,0.4354625
-109.0226,41.945859999999996,12.0,50.85522,0.39682290000000003
-144.2247,34.82083,12.0,46.57292,-0.6126854
-152.4429,14.894129999999999,12.0,13.59425,-2.346342
-152.9433,12.71974,12.0,4.625191,0.633355
-147.6698,9.675732,12.0,12.65318,0.564334
-146.3451,-2.414389,12.0,20.22113,0.527518
-143.2162,-19.77768,12.0,27.358320000000003,0.5087756
-142.0158,-34.532759999999996,13.0,6.032657,0.29873540000000004
-144.1138,-41.71056,13.0,14.09056,0.2868208
-153.1837,-50.961009999999995,13.0,21.334,0.5103853
-166.7388,-61.930969999999995,13.0,23.832629999999998,-0.3504629
-161.9125,-74.60861,13.0,17.55047,0.08966283
-147.8324,-74.82115,13.0,21.81392,-0.29556309999999997
-133.5751,-72.38427,13.0,20.90329,1.372485
-117.0784,-79.29178,13.0,27.55593,0.41346459999999996
-106.896,-98.80672,13.0,32.98207,0.1785781
-114.6077,-122.7994,13.0,37.007090000000005,0.30538940000000003
-138.9807,-131.7662,13.0,30.36976,-1.8596650000000001
-145.1847,-122.6371,13.0,6.418154,-0.5936037
-138.8698,-122.57799999999999,13.0,10.45555,-0.0655755
-140.5266,-122.9858,13.0,7.3800360000000005,0.620746
-145.356,-127.3665,13.0,7.859796,-1.274362
-145.4987,-128.7918,13.0,3.1242330000000003,0.6962752
-143.3802,-123.5845,13.0,12.04235,0.3197275
-139.9996,-112.45100000000001,13.0,19.728720000000003,0.2692104
-149.3201,-98.92801999999999,13.0,25.70739,0.20630500000000002
-165.0032,-104.0845,13.0,21.80946,-0.0950097
-167.4838,-123.8983,13.0,31.259690000000003,0.5156092999999999
-167.4998,-149.5848,13.0,38.08618,0.2330385
-167.947,-180.3772,13.0,44.60716,0.46264679999999997
-168.0105,-215.7091,13.0,50.709109999999995,0.4313094
-159.8579,-250.5509,13.0,44.64273,-0.2256054
-132.7148,-254.5059,13.0,31.94098,-1.342698
-128.2579,-233.0947,13.0,35.27205,0.4337018
-127.3932,-203.7194,13.0,40.85705,-0.6503854
-124.4524,-184.7777,13.0,14.859779999999999,-0.3278772
-114.0333,-181.8922,13.0,18.9866,0.5955785
-105.2952,-195.0977,13.0,25.63554,0.24043
-106.2112,-216.5803,13.0,32.667320000000004,0.49911239999999996
-107.0298,-242.9701,13.0,38.65571,0.3570836
-91.1291,-268.1802,13.0,42.6018,0.04979169
-61.3928,-268.1243,13.0,42.572340000000004,-0.01926738
-49.204879999999996,-240.2155,13.0,44.50946,0.46853240000000007
-45.62762,-207.0127,13.0,40.88706,0.3625636
-28.431759999999997,-180.1561,13.0,46.17197,0.2024589
-3.053649,-153.8092,13.0,52.14434,0.3881945
9.352312,-121.6477,13.0,43.73472,-0.6612789000000001
-7.18633,-102.22200000000001,13.0,29.023429999999998,-0.5182551
-7.006703999999999,-80.22255,13.0,34.01886,0.4938339
-5.599184999999999,-52.55911,13.0,40.7387,0.4794285
-4.63393,-20.047929999999997,13.0,47.03222,0.2211665
-4.528508,16.9286,13.0,51.82117,-0.4117953
-21.113410000000002,41.25929,13.0,32.74026,-1.234372
-34.25777,35.88162,13.0,13.273420000000002,-0.06865914
-35.10833,32.58688,13.0,0.0786947,0.001395365
-35.156040000000004,32.59316,13.0,0.06357031,0.004483765
-34.71755,33.819140000000004,13.0,5.310822,0.125075
-33.33104,40.48672,13.0,11.858839999999999,-0.04758861
-32.24154,44.763000000000005,13.0,0.8873233,-0.5549805999999999
-33.48288,42.63736,13.0,7.444845,0.6145294
-41.42525,41.93919,13.0,15.024560000000001,0.5346377
-54.73285,45.19273,13.0,22.01875,0.4811794
-73.40926999999999,43.71909,13.0,28.562409999999996,0.4658004
-96.80716,42.169340000000005,13.0,34.62038,0.41235059999999996
-124.34100000000001,41.35568,13.0,39.82325,0.2914938
-146.2551,24.06919,13.0,38.08797,0.01912774
-146.4869,-5.307307,13.0,42.54782,0.2035761
-145.2492,-38.39755,14.0,45.17796,-0.2228234
-160.4098,-59.09219,14.0,28.710520000000002,-0.9801199
-157.6308,-74.20264,14.0,25.47626,0.07511545
-137.1196,-75.65693,14.0,30.96517,0.3766696
-116.0859,-86.96478,14.0,35.21257,0.2712998
-110.4885,-112.3996,14.0,37.791940000000004,0.14991629999999997
-130.0545,-131.517,14.0,37.569959999999995,-1.433905
-146.3013,-123.4676,14.0,16.96753,-2.195417
-146.0557,-119.7515,14.0,1.847335,0.04957402
-146.9474,-118.6627,14.0,1.761995,-0.04331301
-147.7561,-117.8659,14.0,1.4978420000000001,0.1782258
-150.1561,-117.242,14.0,3.9434199999999997,-0.0007786625999999999
-150.1166,-117.0713,14.0,4.884594,0.6543608
-145.4669,-112.2461,14.0,13.327079999999999,0.2944059
-147.5544,-100.551,14.0,20.27015,0.23504099999999997
-162.8496,-99.10036,14.0,24.7123,0.1335957
-167.5671,-117.51700000000001,14.0,29.95425,0.5200585999999999
-166.4781,-142.268,14.0,36.92801,0.5118752000000001
-166.7077,-172.1245,14.0,43.59879,0.4647337
-167.2827,-206.737,14.0,49.82342,0.21369839999999998
-162.7486,-243.5397,14.0,44.57816,-1.445281
-144.0739,-254.5364,14.0,16.34815,-1.1731049999999998
-141.6656,-250.7962,14.0,3.765172,-0.08144801
-139.9568,-248.5998,14.0,6.646416,0.28379899999999997
-132.6107,-249.5022,14.0,14.273589999999999,0.1132503
-123.2783,-251.1058,14.0,11.1756,-0.1717225
-121.3402,-243.4735,14.0,15.4053,0.48310169999999997
-124.9341,-229.6462,14.0,23.287779999999998,0.5620828
-127.1414,-209.7361,14.0,30.7636,0.5144429
-125.4495,-185.2697,14.0,32.73768,-0.7316756999999999
-108.1946,-181.8556,14.0,22.29659,0.3065178
-106.0704,-203.06,14.0,38.76124,0.7552823000000001
-106.6568,-239.0706,14.0,57.18169,0.1687164
-86.15253,-270.27099999999996,14.0,44.774159999999995,-0.561221
-54.83971999999999,-264.2165,14.0,44.20943,-0.4438938
-49.0723,-233.4556,14.0,45.65323,0.45272740000000006
-41.80888,-199.6493,14.0,49.56767,0.1652752
-16.62128,-170.6075,14.0,54.820719999999994,0.4199738
8.674565,-139.0259,14.0,48.671440000000004,-2.816347
3.104132,-115.9825,14.0,26.849190000000004,-0.22063670000000002
-5.5422970000000005,-97.38176,14.0,31.47428,0.22782600000000003
-4.614456,-71.61813000000001,14.0,38.298840000000006,0.4912376
-2.614552,-40.798559999999995,14.0,44.87587,0.4772575
-2.391759,-5.266218,14.0,51.04607,0.43968290000000004
-8.67735,31.61543,14.0,45.68515,-0.48751720000000004
-37.29019,42.22855,14.0,44.26644,0.2265817
-72.41519,40.29907,14.0,50.38901,0.4534432
-111.8393,41.188159999999996,14.0,55.230109999999996,-0.6515794
-142.2644,32.6892,14.0,32.4991,-2.0247669999999998
-144.6607,21.90894,14.0,1.565741,-0.06511143
-142.1855,24.24397,14.0,5.002307,0.20766620000000002
-141.5732,25.023770000000003,14.0,4.394081,0.5925887
-145.8376,21.524729999999998,14.0,9.628736,-0.08216915
-149.6029,22.06631,14.0,0.0762655,0.18799860000000002
-146.6546,20.14989,14.0,9.334002,0.3360318
-141.5382,11.61845,14.0,17.82205,0.5811712
-140.9527,-4.531808,14.0,25.91399,0.5842533000000001
-141.7548,-33.33466,1.0,2.170604,1.2145700000000001
-141.939,-37.6937,1.0,9.351716999999999,0.6885639
-144.5317,-47.47334,1.0,18.11151,0.3095044
-157.3736,-57.616690000000006,1.0,26.30252,0.509347
-160.0209,-74.60707,1.0,25.55849,-0.14770439999999999
-144.4563,-70.54633000000001,1.0,26.328000000000003,0.18727629999999998
-135.8756,-68.2779,1.0,0.06817596,0.0164317
-135.8556,-68.27994,1.0,0.02595407,-0.0003240232
-135.8372,-68.28255,1.0,0.02476605,0.008866915999999999
-135.8442,-68.34900999999999,1.0,1.354268,0.3145063
-135.969,-71.2759,1.0,4.601828,-0.02678373
-135.6907,-74.43536,1.0,3.8782019999999995,-0.03911293
-136.8767,-76.50838,1.0,0.9294598,-0.2992078
-134.3877,-75.23791,1.0,8.346584,0.6385407
-125.118,-76.24556,1.0,16.94158,0.5513469
-115.5778,-87.5069,1.0,24.30775,0.5598863000000001
-110.1361,-107.3641,1.0,31.23207,0.3954623
-121.3003,-129.0808,1.0,36.08513,0.1091565
-143.7854,-129.1224,1.0,25.83707,-0.5277329000000001
-141.92600000000002,-115.0051,1.0,23.66682,0.5128441
-138.4576,-108.7115,1.0,0.025137599999999996,0.0120655
-138.4584,-108.7291,1.0,0.02507253,0.0037628170000000003
-138.5706,-108.6942,1.0,1.9906080000000002,1.231007
-143.1772,-108.5158,1.0,8.181044,-0.0442001
-145.6848,-110.7707,1.0,1.424667,0.5014365
-144.3821,-106.6073,1.0,10.31972,0.5949476
-149.2368,-97.71812,1.0,18.04721,0.2481036
-161.1891,-97.33184,1.0,14.803329999999999,-0.31134290000000003
-166.5874,-108.5072,1.0,24.3284,0.9871068999999999
-170.0203,-130.7586,1.0,36.1579,0.5939977
-163.2534,-158.3506,1.0,38.58487,-0.8485553
-166.5063,-183.3842,1.0,30.71535,-0.47187209999999996
-167.5246,-209.1295,1.0,40.84202,-0.08805541
-165.8505,-237.0111,1.0,33.86906,-0.6539114
-151.9608,-250.8573,1.0,25.59732,0.1142097
-131.0719,-247.15599999999998,1.0,32.077740000000006,-0.03538205
-123.2064,-230.9859,1.0,22.85495,-0.005230504
-130.4022,-216.1902,1.0,21.938270000000003,0.05637709
-122.8284,-202.8326,1.0,18.230339999999998,-0.38369000000000003
-124.8719,-190.1103,1.0,15.781970000000001,-0.39564279999999996
-116.0547,-183.99900000000002,1.0,19.634120000000003,0.17049129999999998
-110.6206,-194.2855,1.0,15.010879999999998,-0.129001
-110.0413,-204.8774,1.0,16.02532,0.6704486999999999
-108.8552,-219.6961,1.0,24.00166,0.5558893
-106.5846,-240.1384,1.0,31.465729999999997,0.5123789000000001
-96.39801,-263.1675,1.0,37.08525,0.2888165
-70.26586999999999,-270.5799,1.0,39.4305,0.01849415
-52.342659999999995,-249.3492,1.0,39.75666,0.0042579770000000005
-48.70301,-218.2732,1.0,44.85492,0.16620220000000002
-30.440920000000002,-188.4178,1.0,50.160509999999995,0.4339606
-4.882944,-158.5321,1.0,55.89091,0.3875357
12.08508,-121.3431,1.0,48.181129999999996,-1.452025
10.30466,-104.5544,1.0,2.77643,-1.1696799999999998
9.749718,-104.2378,1.0,0.15961689999999998,0.008354599
11.13166,-105.1477,1.0,5.445692,0.21787929999999997
16.201970000000003,-107.31299999999999,1.0,8.371929,-0.05527096
18.40565,-106.9573,1.0,1.756868,0.41069040000000007
14.088239999999999,-108.4467,1.0,10.43415,0.5433751
4.517075,-112.0381,1.0,16.395870000000002,0.06445482
0.10964660000000001,-100.5439,1.0,21.717679999999998,0.5353020000000001
-1.019515,-82.41686999999999,1.0,28.34458,0.2550638
-5.328907,-59.406330000000004,1.0,35.050470000000004,0.2447299
-6.197524,-30.98595,1.0,41.6245,0.43785630000000003
-6.331582,2.1402419999999998,1.0,47.787890000000004,0.4282862
-10.41716,36.11155,1.0,38.72719,-0.9361533999999999
-22.89358,43.60611,1.0,13.425189999999999,0.4329616
-33.70701,37.73592,1.0,20.59494,0.2511424
-51.55838,39.78136,1.0,27.8406,0.249823
-74.78018,39.5212,1.0,34.830940000000005,0.5097682
-103.0566,39.97169,1.0,41.431059999999995,0.46466620000000003
-134.4276,39.46914,1.0,37.18029,-1.404016
-143.8832,25.72949,1.0,13.33203,-1.659707
-137.748,24.28756,1.0,0.8412058000000001,-1.252599
-137.7518,24.23498,1.0,0.05328948,-0.02668404
-137.8681,24.24547,1.0,1.942245,0.8931258
-142.1669,24.49446,1.0,8.989817,0.3385147
-149.4051,24.841920000000002,1.0,7.203321000000001,-0.7735121
-151.0061,25.34522,1.0,2.27757,0.6241454000000001
-147.7418,22.055429999999998,1.0,10.4576,0.5596237
-149.2586,12.17961,1.0,17.5922,0.5472859
-150.7212,-2.2879,1.0,23.54799,0.48847700000000005
-146.6274,-21.734939999999998,1.0,30.10473,0.23140850000000002
-149.2404,-45.31816,2.0,33.020590000000006,-0.22426100000000002
-166.6511,-60.64402,2.0,29.868479999999998,-0.7696161
-158.75,-72.88785,2.0,14.071810000000001,-1.552905
-155.7272,-68.52665999999999,2.0,0.06435511,0.1005547
-155.6874,-68.52796,2.0,0.04077025,0.02043905
-155.9466,-69.45864,2.0,4.382968,0.4540065
-156.4242,-73.17062,2.0,4.884283,-0.04281414
-156.9308,-75.06676999999999,2.0,1.771869,0.6779463000000001
-152.8585,-72.80067,2.0,11.061869999999999,0.3317325
-143.0785,-77.5199,2.0,19.36277,0.5933717
-129.6075,-82.81909,2.0,18.209239999999998,-0.1362195
-117.8061,-89.63982,2.0,24.36651,1.4152280000000002
-110.8993,-109.6856,2.0,30.905920000000002,-0.03749862
-124.5545,-128.4326,2.0,32.841120000000004,-0.02570761
-144.0652,-126.1868,2.0,21.48401,-1.0932520000000001
-139.8185,-112.3273,2.0,23.60547,-0.09218916
-145.9925,-101.7078,2.0,20.03322,0.21930650000000002
-159.8497,-105.5776,2.0,17.92016,-0.2724169
-161.4091,-117.7742,2.0,16.99769,0.16299470000000002
-164.8592,-131.9353,2.0,23.73698,0.2872366
-165.28599999999997,-152.4279,2.0,31.579179999999997,0.2773522
-165.5075,-178.6883,2.0,39.00897,0.2538937
-165.9478,-210.1868,2.0,45.9781,0.5094797999999999
-162.9513,-243.0794,2.0,30.4712,-2.85385
-148.8406,-251.9189,2.0,25.65594,0.5587074000000001
-128.394,-247.9794,2.0,29.52972,-0.22550749999999997
-128.10399999999998,-229.7357,2.0,27.89055,0.5207182
-125.96700000000001,-205.6307,2.0,36.38029,0.5572365
-123.2768,-185.1224,2.0,12.182730000000001,-1.996202
-114.459,-185.35299999999998,2.0,15.850370000000002,0.5446166
-110.4278,-198.7578,2.0,23.475360000000002,0.5872227
-108.6191,-219.0212,2.0,31.41344,0.5532493
-104.37799999999999,-244.7106,2.0,38.71528,0.4719789000000001
-87.37151,-268.8304,2.0,41.72617,-0.1468761
-59.25703000000001,-263.2705,2.0,41.77649,0.2015346
-49.12254,-235.2245,2.0,43.66444,0.49917659999999997
-43.92107,-201.6906,2.0,48.41277,0.1968592
-19.41046,-173.2517,2.0,53.87655,0.22791109999999998
5.906062,-141.1205,2.0,47.803309999999996,-4.624447
5.48516,-122.5208,2.0,18.83805,0.2974791
-4.912643,-109.50200000000001,2.0,26.337220000000002,0.2391521
-6.754153,-87.45334,2.0,33.73049,0.5402035
-6.768394,-59.75088,2.0,41.035109999999996,0.5113455
-6.9824839999999995,-26.77735,2.0,47.8714,0.46939899999999996
-7.348902000000001,11.05274,2.0,54.2525,0.21146279999999998
-16.52967,42.85992,2.0,31.053040000000003,-1.225436
-26.02094,45.71678,2.0,1.4137979999999999,0.7577994
-26.41465,41.5457,2.0,10.2989,0.5977825
-36.21168,41.33704,2.0,18.40059,0.5899544
-51.54893,46.641009999999994,2.0,25.714370000000002,0.49808559999999996
-73.13622,43.119409999999995,2.0,33.386109999999995,0.5539769
-100.5968,41.44749,2.0,40.64873,0.5215659
-133.0444,38.688179999999996,2.0,46.413270000000004,-0.1806519
-150.5647,22.5187,2.0,19.05271,-2.608753
-148.6624,19.30101,2.0,5.328588,0.6939616999999999
-143.4708,15.7128,2.0,13.69405,0.2927363
-147.6532,3.8019830000000003,2.0,21.654120000000002,0.29690700000000003
-148.9877,-13.05998,2.0,27.404759999999996,0.5910797
-141.94,-33.870490000000004,3.0,8.30888,1.0188760000000001
-143.9461,-42.04525,3.0,11.45837,-0.02718589
-150.3053,-50.37585,3.0,17.96876,-0.1570449
-161.3905,-54.277,3.0,14.28805,-0.13664389999999998
-166.5781,-60.87506,3.0,10.53345,-0.08161442
-163.5215,-68.14294,3.0,14.04111,0.5983348
-151.5646,-72.27329,3.0,21.66667,0.6166102
-132.9792,-74.43718,3.0,29.1967,0.2766208
-115.6679,-85.23337,3.0,25.045679999999997,-0.363683
-107.9225,-101.5434,3.0,29.77324,0.36704509999999996
-111.4688,-120.8903,3.0,24.020329999999998,-0.39570879999999997
-122.9082,-131.6821,3.0,21.62229,0.5929114999999999
-139.3134,-131.0385,3.0,22.18325,0.673456
-146.0897,-111.678,3.0,30.16307,-0.8610851999999999
-159.1839,-103.5777,3.0,16.59096,0.42355519999999997
-166.7309,-115.2255,3.0,23.5351,0.2918934
-169.1506,-135.4813,3.0,31.458509999999997,0.5325779
-168.7691,-161.3977,3.0,38.66873,0.518571
-167.0613,-192.5109,3.0,45.490359999999995,0.2254839
-163.9457,-228.2632,3.0,49.58195,-0.0979449
-154.5711,-257.1177,3.0,33.54503,-0.6864685
-135.9299,-253.5555,3.0,28.046090000000003,0.5493859
-124.8624,-233.7355,3.0,33.461729999999996,0.2219928
-128.4252,-207.5069,3.0,35.86267,-0.4649005
-123.9283,-183.4844,3.0,28.76445,-0.5813279
-109.4544,-181.8953,3.0,20.77978,-0.242369
-109.7891,-198.8239,3.0,26.404659999999996,0.4253988
-104.6033,-220.1404,3.0,31.412740000000003,-0.2951979
-106.1303,-241.5017,3.0,27.75275,0.12310560000000001
-100.2304,-265.119,3.0,36.71894,0.04558274
-75.18109,-269.8405,3.0,38.11647,-0.02408815
-59.504709999999996,-268.3137,3.0,11.62358,-0.5229566
-56.181569999999994,-266.6696,3.0,0.7528328000000001,0.6138201
-57.19381,-267.3846,3.0,0.46875150000000004,-0.17585420000000002
-55.889140000000005,-266.1375,3.0,5.620984,0.340396
-52.20926,-262.4922,3.0,7.935845,0.01817722
-48.1974,-263.6656,3.0,1.374486,-0.7480165
-49.36577,-261.4181,3.0,7.84037,0.2971311
-49.4828,-252.7359,3.0,15.99726,0.2879953
-45.84135,-238.4175,3.0,23.7458,0.26883290000000004
-43.24819,-218.238,3.0,31.006629999999998,0.2544548
-39.46718,-193.0595,3.0,37.13895,0.120155
-20.70835,-171.2443,3.0,42.24947,0.7740034
-2.773489,-154.6848,3.0,23.65924,-0.386386
9.014914,-144.4347,3.0,18.637970000000003,-0.37498200000000004
11.58495,-133.0069,3.0,14.135760000000001,-0.2801906
6.078768,-121.7964,3.0,20.78215,0.5438877
-3.7927449999999996,-106.7816,3.0,28.00675,0.5362594
-9.916035,-84.25928,3.0,34.74827,0.23889570000000004
-9.431683,-56.19424,3.0,41.16077,0.46120429999999996
-4.63891,-23.64947,3.0,45.941990000000004,-0.3470991
-3.6703589999999995,5.357894,3.0,26.066689999999998,-1.168252
-4.768587999999999,14.52839,3.0,3.567195,-0.09864514
-5.777924,19.845110000000002,3.0,11.8849,0.5983893
-9.538689999999999,31.036009999999997,3.0,19.957160000000002,0.2745844
-22.721610000000002,41.873129999999996,3.0,27.04128,0.5380921
-44.635709999999996,44.72121,3.0,33.57612,0.5115483000000001
-72.06945999999999,44.44021,3.0,40.39837,0.49464359999999996
-104.3171,42.316340000000004,3.0,46.81272,0.21748670000000003
-136.6323,37.69125,3.0,39.28267,0.03567784
-149.9614,17.76013,3.0,32.28009,-0.04509673
-144.0955,-6.382862,3.0,36.36618,0.48088580000000003
-144.1251,-35.5967,4.0,42.00704,-0.08014948
-154.1422,-53.954440000000005,4.0,18.84711,-0.21420300000000003
-167.2272,-57.677,4.0,18.99035,-0.2543508
-161.3992,-70.24589,4.0,23.825129999999998,0.44529769999999996
-141.8757,-72.63563,4.0,30.20277,0.21361799999999997
-119.8396,-82.75098,4.0,35.9507,0.18108239999999998
-108.3461,-107.6689,4.0,38.45467,-0.26551990000000003
-122.9346,-130.5155,4.0,36.94454,-0.17529289999999997
-144.2715,-124.8247,4.0,30.14283,-0.3520406
-145.995,-103.0053,4.0,28.482359999999996,-2.2093979999999998
-158.3922,-100.1241,4.0,19.14575,0.6538028
-166.9357,-114.1877,4.0,26.344990000000003,0.2657469
-170.1079,-136.2344,4.0,33.6391,0.2402469
-168.8991,-163.5467,4.0,40.266329999999996,0.2289757
-166.0872,-195.6749,4.0,46.74145,0.4749331
-163.2808,-231.8306,4.0,46.7149,-1.541287
-156.55200000000002,-252.7498,4.0,19.93294,-0.3488382
-142.6282,-258.1578,4.0,23.66228,0.426892
-129.4874,-247.5342,4.0,27.465690000000002,0.47517040000000005
-125.164,-224.9449,4.0,34.116240000000005,0.39227890000000004
-128.7225,-197.7439,4.0,39.611,-0.0019062810000000001
-113.4394,-176.8674,4.0,33.38655,-0.4108188
-99.39686999999999,-187.8816,4.0,23.20101,-0.4017414
-112.3806,-196.5968,4.0,23.8206,-0.24182910000000002
-114.555,-201.5537,4.0,0.01785517,0.01162614
-114.5546,-201.5514,4.0,0.04753461,-0.03228483
-112.2107,-201.6507,4.0,5.843063,0.3039607
-109.7003,-198.5008,4.0,2.631267,-0.6104894000000001
-109.585,-199.4436,4.0,4.9877,0.2593336
-108.427,-205.6649,4.0,12.016760000000001,0.4864011
-106.2393,-216.86,4.0,18.58504,0.2346331
-105.2696,-232.8513,4.0,24.67101,0.4453875
-104.8066,-253.1377,4.0,29.92956,0.1479374
-90.17697,-270.4885,4.0,33.01826,0.1124808
-65.19073,-268.6682,4.0,36.362109999999994,0.1263023
-49.39221,-247.8942,4.0,37.13577,0.10517409999999999
-48.17715,-218.7099,4.0,41.57983,0.11832480000000001
-36.784459999999996,-188.4578,4.0,45.54612,0.07228588
-12.35966,-164.5684,4.0,45.38725,-0.11318219999999998
5.2275,-148.3105,4.0,21.87743,-0.2278596
12.70557,-137.0208,4.0,15.73069,0.34574920000000003
6.648385,-122.7589,4.0,25.256339999999998,0.2184304
-4.851666000000001,-105.6631,4.0,30.5368,0.3791756
-10.188139999999999,-81.67784,4.0,35.70538,0.3630466
-9.265313,-53.490030000000004,4.0,40.56707,0.3526663
-3.510829,-22.17233,4.0,45.291579999999996,0.34388409999999997
-3.234037,12.52725,4.0,48.62304,-0.01950235
-13.89215,36.06688,4.0,28.3854,0.1520461
-34.85008,43.78539,4.0,32.89606,0.17985489999999998
-61.11753,43.23044,4.0,38.060959999999994,0.37217480000000003
-91.19286,42.872479999999996,4.0,42.956,0.3511405
-122.6917,39.71508,4.0,38.33736,-1.461111
-139.6923,35.972570000000005,4.0,15.30371,0.46460920000000006
-147.0988,25.10666,4.0,21.13109,0.42751890000000003
-147.1721,7.418335000000001,4.0,26.84187,0.4180185
-142.6794,-14.10825,4.0,32.43343,0.3834066
-143.5563,-38.8847,5.0,31.38358,-0.8180774000000001
-157.7218,-52.934459999999994,5.0,28.13748,0.1837861
-168.4093,-65.77705,5.0,18.26717,-0.03806276
-157.1787,-69.69584,5.0,16.41433,0.6381384
-141.66299999999998,-72.64178000000001,5.0,24.74524,0.4384639
-122.4098,-79.29499,5.0,30.244229999999998,0.3414647
-108.2029,-97.49793000000001,5.0,33.60265,0.08078143
-112.9943,-121.7083,5.0,32.815329999999996,-0.27521740000000006
-130.8021,-133.0918,5.0,26.137929999999997,-0.6847919
-142.3979,-121.9814,5.0,24.92005,0.4289518
-151.4833,-104.1713,5.0,29.41181,-0.2912261
-165.6196,-104.0416,5.0,15.18476,-0.5549234000000001
-164.8409,-116.4534,5.0,19.5758,0.796513
-167.5232,-134.3103,5.0,31.033170000000002,0.6355988
-168.5357,-164.1026,5.0,45.90316,0.1670885
-164.2867,-200.0374,5.0,51.7458,-0.7195244000000001
-164.0811,-228.8736,5.0,22.930529999999997,-1.277142
-162.5909,-243.5348,5.0,17.16164,-0.4130701
-157.1458,-253.4475,5.0,16.85592,0.47531490000000004
-142.5816,-260.1524,5.0,26.21257,0.6064227
-127.9186,-245.051,5.0,35.44012,0.9174353999999999
-126.5267,-215.8367,5.0,40.50423,-0.7611557
-128.4186,-194.0119,5.0,20.159570000000002,-0.4840375
-121.9523,-183.5191,5.0,16.8439,0.7228124
-107.0458,-185.2431,5.0,24.37031,0.0624396
-102.5446,-203.8444,5.0,31.03262,0.8476054
-104.4343,-229.5639,5.0,37.105779999999996,0.023125200000000002
-104.719,-255.4101,5.0,31.16838,-0.2965297
-90.35105,-270.5856,5.0,31.308840000000004,0.13282439999999998
-66.15289,-269.4131,5.0,35.21457,0.21305679999999996
-50.67242,-249.2157,5.0,37.18645,0.3106461
-46.73726,-219.9452,5.0,42.05805,0.33719970000000005
-38.05809,-188.4988,5.0,46.00139,0.06624676
-14.2479,-163.5558,5.0,42.35088,-1.953538
-0.9627402,-154.8165,5.0,12.90188,-0.1726656
5.417946,-150.1588,5.0,8.552233,-0.1501517
9.469223,-146.2825,5.0,9.078659,0.49343509999999996
13.184339999999999,-138.0628,5.0,15.56644,0.4380905
9.019793,-125.2068,5.0,21.497139999999998,0.2171391
-1.622235,-110.5836,5.0,27.279329999999998,0.3957963
-8.836931,-89.59116,5.0,32.65961,0.1851594
-10.27864,-63.663169999999994,5.0,37.63843,0.3483843
-4.986352,-34.41892,5.0,42.504,0.3397628
-1.338279,-1.637778,5.0,43.64832,-1.593038
-5.384464,21.73871,5.0,15.20287,-2.859773
-8.864564999999999,29.6024,5.0,15.173029999999999,0.24338800000000002
-17.87527,39.48839,5.0,21.20857,0.4250865
-34.669109999999996,44.94381,5.0,26.8407,0.4052373
-56.613240000000005,45.15273,5.0,32.441790000000005,0.3939202
-82.63683,44.20523,5.0,37.69682,0.1882987
-112.23,41.805659999999996,5.0,40.52763,-1.142118
-134.9082,38.89386,5.0,18.30104,-0.242488
-145.7225,27.676820000000003,5.0,24.462770000000003,0.1943176
-147.5084,7.8374559999999995,5.0,29.6976,0.36376020000000003
-142.5108,-15.62075,5.0,34.98188,0.180562
-143.6355,-38.69576,6.0,19.37136,-2.109163
-148.1005,-48.20208,6.0,17.73805,0.983381
-159.5512,-55.26557,6.0,16.166320000000002,-0.38702159999999997
-166.2236,-62.14309,6.0,13.755370000000001,0.7512168
-158.3183,-72.35043,6.0,22.969720000000002,0.29511709999999997
-136.4595,-72.28829,6.0,35.876740000000005,0.2892955
-112.3035,-88.36108,6.0,40.9066,-0.5752744000000001
-113.9294,-112.2161,6.0,21.86798,-1.18777
-117.6813,-121.3062,6.0,12.54031,0.5854313
-124.2002,-132.2948,6.0,17.196260000000002,-0.35801170000000004
-137.5969,-132.2078,6.0,21.95,0.36905540000000003
-145.0008,-116.4204,6.0,27.85313,0.5479239
-149.6449,-104.8016,6.0,7.553686,-0.1353054
-155.5865,-101.1362,6.0,13.544670000000002,0.3343972
-165.3917,-104.8637,6.0,15.989579999999998,0.1810819
-167.4812,-120.3586,6.0,27.82058,0.9947860999999999
-168.9339,-146.0127,6.0,40.73305,0.8412069999999999
-167.7433,-180.2467,6.0,51.43608,0.358224
-163.9058,-219.608,6.0,50.218540000000004,-0.420987
-161.0127,-251.1667,6.0,34.45663,-0.7605654000000001
-143.7178,-257.9485,6.0,22.110329999999998,-0.2662058
-130.6981,-250.99200000000002,6.0,22.66974,1.002386
-125.1057,-232.8231,6.0,28.543020000000002,0.2023416
-127.0912,-209.8261,6.0,33.86103,0.1876408
-127.0088,-186.3789,6.0,21.11437,-2.5330209999999997
-114.9512,-182.6087,6.0,20.85825,0.3417166
-104.0727,-194.68900000000002,6.0,25.322979999999998,0.1887686
-103.0138,-215.3789,6.0,30.77863,0.4044231
-105.7212,-240.0221,6.0,36.08684,0.1700368
-99.66086,-266.7821,6.0,37.886140000000005,-0.36447979999999996
-76.02089000000001,-271.1078,6.0,29.9615,-0.2840139
-57.559059999999995,-265.3704,6.0,22.3711,-0.5553473000000001
-48.9539,-249.83599999999998,6.0,28.76268,0.4043665
-45.33294,-226.6944,6.0,34.24602,0.4002963
-42.19927,-199.5948,6.0,39.30473,0.30426179999999997
-26.96078,-174.666,6.0,41.715109999999996,0.32745029999999997
-4.7449,-158.2508,6.0,24.636020000000002,-1.1437979999999999
4.350144,-151.342,6.0,12.12221,-0.06206359
10.6897,-144.55200000000002,6.0,14.00569,0.2728401
12.1871,-131.8176,6.0,22.01004,0.2755434
0.008295501,-115.8312,6.0,34.02211,1.071215
-8.902072,-87.27932,6.0,47.63474,0.9489610999999999
-8.079261,-47.46965,6.0,59.50655,0.5680979
-1.1590559999999999,-3.236985,6.0,57.576609999999995,-0.651518
-6.63183,23.68486,6.0,21.928720000000002,-0.2363031
-14.93079,37.55672,6.0,24.87073,0.6388135
-35.72371,44.95882,6.0,36.28934,0.5230719
-68.17291,44.584109999999995,6.0,51.23925,0.4918714
-109.6447,42.31585,6.0,47.87708,-4.349724
-127.5847,39.26392,6.0,13.55655,-0.1890439
-138.4212,36.59126,6.0,21.390320000000003,0.8745959999999999
-147.5316,22.51557,6.0,26.07434,0.1854259
-145.9453,1.245464,6.0,31.59814,0.18799570000000002
-141.0982,-23.71405,6.0,36.56903,0.1133682
-142.0991,-36.95279,7.0,9.959489999999999,0.48440209999999995
-145.2373,-46.2184,7.0,16.459410000000002,0.4133557
-157.2943,-53.41529,7.0,22.2579,0.404398
-168.2256,-64.84769,7.0,19.21564,-0.5921608
-163.2167,-75.28574,7.0,16.1748,0.1931431
-150.4461,-75.94779,7.0,19.70102,0.2909808
-135.748,-73.18673000000001,7.0,21.387610000000002,0.10870999999999999
-119.5017,-79.24710999999999,7.0,28.216340000000002,0.3481517
-108.2614,-98.22888,7.0,32.24563,0.2840368
-114.9535,-121.7284,7.0,35.371520000000004,0.2006655
-138.7085,-131.4459,7.0,33.16793,-1.405556
-146.784,-120.1927,7.0,12.86288,-0.9890321
-142.9322,-112.8222,7.0,15.538620000000002,1.0081440000000002
-149.759,-102.8128,7.0,16.53315,0.01995609
-162.6476,-104.3371,7.0,21.26823,0.11517680000000001
-166.2341,-118.4243,7.0,20.29391,0.3102508
-166.7465,-136.2637,7.0,29.29148,1.048502
-169.4943,-163.1378,7.0,43.31917,0.4514483
-170.0142,-199.795,7.0,55.2173,0.38891149999999997
-167.2595,-237.3565,7.0,42.15531,-2.535766
-152.5531,-253.9146,7.0,25.54578,-0.6361123000000001
-135.863,-252.7634,7.0,22.48679,0.1463567
-125.8266,-239.5391,7.0,27.890190000000004,0.5351254
-126.0585,-216.1647,7.0,34.29058,0.1857987
-125.5379,-189.0261,7.0,35.538109999999996,-2.5724869999999997
-115.5726,-180.015,7.0,13.687079999999998,0.3283542
-109.6779,-191.3031,7.0,21.51853,0.43109319999999995
-108.8473,-209.4545,7.0,27.4481,0.2141881
-108.5437,-231.8862,7.0,33.06207,0.41038359999999996
-102.8756,-257.1044,7.0,37.16632,0.2083937
-80.08109,-272.6563,7.0,39.31816,0.0418718
-54.767269999999996,-261.6434,7.0,39.34005,0.018185
-49.285,-232.7282,7.0,42.29489,0.1618735
-41.97591,-201.2422,7.0,45.24803,0.1190799
-18.77295,-175.0963,7.0,49.43476,0.3145186
4.6588330000000004,-146.0723,7.0,44.11564,-1.222844
7.756753,-124.5714,7.0,23.15051,0.7742912
-3.9378910000000005,-107.2757,7.0,32.02418,0.6038236
-4.46035,-78.83301,7.0,47.34916,1.321792
-0.5561984000000001,-37.70875,7.0,63.77704,1.048618
-2.322276,11.02848,7.0,61.067530000000005,-0.6560864000000001
-14.31499,40.59948,7.0,31.12935,-1.206401
-37.97203,40.766020000000005,7.0,38.34086,0.37391290000000005
-68.27526999999999,40.414190000000005,7.0,43.26015,0.3419406
-102.0171,40.940129999999996,7.0,47.88136,0.3318018
-137.4838,38.257020000000004,7.0,41.117470000000004,-3.1621669999999997
-147.0411,19.95523,7.0,29.350240000000003,0.4164481
-145.2006,-3.7892300000000003,7.0,34.771640000000005,0.3819013
-145.8387,-31.434209999999997,7.0,39.89053,0.358453
-158.6983,-55.37389,8.0,34.835,-0.48415600000000003
-168.2246,-69.21925,8.0,22.34785,0.7673473000000001
-153.4409,-78.97832,8.0,28.222609999999996,0.32142329999999997
-130.8313,-77.86873,8.0,32.51032,0.08488898
-113.0709,-94.5781,8.0,35.38735,0.1778791
-114.8665,-120.5519,8.0,37.10143,0.05760802
-138.3185,-131.8627,8.0,31.71837,-1.7748529999999998
-146.484,-127.3071,8.0,2.47129,0.1526109
-142.9769,-123.9799,8.0,10.34445,0.23793270000000002
-142.7321,-114.275,8.0,16.68737,0.4450175
-152.2737,-103.6855,8.0,22.29769,0.3227384
-166.7387,-108.5479,8.0,23.99464,0.1884968
-166.6844,-127.8286,8.0,28.99861,0.18887179999999998
-169.2111,-151.0839,8.0,34.25529,0.1941156
-170.7881,-178.1479,8.0,39.1311,0.3657061
-169.0389,-209.0156,8.0,43.990390000000005,0.3057518
-165.8203,-242.7964,8.0,45.0153,-0.9378526
-143.6836,-256.4845,8.0,31.71394,-1.075749
-128.6517,-242.3515,8.0,30.64071,0.2484536
-127.3247,-218.204,8.0,35.40919,0.37864240000000005
-125.84,-190.3991,8.0,37.62976,-0.8043888000000001
-113.7217,-179.872,8.0,15.05427,-0.4981688
-107.4492,-190.6017,8.0,20.674529999999997,0.4282054
-106.6771,-208.13400000000001,8.0,26.69479,0.4290985
-105.9341,-230.081,8.0,32.33635,0.4178415
-102.1827,-255.3986,8.0,36.84997,0.20410129999999999
-81.20053,-272.4617,8.0,38.58939,0.01228912
-55.605509999999995,-262.7344,8.0,39.4283,0.03537552
-47.16438,-234.7655,8.0,42.08574,0.1678927
-42.72433,-202.4086,8.0,45.63897,-0.05549213
-20.156570000000002,-176.8831,8.0,48.22506,0.3101483
3.283206,-148.3452,8.0,48.79998,-1.19258
6.158767,-120.6092,8.0,33.19545,-0.125902
-7.0830850000000005,-96.71666,8.0,38.97937,-0.03303344
-2.511516,-66.86636,8.0,43.141490000000005,0.3421422
-1.295632,-33.16166,8.0,47.698879999999996,0.3239646
-1.927952,3.783575,8.0,52.04586,0.3011472
-11.422889999999999,37.51253,8.0,37.26144,-0.7796546
-26.12708,41.90858,8.0,6.213598999999999,-1.6954349999999998
-27.97865,37.58464,8.0,9.805195,0.45342780000000005
-36.38885,40.33008,8.0,16.115070000000003,0.46503320000000004
-46.43185,48.51297,8.0,12.38108,-1.295549
-48.023070000000004,48.58675,8.0,0.02693729,0.005390191999999999
-48.28676,47.6572,8.0,3.8091769999999996,0.10379649999999999
-47.86956,44.14439,8.0,5.074008999999999,-0.06393438
-47.705690000000004,43.72676,8.0,4.5640849999999995,0.36651740000000005
-53.86387,46.36115,8.0,13.59583,0.6266714
-66.99191,45.097359999999995,8.0,22.020129999999998,0.29940259999999996
-86.19003000000001,42.66969,8.0,29.990340000000003,0.2791068
-111.06200000000001,43.28761,8.0,37.31657,0.2586468
-138.5605,37.99641,8.0,38.84473,-0.09051536
-143.9557,10.118739999999999,8.0,43.12372,0.6739932
-146.9463,-24.41011,8.0,47.59421,-0.7239869999999999
-142.0836,-34.8925,9.0,2.5835169999999996,-0.05906327
-143.3257,-39.80462,9.0,12.53086,0.6192937
-148.2644,-48.524640000000005,9.0,12.4946,-0.1963349
-156.2135,-52.82784,9.0,14.63582,-0.180529
-164.9664,-56.74666,9.0,11.54899,-0.11316720000000001
-166.6029,-64.44275999999999,9.0,14.121410000000001,1.037344
-156.5038,-73.31541,9.0,19.376079999999998,-0.357348
-143.6451,-72.85136,9.0,15.64845,-0.23243579999999997
-130.6012,-74.5656,9.0,24.49401,0.6016479
-114.74799999999999,-84.57160999999999,9.0,26.00293,0.05760513
-107.3021,-102.0866,9.0,24.90191,-0.4026906
-108.7239,-114.8854,9.0,12.01412,-0.18237920000000002
-112.152,-123.5505,9.0,17.830389999999998,1.238301
-123.0891,-133.936,9.0,19.63457,-0.3336322
-135.7167,-133.7101,9.0,15.6933,-0.11752069999999999
-144.2686,-123.8404,9.0,23.06365,0.5734111999999999
-150.4248,-105.3259,9.0,23.61026,-0.7222466
-160.3685,-99.62579000000001,9.0,13.43165,-0.35450729999999997
-166.2765,-108.1981,9.0,20.48762,1.1080430000000001
-168.4357,-128.7714,9.0,34.991009999999996,0.9778911
-169.0679,-158.9,9.0,44.40959,0.3448216
-166.0592,-193.1033,9.0,47.9001,0.1870539
-163.2661,-225.7443,9.0,39.59023,-0.4739393
-160.2734,-248.6745,9.0,25.77469,-0.534492
-147.7349,-259.5417,9.0,20.28661,-0.3513812
-134.8905,-256.8396,9.0,21.138720000000003,0.8993135
-125.60799999999999,-238.1614,9.0,34.83729,0.5771399
-127.0535,-211.3126,9.0,34.12214,-0.9697453000000001
-128.6689,-193.7868,9.0,15.568570000000001,-0.24359299999999998
-125.3067,-184.0804,9.0,13.49223,0.272487
-113.0357,-182.325,9.0,18.88959,-0.3245606
-103.9927,-190.0893,9.0,14.80676,0.15639679999999997
-102.5379,-205.233,9.0,28.136409999999998,0.9618037
-104.8979,-229.8885,9.0,37.40902,0.4307843
-104.1901,-256.9154,9.0,35.28736,-0.1552564
-86.66865,-272.71,9.0,32.57284,0.08550283
-63.36606999999999,-268.5134,9.0,32.14216,-0.06142723
-50.1021,-248.9895,9.0,34.37785,0.1062047
-45.794979999999995,-222.9732,9.0,36.73384,0.1611566
-41.0472,-196.6487,9.0,34.50778,-0.39922090000000005
-29.77792,-176.269,9.0,28.79515,-0.223504
-14.762210000000001,-164.3306,9.0,23.471870000000003,-0.32816059999999997
-1.3580510000000001,-155.4889,9.0,19.876160000000002,-0.14083220000000002
9.297405,-146.7996,9.0,19.37402,0.5155668
11.6664,-130.9716,9.0,25.2228,0.4695888
-0.6177908000000001,-114.6367,9.0,29.39283,0.04916174
-8.976905,-94.44077,9.0,30.02253,0.02158995
-11.269680000000001,-71.75243,9.0,32.59386,0.1563596
-8.289734,-46.533590000000004,9.0,35.28598,0.12383989999999999
-3.5837839999999996,-20.39188,9.0,36.404709999999994,0.06832495
-2.228813,5.7402169999999995,9.0,31.0895,-1.059744
-6.191844000000001,24.2221,9.0,21.02606,-0.30549570000000004
-14.209220000000002,37.00652,9.0,24.7355,0.5464634
-33.29578,45.0828,9.0,31.74435,0.4723201
-59.33659,43.91861,9.0,38.81648,0.23420120000000003
-90.81007,44.06697,9.0,45.73767,0.47382529999999995
-125.5299,40.59552,9.0,43.46645,-0.7139789000000001
-146.7103,27.27705,9.0,34.45609,-0.130388
-142.6734,0.9532725000000001,9.0,39.4099,0.45579
-142.9128,-28.645970000000002,9.0,33.40387,-4.497457
-146.3659,-43.05838,10.0,17.0482,0.9302256
-155.7912,-53.44716999999999,10.0,18.01766,-0.2741224
-166.0344,-59.3931,10.0,14.09162,-0.1785171
-164.5224,-69.42217,10.0,18.1193,0.5350471
-152.2033,-72.99489,10.0,18.29712,0.10054149999999999
-138.8195,-72.88854,10.0,17.12568,-0.1594616
-123.1098,-77.96038,10.0,27.09668,0.2605903
-108.6452,-94.53761,10.0,33.31286,0.1917919
-110.3953,-120.1388,10.0,33.4355,-0.6148663000000001
-124.1048,-132.6416,10.0,21.955370000000002,-0.3545062
-138.088,-131.8706,10.0,17.09058,-0.3141392
-145.2816,-119.3579,10.0,24.30109,0.46923190000000004
-150.1461,-104.8662,10.0,6.999427000000001,-2.862108
-153.841,-101.7001,10.0,10.8739,0.28241170000000004
-163.7248,-102.7215,10.0,17.57526,0.4438727
-167.7557,-117.1949,10.0,24.23224,0.5153959
-168.8167,-137.7356,10.0,31.20464,0.5170439
-168.4694,-163.0891,10.0,36.08141,0.21781620000000002
-167.0635,-191.3182,10.0,39.65586,0.15300329999999998
-164.4672,-219.3869,10.0,34.44692,-0.5579903
-162.9705,-242.2014,10.0,27.41985,-0.5272523
-153.5419,-256.6524,10.0,20.650129999999997,-0.4419646
-137.5151,-258.4773,10.0,23.858,-0.02041874
-127.3633,-243.6798,10.0,26.57395,0.2832563
-125.0527,-223.2026,10.0,29.654659999999996,0.22515300000000002
-127.5734,-201.87099999999998,10.0,23.57331,-1.658291
-127.72399999999999,-188.96599999999998,10.0,14.66424,-0.3348379
-121.7444,-182.2752,10.0,13.702520000000002,0.47248429999999997
-109.6722,-183.6727,10.0,18.393079999999998,-0.03159859
-103.0512,-194.7125,10.0,19.1741,0.08959393
-103.6557,-209.8959,10.0,21.70146,0.1741148
-104.7857,-226.0052,10.0,22.44635,0.3445446
-106.1026,-245.4776,10.0,29.63236,0.4719724
-100.0529,-266.0557,10.0,29.03102,0.04403953
-77.56235,-272.2848,10.0,36.61314,0.36795429999999996
-53.543380000000006,-259.7462,10.0,37.816340000000004,-0.1387688
-47.60032,-230.7017,10.0,42.894890000000004,0.2325661
-41.957029999999996,-199.8111,10.0,39.04538,-0.6416335
-30.02317,-177.1812,10.0,30.70218,-0.5271676
-14.271289999999999,-164.4467,10.0,24.31619,-0.4146781
-4.465762000000001,-157.6111,10.0,13.5426,0.5952789
6.5525139999999995,-149.4621,10.0,19.59285,-0.06860469
13.446539999999999,-136.268,10.0,25.42174,0.6950294
2.533891,-119.3514,10.0,30.82255,0.42709769999999997
-8.378274000000001,-97.48392,10.0,35.77411,-0.3009481
-10.3374,-73.48801,10.0,32.33583,0.2275831
-8.045025,-47.24548,10.0,38.76515,0.45920459999999996
-3.30925,-16.59212,10.0,44.76638,0.419681
-3.6820370000000002,18.10906,10.0,48.0378,-0.4569808
-23.30782,42.09713,10.0,42.9613,0.27151590000000003
-56.41933,44.37498,10.0,47.70098,0.4127615
-93.73448,43.57723,10.0,52.969930000000005,0.3721997
-130.2378,39.2318,10.0,40.54697,-1.546275
-148.9271,20.815920000000002,10.0,36.744440000000004,-0.11548299999999999
-141.9275,-6.758264,10.0,41.00615,0.16679520000000003
-144.7368,-35.25161,11.0,32.52005,0.23554
-159.1817,-56.209590000000006,11.0,37.15035,0.44568509999999995
-169.4429,-75.70181,11.0,23.68517,-1.19286
-157.4189,-77.92883,11.0,21.21781,0.2520925
-142.6926,-69.49989000000001,11.0,26.12161,0.26168470000000005
-123.7267,-79.47994,11.0,32.48172,0.8490540000000001
-109.7101,-97.52841,11.0,32.74937,0.1387499
-113.9496,-121.9042,11.0,31.62177,-1.6916759999999997
-130.5544,-133.0566,11.0,28.644140000000004,0.41243159999999995
-144.8002,-118.3643,11.0,32.23107,0.2527376
-148.2542,-102.926,11.0,9.641472,-0.05672447
-159.7468,-101.4404,11.0,21.9672,0.3466059
-166.739,-116.8401,11.0,27.03487,0.4787519
-166.5097,-139.3038,11.0,33.667190000000005,0.4633115
-168.2439,-166.4646,11.0,39.769259999999996,0.4323321
-165.2487,-198.0,11.0,45.70687,0.1923759
-162.7962,-232.8527,11.0,44.714,-1.355967
-153.3634,-256.6017,11.0,28.03215,0.1210636
-132.9624,-256.4667,11.0,29.56413,0.19834620000000003
-125.6327,-234.5388,11.0,34.5019,0.2276528
-127.36,-206.8476,11.0,37.716229999999996,-0.7546878
-123.4149,-182.6836,11.0,28.71182,-1.377614
-107.6267,-185.33700000000002,11.0,23.983629999999998,0.08483421
-107.2775,-205.0756,11.0,29.90206,0.4463786
-106.2096,-229.3472,11.0,36.05353,0.2316795
-104.3229,-257.7179,11.0,40.88877,0.1155221
-81.04101999999999,-272.4661,11.0,39.71823,0.3129927
-53.84785,-260.6806,11.0,41.20904,-0.1876546
-45.82213,-230.1823,11.0,45.40805,0.4394017
-39.82547,-195.08700000000002,11.0,50.503859999999996,0.2248923
-17.104,-166.8015,11.0,43.96156,-1.562047
4.7008209999999995,-151.5694,11.0,31.00378,-0.27648920000000005
12.0472,-133.8551,11.0,22.89317,-0.474757
2.7810799999999998,-117.8775,11.0,28.62105,0.49421400000000004
-7.449714999999999,-97.11024,11.0,34.584559999999996,0.44893829999999996
-10.40811,-69.44556,11.0,40.598420000000004,0.1925499
-6.122438,-37.467209999999994,11.0,46.36405,0.1930951
-1.748199,-1.465051,11.0,51.59498,0.33678359999999996
-11.55917,34.94721,11.0,48.49085,-0.1961842
-42.90894,44.97412,11.0,47.21329,0.39473309999999995
-79.92235,42.02581,11.0,52.66766,0.17710209999999998
-120.0765,40.46197,11.0,51.2767,-1.200573
-148.0078,25.93235,11.0,41.24265,-0.31368759999999996
-144.6917,-3.562005,11.0,42.90464,0.39326500000000003
-143.7786,-35.95735,12.0,40.91896,-1.2700639999999999
-158.4331,-52.84358,12.0,28.10233,0.445748
-167.8789,-67.20988,12.0,23.62506,0.2830991
-151.4904,-71.54686,12.0,27.312140000000003,0.5108060000000001
-129.4173,-74.31155,12.0,33.3115,0.20003579999999999
-109.7741,-91.41931,12.0,37.88342,0.1240213
-110.023,-117.4833,12.0,30.869670000000003,-0.48074750000000005
-125.4414,-131.0765,12.0,25.94166,-0.2713433
-141.7296,-130.2073,12.0,23.51059,0.2600623
-146.8495,-112.3202,12.0,28.84354,0.38775290000000007
-158.6929,-100.4531,12.0,20.55248,-0.3492228
-167.59400000000002,-111.406,12.0,25.33817,0.46362929999999997
-167.234,-135.3308,12.0,36.7253,0.20822220000000002
-168.46599999999998,-164.5854,12.0,42.457159999999995,0.4430327
-166.1031,-198.25400000000002,12.0,48.22242,0.2019214
-163.9462,-235.3571,12.0,47.59428,-1.449792
-148.6522,-258.3869,12.0,31.23885,-0.5826849000000001
-131.7263,-248.2444,12.0,30.192559999999997,0.309233
-126.119,-224.5578,12.0,35.8906,0.4337254
-128.1672,-197.7543,12.0,33.57269,0.09061812
-117.7357,-179.7794,12.0,28.6117,-0.3911702
-106.87700000000001,-191.7184,12.0,25.15319,0.1935141
-110.454,-212.2466,12.0,31.512290000000004,0.47493
-108.6398,-237.9942,12.0,37.94535,0.2067153
-99.0255,-265.8118,12.0,41.07594,-0.3692006
-71.07212,-270.0413,12.0,41.39772,0.1534721
-46.50993,-253.3397,12.0,38.06127,-0.5891512
-52.831830000000004,-229.8683,12.0,30.50515,-0.8910011999999998
-52.93629,-217.8648,12.0,5.623442,-0.3554963
-53.360769999999995,-214.8701,12.0,0.26529159999999996,-0.6089220999999999
-51.81123,-217.4933,12.0,8.381139,0.5762749
-44.153490000000005,-216.495,12.0,15.118979999999999,0.48160020000000003
-41.83567,-206.1599,12.0,12.642389999999999,-0.26874640000000005
-40.70071,-193.7807,12.0,21.41457,0.5061032
-32.48429,-177.5001,12.0,28.09846,0.4735844
-14.22732,-163.3676,12.0,34.47258,0.22130279999999997
7.425574,-147.2343,12.0,37.10714,-0.03733047
9.663687,-125.4816,12.0,28.837629999999997,0.43919030000000003
-5.023098,-103.1105,12.0,44.06774,1.17888
-10.40172,-66.76803000000001,12.0,53.40691999999999,0.15282089999999998
-3.8892870000000004,-25.95903,12.0,58.263580000000005,0.33676659999999997
-3.889393,16.05519,12.0,48.32484,-1.2295559999999999
-16.287760000000002,38.55576,12.0,35.84316,0.2768978
-42.3735,45.47453,12.0,39.58168,0.4533729
-73.80198,44.53112,12.0,45.41872,0.43612290000000004
-109.3975,41.90256,12.0,50.91272,0.3454946
-144.5156,34.626059999999995,12.0,46.469229999999996,-0.6132302
-152.4477,14.79335,12.0,13.224520000000002,-2.182863
-152.9091,12.72415,12.0,4.675581,0.30777550000000004
-147.6288,9.59465,12.0,12.70008,0.29807890000000004
-146.3352,-2.5676919999999996,12.0,20.30978,0.5075067
-143.1818,-19.97759,12.0,27.44148,0.49838279999999996
-142.0215,-34.57604,13.0,6.134405,0.6252719
-144.1604,-41.8054,13.0,14.18273,0.538141
-153.3245,-51.038540000000005,13.0,21.4196,0.5164794
-166.7907,-62.09275,13.0,23.715729999999997,-0.7163441999999999
-161.8017,-74.67094,13.0,17.56446,0.08648166
-147.6779,-74.77023,13.0,21.76543,-0.2890553
-133.4173,-72.4007,13.0,20.99771,0.5604979999999999
-116.9258,-79.42525,13.0,27.589290000000002,0.2058471
-106.8643,-99.05164,13.0,33.04217,0.3546718
-114.7953,-123.0009,13.0,37.03046,0.1437349
-139.189,-131.697,13.0,30.21384,-0.9894152
-145.142,-122.6173,13.0,6.373469999999999,-0.2785863
-138.7957,-122.5513,13.0,10.45547,-0.0004541387
-140.5793,-123.0012,13.0,7.424805999999999,0.27461729999999995
-145.3698,-127.4227,13.0,7.7468710000000005,-0.7019603
-145.4967,-128.7683,13.0,3.180002,0.33967729999999996
-143.3327,-123.506,13.0,12.14448,0.5917206
-140.0158,-112.3026,13.0,19.81989,0.5318497
-149.4928,-98.84751,13.0,25.74065,0.20059860000000002
-165.0818,-104.2255,13.0,21.80076,-0.05251347
-167.4972,-124.1304,13.0,31.300720000000002,0.2501447
-167.5005,-149.8672,13.0,38.167770000000004,0.4864919
-167.9497,-180.7137,13.0,44.68294,0.4513969
-168.0144,-216.0847,13.0,50.74227,0.2024001
-159.6327,-250.7768,13.0,44.56927,-0.4501285
-132.5218,-254.3599,13.0,31.72209,-1.282612
-128.2774,-232.8275,13.0,35.41578,0.8342651
-127.4015,-203.4215,13.0,40.805659999999996,-0.3213665
-124.3762,-184.6966,13.0,14.83354,-0.1604753
-113.8995,-181.9382,13.0,19.18092,1.1521709999999998
-105.2661,-195.2796,13.0,25.71951,0.5096202
-106.2474,-216.8118,13.0,32.75201,0.5277727
-106.9608,-243.248,13.0,38.68399,0.1758619
-90.86570999999999,-268.35400000000004,13.0,42.60417,0.01457118
-61.12441,-267.938,13.0,42.56917,-0.01821773
-49.190940000000005,-239.8839,13.0,44.58466,0.44822890000000004
-45.53779,-206.7288,13.0,40.91598,0.1804416
-28.19783,-179.9154,13.0,46.24575,0.4419169
-2.803922,-153.5262,13.0,52.17423,0.1867036
9.278014,-121.3417,13.0,43.48619,-1.5079870000000002
-7.2935419999999995,-102.0416,13.0,28.848570000000002,-1.06301
-6.9764550000000005,-79.971,13.0,34.10062,0.49009620000000004
-5.592397,-52.25582,13.0,40.77606,0.2276616
-4.615130000000001,-19.691489999999998,13.0,47.107459999999996,0.4317679
-4.584025,17.31019,13.0,51.67715,-0.8521924999999999
-21.3407,41.31987,13.0,32.52776,-1.317553
-34.26019,35.783390000000004,13.0,13.25295,-0.1191163
-35.108909999999995,32.58696,13.0,0.07766205,-0.006247432
-35.15651,32.59322,13.0,0.0639875,0.0025650670000000003
-34.70682,33.8572,13.0,5.355424,0.263667
-33.30687,40.566,13.0,11.854330000000001,-0.02914804
-32.240970000000004,44.76951,13.0,0.775418,-0.6519649000000001
-33.52598,42.59855,13.0,7.4920729999999995,0.2774388
-41.53136,41.97364,13.0,15.11295,0.5352609
-54.89963,45.20701,13.0,22.058239999999998,0.23664290000000002
-73.62308,43.68388,13.0,28.639940000000003,0.44806549999999995
-97.0537,42.18734,13.0,34.69064,0.430626
-124.6319,41.276379999999996,13.0,39.871959999999994,0.2883619
-146.3488,23.795460000000002,13.0,38.089420000000004,0.01000286
-146.4422,-5.6264970000000005,13.0,42.61723,0.39942690000000003
-145.3,-38.72786,14.0,45.10318,-0.4419129
-160.553,-59.2414,14.0,28.53926,-1.057459
-157.466,-74.27975,14.0,25.50314,0.1650001
-136.8896,-75.67266,14.0,31.02598,0.37166059999999995
-115.9193,-87.1657,14.0,35.259029999999996,0.2834276
-110.5666,-112.6625,14.0,37.80405,0.07627472
-130.3292,-131.5755,14.0,37.44832,-0.7337576
-146.3145,-123.3477,14.0,16.79234,-1.1120709999999998
-146.0653,-119.7416,14.0,1.863452,0.09560178
-146.955,-118.6527,14.0,1.7463919999999997,-0.09884027
-147.7649,-117.8597,14.0,1.4918719999999999,-0.03738343
-150.1852,-117.2469,14.0,3.9434699999999996,0.00030688439999999997
-150.0845,-117.0542,14.0,4.938009,0.3270892
-145.4258,-112.1534,14.0,13.42245,0.5596139
-147.6595,-100.443,14.0,20.34807,0.46008069999999995
-162.9858,-99.2102,14.0,24.75962,0.294559
-167.5371,-117.7467,14.0,30.041420000000002,0.5116708999999999
-166.4872,-142.5439,14.0,37.0106,0.49750920000000004
-166.7111,-172.4531,14.0,43.63501,0.21879389999999999
-167.2811,-207.1064,14.0,49.89909,0.44671990000000006
-162.5967,-243.8231,14.0,44.418459999999996,-1.007304
-143.9561,-254.5033,14.0,15.95331,-2.269282
-141.6591,-250.7698,14.0,3.737569,-0.16744610000000001
-139.9147,-248.5747,14.0,6.712847,0.4073325
-132.519,-249.5472,14.0,14.32593,0.32269970000000003
-123.2097,-251.0644,14.0,11.11848,-0.34627090000000005
-121.3705,-243.3661,14.0,15.522179999999999,0.7080941
-124.9696,-229.4771,14.0,23.38116,0.5601234
-127.1556,-209.5175,14.0,30.806440000000002,0.2809987
-125.3228,-185.0626,14.0,32.68026,-0.35176599999999997
-108.0833,-181.9828,14.0,22.327479999999998,0.18841
-106.0992,-203.3537,14.0,39.01924,1.480585
-106.6002,-239.4776,14.0,57.200469999999996,0.11601689999999999
-85.84689,-270.3991,14.0,44.737759999999994,-0.22429720000000003
-54.61237,-263.9708,14.0,44.17329,-0.2157419
-49.10436,-233.1141,14.0,45.68805,0.21017110000000003
-41.62968,-199.3426,14.0,49.62915,0.3783939
-16.314989999999998,-170.3266,14.0,54.88893,0.4007591
8.775689999999999,-138.7015,14.0,48.19599,-3.0224830000000003
2.961431,-115.8372,14.0,26.77879,-0.4093719
-5.569937,-97.14626,14.0,31.55276,0.4588521
-4.58801,-71.32259,14.0,38.38015,0.47130379999999994
-2.603319,-40.46618,14.0,44.95339,0.46786700000000003
-2.403361,-4.879826,14.0,51.079190000000004,0.1961754
-8.867192,31.9028,14.0,45.64455,-0.24959539999999997
-37.61651,42.18691,14.0,44.34636,0.4752577
-72.78860999999999,40.29691,14.0,50.4242,0.21712199999999998
-112.2572,41.21581,14.0,55.170759999999994,-0.3543794
-142.4067,32.500209999999996,14.0,32.162729999999996,-2.094408
-144.6499,21.91318,14.0,1.5648229999999999,-0.005668988000000001
-142.1618,24.27214,14.0,4.951321,-0.2968409
-141.5919,24.9958,14.0,4.443782,0.295249
-145.9068,21.50836,14.0,9.602983,-0.1523442
-149.6022,22.065929999999998,14.0,0.1517061,0.4627318
-146.6018,20.10596,14.0,9.443411,0.6515485
-141.5094,11.49191,14.0,17.91975,0.5989413
-140.963,-4.723654,14.0,25.96046,0.28483959999999997
-141.7552,-33.3521,1.0,2.401225,1.351215
-141.94299999999998,-37.763729999999995,1.0,9.407269,0.3390741
-144.6068,-47.585229999999996,1.0,18.21314,0.5999613
-157.5347,-57.73355,1.0,26.342679999999998,0.24159850000000002
-159.8783,-74.73259,1.0,25.51132,-0.2777867
-144.3076,-70.41757,1.0,26.343740000000004,0.09637875
-135.8753,-68.27781999999999,1.0,0.06789778,-0.001781174
-135.8554,-68.27996,1.0,0.02593959,-8.539445e-05
-135.83700000000002,-68.28256,1.0,0.02272384,-0.01203531
-135.8475,-68.36001999999999,1.0,1.52162,0.9426003000000001
-135.9641,-71.30962,1.0,4.599614,-0.01358871
-135.6947,-74.46426,1.0,3.8661269999999996,-0.06947793
-136.8818,-76.51215,1.0,0.8002621999999999,-0.7670611999999999
-134.3266,-75.22114,1.0,8.398867,0.3151
-124.9972,-76.28973,1.0,17.02967,0.5202935000000001
-115.5005,-87.66534,1.0,24.3536,0.2867828
-110.146,-107.6062,1.0,31.29696,0.3744151
-121.5072,-129.2336,1.0,36.1247,0.2417587
-143.9155,-128.9913,1.0,25.65945,-1.081443
-141.7891,-114.8966,1.0,23.75145,0.5111593
-138.4576,-108.7116,1.0,0.02216454,-0.01846829
-138.4584,-108.7292,1.0,0.02082103,-0.02722405
-138.5844,-108.6882,1.0,2.0927740000000004,0.6320670999999999
-143.2332,-108.5406,1.0,8.167059,-0.08209574
-145.679,-110.7615,1.0,1.535578,0.6530089
-144.378,-106.5327,1.0,10.369060000000001,0.3114252
-149.3453,-97.64433000000001,1.0,18.1319,0.512907
-161.2801,-97.39272,1.0,14.75111,-0.317021
-166.6013,-108.6881,1.0,24.48808,0.9600215
-170.0695,-131.0254,1.0,36.20156,0.2637723
-163.2143,-158.6333,1.0,38.45158,-0.804455
-166.5511,-183.612,1.0,30.67667,-0.23329770000000002
-167.5035,-209.4381,1.0,40.81057,-0.22128699999999998
-165.8097,-237.2499,1.0,33.75479,-0.7147993
-151.7764,-250.8826,1.0,25.63926,0.25514410000000004
-130.8462,-247.0638,1.0,32.06467,-0.07576745
-123.3084,-230.8407,1.0,22.869870000000002,0.08624841
-130.3336,-216.0426,1.0,22.03059,0.5498053
-122.8278,-202.6952,1.0,18.16917,-0.361081
-124.8545,-189.9922,1.0,15.71517,-0.3953179
-115.9119,-184.0252,1.0,19.647129999999997,0.07993618
-110.6092,-194.3979,1.0,14.96885,-0.24560210000000002
-110.0396,-204.9955,1.0,16.1258,0.6107323
-108.8354,-219.8748,1.0,24.09459,0.5585321999999999
-106.5471,-240.3703,1.0,31.50677,0.2506595
-96.2114,-263.3554,1.0,37.10759,0.142151
-69.98749000000001,-270.4982,1.0,39.440129999999996,0.05796512
-52.30198,-249.0538,1.0,39.784279999999995,0.1662058
-48.58398,-217.954,1.0,44.9165,0.35699699999999995
-30.191340000000004,-188.1323,1.0,50.23079,0.4124602
-4.626981,-158.1849,1.0,55.92037,0.1759851
12.08232,-121.0015,1.0,47.69081,-3.003444
10.293560000000001,-104.5377,1.0,2.583832,-1.159477
9.748845,-104.2373,1.0,0.117552,-0.2553716
11.16597,-105.1707,1.0,5.513923999999999,0.39777529999999994
16.2641,-107.3135,1.0,8.300361,-0.42886709999999995
18.39321,-106.9611,1.0,1.8631959999999999,0.6454605
14.01399,-108.4785,1.0,10.53518,0.5867448000000001
4.397223,-112.0169,1.0,16.417189999999998,0.1262914
0.1381727,-100.3897,1.0,21.76105,0.27377199999999996
-1.087641,-82.22518000000001,1.0,28.433790000000002,0.5454099
-5.344834,-59.13208,1.0,35.13324,0.4647535
-6.208002,-30.69453,1.0,41.66199,0.24132989999999999
-6.334275,2.4942450000000003,1.0,47.82096,0.2034349
-10.55954,36.359,1.0,38.40847,-1.897662
-22.96422,43.53561,1.0,13.506039999999999,0.4936979
-33.86307,37.7276,1.0,20.68036,0.49742
-51.76743,39.792429999999996,1.0,27.92568,0.49867700000000004
-75.04406,39.52186,1.0,34.91252,0.4823403
-103.3634,39.98279,1.0,41.468090000000004,0.2280478
-134.6927,39.38364,1.0,36.943490000000004,-1.422981
-143.8311,25.64397,1.0,13.05676,-1.615299
-137.7484,24.28329,1.0,0.4988022,-2.035898
-137.7518,24.234579999999998,1.0,0.05752773,0.02513804
-137.8827,24.250729999999997,1.0,2.0698529999999997,0.7279757
-142.2345,24.485129999999998,1.0,9.018067,0.1698565
-149.4549,24.85961,1.0,7.073932000000001,-0.7857767
-150.9895,25.33914,1.0,2.381607,0.6056778
-147.7109,21.98414,1.0,10.548969999999999,0.548072
-149.3261,12.06787,1.0,17.6792,0.5329896
-150.6719,-2.45275,1.0,23.58794,0.248923
-146.6022,-21.95686,1.0,30.18362,0.47045059999999994
-149.3812,-45.50864,2.0,32.94543,-0.4536487
-166.7077,-60.858869999999996,2.0,29.74072,-0.7593321999999999
-158.65,-72.86746,2.0,13.94165,-0.8244336999999999
-155.7268,-68.52674,2.0,0.07751893,0.08153249
-155.6871,-68.52797,2.0,0.03976813,-0.006030475
-155.9536,-69.49134000000001,2.0,4.454547,0.423199
-156.4294,-73.20509,2.0,4.8806199999999995,-0.02345096
-156.9233,-75.05532,2.0,1.839486,0.4106391
-152.7752,-72.79018,2.0,11.17005,0.6291184
-142.9668,-77.62023,2.0,19.46174,0.5704807
-129.4797,-82.84116999999999,2.0,18.163220000000003,-0.284511
-117.6854,-89.77443000000001,2.0,24.60604,1.457103
-110.948,-109.9137,2.0,30.90028,-0.03362645
-124.7786,-128.5445,2.0,32.83868,-0.01452233
-144.157,-126.0549,2.0,21.3971,-0.521129
-139.7421,-112.169,2.0,23.53428,-0.419261
-146.1431,-101.6853,2.0,20.123070000000002,0.5211455
-159.9218,-105.6923,2.0,17.830270000000002,-0.5205736
-161.4348,-117.8961,2.0,17.02465,0.1641681
-164.8828,-132.1034,2.0,23.834989999999998,0.6012153
-165.2831,-152.6695,2.0,31.673000000000002,0.5387498000000001
-165.5117,-178.9786,2.0,39.09659,0.5190387
-165.952,-210.5275,2.0,46.058370000000004,0.48980799999999997
-162.8607,-243.2889,2.0,30.243109999999998,-1.369831
-148.6547,-251.9291,2.0,25.70178,0.2859328
-128.2381,-247.8245,2.0,29.454390000000004,-0.44298329999999997
-128.1219,-229.5369,2.0,27.977009999999996,0.5375409000000001
-125.9861,-205.3582,2.0,36.424040000000005,0.2661449
-123.2056,-185.0726,2.0,12.01367,-1.078152
-114.3636,-185.4216,2.0,15.897029999999999,0.287813
-110.4169,-198.9354,2.0,23.57414,0.5796773000000001
-108.5965,-219.2528,2.0,31.458009999999998,0.2722138
-104.3022,-244.9872,2.0,38.75242,0.2274443
-87.10061,-268.9541,2.0,41.67856,-0.292526
-59.026469999999996,-263.0766,2.0,41.81048,0.2095587
-49.151790000000005,-234.8962,2.0,43.703179999999996,0.23356279999999996
-43.74837,-201.3672,2.0,48.426559999999995,0.08216628
-19.12782,-172.9587,2.0,53.954440000000005,0.45097299999999996
6.060583,-140.8081,2.0,47.4449,-2.23435
5.372432,-122.4118,2.0,18.9398,0.5392140999999999
-4.977066000000001,-109.3123,2.0,26.41735,0.46949140000000006
-6.74948,-87.21169,2.0,33.8222,0.5735765
-6.769406,-59.450869999999995,2.0,41.075559999999996,0.2511926
-6.987861,-26.4329,2.0,47.908429999999996,0.23281529999999998
-7.349195,11.47396,2.0,54.329719999999995,0.4414147
-16.707520000000002,43.01185,2.0,30.689320000000002,-2.105357
-26.01577,45.70732,2.0,1.534834,0.7275748000000001
-26.46392,41.48705,2.0,10.39729,0.5900241999999999
-36.33667,41.404090000000004,2.0,18.49991,0.5789342
-51.73646,46.62761,2.0,25.79865,0.5158019
-73.38181999999999,43.08947,2.0,33.428779999999996,0.2623434
-100.898,41.44384,2.0,40.73423,0.5001674
-133.3751,38.6032,2.0,46.39577,-0.1082282
-150.5705,22.37511,2.0,18.84007,-1.281941
-148.623,19.31275,2.0,5.383024,0.32002470000000005
-143.4464,15.617320000000001,2.0,13.7948,0.620092
-147.7522,3.673254,2.0,21.75102,0.5624626
-148.9176,-13.2539,2.0,27.500759999999996,0.5720978
-141.9463,-33.93378,3.0,8.482526,1.033539
-143.9767,-42.11934,3.0,11.45572,-0.01717743
-150.4115,-50.45563,3.0,17.91824,-0.3002053
-161.4883,-54.309940000000005,3.0,14.24305,-0.2726344
-166.5737,-60.9533,3.0,10.50734,-0.1540756
-163.4567,-68.21947,3.0,14.092039999999999,0.3241507
-151.4047,-72.25761999999999,3.0,21.765639999999998,0.5938106
-132.7754,-74.51051,3.0,29.29277,0.5698807
-115.5389,-85.37321,3.0,24.98364,-0.3598608
-107.9044,-101.7653,3.0,29.80125,0.1642409
-111.5504,-121.0523,3.0,23.953429999999997,-0.39377790000000007
-123.0558,-131.7536,3.0,21.79954,1.039723
-139.4367,-130.928,3.0,22.29554,0.6710784000000001
-146.1853,-111.4765,3.0,30.02255,-0.8606766
-159.3019,-103.6052,3.0,16.626160000000002,0.2190683
-166.7592,-115.3973,3.0,23.63389,0.5819175
-169.1774,-135.7087,3.0,31.550520000000002,0.5612949
-168.7324,-161.6819,3.0,38.70969,0.252263
-167.04,-192.9103,3.0,45.57056,0.40090879999999995
-163.9475,-228.6302,3.0,49.54309,-0.22825810000000002
-154.3595,-257.246,3.0,33.32137,-1.315976
-135.7745,-253.41299999999998,3.0,28.134590000000003,0.5243853
-124.8577,-233.4883,3.0,33.49738,0.21338520000000002
-128.4122,-207.2418,3.0,35.78714,-0.4494501
-123.8127,-183.3002,3.0,28.573179999999997,-1.1088049999999998
-109.3822,-182.0326,3.0,20.74341,-0.2174663
-109.7515,-199.0088,3.0,26.47792,0.4587708
-104.5982,-220.3646,3.0,31.39446,-0.11564660000000002
-106.1428,-241.7013,3.0,27.8029,0.3045753
-100.0542,-265.3262,3.0,36.73641,0.10126439999999999
-74.9039,-269.7583,3.0,38.12847,0.06990515
-59.42184,-268.2928,3.0,11.45425,-0.9960972
-56.18581,-266.6736,3.0,0.8737931000000001,0.7518571999999999
-57.196690000000004,-267.3862,3.0,0.4198436,-0.29347979999999996
-55.8632,-266.1047,3.0,5.673779,0.3183793
-52.15415,-262.4713,3.0,7.941373,0.03243944
-48.19206,-263.6737,3.0,1.2446270000000001,-0.7791807
-49.387890000000006,-261.3665,3.0,7.9424589999999995,0.6356592
-49.45418,-252.6217,3.0,16.09385,0.5765524000000001
-45.8059,-238.24099999999999,3.0,23.83735,0.5452796999999999
-43.22201,-218.0108,3.0,31.09127,0.5045006
-39.37109,-192.8004,3.0,37.15635,0.10557550000000002
-20.48576,-171.0238,3.0,42.40337,0.9312940000000001
-2.63148,-154.5811,3.0,23.6278,-0.1937224
9.095161000000001,-144.322,3.0,18.6076,-0.1859014
11.567160000000001,-132.9025,3.0,14.11336,-0.1345405
5.980574,-121.6849,3.0,20.87418,0.5751273
-3.877093,-106.5854,3.0,28.04802,0.24509650000000002
-9.944086,-83.9959,3.0,34.82578,0.4475983
-9.395239,-55.89134,3.0,41.23685,0.4641229
-4.598911,-23.312070000000002,3.0,45.827709999999996,-0.6821035
-3.684452,5.5489239999999995,3.0,25.6819,-2.270409
-4.773098,14.555029999999999,3.0,3.5588919999999997,-0.04921727
-5.7964709999999995,19.9308,3.0,11.93547,0.30614179999999996
-9.614778,31.17268,3.0,20.04796,0.5132984
-22.91403,41.95906,3.0,27.13004,0.5130878
-44.88433,44.7109,3.0,33.61698,0.2547842
-72.36839,44.42523,3.0,40.43587,0.2295169
-104.6693,42.28743,3.0,46.88842,0.44411590000000006
-136.9124,37.6125,3.0,39.27629,-0.03811597
-149.8977,17.529729999999997,3.0,32.27936,-0.004431027
-144.1272,-6.634555000000001,3.0,36.405409999999996,0.2561381
-144.1099,-35.90739,4.0,41.993829999999996,-0.08103631
-154.2815,-53.982859999999995,4.0,18.780070000000002,-0.3918158
-167.3045,-57.797909999999995,4.0,18.94644,-0.2524726
-161.2496,-70.33043,4.0,23.86167,0.2304783
-141.6467,-72.65697,4.0,30.27422,0.415497
-119.6508,-82.93051,4.0,36.01422,0.3824436
-108.3802,-107.9579,4.0,38.36894,-0.4985946
-123.1671,-130.649,4.0,36.884609999999995,-0.36122750000000003
-144.3593,-124.6195,4.0,30.08517,-0.3585753
-146.1114,-102.8294,4.0,28.293029999999998,-1.169223
-158.5204,-100.1947,4.0,19.36325,1.266284
-166.9754,-114.3848,4.0,26.43416,0.5227147
-170.1352,-136.4824,4.0,33.72285,0.5028042
-168.8698,-163.8438,4.0,40.34608,0.47311720000000007
-166.0552,-196.0165,4.0,46.816,0.4532630999999999
-163.2694,-232.1829,4.0,46.46281,-1.4765629999999998
-156.4312,-252.835,4.0,19.90471,-0.1727723
-142.4505,-258.1757,4.0,23.73443,0.4411361
-129.4223,-247.3413,4.0,27.552020000000002,0.517281
-125.1836,-224.696,4.0,34.18209,0.3993508
-128.7028,-197.4512,4.0,39.60935,-0.01019456
-113.1995,-176.8339,4.0,33.246359999999996,-0.8534492
-99.42192,-188.0486,4.0,23.14016,-0.3817857
-112.5226,-196.6952,4.0,23.77122,-0.302507
-114.555,-201.5538,4.0,0.01674244,-0.00553909
-114.5541,-201.5515,4.0,0.1413287,0.5459970999999999
-112.1681,-201.6378,4.0,5.891667,0.28668449999999995
-109.6984,-198.4821,4.0,2.580435,-0.318846
-109.5807,-199.4793,4.0,5.0755300000000005,0.538188
-108.4079,-205.7543,4.0,12.0981,0.48028869999999996
-106.2172,-216.9972,4.0,18.66171,0.4517127
-105.2807,-233.0354,4.0,24.74134,0.4229782999999999
-104.7473,-253.3441,4.0,29.980559999999997,0.3150884
-89.9522,-270.5753,4.0,33.037279999999996,0.11474369999999999
-64.94716,-268.561,4.0,36.40652,0.26668769999999997
-49.37232,-247.6257,4.0,37.17759,0.2558489
-48.11329,-218.4009,4.0,41.62389,0.2569889
-36.60037,-188.1649,4.0,45.57278,0.1517489
-12.09949,-164.3291,4.0,45.36758,-0.11322819999999999
5.338982,-148.2014,4.0,21.79963,-0.4818045
12.71974,-136.9033,4.0,15.80985,0.47327079999999994
6.526762000000001,-122.6163,4.0,25.32757,0.4070638
-4.931083999999999,-105.4512,4.0,30.567259999999997,0.1880694
-10.210930000000001,-81.41077,4.0,35.76531,0.355458
-9.218521,-53.192330000000005,4.0,40.59361,0.1664744
-3.459681,-21.84079,4.0,45.31746,0.16004870000000002
-3.3253519999999996,12.93803,4.0,48.613209999999995,-0.04941452
-14.0492,36.19981,4.0,28.43925,0.3265897
-35.09352,43.8009,4.0,32.957229999999996,0.36223520000000003
-61.39445,43.22855,4.0,38.12317,0.3810211
-91.50331,42.8536,4.0,43.01484,0.35270959999999996
-122.9694,39.68351,4.0,38.21771,-0.7360460999999999
-139.7914,35.91251,4.0,15.379029999999998,0.4463513
-147.1389,24.952170000000002,4.0,21.1657,0.208262
-147.1404,7.221869,4.0,26.9112,0.4076937
-142.637,-14.349,4.0,32.49688,0.3666672
-143.6331,-39.103629999999995,5.0,31.250329999999998,-0.8067664000000001
-157.9108,-53.00741,5.0,28.203159999999997,0.4160098
-168.363,-65.90218,5.0,18.25906,-0.04867122
-157.0581,-69.70611,5.0,16.46704,0.3256463
-141.4841,-72.68200999999999,5.0,24.78,0.2141815
-122.2164,-79.4059,5.0,30.271040000000003,0.16650879999999998
-108.1525,-97.74646,5.0,33.63098,0.16287449999999998
-113.1077,-121.9252,5.0,32.77025,-0.26954290000000003
-130.9937,-133.0792,5.0,26.08227,-0.35264429999999997
-142.4355,-121.8006,5.0,24.9542,0.21026509999999998
-151.6338,-104.0314,5.0,29.383709999999997,-0.1804193
-165.6449,-104.1478,5.0,15.14214,-0.269451
-164.8632,-116.5995,5.0,19.64046,0.3890976
-167.5365,-134.5387,5.0,31.24983,1.288324
-168.5124,-164.4421,5.0,45.9666,0.3713161
-164.2779,-200.4076,5.0,51.6064,-0.8502854
-164.0704,-229.0426,5.0,22.75007,-1.083496
-162.5632,-243.6619,5.0,17.12716,-0.2046787
-157.0551,-253.537,5.0,17.01494,0.9297163
-142.3878,-260.1323,5.0,26.312070000000002,0.6056898000000001
-127.8324,-244.7969,5.0,35.509879999999995,0.38188320000000003
-126.5688,-215.5284,5.0,40.44603,-0.34128509999999995
-128.3929,-193.8617,5.0,20.12119,-0.22972870000000004
-121.8448,-183.4644,5.0,16.90567,0.39138520000000004
-106.9143,-185.3642,5.0,24.37229,0.01181872
-102.5528,-204.0676,5.0,31.10197,0.4228396
-104.4661,-229.8447,5.0,37.125640000000004,0.1149672
-104.6713,-255.6306,5.0,31.06757,-0.6144678000000001
-90.13408000000001,-270.6561,5.0,31.355459999999997,0.2829531
-65.92045999999999,-269.3164,5.0,35.24856,0.21209160000000002
-50.61228,-248.9405,5.0,37.21119,0.1513089
-46.69255,-219.6413,5.0,42.084579999999995,0.1643826
-37.90352,-188.2071,5.0,46.02735,0.1584132
-13.99661,-163.3727,5.0,41.68039,-4.07474
-0.8794388000000001,-154.7617,5.0,12.84435,-0.31552729999999996
5.467261,-150.1183,5.0,8.504458999999999,-0.2803552
9.511662,-146.2332,5.0,9.119726,0.2612612
13.19355,-137.9496,5.0,15.6405,0.454506
8.927626,-125.0727,5.0,21.56785,0.41138779999999997
-1.7177419999999999,-110.4065,5.0,27.34654,0.4087598
-8.884605,-89.35373,5.0,32.7235,0.36734240000000007
-10.25056,-63.38186999999999,5.0,37.695609999999995,0.3383518
-4.930386,-34.109,5.0,42.56088,0.35148359999999995
-1.335692,-1.3072,5.0,43.51985,-0.7583906
-5.421248,21.83971,5.0,14.96469,-1.526137
-8.920277,29.70378,5.0,15.25184,0.4573249
-18.00321,39.56479,5.0,21.281270000000003,0.46070500000000003
-34.87477,44.962720000000004,5.0,26.908309999999997,0.39299429999999996
-56.85355,45.148590000000006,5.0,32.47327,0.19598959999999999
-82.92511,44.19305,5.0,37.76246,0.37760959999999993
-112.5266,41.772859999999994,5.0,40.325720000000004,-1.2161600000000001
-135.0362,38.85003,5.0,18.259079999999997,-0.2508223
-145.7893,27.503159999999998,5.0,24.5286,0.38359920000000003
-147.4736,7.629055,5.0,29.7277,0.1919609
-142.4761,-15.88318,5.0,35.04468,0.364962
-143.6751,-38.83229,6.0,19.01983,-2.116158
-148.1758,-48.31038,6.0,17.817870000000003,0.49331640000000004
-159.6608,-55.307719999999996,6.0,16.13375,-0.20854720000000002
-166.2345,-62.246430000000004,6.0,13.81616,0.3638037
-158.1503,-72.40074,6.0,22.99832,0.1702175
-136.1959,-72.35845,6.0,35.978159999999995,0.6001525
-112.1333,-88.61575,6.0,40.804829999999995,-0.6139768
-114.015,-112.3547,6.0,21.4889,-2.2118439999999997
-117.7101,-121.3934,6.0,12.64444,0.6357421
-124.3018,-132.364,6.0,17.1402,-0.34594749999999996
-137.7388,-132.1216,6.0,21.97932,0.1767989
-145.0218,-116.2139,6.0,27.896520000000002,0.2625107
-149.6848,-104.7652,6.0,7.5079009999999995,-0.2847618
-155.6826,-101.1035,6.0,13.65277,0.6394364
-165.4443,-104.9708,6.0,16.07434,0.49892539999999996
-167.4891,-120.5611,6.0,27.989240000000002,1.038146
-168.929,-146.3063,6.0,40.80177,0.4329907
-167.7092,-180.6302,6.0,51.55944,0.7263908
-163.8839,-219.97,6.0,50.07673,-0.8608454
-160.8858,-251.3925,6.0,34.21096,-1.4347889999999999
-143.5531,-257.923,6.0,22.02509,-0.4956076
-130.596,-250.8583,6.0,22.7597,0.550813
-125.0908,-232.6119,6.0,28.61155,0.3998673
-127.1386,-209.5791,6.0,33.92715,0.3974704
-126.9311,-186.2443,6.0,20.91049,-1.2393530000000001
-114.7996,-182.6511,6.0,20.88577,0.1648848
-104.0217,-194.8707,6.0,25.38743,0.37310390000000004
-103.0345,-215.6081,6.0,30.81056,0.19652650000000002
-105.7356,-240.2818,6.0,36.1476,0.3720015
-99.46876999999999,-266.9894,6.0,37.855059999999995,-0.18876289999999998
-75.8082,-271.0567,6.0,29.866090000000003,-0.5738059
-57.41842,-265.2833,6.0,22.28913,-0.49042290000000005
-48.91056,-249.6236,6.0,28.79468,0.1921183
-45.299040000000005,-226.4402,6.0,34.30939,0.3785103
-42.14326,-199.3027,6.0,39.32846,0.1437146
-26.712259999999997,-174.4804,6.0,41.74038,0.15360729999999997
-4.601583,-158.1399,6.0,24.25931,-2.206292
4.4195720000000005,-151.2852,6.0,12.11688,-0.03250984
10.74187,-144.4644,6.0,14.02876,0.1447639
12.13918,-131.662,6.0,22.105,0.5495741
-0.14138620000000002,-115.6281,6.0,34.191179999999996,1.004264
-8.942110000000001,-86.92857,6.0,47.70881,0.458901
-8.018028999999999,-47.02265,6.0,59.54501,0.23033330000000002
-1.1671610000000001,-2.8264560000000003,6.0,57.333009999999994,-1.5069059999999999
-6.690258,23.83604,6.0,21.85054,-0.46669040000000006
-15.06495,37.67995,6.0,24.98229,0.6833866999999999
-35.99217,44.983999999999995,6.0,36.465379999999996,1.041667
-68.56097,44.564029999999995,6.0,51.413579999999996,1.049405
-110.00299999999999,42.272,6.0,47.52234,-2.120891
-127.68299999999999,39.24465,6.0,13.497729999999999,-0.3480037
-138.5714,36.528890000000004,6.0,21.52734,0.8049985
-147.5481,22.31246,6.0,26.1394,0.3676676
-145.9045,1.017566,6.0,31.66475,0.39432009999999995
-141.0865,-23.98483,6.0,36.60792,0.2285617
-142.1064,-37.0261,7.0,10.0002,0.2555731
-145.3072,-46.313109999999995,7.0,16.49445,0.2232176
-157.4519,-53.469440000000006,7.0,22.32516,0.39890890000000007
-168.2448,-64.98569,7.0,19.11458,-0.6221376999999999
-163.1118,-75.3481,7.0,16.190260000000002,0.09392063
-150.3047,-75.90396,7.0,19.72431,0.1401655
-135.5898,-73.19644,7.0,21.42595,0.22869570000000003
-119.3342,-79.39129,7.0,28.274259999999998,0.3328482
-108.2337,-98.46223,7.0,32.29133,0.28073190000000003
-115.1316,-121.9293,7.0,35.38722,0.09493955
-138.9511,-131.3899,7.0,32.93035,-1.409295
-146.7285,-120.113,7.0,12.78807,-0.4521303
-142.9368,-112.7073,7.0,15.62016,0.4992887
-149.8692,-102.7542,7.0,16.5409,0.04500284
-162.7573,-104.4497,7.0,21.30809,0.2387055
-166.2249,-118.5695,7.0,20.3189,0.1593186
-166.7749,-136.4791,7.0,29.374679999999998,0.5101186
-169.5072,-163.4616,7.0,43.47752,0.9281562
-170.0195,-200.2045,7.0,55.352540000000005,0.8026389
-167.1852,-237.6571,7.0,41.73043,-2.574459
-152.3638,-253.954,7.0,25.44187,-0.6125026
-135.7044,-252.7028,7.0,22.49685,0.06068701
-125.8103,-239.3325,7.0,28.06532,1.03706
-126.0609,-215.9124,7.0,34.35607,0.39749070000000003
-125.484,-188.7699,7.0,35.11175,-2.580527
-115.4751,-180.0507,7.0,13.75874,0.4245898
-109.6623,-191.4596,7.0,21.55411,0.22125949999999997
-108.8448,-209.6596,7.0,27.51985,0.4221022
-108.5409,-232.1329,7.0,33.12877,0.39957600000000004
-102.7303,-257.3425,7.0,37.19951,0.19747079999999997
-79.78572,-272.6991,7.0,39.3242,0.03600638
-54.60134,-261.3949,7.0,39.34068,0.003769825
-49.272420000000004,-232.418,7.0,42.35287,0.3483554
-41.794909999999994,-200.9603,7.0,45.26851,0.1237921
-18.52499,-174.8284,7.0,49.48715,0.31978340000000005
4.816289,-145.7879,7.0,43.70089,-2.456892
7.684197,-124.4134,7.0,23.29364,0.862202
-4.018707,-107.0517,7.0,32.0729,0.29819470000000003
-4.412721,-78.49251,7.0,47.5682,1.344363
-0.5461285,-37.244659999999996,7.0,63.85985,0.5157167
-2.348502,11.48453,7.0,60.851380000000006,-1.270519
-14.550170000000001,40.71482,7.0,30.93031,-1.062861
-38.24899,40.75858,7.0,38.40249,0.3815925
-68.57996,40.41291,7.0,43.31798,0.36720820000000004
-102.3765,40.954240000000006,7.0,47.90599,0.1465359
-137.7659,38.12679,7.0,40.58651,-3.1592130000000003
-147.0108,19.741629999999997,7.0,29.41777,0.4123607
-145.1959,-4.0431230000000005,7.0,34.83602,0.39581259999999996
-145.8609,-31.73446,7.0,39.91806,0.1659194
-158.9138,-55.497209999999995,8.0,34.8012,-0.2155237
-168.1901,-69.38375,8.0,22.40829,0.36996409999999996
-153.232,-78.96973,8.0,28.248790000000003,0.160451
-130.608,-77.9334,8.0,32.51668,0.04061065
-112.9705,-94.82024,8.0,35.40102,0.08347075
-115.0236,-120.7817,8.0,37.11162,0.06085986
-138.5443,-131.8229,8.0,31.40421,-1.9593450000000001
-146.4677,-127.2986,8.0,2.484222,0.07982756
-142.9391,-123.9151,8.0,10.42636,0.4962393
-142.7791,-114.1598,8.0,16.75883,0.431992
-152.4248,-103.6119,8.0,22.32287,0.1543904
-166.8052,-108.7128,8.0,24.010070000000002,0.09518746
-166.6707,-128.0349,8.0,29.0645,0.4056298
-169.2602,-151.3452,8.0,34.321979999999996,0.3739015
-170.7635,-178.4336,8.0,39.192859999999996,0.3868359
-169.0331,-209.3488,8.0,44.01701,0.1907608
-165.6975,-243.1134,8.0,44.86309,-0.9031599
-143.4536,-256.4298,8.0,31.62953,-0.5154285
-128.5722,-242.136,8.0,30.711159999999996,0.4133743
-127.3304,-217.93599999999998,8.0,35.47269,0.3780875
-125.7706,-190.1228,8.0,37.56009,-0.42097640000000003
-113.618,-179.9107,8.0,15.01554,-0.2393172
-107.434,-190.7509,8.0,20.747889999999998,0.4514656
-106.6736,-208.3312,8.0,26.728920000000002,0.2096776
-105.9284,-230.3203,8.0,32.40276,0.3982985
-102.0709,-255.6481,8.0,36.86462,0.09012371
-80.93093,-272.5143,8.0,38.589059999999996,-0.002075793
-55.4184,-262.524,8.0,39.44231,0.08627923
-47.1426,-234.4524,8.0,42.14465,0.350265
-42.586890000000004,-202.0832,8.0,45.62723,-0.06815559
-19.916079999999997,-176.6365,8.0,48.249179999999996,0.15390420000000002
3.4706910000000004,-148.0311,8.0,48.70288,-0.5837502
6.043107,-120.3951,8.0,33.18849,-0.04153605
-7.0849839999999995,-96.43884,8.0,38.973279999999995,-0.03700258
-2.479429,-66.54393,8.0,43.19678,0.32844809999999997
-1.300599,-32.799240000000005,8.0,47.75258,0.3143927
-1.9415189999999998,4.177809,8.0,52.06862,0.13722979999999999
-11.62893,37.71288,8.0,36.996140000000004,-1.5074290000000001
-26.15813,41.87444,8.0,5.9388190000000005,-1.632986
-28.04056,37.54752,8.0,9.881517,0.4701315
-36.46889,40.41884,8.0,16.19349,0.47512970000000004
-46.5217,48.526379999999996,8.0,11.99635,-2.389745
-48.022890000000004,48.58676,8.0,0.02247898,-0.02662086
-48.29336,47.63042,8.0,3.843815,0.2108649
-47.85069,44.11371,8.0,5.0626940000000005,-0.07049214
-47.73336,43.74834,8.0,4.67949,0.6663727
-53.964290000000005,46.37061,8.0,13.647429999999998,0.3215804
-67.15472,45.08595,8.0,22.12067,0.6008458999999999
-86.40916,42.64587,8.0,30.085459999999998,0.5763361
-111.3392,43.326229999999995,8.0,37.40501,0.5326718
-138.7627,37.791340000000005,8.0,38.81779,-0.159637
-143.9561,9.799021,8.0,43.229409999999994,0.636089
-146.9599,-24.76353,8.0,47.53635,-0.35276599999999997
-142.0866,-34.91098,9.0,2.578812,-0.02954444
-143.3541,-39.89001,9.0,12.58365,0.3339248
-148.3248,-48.5874,9.0,12.47759,-0.11049300000000001
-156.3181,-52.85624,9.0,14.61786,-0.11265209999999999
-165.0222,-56.80904,9.0,11.51072,-0.2298027
-166.577,-64.54066,9.0,14.208160000000001,0.5471108
-156.3689,-73.3449,9.0,19.34536,-0.19760940000000002
-143.5295,-72.84454000000001,9.0,15.6098,-0.2335068
-130.4252,-74.62006,9.0,24.584020000000002,0.5189504
-114.6247,-84.71421,9.0,26.011470000000003,0.05218089
-107.2855,-102.2673,9.0,24.86871,-0.2070069
-108.7498,-114.9739,9.0,11.999089999999999,-0.08865122
-112.2125,-123.665,9.0,17.933870000000002,0.6544026999999999
-123.2224,-133.9866,9.0,19.57691,-0.3575636
-135.8232,-133.6635,9.0,15.68374,-0.05888679
-144.3332,-123.6776,9.0,23.11032,0.27917040000000004
-150.5046,-105.1788,9.0,23.35564,-1.56726
-160.4622,-99.65556,9.0,13.373610000000001,-0.3546895
-166.3118,-108.3421,9.0,20.5806,0.5878179
-168.4486,-129.0276,9.0,35.06728,0.45533429999999997
-169.06400000000002,-159.2289,9.0,44.43565,0.1622927
-166.0266,-193.4438,9.0,47.91356,0.08528136
-163.2492,-226.037,9.0,39.43375,-0.9117764000000002
-160.1882,-248.8451,9.0,25.68863,-0.5167835
-147.5955,-259.5912,9.0,20.22639,-0.3658832
-134.7763,-256.7402,9.0,21.213639999999998,0.476446
-125.5618,-237.9073,9.0,34.88378,0.28735720000000003
-127.096,-211.0584,9.0,34.04398,-0.47375870000000003
-128.659,-193.672,9.0,15.5492,-0.1164308
-125.2364,-184.016,9.0,13.60159,0.6856720000000001
-112.9021,-182.3646,9.0,18.83644,-0.3223258
-103.9524,-190.1914,9.0,14.83714,0.18944779999999997
-102.5469,-205.4469,9.0,28.21348,0.457925
-104.9341,-230.1511,9.0,37.4444,0.2277834
-104.1068,-257.1699,9.0,35.23885,-0.2797332
-86.43753000000001,-272.748,9.0,32.58013,0.04608136
-63.16806,-268.3974,9.0,32.12392,-0.1111138
-50.046440000000004,-248.735,9.0,34.38555,0.04589967
-45.73563,-222.5807,9.0,36.75956,0.10588969999999999
-40.9827,-196.3964,9.0,34.441829999999996,-0.387656
-29.62681,-176.1141,9.0,28.722540000000002,-0.42490439999999996
-14.61858,-164.2327,9.0,23.41689,-0.33304770000000006
-1.23718,-155.4088,9.0,19.82885,-0.2841558
9.379180999999999,-146.6906,9.0,19.45992,0.5457218
11.603660000000001,-130.8014,9.0,25.260679999999997,0.24034570000000002
-0.7516425,-114.465,9.0,29.4122,0.1128855
-9.025578,-94.21837,9.0,30.033070000000002,0.06145925
-11.262369999999999,-71.51402,9.0,32.64882,0.3302874
-8.245341999999999,-46.26933,9.0,35.30477,0.1113346
-3.54304,-20.12463,9.0,36.409240000000004,0.02771464
-2.257038,5.968457,9.0,31.00352,-0.5190627999999999
-6.24109,24.37181,9.0,20.92331,-0.6098268
-14.34839,37.13306,9.0,24.82323,0.5154911
-33.52341,45.106,9.0,31.78286,0.242542
-59.614940000000004,43.91272,9.0,38.90332,0.5326229
-91.14765,44.05169,9.0,45.77434,0.225727
-125.8375,40.560959999999994,9.0,43.21711,-1.5392649999999999
-146.783,27.03252,9.0,34.44512,-0.06772919999999999
-142.6206,0.6772765000000001,9.0,39.48768,0.49057349999999994
-142.9428,-28.8959,9.0,33.03735,-2.262828
-146.4174,-43.17385,10.0,17.1207,0.4450952
-155.9105,-53.50518,10.0,17.994529999999997,-0.1439341
-166.0931,-59.48177,10.0,14.03268,-0.3445072
-164.4351,-69.52775,10.0,18.20838,0.5361373
-152.071,-72.98080999999999,10.0,18.313470000000002,0.09988853
-138.6985,-72.90515,10.0,17.11185,-0.08026594
-122.9303,-78.05608000000001,10.0,27.18474,0.5124492
-108.5694,-94.76788,10.0,33.37809,0.39274990000000004
-110.4915,-120.35799999999999,10.0,33.22452,-1.278137
-124.2618,-132.6971,10.0,21.89414,-0.36137790000000003
-138.19299999999998,-131.8071,10.0,17.03731,-0.3297547
-145.3184,-119.1816,10.0,24.33853,0.2310689
-150.1766,-104.8272,10.0,6.762028,-1.518787
-153.9114,-101.6602,10.0,10.96935,0.5657357
-163.8185,-102.81200000000001,10.0,17.61113,0.2194718
-167.7659,-117.3671,10.0,24.27445,0.2687395
-168.8209,-137.9654,10.0,31.24714,0.2625916
-168.4592,-163.3702,10.0,36.16067,0.4531353
-167.0287,-191.6255,10.0,39.67921,0.1354969
-164.452,-219.65,10.0,34.3567,-0.5089964
-162.9303,-242.4043,10.0,27.37718,-0.25694110000000003
-153.4119,-256.7379,10.0,20.57903,-0.4188699000000001
-137.355,-258.399,10.0,23.85406,-0.02313551
-127.2937,-243.4956,10.0,26.59565,0.1338414
-125.0805,-222.9855,10.0,29.672559999999997,0.1124366
-127.5865,-201.6948,10.0,23.296689999999998,-1.662352
-127.7056,-188.8591,10.0,14.60808,-0.3368022
-121.6488,-182.2511,10.0,13.74036,0.238858
-109.5485,-183.7307,10.0,18.39019,-0.01783261
-103.0421,-194.8532,10.0,19.20501,0.1866021
-103.6677,-210.0603,10.0,21.7146,0.08094687
-104.8,-226.1688,10.0,22.56533,0.7116974
-106.1028,-245.6973,10.0,29.69724,0.3924821
-99.90486999999999,-266.2172,10.0,29.03535,0.02594628
-77.28595,-272.2523,10.0,36.67147,0.3384625
-53.40595,-259.5022,10.0,37.80478,-0.07231291
-47.558040000000005,-230.3833,10.0,42.9309,0.21631839999999997
-41.8834,-199.5465,10.0,38.99113,-0.3426532
-29.868570000000002,-177.0148,10.0,30.61345,-0.5415493
-14.123829999999998,-164.3436,10.0,24.248160000000002,-0.4090468
-4.383044,-157.5541,10.0,13.59404,0.3170002
6.664207000000001,-149.3643,10.0,19.57196,-0.12112730000000001
13.44065,-136.0762,10.0,25.5301,0.6456278
2.3775720000000002,-119.1966,10.0,30.85799,0.2268627
-8.439779,-97.2175,10.0,35.67593,-0.5656573
-10.328380000000001,-73.25356,10.0,32.41661,0.4842579000000001
-8.009924,-46.960370000000005,10.0,38.840340000000005,0.4548504
-3.258575,-16.258029999999998,10.0,44.833870000000005,0.4055964
-3.759958,18.45778,10.0,47.99968,-0.231696
-23.60265,42.19724,10.0,42.981640000000006,0.1281684
-56.81565,44.3534,10.0,47.768190000000004,0.3616184
-94.13261,43.54161,10.0,53.03058000000001,0.35925890000000005
-130.5374,39.175059999999995,10.0,40.30265,-1.442928
-148.9401,20.53744,10.0,36.72721,-0.1008835
-141.8814,-7.066350999999999,10.0,41.06302,0.32931059999999995
-144.8104,-35.48587,11.0,32.597770000000004,0.4550762
-159.4154,-56.36224,11.0,37.22306,0.43509079999999994
-169.3835,-75.86976999999999,11.0,23.58755,-0.5853176999999999
-157.3087,-77.81628,11.0,21.301479999999998,0.49553739999999996
-142.4995,-69.52289,11.0,26.165570000000002,0.26705500000000004
-123.5387,-79.61877,11.0,32.56153,0.5021511
-109.6538,-97.76096,11.0,32.79671,0.2806012
-114.0759,-122.10700000000001,11.0,31.4831,-0.8330156999999999
-130.7717,-133.0523,11.0,28.712809999999998,0.4162444
-144.8076,-118.1338,11.0,32.26999,0.2435076
-148.3093,-102.881,11.0,9.649884,0.05009863
-159.8977,-101.5068,11.0,22.07911,0.6601292
-166.7286,-117.0356,11.0,27.11695,0.5061674
-166.537,-139.5576,11.0,33.703829999999996,0.2196328
-168.2248,-166.7586,11.0,39.80382,0.2121826
-165.2177,-198.3285,11.0,45.77817,0.4419589
-162.7621,-233.1797,11.0,44.50072,-1.2932709999999998
-153.1909,-256.7182,11.0,28.07445,0.2446323
-132.8038,-256.3156,11.0,29.57752,0.08255535
-125.6054,-234.2822,11.0,34.576679999999996,0.4355959
-127.3919,-206.5703,11.0,37.65449,-0.37614509999999995
-123.2646,-182.5378,11.0,28.60352,-0.67445
-107.5699,-185.5052,11.0,23.99178,0.05084946
-107.2491,-205.2865,11.0,29.938159999999996,0.228483
-106.2387,-229.6183,11.0,36.13177,0.4573098
-104.206,-257.9935,11.0,40.928709999999995,0.2381286
-80.73973000000001,-272.4533,11.0,39.771570000000004,0.31704309999999997
-53.672290000000004,-260.42400000000004,11.0,41.19376,-0.09230574
-45.77802,-229.8465,11.0,45.47654,0.41144030000000004
-39.70071,-194.7261,11.0,50.51998,0.09605303
-16.832729999999998,-166.627,11.0,43.83554,-0.7779493000000001
4.860343,-151.4111,11.0,30.910490000000003,-0.5637498000000001
12.02074,-133.679,11.0,22.85424,-0.2267899
2.640793,-117.7149,11.0,28.660859999999996,0.2424506
-7.507936,-96.8549,11.0,34.62037,0.21494349999999998
-10.39989,-69.14993,11.0,40.667629999999996,0.4197983
-6.0570129999999995,-37.143,11.0,46.43607,0.44513329999999995
-1.7548290000000002,-1.077437,11.0,51.64901,0.3219356
-11.78197,35.22858,11.0,48.42863,-0.36783140000000003
-43.24342,44.9337,11.0,47.28134,0.42597529999999995
-80.31241999999999,42.01262,11.0,52.732769999999995,0.3870502
-120.4633,40.42624,11.0,51.07633,-1.1802549999999998
-148.1358,25.65515,11.0,41.216029999999996,-0.1678354
-144.6032,-3.86726,11.0,42.93346,0.1764842
-143.8432,-36.24223,12.0,40.815220000000004,-0.6612952
-158.6347,-52.89164,12.0,28.13836,0.2221556
-167.8034,-67.36066,12.0,23.645310000000002,0.13272060000000002
-151.2896,-71.52045,12.0,27.35163,0.24120129999999998
-129.1875,-74.40698,12.0,33.38084,0.41317550000000003
-109.6501,-91.6712,12.0,37.92671,0.257706
-110.1425,-117.6756,12.0,30.7131,-0.9257115
-125.6164,-131.1528,12.0,25.85444,-0.5244019
-141.8664,-130.0867,12.0,23.55312,0.24644349999999998
-146.8805,-112.1166,12.0,28.874290000000002,0.1958193
-158.8445,-100.4583,12.0,20.43541,-0.6921369
-167.6069,-111.5906,12.0,25.50031,0.9759283999999999
-167.2511,-135.6052,12.0,36.796890000000005,0.4210308
-168.4367,-164.9025,12.0,42.52802,0.4238603
-166.0788,-198.6282,12.0,48.294059999999995,0.40657109999999996
-163.9074,-235.7166,12.0,47.35435,-1.401159
-148.416,-258.42900000000003,12.0,31.04679,-1.0935469999999998
-131.6312,-248.0471,12.0,30.301190000000002,0.6699613
-126.0831,-224.2943,12.0,35.9248,0.2095063
-128.2081,-197.50400000000002,12.0,33.57843,0.03482463
-117.5218,-179.7541,12.0,28.53981,-0.423396
-106.915,-191.8934,12.0,25.22196,0.42289090000000007
-110.4534,-212.4771,12.0,31.591559999999998,0.4849492
-108.6042,-238.2794,12.0,38.02155,0.45732690000000004
-98.8164,-266.0185,12.0,41.00999,-0.3976863
-70.77523000000001,-269.9698,12.0,41.45317,0.32398879999999997
-46.41663,-253.0672,12.0,38.01283,-0.2831714
-52.915780000000005,-229.6591,12.0,30.34546,-0.960096
-52.939530000000005,-217.8229,12.0,5.5629230000000005,-0.3643475
-53.36091,-214.8684,12.0,0.1975916,-0.42498420000000003
-51.76742,-217.5351,12.0,8.480047,0.6155271
-44.08846,-216.4043,12.0,15.1582,0.2359229
-41.831509999999994,-206.0647,12.0,12.62122,-0.1264655
-40.664629999999995,-193.6292,12.0,21.45659,0.26562600000000003
-32.34398,-177.3398,12.0,28.13597,0.2301749
-14.014510000000001,-163.246,12.0,34.55168,0.4919489
7.584617,-147.0115,12.0,37.09877,-0.05186655
9.548131,-125.2956,12.0,28.90995,0.4256188
-5.1537180000000005,-102.8027,12.0,44.256679999999996,1.1134870000000001
-10.37316,-66.36726,12.0,53.46341999999999,0.3313821
-3.8307480000000003,-25.527520000000003,12.0,58.31841,0.3297615
-3.9636910000000003,16.41108,12.0,47.7379,-3.552307
-16.48599,38.73247,12.0,35.8877,0.270071
-42.67185,45.44437,12.0,39.65437,0.42813720000000005
-74.13844,44.53536,12.0,45.45219,0.20570170000000002
-109.7808,41.858509999999995,12.0,50.932559999999995,0.11855589999999999
-144.8051,34.42666,12.0,46.41702,-0.3141991
-152.4551,14.694070000000002,12.0,13.12996,-0.5727846
-152.8734,12.72852,12.0,4.8055069999999995,0.7475201
-147.5865,9.508312,12.0,12.796669999999999,0.5654378999999999
-146.3252,-2.7143610000000002,12.0,20.35302,0.28137890000000004
-143.1476,-20.1781,12.0,27.481659999999998,0.24309410000000004
-142.0278,-34.622370000000004,13.0,6.235277,0.5955095
-144.207,-41.89901,13.0,14.22848,0.2843848
-153.4611,-51.112840000000006,13.0,21.461560000000002,0.26214440000000006
-166.8417,-62.25985,13.0,23.60132,-0.6933638000000001
-161.6866,-74.73405,13.0,17.57093,0.03943506
-147.5247,-74.71934,13.0,21.74128,-0.1475727
-133.2657,-72.41728,13.0,21.16325,1.01089
-116.7729,-79.56133,13.0,27.659409999999998,0.414091
-106.8341,-99.30048000000001,13.0,33.10119,0.3491067
-114.9884,-123.2046,13.0,37.081140000000005,0.2926249
-139.399,-131.6237,13.0,29.892090000000003,-1.8882860000000001
-145.0988,-122.5994,13.0,6.2918080000000005,-0.48366899999999996
-138.722,-122.5239,13.0,10.3861,-0.4042676
-140.6323,-123.0169,13.0,7.512678999999999,0.5197737
-145.3829,-127.4784,13.0,7.494419000000001,-1.477087
-145.4946,-128.7437,13.0,3.2928040000000003,0.6505917
-143.2876,-123.4315,13.0,12.24597,0.639414
-140.0326,-112.1608,13.0,19.86405,0.27981490000000003
-149.6668,-98.76964,13.0,25.75613,0.09550752
-165.1608,-104.3718,13.0,21.7986,-0.0129282
-167.5108,-124.3672,13.0,31.38748,0.5048087
-167.5014,-150.1556,13.0,38.24775,0.4742751
-167.9523,-181.0386,13.0,44.718540000000004,0.22290320000000002
-168.0184,-216.4631,13.0,50.815509999999996,0.43533109999999997
-159.3918,-251.0122,13.0,44.49767,-0.42452619999999996
-132.3421,-254.2191,13.0,31.615959999999998,-0.6728589
-128.295,-232.5717,13.0,35.48491,0.4367049
-127.4107,-203.11900000000003,13.0,40.70243,-0.6091083
-124.2987,-184.6157,13.0,14.78075,-0.3035206
-113.7572,-181.9895,13.0,19.36775,1.059516
-105.2366,-195.4714,13.0,25.80265,0.4963803
-106.2858,-217.0575,13.0,32.79271,0.2438702
-106.8888,-243.5298,13.0,38.74607,0.3629211
-90.60041,-268.5248,13.0,42.61165,0.04442913
-60.857980000000005,-267.7483,13.0,42.565059999999995,-0.02384712
-49.1771,-239.5449,13.0,44.62001,0.21241279999999996
-45.44446,-206.4397,13.0,40.979079999999996,0.37453459999999994
-27.95712,-179.6686,13.0,46.31803,0.43288190000000004
-2.54676,-153.2334,13.0,52.24053,0.388372
9.197232000000001,-121.027,13.0,43.23028,-1.5408549999999999
-7.400100999999999,-101.8552,13.0,28.687479999999997,-0.9514436
-6.946221,-79.71406999999999,13.0,34.13974,0.2352723
-5.585814,-51.95505,13.0,40.856320000000004,0.48008900000000004
-4.597392,-19.35537,13.0,47.18055,0.46506720000000007
-4.642758000000001,17.696720000000003,13.0,51.52683,-0.800623
-21.577920000000002,41.37919,13.0,32.42181,-0.6296957
-34.26133,35.68303,13.0,13.23961,-0.08004266
-35.10947,32.58703,13.0,0.08126463,0.02172126
-35.157,32.593270000000004,13.0,0.07083884,0.04047078
-34.696020000000004,33.89607,13.0,5.545618,1.141125
-33.28002,40.65298,13.0,11.76388,-0.5153864
-32.24053,44.77485,13.0,0.7213401999999999,-0.34484440000000005
-33.56655,42.5629,13.0,7.589325,0.5978404
-41.639590000000005,42.00927,13.0,15.15668,0.26244559999999995
-55.05636,45.21979,13.0,22.1397,0.5009170999999999
-73.82670999999999,43.650290000000005,13.0,28.6774,0.24165630000000002
-97.30621,42.20616,13.0,34.72424,0.21445820000000004
-124.90700000000001,41.19938,13.0,39.89455,0.14383579999999999
-146.4379,23.52376,13.0,38.096140000000005,0.03876989
-146.399,-5.932991,13.0,42.684940000000005,0.4235689
-145.3546,-39.06449,14.0,45.0271,-0.45257390000000003
-160.6983,-59.39764,14.0,28.45301,-0.5203648
-157.29399999999998,-74.35724,14.0,25.529729999999997,0.1611741
-136.6612,-75.6898,14.0,31.0543,0.1758489
-115.7542,-87.36809000000001,14.0,35.28037,0.13127260000000002
-110.6496,-112.9312,14.0,37.831720000000004,0.1652523
-130.5969,-131.6289,14.0,37.19082,-1.546949
-146.3257,-123.2256,14.0,16.42274,-2.20463
-146.0749,-119.7317,14.0,1.879487,0.09680538
-146.9626,-118.6425,14.0,1.738423,-0.04854639
-147.7743,-117.8531,14.0,1.531169,0.2307103
-150.2147,-117.2521,14.0,3.943716,0.0014250570000000002
-150.0514,-117.0365,14.0,5.046266999999999,0.6287111999999999
-145.3855,-112.0598,14.0,13.51719,0.5594183
-147.7663,-100.3357,14.0,20.386470000000003,0.23361710000000002
-163.128,-99.32817,14.0,24.80632,0.2809237
-167.5081,-117.96600000000001,14.0,30.08342,0.2612888
-166.4962,-142.8157,14.0,37.04991,0.2425643
-166.7147,-172.771,14.0,43.71397,0.47954480000000005
-167.2793,-207.4761,14.0,49.97221,0.4459308
-162.4386,-244.1102,14.0,44.098259999999996,-1.891619
-143.8486,-254.4712,14.0,15.564789999999999,-2.457543
-141.6522,-250.7428,14.0,3.710253,-0.1639465
-139.8721,-248.5494,14.0,6.687255,-0.15755229999999998
-132.4217,-249.5949,14.0,14.41859,0.5467857
-123.14,-251.0208,14.0,11.09035,-0.1723392
-121.40299999999999,-243.2536,14.0,15.6174,0.5619894
-125.0052,-229.3075,14.0,23.42651,0.272287
-127.1704,-209.2899,14.0,30.8963,0.5295637
-125.1897,-184.8539,14.0,32.56255,-0.6831298000000001
-107.9797,-182.1061,14.0,22.40588,0.47884970000000004
-106.1265,-203.6333,14.0,39.273790000000005,1.5721459999999998
-106.5381,-239.9038,14.0,57.20613,0.03408853
-85.53981999999999,-270.5228,14.0,44.68953,-0.2866106
-54.398869999999995,-263.7335,14.0,44.103359999999995,-0.4258246
-49.13501,-232.7817,14.0,45.76408,0.45806610000000003
-41.4383,-199.0182,14.0,49.6888,0.34913059999999996
-16.02216,-170.0581,14.0,54.920190000000005,0.1970019
8.878026,-138.3604,14.0,47.96438,-1.42957
2.827433,-115.7004,14.0,26.708479999999998,-0.43178140000000004
-5.596586,-96.90881999999999,14.0,31.63065,0.4614992
-4.563535,-71.04972,14.0,38.418820000000004,0.24640749999999997
-2.5922240000000003,-40.13328,14.0,44.98964,0.22125429999999996
-2.415405,-4.492398000000001,14.0,51.15262,0.43180340000000006
-9.053848,32.17661,14.0,45.563520000000004,-0.4865665
-37.95129,42.143840000000004,14.0,44.42508,0.4639420999999999
-73.17256,40.29466,14.0,50.50197,0.4481117
-112.6541,41.24172,14.0,55.030590000000004,-0.85649
-142.547,32.30859,14.0,31.996170000000003,-1.0291139999999999
-144.6393,21.91939,14.0,1.612398,0.26951620000000004
-142.1384,24.3001,14.0,4.928837000000001,-0.13649679999999997
-141.6094,24.969720000000002,14.0,4.543391000000001,0.6220531
-145.9769,21.49284,14.0,9.577541,-0.1508039
-149.6008,22.0652,14.0,0.27830370000000004,0.7548646
-146.548,20.06079,14.0,9.551147,0.6536899
-141.4804,11.3607,14.0,17.96765,0.2900998
-140.9735,-4.916091000000001,14.0,26.057129999999997,0.5753105
-141.7558,-33.37103,1.0,2.631551,1.3621969999999999
-141.9472,-37.83505,1.0,9.52166,0.6659913000000001
-144.6851,-47.699870000000004,1.0,18.3138,0.5900932
-157.6871,-57.84591999999999,1.0,26.424870000000002,0.49665770000000004
-159.7308,-74.85708000000001,1.0,25.46421,-0.2771121
-144.1588,-70.29373000000001,1.0,26.373620000000003,0.17837089999999997
-135.875,-68.27775,1.0,0.06625096,-0.009606799000000001
-135.8552,-68.28,1.0,0.02581375,-0.0007617661999999999
-135.8367,-68.28255,1.0,0.02438463,0.009839516
-135.8507,-68.37062,1.0,1.6729009999999997,0.9687114
-135.9592,-71.34355,1.0,4.595136,-0.02641517
-135.69899999999998,-74.49344,1.0,3.854414,-0.06850865
-136.887,-76.51599,1.0,0.6860272,-0.5970667
-134.2678,-75.20551999999999,1.0,8.506381,0.6505456999999999
-124.8767,-76.33514,1.0,17.07224,0.2534229
-115.4216,-87.82794,1.0,24.44882,0.5666373
-110.1572,-107.8297,1.0,31.327959999999997,0.1976815
-121.7228,-129.3895,1.0,36.16344,0.2368127
-144.0498,-128.8523,1.0,25.4831,-1.040794
-141.6515,-114.7867,1.0,23.79168,0.2478364
-138.4576,-108.7118,1.0,0.0227811,0.003600349
-138.4584,-108.7294,1.0,0.021863900000000002,0.0059956390000000005
-138.5995,-108.6816,1.0,2.297517,1.201897
-143.2875,-108.5655,1.0,8.160164,-0.04330445
-145.6728,-110.7514,1.0,1.571607,0.21347660000000002
-144.3744,-106.4548,1.0,10.47078,0.5991754
-149.4583,-97.56915,1.0,18.21571,0.4991888
-161.3701,-97.45444,1.0,14.72526,-0.1592786
-166.6146,-108.8734,1.0,24.566,0.46476660000000003
-170.115,-131.2866,1.0,36.29345,0.5497038000000001
-163.1777,-158.9179,1.0,38.38599,-0.4003877
-166.5934,-183.83,1.0,30.598679999999998,-0.4706755999999999
-167.4835,-209.7289,1.0,40.77798,-0.2012745
-165.7643,-237.5007,1.0,33.69717,-0.3452053
-151.5864,-250.907,1.0,25.67865,0.2355574
-130.6346,-246.9751,1.0,32.05462,-0.06421991
-123.4049,-230.709,1.0,22.8827,0.08194826
-130.2599,-215.8923,1.0,22.16761,0.8075683000000001
-122.8288,-202.5578,1.0,18.13917,-0.17884979999999998
-124.8364,-189.8801,1.0,15.681870000000002,-0.2105784
-115.7693,-184.0545,1.0,19.67585,0.17110150000000002
-110.598,-194.5061,1.0,14.92719,-0.25609160000000003
-110.0377,-205.1151,1.0,16.17495,0.2991899
-108.816,-220.0506,1.0,24.13984,0.28221779999999996
-106.5084,-240.606,1.0,31.592979999999997,0.49722150000000004
-96.01735,-263.5475,1.0,37.15569,0.2853849
-69.69287,-270.4077,1.0,39.448190000000004,0.04642023
-52.2637,-248.7541,1.0,39.8015,0.1029982
-48.47047,-217.6539,1.0,44.977509999999995,0.3831105
-29.94037,-187.8463,1.0,50.26348,0.19674660000000002
-4.390688,-157.863,1.0,55.98721999999999,0.4099951
12.07646,-120.6523,1.0,47.22295,-2.8404580000000004
10.28271,-104.5223,1.0,2.485179,-0.6032875
9.748183000000001,-104.2368,1.0,0.09213014,-0.1524716
11.199539999999999,-105.1932,1.0,5.581780999999999,0.4127675
16.32496,-107.3134,1.0,8.231402000000001,-0.4266639
18.37945,-106.9653,1.0,1.9685270000000001,0.6198243
13.944820000000002,-108.5083,1.0,10.63568,0.6300159000000001
4.275362,-111.9924,1.0,16.44049,0.1381381
0.1686125,-100.2293,1.0,21.85117,0.5295128
-1.159807,-82.02226999999999,1.0,28.521559999999997,0.5201027
-5.359172,-58.88094,1.0,35.21461,0.50585
-6.218945,-30.38575,1.0,41.74269,0.4850284000000001
-6.3372839999999995,2.848696,1.0,47.8938,0.42955479999999996
-10.70535,36.60497,1.0,38.08658,-1.931011
-23.036189999999998,43.461859999999994,1.0,13.54831,0.2491437
-34.010870000000004,37.72087,1.0,20.722520000000003,0.2676435
-51.97142,39.80256,1.0,28.00964,0.5120939999999999
-75.29706999999999,39.52262,1.0,34.95145,0.24524120000000002
-103.6863,39.994659999999996,1.0,41.54783,0.4509734
-134.9574,39.29399,1.0,36.70718,-1.392021
-143.7804,25.565820000000002,1.0,12.92274,-0.8541993
-137.7489,24.28122,1.0,0.39799999999999996,-0.5996276999999999
-137.7518,24.234189999999998,1.0,0.04983075,-0.0464429
-137.8965,24.2557,1.0,2.131828,0.400654
-142.2981,24.47617,1.0,9.075172,0.3515888
-149.504,24.87714,1.0,7.0097320000000005,-0.3929995
-150.9732,25.33311,1.0,2.432693,0.32391970000000003
-147.6805,21.91198,1.0,10.59336,0.27349159999999995
-149.3946,11.95459,1.0,17.72186,0.259384
-150.6214,-2.620453,1.0,23.67091,0.49325050000000004
-146.5762,-22.18995,1.0,30.261159999999997,0.44329709999999994
-149.5317,-45.7054,2.0,32.87106,-0.44658739999999997
-166.7594,-61.0714,2.0,29.67697,-0.39489559999999996
-158.5504,-72.84444,2.0,13.675120000000001,-1.579014
-155.7264,-68.52682,2.0,0.08212493,0.02787495
-155.6868,-68.52798,2.0,0.04690553,0.043836900000000005
-155.9605,-69.52452,2.0,4.488126,0.20132979999999998
-156.4349,-73.24001,2.0,4.873337,-0.04401933
-156.9159,-75.04406999999999,2.0,1.956023,0.7295805000000001
-152.695,-72.78089,2.0,11.27622,0.6616592
-142.8627,-77.7131,2.0,19.50982,0.3063945
-129.3494,-82.86403,2.0,18.11705,-0.2811073
-117.5643,-89.91112,2.0,24.722929999999998,0.7149189
-110.9981,-110.1353,2.0,30.8987,-0.009725564
-124.99,-128.6467,2.0,32.83784,-0.005158944
-144.2463,-125.9216,2.0,21.22028,-1.042078
-139.6694,-112.0122,2.0,23.41915,-0.7000574
-146.2856,-101.6655,2.0,20.21368,0.5667359000000001
-159.9916,-105.80799999999999,2.0,17.74188,-0.5206405
-161.4614,-118.0194,2.0,17.037670000000002,0.07999126
-164.9073,-132.2822,2.0,23.931520000000003,0.5719198
-165.2805,-152.8968,2.0,31.71845,0.2898848
-165.516,-179.2752,2.0,39.1824,0.5071653
-165.9558,-210.8687,2.0,46.095929999999996,0.22655830000000002
-162.7715,-243.4879,2.0,29.77563,-2.800135
-148.4626,-251.9391,2.0,25.79737,0.5631384
-128.0837,-247.6652,2.0,29.37783,-0.455481
-128.1373,-229.3301,2.0,28.01913,0.2600593
-126.0056,-205.0828,2.0,36.5172,0.5305323000000001
-123.1318,-185.0231,2.0,11.67535,-1.928743
-114.2684,-185.4929,2.0,15.99274,0.5626962
-110.4064,-199.1045,2.0,23.62213,0.3065678
-108.5738,-219.4859,2.0,31.55203,0.5657460999999999
-104.2244,-245.2668,2.0,38.83197,0.47196520000000003
-86.82302,-269.0766,2.0,41.63134,-0.28883059999999994
-58.78783000000001,-262.8727,2.0,41.82626,0.09619618
-49.179790000000004,-234.5794,2.0,43.78672,0.5064417
-43.571909999999995,-201.0438,2.0,48.45964,0.19172329999999999
-18.85588,-172.6763,2.0,54.02907,0.4593407
6.213151,-140.4938,2.0,46.71277,-4.3368660000000006
5.270703,-122.3146,2.0,19.04064,0.6082664000000001
-5.0362800000000005,-109.1332,2.0,26.49648,0.49970249999999994
-6.744472999999999,-86.95581,2.0,33.86633,0.26433609999999996
-6.770383,-59.146269999999994,2.0,41.16231,0.5150956
-6.993494,-26.07396,2.0,47.989909999999995,0.4751048
-7.349545,11.87112,2.0,54.40441,0.45549979999999995
-16.87422,43.15059,2.0,30.33238,-2.250655
-26.0102,45.69722,2.0,1.591181,0.3453136
-26.516409999999997,41.4268,2.0,10.4458,0.28940959999999993
-36.45268,41.467259999999996,2.0,18.548779999999997,0.3111461
-51.92722,46.612429999999996,2.0,25.84003,0.2546073
-73.62924,43.05977,2.0,33.5196,0.5381208000000001
-101.2048,41.44019,2.0,40.77486,0.2536242
-133.7147,38.51316,2.0,46.345909999999996,-0.2903018
-150.5739,22.24145,2.0,18.39676,-2.690493
-148.5856,19.323420000000002,2.0,5.493666,0.6851404000000001
-143.4218,15.51565,2.0,13.89468,0.5910274
-147.8529,3.5415959999999997,2.0,21.84613,0.5578996
-148.8495,-13.44295,2.0,27.547459999999997,0.28999759999999997
-141.9525,-33.994679999999995,3.0,8.568493,0.5484517
-144.0093,-42.19764,3.0,11.45118,-0.02692509
-150.5181,-50.534459999999996,3.0,17.86794,-0.302597
-161.5886,-54.344669999999994,3.0,14.19824,-0.2666717
-166.5686,-61.032759999999996,3.0,10.48129,-0.1532287
-163.3868,-68.30094,3.0,14.19546,0.5974085
-151.2442,-72.24146999999999,3.0,21.814,0.2995438
-132.5711,-74.58455,3.0,29.39258,0.5970305
-115.4187,-85.50452,3.0,24.95264,-0.2010411
-107.88799999999999,-101.9815,3.0,29.76619,-0.2197462
-111.6328,-121.2132,3.0,23.92006,-0.2026325
-123.2053,-131.8249,3.0,21.949370000000002,0.8796567
-139.5574,-130.8164,3.0,22.35067,0.3390308
-146.2835,-111.2773,3.0,29.952679999999997,-0.4188542
-159.4218,-103.6356,3.0,16.69874,0.4296223
-166.7874,-115.5708,3.0,23.68209,0.2973122
-169.2046,-135.9415,3.0,31.59474,0.2802912
-168.6957,-161.9666,3.0,38.79743,0.5095153
-167.0211,-193.2497,3.0,45.648509999999995,0.47235790000000005
-163.9497,-228.9969,3.0,49.49909,-0.26695820000000003
-154.1449,-257.3715,3.0,33.10413,-1.3100530000000001
-135.6235,-253.2733,3.0,28.17731,0.26822840000000003
-124.8561,-233.2287,3.0,33.51444,0.1010333
-128.398,-206.9755,3.0,35.74968,-0.2309621
-123.7009,-183.1281,3.0,28.477790000000002,-0.6089903
-109.3147,-182.169,3.0,20.72684,-0.10322360000000001
-109.7103,-199.2006,3.0,26.51387,0.22032329999999997
-104.5938,-220.597,3.0,31.37818,-0.09396647
-106.1549,-241.90400000000002,3.0,27.8514,0.2980752
-99.87348,-265.5334,3.0,36.75147,0.09274811
-74.64335,-269.6804,3.0,38.168009999999995,0.24303289999999997
-59.33813000000001,-268.2713,3.0,11.28604,-0.9956082
-56.19075,-266.6782,3.0,0.9311056000000001,0.3478308
-57.199369999999995,-267.3878,3.0,0.4090048,-0.06595574
-55.83661,-266.0707,3.0,5.699666000000001,0.1561075
-52.09848,-262.45099999999996,3.0,7.947328999999999,0.03602155
-48.18655,-263.6823,3.0,1.124791,-0.642282
-49.41154,-261.3105,3.0,8.04331,0.5884955
-49.424820000000004,-252.5061,3.0,16.14157,0.295335
-45.77197,-238.0714,3.0,23.88208,0.2808073
-43.195570000000004,-217.7819,3.0,31.17479,0.5086944
-39.27277,-192.5447,3.0,37.16352,0.04366137
-20.26268,-170.8024,3.0,42.48874,0.5234584
-2.487126,-154.4761,3.0,23.56447,-0.3704354
9.173721,-144.2097,3.0,18.546039999999998,-0.3696216
11.54931,-132.80100000000002,3.0,14.068320000000002,-0.27139650000000004
5.875298,-121.5662,3.0,20.91907,0.2676386
-3.9564440000000003,-106.3995,3.0,28.134240000000002,0.5266211
-9.969737,-83.74664,3.0,34.90218,0.4674406
-9.357822,-55.58368000000001,3.0,41.27274,0.2143859
-4.5590019999999996,-22.96988,3.0,45.714259999999996,-0.6748235
-3.6989089999999996,5.739517,3.0,25.30205,-2.253612
-4.7772760000000005,14.57969,3.0,3.5422849999999997,-0.1041365
-5.814711,20.01458,3.0,12.03815,0.643084
-9.685553,31.29795,3.0,20.137729999999998,0.5603994000000001
-23.09115,42.03752,3.0,27.172659999999997,0.26933379999999996
-45.13961,44.700829999999996,3.0,33.70323,0.5024853
-72.6678,44.4099,3.0,40.51672,0.48101869999999997
-105.0092,42.25912,3.0,46.96175,0.365371
-137.1916,37.53109,3.0,39.27523,-0.006432337
-149.8304,17.30031,3.0,32.281079999999996,0.01028509
-144.1627,-6.913933999999999,3.0,36.48943,0.478892
-144.0969,-36.217929999999996,4.0,41.953109999999995,-0.2382121
-154.4214,-54.00969,4.0,18.71461,-0.3762638
-167.3759,-57.91505,4.0,18.92424,-0.1438522
-161.0924,-70.41743000000001,4.0,23.93733,0.44884650000000004
-141.4192,-72.67993,4.0,30.344,0.41160420000000003
-119.4567,-83.11769,4.0,36.07685,0.379094
-108.4164,-108.2303,4.0,38.28633,-0.49390020000000007
-123.4076,-130.7824,4.0,36.82227,-0.376812
-144.4444,-124.4096,4.0,30.05675,-0.1698571
-146.2324,-102.6533,4.0,27.88761,-2.347291
-158.6422,-100.2637,4.0,19.569029999999998,1.272348
-167.0123,-114.5717,4.0,26.52218,0.5423276
-170.1622,-136.7326,4.0,33.804970000000004,0.4880941
-168.8402,-164.14700000000002,4.0,40.42465,0.46372700000000006
-166.0224,-196.3621,4.0,46.85094,0.2140424
-163.2585,-232.5194,4.0,46.33589,-0.8022172
-156.3074,-252.9212,4.0,19.848,-0.3295453
-142.2785,-258.1912,4.0,23.76867,0.21472950000000002
-129.3574,-247.1477,4.0,27.5949,0.2644681
-125.2057,-224.4423,4.0,34.213809999999995,0.190195
-128.6815,-197.1586,4.0,39.60738,-0.01159701
-112.9572,-176.8037,4.0,33.107479999999995,-0.8281704
-99.45075,-188.2174,4.0,23.1108,-0.1819016
-112.6652,-196.7997,4.0,23.74548,-0.1569469
-114.555,-201.554,4.0,0.01679975,0.00034956980000000004
-114.5533,-201.5516,4.0,0.1868539,0.2855946
-112.1275,-201.6249,4.0,5.915405000000001,0.1502352
-109.6965,-198.4632,4.0,2.478141,-0.5998387
-109.57600000000001,-199.5178,4.0,5.1629,0.5321262
-108.3897,-205.8396,4.0,12.13841,0.254332
-106.1948,-217.1378,4.0,18.737460000000002,0.4459444
-105.2923,-233.2219,4.0,24.77544,0.2030068
-104.6847,-253.5562,4.0,30.030820000000002,0.30246940000000005
-89.72131,-270.6611,4.0,33.04575,0.05262321
-64.70100000000001,-268.4508,4.0,36.449740000000006,0.2581516
-49.353590000000004,-247.3509,4.0,37.22201,0.2644528
-48.0515,-218.1096,4.0,41.66748,0.2722962
-36.4148,-187.8743,4.0,45.59775,0.1511247
-11.860999999999999,-164.1093,4.0,45.38762,0.1260906
5.456792,-148.0858,4.0,21.72264,-0.45325959999999993
12.732330000000001,-136.7884,4.0,15.852379999999998,0.2639228
6.404431,-122.4738,4.0,25.39839,0.4427884
-5.010578,-105.2369,4.0,30.6315,0.3796775
-10.23307,-81.14159000000001,4.0,35.79375,0.170432
-9.171286,-52.89606,4.0,40.651790000000005,0.3472315
-3.4086769999999995,-21.50882,4.0,45.37462,0.3304395
-3.404661,13.28919,4.0,48.60225,-0.06701329
-14.21106,36.33484,4.0,28.49229,0.32271320000000003
-35.340540000000004,43.81556,4.0,33.01778,0.3550173
-61.67805,43.22694,4.0,38.15248,0.1799483
-91.83495,42.833,4.0,43.04226,0.16102
-123.2494,39.65163,4.0,37.96908,-1.5104540000000002
-139.8906,35.851420000000005,4.0,15.41579,0.2153269
-147.1785,24.79641,4.0,21.23653,0.4136196
-147.1078,7.022196000000001,4.0,26.94443,0.1974918
-142.5955,-14.58806,4.0,32.527159999999995,0.18327720000000003
-143.7129,-39.32457,5.0,31.184079999999998,-0.38351690000000005
-158.1097,-53.08371999999999,5.0,28.268559999999997,0.38727790000000006
-168.3127,-66.0288,5.0,18.25241,-0.03966271
-156.9362,-69.71693,5.0,16.58334,0.6885634
-141.3048,-72.72239,5.0,24.85215,0.42783059999999995
-122.0224,-79.51865,5.0,30.3281,0.33770659999999997
-108.1062,-97.98655,5.0,33.64456,0.0853659
-113.2205,-122.1379,5.0,32.74747,-0.1413009
-131.1857,-133.0645,5.0,25.96875,-0.6764371
-142.4739,-121.6157,5.0,25.025270000000003,0.4125568
-151.7945,-103.8851,5.0,29.30323,-0.47828509999999996
-165.6679,-104.2573,5.0,15.093979999999998,-0.285765
-164.8853,-116.7398,5.0,19.77457,0.8202517
-167.5497,-134.7704,5.0,31.465970000000002,1.3159020000000001
-168.4871,-164.7817,5.0,46.026379999999996,0.3639703
-164.2695,-200.7961,5.0,51.5356,-0.4379943
-164.0597,-229.2105,5.0,22.6713,-0.4864661
-162.5368,-243.78099999999998,5.0,17.05689,-0.4368268
-156.9659,-253.6241,5.0,17.17115,0.9565358
-142.1893,-260.1089,5.0,26.36027,0.28921209999999997
-127.7507,-244.5522,5.0,35.6548,0.9711993
-126.6083,-215.2407,5.0,40.32795,-0.7222215999999999
-128.3675,-193.7185,5.0,20.04349,-0.46918180000000004
-121.7297,-183.4075,5.0,17.03345,0.7417781
-106.7834,-185.4885,5.0,24.36956,-0.016509799999999998
-102.5615,-204.2984,5.0,31.248890000000003,0.897386
-104.4977,-230.1233,5.0,37.15746,0.1872595
-104.6209,-255.8561,5.0,30.966829999999998,-0.6020723000000001
-89.91258,-270.7262,5.0,31.37817,0.1394793
-65.67498,-269.2118,5.0,35.263909999999996,0.09127275
-50.55596,-248.6768,5.0,37.26517,0.3280057
-46.64645,-219.3315,5.0,42.14241,0.34377270000000004
-37.74366,-187.9102,5.0,46.0516,0.1474166
-13.7428,-163.1889,5.0,41.02502,-3.8835290000000002
-0.802808,-154.7112,5.0,12.78713,-0.3744255
5.515225,-150.0787,5.0,8.480659,-0.1474422
9.556830999999999,-146.1804,5.0,9.204728999999999,0.4950145
13.202020000000001,-137.8338,5.0,15.67711,0.22120689999999998
8.834027,-124.9379,5.0,21.63821,0.41639890000000007
-1.810412,-110.2334,5.0,27.378859999999996,0.20616529999999997
-8.932642999999999,-89.11154,5.0,32.78644,0.3761531
-10.22237,-63.10782,5.0,37.72251,0.1675172
-4.874811,-33.79865,5.0,42.58728,0.16197650000000002
-1.33455,-0.9939382999999999,5.0,43.25773,-1.615285
-5.458413,21.94128,5.0,14.475,-2.932163
-8.973075,29.799259999999997,5.0,15.330179999999999,0.4902643
-18.14454,39.64837,5.0,21.31689,0.20966089999999998
-35.06702,44.97983,5.0,26.94097,0.20854699999999998
-57.09757,45.14433,5.0,32.53998,0.3920265
-83.19575999999999,44.181540000000005,5.0,37.82692,0.4023955
-112.8231,41.740140000000004,5.0,40.22562,-0.6165782
-135.1638,38.8053,5.0,18.24377,-0.09182802
-145.852,27.33768,5.0,24.59406,0.4012985
-147.4356,7.406581,5.0,29.791179999999997,0.370052
-142.4436,-16.13525,5.0,35.10613,0.37747909999999996
-143.7167,-38.9735,6.0,18.846610000000002,-1.015391
-148.2542,-48.42152,6.0,17.981370000000002,0.9107251000000001
-159.7719,-55.350880000000004,6.0,16.067339999999998,-0.3969553
-166.2439,-62.35083,6.0,13.940220000000002,0.7270047
-157.9838,-72.44776999999999,6.0,23.0744,0.4426371
-135.9474,-72.42728000000001,6.0,36.07682,0.605438
-111.9648,-88.87586,6.0,40.75305,-0.3103317
-114.0963,-112.4878,6.0,21.306729999999998,-1.142464
-117.7395,-121.4824,6.0,12.69508,0.3109687
-124.4076,-132.434,6.0,17.11346,-0.16637120000000002
-137.8744,-132.0371,6.0,22.04145,0.3717455
-145.0431,-116.00399999999999,6.0,27.97008,0.4288315
-149.7266,-104.7271,6.0,7.462342,-0.268384
-155.7811,-101.0708,6.0,13.758729999999998,0.6266129
-165.4971,-105.0814,6.0,16.15867,0.4983175
-167.4975,-120.7697,6.0,28.07126,0.49717659999999997
-168.9235,-146.6092,6.0,40.94867,0.8636187
-167.6751,-181.0074,6.0,51.677,0.7128688
-163.8619,-220.3437,6.0,49.93634,-0.8357146999999999
-160.761,-251.6068,6.0,33.9669,-1.485891
-143.3965,-257.8979,6.0,21.98325,-0.26438590000000006
-130.4945,-250.7227,6.0,22.95457,1.152508
-125.0763,-232.3988,6.0,28.679059999999996,0.4115657999999999
-127.1854,-209.3347,6.0,33.992259999999995,0.3954884
-126.8525,-186.1132,6.0,20.49725,-2.4826
-114.6538,-182.6935,6.0,20.942510000000002,0.34564259999999997
-103.9721,-195.0513,6.0,25.45189,0.3947415
-103.0557,-215.8398,6.0,30.877959999999998,0.39296279999999995
-105.7498,-240.5493,6.0,36.20706,0.3487066
-99.27687,-267.1905,6.0,37.791109999999996,-0.3836506
-75.59340999999999,-271.0049,6.0,29.77177,-0.5503678000000001
-57.27673000000001,-265.1933,6.0,22.25006,-0.24048179999999997
-48.86736,-249.40900000000002,6.0,28.861720000000002,0.3878565
-45.26611,-226.1908,6.0,34.33952,0.1871616
-42.08912,-199.0269,6.0,39.379979999999996,0.3048841
-26.45849,-174.2919,6.0,41.79603,0.324755
-4.460309,-158.0308,6.0,23.88695,-2.288586
4.488873,-151.2282,6.0,12.10684,-0.05786824
10.79474,-144.3743,6.0,14.08325,0.3214486
12.08943,-131.5057,6.0,22.19712,0.5777057
-0.2899831,-115.4227,6.0,34.27247,0.5084068
-8.982753,-86.56241,6.0,47.86893,0.9273142
-7.957877000000001,-46.59583,6.0,59.63074,0.5195681
-1.178084,-2.394195,6.0,57.0859,-1.4564030000000001
-6.749785,23.989179999999998,6.0,21.773120000000002,-0.4582749
-15.202589999999999,37.80388,6.0,25.03676,0.3342903
-36.26892,45.00886,6.0,36.63629,1.004838
-68.94913000000001,44.5439,6.0,51.582190000000004,0.9968643
-110.3421,42.2298,6.0,46.77145,-4.546277
-127.7811,39.22547,6.0,13.43924,-0.35231209999999996
-138.7133,36.46856,6.0,21.592489999999998,0.4140776
-147.5627,22.11917,6.0,26.20399,0.3924086
-145.8626,0.7857506,6.0,31.73051,0.40642480000000003
-141.0766,-24.262710000000002,6.0,36.64496,0.21787689999999998
-142.1141,-37.101859999999995,7.0,10.084660000000001,0.49106530000000004
-145.3801,-46.41019,7.0,16.56599,0.427224
-157.6117,-53.525209999999994,7.0,22.35737,0.19469679999999998
-168.2621,-65.12602,7.0,19.06491,-0.30334679999999997
-163.0102,-75.40705,7.0,16.22365,0.20101839999999999
-150.167,-75.86101,7.0,19.77376,0.29778309999999997
-135.4313,-73.20685,7.0,21.462629999999997,0.22064339999999996
-119.1823,-79.52375,7.0,28.30214,0.17911029999999997
-108.2073,-98.70059,7.0,32.31329,0.13517300000000002
-115.3025,-122.1184,7.0,35.42154,0.2075091
-139.1835,-131.3322,7.0,32.812529999999995,-0.7392574000000001
-146.6719,-120.035,7.0,12.63598,-0.8801530000000001
-142.9434,-112.585,7.0,15.78739,0.9409884
-149.9803,-102.6963,7.0,16.54769,0.04024515
-162.8658,-104.5644,7.0,21.32668,0.1143848
-166.215,-118.7227,7.0,20.38949,0.4104667
-166.8048,-136.7036,7.0,29.553040000000003,1.01071
-169.5196,-163.7904,7.0,43.630759999999995,0.906485
-170.0244,-200.6147,7.0,55.47831,0.7608579000000001
-167.109,-237.9558,7.0,41.52214,-1.278952
-152.1837,-253.9896,7.0,25.391070000000003,-0.3199961
-135.5538,-252.6439,7.0,22.519779999999997,0.1401208
-125.7954,-239.1248,7.0,28.231509999999997,1.008889
-126.0633,-215.6578,7.0,34.42066,0.3899571
-125.4277,-188.517,7.0,34.90185,-1.28209
-115.3846,-180.0856,7.0,13.79786,0.25352210000000003
-109.6469,-191.6188,7.0,21.62753,0.43663950000000007
-108.8424,-209.8692,7.0,27.59058,0.415354
-108.538,-232.3833,7.0,33.16043,0.1915392
-102.5811,-257.5823,7.0,37.214620000000004,0.09028127
-79.49091,-272.7384,7.0,39.3261,0.0114185
-54.44735,-261.1588,7.0,39.34438,0.02252143
-49.259209999999996,-232.1045,7.0,42.40958,0.3392338
-41.60315,-200.6668,7.0,45.27768,0.0536606
-18.27619,-174.5592,7.0,49.51113,0.1478361
4.970825,-145.5048,7.0,43.2952,-2.4408819999999998
7.610180000000001,-124.256,7.0,23.36478,0.4364683
-4.09925,-106.8214,7.0,32.17674,0.6005592
-4.363719000000001,-78.14333,7.0,47.67286,0.6387708000000001
-0.53684,-36.7695,7.0,64.04227,1.082794
-2.374868,11.92817,7.0,60.63304,-1.3301690000000002
-14.757539999999999,40.8121,7.0,30.73375,-1.184131
-38.53342,40.751329999999996,7.0,38.4311,0.174653
-68.90086,40.41166,7.0,43.34493,0.1657615
-102.7406,40.96859,7.0,47.96075,0.31957240000000003
-138.0271,38.002359999999996,7.0,40.32782,-1.6520869999999999
-146.9798,19.52589,7.0,29.45048,0.2001869
-145.1912,-4.301204,7.0,34.86654,0.18791760000000002
-145.88299999999998,-32.023990000000005,7.0,39.97723,0.35645820000000006
-159.1372,-55.62485,8.0,34.75331,-0.2818153
-168.1541,-69.54379,8.0,22.53385,0.7499983
-153.0157,-78.95921,8.0,28.30469,0.3177649
-130.3723,-78.00478000000001,8.0,32.53156,0.08634645
-112.8719,-95.06415,8.0,35.43182,0.1822444
-115.185,-121.0117,8.0,37.115990000000004,0.02623563
-138.7735,-131.779,8.0,31.24724,-0.9639996999999999
-146.4512,-127.29,8.0,2.510293,0.154612
-142.9,-123.8469,8.0,10.50708,0.48020150000000006
-142.828,-114.0426,8.0,16.79401,0.2106689
-152.5719,-103.5424,8.0,22.37475,0.3134965
-166.8695,-108.8796,8.0,24.04341,0.19729639999999998
-166.6571,-128.249,8.0,29.129490000000004,0.3907155
-169.3053,-151.5857,8.0,34.38711,0.4151792
-170.7384,-178.7229,8.0,39.22205,0.1782787
-169.0274,-209.6814,8.0,44.07545,0.3422515
-165.5765,-243.415,8.0,44.7862,-0.48361809999999994
-143.2224,-256.3713,8.0,31.46027,-0.9796501
-128.4965,-241.9225,8.0,30.74158,0.18769260000000001
-127.3357,-217.6795,8.0,35.50271,0.1875506
-125.7024,-189.8642,8.0,37.4034,-0.9507233
-113.5123,-179.9521,8.0,14.93803,-0.45294809999999996
-107.4188,-190.9052,8.0,20.78364,0.21884450000000003
-106.67,-208.5294,8.0,26.79976,0.4195205
-105.9227,-230.5603,8.0,32.434470000000005,0.1961239
-101.9573,-255.8958,8.0,36.896390000000004,0.188611
-80.6518,-272.5654,8.0,38.59013,0.006339376999999999
-55.21144,-262.2867,8.0,39.454409999999996,0.06680299
-47.121359999999996,-234.1428,8.0,42.17273,0.1718566
-42.45697,-201.7846,8.0,45.61972,-0.04788506
-19.66146,-176.3747,8.0,48.30294,0.3131368
3.6526970000000003,-147.7227,8.0,48.499970000000005,-1.204193
5.923998,-120.1801,8.0,33.193940000000005,0.03359858
-7.083846,-96.1543,8.0,38.9711,-0.01343038
-2.448801,-66.2298,8.0,43.222609999999996,0.16140870000000002
-1.305315,-32.46038,8.0,47.77721,0.1587868
-1.954747,4.550031,8.0,52.12043,0.27095929999999996
-11.819230000000001,37.89342,8.0,36.72723,-1.6885009999999998
-26.185270000000003,41.84178,8.0,5.80961,-0.8100961
-28.10412,37.51096,8.0,9.919042,0.2309382
-36.55235,40.51249,8.0,16.2321,0.2254019
-46.60765,48.54045,8.0,11.80503,-1.1477620000000002
-48.0227,48.58677,8.0,0.02417916,0.01026733
-48.30011,47.60267,8.0,3.878532,0.2086883
-47.83031,44.0813,8.0,5.0570330000000006,-0.03442854
-47.761759999999995,43.77042,8.0,4.793789,0.6642401
-54.0668,46.37952,8.0,13.75286,0.6179816999999999
-67.31841,45.0746,8.0,22.220229999999997,0.6022981
-86.63103000000001,42.62212,8.0,30.17892,0.5661699
-111.6106,43.364090000000004,8.0,37.44743,0.2639232
-138.9613,37.58413,8.0,38.79141,-0.16041470000000002
-143.9581,9.465178,8.0,43.279379999999996,0.29366240000000005
-146.9723,-25.12205,8.0,47.42035,-0.5770299
-142.0898,-34.930009999999996,9.0,2.569413,-0.05517394
-143.3839,-39.978840000000005,9.0,12.69088,0.6332673000000001
-148.3918,-48.656009999999995,9.0,12.44341,-0.1957958
-156.4224,-52.88445,9.0,14.582429999999999,-0.209247
-165.0787,-56.8735,9.0,11.47221,-0.2318442
-166.548,-64.64549,9.0,14.38538,1.034405
-156.2307,-73.37368000000001,9.0,19.2837,-0.3617364
-143.4119,-72.83791,9.0,15.590520000000001,-0.11562249999999999
-130.2513,-74.67461,9.0,24.62708,0.27465290000000003
-114.4998,-84.86086,9.0,26.014960000000002,0.021526499999999997
-107.2696,-102.4518,9.0,24.80199,-0.39425540000000003
-108.7741,-115.0564,9.0,11.968919999999999,-0.1848973
-112.2754,-123.78299999999999,9.0,18.14627,1.256146
-123.359,-134.037,9.0,19.548289999999998,-0.1759569
-135.9291,-133.6161,9.0,15.66523,-0.1099903
-144.3936,-123.5234,9.0,23.20703,0.597262
-150.5866,-105.0305,9.0,23.10577,-1.257608
-160.558,-99.68786999999999,9.0,13.3451,-0.1725001
-166.3477,-108.4912,9.0,20.77251,1.1319620000000001
-168.4612,-129.2881,9.0,35.22978,1.016181
-169.0591,-159.5618,9.0,44.49442,0.3437482
-165.9918,-193.8092,9.0,47.948190000000004,0.2012835
-163.2322,-226.3347,9.0,39.27962,-0.9257603000000001
-160.0995,-249.0178,9.0,25.64605,-0.2547491
-147.4535,-259.6402,9.0,20.196170000000002,-0.1857765
-134.6582,-256.6354,9.0,21.36954,0.9277619
-125.5172,-237.6524,9.0,34.97889,0.5640284000000001
-127.1426,-210.7803,9.0,33.8833,-0.8427464
-128.6487,-193.5575,9.0,15.5104,-0.23333249999999997
-125.1611,-183.9486,9.0,13.70831,0.6395165
-112.7687,-182.4053,9.0,18.81012,-0.1615373
-103.9128,-190.2939,9.0,14.8517,0.08975945
-102.5558,-205.6504,9.0,28.375999999999998,0.9977613000000001
-104.9729,-230.4333,9.0,37.5224,0.4482424
-104.0268,-257.4083,9.0,35.1893,-0.3027667
-86.20103,-272.7851,9.0,32.59988,0.11681330000000001
-62.959140000000005,-268.2728,9.0,32.104209999999995,-0.11794500000000001
-49.994009999999996,-248.4918,9.0,34.40562,0.1201989
-45.69484,-222.3115,9.0,36.78504,0.1541963
-40.919779999999996,-196.1544,9.0,34.408609999999996,-0.2083968
-29.47399,-175.9589,9.0,28.650570000000002,-0.41539440000000005
-14.47199,-164.1329,9.0,23.38949,-0.1633921
-1.1149040000000001,-155.3277,9.0,19.781779999999998,-0.2871705
9.464764,-146.5745,9.0,19.5017,0.2570982
11.53585,-130.6227,9.0,25.34232,0.47504480000000004
-0.8845968000000001,-114.2924,9.0,29.42928,0.1053468
-9.071539,-94.00603000000001,9.0,30.04198,0.05515524
-11.25425,-71.27139,9.0,32.67374,0.15258229999999998
-8.203323,-46.02077,9.0,35.31305,0.05221525
-3.501924,-19.852829999999997,9.0,36.4225,0.07731652
-2.287348,6.20545,9.0,30.82705,-1.0236180000000001
-6.289272,24.51632,9.0,20.8219,-0.6206461999999999
-14.48122,37.25221,9.0,24.86574,0.2697142
-33.75802,45.12845,9.0,31.86382,0.4772222
-59.90323000000001,43.9071,9.0,38.9883,0.5120745
-91.4866,44.035709999999995,9.0,45.854420000000005,0.47911390000000004
-126.1548,40.52467,9.0,42.97278,-1.474108
-146.8548,26.776390000000003,9.0,34.42552,-0.11172750000000001
-142.5654,0.38213270000000005,9.0,39.52452,0.2187268
-142.9731,-29.14674,9.0,32.28625,-4.291725
-146.4697,-43.29,10.0,17.273039999999998,0.9011365
-156.0305,-53.562630000000006,10.0,17.9484,-0.27518159999999997
-166.14700000000002,-59.56576999999999,10.0,13.9738,-0.3669551
-164.34799999999998,-69.63037,10.0,18.2512,0.26022629999999997
-151.9358,-72.96623000000001,10.0,18.32104,0.0465874
-138.5704,-72.92315,10.0,17.08461,-0.1723708
-122.7485,-78.15438,10.0,27.271390000000004,0.5163095999999999
-108.4899,-95.01686,10.0,33.44186,0.3644839
-110.5934,-120.5857,10.0,33.017920000000004,-1.2415129999999999
-124.4102,-132.7483,10.0,21.86345,-0.19912729999999998
-138.3003,-131.7407,10.0,17.01089,-0.16185429999999998
-145.3552,-119.0036,10.0,24.41834,0.45990070000000005
-150.2067,-104.789,10.0,6.285315,-2.808176
-153.9859,-101.6186,10.0,11.06284,0.5407310000000001
-163.9149,-102.9077,10.0,17.68393,0.4175456
-167.7768,-117.5511,10.0,24.36195,0.5120657999999999
-168.8247,-138.1892,10.0,31.33773,0.5554656
-168.4501,-163.6285,10.0,36.23608,0.4742552
-166.9968,-191.9067,10.0,39.68935,0.06465795
-164.4381,-219.8952,10.0,34.311859999999996,-0.29575100000000004
-162.8887,-242.6073,10.0,27.29056,-0.4968581
-153.2877,-256.818,10.0,20.543770000000002,-0.21746639999999998
-137.1936,-258.3172,10.0,23.84903,-0.02972594
-127.2246,-243.3109,10.0,26.64296,0.2770551
-125.1097,-222.7622,10.0,29.7133,0.2359935
-127.5996,-201.5192,10.0,23.161929999999998,-0.8035419
-127.6861,-188.7513,10.0,14.58015,-0.1701595
-121.54799999999999,-182.2266,10.0,13.81935,0.4631651
-109.4261,-183.7896,10.0,18.38504,-0.03051975
-103.0337,-194.9952,10.0,19.23473,0.1802645
-103.6797,-210.2245,10.0,21.73141,0.09611449
-104.8147,-226.3355,10.0,22.62208,0.3472533
-106.1023,-245.9181,10.0,29.71848,0.13032080000000001
-99.75439,-266.3777,10.0,29.05961,0.1405482
-77.02431,-272.2205,10.0,36.698679999999996,0.1754707
-53.27169,-259.2566,10.0,37.78689,-0.1056558
-47.51645,-230.0715,10.0,42.94701,0.1002512
-41.802240000000005,-199.26,10.0,38.88111,-0.6461833
-29.712329999999998,-176.8482,10.0,30.56952,-0.2674851
-13.973189999999999,-164.2383,10.0,24.21435,-0.20157070000000002
-4.299791,-157.4967,10.0,13.70986,0.6843621999999999
6.770244,-149.2707,10.0,19.550620000000002,-0.13251500000000002
13.43215,-135.8827,10.0,25.57977,0.2958942
2.211907,-119.0312,10.0,30.93262,0.4390094
-8.496417,-96.9687,10.0,35.627590000000005,-0.30477459999999995
-10.31883,-73.01348,10.0,32.49625,0.4909173
-7.974024000000001,-46.66969,10.0,38.87601,0.2134556
-3.208708,-15.92436,10.0,44.865320000000004,0.1883226
-3.839128,18.80317,10.0,47.90357,-0.5766507
-23.90693,42.29834,10.0,43.02835,0.275167
-57.18536999999999,44.33422,10.0,47.832159999999995,0.3604672
-94.51661,43.5066,10.0,53.05835,0.1711601
-130.8385,39.11603,10.0,40.18357,-0.7130314
-148.9485,20.27311,10.0,36.71861,-0.05433568
-141.8391,-7.3599619999999994,10.0,41.11842,0.3428718
-144.8823,-35.71209,11.0,32.67502,0.4695736
-159.6525,-56.51642,11.0,37.25779,0.2073487
-169.3207,-76.03723000000001,11.0,23.38823,-1.154053
-157.1989,-77.70265,11.0,21.38502,0.4981196
-142.3037,-69.54897,11.0,26.18688,0.1268999
-123.3446,-79.76298,11.0,32.748940000000005,1.1128639999999999
-109.5985,-97.99922,11.0,32.84368,0.2870243
-114.1953,-122.2956,11.0,31.21087,-1.664653
-130.9773,-133.0451,11.0,28.74577,0.20416600000000001
-144.8134,-117.8948,11.0,32.289159999999995,0.11813879999999999
-148.3662,-102.8351,11.0,9.684804,0.207389
-160.0496,-101.5763,11.0,22.188579999999998,0.6498536
-166.7173,-117.2362,11.0,27.156859999999998,0.2459502
-166.5637,-139.8003,11.0,33.78152,0.4717639
-168.2049,-167.0581,11.0,39.87843,0.4422008
-165.1855,-198.6722,11.0,45.84773,0.4124334
-162.7258,-233.523,11.0,44.39536,-0.6161134
-153.0174,-256.8323,11.0,28.11795,0.2653335
-132.6457,-256.1595,11.0,29.5984,0.1223275
-125.5785,-234.0199,11.0,34.64972,0.4342955
-127.4244,-206.2815,11.0,37.52296,-0.7438213
-123.1105,-182.3937,11.0,28.382859999999997,-1.309065
-107.5135,-185.6827,11.0,24.0121,0.1156271
-107.2187,-205.5054,11.0,30.01473,0.45146440000000004
-106.2668,-229.8792,11.0,36.16955,0.2328283
-104.0852,-258.2719,11.0,40.946870000000004,0.11193550000000001
-80.45653,-272.4393,11.0,39.7966,0.159079
-53.506769999999996,-260.1748,11.0,41.16663,-0.1616827
-45.73489,-229.5146,11.0,45.508379999999995,0.19574760000000002
-39.578590000000005,-194.3805,11.0,50.5572,0.22703009999999998
-16.56017,-166.4525,11.0,43.57427,-1.563575
5.022691,-151.2483,11.0,30.817809999999998,-0.5593942
11.99559,-133.5207,11.0,22.77533,-0.495619
2.503835,-117.5557,11.0,28.74434,0.4989501
-7.56261,-96.61211,11.0,34.696870000000004,0.46503900000000004
-10.39047,-68.84566,11.0,40.73532,0.39693140000000005
-5.988174,-36.8017,11.0,46.50575,0.4170192
-1.762748,-0.7003129,11.0,51.67349,0.1524511
-12.00793,35.50692,11.0,48.364129999999996,-0.3869041
-43.60183,44.89008,11.0,47.31322,0.1872771
-80.70968,41.99947,11.0,52.79583,0.37660770000000005
-120.8363,40.391040000000004,11.0,50.87167,-1.235257
-148.2616,25.37258,11.0,41.164120000000004,-0.3044696
-144.5134,-4.181816,11.0,42.99628,0.35625419999999997
-143.9132,-36.542229999999996,12.0,40.599270000000004,-1.262408
-158.8375,-52.94101,12.0,28.211840000000002,0.4389812
-167.7221,-67.51588000000001,12.0,23.680320000000002,0.207958
-151.0883,-71.49438,12.0,27.4339,0.4881864000000001
-128.9612,-74.50241,12.0,33.44885,0.4121523
-109.5214,-91.9386,12.0,37.969120000000004,0.2431535
-110.264,-117.8674,12.0,30.56123,-0.9238448
-125.7967,-131.2298,12.0,25.81126,-0.25728629999999997
-141.9895,-129.9748,12.0,23.573420000000002,0.1315511
-146.9153,-111.9002,12.0,28.9373,0.3632626
-158.9975,-100.4661,12.0,20.31907,-0.6967401
-167.6191,-111.7794,12.0,25.57838,0.4784445
-167.2696,-135.8845,12.0,36.86715,0.4117369000000001
-168.4068,-165.2236,12.0,42.56134,0.20076259999999999
-166.0563,-198.9717,12.0,48.363479999999996,0.43228279999999997
-163.8697,-236.0527,12.0,47.23571,-0.7570774
-148.1983,-258.4642,12.0,30.859209999999997,-1.18324
-131.5349,-247.8422,12.0,30.35083,0.30391840000000003
-126.0477,-224.0285,12.0,35.997679999999995,0.43276499999999996
-128.2458,-197.2633,12.0,33.56658,-0.07166772
-117.3153,-179.7336,12.0,28.50171,-0.23206129999999997
-106.9563,-192.0758,12.0,25.29104,0.4202745
-110.4524,-212.7113,12.0,31.629459999999998,0.23233939999999997
-108.5702,-238.5493,12.0,38.09618,0.46663459999999995
-98.59937,-266.2268,12.0,40.97616,-0.21872039999999998
-70.46216,-269.8936,12.0,41.48016,0.1592112
-46.327,-252.7929,12.0,37.9163,-0.5764705
-52.9969,-229.4447,12.0,30.264770000000002,-0.4818777
-52.9428,-217.7824,12.0,5.539231,-0.14752910000000002
-53.36091,-214.8674,12.0,0.08111669999999999,-0.6915946999999999
-51.72075,-217.5786,12.0,8.523844,0.25671309999999997
-44.02438,-216.3117,12.0,15.2425,0.508976
-41.82734,-205.9694,12.0,12.578380000000001,-0.2477647
-40.62679,-193.47299999999998,12.0,21.54358,0.5113317000000001
-32.20966,-177.1878,12.0,28.214709999999997,0.4814407
-13.795129999999999,-163.1208,12.0,34.629509999999996,0.476516
7.742614,-146.7867,12.0,37.097229999999996,-0.009537394
9.436733,-125.1187,12.0,28.945009999999996,0.2214063
-5.283192,-102.4933,12.0,44.34724,0.5488536999999999
-10.34303,-65.96349000000001,12.0,53.51821999999999,0.3225453
-3.772178,-25.08727,12.0,58.34296,0.1473877
-4.035707,16.74819,12.0,47.36177,-2.352763
-16.69021,38.91097,12.0,35.90822,0.12396510000000001
-42.957679999999996,45.41499,12.0,39.68871,0.21667089999999997
-74.483,44.5392,12.0,45.5248,0.4202103
-110.146,41.816759999999995,12.0,50.93215,-0.002509195
-145.0755,34.23457,12.0,46.31082,-0.6542737
-152.4646,14.602360000000001,12.0,12.78224,-2.1541
-152.825,12.7341,12.0,4.91055,0.46967129999999996
-147.5463,9.424132,12.0,12.89128,0.5825648
-146.314,-2.866875,12.0,20.44174,0.5224794
-143.1136,-20.37914,12.0,27.565620000000003,0.5086733
-142.0342,-34.6694,13.0,6.284885,0.2991847
-144.2545,-41.99323,13.0,14.321470000000001,0.5531371999999999
-153.6028,-51.18915,13.0,21.548189999999998,0.5106289
-166.89,-62.427640000000004,13.0,23.54534,-0.34488820000000003
-161.5694,-74.79661999999999,13.0,17.58568,0.08592051
-147.3687,-74.66715,13.0,21.69308,-0.2802498
-133.1074,-72.4354,13.0,21.29231,0.7703991
-116.6208,-79.69884,13.0,27.72846,0.4159483
-106.8073,-99.53607,13.0,33.12908,0.1760781
-115.1738,-123.3973,13.0,37.130590000000005,0.30676970000000003
-139.606,-131.548,13.0,29.56945,-1.9504139999999999
-145.0545,-122.583,13.0,6.221502,-0.4187987
-138.654,-122.4966,13.0,10.253810000000001,-0.8224033000000002
-140.6865,-123.0331,13.0,7.601186,0.5301385999999999
-145.3947,-127.5313,13.0,7.365487,-0.7995565
-145.4925,-128.7201,13.0,3.4049669999999996,0.7053793
-143.2394,-123.352,13.0,12.295960000000001,0.29679229999999995
-140.05200000000002,-112.0119,13.0,19.95412,0.5252296999999999
-149.8439,-98.69395,13.0,25.78854,0.18816470000000002
-165.2376,-104.5185,13.0,21.837329999999998,0.2254939
-167.5239,-124.5937,13.0,31.4728,0.5283275
-167.5024,-150.4335,13.0,38.28563,0.23725529999999997
-167.9547,-181.3715,13.0,44.7962,0.45832920000000005
-168.0223,-216.8483,13.0,50.88667,0.41606850000000006
-159.1582,-251.2342,13.0,44.462309999999995,-0.22289629999999996
-132.1611,-254.0722,13.0,31.40213,-1.2731629999999998
-128.3118,-232.3071,13.0,35.62986,0.8545825
-127.4208,-202.8114,13.0,40.60048,-0.6068729
-124.2249,-184.5401,13.0,14.728539999999999,-0.3262816
-113.6284,-182.0381,13.0,19.45427,0.5605291
-105.2096,-195.6539,13.0,25.84313,0.2589126
-106.3218,-217.2883,13.0,32.87887,0.534749
-106.81700000000001,-243.8037,13.0,38.80738,0.3735948
-90.33317,-268.6926,13.0,42.617290000000004,0.03415119
-60.613009999999996,-267.5693,13.0,42.56183,-0.02050458
-49.16441,-239.2253,13.0,44.69686,0.4717731
-45.34967,-206.1517,13.0,41.0411,0.3718203
-27.71862,-179.4248,13.0,46.351859999999995,0.21139000000000002
-2.2856959999999997,-152.9348,13.0,52.30415,0.3820264
9.111115,-120.7106,13.0,43.1034,-0.7574468000000001
-7.504173,-101.6649,13.0,28.616459999999996,-0.4341719
-6.918049000000001,-79.46976,13.0,34.2229,0.5048115
-5.579324,-51.6523,13.0,40.93464,0.47292740000000005
-4.578964,-19.006320000000002,13.0,47.214690000000004,0.2095524
-4.700922,18.06251,13.0,51.446909999999995,-0.5670763000000001
-21.816029999999998,41.43505,13.0,32.20214,-1.295678
-34.261340000000004,35.587309999999995,13.0,13.24071,0.006924815
-35.110040000000005,32.58712,13.0,0.07689798,-0.02617598
-35.157509999999995,32.59333,13.0,0.06876965,-0.01278091
-34.68506,33.93611,13.0,5.6190809999999995,0.4503009
-33.255140000000004,40.7327,13.0,11.614360000000001,-0.9390662000000001
-32.240159999999996,44.779740000000004,13.0,0.6209313,-0.5955026999999999
-33.61027,42.52535,13.0,7.685503,0.5692053
-41.74921,42.04586,13.0,15.24576,0.5148872999999999
-55.22343000000001,45.23279,13.0,22.22005,0.47740379999999993
-74.03656,43.61564,13.0,28.756040000000002,0.4638457
-97.56470999999999,42.2258,13.0,34.79634,0.42485920000000005
-125.1975,41.1161,13.0,39.94388,0.2876381
-146.5217,23.25832,13.0,38.10443,0.05172487
-146.3552,-6.242718,13.0,42.71672,0.19367220000000002
-145.4095,-39.38588,14.0,44.98761,-0.2434493
-160.8369,-59.55209,14.0,28.27298,-1.087453
-157.1203,-74.43215,14.0,25.54259,0.0792155
-136.4317,-75.70866,14.0,31.11335,0.34394559999999996
-115.5907,-87.57217,14.0,35.32607,0.26929309999999995
-110.7346,-113.1971,14.0,37.85911,0.1643662
-130.8668,-131.6795,14.0,36.93125,-1.5725049999999998
-146.3347,-123.1054,14.0,16.05556,-2.197479
-146.0848,-119.7214,14.0,1.887503,0.04794896
-146.9703,-118.6321,14.0,1.731675,-0.04064036
-147.7839,-117.8464,14.0,1.577433,0.2737976
-150.2425,-117.2574,14.0,3.943885,0.001046983
-150.0188,-117.0189,14.0,5.154,0.6634772
-145.3482,-111.9705,14.0,13.56381,0.29563659999999997
-147.8738,-100.2304,14.0,20.46631,0.47769880000000003
-163.27100000000002,-99.45053,14.0,24.828870000000002,0.1354151
-167.4795,-118.1795,14.0,30.17183,0.5348395
-166.5053,-143.0903,14.0,37.13395,0.493875
-166.7187,-173.1064,14.0,43.791290000000004,0.4517748
-167.2771,-207.8464,14.0,50.005790000000005,0.20689229999999997
-162.278,-244.3938,14.0,43.81527,-1.710749
-143.7395,-254.4366,14.0,15.375229999999998,-1.1672559999999998
-141.645,-250.7158,14.0,3.6905870000000003,-0.1180862
-139.8281,-248.5237,14.0,6.741439999999999,0.3126609
-132.3291,-249.6403,14.0,14.487729999999999,0.4380004
-123.0684,-250.9741,14.0,11.03348,-0.32363259999999994
-121.4366,-243.1405,14.0,15.658879999999998,0.2523536
-125.041,-229.1363,14.0,23.520789999999998,0.5689069999999999
-127.1852,-209.0614,14.0,30.98432,0.5344023
-125.0606,-184.6588,14.0,32.44913,-0.7023785
-107.8754,-182.2348,14.0,22.495720000000002,0.5417917
-106.1548,-203.9232,14.0,39.39685,0.7633654000000001
-106.4753,-240.3157,14.0,57.223969999999994,0.1083415
-85.23138,-270.6426,14.0,44.662,-0.1645141
-54.17925,-263.4829,14.0,44.03586,-0.39786079999999996
-49.16555,-232.44400000000002,14.0,45.83768,0.44121800000000005
-41.24626,-198.6962,14.0,49.7163,0.16652129999999998
-15.719029999999998,-169.7804,14.0,54.991009999999996,0.4183027
8.976519999999999,-138.019,14.0,47.48033,-2.851159
2.686712,-115.556,14.0,26.67319,-0.2176452
-5.620592,-96.68444000000001,14.0,31.668029999999998,0.2387795
-4.538253,-70.76841,14.0,38.50178,0.4967013
-2.581268,-39.79991,14.0,45.06845,0.4668609
-2.42699,-4.13093,14.0,51.22318,0.4372758
-9.248636999999999,32.45455,14.0,45.48281,-0.4745299
-38.26826,42.10283,14.0,44.4621,0.2339741
-73.53664,40.2925,14.0,50.57751,0.47021759999999996
-113.0664,41.268229999999996,14.0,54.87945,-0.8963728000000001
-142.686,32.11319,14.0,31.651709999999998,-1.976076
-144.6296,21.926270000000002,14.0,1.7063270000000001,0.5864752
-142.1144,24.32897,14.0,4.962146,0.20227879999999998
-141.6283,24.94155,14.0,4.642625,0.6010036
-146.0456,21.47869,14.0,9.564962,-0.07841416
-149.5987,22.06416,14.0,0.3830011,0.6286811
-146.4927,20.01383,14.0,9.604074,0.3166059
-141.4527,11.23155,14.0,18.06596,0.592336
-140.9844,-5.109062000000001,14.0,26.15217,0.5762509
-141.7564,-33.39028,1.0,2.7461729999999998,0.7354785
-141.9512,-37.90387,1.0,9.634777,0.6961959
-144.7621,-47.810790000000004,1.0,18.3632,0.30462490000000003
-157.847,-57.9659,1.0,26.50385,0.47310070000000004
-159.5882,-74.97237,1.0,25.440479999999997,-0.15074179999999998
-144.0063,-70.17161999999999,1.0,26.397859999999998,0.1463896
-135.8747,-68.27768,1.0,0.06240369999999999,-0.02322178
-135.855,-68.28002,1.0,0.02580575,-4.915706e-05
-135.8366,-68.28258000000001,1.0,0.02468306,0.0018962710000000002
-135.8545,-68.38333,1.0,1.7445419999999998,0.4195899
-135.9543,-71.37749000000001,1.0,4.592903,-0.013536600000000001
-135.7032,-74.52065,1.0,3.848614,-0.03733213
-136.891,-76.51884,1.0,0.5762156,-0.660942
-134.2057,-75.18958,1.0,8.612978,0.6379689000000001
-124.76299999999999,-76.3792,1.0,17.158720000000002,0.5395908
-115.3132,-88.05289,1.0,24.54278,0.4085837
-110.1707,-108.0588,1.0,31.39374,0.39454459999999997
-121.9418,-129.5437,1.0,36.18162,0.1112609
-144.1821,-128.711,1.0,25.39626,-0.5208984999999999
-141.5122,-114.6741,1.0,23.87331,0.4763835
-138.4576,-108.712,1.0,0.02632342,0.02219843
-138.4584,-108.7296,1.0,0.02722158,0.03378513
-138.616,-108.6745,1.0,2.490214,1.1457620000000002
-143.3421,-108.5913,1.0,8.146464,-0.08107096
-145.6665,-110.7413,1.0,1.6849169999999998,0.6964015
-144.3715,-106.3779,1.0,10.51982,0.3054088
-149.5705,-97.49628,1.0,18.2565,0.2553273
-161.4592,-97.51696,1.0,14.6732,-0.3090011
-166.6265,-109.0505,1.0,24.72901,0.9934538
-170.1583,-131.5522,1.0,36.37701,0.5055476
-163.1436,-159.2047,1.0,38.25314,-0.7714055999999999
-166.637,-184.0573,1.0,30.52115,-0.4511875
-167.4624,-210.0361,1.0,40.7611,-0.10217180000000001
-165.7167,-237.7509,1.0,33.5781,-0.6927641
-151.3932,-250.9301,1.0,25.697210000000002,0.111068
-130.4122,-246.8793,1.0,32.0353,-0.1134873
-123.5066,-230.5757,1.0,22.92445,0.25040419999999997
-130.18200000000002,-215.7407,1.0,22.24644,0.46677920000000006
-122.8312,-202.4288,1.0,18.07985,-0.3704406
-124.816,-189.7641,1.0,15.61381,-0.3956685
-115.625,-184.0873,1.0,19.70956,0.19939849999999998
-110.5865,-194.6161,1.0,14.90652,-0.1260783
-110.0356,-205.2353,1.0,16.27525,0.5971429
-108.7958,-220.2339,1.0,24.23382,0.5410413000000001
-106.4711,-240.8301,1.0,31.677940000000003,0.5303463
-95.81999,-263.7393,1.0,37.17832,0.1394145
-69.42537,-270.3218,1.0,39.45095,0.01769605
-52.23049,-248.4719,1.0,39.84349,0.25565709999999997
-48.35112,-217.3432,1.0,45.00626,0.1757526
-29.70393,-187.5779,1.0,50.33607,0.4464309
-4.140146,-157.5205,1.0,56.0514,0.3815809
12.06734,-120.3035,1.0,47.0014,-1.356717
10.27182,-104.5078,1.0,2.305245,-1.049973
9.747601,-104.2365,1.0,0.05352111,-0.2305292
11.23408,-105.2163,1.0,5.615438,0.206573
16.38486,-107.3126,1.0,8.00042,-1.3422129999999999
18.36555,-106.9695,1.0,2.021231,0.33430959999999993
13.872489999999999,-108.5397,1.0,10.68479,0.30213270000000003
4.153341,-111.965,1.0,16.45293,0.07426632
0.1991864,-100.072,1.0,21.89556,0.2727748
-1.229114,-81.82746999999999,1.0,28.56366,0.2646414
-5.37343,-58.626430000000006,1.0,35.25349,0.24461679999999997
-6.229753,-30.07627,1.0,41.82157,0.4787327
-6.340607,3.203561,1.0,47.96472,0.42410109999999995
-10.855739999999999,36.85065,1.0,37.92613,-0.9623859
-23.10374,43.39111,1.0,13.637789999999999,0.5515209
-34.16775,37.71506,1.0,20.809520000000003,0.5072888
-52.1788,39.81215,1.0,28.05035,0.2493433
-75.5589,39.52353,1.0,35.03409,0.4859527
-103.98299999999999,40.005720000000004,1.0,41.62607,0.49065859999999994
-135.2044,39.20601,1.0,36.59019,-0.7391324
-143.7258,25.48626,1.0,12.64909,-1.591693
-137.7494,24.28058,1.0,0.4244476,0.16537979999999997
-137.7518,24.23379,1.0,0.05795019,0.05001293
-137.9117,24.261110000000002,1.0,2.253845,0.7263616
-142.3648,24.46663,1.0,9.131884,0.3445018
-149.5532,24.89471,1.0,6.880043,-0.759558
-150.9556,25.326529999999998,1.0,2.535315,0.5931505
-147.6507,21.83899,1.0,10.68463,0.5415263000000001
-149.4643,11.83956,1.0,17.80919,0.5050188
-150.5707,-2.788405,1.0,23.75335,0.5011904
-146.5526,-22.40531,1.0,30.29835,0.23840789999999998
-149.6807,-45.89284,2.0,32.834340000000005,-0.2299429
-166.8073,-61.2853,2.0,29.546090000000003,-0.7787957
-158.4509,-72.81866,2.0,13.412820000000002,-1.553419
-155.726,-68.52691999999999,2.0,0.08224763,0.0007116739999999999
-155.6864,-68.52799,2.0,0.03960104,-0.04337166
-155.9669,-69.55606,2.0,4.575158,0.5336623
-156.4408,-73.27719,2.0,4.866058,-0.04221572
-156.9074,-75.03130999999999,2.0,2.0718259999999997,0.6718554
-152.6105,-72.77201,2.0,11.331389999999999,0.333225
-142.7554,-77.8082,2.0,19.608729999999998,0.5948448000000001
-129.2164,-82.88781999999999,2.0,18.09383,-0.14188499999999998
-117.443,-90.04953,2.0,24.96491,1.442808
-111.0505,-110.3539,2.0,30.90033,0.009859751
-125.2102,-128.7499,2.0,32.83574,-0.0124916
-144.3289,-125.7938,2.0,21.04502,-1.087445
-139.5992,-111.8539,2.0,23.359720000000003,-0.3642425
-146.4375,-101.6461,2.0,20.2582,0.2671087
-160.0551,-105.9172,2.0,17.697770000000002,-0.2834627
-161.4893,-118.1451,2.0,17.06612,0.16493010000000002
-164.9302,-132.4535,2.0,23.9782,0.2944488
-165.2779,-153.1352,2.0,31.813879999999997,0.5608141
-165.5202,-179.5725,2.0,39.223209999999995,0.24467670000000002
-165.9593,-211.2105,2.0,46.17763,0.4914935
-162.6791,-243.6875,2.0,29.314190000000004,-2.804306
-148.2673,-251.9486,2.0,25.8918,0.5565733
-127.939,-247.5101,2.0,29.339170000000003,-0.2442927
-128.1497,-229.1208,2.0,28.117070000000002,0.5762041999999999
-126.0243,-204.822,2.0,36.56234,0.2922017
-123.0614,-184.9775,2.0,11.34352,-2.054185
-114.1729,-185.5673,2.0,16.08849,0.5673569
-110.3955,-199.2795,2.0,23.72157,0.5881261
-108.5503,-219.725,2.0,31.64439,0.5381286
-104.1444,-245.5497,2.0,38.909459999999996,0.4600501
-86.53836,-269.1971,2.0,41.607890000000005,-0.1439986
-58.55699,-262.6721,2.0,41.86339,0.2239379
-49.20818,-234.2542,2.0,43.86748,0.4817782
-43.40442,-200.7426,2.0,48.49173,0.20233299999999999
-18.57639,-172.3855,2.0,54.06332,0.20939320000000003
6.364011,-140.1765,2.0,46.01393,-4.139833
5.166519999999999,-122.2161,2.0,19.14004,0.5367019000000001
-5.096014,-108.947,2.0,26.534979999999997,0.23727960000000003
-6.7396139999999995,-86.70987,2.0,33.959590000000006,0.5663578
-6.771336,-58.834880000000005,2.0,41.24689,0.4998727
-6.99925,-25.70896,2.0,48.06924,0.472301
-7.349981,12.26035,2.0,54.439009999999996,0.2209181
-17.05379,43.29564,2.0,30.156129999999997,-1.046558
-26.00422,45.68639,2.0,1.707643,0.6845794
-26.569940000000003,41.36773,2.0,10.54608,0.5768123000000001
-36.57595,41.53518,2.0,18.64968,0.585924
-52.122659999999996,46.59541,2.0,25.92725,0.503513
-73.88087,43.03001,2.0,33.60897,0.5183255
-101.5148,41.43654,2.0,40.86204,0.5073608000000001
-134.0541,38.42055,2.0,46.288779999999996,-0.3358489
-150.5756,22.1049,2.0,17.95883,-2.616708
-148.5457,19.33438,2.0,5.602971,0.6507715999999999
-143.3995,15.41721,2.0,13.94447,0.3125873
-147.9473,3.417511,2.0,21.89198,0.2942848
-148.7801,-13.63619,2.0,27.64428,0.5695477
-141.9592,-34.05958,3.0,8.743097,1.015591
-144.0424,-42.27629,3.0,11.44861,-0.01567653
-150.625,-50.6123,3.0,17.84286,-0.1548521
-161.6868,-54.37968000000001,3.0,14.175820000000002,-0.13971429999999999
-166.5631,-61.10784,3.0,10.46837,-0.08184981
-163.3201,-68.37769,3.0,14.246329999999999,0.3215221
-151.0831,-72.22496,3.0,21.914170000000002,0.593106
-132.3665,-74.65930999999999,3.0,29.44368,0.3166033
-115.292,-85.64406,3.0,24.890320000000003,-0.3632891
-107.8729,-102.20100000000001,3.0,29.68668,-0.4729851
-111.7116,-121.3643,3.0,23.85279,-0.41543630000000004
-123.3472,-131.8916,3.0,22.014020000000002,0.4132696
-139.6775,-130.7018,3.0,22.46659,0.6884989
-146.3843,-111.0803,3.0,29.8096,-0.8501811
-159.5441,-103.6689,3.0,16.77082,0.4123973
-166.8153,-115.7458,3.0,23.78181,0.5889371
-169.2316,-136.1737,3.0,31.68798,0.543838
-168.6578,-162.2618,3.0,38.883140000000004,0.5105501
-167.0012,-193.5943,3.0,45.7235,0.44336490000000006
-163.9524,-229.3653,3.0,49.47592,-0.14132129999999998
-153.9339,-257.4904,3.0,32.998870000000004,-0.6451941
-135.4707,-253.1305,3.0,28.266709999999996,0.5269673
-124.8576,-232.9904,3.0,33.55337,0.2403795
-128.3826,-206.7054,3.0,35.673,-0.4459247
-123.5832,-182.9543,3.0,28.27895,-1.182489
-109.2503,-182.3082,3.0,20.6983,-0.1689009
-109.6653,-199.4007,3.0,26.590159999999997,0.4365685
-104.5905,-220.8293,3.0,31.353559999999998,-0.1514991
-106.1668,-242.11,3.0,27.874290000000002,0.141047
-99.6852,-265.7434,3.0,36.757329999999996,0.03473416
-74.36607,-269.5968,3.0,38.191159999999996,0.1400287
-59.25951,-268.2507,3.0,11.2056,-0.5073154000000001
-56.19627,-266.6833,3.0,1.053067,0.7063326999999999
-57.20186999999999,-267.3892,3.0,0.3545022,-0.31616079999999996
-55.81123,-266.0381,3.0,5.749625,0.30203709999999995
-52.04173,-262.4314,3.0,7.9504779999999995,0.01877536
-48.18206,-263.6895,3.0,1.0809229999999999,-0.2625692
-49.4339,-261.2569,3.0,8.092784,0.3140872
-49.39427,-252.3878,3.0,16.23878,0.5681455
-45.73715,-237.8964,3.0,23.97472,0.542141
-43.168659999999996,-217.5496,3.0,31.21503,0.2423814
-39.16833,-192.2832,3.0,37.180009999999996,0.09619894
-20.0378,-170.5787,3.0,42.68217,1.138428
-2.3498259999999997,-154.3763,3.0,23.50165,-0.3897434
9.251507,-144.0967,3.0,18.4847,-0.36502540000000006
11.53069,-132.6983,3.0,14.04609,-0.13668570000000002
5.7696819999999995,-121.4478,3.0,21.01204,0.540099
-4.038933999999999,-106.2051,3.0,28.219179999999998,0.5071784
-9.995597,-83.48585,3.0,34.9389,0.22408720000000004
-9.321060000000001,-55.28434,3.0,41.35024,0.4693917
-4.521102,-22.63907,3.0,45.65797,-0.35076690000000005
-3.7138370000000003,5.930532,3.0,25.11545,-1.1175760000000001
-4.781661,14.60551,3.0,3.5340190000000002,-0.05051469
-5.834219,20.10369,3.0,12.1404,0.5893505
-9.758132000000002,31.424429999999997,3.0,20.18154,0.2763349
-23.28065,42.120740000000005,3.0,27.26173,0.5157136
-45.38319,44.69169,3.0,33.7877,0.5244557
-72.97095,44.394059999999996,3.0,40.59588,0.4740446
-105.35799999999999,42.22961,3.0,46.996159999999996,0.2710618
-137.4719,37.44598,3.0,39.281279999999995,0.0371591
-149.7592,17.0713,3.0,32.29206,0.06687275
-144.1958,-7.173474000000001,3.0,36.572390000000006,0.5172068
-144.086,-36.53242,4.0,41.89889,-0.3245215
-154.5515,-54.033030000000004,4.0,18.68294,-0.20859210000000003
-167.4466,-58.03735,4.0,18.88054,-0.254562
-160.9387,-70.50067,4.0,23.974079999999997,0.22979179999999996
-141.2039,-72.70336,4.0,30.37735,0.2119276
-119.2676,-83.30268000000001,4.0,36.10646,0.178291
-108.4583,-108.5155,4.0,38.24626,-0.2490134
-123.6462,-130.9099,4.0,36.79005,-0.1999945
-144.5229,-124.2057,4.0,30.00095,-0.3285515
-146.3476,-102.4913,4.0,27.48808,-2.493386
-158.7693,-100.3377,4.0,19.66112,0.5611394000000001
-167.0501,-114.7665,4.0,26.564709999999998,0.2565246
-170.1888,-136.987,4.0,33.843920000000004,0.23474710000000001
-168.8114,-164.4427,4.0,40.46208,0.23119589999999998
-165.9895,-196.7075,4.0,46.92738,0.4582952
-163.2471,-232.8643,4.0,46.06361,-1.6037
-156.1897,-253.0022,4.0,19.82005,-0.17654660000000003
-142.1016,-258.2054,4.0,23.83822,0.40874320000000003
-129.2923,-246.9521,4.0,27.685709999999997,0.5244784
-125.2292,-224.1912,4.0,34.28204,0.4142563
-128.6586,-196.8662,4.0,39.6061,-0.00793936
-112.7136,-176.7775,4.0,33.03864,-0.4284139
-99.48347,-188.3892,4.0,23.05265,-0.33246290000000006
-112.8069,-196.9096,4.0,23.693279999999998,-0.3050215
-114.555,-201.5541,4.0,0.01698081,0.00102034
-114.5518,-201.55200000000002,4.0,0.2726221,0.49721850000000006
-112.0857,-201.6111,4.0,5.962693,0.2786336
-109.6948,-198.4455,4.0,2.3763799999999997,-0.61687
-109.5714,-199.5546,4.0,5.205925,0.265996
-108.3705,-205.9291,4.0,12.22048,0.48180550000000005
-106.1739,-217.2702,4.0,18.7748,0.23735599999999998
-105.3038,-233.4004,4.0,24.846410000000002,0.43631390000000003
-104.6199,-253.769,4.0,30.054709999999996,0.1475475
-89.49243,-270.7433,4.0,33.06483,0.11300710000000001
-64.44378,-268.3333,4.0,36.46963,0.11827730000000002
-49.33648,-247.0756,4.0,37.24414,0.13937339999999998
-47.9844,-217.8017,4.0,41.68782,0.1219508
-36.23829,-187.602,4.0,45.608309999999996,0.06718469
-11.618310000000001,-163.8849,4.0,45.415279999999996,0.1738432
5.574221,-147.9702,4.0,21.6845,-0.22767800000000002
12.743910000000001,-136.6709,4.0,15.945920000000001,0.5592666999999999
6.2801599999999995,-122.3299,4.0,25.43272,0.2090449
-5.091018,-105.0178,4.0,30.694979999999997,0.3709607
-10.2534,-80.88566,4.0,35.854620000000004,0.3730501
-9.123223,-52.598690000000005,4.0,40.708870000000005,0.3320544
-3.356356,-21.16679,4.0,45.43014,0.3351611
-3.485526,13.642339999999999,4.0,48.59554,-0.04091171
-14.3742,36.46883,4.0,28.51775,0.15533270000000002
-35.58164,43.828829999999996,4.0,33.046620000000004,0.18232179999999998
-61.959740000000004,43.22569,4.0,38.215270000000004,0.3762176
-92.14081999999999,42.81357,4.0,43.1021,0.38163759999999997
-123.5279,39.61985,4.0,37.72634,-1.467278
-139.9839,35.79295,4.0,15.490470000000002,0.47163950000000004
-147.215,24.6494,4.0,21.30656,0.44238059999999996
-147.0756,6.827878999999999,4.0,27.01405,0.44043679999999996
-142.5549,-14.82577,4.0,32.59111,0.3921789
-143.7918,-39.53699,5.0,31.04598,-0.8713494
-158.3092,-53.15981,5.0,28.30007,0.1875204
-168.2584,-66.1559,5.0,18.249370000000003,-0.01836683
-156.8118,-69.72838,5.0,16.69708,0.6807116
-141.1169,-72.76478,5.0,24.92397,0.41505119999999995
-121.8188,-79.63861999999999,5.0,30.3839,0.3128459
-108.0614,-98.23408,5.0,33.67419,0.1767246
-113.3365,-122.3533,5.0,32.69941,-0.28365999999999997
-131.3802,-133.0476,5.0,25.85601,-0.6696021
-142.5107,-121.4377,5.0,25.09552,0.4292808
-151.9573,-103.7401,5.0,29.21534,-0.5226038
-165.688,-104.3671,5.0,15.07809,-0.09602952
-164.90900000000002,-116.8868,5.0,19.90729,0.7795946
-167.5629,-135.0034,5.0,31.571640000000002,0.6512005999999999
-168.4595,-165.1242,5.0,46.05424,0.17039749999999998
-164.2619,-201.1848,5.0,51.39111,-0.8403594999999999
-164.0486,-229.3806,5.0,22.593320000000002,-0.4498625
-162.509,-243.9033,5.0,16.98698,-0.4233996
-156.8739,-253.7128,5.0,17.2476,0.46878450000000005
-142.0005,-260.0836,5.0,26.461840000000002,0.6097296
-127.6682,-244.3008,5.0,35.79383,0.8455683
-126.6491,-214.9451,5.0,40.2111,-0.695706
-128.3409,-193.5727,5.0,19.9667,-0.4657733
-121.6199,-183.3546,5.0,17.15788,0.7865959
-106.6492,-185.62,5.0,24.367639999999998,-0.01138611
-102.5703,-204.53,5.0,31.39156,0.8598650999999999
-104.5274,-230.3864,5.0,37.1729,0.09835414
-104.5681,-256.0841,5.0,30.916590000000003,-0.3027368
-89.685,-270.7961,5.0,31.42636,0.27515
-65.44275999999999,-269.1103,5.0,35.29663,0.2022079
-50.49937,-248.4066,5.0,37.31845,0.3133938
-46.600190000000005,-219.0241,5.0,42.19914,0.3426205
-37.57969,-187.6111,5.0,46.06185,0.06332738
-13.491439999999999,-163.0078,5.0,40.705709999999996,-1.9166560000000001
-0.7221063,-154.658,5.0,12.75897,-0.16855499999999998
5.56361,-150.0387,5.0,8.432988,-0.2823723
9.599406,-146.1304,5.0,9.245968,0.2621215
13.209620000000001,-137.7149,5.0,15.751629999999999,0.43585159999999995
8.745382000000001,-124.8115,5.0,21.67265,0.2202758
-1.9052470000000001,-110.0548,5.0,27.4463,0.4018593
-8.980414,-88.86747,5.0,32.81655,0.18448370000000003
-10.19294,-62.829640000000005,5.0,37.78058,0.345025
-4.819609,-33.48788,5.0,42.64521,0.3384908
-1.33469,-0.6699228,5.0,43.01096,-1.464888
-5.4950209999999995,22.040860000000002,5.0,13.990789999999999,-2.894516
-9.028167,29.898190000000003,5.0,15.369010000000001,0.2392679
-18.27583,39.725229999999996,5.0,21.39043,0.4572935
-35.269740000000006,44.99734,5.0,27.009390000000003,0.396971
-57.33537,45.14011,5.0,32.606,0.3970121
-83.48091,44.16932,5.0,37.857490000000006,0.1840864
-113.1223,41.70718,5.0,40.001940000000005,-1.30745
-135.2954,38.758,5.0,18.24002,-0.0223087
-145.9162,27.164920000000002,5.0,24.6256,0.19262320000000002
-147.3985,7.194334,5.0,29.854309999999998,0.3875422
-142.4108,-16.39583,5.0,35.1352,0.1774164
-143.7548,-39.10051,6.0,18.49553,-2.177996
-148.3327,-48.531209999999994,6.0,18.14195,0.9932549
-159.8824,-55.39428,6.0,16.001279999999998,-0.3969474
-166.2515,-62.450619999999994,6.0,14.06151,0.7538595
-157.8207,-72.49133,6.0,23.16179,0.5325764000000001
-135.6851,-72.50281,6.0,36.12402,0.2864217
-111.8107,-89.12200000000001,6.0,40.64685,-0.6575965
-114.1771,-112.6219,6.0,20.9397,-2.166132
-117.7699,-121.5742,6.0,12.81478,0.6977631
-124.5158,-132.5038,6.0,17.07135,-0.2452686
-138.013,-131.9484,6.0,22.10098,0.357078
-145.0636,-115.803,6.0,27.99574,0.1594256
-149.7684,-104.6894,6.0,7.4396130000000005,-0.1360748
-155.8754,-101.0405,6.0,13.8105,0.3271686
-165.5459,-105.1866,6.0,16.20008,0.2613514
-167.5061,-120.9843,6.0,28.243470000000002,1.001319
-168.9177,-146.9129,6.0,41.08982,0.8611970999999999
-167.6401,-181.3887,6.0,51.73185,0.3381728
-163.8404,-220.7219,6.0,49.866890000000005,-0.41687479999999993
-160.6267,-251.8281,6.0,33.8468,-0.7148882
-143.2342,-257.8708,6.0,21.89835,-0.49887420000000005
-130.3909,-250.5818,6.0,23.15095,1.159765
-125.0621,-232.1816,6.0,28.71138,0.1912257
-127.2328,-209.0868,6.0,34.02322,0.19284389999999998
-126.7725,-185.9843,6.0,20.09143,-2.418391
-114.5052,-182.7383,6.0,20.99916,0.3412969
-103.9232,-195.2335,6.0,25.48311,0.18508840000000001
-103.0763,-216.0614,6.0,30.944470000000003,0.4131741
-105.7632,-240.8172,6.0,36.23532,0.1796264
-99.08086,-267.3901,6.0,37.758790000000005,-0.1972421
-75.37931999999999,-270.9529,6.0,29.72318,-0.30923320000000004
-57.14125,-265.1053,6.0,22.17165,-0.47072820000000004
-48.82721,-249.2071,6.0,28.928359999999998,0.4205795
-45.233090000000004,-225.9383,6.0,34.40376,0.3921334
-42.03184,-198.7413,6.0,39.43022,0.31428579999999995
-26.21588,-174.1126,6.0,41.8512,0.3395511
-4.257802,-157.8748,6.0,23.5188,-1.527867
4.558518,-151.1708,6.0,12.0966,-0.06359644
10.84699,-144.284,6.0,14.13611,0.3188502
12.03732,-131.3476,6.0,22.241629999999997,0.2699566
-0.437558,-115.2154,6.0,34.442029999999995,1.008483
-9.019271,-86.22399,6.0,48.02363,0.9595485
-7.894608,-46.158609999999996,6.0,59.708890000000004,0.4753203
-1.191651,-1.961759,6.0,56.96416,-0.7275165
-6.807494,24.13674,6.0,21.7348,-0.2406387
-15.341920000000002,37.92691,6.0,25.15085,0.6791643
-36.5328,45.03155,6.0,36.71862,0.5145917
-69.31559,44.52489,6.0,51.662209999999995,0.5088332999999999
-110.6842,42.18652,6.0,46.40683,-2.249891
-127.8812,39.20592,6.0,13.41036,-0.1717701
-138.8587,36.40545,6.0,21.72332,0.786804
-147.5763,21.92544,6.0,26.26734,0.38281129999999997
-145.8206,0.5553678000000001,6.0,31.76186,0.1914698
-141.0692,-24.52724,6.0,36.66162,0.10586620000000001
-142.1216,-37.174,7.0,10.16805,0.5195329000000001
-145.4588,-46.51303,7.0,16.63701,0.4082961
-157.763,-53.5789,7.0,22.42265,0.39791409999999994
-168.2774,-65.266,7.0,18.96448,-0.5951993
-162.9043,-75.46712,7.0,16.256120000000003,0.19248389999999999
-150.0272,-75.81709000000001,7.0,19.82137,0.2883708
-135.263,-73.21871999999999,7.0,21.480220000000003,0.0998312
-119.0213,-79.66611999999999,7.0,28.36093,0.3344237
-108.1824,-98.94406,7.0,32.36052,0.2746426
-115.4801,-122.3117,7.0,35.45535,0.20499699999999998
-139.4272,-131.2675,7.0,32.56801,-1.393497
-146.6179,-119.9637,7.0,12.487789999999999,-0.9307796999999999
-142.951,-112.4726,7.0,15.951789999999999,1.039504
-150.0859,-102.6425,7.0,16.550520000000002,0.01785938
-162.9726,-104.681,7.0,21.35381,0.1607969
-166.2053,-118.8709,7.0,20.46108,0.44059799999999993
-166.8327,-136.9131,7.0,29.73143,1.1298549999999998
-169.53099999999998,-164.1046,7.0,43.70412,0.46599359999999995
-170.0291,-201.0257,7.0,55.53229,0.3312812
-167.0313,-238.2513,7.0,41.079440000000005,-2.628038
-151.9973,-254.0249,7.0,25.3047,-0.5053453
-135.3956,-252.5807,7.0,22.54091,0.12464769999999999
-125.7818,-238.9131,7.0,28.3099,0.4729108
-126.0658,-215.3991,7.0,34.45138,0.1871136
-125.3657,-188.2554,7.0,34.46362,-2.480717
-115.2896,-180.12400000000002,7.0,13.88481,0.5133917
-109.6318,-191.7784,7.0,21.663729999999997,0.22029479999999999
-108.8401,-210.0666,7.0,27.624390000000002,0.2156057
-108.5352,-232.6226,7.0,33.2274,0.40763540000000004
-102.439,-257.8066,7.0,37.248020000000004,0.20455739999999997
-79.21252,-272.7727,7.0,39.33226,0.03799823
-54.288000000000004,-260.9088,7.0,39.348009999999995,0.02175249
-49.2452,-231.7857,7.0,42.43602,0.16165220000000002
-41.42419,-200.3974,7.0,45.301429999999996,0.14711629999999998
-18.02359,-174.2855,7.0,49.56495,0.3102776
5.122333,-145.22299999999998,7.0,43.09709,-1.224957
7.536053,-124.1022,7.0,23.514329999999998,0.8881049000000001
-4.173853,-106.6018,7.0,32.277429999999995,0.6292194000000001
-4.314067,-77.79038,7.0,47.89575,1.31958
-0.5286314999999999,-36.29651,7.0,64.21777,1.061534
-2.402443,12.37615,7.0,60.521359999999994,-0.6898094
-14.96996,40.9073,7.0,30.63738,-0.5763593000000001
-38.82808,40.744209999999995,7.0,38.4925,0.353192
-69.2221,40.4105,7.0,43.40399,0.349773
-103.0821,40.982079999999996,7.0,48.0143,0.33606909999999995
-138.2987,37.869209999999995,7.0,39.78945,-3.1270119999999997
-146.9478,19.30572,7.0,29.51913,0.3947071
-145.1867,-4.559716000000001,7.0,34.93132,0.38106809999999997
-145.9062,-32.31935,7.0,40.0345,0.3470428
-159.3606,-55.75255,8.0,34.738459999999996,-0.09012736
-168.115,-69.70631,8.0,22.65642,0.7448174
-152.8133,-78.94801,8.0,28.361009999999997,0.3563705
-130.1096,-78.08811999999999,8.0,32.54631,0.07770985
-112.77600000000001,-95.30766,8.0,35.46245,0.1865031
-115.3396,-121.2272,8.0,37.12777,0.07230278
-139.0051,-131.731,8.0,30.92057,-1.868328
-146.4343,-127.2811,8.0,2.5363189999999998,0.15201320000000001
-142.8624,-123.78,8.0,10.54624,0.2442131
-142.8755,-113.9314,8.0,16.86576,0.436395
-152.7233,-103.4729,8.0,22.42555,0.30270490000000005
-166.9328,-109.0509,8.0,24.07742,0.1998164
-166.6441,-128.4644,8.0,29.16067,0.1921537
-169.3528,-151.8417,8.0,34.41798,0.1849567
-170.7131,-179.0126,8.0,39.284420000000004,0.3733117
-169.02200000000002,-209.99599999999998,8.0,44.13262,0.35524920000000004
-165.4488,-243.7228,8.0,44.62323,-0.9525483
-143.0043,-256.313,8.0,31.29615,-1.027414
-128.4237,-241.7081,8.0,30.79675,0.3294548
-127.3409,-217.41400000000002,8.0,35.56716,0.3788528
-125.63,-189.6015,8.0,37.24514,-0.9803171999999999
-113.413,-179.9925,8.0,14.861979999999999,-0.47106859999999995
-107.4038,-191.0621,8.0,20.85741,0.42750390000000005
-106.6663,-208.7371,8.0,26.86992,0.4033142
-105.9171,-230.8008,8.0,32.50122,0.3965329
-101.8414,-256.1433,8.0,36.92653,0.1812632
-80.37014,-272.6137,8.0,38.58987,-0.001599959
-55.015640000000005,-262.0574,8.0,39.45885,0.0268207
-47.099140000000006,-233.8135,8.0,42.23415,0.3493054
-42.31604,-201.4698,8.0,45.60601,-0.07971029
-19.419629999999998,-176.1254,8.0,48.35537,0.3245395
3.83205,-147.4153,8.0,48.401920000000004,-0.6144864000000001
5.80225,-119.9664,8.0,33.224779999999996,0.1832093
-7.079231,-95.86570999999999,8.0,38.970690000000005,-0.002514632
-2.416496,-65.89201,8.0,43.27941,0.31475240000000004
-1.310459,-32.095690000000005,8.0,47.83202,0.3148098
-1.968668,4.930711,8.0,52.1699,0.36145279999999996
-12.02388,38.08243,8.0,36.59348,-0.7958701
-26.2106,41.80793,8.0,5.548831,-1.5206709999999999
-28.16879,37.47535,8.0,9.99691,0.4611257
-36.62914,40.59948,8.0,16.3111,0.48832650000000005
-46.69307,48.55637,8.0,11.64475,-0.9623783000000001
-48.02252,48.58677,8.0,0.025097400000000002,0.005564031
-48.3068,47.57468,8.0,3.895739,0.1056517
-47.81064,44.05066,8.0,5.0457019999999995,-0.06818969999999999
-47.78889,43.791470000000004,8.0,4.850489,0.3652457
-54.16721,46.38756,8.0,13.85735,0.6366156999999999
-67.48405,45.06322,8.0,22.268810000000002,0.2946557
-86.85633,42.59839,8.0,30.22393,0.27319629999999995
-111.9023,43.404740000000004,8.0,37.53771,0.4982072
-139.1568,37.37368,8.0,38.77794,-0.08308524
-143.9613,9.155476,8.0,43.38899,0.6727866
-146.9831,-25.46407,8.0,47.305890000000005,-0.8601588
-142.0929,-34.94907,9.0,2.560041,-0.05567722
-143.4154,-40.07172,9.0,12.79761,0.6236624
-148.4541,-48.71907,9.0,12.4093,-0.21359050000000002
-156.5266,-52.912459999999996,9.0,14.56475,-0.1090816
-165.1364,-56.94096,9.0,11.45293,-0.1128569
-166.5193,-64.74561,9.0,14.55884,1.080552
-156.0908,-73.40141,9.0,19.222820000000002,-0.3759274
-143.299,-72.83183000000001,9.0,15.551820000000001,-0.2339365
-130.0765,-74.73028000000001,9.0,24.7141,0.5123705
-114.3723,-85.01259,9.0,26.02471,0.05634073
-107.2549,-102.6336,9.0,24.7358,-0.3999458
-108.7996,-115.1427,9.0,11.93886,-0.1783026
-112.3394,-123.9018,9.0,18.3551,1.257189
-123.4943,-134.0858,9.0,19.4905,-0.3416522
-136.0398,-133.5657,9.0,15.64659,-0.1069675
-144.4572,-123.359,9.0,23.30268,0.5646087
-150.6706,-104.8818,9.0,22.9833,-0.9709969999999999
-160.6488,-99.72018,9.0,13.28798,-0.344319
-166.3844,-108.6465,9.0,20.96105,1.10829
-168.4733,-129.5489,9.0,35.387679999999996,0.958142
-169.0534,-159.8879,9.0,44.548970000000004,0.33118220000000004
-165.9593,-194.1508,9.0,47.96241,0.08989634
-163.2156,-226.6314,9.0,39.20369,-0.45277399999999995
-160.0091,-249.1895,9.0,25.56017,-0.5004264
-147.3088,-259.6888,9.0,20.13484,-0.35104109999999994
-134.5384,-256.5272,9.0,21.52175,0.8656719
-125.4732,-237.3922,9.0,35.065670000000004,0.5117894000000001
-127.184,-210.5333,9.0,33.70527,-1.0878290000000002
-128.6379,-193.4414,9.0,15.471779999999999,-0.2294737
-125.0844,-183.8818,9.0,13.76046,0.3214618
-112.6348,-182.4474,9.0,18.75732,-0.3100092
-103.8738,-190.3969,9.0,14.883379999999999,0.1875007
-102.5654,-205.8637,9.0,28.53405,0.9435005
-105.0096,-230.7004,9.0,37.596579999999996,0.46573919999999996
-103.9405,-257.6588,9.0,35.164159999999995,-0.1557951
-85.96219,-272.8206,9.0,32.6081,0.05065952
-62.751909999999995,-268.1468,9.0,32.093720000000005,-0.06258189
-49.93874,-248.232,9.0,34.42383,0.1053819
-45.65395,-222.0421,9.0,36.79654,0.07065079
-40.85431,-195.9068,9.0,34.34209,-0.3911837
-29.330070000000003,-175.81400000000002,9.0,28.61491,-0.22830540000000002
-14.33234,-164.03799999999998,9.0,23.334529999999997,-0.3268014
-0.9929351000000001,-155.2466,9.0,19.75832,-0.14305
9.55017,-146.4567,9.0,19.5892,0.5147948
11.46616,-130.444,9.0,25.42139,0.46766080000000004
-1.021117,-114.1129,9.0,29.436629999999997,0.0437595
-9.11924,-93.78314,9.0,30.04557,0.021409400000000002
-11.245439999999999,-71.03016,9.0,32.72858,0.32903790000000005
-8.158455,-45.7571,9.0,35.33393,0.12217280000000001
-3.462732,-19.59188,9.0,36.43362,0.06826586
-2.315849,6.421474,9.0,30.65375,-1.098863
-6.338941999999999,24.66314,9.0,20.7718,-0.3046357
-14.621379999999998,37.37628,9.0,24.95421,0.5175890000000001
-34.001490000000004,45.1502,9.0,31.94333,0.464114
-60.19836,43.90193,9.0,39.028729999999996,0.25044120000000003
-91.83114,44.018809999999995,9.0,45.93268,0.46270740000000005
-126.4754,40.48721,9.0,42.85205,-0.7288131
-146.9171,26.539659999999998,9.0,34.406729999999996,-0.1177742
-142.5117,0.08776334,9.0,39.60322,0.445633
-143.0021,-29.38393,9.0,31.5691,-4.264924
-146.5233,-43.407990000000005,10.0,17.42697,0.9209298
-156.1519,-53.619980000000005,10.0,17.902739999999998,-0.2724312
-166.2013,-59.653330000000004,10.0,13.944320000000001,-0.1821811
-164.2605,-69.73097,10.0,18.34037,0.5473836999999999
-151.7974,-72.95111,10.0,18.33821,0.10000039999999999
-138.4485,-72.94067,10.0,17.05734,-0.1711132
-122.5673,-78.25375,10.0,27.31315,0.2489047
-108.4208,-95.24013000000001,10.0,33.472190000000005,0.1983687
-110.6935,-120.8043,10.0,32.91574,-0.6393191999999999
-124.5634,-132.8,10.0,21.80104,-0.3666862
-138.4107,-131.6708,10.0,16.95777,-0.30251079999999997
-145.3913,-118.8275,10.0,24.495739999999998,0.47800640000000005
-150.2357,-104.7526,10.0,5.811157,-2.289215
-154.0551,-101.5806,10.0,11.10861,0.2894761
-164.0031,-102.9976,10.0,17.71969,0.22447779999999998
-167.7871,-117.726,10.0,24.4485,0.5252312
-168.8285,-138.4214,10.0,31.38247,0.2755632
-168.4407,-163.9021,10.0,36.271809999999995,0.21369989999999997
-166.9641,-192.1943,10.0,39.71508,0.15346970000000001
-164.4236,-220.1537,10.0,34.2214,-0.5137845
-162.8485,-242.7973,10.0,27.20417,-0.552098
-153.1577,-256.9005,10.0,20.47247,-0.41917829999999995
-137.0424,-258.238,10.0,23.846120000000003,-0.01839291
-127.1553,-243.1246,10.0,26.68787,0.2729752
-125.1379,-222.5505,10.0,29.75185,0.24074879999999999
-127.6118,-201.3546,10.0,22.88233,-1.717027
-127.6653,-188.6411,10.0,14.5235,-0.317895
-121.4455,-182.2027,10.0,13.89693,0.45790600000000004
-109.304,-183.8498,10.0,18.379070000000002,-0.03613868
-103.02600000000001,-195.1375,10.0,19.24902,0.08722141
-103.691,-210.3773,10.0,21.73234,0.006143479
-104.8299,-226.507,10.0,22.74925,0.7425956
-106.1011,-246.1434,10.0,29.74254,0.1406373
-99.61134,-266.5273,10.0,29.090970000000002,0.1979839
-76.74996999999999,-272.186,10.0,36.7596,0.349058
-53.14051,-259.0095,10.0,37.76889,-0.10811230000000001
-47.47417,-229.75599999999997,10.0,42.982490000000006,0.20801460000000002
-41.725359999999995,-198.9929,10.0,38.77174,-0.6837774999999999
-29.55824,-176.6854,10.0,30.48087,-0.5364368
-13.823020000000001,-164.1334,10.0,24.14613,-0.3824964
-4.212803,-157.4367,10.0,13.83335,0.7189340999999999
6.878328999999999,-149.1744,10.0,19.53974,-0.0666879
13.4218,-135.6998,10.0,25.67645,0.5964841
2.0466349999999998,-118.8645,10.0,31.005409999999998,0.4281606
-8.554013000000001,-96.71169,10.0,35.52984,-0.5772361999999999
-10.30892,-72.7729,10.0,32.5345,0.2352545
-7.939228,-46.38876,10.0,38.95259,0.4663487
-3.1619099999999998,-15.606720000000001,10.0,44.93427,0.4228856
-3.921901,19.15519,10.0,47.78673,-0.6886916999999999
-24.208070000000003,42.39614,10.0,43.050959999999996,0.13921429999999999
-57.5261,44.31739,10.0,47.86141,0.1902931
-94.91084000000001,43.46998,10.0,53.12105,0.37333390000000005
-131.1166,39.05943,10.0,39.93513,-1.534166
-148.9533,20.00129,10.0,36.70492,-0.08153509
-141.797,-7.666005,10.0,41.14441,0.1563346
-144.9566,-35.94334,11.0,32.71223,0.2297406
-159.8764,-56.66175,11.0,37.331990000000005,0.4588498
-169.2598,-76.19156,11.0,23.19053,-1.245099
-157.0879,-77.58626,11.0,21.42592,0.24977310000000003
-142.1161,-69.57654000000001,11.0,26.233890000000002,0.287495
-123.1423,-79.91428,11.0,32.874109999999995,0.7116488000000001
-109.5461,-98.2352,11.0,32.866040000000005,0.1376572
-114.323,-122.494,11.0,31.087940000000003,-0.7385792
-131.2023,-133.034,11.0,28.8169,0.4082656
-144.8176,-117.6555,11.0,32.33498,0.2694517
-148.4212,-102.7914,11.0,9.713923,0.1810517
-160.1938,-101.6449,11.0,22.24139,0.33344070000000003
-166.7054,-117.4373,11.0,27.240270000000002,0.4929135
-166.5921,-140.0524,11.0,33.85799,0.45675020000000005
-168.1844,-167.3598,11.0,39.95163,0.4302707
-165.1546,-199.0044,11.0,45.8802,0.1981271
-162.6921,-233.8369,11.0,44.176809999999996,-1.3483459999999998
-152.8419,-256.9447,11.0,28.139440000000004,0.1331885
-132.4887,-255.9989,11.0,29.609679999999997,0.06652050000000001
-125.5542,-233.7739,11.0,34.68438,0.2175264
-127.4536,-206.0177,11.0,37.4584,-0.4200031
-122.9513,-182.2501,11.0,28.16521,-1.227485
-107.4646,-185.8469,11.0,24.03452,0.14122279999999998
-107.1873,-205.7247,11.0,30.05208,0.2331786
-106.2964,-230.1533,11.0,36.24989,0.46573559999999997
-103.9592,-258.5553,11.0,40.9861,0.2250001
-80.1545,-272.4225,11.0,39.85167,0.3186935
-53.34145,-259.9187,11.0,41.14138,-0.1541231
-45.69189,-229.18,11.0,45.57821,0.41088779999999997
-39.451640000000005,-194.0281,11.0,50.59227,0.20627199999999998
-16.28414,-166.2767,11.0,43.31935,-1.494445
5.1868099999999995,-151.0818,11.0,30.77185,-0.27531550000000005
11.967880000000001,-133.3545,11.0,22.6972,-0.46860909999999995
2.3635330000000003,-117.3924,11.0,28.826529999999998,0.49765859999999995
-7.61937,-96.35710999999999,11.0,34.772090000000006,0.449809
-10.380230000000001,-68.54705,11.0,40.76744,0.20364949999999998
-5.917358,-36.45033,11.0,46.53823,0.19172229999999998
-1.772362,-0.3171743,11.0,51.7281,0.3251978
-12.23812,35.7827,11.0,48.33093,-0.2050391
-43.93557,44.84924,11.0,47.38337,0.4369082
-81.09382,41.98705,11.0,52.82479,0.1807229
-121.1972,40.35618,11.0,50.7677,-0.6649159
-148.3801,25.096510000000002,11.0,41.11326,-0.3076942
-144.4296,-4.479976000000001,11.0,43.057159999999996,0.3876978
-143.9814,-36.82752,12.0,40.38795,-1.2748950000000001
-159.0405,-52.99149,12.0,28.28215,0.42624629999999997
-167.6376,-67.66964,12.0,23.69406,0.08476295
-150.8866,-71.46873000000001,12.0,27.5146,0.4860475
-128.7334,-74.59995,12.0,33.48127,0.2002922
-109.4062,-92.1834,12.0,37.988859999999995,0.1254026
-110.3867,-118.0573,12.0,30.486759999999997,-0.4558526
-125.9676,-131.3012,12.0,25.72344,-0.5201766999999999
-142.1179,-129.8542,12.0,23.6155,0.24619629999999998
-146.9502,-111.6937,12.0,28.99705,0.3699364
-159.1466,-100.4764,12.0,20.2613,-0.35644790000000004
-167.6304,-111.9701,12.0,25.742179999999998,0.9715716999999999
-167.28799999999998,-136.1471,12.0,36.90047,0.2119748
-168.3765,-165.5448,12.0,42.6342,0.4133004
-166.0322,-199.338,12.0,48.39552,0.19173829999999997
-163.8291,-236.399,12.0,46.988170000000004,-1.462705
-147.9729,-258.4966,12.0,30.767840000000003,-0.5510438
-131.4415,-247.6396,12.0,30.41018,0.35687959999999996
-126.0136,-223.7657,12.0,36.06888,0.4242189
-128.2901,-196.9671,12.0,33.54782,-0.09104524
-117.1035,-179.7166,12.0,28.422040000000003,-0.48261990000000005
-106.9992,-192.2583,12.0,25.32474,0.2069015
-110.4509,-212.9461,12.0,31.709629999999997,0.47762129999999997
-108.5336,-238.8357,12.0,38.13155,0.2125058
-98.37772,-266.4337,12.0,40.90726,-0.40665809999999997
-70.17492,-269.8231,12.0,41.540490000000005,0.37805140000000004
-46.24627,-252.5346,12.0,37.81883,-0.6076982
-53.073890000000006,-229.2297,12.0,30.12358,-0.8242403
-52.94625,-217.7415,12.0,5.541643,0.01433931
-53.36074,-214.8671,12.0,0.03340075,-0.2756442
-51.67434,-217.6207,12.0,8.614661,0.564585
-43.96062,-216.2162,12.0,15.33574,0.5515625
-41.823409999999996,-205.8801,12.0,12.54685,-0.2007588
-40.58889,-193.3193,12.0,21.5862,0.2634749
-32.05996,-177.0198,12.0,28.29263,0.43872570000000005
-13.5716,-162.9935,12.0,34.666540000000005,0.2275319
7.898814999999999,-146.5607,12.0,37.102959999999996,0.03332505
9.321314,-124.9377,12.0,29.02853,0.49203779999999997
-5.404266000000001,-102.1999,12.0,44.54099,1.187713
-10.3133,-65.58310999999999,12.0,53.54328,0.1595314
-3.718231,-24.67446,12.0,58.39986,0.3480719
-4.110609999999999,17.09076,12.0,46.54177,-4.811697000000001
-16.887999999999998,39.0808,12.0,35.95218,0.26401490000000005
-43.250370000000004,45.38446,12.0,39.76297,0.438645
-74.82386,44.54251,12.0,45.59506,0.4046973
-110.5269,41.77342,12.0,50.906459999999996,-0.15241860000000002
-145.3544,34.03102,12.0,46.20382,-0.6390293
-152.4765,14.509820000000001,12.0,12.45406,-1.9667709999999998
-152.7868,12.7382,12.0,5.013139,0.5905709
-147.5058,9.336519000000001,12.0,12.9381,0.2831141
-146.3024,-3.017591,12.0,20.52937,0.5294406999999999
-143.0799,-20.58071,12.0,27.648559999999996,0.49700609999999995
-142.0405,-34.71432,13.0,6.386393,0.6225983
-144.303,-42.087959999999995,13.0,14.41426,0.5550904999999999
-153.7423,-51.26351,13.0,21.59092,0.2638685
-166.9362,-62.59791,13.0,23.433000000000003,-0.6550905
-161.4573,-74.855,13.0,17.5994,0.08550798
-147.2215,-74.61765,13.0,21.63821,-0.3432998
-132.9529,-72.45394,13.0,21.34554,0.3323757
-116.4694,-79.83779,13.0,27.76176,0.2056729
-106.7812,-99.78487,13.0,33.1883,0.3468617
-115.3682,-123.596,13.0,37.15371,0.1412255
-139.8099,-131.4697,13.0,29.409809999999997,-0.987416
-145.0116,-122.5691,13.0,6.190567,-0.192196
-138.5855,-122.46700000000001,13.0,10.20295,-0.3164574
-140.7399,-123.0493,13.0,7.644962,0.2729435
-145.4056,-127.5834,13.0,7.09152,-1.62599
-145.4902,-128.6943,13.0,3.460789,0.3362719
-143.1931,-123.2755,13.0,12.39761,0.6130385
-140.0731,-111.8624,13.0,20.041729999999998,0.5189289
-150.0257,-98.61958,13.0,25.82003,0.1882146
-165.308,-104.6571,13.0,21.89755,0.3738488
-167.5375,-124.8296,13.0,31.51387,0.2495627
-167.5037,-150.7186,13.0,38.36719,0.48056540000000003
-167.9571,-181.7107,13.0,44.83298,0.2220848
-168.0262,-217.2341,13.0,50.91957,0.19984449999999998
-158.9138,-251.4604,13.0,44.393240000000006,-0.4009341
-131.9818,-253.9218,13.0,31.19418,-1.2252020000000001
-128.3273,-232.0447,13.0,35.77151,0.8622281999999999
-127.4312,-202.5159,13.0,40.55005,-0.3153585
-124.1464,-184.4613,13.0,14.702760000000001,-0.1540928
-113.4961,-182.0904,13.0,19.61567,0.9672066999999999
-105.1819,-195.8481,13.0,25.92792,0.48884269999999996
-106.3593,-217.5281,13.0,32.9637,0.5131867999999999
-106.7424,-244.0813,13.0,38.83662,0.1808543
-90.0615,-268.8589,13.0,42.61866,0.008266266
-60.35576999999999,-267.3764,13.0,42.55812,-0.02186826
-49.151270000000004,-238.8864,13.0,44.771809999999995,0.4407077999999999
-45.252790000000005,-205.8635,13.0,41.07028,0.1802466
-27.47795,-179.1796,13.0,46.426629999999996,0.44075070000000005
-2.039784,-152.6519,13.0,52.33305,0.18231689999999998
9.026418,-120.4153,13.0,42.84089,-1.6094899999999999
-7.5995,-101.48299999999999,13.0,28.509490000000003,-0.6553296999999999
-6.889178,-79.21432,13.0,34.30471,0.4880531
-5.572973,-51.34908,13.0,40.97157,0.226704
-4.560509,-18.65677,13.0,47.28974,0.4385883
-4.763083,18.43773,13.0,51.2692,-1.060635
-22.03963,41.48425,13.0,31.97963,-1.3848120000000002
-34.26073,35.48792,13.0,13.26295,0.1299075
-35.110620000000004,32.58721,13.0,0.07903691,0.01290174
-35.15801,32.593379999999996,13.0,0.06917693,0.002373183
-34.67407,33.9769,13.0,5.774253,0.9305882
-33.22873,40.816520000000004,13.0,11.55737,-0.3432766
-32.23986,44.783970000000004,13.0,0.5058385,-0.6885357
-33.65255,42.4899,13.0,7.73307,0.3027405
-41.852090000000004,42.08061,13.0,15.333929999999999,0.5598291
-55.384080000000004,45.24467,13.0,22.25907,0.24500879999999997
-74.24686,43.58088,13.0,28.83393,0.46922790000000003
-97.82011,42.24553,13.0,34.867740000000005,0.43263100000000004
-125.4751,41.03465,13.0,39.9674,0.1487596
-146.6035,22.98815,13.0,38.10839,0.02425368
-146.3106,-6.556228999999999,13.0,42.78563,0.4142510999999999
-145.4693,-39.71693,14.0,44.90505,-0.4928287
-160.9786,-59.71552,14.0,28.09109,-1.0566229999999999
-156.9426,-74.50548,14.0,25.57167,0.1698759
-136.202,-75.72913,14.0,31.17003,0.3404429
-115.4282,-87.77847,14.0,35.370259999999995,0.26749509999999993
-110.8227,-113.4633,14.0,37.871629999999996,0.07664236
-131.1357,-131.7265,14.0,36.80243,-0.7913843
-146.3414,-122.9864,14.0,15.87468,-1.1093520000000001
-146.0948,-119.711,14.0,1.903458,0.09286458
-146.97799999999998,-118.6219,14.0,1.740245,0.05275734
-147.7934,-117.8398,14.0,1.613456,0.22702960000000003
-150.2711,-117.26299999999999,14.0,3.9440169999999997,0.0008144202
-149.9851,-117.0006,14.0,5.207045,0.3259991
-145.3094,-111.8746,14.0,13.658479999999999,0.5485686
-147.9835,-100.1254,14.0,20.5453,0.47812440000000006
-163.4048,-99.56855999999999,14.0,24.87613,0.2874851
-167.4488,-118.406,14.0,30.259179999999997,0.5244386999999999
-166.5146,-143.3744,14.0,37.2166,0.4868129
-166.7228,-173.4376,14.0,43.8277,0.21829310000000002
-167.2746,-208.2189,14.0,50.08014,0.439493
-162.1145,-244.6736,14.0,43.67585,-0.8579084000000001
-143.6332,-254.4008,14.0,14.984679999999999,-2.309354
-141.638,-250.6904,14.0,3.653167,-0.2292908
-139.7858,-248.4993,14.0,6.779141,0.2339897
-132.2331,-249.6877,14.0,14.591170000000002,0.6173703
-123.0035,-250.9301,14.0,10.97733,-0.35290770000000005
-121.4692,-243.0328,14.0,15.73867,0.4905811
-125.0773,-228.9619,14.0,23.61378,0.5466095999999999
-127.2001,-208.8322,14.0,31.0267,0.2618475
-124.9229,-184.458,14.0,32.39499,-0.32828379999999996
-107.7727,-182.3662,14.0,22.54301,0.2913173
-106.1831,-204.2146,14.0,39.655770000000004,1.530465
-106.4088,-240.7343,14.0,57.235319999999994,0.06877245
-84.92154000000001,-270.7583,14.0,44.65231,-0.05947294
-53.97351,-263.2414,14.0,44.003009999999996,-0.20798179999999997
-49.19621,-232.0964,14.0,45.87178,0.20498550000000001
-41.06323,-198.3921,14.0,49.778040000000004,0.38136129999999996
-15.40959,-169.4969,14.0,55.05947,0.4009979
9.072128999999999,-137.6742,14.0,47.00653,-2.817519
2.54601,-115.4109,14.0,26.6013,-0.416745
-5.6444220000000005,-96.45081,14.0,31.747590000000002,0.46941000000000005
-4.512663,-70.48418000000001,14.0,38.58303,0.4887113
-2.570446,-39.46609,14.0,45.144729999999996,0.462534
-2.43953,-3.7516870000000004,14.0,51.25573,0.2050654
-9.444219,32.72586,14.0,45.4425,-0.25342729999999997
-38.60403,42.0592,14.0,44.542559999999995,0.4652081
-73.91571,40.29023,14.0,50.61248,0.2115571
-113.46600000000001,41.293420000000005,14.0,54.799409999999995,-0.5006170999999999
-142.8163,31.92499,14.0,31.306109999999997,-2.1556040000000003
-144.6196,21.934179999999998,14.0,1.7679029999999998,0.38296209999999997
-142.0914,24.3568,14.0,5.030334,0.4132084
-141.6477,24.912879999999998,14.0,4.691919,0.30410190000000004
-146.1151,21.46547,14.0,9.539937,-0.1481887
-149.5961,22.06279,14.0,0.42012259999999996,0.22498020000000002
-146.437,19.966179999999998,14.0,9.712984,0.6343554
-141.424,11.09269,14.0,18.16324,0.5526896
-140.9957,-5.305005,14.0,26.19813,0.2765942
-141.757,-33.41127,1.0,2.948804,1.216744
-141.9555,-37.97532,1.0,9.690227,0.342706
-144.8392,-47.91993,1.0,18.46462,0.6092864
-157.9998,-58.082719999999995,1.0,26.541040000000002,0.2328265
-159.4394,-75.08768,1.0,25.39293,-0.24207179999999998
-143.8512,-70.05254000000001,1.0,26.405340000000002,0.04630874
-135.8744,-68.2776,1.0,0.06015588,-0.014052200000000003
-135.8548,-68.28004,1.0,0.02579257,-7.814175000000001e-05
-135.8364,-68.28259,1.0,0.02222235,-0.01458135
-135.8582,-68.39583,1.0,1.8728470000000002,0.7910364000000001
-135.9492,-71.41196,1.0,4.588322,-0.02653868
-135.7077,-74.54836999999999,1.0,3.837104,-0.06857126
-136.8943,-76.52129000000001,1.0,0.505641,-0.41873119999999997
-134.1444,-75.1744,1.0,8.665282000000001,0.32637340000000004
-124.6414,-76.42761,1.0,17.24415,0.5016904000000001
-115.2346,-88.21719,1.0,24.63553,0.5627616999999999
-110.1864,-108.2909,1.0,31.458409999999997,0.3912717
-122.1666,-129.6984,1.0,36.22137,0.2305882
-144.304,-128.5769,1.0,25.218970000000002,-1.0865
-141.3771,-114.5636,1.0,23.951539999999998,0.48152690000000004
-138.4576,-108.7121,1.0,0.02252157,-0.02179071
-138.4584,-108.7298,1.0,0.02153948,-0.03356584
-138.6329,-108.6672,1.0,2.5860060000000002,0.6009275
-143.3962,-108.6178,1.0,8.132846,-0.08215676
-145.6569,-110.7255,1.0,1.7987279999999999,0.4893777
-144.3693,-106.2975,1.0,10.620610000000001,0.5830065999999999
-149.685,-97.42371999999999,1.0,18.3399,0.49088699999999996
-161.5474,-97.58021,1.0,14.621570000000002,-0.30957399999999996
-166.6384,-109.2367,1.0,24.88849,0.8065163000000001
-170.1984,-131.8186,1.0,36.41522,0.23566620000000002
-163.1133,-159.4786,1.0,38.12213,-0.8120794
-166.678,-184.2743,1.0,30.482540000000004,-0.24646060000000003
-167.4421,-210.3311,1.0,40.729929999999996,-0.1894045
-165.6699,-237.9855,1.0,33.4574,-0.7592346999999999
-151.2096,-250.9505,1.0,25.76861,0.4343189
-130.1997,-246.7853,1.0,32.01508,-0.12310639999999999
-123.61200000000001,-230.4424,1.0,22.98011,0.3358773
-130.1035,-215.5932,1.0,22.41762,0.99664
-122.8351,-202.2957,1.0,18.021710000000002,-0.35186890000000004
-124.7949,-189.6525,1.0,15.57979,-0.212995
-115.4855,-184.1225,1.0,19.7286,0.1186846
-110.5745,-194.7287,1.0,14.86505,-0.23838020000000001
-110.0334,-205.3601,1.0,16.37453,0.5795515
-108.7767,-220.4073,1.0,24.3267,0.5697569
-106.4313,-241.0653,1.0,31.71868,0.2486029
-95.61659,-263.9332,1.0,37.22674,0.2800227
-69.14165,-270.22700000000003,1.0,39.459140000000005,0.04761853
-52.19851,-248.1788,1.0,39.888940000000005,0.2720787
-48.230059999999995,-217.0324,1.0,45.07012,0.38033829999999996
-29.45775,-187.2993,1.0,50.37034,0.21243209999999998
-3.902509,-157.1943,1.0,56.08067,0.1855307
12.055010000000001,-119.9545,1.0,46.46608,-3.1406
10.26111,-104.4946,1.0,2.136494,-0.9895415999999999
9.747295,-104.2363,1.0,0.04139319,-0.07159849
11.26975,-105.2404,1.0,5.683092,0.39021849999999997
16.44422,-107.3111,1.0,7.781625999999999,-1.320215
18.35063,-106.9741,1.0,2.129754,0.6425959
13.7996,-108.5716,1.0,10.78634,0.6025178000000001
4.035049,-111.9352,1.0,16.47919,0.1550706
0.230915,-99.91245,1.0,21.9879,0.5527048999999999
-1.300484,-81.62685,1.0,28.65152,0.5187292
-5.387924,-58.36317,1.0,35.336059999999996,0.48278420000000005
-6.240642,-29.75931,1.0,41.89798,0.43820109999999995
-6.344306,3.5615980000000005,1.0,47.99763,0.2022763
-11.0001,37.079609999999995,1.0,37.59195,-2.049271
-23.17406,43.31633,1.0,13.73015,0.5519397
-34.32632,37.710409999999996,1.0,20.89554,0.5035629
-52.3912,39.82124,1.0,28.135509999999996,0.49744279999999996
-75.8342,39.5246,1.0,35.11569,0.46556899999999996
-104.2984,40.01764,1.0,41.663000000000004,0.22115810000000002
-135.4572,39.11208,1.0,36.35007,-1.4423700000000002
-143.6697,25.40897,1.0,12.38072,-1.580668
-137.7499,24.2803,1.0,0.43846320000000005,0.08243237
-137.7518,24.23339,1.0,0.054732100000000006,-0.01787366
-137.9282,24.26695,1.0,2.313504,0.3575172
-142.4318,24.456879999999998,1.0,9.159857,0.17144210000000001
-149.6001,24.91151,1.0,6.751763,-0.7889299
-150.938,25.31982,1.0,2.6374869999999997,0.6348194
-147.6209,21.76359,1.0,10.77399,0.5265163
-149.5306,11.73016,1.0,17.89588,0.5411568
-150.5196,-2.956901,1.0,23.79349,0.24525370000000002
-146.529,-22.62569,1.0,30.376070000000002,0.4656384
-149.8363,-46.08217,2.0,32.761520000000004,-0.4284817
-166.8514,-61.499280000000006,2.0,29.414859999999997,-0.7891571999999999
-158.3536,-72.79058,2.0,13.28495,-0.757232
-155.7255,-68.527,2.0,0.0856014,0.01980521
-155.6861,-68.528,2.0,0.03903714,-0.0033199540000000004
-155.9735,-69.58898,2.0,4.639022,0.39387059999999996
-156.4464,-73.31142,2.0,4.862399,-0.02334336
-156.899,-75.01884,2.0,2.12537,0.3418374
-152.5277,-72.76427,2.0,11.4383,0.643281
-142.6402,-77.90935999999999,2.0,19.706529999999997,0.560027
-129.0858,-82.91167,2.0,18.04658,-0.2822587
-117.3216,-90.18968000000001,2.0,25.204439999999998,1.446813
-111.1066,-110.5771,2.0,30.90118,0.005083461
-125.4317,-128.8503,2.0,32.83413,-0.01006334
-144.4123,-125.6591,2.0,20.95859,-0.5242111
-139.5306,-111.6925,2.0,23.23524,-0.7277049
-146.5825,-101.62899999999999,2.0,20.31904,0.37141640000000004
-160.1175,-106.0292,2.0,17.60998,-0.530139
-161.5167,-118.266,2.0,17.10558,0.2439598
-164.9534,-132.6326,2.0,24.07507,0.5663973000000001
-165.2755,-153.3681,2.0,31.9079,0.5725368000000001
-165.524,-179.8529,2.0,39.31078,0.5362439999999999
-165.9625,-211.5527,2.0,46.25715,0.4803249
-162.5839,-243.8864,2.0,29.088559999999998,-1.349792
-148.0814,-251.957,2.0,25.93758,0.2927431
-127.7942,-247.3487,2.0,29.26013,-0.46527109999999994
-128.159,-228.9142,2.0,28.22062,0.6281275
-126.0437,-204.5519,2.0,36.6585,0.5705365
-122.9905,-184.9333,2.0,11.18084,-1.001672
-114.0781,-185.6442,2.0,16.135,0.27774899999999997
-110.384,-199.46200000000002,2.0,23.81997,0.5732156999999999
-108.5279,-219.9512,2.0,31.6888,0.2848198
-104.0673,-245.81799999999998,2.0,38.946,0.2314075
-86.25392,-269.3129,2.0,41.56133,-0.27645390000000003
-58.324459999999995,-262.4669,2.0,41.9012,0.22292779999999998
-49.23583,-233.9323,2.0,43.90514,0.23373939999999999
-43.221709999999995,-200.4204,2.0,48.50618,0.08466082
-18.30119,-172.0984,2.0,54.13929,0.44929220000000003
6.511080000000001,-139.8596,2.0,45.67868,-1.987814
5.063414,-122.1197,2.0,19.18884,0.3350849
-5.154595,-108.7591,2.0,26.61598,0.48082240000000004
-6.734574,-86.45618,2.0,34.051159999999996,0.5502159000000001
-6.772208,-58.535509999999995,2.0,41.28687,0.2489317
-7.004683,-25.3662,2.0,48.10635,0.23804539999999996
-7.350561,12.67238,2.0,54.51591,0.44640690000000005
-17.223029999999998,43.4287,2.0,29.791859999999996,-2.2494389999999997
-25.99782,45.67477,2.0,1.825864,0.6977525
-26.621540000000003,41.3127,2.0,10.64485,0.6236505999999999
-36.69383,41.60089,2.0,18.69955,0.3155361
-52.32026,46.57679,2.0,26.01414,0.5054565
-74.12215,43.00192,2.0,33.65191,0.27340840000000005
-101.8218,41.43295,2.0,40.9472,0.5087037999999999
-134.3718,38.33136,2.0,46.255790000000005,-0.2114819
-150.5753,21.96996,2.0,17.7449,-1.2832700000000001
-148.5044,19.34517,2.0,5.656937,0.32544759999999995
-143.3778,15.31485,2.0,14.04626,0.6000379
-148.0453,3.2878260000000004,2.0,21.986,0.5608798
-148.7095,-13.833820000000001,2.0,27.73958,0.5662556
-141.9671,-34.13321,3.0,8.91572,0.8878626000000001
-144.0755,-42.35375,3.0,11.4439,-0.02806211
-150.7322,-50.68914,3.0,17.79234,-0.2969652
-161.7852,-54.41573,3.0,14.130370000000001,-0.27054490000000003
-166.5568,-61.186580000000006,3.0,10.442689999999999,-0.1495989
-163.25,-68.45719,3.0,14.3493,0.612825
-150.9214,-72.20813000000001,3.0,22.01342,0.5979929
-132.1606,-74.73513,3.0,29.55909,0.6811533000000001
-115.1716,-85.7776,3.0,24.82824,-0.38288130000000004
-107.8593,-102.4202,3.0,29.60567,-0.4853356
-111.7961,-121.5239,3.0,23.78579,-0.39546820000000005
-123.4949,-131.9598,3.0,22.1328,0.7037287
-139.7963,-130.5849,3.0,22.57946,0.6799927
-146.4899,-110.8809,3.0,29.66685,-0.8580661
-159.6605,-103.7029,3.0,16.80614,0.22991279999999997
-166.8425,-115.9183,3.0,23.88054,0.5871748999999999
-169.2584,-136.407,3.0,31.73315,0.2840227
-168.6224,-162.5376,3.0,38.92392,0.2592958
-166.9815,-193.9235,3.0,45.75844,0.21961060000000002
-163.9555,-229.7411,3.0,49.41619,-0.34487829999999997
-153.7195,-257.6066,3.0,32.78667,-1.272832
-135.3183,-252.9866,3.0,28.354809999999997,0.5298503000000001
-124.86200000000001,-232.7432,3.0,33.59254,0.2346409
-128.3671,-206.4497,3.0,35.59953,-0.4453386
-123.4589,-182.7772,3.0,28.078559999999996,-1.135199
-109.18799999999999,-182.4516,3.0,20.676289999999998,-0.1299638
-109.6219,-199.5855,3.0,26.66687,0.4812831
-104.5882,-221.0625,3.0,31.33288,-0.1274465
-106.1781,-242.3164,3.0,27.93473,0.357637
-99.49848,-265.94599999999997,3.0,36.77061,0.0764063
-74.10219000000001,-269.5165,3.0,38.24627,0.3369744
-59.17888000000001,-268.2293,3.0,11.035910000000001,-0.993798
-56.20215,-266.6888,3.0,1.1675309999999999,0.6930558000000001
-57.20395,-267.3905,3.0,0.3024785,-0.322998
-55.78484,-266.0038,3.0,5.7988919999999995,0.2939835
-51.98746,-262.4135,3.0,7.956907000000001,0.03892424
-48.17818,-263.6957,3.0,0.9460789000000001,-0.8052433000000001
-49.456790000000005,-261.20099999999996,3.0,8.194187,0.6002287
-49.36387,-252.2716,3.0,16.33551,0.5868453
-45.70284,-237.72299999999998,3.0,24.06631,0.561706
-43.14229,-217.3224,3.0,31.30009,0.5083314999999999
-39.06556,-192.0345,3.0,37.19481,0.08970969
-19.80914,-170.3508,3.0,42.80996,0.7575708999999999
-2.209062,-154.2742,3.0,23.47041,-0.1920069
9.32921,-143.9819,3.0,18.45412,-0.1864544
11.51113,-132.5941,3.0,14.001420000000001,-0.2610099
5.669106,-121.3355,3.0,21.10393,0.5772709
-4.122153,-106.0075,3.0,28.26019,0.24519570000000004
-10.019919999999999,-83.23139,3.0,35.01715,0.4760597
-9.283377,-54.980219999999996,3.0,41.42607,0.45883100000000004
-4.483263,-22.30315,3.0,45.544290000000004,-0.6608647
-3.728067,6.107928,3.0,24.7357,-2.366767
-4.786033,14.631229999999999,3.0,3.517464,-0.09861546
-5.853198,20.189870000000003,3.0,12.19102,0.3267339
-9.834093,31.55487,3.0,20.27175,0.5285544
-23.464470000000002,42.20077,3.0,27.349040000000002,0.5308248000000001
-45.63632,44.68273,3.0,33.82795,0.24225
-73.26801,44.378190000000004,3.0,40.6334,0.2313506
-105.70299999999999,42.19998,3.0,47.07184,0.4514746
-137.7553,37.35645,3.0,39.292359999999995,0.06425773
-149.6798,16.8286,3.0,32.30769,0.08843529
-144.2298,-7.439417999999999,3.0,36.611979999999996,0.2444851
-144.0777,-36.83831,4.0,41.86629,-0.2065638
-154.6877,-54.05595,4.0,18.62017,-0.3649633
-167.5132,-58.158640000000005,4.0,18.83663,-0.2686188
-160.7814,-70.58384000000001,4.0,24.050420000000003,0.4522951
-140.9831,-72.72914,4.0,30.44755,0.427137
-119.0776,-83.49121,4.0,36.170390000000005,0.38576520000000003
-108.5046,-108.7986,4.0,38.16649,-0.46964979999999995
-123.8883,-131.0343,4.0,36.7242,-0.38900690000000004
-144.5996,-123.99600000000001,4.0,29.94645,-0.3249815
-146.468,-102.32799999999999,4.0,27.29236,-1.203729
-158.8935,-100.412,4.0,19.82548,0.9823503
-167.0866,-114.9583,4.0,26.653470000000002,0.5382859999999999
-170.2136,-137.2298,4.0,33.92677,0.5081707999999999
-168.7828,-164.7381,4.0,40.54298,0.4824883
-165.9547,-197.0695,4.0,47.00219,0.4280952
-163.2358,-233.2018,4.0,45.929159999999996,-0.7992296999999999
-156.0685,-253.0846,4.0,19.76376,-0.3244729
-141.9265,-258.2177,4.0,23.87122,0.202422
-129.2282,-246.7586,4.0,27.777009999999997,0.5696697
-125.2546,-223.9384,4.0,34.315329999999996,0.20548520000000003
-128.6338,-196.5739,4.0,39.6044,-0.01000955
-112.46600000000001,-176.7546,4.0,32.897890000000004,-0.8225995
-99.51818,-188.5553,4.0,22.99446,-0.3565185
-112.9461,-197.0237,4.0,23.63964,-0.31659499999999996
-114.555,-201.5542,4.0,0.01182357,-0.03300828
-114.5499,-201.5524,4.0,0.35971559999999997,0.5404896
-112.0439,-201.5967,4.0,6.006974,0.2684931
-109.6932,-198.4281,4.0,2.32572,-0.3087982
-109.5665,-199.5941,4.0,5.293766000000001,0.5268141
-108.3512,-206.0201,4.0,12.30183,0.4792616
-106.1518,-217.41099999999997,4.0,18.8512,0.4395969
-105.3159,-233.5842,4.0,24.91685,0.4234005
-104.5522,-253.986,4.0,30.105209999999996,0.2863792
-89.26102,-270.8235,4.0,33.08381,0.1155153
-64.20971999999999,-268.2244,4.0,36.51279,0.26777990000000007
-49.32096,-246.8,4.0,37.29384,0.29565690000000006
-47.91865,-217.5072,4.0,41.73335,0.27515100000000003
-36.05386,-187.3219,4.0,45.63341,0.1487869
-11.37134,-163.6561,4.0,45.49978,0.5001038
5.683399,-147.8622,4.0,21.60717,-0.47805459999999994
12.7545,-136.5504,4.0,16.047320000000003,0.5901734000000001
6.153169,-122.1838,4.0,25.504,0.4150075
-5.165819,-104.8118,4.0,30.72557,0.19516
-10.27425,-80.61378,4.0,35.91465,0.3537781
-9.073846000000001,-52.297670000000004,4.0,40.7355,0.16655129999999999
-3.307189,-20.84382,4.0,45.455940000000005,0.162553
-3.5663980000000004,13.99054,4.0,48.57809,-0.10152960000000001
-14.546,36.607690000000005,4.0,28.571590000000004,0.3072523
-35.82635,43.84118,4.0,33.107890000000005,0.3674127
-62.24298,43.22472,4.0,38.27642,0.36861679999999997
-92.46795999999999,42.792390000000005,4.0,43.16036,0.3422737
-123.805,39.58817,4.0,37.606590000000004,-0.7319920999999999
-140.0805,35.73146,4.0,15.56412,0.4480514
-147.2531,24.49204,4.0,21.34045,0.2008539
-147.0426,6.63035,4.0,27.08305,0.415996
-142.5129,-15.07555,4.0,32.654109999999996,0.36136840000000003
-143.8737,-39.751870000000004,5.0,30.910729999999997,-0.8097495
-158.4984,-53.231730000000006,5.0,28.366390000000003,0.4115491
-168.2041,-66.27518,5.0,18.24823,-0.006889276
-156.6904,-69.74001,5.0,16.75187,0.3407505
-140.9435,-72.804,5.0,24.95869,0.22126710000000002
-121.6326,-79.74994000000001,5.0,30.41044,0.17192079999999998
-108.0197,-98.47775,5.0,33.703509999999994,0.1771796
-113.455,-122.5701,5.0,32.65206,-0.2800243
-131.5674,-133.0295,5.0,25.799960000000002,-0.35084590000000004
-142.5486,-121.2544,5.0,25.1294,0.20554539999999996
-152.1194,-103.5989,5.0,29.169340000000002,-0.2882743
-165.705,-104.4781,5.0,15.07978,0.01040485
-164.9336,-117.036,5.0,19.97352,0.3997994
-167.5761,-135.2406,5.0,31.794970000000003,1.30549
-168.4304,-165.4617,5.0,46.11887,0.3800542
-164.2553,-201.5526,5.0,51.24777,-0.8791485000000001
-164.0373,-229.5519,5.0,22.51519,-0.46438379999999996
-162.4797,-244.0288,5.0,16.952270000000002,-0.2041589
-156.7787,-253.8035,5.0,17.4054,0.916939
-141.805,-260.0547,5.0,26.559759999999997,0.5953166
-127.5838,-244.03900000000002,5.0,35.85978,0.38998540000000004
-126.6904,-214.6476,5.0,40.153240000000004,-0.3598467
-128.3135,-193.4275,5.0,19.92878,-0.2341366
-121.5051,-183.3006,5.0,17.21881,0.3734381
-106.5271,-185.74400000000003,5.0,24.36662,-0.006286805
-102.5793,-204.7639,5.0,31.460409999999996,0.42379920000000004
-104.55799999999999,-230.6575,5.0,37.2099,0.22284389999999998
-104.5163,-256.3003,5.0,30.813909999999996,-0.6148548
-89.46703000000001,-270.8611,5.0,31.47386,0.29751659999999996
-65.19919,-269.0014,5.0,35.32781,0.1846776
-50.44227,-248.128,5.0,37.34361,0.15447639999999999
-46.552459999999996,-218.71099999999998,5.0,42.2255,0.1596204
-37.41199,-187.3102,5.0,46.08641,0.1407483
-13.2576,-162.8402,5.0,40.03812,-4.087052
-0.6461929,-154.6078,5.0,12.70181,-0.3477343
5.612869,-149.9979,5.0,8.38555,-0.280765
9.644491,-146.0772,5.0,9.331438,0.5001709
13.216239999999999,-137.5953,5.0,15.82526,0.4354536
8.653355,-124.6816,5.0,21.743879999999997,0.42151279999999997
-2.004655,-109.8663,5.0,27.512890000000002,0.3807914
-9.024764999999999,-88.63789,5.0,32.88021,0.3935043
-10.16273,-62.55146,5.0,37.837790000000005,0.343035
-4.763601,-33.169990000000006,5.0,42.70189,0.34245690000000006
-1.336315,-0.3445116,5.0,42.890370000000004,-0.7209142
-5.531503,22.13961,5.0,13.75487,-1.424675
-9.086825,30.002840000000003,5.0,15.44794,0.4405857
-18.41319,39.80495,5.0,21.463179999999998,0.435583
-35.46432,45.01365,5.0,27.042820000000003,0.2115856
-57.5769,45.13573,5.0,32.63742,0.195296
-83.75618,44.15741,5.0,37.92249,0.391706
-113.4126,41.67528,5.0,39.77259,-1.419471
-135.4178,38.71288,5.0,18.26972,0.1830591
-145.9782,26.9953,5.0,24.69154,0.39595040000000004
-147.359,6.974234,5.0,29.88465,0.18465810000000002
-142.3784,-16.660420000000002,5.0,35.19703,0.3611116
-143.7953,-39.23383,6.0,18.14815,-2.052584
-148.4093,-48.63665,6.0,18.220270000000003,0.4950859
-159.9925,-55.43793,6.0,15.9685,-0.19947020000000001
-166.2578,-62.557109999999994,6.0,14.120829999999998,0.3558985
-157.6536,-72.53341999999999,6.0,23.2077,0.2820827
-135.4337,-72.57809,6.0,36.22343,0.5931798
-111.6551,-89.37841,6.0,40.53779,-0.659928
-114.2576,-112.7569,6.0,20.5801,-2.118507
-117.7991,-121.6624,6.0,12.878160000000001,0.3984585
-124.6209,-132.5697,6.0,17.04202,-0.1766964
-138.1529,-131.8565,6.0,22.12956,0.1722894
-145.0851,-115.594,6.0,27.99785,0.01269687
-149.8077,-104.654,6.0,7.394083999999999,-0.2824273
-155.9735,-101.0098,6.0,13.9177,0.6351839
-165.5961,-105.2976,6.0,16.29149,0.5384925
-167.5145,-121.1866,6.0,28.412309999999998,1.044649
-168.9114,-147.2195,6.0,41.15735,0.41582470000000005
-167.6045,-181.7708,6.0,51.85306,0.7162236
-163.8198,-221.09799999999998,6.0,49.72586,-0.8183047
-160.4979,-252.033,6.0,33.59967,-1.505191
-143.0702,-257.8424,6.0,21.81445,-0.4940228
-130.2884,-250.4393,6.0,23.24693,0.5824258000000001
-125.0488,-231.9667,6.0,28.7791,0.4022155
-127.2809,-208.8338,6.0,34.08909,0.375094
-126.6931,-185.8609,6.0,19.89255,-1.229243
-114.3567,-182.7849,6.0,21.0268,0.1681334
-103.8745,-195.4191,6.0,25.54845,0.3984813
-103.0982,-216.2941,6.0,30.976359999999996,0.1907451
-105.7759,-241.0865,6.0,36.29528,0.3543396
-98.8787,-267.5893,6.0,37.69252,-0.3888816
-75.1622,-270.9001,6.0,29.62387,-0.5577807
-57.003280000000004,-265.0137,6.0,22.09659,-0.43846040000000003
-48.78484,-248.9913,6.0,28.960290000000004,0.19164479999999998
-45.19998,-225.683,6.0,34.46705,0.3720382
-41.972359999999995,-198.4516,6.0,39.453520000000005,0.142213
-25.96611,-173.9289,6.0,41.87706,0.1598499
-4.12047,-157.7693,6.0,23.15558,-2.188726
4.62707,-151.1141,6.0,12.09118,-0.03356664
10.9002,-144.1906,6.0,14.16156,0.15183039999999998
11.98465,-131.1931,6.0,22.33589,0.5635817
-0.5840741999999999,-115.0062,6.0,34.60755,0.9951953000000001
-9.057371,-85.85921,6.0,48.0969,0.43248640000000005
-7.829452000000001,-45.72108,6.0,59.74419,0.20922829999999998
-1.206669,-1.557215,6.0,56.70168,-1.61558
-6.866528999999999,24.286820000000002,6.0,21.65707,-0.4519742
-15.48291,38.04905,6.0,25.26125,0.6630983
-36.80431,45.05379,6.0,36.89235,1.041505
-69.70911,44.50448,6.0,51.835359999999994,0.9999083000000001
-111.0222,42.142990000000005,6.0,45.63456,-4.612165
-127.9759,39.187470000000005,6.0,13.35188,-0.3546535
-139.0061,36.34013,6.0,21.84955,0.7585543
-147.5888,21.73121,6.0,26.297909999999998,0.1869545
-145.7779,0.3237752,6.0,31.8283,0.3938417
-141.064,-24.8017,6.0,36.69765,0.190359
-142.1298,-37.250609999999995,7.0,10.20871,0.2456521
-145.5305,-46.60504,7.0,16.672060000000002,0.2285024
-157.9224,-53.63645,7.0,22.4866,0.3753262
-168.2908,-65.40556,7.0,18.866039999999998,-0.6008372
-162.7964,-75.52676,7.0,16.27184,0.0951568
-149.8872,-75.7728,7.0,19.84459,0.1426829
-135.0914,-73.23159,7.0,21.523220000000002,0.2397946
-118.8704,-79.80131999999999,7.0,28.419290000000004,0.3764324
-108.1604,-99.17704,7.0,32.40718,0.28583059999999993
-115.6664,-122.5108,7.0,35.47096,0.09256878
-139.6505,-131.2045,7.0,32.32501,-1.520485
-146.5613,-119.89200000000001,7.0,12.41319,-0.4637568
-142.9607,-112.3562,7.0,16.032870000000003,0.5017161
-150.1982,-102.5866,7.0,16.55753,0.04088384
-163.0778,-104.7991,7.0,21.3616,0.04726217
-166.1953,-119.0226,7.0,20.49597,0.213223
-166.8625,-137.1364,7.0,29.81842,0.5196297000000001
-169.5422,-164.4288,7.0,43.8618,0.9350014000000001
-170.0334,-201.4374,7.0,55.64528000000001,0.6704404
-166.9522,-238.5437,7.0,40.63642,-2.676718
-151.8081,-254.05900000000003,7.0,25.264860000000002,-0.23951950000000002
-135.2452,-252.5192,7.0,22.55079,0.06227523
-125.7699,-238.7059,7.0,28.467959999999998,0.9472671999999999
-126.0682,-215.1474,7.0,34.5169,0.391573
-125.3053,-188.0141,7.0,34.02949,-2.710646
-115.1947,-180.16400000000002,7.0,13.92668,0.26145100000000004
-109.617,-191.9417,7.0,21.73856,0.4404095
-108.8379,-210.2754,7.0,27.695220000000003,0.4135298
-108.5322,-232.8726,7.0,33.29316,0.388784
-102.2897,-258.0383,7.0,37.2804,0.19651770000000002
-78.91665,-272.8061,7.0,39.33806,0.0338884
-54.13695,-260.6656,7.0,39.34887,0.00533804
-49.23042,-231.4628,7.0,42.49374,0.3346625
-41.232040000000005,-200.1125,7.0,45.32586,0.14305779999999998
-17.77851,-174.0195,7.0,49.617290000000004,0.32562140000000006
5.272801,-144.9389,7.0,42.68352,-2.411638
7.4585490000000005,-123.9448,7.0,23.661379999999998,0.8729809999999999
-4.248819999999999,-106.3746,7.0,32.325829999999996,0.2950447
-4.263118,-77.42900999999999,7.0,48.1128,1.278178
-0.521247,-35.79899,7.0,64.2999,0.4806213
-2.430956,12.8222,7.0,60.284169999999996,-1.4061489999999999
-15.172260000000001,40.99398,7.0,30.441359999999996,-1.1992639999999999
-39.10378,40.73787,7.0,38.55283,0.37696440000000003
-69.55028,40.40941,7.0,43.46164,0.33796950000000003
-103.4452,40.99646,7.0,48.038779999999996,0.1481978
-138.5556,37.739670000000004,7.0,39.26285,-3.1653860000000003
-146.9167,19.093329999999998,7.0,29.552640000000004,0.2127685
-145.1824,-4.818558,7.0,34.99511,0.386825
-145.9305,-32.620020000000004,7.0,40.060970000000005,0.1595724
-159.5865,-55.8819,8.0,34.69213,-0.2803715
-168.07299999999998,-69.86893,8.0,22.7164,0.3659742
-152.5985,-78.93460999999999,8.0,28.3887,0.165932
-129.8758,-78.16561999999999,8.0,32.56012,0.08157733
-112.6822,-95.55299000000001,8.0,35.47683,0.08815432
-115.5022,-121.449,8.0,37.13345,0.03480397
-139.22,-131.6833,8.0,30.5887,-2.0809029999999997
-146.4182,-127.2725,8.0,2.5492220000000003,0.082426
-142.8245,-123.7109,8.0,10.627939999999999,0.4829564
-142.9266,-113.8145,8.0,16.9369,0.3836274
-152.8788,-103.4035,8.0,22.449820000000003,0.1472764
-166.9934,-109.2226,8.0,24.09429,0.1017305
-166.6317,-128.6832,8.0,29.22621,0.3854405
-169.4002,-152.0984,8.0,34.48332,0.38042370000000003
-170.6876,-179.3026,8.0,39.34531,0.3643108
-169.0164,-210.332,8.0,44.15907,0.15787479999999998
-165.3196,-244.0242,8.0,44.45929,-1.003431
-142.7815,-256.2499,8.0,31.216659999999997,-0.48479099999999997
-128.35299999999998,-241.4911,8.0,30.84327,0.2788116
-127.3459,-217.1529,8.0,35.59822,0.1927107
-125.553,-189.3356,8.0,37.165,-0.4939322
-113.3102,-180.0362,8.0,14.82492,-0.2239641
-107.3901,-191.2116,8.0,20.93056,0.46061729999999995
-106.6628,-208.929,8.0,26.90355,0.217074
-105.9114,-231.0496,8.0,32.56685,0.38206490000000004
-101.7215,-256.3935,8.0,36.94003,0.08200535
-80.08221,-272.6597,8.0,38.58848,-0.008307307
-54.83421,-261.8402,8.0,39.46918,0.06318025
-47.07917,-233.513,8.0,42.29417,0.3763884
-42.17908,-201.1721,8.0,45.59016,-0.09815081
-19.16655,-175.8637,8.0,48.37942,0.1452231
4.010333999999999,-147.1055,8.0,48.19597,-1.2187629999999998
5.67811,-119.7537,8.0,33.27009,0.26749459999999997
-7.071503,-95.57719,8.0,38.97566,0.02933413
-2.387657,-65.58479,8.0,43.33509,0.352071
-1.315356,-31.75217,8.0,47.88528,0.33325820000000006
-1.983402,5.321177,8.0,52.19233,0.1363858
-12.2287,38.26678,8.0,36.31451,-1.621255
-26.232940000000003,41.77469,8.0,5.307814,-1.468072
-28.23445,37.44066,8.0,10.07292,0.4568485
-36.71051,40.69253,8.0,16.38944,0.461938
-46.77694,48.574009999999994,8.0,11.51372,-0.8026984
-48.02233,48.58678,8.0,0.02530316,0.001233168
-48.31347,47.54633,8.0,3.930271,0.2036459
-47.789840000000005,44.0189,8.0,5.03437,-0.06760389
-47.81725,43.81338,8.0,4.965567,0.6940687
-54.26981,46.395,8.0,13.908879999999998,0.31644279999999997
-67.65281999999999,45.05164,8.0,22.36881,0.5792039999999999
-87.08345,42.57493,8.0,30.31823,0.5440465999999999
-112.23200000000001,43.450590000000005,8.0,37.62618,0.45320429999999995
-139.352,37.157579999999996,8.0,38.75307,-0.1439079
-143.9661,8.827009,8.0,43.49758,0.6422547
-146.9932,-25.81949,8.0,47.249340000000004,-0.3430546
-142.0959,-34.967209999999994,9.0,2.55536,-0.02956256
-143.445,-40.15831,9.0,12.85019,0.33478579999999997
-148.5205,-48.78555,9.0,12.39228,-0.1018801
-156.6307,-52.9403,9.0,14.52936,-0.2093641
-165.1879,-57.00257,9.0,11.41404,-0.24302089999999998
-166.4868,-64.85444,9.0,14.64415,0.4961137
-155.9481,-73.42808000000001,9.0,19.192729999999997,-0.1811682
-143.1836,-72.82591,9.0,15.51327,-0.23095279999999999
-129.8979,-74.78796,9.0,24.78728,0.4282229
-114.2528,-85.15674,9.0,26.02831,0.0220201
-107.2411,-102.8203,9.0,24.7029,-0.1972283
-108.8243,-115.2255,9.0,11.923919999999999,-0.09396105
-112.4046,-124.0215,9.0,18.45768,0.6303719
-123.6304,-134.1335,9.0,19.461920000000003,-0.1762915
-136.1683,-133.5058,9.0,15.62805,-0.08980671
-144.5175,-123.2015,9.0,23.34935,0.2872617
-150.7573,-104.7315,9.0,22.7306,-1.46138
-160.7408,-99.75458,9.0,13.23166,-0.342252
-166.4184,-108.79299999999999,9.0,21.05321,0.587728
-168.4851,-129.811,9.0,35.46376,0.46826769999999995
-169.0463,-160.2357,9.0,44.57394,0.1459582
-165.9258,-194.5046,9.0,47.99501,0.1939354
-163.2002,-226.91,9.0,39.0481,-0.9568413
-159.9227,-249.3496,9.0,25.475089999999998,-0.5326085
-147.171,-259.7338,9.0,20.07329,-0.3867064
-134.4228,-256.4209,9.0,21.59605,0.4850673
-125.4308,-237.1314,9.0,35.15038,0.4897519
-127.2255,-210.2852,9.0,33.60464,-0.6107748000000001
-128.6271,-193.3292,9.0,15.45255,-0.1190705
-125.0043,-183.81400000000002,9.0,13.86842,0.6278977
-112.4991,-182.4911,9.0,18.70499,-0.3092699
-103.8341,-190.5039,9.0,14.91407,0.1791482
-102.5752,-206.0722,9.0,28.61075,0.47841350000000005
-105.0472,-230.9764,9.0,37.63163,0.213772
-103.8554,-257.9001,9.0,35.12473,-0.2363805
-85.7196,-272.8546,9.0,32.6289,0.1225502
-62.556000000000004,-268.0257,9.0,32.07502,-0.1157014
-49.888259999999995,-247.9917,9.0,34.43189,0.05243604
-45.61125,-221.7614,9.0,36.82506,0.1616344
-40.788759999999996,-195.6629,9.0,34.2751,-0.4084069
-29.17685,-175.6609,9.0,28.543290000000002,-0.4260311
-14.1878,-163.9398,9.0,23.279870000000003,-0.3361342
-0.871253,-155.1657,9.0,19.71125,-0.2796884
9.636353,-146.3359,9.0,19.674220000000002,0.5052298
11.398489999999999,-130.2751,9.0,25.45948,0.24257060000000003
-1.147625,-113.9445,9.0,29.45494,0.1109865
-9.163555,-93.57356,9.0,30.05616,0.06539164
-11.23593,-70.7878,9.0,32.7806,0.3147239
-8.115276,-45.50488,9.0,35.35252,0.1140378
-3.422486,-19.32189,9.0,36.43805,0.02691696
-2.3473490000000004,6.6524149999999995,9.0,30.56865,-0.5073497
-6.388407,24.80736,9.0,20.66978,-0.6113371
-14.7587,37.49628,9.0,25.04181,0.5373481999999999
-34.22913,45.16902,9.0,31.981409999999997,0.24400500000000003
-60.4814,43.897459999999995,9.0,39.11555,0.5283739000000001
-92.16586,44.00176,9.0,45.9694,0.23036700000000002
-126.7846,40.45021,9.0,42.60038,-1.506294
-146.9792,26.2868,9.0,34.39758,-0.05530282
-142.4629,-0.1855967,9.0,39.67982,0.5045524
-143.0305,-29.615190000000002,9.0,31.23886,-2.020164
-146.5767,-43.52428,10.0,17.50374,0.4795268
-156.2706,-53.6753,10.0,17.88018,-0.1368699
-166.2543,-59.7417,10.0,13.88441,-0.3521565
-164.1698,-69.83292,10.0,18.40381,0.3795685
-151.6661,-72.93661,10.0,18.35448,0.10021060000000001
-138.3218,-72.95929,10.0,17.04364,-0.08297088
-122.4008,-78.34626,10.0,27.40035,0.5562085999999999
-108.3494,-95.47775,10.0,33.53685,0.38105609999999995
-110.7966,-121.0249,10.0,32.70329,-1.219377
-124.7166,-132.8505,10.0,21.76988,-0.1921974
-138.5122,-131.6052,10.0,16.90512,-0.3302144
-145.4274,-118.6496,10.0,24.53301,0.2292699
-150.2612,-104.7209,10.0,5.574853,-1.967673
-154.1532,-101.5279,10.0,11.203289999999999,0.4220434
-164.09599999999998,-103.0953,10.0,17.7928,0.4299704000000001
-167.7977,-117.9069,10.0,24.4906,0.26083
-168.8322,-138.6543,10.0,31.477790000000002,0.5559064
-168.43200000000002,-164.1624,10.0,36.34997,0.4821433
-166.9303,-192.4913,10.0,39.73833,0.13918450000000002
-164.4099,-220.4012,10.0,34.131679999999996,-0.5527221999999999
-162.8059,-242.9929,10.0,27.161070000000002,-0.26026950000000004
-153.0289,-256.9807,10.0,20.43739,-0.21847929999999996
-136.884,-258.152,10.0,23.8427,-0.02003239
-127.0852,-242.9348,10.0,26.70903,0.1266724
-125.1679,-222.3286,10.0,29.77004,0.10887000000000001
-127.6241,-201.1866,10.0,22.60745,-1.669973
-127.6444,-188.5357,10.0,14.467329999999999,-0.3470081
-121.3488,-182.1812,10.0,13.934870000000002,0.24214850000000002
-109.1811,-183.9121,10.0,18.37537,-0.02246065
-103.0192,-195.28,10.0,19.280279999999998,0.186776
-103.70299999999999,-210.5389,10.0,21.73591,0.02107431
-104.8445,-226.6713,10.0,22.87421,0.7701524000000001
-106.0992,-246.3578,10.0,29.75455,0.06719399
-99.45663,-266.6856,10.0,29.107290000000003,0.09716609
-76.48427,-272.1516,10.0,36.81736,0.3599309
-53.01266999999999,-258.7607,10.0,37.75983,-0.05597337
-47.43067,-229.433,10.0,43.01365,0.1858131
-41.64482,-198.7175,10.0,38.71738,-0.332723
-29.40258,-176.5222,10.0,30.393179999999997,-0.5182769
-13.682229999999999,-164.035,10.0,24.07844,-0.44357440000000004
-4.131476999999999,-157.3806,10.0,13.897570000000002,0.3967942
6.989313,-149.0746,10.0,19.51868,-0.11931810000000001
13.408489999999999,-135.5057,10.0,25.76398,0.5034494
1.891623,-118.7066,10.0,31.04005,0.2205529
-8.613072,-96.44424000000001,10.0,35.43305,-0.56633
-10.298689999999999,-72.53188,10.0,32.615159999999996,0.4794021
-7.903402000000001,-46.10033,10.0,39.02773,0.4484825
-3.112747,-15.26813,10.0,45.00131,0.3973959
-4.003101,19.491220000000002,10.0,47.722970000000004,-0.4018736
-24.512220000000003,42.49253,10.0,43.10191,0.27604359999999994
-57.877430000000004,44.30092,10.0,47.92588,0.387056
-95.29998,43.4332,10.0,53.18205,0.3736679
-131.4129,38.99706,10.0,39.69337,-1.427861
-148.9544,19.71995,10.0,36.692640000000004,-0.07154863
-141.7578,-7.964053999999999,10.0,41.20108,0.34093979999999996
-145.0335,-36.18019,11.0,32.7911,0.4585479
-160.1132,-56.815259999999995,11.0,37.40448,0.4271643
-169.1927,-76.3532,11.0,23.09327,-0.5844501999999999
-156.9804,-77.4722,11.0,21.5112,0.5151584
-141.9241,-69.60726,11.0,26.283170000000002,0.2981808
-122.9551,-80.05542,11.0,32.90854,0.2187459
-109.4955,-98.4735,11.0,32.9146,0.28981809999999997
-114.4458,-122.6813,11.0,30.83527,-1.531625
-131.4079,-133.0209,11.0,28.849859999999996,0.2089291
-144.8204,-117.4143,11.0,32.38897,0.3232113
-148.47899999999998,-102.7464,11.0,9.820969999999999,0.6315164000000001
-160.3451,-101.7197,11.0,22.348329999999997,0.620929
-166.69299999999998,-117.6388,11.0,27.28098,0.243781
-166.6204,-140.2982,11.0,33.89447,0.2272948
-168.1646,-167.6443,11.0,39.98619,0.2198081
-165.1234,-199.343,11.0,45.95129,0.4280791
-162.6572,-234.1577,11.0,43.96367,-1.296203
-152.6623,-257.0565,11.0,28.185909999999996,0.2661788
-132.3439,-255.8455,11.0,29.612540000000003,0.01790579
-125.5297,-233.5179,11.0,34.75832,0.4396766
-127.4834,-205.7426,11.0,37.32353,-0.7936147
-122.7976,-182.1168,11.0,28.05841,-0.7081871999999999
-107.4175,-186.0166,11.0,24.0462,0.07163597
-107.1547,-205.9452,11.0,30.130940000000002,0.4732402
-106.3245,-230.41299999999998,11.0,36.32878,0.4920456
-103.8364,-258.8253,11.0,41.02275,0.2158839
-79.86782,-272.4047,11.0,39.87813,0.1662065
-53.17971,-259.6606,11.0,41.12904,-0.07547319
-45.648540000000004,-228.8394,11.0,45.6461,0.4094439
-39.3183,-193.6656,11.0,50.60758,0.092907
-16.017870000000002,-166.1079,11.0,43.19403,-0.7908556
5.340818,-150.9239,11.0,30.678690000000003,-0.5710834
11.9388,-133.189,11.0,22.65849,-0.2391478
2.226026,-117.2318,11.0,28.865940000000002,0.2413486
-7.675966000000001,-96.09956,11.0,34.808009999999996,0.21332870000000004
-10.36893,-68.24504,11.0,40.837109999999996,0.41291300000000003
-5.853007,-36.13068,11.0,46.60911,0.44464960000000003
-1.783437,0.06563049,11.0,51.78048,0.30688340000000003
-12.46988,36.05364,11.0,48.26449,-0.3878357
-44.433690000000006,44.78805,11.0,47.4519,0.2901681
-81.48507,41.97465,11.0,52.8899,0.385814
-121.5804,40.31835,11.0,50.5497,-1.2698399999999999
-148.4968,24.81334,11.0,41.08782,-0.15700150000000002
-144.3433,-4.792754,11.0,43.08554,0.1714476
-144.0548,-37.12666,12.0,40.28366,-0.6293264000000001
-159.2527,-53.04558000000001,12.0,28.314770000000003,0.19104089999999999
-167.5395,-67.83925,12.0,23.717010000000002,0.12152370000000001
-150.6843,-71.44351,12.0,27.55335,0.23715219999999998
-128.5019,-74.70062,12.0,33.5501,0.3966531
-109.2908,-92.43474,12.0,38.03199,0.2593938
-110.5104,-118.2455,12.0,30.33543,-0.893457
-126.1436,-131.3732,12.0,25.6365,-0.5409523
-142.2427,-129.7335,12.0,23.65673,0.2508554
-146.9936,-111.4505,12.0,29.05323,0.29810570000000003
-159.29399999999998,-100.4894,12.0,20.14374,-0.7010308000000001
-167.6409,-112.1654,12.0,25.90462,0.9637287
-167.3086,-136.4248,12.0,36.971940000000004,0.4180857
-168.3476,-165.8479,12.0,42.70562,0.4570732
-166.0091,-199.6852,12.0,48.465920000000004,0.43532380000000004
-163.7853,-236.7582,12.0,46.74498,-1.4152879999999999
-147.7477,-258.5253,12.0,30.583170000000003,-1.108851
-131.3403,-247.4164,12.0,30.42636,0.08931367
-125.9802,-223.5005,12.0,36.102509999999995,0.2111823
-128.325,-196.7203,12.0,33.516529999999996,-0.1943371
-116.8887,-179.7032,12.0,28.34098,-0.4786532
-107.0448,-192.4441,12.0,25.39584,0.41509799999999997
-110.449,-213.18099999999998,12.0,31.78837,0.4726496
-108.4981,-239.1096,12.0,38.2073,0.46011490000000005
-98.14912,-266.6411,12.0,40.83721,-0.4022446
-69.87935,-269.75,12.0,41.60191,0.3688605
-46.16499,-252.2613,12.0,37.77065,-0.2896074
-53.14321999999999,-229.0268,12.0,29.980829999999997,-0.8987434999999999
-52.94987,-217.6997,12.0,5.544033,0.01411664
-53.36045,-214.8673,12.0,0.07086588,0.241079
-51.625859999999996,-217.6636,12.0,8.704997,0.5419554
-43.900009999999995,-216.122,12.0,15.388029999999999,0.32743059999999996
-41.81921,-205.7847,12.0,12.53145,-0.0919681
-40.54762,-193.1551,12.0,21.67449,0.4976342000000001
-31.9197,-176.864,12.0,28.33013,0.2291121
-13.34864,-162.8668,12.0,34.7454,0.46660690000000005
8.053445,-146.3334,12.0,37.12477,0.1341987
9.204721000000001,-124.7568,12.0,29.124409999999997,0.576496
-5.531680000000001,-101.8871,12.0,44.72999,1.1149200000000001
-10.281139999999999,-65.18764,12.0,53.60041999999999,0.33852519999999997
-3.661807,-24.234820000000003,12.0,58.45434,0.3175265
-4.184439,17.421120000000002,12.0,45.73231,-4.958156
-17.09325,39.2539,12.0,35.99409,0.2525145
-43.54345,45.35352,12.0,39.83585,0.4382595
-75.15053,44.54522,12.0,45.62766,0.21464120000000003
-110.90899999999999,41.7302,12.0,50.8891,-0.10510610000000002
-145.6245,33.82832,12.0,46.15012,-0.32969640000000006
-152.4907,14.419360000000001,12.0,12.28041,-1.041499
-152.7511,12.74182,12.0,5.112558,0.62288
-147.4656,9.246889999999999,12.0,13.03174,0.5468023
-146.2901,-3.1680900000000003,12.0,20.57197,0.2586634
-143.0463,-20.78315,12.0,27.688579999999998,0.24568379999999998
-142.047,-34.76097,13.0,6.486903,0.6107394
-144.35299999999998,-42.18452,13.0,14.46003,0.27830459999999996
-153.8918,-51.34234,13.0,21.679000000000002,0.495755
-166.9785,-62.76334,13.0,23.32262,-0.6725878000000001
-161.3388,-74.91496,13.0,17.605710000000002,0.0378615
-147.0669,-74.56538,13.0,21.60706,-0.188434
-132.7956,-72.47362,13.0,21.441570000000002,0.5651873000000001
-116.3122,-79.98461,13.0,27.83115,0.3958759
-106.7578,-100.0252,13.0,33.2459,0.3523902
-115.5603,-123.7893,13.0,37.20391,0.29940659999999997
-140.0144,-131.3875,13.0,29.081,-1.878946
-144.9674,-122.5568,13.0,6.137308,-0.3144873
-138.5173,-122.4359,13.0,10.114139999999999,-0.5154453
-140.7943,-123.0662,13.0,7.73385,0.526511
-145.4158,-127.6349,13.0,6.874395,-1.29624
-145.4878,-128.6689,13.0,3.5734199999999996,0.6814616
-143.1454,-123.1967,13.0,12.498439999999999,0.6224483000000001
-140.0946,-111.7204,13.0,20.08393,0.2693485
-150.2072,-98.5487,13.0,25.8348,0.08822224
-165.3813,-104.806,13.0,21.93243,0.21232489999999998
-167.5508,-125.0599,13.0,31.600640000000002,0.5203242
-167.5052,-151.0092,13.0,38.44708,0.47274579999999994
-167.9593,-182.0344,13.0,44.91295,0.47903640000000003
-168.0298,-217.5975,13.0,50.99273,0.4489242
-158.6728,-251.6779,13.0,44.32585,-0.415288
-131.8092,-253.7721,13.0,31.09331,-0.6367863
-128.3418,-231.7799,13.0,35.839420000000004,0.4156984
-127.4422,-202.2161,13.0,40.44876,-0.5960205
-124.0705,-184.3866,13.0,14.6508,-0.3165976
-113.3611,-182.146,13.0,19.7493,0.8107169
-105.1565,-196.0336,13.0,25.96949,0.2633764
-106.397,-217.7694,13.0,33.0043,0.2485851
-106.6642,-244.3651,13.0,38.900290000000005,0.3669361
-89.79285,-269.0191,13.0,42.62403,0.03234508
-60.100069999999995,-267.1798,13.0,42.55352,-0.02680245
-49.13898,-238.5628,13.0,44.80687,0.2205531
-45.152770000000004,-205.5716,13.0,41.13362,0.37013579999999996
-27.23664,-178.9344,13.0,46.49968,0.4382579000000001
-1.781608,-152.3534,13.0,52.3975,0.3793147
8.935388,-120.1128,13.0,42.57947,-1.589809
-7.696166000000001,-101.2906,13.0,28.427220000000002,-0.483387
-6.861632000000001,-78.96507,13.0,34.34391,0.243315
-5.566757,-51.04535,13.0,41.05134,0.475034
-4.54204,-18.30685,13.0,47.362770000000005,0.44775070000000006
-4.830218,18.826320000000003,13.0,51.08448,-1.063604
-22.27678,41.53256,13.0,31.868479999999998,-0.6665238
-34.26003,35.38648,13.0,13.306220000000001,0.25140029999999997
-35.11116,32.58729,13.0,0.07725385,-0.01090535
-35.15848,32.59343,13.0,0.06792555,-0.007690229
-34.66125,34.02496,13.0,5.863343,0.4681032
-33.203759999999996,40.89508,13.0,11.3631,-1.170593
-32.23964,44.78767,13.0,0.4339589,-0.4226295
-33.6983,42.45244,13.0,7.831442999999999,0.5719251999999999
-41.96208,42.11821,13.0,15.37734,0.2596149
-55.551219999999994,45.25634,13.0,22.33959,0.4709139
-74.45900999999999,43.545770000000005,13.0,28.871409999999997,0.2306276
-98.0777,42.26574,13.0,34.90201,0.211445
-125.7626,40.94807,13.0,40.01855,0.29909309999999995
-146.6822,22.71711,13.0,38.1211,0.07493429
-146.2648,-6.876600999999999,13.0,42.85283,0.3925485
-145.5305,-40.03988,14.0,44.823879999999996,-0.490257
-161.1071,-59.868880000000004,14.0,27.99992,-0.5832793000000001
-156.7692,-74.57404,14.0,25.60268,0.1902364
-135.9721,-75.75134,14.0,31.196540000000002,0.1660106
-115.2682,-87.98494000000001,14.0,35.39058,0.1252706
-110.9153,-113.7336,14.0,37.8999,0.1655514
-131.415,-131.7717,14.0,36.53638,-1.520047
-146.3458,-122.8671,14.0,15.497539999999999,-2.1642759999999996
-146.1042,-119.7012,14.0,1.91937,0.10012610000000001
-146.9858,-118.6117,14.0,1.7341360000000001,-0.03596427
-147.8035,-117.8329,14.0,1.664521,0.3023298
-150.2997,-117.26899999999999,14.0,3.944318,0.001783885
-149.95,-116.9814,14.0,5.3151660000000005,0.6217482
-145.2736,-111.7833,14.0,13.75221,0.5836993
-148.0965,-100.0197,14.0,20.58413,0.23537039999999998
-163.5413,-99.69246,14.0,24.92282,0.281312
-167.4178,-118.6334,14.0,30.301140000000004,0.2481353
-166.5233,-143.641,14.0,37.256029999999996,0.2503799
-166.727,-173.7506,14.0,43.90676,0.48572550000000003
-167.2718,-208.5882,14.0,50.152120000000004,0.43559480000000006
-161.9316,-244.9769,14.0,43.43323,-1.309631
-143.5286,-254.3635,14.0,14.60082,-2.2873040000000002
-141.6304,-250.6641,14.0,3.599595,-0.3168723
-139.7416,-248.4743,14.0,6.793602000000001,0.08766256
-132.1371,-249.7357,14.0,14.749820000000001,0.9511871
-122.9371,-250.8836,14.0,10.94943,-0.1721064
-121.5034,-242.9217,14.0,15.774189999999999,0.2150659
-125.11200000000001,-228.7953,14.0,23.65907,0.2877533
-127.2152,-208.601,14.0,31.11572,0.5213416000000001
-124.7858,-184.2659,14.0,32.2842,-0.6655919
-107.6703,-182.5024,14.0,22.64615,0.596969
-106.2117,-204.5084,14.0,39.91072,1.542473
-106.3369,-241.1656,14.0,57.238080000000004,0.01634454
-84.60735,-270.8707,14.0,44.64477,-0.04406603
-53.76296,-262.9875,14.0,43.9403,-0.36613179999999995
-49.22453,-231.767,14.0,45.94591,0.44985410000000003
-40.86721,-198.0695,14.0,49.83787,0.3492892
-15.120820000000002,-169.2325,14.0,55.09092,0.2011858
9.158779,-137.3475,14.0,46.7757,-1.4424270000000001
2.4142099999999997,-115.2742,14.0,26.565279999999998,-0.2291726
-5.667773,-96.21014,14.0,31.826009999999997,0.4604474
-4.486459,-70.19363,14.0,38.62172,0.2335172
-2.559764,-39.13179,14.0,45.18042,0.2198261
-2.4524779999999997,-3.3719669999999997,14.0,51.32827,0.4189859
-9.644636,32.995740000000005,14.0,45.362190000000005,-0.48222570000000003
-38.92261,42.017720000000004,14.0,44.621109999999994,0.48302390000000006
-74.28658,40.28794,14.0,50.68951,0.46386530000000004
-113.8704,41.3184,14.0,54.616130000000005,-1.084846
-142.9463,31.7318,14.0,31.13522,-1.024888
-144.6092,21.942829999999997,14.0,1.8750639999999998,0.6352128
-142.0678,24.3854,14.0,4.979088,-0.30367
-141.6674,24.88363,14.0,4.788599,0.5717134
-146.186,21.453000000000003,14.0,9.515241,-0.1458595
-149.593,22.06119,14.0,0.5540873000000001,0.8110717
-146.3847,19.92097,14.0,9.820577,0.6737844
-141.3986,10.96613,14.0,18.210910000000002,0.30421190000000004
-141.0075,-5.5036190000000005,14.0,26.294,0.559954
-141.7577,-33.434979999999996,1.0,3.138948,1.081577
-141.96,-38.050290000000004,1.0,9.804545,0.6554679
-144.9196,-48.03201,1.0,18.56494,0.6105721
-158.1555,-58.203959999999995,1.0,26.616659999999996,0.44724369999999997
-159.2867,-75.20121,1.0,25.34538,-0.3330283
-143.6936,-69.93674,1.0,26.4152,0.057983400000000004
-135.8741,-68.27754,1.0,0.05419038,-0.03521566
-135.8546,-68.28008,1.0,0.0257407,-0.0003054893
-135.8362,-68.28262,1.0,0.02458481,0.013637799999999999
-135.8624,-68.40985,1.0,1.9962369999999998,0.7277869
-135.9444,-71.44436,1.0,4.5837769999999995,-0.02864593
-135.7125,-74.57635,1.0,3.831418,-0.03516498
-136.89700000000002,-76.52318000000001,1.0,0.4076386,-0.6003354000000001
-134.0813,-75.15930999999999,1.0,8.772878,0.6334135999999999
-124.527,-76.47459,1.0,17.28549,0.2586381
-115.156,-88.38266999999999,1.0,24.72652,0.5515951
-110.2047,-108.5285,1.0,31.48945,0.184999
-122.3946,-129.8516,1.0,36.26012,0.22895439999999997
-144.4258,-128.4392,1.0,25.13162,-0.5451948
-141.2349,-114.4458,1.0,23.98827,0.2163504
-138.4576,-108.7123,1.0,0.02141034,-0.007217617
-138.4584,-108.7299,1.0,0.02323502,0.01045642
-138.6512,-108.6592,1.0,2.777485,1.132892
-143.45,-108.6449,1.0,8.126084,-0.04145139
-145.6497,-110.7136,1.0,1.913559,0.6865664
-144.3678,-106.2165,1.0,10.71982,0.58267
-149.803,-97.35075,1.0,18.42277,0.4910938
-161.6353,-97.64471999999999,1.0,14.59601,-0.15661660000000002
-166.6492,-109.4178,1.0,24.96619,0.5907686
-170.2357,-132.08700000000002,1.0,36.493959999999994,0.46408
-163.0847,-159.7635,1.0,38.05771,-0.38853309999999996
-166.7193,-184.4958,1.0,30.40478,-0.4587277
-167.4212,-210.6343,1.0,40.697559999999996,-0.1941632
-165.6177,-238.2336,1.0,33.39672,-0.3575703
-151.0196,-250.97,1.0,25.846320000000002,0.47071359999999995
-129.9828,-246.6868,1.0,32.00673,-0.05111787
-123.7198,-230.3106,1.0,23.01465,0.21188600000000002
-130.0215,-215.4441,1.0,22.51691,0.5893959
-122.8407,-202.1553,1.0,17.99328,-0.165751
-124.7717,-189.5398,1.0,15.5105,-0.40999769999999996
-115.3441,-184.1615,1.0,19.77411,0.26951240000000004
-110.5631,-194.8349,1.0,14.82386,-0.2579921
-110.0311,-205.4775,1.0,16.4232,0.308269
-108.7571,-220.5867,1.0,24.37193,0.2810862
-106.3921,-241.2935,1.0,31.804509999999997,0.5123267
-95.41923,-264.118,1.0,37.27365,0.290581
-68.87508000000001,-270.1344,1.0,39.46233,0.02053871
-52.16903,-247.8847,1.0,39.911159999999995,0.1384894
-48.10622,-216.7188,1.0,45.13309,0.3757808
-29.209979999999998,-187.0199,1.0,50.44587,0.4477265
-3.655353,-156.8538,1.0,56.147130000000004,0.3886366
12.040560000000001,-119.6134,1.0,45.80011,-4.0845769999999995
10.25114,-104.4833,1.0,2.056093,-0.5125681
9.747059,-104.2361,1.0,0.03791342,-0.02163714
11.30376,-105.2633,1.0,5.750438,0.42438509999999996
16.500629999999997,-107.309,1.0,7.712921000000001,-0.43215879999999995
18.33486,-106.9789,1.0,2.237886,0.6380756
13.725570000000001,-108.6042,1.0,10.88627,0.5971883000000001
3.9148,-111.9019,1.0,16.50449,0.1490265
0.2640012,-99.74925,1.0,22.079539999999998,0.5421022
-1.373408,-81.42178,1.0,28.738120000000002,0.5108351
-5.402368,-58.0959,1.0,35.41726,0.4780978
-6.250836,-29.4566,1.0,41.93379,0.229422
-6.348404,3.925624,1.0,48.07051,0.4225528
-11.15109,37.31252,1.0,37.25391,-2.0400840000000002
-23.24484,43.24008,1.0,13.77645,0.2787804
-34.47535,37.70715,1.0,20.93789,0.26880279999999995
-52.603880000000004,39.829640000000005,1.0,28.219820000000002,0.49673459999999997
-76.09867,39.52575,1.0,35.15466,0.2333683
-104.5964,40.029070000000004,1.0,41.74223,0.48786270000000004
-135.7071,39.01501,1.0,36.23138,-0.7242978
-143.616,25.33948,1.0,12.24978,-0.8372280999999999
-137.7504,24.280089999999998,1.0,0.3829361,-0.3375675
-137.7518,24.233,1.0,0.05639966,0.009734773
-137.9444,24.27263,1.0,2.432419,0.7254798000000001
-142.5002,24.44677,1.0,9.216275999999999,0.3306301
-149.64700000000002,24.92831,1.0,6.688248,-0.3891743
-150.9195,25.31273,1.0,2.688239,0.3080687
-147.5929,21.69053,1.0,10.81794,0.2761877
-149.6007,11.614360000000001,1.0,17.93809,0.25482289999999996
-150.4675,-3.128248,1.0,23.876920000000002,0.4884536
-146.5054,-22.84968,1.0,30.452709999999996,0.46544430000000003
-149.9962,-46.27021,2.0,32.69044,-0.4190206
-166.8928,-61.7217,2.0,29.349520000000002,-0.3859169
-158.2644,-72.76212,2.0,13.024519999999999,-1.607652
-155.725,-68.52708,2.0,0.08396824,-0.01039479
-155.6859,-68.528,2.0,0.03722569,-0.01152736
-155.9801,-69.62262,2.0,4.6668330000000005,0.1695019
-156.4524,-73.34766,2.0,4.855149,-0.04218673
-156.8899,-75.00538,2.0,2.243896,0.701232
-152.4428,-72.75717,2.0,11.54363,0.6313165
-142.5359,-78.0003,2.0,19.75421,0.30935999999999997
-128.9545,-82.93613,2.0,17.999029999999998,-0.28794699999999995
-117.1997,-90.33203,2.0,25.32122,0.7166941
-111.1649,-110.7971,2.0,30.9014,0.001312987
-125.6555,-128.9485,2.0,32.83566,0.008999831
-144.4899,-125.5287,2.0,20.79694,-0.9713475
-139.4647,-111.5295,2.0,23.0984,-0.8130606
-146.7346,-101.6125,2.0,20.367,0.28494179999999997
-160.1791,-106.1446,2.0,17.52317,-0.5177503999999999
-161.5456,-118.3905,2.0,17.12846,0.1402999
-164.9754,-132.8072,2.0,24.17033,0.5812144
-165.2731,-153.6046,2.0,31.95318,0.2784517
-165.528,-180.1515,2.0,39.39655,0.5042545
-165.9654,-211.8967,2.0,46.29438,0.22422640000000002
-162.4916,-244.0726,2.0,28.62813,-2.800767
-147.8865,-251.9653,2.0,26.03322,0.5573246999999999
-127.6526,-247.1849,2.0,29.180359999999997,-0.48409769999999996
-128.1656,-228.6932,2.0,28.27325,0.3036414
-126.0634,-204.2808,2.0,36.75376,0.5701725000000001
-122.9191,-184.8905,2.0,10.789069999999999,-2.271404
-113.991,-185.7175,2.0,16.22875,0.5787114999999999
-110.3732,-199.6319,2.0,23.86777,0.3028006
-108.5042,-220.1898,2.0,31.782390000000003,0.5424614999999999
-103.9863,-246.0951,2.0,39.0243,0.46328230000000004
-85.96741,-269.4251,2.0,41.53712,-0.1497301
-58.09348000000001,-262.2596,2.0,41.91499,0.08528219
-49.263090000000005,-233.6078,2.0,43.986059999999995,0.47973469999999996
-43.0486,-200.1211,2.0,48.5414,0.2172238
-18.02386,-171.8086,2.0,54.21253000000001,0.44406809999999997
6.643249000000001,-139.5685,2.0,44.9944,-4.276644999999999
4.959933,-122.0237,2.0,19.28932,0.6034927
-5.212504,-108.5679,2.0,26.6963,0.47361210000000004
-6.729585,-86.20583,2.0,34.09511,0.27233820000000003
-6.773066,-58.22704,2.0,41.372859999999996,0.5077957999999999
-7.010475,-25.00234,2.0,48.18781,0.4695915
-7.351253999999999,13.06772,2.0,54.59035,0.4625068
-17.39828,43.56282,2.0,29.61165,-1.090547
-25.99142,45.66312,2.0,1.8944900000000002,0.4355007000000001
-26.67548,41.25713,2.0,10.69336,0.3028935
-36.81622,41.66989,2.0,18.80242,0.605945
-52.50538,46.55806,2.0,26.05666,0.27256220000000003
-74.37012,42.973459999999996,2.0,33.742979999999996,0.5445462
-102.1148,41.429520000000004,2.0,40.98767,0.2494895
-134.6948,38.2378,2.0,46.17539,-0.48059659999999993
-150.5732,21.84473,2.0,17.29975,-2.707986
-148.4647,19.35507,2.0,5.76685,0.6649556
-143.357,15.21045,2.0,14.147020000000001,0.5960959
-148.1431,3.1573450000000003,2.0,22.078329999999998,0.5568137
-148.6425,-14.02222,2.0,27.78554,0.2907687
-141.9743,-34.199290000000005,3.0,9.088183,1.0443719999999999
-144.109,-42.43158,3.0,11.439119999999999,-0.02915603
-150.8398,-50.765029999999996,3.0,17.741989999999998,-0.30581579999999997
-161.8831,-54.45254,3.0,14.085239999999999,-0.27286220000000005
-166.55,-61.26505,3.0,10.41698,-0.15187820000000002
-163.179,-68.53668,3.0,14.451139999999999,0.6149145
-150.7592,-72.19099,3.0,22.061870000000003,0.2989183
-131.9559,-74.81107,3.0,29.690509999999996,0.7890258000000001
-115.0477,-85.91624,3.0,24.79725,-0.1897215
-107.84700000000001,-102.6389,3.0,29.565309999999997,-0.24956399999999998
-111.8774,-121.6747,3.0,23.752370000000003,-0.21059589999999997
-123.6444,-132.0278,3.0,22.23676,0.6153895
-139.9138,-130.4656,3.0,22.634220000000003,0.3371921
-146.5981,-110.6844,3.0,29.596190000000004,-0.4210432
-159.781,-103.7407,3.0,16.8784,0.42607700000000004
-166.8698,-116.0933,3.0,23.92867,0.30092620000000003
-169.2855,-136.6448,3.0,31.82759,0.554365
-168.5851,-162.8298,3.0,39.01121,0.5122302
-166.9602,-194.2665,3.0,45.83517,0.44841679999999995
-163.9586,-230.0953,3.0,49.352129999999995,-0.3860563
-153.5004,-257.721,3.0,32.58018,-1.213829
-135.1661,-252.8417,3.0,28.39735,0.26334440000000003
-124.8695,-232.4945,3.0,33.61156,0.1179096
-128.3499,-206.1818,3.0,35.56303,-0.2280875
-123.3397,-182.6135,3.0,27.979129999999998,-0.6485938
-109.1318,-182.5906,3.0,20.668329999999997,-0.05019054
-109.5747,-199.7779,3.0,26.70454,0.2289904
-104.5869,-221.2932,3.0,31.2624,-0.42056579999999993
-106.1893,-242.5322,3.0,28.009079999999997,0.4289394
-99.30711,-266.1483,3.0,36.7816,0.06615002
-73.82865,-269.4327,3.0,38.30862,0.3627781
-59.101409999999994,-268.2083,3.0,10.86819,-1.01156
-56.2089,-266.6951,3.0,1.213857,0.2712075
-57.205859999999994,-267.3916,3.0,0.28151129999999996,-0.1258489
-55.758990000000004,-265.9701,3.0,5.823208,0.15201320000000001
-51.93039,-262.3956,3.0,7.96347,0.03961435
-48.174659999999996,-263.7015,3.0,0.8298472,-0.686778
-49.47984,-261.1439,3.0,8.294711,0.6026471
-49.333079999999995,-252.1555,3.0,16.38312,0.29232470000000005
-45.66839,-237.5479,3.0,24.11084,0.2711114
-43.11547,-217.092,3.0,31.384290000000004,0.512346
-38.955740000000006,-191.7778,3.0,37.20102,0.03835475
-19.590629999999997,-170.1323,3.0,42.8457,0.2249221
-2.067648,-154.1717,3.0,23.40755,-0.3626208
9.403687,-143.8698,3.0,18.392220000000002,-0.3720976
11.49197,-132.4949,3.0,13.957089999999999,-0.27165429999999996
5.566237,-121.2213,3.0,21.14883,0.2816047
-4.20011,-105.8211,3.0,28.34633,0.5301412
-10.04377,-82.97294000000001,3.0,35.09448,0.4625777
-9.243322000000001,-54.659969999999994,3.0,41.46202,0.2083756
-4.445419,-21.96128,3.0,45.43142,-0.6784843
-3.748797,6.358608,3.0,24.36024,-1.624408
-4.790491,14.657420000000002,3.0,3.500971,-0.0978405
-5.872802,20.2784,3.0,12.29386,0.6086102
-9.909996000000001,31.683320000000002,3.0,20.361079999999998,0.5450066
-23.644660000000002,42.27855,3.0,27.390940000000004,0.2663368
-45.884209999999996,44.6745,3.0,33.9131,0.5079087999999999
-73.56881,44.36179,3.0,40.71437,0.4843075
-106.0679,42.16814,3.0,47.14525,0.42099179999999997
-138.0382,37.26344,3.0,39.29642,0.0237458
-149.6021,16.60224,3.0,32.32747,0.12022739999999998
-144.2644,-7.708675,3.0,36.69658,0.5033842000000001
-144.0721,-37.148179999999996,4.0,41.78448,-0.48421499999999995
-154.8244,-54.0775,4.0,18.55917,-0.37433649999999996
-167.5775,-58.28229,4.0,18.81444,-0.13679260000000001
-160.6194,-70.66763,4.0,24.12554,0.44404979999999994
-140.7591,-72.757,4.0,30.516270000000002,0.41132799999999997
-118.8797,-83.69037,4.0,36.23356,0.36748059999999994
-108.5524,-109.0679,4.0,38.08947,-0.4759474
-124.1319,-131.1549,4.0,36.656279999999995,-0.40739440000000005
-144.6734,-123.78200000000001,4.0,29.91964,-0.16646689999999997
-146.5945,-102.1625,4.0,26.88968,-2.29576
-159.0267,-100.4938,4.0,19.95663,0.7501898
-167.1229,-115.1527,4.0,26.7414,0.5174179
-170.2384,-137.48,4.0,34.00785,0.48649899999999996
-168.75400000000002,-165.0371,4.0,40.62267,0.48172250000000005
-165.9221,-197.405,4.0,47.03718,0.2245538
-163.2243,-233.5403,4.0,45.64912,-1.688248
-155.9472,-253.1662,4.0,19.70792,-0.33707529999999997
-141.7497,-258.228,4.0,23.93834,0.4022486
-129.1638,-246.563,4.0,27.82183,0.27407309999999996
-125.2823,-223.6822,4.0,34.38697,0.4122401
-128.6073,-196.2818,4.0,39.60886,0.02674174
-112.2179,-176.7357,4.0,32.75776,-0.8273285
-99.55678,-188.7251,4.0,22.96871,-0.15347460000000002
-113.0732,-197.1334,4.0,23.61797,-0.1372365
-114.555,-201.5543,4.0,0.01618996,0.02666877
-114.5474,-201.5531,4.0,0.39320140000000003,0.2033229
-112.0012,-201.5815,4.0,6.028367,0.1281168
-109.6917,-198.4114,4.0,2.224107,-0.6171321999999999
-109.5616,-199.6324,4.0,5.380911,0.5393127
-108.3329,-206.1059,4.0,12.34239,0.2589735
-106.1309,-217.546,4.0,18.9271,0.47182749999999996
-105.329,-233.7752,4.0,24.95117,0.203416
-104.4823,-254.2038,4.0,30.155079999999998,0.30051490000000003
-89.0246,-270.9021,4.0,33.09241,0.051582100000000006
-63.958769999999994,-268.1057,4.0,36.554829999999995,0.24240789999999998
-49.30685,-246.524,4.0,37.34507,0.297466
-47.849309999999996,-217.2035,4.0,41.778529999999996,0.2726691
-35.863,-187.0364,4.0,45.65713,0.14261300000000002
-11.117569999999999,-163.4204,4.0,45.461940000000006,-0.2220982
5.795962,-147.7505,4.0,21.53059,-0.4607483
12.76344,-136.4345,4.0,16.099629999999998,0.33525079999999996
6.0331529999999995,-122.0465,4.0,25.57464,0.4429459
-5.244307,-104.5935,4.0,30.78994,0.37575970000000003
-10.29422,-80.34294,4.0,35.94314,0.17147520000000002
-9.024937,-52.00331,4.0,40.79358,0.3520096
-3.256713,-20.5108,4.0,45.5129,0.3398302
-3.6487309999999997,14.34065,4.0,48.55692,-0.1314229
-14.70536,36.73462,4.0,28.62505,0.3335105
-36.0715,43.852540000000005,4.0,33.16815,0.35767170000000004
-62.53071,43.22403,4.0,38.30536,0.1747515
-92.79415999999999,42.77084,4.0,43.18731,0.1612085
-124.0804,39.55659,4.0,37.35908,-1.459443
-140.1774,35.66875,4.0,15.60029,0.21453200000000003
-147.2885,24.342389999999998,4.0,21.41041,0.43021709999999996
-147.0083,6.427279,4.0,27.11637,0.2010152
-142.4751,-15.30463,4.0,32.68417,0.1930674
-143.959,-39.96973,5.0,30.843909999999997,-0.4015169
-158.6998,-53.308069999999994,5.0,28.43235,0.3906344
-168.1443,-66.39883,5.0,18.2523,0.02440505
-156.5659,-69.7523,5.0,16.87483,0.7252663
-140.7643,-72.8446,5.0,25.031,0.4310419
-121.4427,-79.86495,5.0,30.466390000000004,0.34092009999999995
-107.98,-98.72426,5.0,33.71716,0.08422374
-113.5687,-122.775,5.0,32.62791,-0.1534685
-131.7578,-133.009,5.0,25.6848,-0.6638243
-142.5862,-121.073,5.0,25.20009,0.42778009999999994
-152.2918,-103.4522,5.0,29.067829999999997,-0.568322
-165.7193,-104.5914,5.0,15.134920000000001,0.31724040000000003
-164.9576,-117.177,5.0,20.12438,0.9241548
-167.58900000000003,-135.4736,5.0,32.01813,1.356606
-168.3992,-165.80200000000002,5.0,46.18258,0.38121409999999994
-164.2491,-201.9396,5.0,51.176790000000004,-0.43251480000000003
-164.0266,-229.7119,5.0,22.47651,-0.246971
-162.4517,-244.1461,5.0,16.88137,-0.44557979999999997
-156.687,-253.89,5.0,17.560470000000002,0.9629958000000001
-141.612,-260.0233,5.0,26.60683,0.29076740000000006
-127.5064,-243.7945,5.0,36.00087,0.8628853999999999
-126.73100000000001,-214.3562,5.0,40.03581,-0.6962297
-128.2855,-193.2829,5.0,19.85191,-0.4543325
-121.3886,-183.2474,5.0,17.344720000000002,0.7514824999999999
-106.3991,-185.8779,5.0,24.3644,-0.01314953
-102.5883,-204.99599999999998,5.0,31.606479999999998,0.8721445999999999
-104.5888,-230.9315,5.0,37.23515,0.15342820000000001
-104.4606,-256.5254,5.0,30.712709999999998,-0.6100833999999999
-89.24055,-270.9267,5.0,31.49645,0.1372496
-64.9554,-268.8897,5.0,35.3416,0.08237699
-50.386590000000005,-247.8502,5.0,37.39885,0.32087519999999997
-46.50542,-218.4058,5.0,42.28327,0.34861329999999996
-37.23923,-187.0053,5.0,46.10978,0.14081329999999997
-13.01932,-162.6703,5.0,39.38625,-3.931028
-0.5560712,-154.548,5.0,12.644860000000001,-0.3006002
5.659101000000001,-149.9595,5.0,8.361883,-0.14915
9.688661999999999,-146.0248,5.0,9.41571,0.5018394
13.221589999999999,-137.4821,5.0,15.861679999999998,0.2320478
8.559564,-124.5504,5.0,21.81483,0.433713
-2.0954990000000002,-109.6927,5.0,27.544940000000004,0.2047348
-9.071496,-88.39296,5.0,32.9433,0.37266740000000004
-10.13163,-62.2729,5.0,37.864909999999995,0.167141
-4.707882,-32.8509,5.0,42.72824,0.1578614
-1.339158,-0.03942269,5.0,42.64031,-1.543725
-5.565484,22.23118,5.0,13.26746,-2.962184
-9.141356,30.0995,5.0,15.5265,0.4975768
-18.55415,39.88604,5.0,21.498639999999998,0.2136141
-35.66704,45.03004,5.0,27.11272,0.40584929999999997
-57.82165,45.13122,5.0,32.70406,0.383295
-84.03904,44.145070000000004,5.0,37.986129999999996,0.3840808
-113.7162,41.64198,5.0,39.5368,-1.364109
-135.5445,38.66509,5.0,18.33316,0.38413059999999993
-146.0403,26.82255,5.0,24.7566,0.3929198
-147.3195,6.758675,5.0,29.948929999999997,0.3840659
-142.3485,-16.91091,5.0,35.25755,0.3781211
-143.8359,-39.364709999999995,6.0,17.97682,-1.021021
-148.4913,-48.7478,6.0,18.38128,0.9460700999999999
-160.1036,-55.482530000000004,6.0,15.9017,-0.3910284
-166.2623,-62.65928,6.0,14.243129999999999,0.7492379
-157.4864,-72.57282,6.0,23.31052,0.592345
-135.1772,-72.65756,6.0,36.31997,0.5878396
-111.5032,-89.63710999999999,6.0,40.48264,-0.3372304
-114.3324,-112.8841,6.0,20.404510000000002,-1.101157
-117.8296,-121.7544,6.0,13.03043,0.9011163000000001
-124.7291,-132.6357,6.0,17.03001,-0.0713976
-138.285,-131.7673,6.0,22.19068,0.37541009999999997
-145.1064,-115.3908,6.0,27.91828,-0.47677429999999993
-149.8494,-104.6167,6.0,7.348761,-0.26680709999999996
-156.0767,-100.9786,6.0,14.022520000000002,0.6091809
-165.6442,-105.4069,6.0,16.380370000000003,0.5398738000000001
-167.5233,-121.3971,6.0,28.49393,0.5026169
-168.905,-147.5228,6.0,41.301840000000006,0.8413649
-167.5667,-182.1705,6.0,51.96885,0.6716173000000001
-163.8015,-221.4441,6.0,49.586290000000005,-0.8893061
-160.3601,-252.2447,6.0,33.35458,-1.471214
-142.917,-257.8149,6.0,21.773039999999998,-0.2643492
-130.1795,-250.2847,6.0,23.4232,0.9429407
-125.0366,-231.7618,6.0,28.845879999999998,0.4160775
-127.32700000000001,-208.5912,6.0,34.153690000000005,0.40380340000000003
-126.6125,-185.7398,6.0,19.49149,-2.398564
-114.2073,-182.8335,6.0,21.083920000000003,0.33108309999999996
-103.8281,-195.5997,6.0,25.61334,0.39852350000000003
-103.1196,-216.5182,6.0,31.043609999999997,0.40645640000000005
-105.7878,-241.3542,6.0,36.324220000000004,0.1769802
-98.6804,-267.7789,6.0,37.62579,-0.4087476
-74.94422,-270.8468,6.0,29.527790000000003,-0.5909385
-56.86557,-264.92,6.0,22.06082,-0.22150599999999998
-48.7452,-248.7867,6.0,29.02732,0.4048373
-45.16676,-225.4241,6.0,34.497209999999995,0.184167
-41.91301,-198.169,6.0,39.50415,0.3007554
-25.71335,-173.7439,6.0,41.93421,0.3356921
-3.9843559999999996,-157.6649,6.0,22.97689,-1.087016
4.6959800000000005,-151.05700000000002,6.0,12.0868,-0.02511629
10.9502,-144.1014,6.0,14.21841,0.35002880000000003
11.929689999999999,-131.0368,6.0,22.43072,0.5640575
-0.7329496,-114.7895,6.0,34.68736,0.47580249999999996
-9.092236999999999,-85.51505,6.0,48.25589,0.9809174999999999
-7.762588,-45.283409999999996,6.0,59.821690000000004,0.4710522
-1.224372,-1.140986,6.0,56.434740000000005,-1.6110870000000002
-6.926779,24.43911,6.0,21.58009,-0.4618608
-15.62754,38.1717,6.0,25.31503,0.3274851
-37.07727,45.075140000000005,6.0,37.061809999999994,1.025435
-70.10081,44.48418,6.0,52.00309,0.9985002000000001
-111.3536,42.09964,6.0,44.872170000000004,-4.58962
-128.0738,39.16838,6.0,13.2937,-0.3519731
-139.1536,36.27317,6.0,21.909760000000002,0.3710693
-147.6004,21.53533,6.0,26.36178,0.37822100000000003
-145.7345,0.08984365,6.0,31.89388,0.3870668
-141.061,-25.081879999999998,6.0,36.731770000000004,0.2237745
-142.1378,-37.32461,7.0,10.29307,0.5080822
-145.6073,-46.702009999999994,7.0,16.74352,0.42149030000000004
-158.0758,-53.69283000000001,7.0,22.51716,0.1936081
-168.3021,-65.54684,7.0,18.81788,-0.28948759999999996
-162.6941,-75.58201,7.0,16.30611,0.2100815
-149.7403,-75.72606999999999,7.0,19.89387,0.2781131
-134.9323,-73.24422,7.0,21.564870000000003,0.253924
-118.7154,-79.94185999999999,7.0,28.447190000000003,0.17214279999999998
-108.1396,-99.41623,7.0,32.429320000000004,0.137036
-115.8409,-122.6938,7.0,35.50537,0.20934090000000002
-139.8838,-131.1345,7.0,32.204609999999995,-0.7145906999999999
-146.5033,-119.8214,7.0,12.27037,-0.8481761999999999
-142.9722,-112.2372,7.0,16.19947,0.9979226000000001
-150.3049,-102.5346,7.0,16.56371,0.03858767
-163.1814,-104.9187,7.0,21.36383,0.01368101
-166.1852,-119.1741,7.0,20.56936,0.43978019999999995
-166.8914,-137.3514,7.0,30.00194,1.1190120000000001
-169.5529,-164.75400000000002,7.0,44.01491,0.9236767
-170.0375,-201.851,7.0,55.74783000000001,0.6182105
-166.8715,-238.8328,7.0,40.41898,-1.337016
-151.6254,-254.0902,7.0,25.18586,-0.47043409999999997
-135.0889,-252.4539,7.0,22.57317,0.1310527
-125.759,-238.495,7.0,28.61778,0.9106013000000001
-126.0706,-214.8904,7.0,34.54847,0.1933622
-125.2407,-187.769,7.0,33.81622,-1.28146
-115.0945,-180.2084,7.0,14.02883,0.5744312
-109.6031,-192.0992,7.0,21.81297,0.4570102
-108.8358,-210.4768,7.0,27.76509,0.4268524
-108.5291,-233.1251,7.0,33.324090000000005,0.1859178
-102.1381,-258.2691,7.0,37.295190000000005,0.09078487
-78.63588,-272.8346,7.0,39.33977,0.01094535
-53.984680000000004,-260.4146,7.0,39.35327,0.02592571
-49.21611,-231.1613,7.0,42.55017,0.3535202
-41.04873,-199.8449,7.0,45.33718,0.07261384
-17.52923,-173.7486,7.0,49.64128,0.1458786
5.418705,-144.6593,7.0,42.27903,-2.423263
7.380005000000001,-123.7887,7.0,23.733079999999998,0.45049399999999995
-4.321855,-106.1461,7.0,32.43027,0.6164096
-4.214962,-77.08808,7.0,48.21674,0.6626770000000001
-0.5154681999999999,-35.3397,7.0,64.48066,1.112958
-2.460429,13.266929999999999,7.0,60.03996,-1.4711100000000001
-15.383270000000001,41.08047,7.0,30.24865,-1.1342780000000001
-39.395579999999995,40.73152,7.0,38.58123,0.1712974
-69.86568,40.40847,7.0,43.48834,0.16911479999999998
-103.8102,41.01093,7.0,48.09375,0.31379
-138.8145,37.60495,7.0,39.00636,-1.5866770000000001
-146.8847,18.87535,7.0,29.62289,0.41264229999999996
-145.1782,-5.0778360000000005,7.0,35.025259999999996,0.18597320000000003
-145.9558,-32.922940000000004,7.0,40.117979999999996,0.329583
-159.8058,-56.007780000000004,8.0,34.48491,-1.252733
-168.0275,-70.03426,8.0,22.84029,0.7306831
-152.3936,-78.92049,8.0,28.447440000000004,0.35889590000000005
-129.6528,-78.24268000000001,8.0,32.56626,0.03869857
-112.589,-95.80315,8.0,35.50891,0.18815020000000002
-115.6675,-121.6688,8.0,37.14779,0.08513443
-139.4398,-131.631,8.0,30.42282,-1.014888
-146.4015,-127.2636,8.0,2.57517,0.152982
-142.7873,-123.6417,8.0,10.708,0.4833696
-142.9768,-113.7021,8.0,16.972070000000002,0.2474134
-153.0272,-103.3395,8.0,22.49984,0.30478099999999997
-167.0476,-109.3832,8.0,24.130370000000003,0.2022793
-166.6199,-128.9049,8.0,29.290670000000002,0.3815916
-169.4445,-152.3404,8.0,34.54739,0.398656
-170.6618,-179.5949,8.0,39.37381,0.1728442
-169.0108,-210.6655,8.0,44.21743,0.338071
-165.18599999999998,-244.3248,8.0,44.376529999999995,-0.5085263
-142.5605,-256.1842,8.0,31.05661,-0.9520801
-128.2833,-241.2691,8.0,30.86385,0.1236547
-127.3507,-216.889,8.0,35.66438,0.3921613
-125.4738,-189.074,8.0,36.99422,-1.0071649999999999
-113.2117,-180.0797,8.0,14.750420000000002,-0.4460976
-107.3762,-191.3682,8.0,20.96642,0.2152802
-106.6591,-209.1267,8.0,26.974140000000002,0.4214209
-105.9061,-231.2829,8.0,32.59814,0.1972398
-101.6027,-256.6358,8.0,36.969559999999994,0.177536
-79.80524,-272.7006,8.0,38.5875,-0.0059082480000000005
-54.64635,-261.6108,8.0,39.47789,0.05193206
-47.05905,-233.2059,8.0,42.322179999999996,0.174255
-42.0345,-200.8671,8.0,45.58063,-0.05898955
-18.91179,-175.5997,8.0,48.43331,0.3144708
4.189858,-146.7896,8.0,47.98673,-1.24156
5.551605,-119.5422,8.0,33.29651,0.166642
-7.060778999999999,-95.28871,8.0,38.984609999999996,0.05343587
-2.358862,-65.27199999999999,8.0,43.3611,0.1640109
-1.320458,-31.397479999999998,8.0,47.90963,0.1491652
-1.9984689999999998,5.707669999999999,8.0,52.24306,0.3033628
-12.4231,38.43752,8.0,36.031859999999995,-1.7737759999999998
-26.255979999999997,41.735440000000004,8.0,5.097912,-1.082295
-28.30155,37.40679,8.0,10.10993,0.22703130000000002
-36.78771,40.78168,8.0,16.42809,0.24608089999999996
-46.85873,48.59356,8.0,11.26521,-1.478019
-48.02214,48.58679,8.0,0.02534932,0.0002798615
-48.320009999999996,47.51802,8.0,3.964691,0.20984539999999996
-47.769490000000005,43.98843,8.0,5.02876,-0.03510776
-47.84668,43.83602,8.0,5.0796209999999995,0.6902071999999999
-54.37565,46.40194,8.0,14.01365,0.6051935
-67.81319,45.04063,8.0,22.46784,0.6178566
-87.30026,42.55291,8.0,30.41077,0.5678864
-112.5083,43.48888,8.0,37.71225,0.5175721
-139.5386,36.94497,8.0,38.74062,-0.07688482
-143.9724,8.497013,8.0,43.54931,0.30859559999999997
-147.0019,-26.16337,8.0,47.13601,-0.6820092
-142.0991,-34.985820000000004,9.0,2.5460130000000003,-0.05526943
-143.4762,-40.248459999999994,9.0,12.95726,0.6338876
-148.584,-48.84827,9.0,12.35806,-0.2107705
-156.7364,-52.968509999999995,9.0,14.49407,-0.2095618
-165.2413,-57.06795,9.0,11.394810000000001,-0.11897390000000001
-166.4545,-64.95879000000001,9.0,14.8188,1.03364
-155.8112,-73.45227,9.0,19.13257,-0.35651740000000004
-143.0694,-72.82037,9.0,15.49404,-0.1193247
-129.7281,-74.84355,9.0,24.815520000000003,0.1785513
-114.1307,-85.30605,9.0,26.03807,0.06023182
-107.229,-102.9984,9.0,24.636789999999998,-0.39906440000000004
-108.8495,-115.31,9.0,11.893930000000001,-0.1782345
-112.4709,-124.14200000000001,9.0,18.66815,1.245349
-123.7686,-134.1806,9.0,19.40421,-0.335373
-136.2727,-133.45600000000002,9.0,15.61858,-0.05914883
-144.5793,-123.038,9.0,23.44592,0.5789696
-150.8401,-104.5908,9.0,22.4818,-1.53751
-160.8319,-99.79046,9.0,13.20382,-0.16878289999999999
-166.454,-108.9493,9.0,21.24474,1.107482
-168.4964,-130.0741,9.0,35.625170000000004,0.9256395000000001
-169.0389,-160.5542,9.0,44.6316,0.3535263
-165.8919,-194.863,9.0,48.00853,0.08047213
-163.1844,-227.1988,9.0,38.89479,-0.9245276
-159.8321,-249.5135,9.0,25.43294,-0.26041060000000005
-147.02700000000002,-259.7795,9.0,20.042379999999998,-0.18730870000000002
-134.305,-256.3105,9.0,21.75113,0.915291
-125.3894,-236.8664,9.0,35.19078,0.2469475
-127.2663,-210.0417,9.0,33.3126,-1.7476939999999999
-128.6156,-193.2132,9.0,15.41399,-0.22655329999999999
-124.9269,-183.7499,9.0,13.97434,0.6569698
-112.3726,-182.533,9.0,18.679000000000002,-0.1635741
-103.7954,-190.6102,9.0,14.92876,0.08822195
-102.5854,-206.2849,9.0,28.77257,0.9571492
-105.0848,-231.2529,9.0,37.70898,0.45684890000000006
-103.7667,-258.1455,9.0,35.08871,-0.21486159999999999
-85.48331,-272.8858,9.0,32.64812,0.11679280000000002
-62.35128,-267.897,9.0,32.05489,-0.1187809
-49.83672,-247.7433,9.0,34.45275,0.1239704
-45.5717,-221.5019,9.0,36.85112,0.16345520000000002
-40.721790000000006,-195.4182,9.0,34.24142,-0.2073945
-29.030920000000002,-175.5164,9.0,28.47232,-0.4239527
-14.04185,-163.8408,9.0,23.25263,-0.16280050000000001
-0.7498577,-155.0848,9.0,19.6879,-0.14368440000000002
9.717792,-146.2196,9.0,19.715429999999998,0.25772110000000004
11.32516,-130.0967,9.0,25.541829999999997,0.4761727
-1.280519,-113.7655,9.0,29.471090000000004,0.09332111
-9.210231,-93.3504,9.0,30.06505,0.05244579
-11.22573,-70.54513,9.0,32.80506,0.1497081
-8.070376,-45.2442,9.0,35.360659999999996,0.04958256
-3.382079,-19.04857,9.0,36.45113,0.07654717
-2.3778490000000003,6.869721000000001,9.0,30.39382,-1.070439
-6.438578,24.951710000000002,9.0,20.569020000000002,-0.6094375
-14.908079999999998,37.62495,9.0,25.0841,0.2430375
-34.4663,45.18718,9.0,32.06178,0.47764750000000006
-60.7736,43.89335,9.0,39.20061,0.5028281
-92.50716,43.98373,9.0,46.05008,0.47782559999999996
-127.0982,40.41179,9.0,42.35342,-1.4924469999999999
-147.0373,26.03272,9.0,34.38255,-0.08651198
-142.4103,-0.48737650000000005,9.0,39.71589,0.21168879999999998
-143.0583,-29.839609999999997,9.0,30.62267,-3.671676
-146.6315,-43.642509999999994,10.0,17.6625,0.9395809000000002
-156.3908,-53.7305,10.0,17.83513,-0.27146370000000003
-166.3066,-59.83197,10.0,13.854460000000001,-0.18216210000000002
-164.0782,-69.9333,10.0,18.42359,0.122077
-151.5291,-72.9213,10.0,18.3621,0.04660751
-138.1944,-72.97843,10.0,17.0166,-0.1561882
-122.2239,-78.44591,10.0,27.44267,0.25989650000000003
-108.2794,-95.71842,10.0,33.56779,0.18967910000000002
-110.9005,-121.2426,10.0,32.601259999999996,-0.6359057
-124.8722,-132.9005,10.0,21.70659,-0.36339829999999995
-138.6163,-131.5363,10.0,16.878989999999998,-0.1612646
-145.4639,-118.4681,10.0,24.61076,0.4548920999999999
-150.2866,-104.6896,10.0,5.100785,-2.760656
-154.2273,-101.48899999999999,10.0,11.29792,0.5644708
-164.1881,-103.1948,10.0,17.864639999999998,0.4242107
-167.8084,-118.0904,10.0,24.57789,0.5189305000000001
-168.8356,-138.889,10.0,31.57467,0.5908107
-168.4231,-164.4365,10.0,36.42492,0.43179940000000006
-166.8963,-192.7901,10.0,39.74838,0.06034637
-164.396,-220.6552,10.0,34.08706,-0.2723802
-162.7618,-243.1888,10.0,27.073359999999997,-0.5181935999999999
-152.89700000000002,-257.0612,10.0,20.40706,-0.1763368
-136.7332,-258.0674,10.0,23.83794,-0.02897848
-127.0192,-242.7544,10.0,26.75549,0.2840645
-125.1987,-222.1048,10.0,29.81117,0.23633490000000001
-127.6363,-201.0209,10.0,22.47308,-0.8287061
-127.6227,-188.4309,10.0,14.43949,-0.1716873
-121.2451,-182.15900000000002,10.0,14.014000000000001,0.45878279999999994
-109.0619,-183.97400000000002,10.0,18.35801,-0.1036319
-103.0129,-195.4243,10.0,19.31009,0.17873920000000001
-103.7148,-210.6984,10.0,21.73854,0.01593656
-104.8597,-226.8421,10.0,22.93516,0.3718032
-106.0964,-246.5811,10.0,29.759259999999998,0.03112262
-99.30877,-266.8336,10.0,29.14467,0.2292867
-76.2136,-272.1155,10.0,36.84433,0.1656415
-52.88791,-258.5105,10.0,37.74788,-0.07090616
-47.38896,-229.1247,10.0,43.02733,0.08588037
-41.56175,-198.4384,10.0,38.60735,-0.6437914
-29.246570000000002,-176.3602,10.0,30.349729999999997,-0.2722462
-13.531870000000001,-163.9298,10.0,24.04484,-0.2016665
-4.044433000000001,-157.3206,10.0,14.037339999999999,0.8390601000000001
7.092963,-148.9807,10.0,19.49729,-0.13629560000000002
13.39339,-135.3207,10.0,25.80355,0.2553414
1.7274720000000001,-118.5377,10.0,31.11252,0.41481140000000005
-8.666953,-96.19664,10.0,35.38512,-0.30321420000000004
-10.28796,-72.28612,10.0,32.69449,0.4634545
-7.8679,-45.8154,10.0,39.06327,0.21816
-3.066922,-14.947220000000002,10.0,45.03255,0.19791720000000002
-4.087961,19.83376,10.0,47.58235,-0.834557
-24.821479999999998,42.588359999999994,10.0,43.15276,0.3296966
-58.25153,44.28436,10.0,47.98794,0.3467616
-95.69214000000001,43.3955,10.0,53.21001999999999,0.1714111
-131.6907,38.93642,10.0,39.57575,-0.7429126
-148.9514,19.45776,10.0,36.686809999999994,-0.03699875
-141.7194,-8.268726,10.0,41.2561,0.33102919999999997
-145.1071,-36.4044,11.0,32.86878,0.48529979999999995
-160.3513,-56.9697,11.0,37.438390000000005,0.2031239
-169.1267,-76.50414,11.0,22.89475,-1.1999440000000001
-156.8714,-77.35533000000001,11.0,21.59604,0.5085379
-141.7262,-69.64171999999999,11.0,26.307540000000003,0.1446806
-122.7562,-80.20631999999999,11.0,32.98547,0.4598237
-109.4463,-98.71658000000001,11.0,32.96309,0.2844224
-114.5734,-122.87299999999999,11.0,30.5954,-1.400355
-131.6167,-133.0044,11.0,28.91992,0.41938329999999996
-144.8217,-117.1752,11.0,32.42192,0.198628
-148.5381,-102.70100000000001,11.0,9.951865,0.7774976
-160.4894,-101.7938,11.0,22.45211,0.6363871999999999
-166.68,-117.84200000000001,11.0,27.36608,0.513501
-166.6498,-140.5478,11.0,33.972609999999996,0.46566
-168.1436,-167.9388,11.0,40.06081,0.43797349999999996
-165.0905,-199.7015,11.0,46.020379999999996,0.3967746
-162.6214,-234.4809,11.0,43.858509999999995,-0.6449220999999999
-152.4861,-257.1631,11.0,28.233009999999997,0.2950521
-132.1962,-255.6834,11.0,29.616840000000003,0.02604906
-125.5061,-233.2614,11.0,34.83085,0.4404541
-127.514,-205.4531,11.0,37.19242,-0.7510344
-122.6374,-181.9828,11.0,27.84112,-1.2749489999999999
-107.3728,-186.1891,11.0,24.07314,0.160325
-107.1207,-206.1691,11.0,30.209229999999998,0.46264609999999995
-106.3539,-230.6848,11.0,36.36623,0.2283465
-103.7071,-259.1035,11.0,41.038990000000005,0.10484210000000001
-79.569,-272.3842,11.0,39.9365,0.3437113
-53.0215,-259.4004,11.0,41.10832,-0.12390819999999998
-45.60694,-228.5094,11.0,45.67775,0.196325
-39.190529999999995,-193.3254,11.0,50.643240000000006,0.21539320000000003
-15.74707,-165.937,11.0,42.93465,-1.539353
5.50116,-150.7577,11.0,30.5862,-0.5461039000000001
11.90816,-133.0226,11.0,22.58018,-0.46102020000000005
2.08685,-117.0688,11.0,28.94855,0.4966707
-7.728789999999999,-95.85622,11.0,34.88465,0.4759518
-10.356710000000001,-67.94268000000001,11.0,40.90574,0.40871840000000004
-5.782426,-35.77965,11.0,46.67807,0.38834159999999995
-1.7966790000000001,0.4667513,11.0,51.80399,0.141594
-12.70547,36.32226,11.0,48.23114,-0.20923339999999999
-44.7955,44.7435,11.0,47.51794,0.3776323
-81.88153,41.962340000000005,11.0,52.95318,0.3770462
-121.9403,40.28196,11.0,50.44508,-0.6592920999999999
-148.6111,24.52498,11.0,41.038270000000004,-0.2889349
-144.261,-5.095599,11.0,43.147240000000004,0.36650679999999997
-144.1252,-37.406040000000004,12.0,40.06606,-1.343637
-159.4476,-53.09681,12.0,28.3802,0.4026982
-167.4444,-67.99588,12.0,23.733539999999998,0.09670928
-150.4792,-71.41858,12.0,27.63382,0.47685690000000003
-128.2782,-74.79932,12.0,33.617490000000004,0.4145818
-109.1747,-92.69334,12.0,38.073809999999995,0.2523381
-110.6799,-118.4984,12.0,30.18781,-0.6569635
-126.3198,-131.4436,12.0,25.59355,-0.26636750000000003
-142.3668,-129.6097,12.0,23.676479999999998,0.11974860000000001
-147.0335,-111.23899999999999,12.0,29.079009999999997,0.15818010000000002
-159.4419,-100.505,12.0,20.027739999999998,-0.7055909
-167.6506,-112.3616,12.0,26.06651,0.9561301
-167.3294,-136.6931,12.0,37.04205,0.4283089
-168.3166,-166.1708,12.0,42.73925,0.20008320000000002
-165.9847,-200.05,12.0,48.53379,0.397784
-163.7434,-237.0882,12.0,46.62442,-0.7650455
-147.523,-258.5501,12.0,30.40295,-1.086199
-131.2462,-247.2051,12.0,30.428109999999997,0.01039863
-125.9471,-223.2303,12.0,36.17393,0.4146733
-128.3578,-196.4751,12.0,33.49706,-0.1213316
-116.6858,-179.6945,12.0,28.300359999999998,-0.25954570000000005
-107.0902,-192.6233,12.0,25.46774,0.43954390000000004
-110.4467,-213.4165,12.0,31.826179999999997,0.23394020000000001
-108.4611,-239.3925,12.0,38.28172,0.44545290000000004
-97.92651,-266.8369,12.0,40.80173,-0.2305509
-69.57713000000001,-269.6746,12.0,41.632020000000004,0.1860494
-46.086940000000006,-251.9848,12.0,37.67709,-0.5406769
-53.21135,-228.8173,12.0,29.9065,-0.4574223
-52.953469999999996,-217.6597,12.0,5.545024,0.006199083
-53.35999,-214.8682,12.0,0.18469470000000002,0.6747894
-51.57578,-217.7067,12.0,8.750015,0.26751479999999994
-43.83968,-216.0247,12.0,15.513689999999999,0.7425839
-41.81524,-205.6949,12.0,12.512189999999999,-0.1177808
-40.50931,-193.0051,12.0,21.761860000000002,0.5497522
-31.778409999999997,-176.7084,12.0,28.40914,0.46695990000000004
-13.124670000000002,-162.7396,12.0,34.82311,0.47383959999999997
8.20653,-146.1049,12.0,37.14308,0.11185160000000001
9.08683,-124.57600000000001,12.0,29.173890000000004,0.3053491
-5.651618,-101.5888,12.0,44.82063,0.5771357
-10.24768,-64.79195,12.0,53.62704,0.16373110000000002
-3.609108,-23.815739999999998,12.0,58.47866,0.1551175
-4.2595849999999995,17.74987,12.0,45.34024,-2.20083
-17.29716,39.42236,12.0,36.01328,0.1177604
-43.83695,45.32224,12.0,39.87037,0.21344210000000002
-75.49498,44.54752,12.0,45.69865,0.41527120000000006
-111.2709,41.68949,12.0,50.848079999999996,-0.2516741
-145.8946,33.61971,12.0,46.04097,-0.6538345
-152.5094,14.31911,12.0,11.960230000000001,-1.694563
-152.7124,12.74549,12.0,5.142944,0.1806721
-147.4281,9.160927000000001,12.0,13.12406,0.5763845999999999
-146.27700000000002,-3.320304,12.0,20.65963,0.5290727
-143.0122,-20.991229999999998,12.0,27.7724,0.4872938
-142.0539,-34.8087,13.0,6.536475,0.303788
-144.4022,-42.27812,13.0,14.55286,0.557311
-154.0336,-51.41633,13.0,21.7664,0.5281918999999999
-167.0188,-62.93139,13.0,23.268420000000003,-0.3341014
-161.224,-74.97162,13.0,17.620179999999998,0.08724657
-146.9185,-74.515,13.0,21.54407,-0.3706601
-132.634,-72.49468,13.0,21.52804,0.5112736
-116.1669,-80.12246999999999,13.0,27.89913,0.4235674
-106.7359,-100.2706,13.0,33.27313,0.16800299999999999
-115.7563,-123.9834,13.0,37.25298,0.29691100000000004
-140.2086,-131.3062,13.0,28.752259999999996,-2.057771
-144.9235,-122.5464,13.0,6.095415,-0.2536958
-138.4499,-122.4038,13.0,10.046,-0.421645
-140.8504,-123.0837,13.0,7.821833,0.5198752999999999
-145.4252,-127.6837,13.0,6.8013330000000005,-0.45363450000000005
-145.4852,-128.642,13.0,3.685332,0.6728529000000001
-143.096,-123.1148,13.0,12.548160000000001,0.2948975
-140.119,-111.57,13.0,20.1696,0.49972829999999996
-150.3768,-98.48577,13.0,25.86652,0.1975027
-165.4491,-104.948,13.0,22.03012,0.5965881
-167.5642,-125.2944,13.0,31.686120000000003,0.5168186
-167.5069,-151.2866,13.0,38.48519,0.2409813
-167.9613,-182.3706,13.0,44.9908,0.47127159999999996
-168.0334,-217.9843,13.0,51.06338,0.41691419999999996
-158.42600000000002,-251.8942,13.0,44.2925,-0.20466979999999999
-131.6386,-253.6188,13.0,30.88976,-1.2064540000000001
-128.3552,-231.5091,13.0,35.98256,0.8288584999999999
-127.4542,-201.9081,13.0,40.39891,-0.2993824
-123.9919,-184.3106,13.0,14.599429999999998,-0.3083239
-113.2232,-182.2053,13.0,19.80507,0.3336545
-105.131,-196.2278,13.0,26.0562,0.5077567
-106.4355,-218.0163,13.0,33.090309999999995,0.49934670000000003
-106.5877,-244.6363,13.0,38.96329,0.39035840000000005
-89.51994,-269.1777,13.0,42.62789,0.0233903
-59.86221,-266.9924,13.0,42.55022,-0.02131803
-49.126540000000006,-238.229,13.0,44.8834,0.45451309999999995
-45.053709999999995,-205.2878,13.0,41.19552,0.3711697
-26.994659999999996,-178.6893,13.0,46.53389,0.21140630000000002
-1.522246,-152.0517,13.0,52.45214,0.3175367
8.840204,-119.8126,13.0,42.45089,-0.7928938
-7.788569,-101.0974,13.0,28.392770000000002,-0.207078
-6.834178,-78.71141,13.0,34.42709,0.4981026
-5.560668,-50.740970000000004,13.0,41.12903,0.4673259
-4.523555,-17.95644,13.0,47.39692,0.20985660000000003
-4.894725,19.18376,13.0,50.99005,-0.6091791
-22.5022,41.575179999999996,13.0,31.63815,-1.3870559999999998
-34.25971,35.28782,13.0,13.33185,0.15799820000000003
-35.11172,32.587379999999996,13.0,0.07154202,-0.03340072
-35.15896,32.59349,13.0,0.06252413,-0.03315177
-34.65011,34.06708,13.0,5.925949,0.376357
-33.177929999999996,40.97572,13.0,11.15183,-1.2670489999999999
-32.23952,44.79054,13.0,0.35128000000000004,-0.4898675
-33.74266,42.416920000000005,13.0,7.928636999999999,0.5992259
-42.06757,42.15467,13.0,15.465929999999998,0.5413385000000001
-55.71422,45.267109999999995,13.0,22.41931,0.48625779999999996
-74.67447,43.51011,13.0,28.94998,0.4550734
-98.34035,42.28665,13.0,34.97532,0.42758820000000003
-126.0511,40.85913,13.0,40.068540000000006,0.2964772
-146.7579,22.445079999999997,13.0,38.135940000000005,0.08780754
-146.2208,-7.184413,13.0,42.88436,0.2020357
-145.5955,-40.36524,14.0,44.783640000000005,-0.24727559999999998
-161.2394,-60.032680000000006,14.0,27.81114,-1.095573
-156.5917,-74.64107,14.0,25.618489999999998,0.09711847
-135.74,-75.7756,14.0,31.252029999999998,0.3245981
-115.1095,-88.19373,14.0,35.43435,0.25741329999999996
-111.0073,-113.9935,14.0,37.92739,0.1674401
-131.6719,-131.8101,14.0,36.27105,-1.660971
-146.34799999999998,-122.7576,14.0,15.12336,-2.338908
-146.1139,-119.691,14.0,1.9272529999999999,0.04806124
-146.9936,-118.6014,14.0,1.728173,-0.03564422
-147.8137,-117.8259,14.0,1.7202,0.3380998
-150.3286,-117.2752,14.0,3.944285,-0.0001976654
-149.9163,-116.9628,14.0,5.368398,0.33564770000000005
-145.2368,-111.6863,14.0,13.79827,0.2816717
-148.2115,-99.91473,14.0,20.66434,0.4631077
-163.6762,-99.81859,14.0,24.94538,0.1399645
-167.3885,-118.8458,14.0,30.38958,0.5536932
-166.5325,-143.9229,14.0,37.34013,0.48967659999999996
-166.7314,-174.0697,14.0,43.98395,0.47145479999999995
-167.2686,-208.9631,14.0,50.18541,0.2009856
-161.7619,-245.2495,14.0,43.173809999999996,-1.570007
-143.4256,-254.3246,14.0,14.41322,-1.12209
-141.6229,-250.6391,14.0,3.5741080000000003,-0.1602887
-139.6976,-248.4502,14.0,6.871410000000001,0.46329390000000004
-132.04,-249.7851,14.0,14.56998,-1.0922049999999999
-122.8721,-250.8362,14.0,10.89258,-0.33809829999999996
-121.5385,-242.8103,14.0,15.768139999999999,-0.03700206
-125.15100000000001,-228.6062,14.0,23.75285,0.50771
-127.2305,-208.3667,14.0,31.203190000000003,0.5217655
-124.6419,-184.0713,14.0,32.177890000000005,-0.6331627
-107.5735,-182.6361,14.0,22.75114,0.6358329
-106.2408,-204.8098,14.0,40.03415,0.7418104
-106.2667,-241.5701,14.0,57.2499,0.07201266
-84.29760999999999,-270.9772,14.0,44.64287,-0.01164303
-53.56137,-262.7377,14.0,43.88046,-0.3656278
-49.2532,-231.4238,14.0,46.01709,0.42801720000000004
-40.679829999999995,-197.7643,14.0,49.86557,0.17685979999999998
-14.81967,-168.9568,14.0,55.162040000000005,0.4202537
9.243631,-137.0136,14.0,46.30502,-2.797705
2.275481,-115.1291,14.0,26.491629999999997,-0.42835209999999996
-5.689322,-95.97527,14.0,31.86392,0.2339877
-4.4612300000000005,-69.91424,14.0,38.704809999999995,0.5054935
-2.5487189999999997,-38.78091,14.0,45.25826,0.4397736
-2.465979,-2.987339,14.0,51.39825,0.4248048
-9.851417999999999,33.26665,14.0,45.28246,-0.45915029999999996
-39.255590000000005,41.97435,14.0,44.657790000000006,0.2236578
-74.66224,40.28556,14.0,50.76402,0.44901369999999996
-114.2817,41.34319,14.0,54.524159999999995,-0.5561917
-143.0744,31.53567,14.0,30.78156,-2.068141
-144.5981,21.952170000000002,14.0,1.982804,0.6352350999999999
-142.0445,24.413970000000003,14.0,4.95563,-0.1461797
-141.6874,24.85415,14.0,4.8845849999999995,0.5842545
-146.2541,21.44207,14.0,9.503074,-0.07679233
-149.5891,22.05921,14.0,0.6597883000000001,0.6393409999999999
-146.3283,19.87171,14.0,9.873268,0.3151498
-141.3732,10.83532,14.0,18.30894,0.5965229999999999
-141.0191,-5.692880000000001,14.0,26.388340000000003,0.5850641
-141.7584,-33.457770000000004,1.0,3.22663,0.5566052
-141.9643,-38.121159999999996,1.0,9.917612,0.703046
-145.0028,-48.14606,1.0,18.613870000000002,0.29388590000000003
-158.3097,-58.326440000000005,1.0,26.688879999999997,0.4391423
-159.1356,-75.30841,1.0,25.32143,-0.151732
-143.5336,-69.82384,1.0,26.41627,0.006389662
-135.8738,-68.27749,1.0,0.04851131,-0.03445955
-135.8545,-68.28011,1.0,0.02568586,-0.00032807480000000003
-135.836,-68.28265,1.0,0.03000716,0.0350091
-135.8665,-68.42394,1.0,2.056875,0.38229050000000003
-135.9393,-71.47854,1.0,4.581481,-0.01380487
-135.7175,-74.60423,1.0,3.82004,-0.06708826
-136.8992,-76.52471,1.0,0.2970797,-0.6580498
-134.0181,-75.14471,1.0,8.825265,0.3238778
-124.4088,-76.52452,1.0,17.36937,0.49937529999999997
-115.07799999999999,-88.54789,1.0,24.77065,0.27036309999999997
-110.2242,-108.7559,1.0,31.555529999999997,0.40055100000000005
-122.61200000000001,-129.9938,1.0,36.2781,0.1139857
-144.5463,-128.2985,1.0,24.95267,-1.063754
-141.1036,-114.3353,1.0,24.06222,0.451263
-138.4577,-108.7125,1.0,0.02848142,0.0418043
-138.4584,-108.7301,1.0,0.02327193,0.00022341950000000002
-138.6708,-108.6508,1.0,2.968225,1.147482
-143.5056,-108.6738,1.0,8.112684,-0.07656006
-145.6422,-110.7011,1.0,2.026505,0.681878
-144.3672,-106.1399,1.0,10.76802,0.3042608
-149.9176,-97.28161999999999,1.0,18.46377,0.2582359
-161.7209,-97.70905,1.0,14.54454,-0.3063337
-166.6597,-109.6036,1.0,25.12901,0.9683127
-170.2704,-132.3616,1.0,36.56497,0.42147029999999996
-163.0594,-160.0395,1.0,37.92737,-0.78872
-166.76,-184.7171,1.0,30.32752,-0.4672647
-167.4007,-210.9327,1.0,40.680640000000004,-0.10488110000000002
-165.56599999999997,-238.4674,1.0,33.27113,-0.7681709
-150.8248,-250.9882,1.0,25.883860000000002,0.22599740000000001
-129.7632,-246.5843,1.0,32.03192,0.14683800000000002
-123.8321,-230.1778,1.0,23.09339,0.46081530000000004
-129.9421,-215.3035,1.0,22.55347,0.2325695
-122.8473,-202.0272,1.0,17.936970000000002,-0.3449331
-124.7465,-189.4255,1.0,15.441720000000002,-0.405684
-115.2041,-184.2032,1.0,19.80026,0.16094460000000002
-110.5511,-194.9453,1.0,14.803429999999999,-0.1234839
-110.0286,-205.6025,1.0,16.52243,0.5790281999999999
-108.7367,-220.7738,1.0,24.46576,0.5358002
-106.3515,-241.5257,1.0,31.888790000000004,0.5024413
-95.21518,-264.3057,1.0,37.29528,0.13299339999999998
-68.59315,-270.0323,1.0,39.47139,0.05125963
-52.14201,-247.5902,1.0,39.96241,0.30492790000000003
-47.98307,-216.4114,1.0,45.16257,0.1829451
-28.958209999999998,-186.7368,1.0,50.51955,0.4355028
-3.404669,-156.507,1.0,56.21128,0.37750300000000003
12.02416,-119.2784,1.0,45.48148,-1.969298
10.24085,-104.4729,1.0,1.895559,-0.9466690999999999
9.746969,-104.2361,1.0,0.005735214000000001,-0.19069239999999998
11.33953,-105.2875,1.0,5.783827,0.20178379999999999
16.55705,-107.3064,1.0,7.573864,-0.8230550999999999
18.31925,-106.9836,1.0,2.291712,0.34206790000000004
13.64998,-108.6377,1.0,10.93525,0.2938335
3.8002800000000003,-111.8673,1.0,16.51687,0.07798754
0.2963645,-99.59215999999999,1.0,22.12801,0.3041325
-1.442568,-81.2271,1.0,28.77982,0.2647857
-5.415812,-57.84194,1.0,35.45595,0.24737440000000002
-6.261228,-29.14217,1.0,42.01104,0.45870150000000004
-6.352601,4.270731,1.0,48.141690000000004,0.3798288
-11.30414,37.54144,1.0,37.0854,-1.034719
-23.31182,43.16724,1.0,13.87185,0.5811443000000001
-34.6341,37.70493,1.0,21.02521,0.5122483
-52.805240000000005,39.8369,1.0,28.26047,0.2598896
-76.36546,39.52702,1.0,35.23753,0.48241629999999996
-104.9122,40.041309999999996,1.0,41.81961,0.4537748
-135.9546,38.914390000000004,1.0,35.98707,-1.448861
-143.5578,25.26815,1.0,11.98323,-1.5410700000000002
-137.7509,24.27995,1.0,0.3501219,-0.19879070000000001
-137.7518,24.23256,1.0,0.05901237,0.017228099999999996
-137.9618,24.278679999999998,1.0,2.551027,0.7122448
-142.5668,24.43679,1.0,9.272255,0.34304090000000004
-149.6942,24.945220000000003,1.0,6.559660000000001,-0.7509897
-150.8985,25.30451,1.0,2.790718,0.5580606
-147.5649,21.61476,1.0,10.90954,0.5414245
-149.6712,11.49774,1.0,18.0244,0.5015191
-150.4149,-3.3010010000000003,1.0,23.959529999999997,0.4899191
-146.4823,-23.07416,1.0,30.48945,0.2253575
-150.1521,-46.44673,2.0,32.65583,-0.21958520000000004
-166.9271,-61.92719,2.0,29.215529999999998,-0.8269021999999999
-158.1716,-72.72981,2.0,12.77057,-1.494178
-155.7245,-68.52715,2.0,0.07978585,-0.02504841
-155.6856,-68.52802,2.0,0.041680800000000004,0.02592427
-155.9867,-69.65666,2.0,4.704985,0.2259062
-156.4586,-73.38394,2.0,4.84794,-0.04083834
-156.8802,-74.99141,2.0,2.360407,0.7034391999999999
-152.3553,-72.75081,2.0,11.59552,0.3129057
-142.4202,-78.10016,2.0,19.85174,0.5579995
-128.8214,-82.96155,2.0,17.97508,-0.1434911
-117.0752,-90.47901,2.0,25.560760000000002,1.384422
-111.226,-111.0176,2.0,30.90642,0.03010112
-125.8857,-129.0462,2.0,32.82727,-0.04956583
-144.5669,-125.3938,2.0,20.7074,-0.536698
-139.4062,-111.376,2.0,23.03153,-0.4251284000000001
-146.8883,-101.5973,2.0,20.390179999999997,0.13776860000000002
-160.2394,-106.2628,2.0,17.48031,-0.2586169
-161.5746,-118.5132,2.0,17.17783,0.2978011
-164.9972,-132.985,2.0,24.21663,0.282842
-165.2709,-153.8418,2.0,32.04801,0.5617930999999999
-165.5317,-180.4317,2.0,39.4374,0.2610225
-165.9679,-212.2386,2.0,46.3758,0.4918139
-162.3947,-244.2622,2.0,28.175440000000002,-2.710464
-147.6961,-251.9729,2.0,26.12771,0.578168
-127.5146,-247.0189,2.0,29.1404,-0.2461091
-128.1686,-228.4914,2.0,28.3924,0.7342702
-126.0835,-204.0037,2.0,36.799640000000004,0.28078220000000004
-122.8525,-184.8518,2.0,10.66647,-0.7622871
-113.9002,-185.7965,2.0,16.319029999999998,0.5518983000000001
-110.3616,-199.8125,2.0,23.96694,0.5805362
-108.4812,-220.4195,2.0,31.827809999999996,0.28498629999999997
-103.9039,-246.3723,2.0,39.0616,0.2293842
-85.67947,-269.5327,2.0,41.48975,-0.27999640000000003
-57.85341,-262.0404,2.0,41.950829999999996,0.20331660000000001
-49.290209999999995,-233.2768,2.0,44.06374,0.45909390000000005
-42.866640000000004,-199.812,2.0,48.57594,0.20725929999999998
-17.74186,-171.5131,2.0,54.24596999999999,0.20261629999999997
6.777831,-139.2652,2.0,44.6675,-2.021424
4.8488169999999995,-121.9216,2.0,19.38891,0.5702921
-5.267489,-108.3804,2.0,26.73528,0.24493779999999998
-6.724544,-85.95295,2.0,34.18764,0.545638
-6.773898,-57.91336999999999,2.0,41.45687,0.4949465
-7.016311,-24.63712,2.0,48.267070000000004,0.4701669
-7.35215,13.472129999999998,2.0,54.62465,0.20931190000000002
-17.57726,43.69555,2.0,29.238690000000002,-2.172165
-25.9845,45.65048,2.0,2.011992,0.6953219
-26.7324,41.20061,2.0,10.79386,0.592909
-36.9362,41.7382,2.0,18.90484,0.6193510999999999
-52.693540000000006,46.53782,2.0,26.14634,0.5451256999999999
-74.61865999999999,42.94534,2.0,33.83258,0.5423443
-102.4255,41.42587,2.0,41.07428,0.5157317
-135.0262,38.13897,2.0,46.08355,-0.547021
-150.5693,21.715220000000002,2.0,16.86047,-2.605844
-148.4219,19.36522,2.0,5.875375,0.6530164
-143.3386,15.1103,2.0,14.19713,0.31677009999999994
-148.2417,3.024679,2.0,22.12286,0.27274709999999996
-148.5727,-14.219629999999999,2.0,27.881159999999998,0.5546131999999999
-141.9818,-34.266459999999995,3.0,9.173351,0.5197157
-144.1433,-42.51031,3.0,11.43641,-0.01620535
-150.9476,-50.8399,3.0,17.71687,-0.1544613
-161.9803,-54.490219999999994,3.0,14.06282,-0.1377816
-166.5429,-61.339,3.0,10.40422,-0.08124994
-163.1063,-68.61686999999999,3.0,14.500979999999998,0.30391399999999996
-150.5933,-72.17329000000001,3.0,22.16176,0.5822312
-131.7497,-74.88817,3.0,29.76355,0.4518425999999999
-114.9275,-86.05176999999999,3.0,24.73485,-0.3684728
-107.8359,-102.8678,3.0,29.48405,-0.4595397
-111.963,-121.8308,3.0,23.6849,-0.3955558
-123.7949,-132.0949,3.0,22.284010000000002,0.2925723
-140.0303,-130.3437,3.0,22.75082,0.6915953
-146.7026,-110.5013,3.0,29.452270000000002,-0.8896881
-159.8984,-103.7797,3.0,16.949289999999998,0.42593729999999996
-166.8973,-116.2728,3.0,24.02826,0.5815705
-169.3115,-136.8755,3.0,31.92052,0.5706924
-168.5495,-163.1107,3.0,39.0967,0.5129060999999999
-166.9388,-194.601,3.0,45.91033,0.46221049999999997
-163.9619,-230.4606,3.0,49.31697,-0.2241379
-153.2899,-257.8266,3.0,32.47991,-0.6360651999999999
-135.0118,-252.6932,3.0,28.4866,0.5188434000000001
-124.8799,-232.2456,3.0,33.65446,0.25452440000000004
-128.3319,-205.9142,3.0,35.48809,-0.4320064
-123.2169,-182.4511,3.0,27.773590000000002,-1.2199149999999999
-109.0776,-182.7349,3.0,20.65961,-0.05112654
-109.5263,-199.9682,3.0,26.78486,0.48054589999999997
-104.5864,-221.5246,3.0,31.186020000000003,-0.4654527
-106.1991,-242.7314,3.0,28.050259999999998,0.26606399999999997
-99.12375,-266.337,3.0,36.7855,0.024738099999999996
-73.55067,-269.3467,3.0,38.3799,0.4407915
-59.02409,-268.1868,3.0,10.78518,-0.5157413
-56.2156,-266.7014,3.0,1.32541,0.6889877
-57.20745,-267.3925,3.0,0.22712270000000004,-0.3322719
-55.7328,-265.9355,3.0,5.871957,0.2897505
-51.873470000000005,-262.3789,3.0,7.966778,0.02024871
-48.171659999999996,-263.7066,3.0,0.7615807,-0.40984659999999995
-49.50233,-261.0872,3.0,8.344002,0.3044663
-49.30147,-252.0378,3.0,16.48041,0.5807796
-45.63361,-237.3698,3.0,24.20275,0.5381585
-43.08851,-216.861,3.0,31.42492,0.24955259999999999
-38.84564,-191.5293,3.0,37.216120000000004,0.09110349999999999
-19.36627,-169.9076,3.0,42.92157,0.45018050000000004
-1.928277,-154.0708,3.0,23.34517,-0.3858804
9.478536,-143.7553,3.0,18.33065,-0.3727231
11.471680000000001,-132.3927,3.0,13.935189999999999,-0.13369979999999998
5.460675,-121.1046,3.0,21.24146,0.5429285
-4.2829559999999995,-105.6218,3.0,28.431359999999998,0.5003055000000001
-10.06723,-82.7084,3.0,35.13158,0.2241594
-9.206213,-54.36575,3.0,41.53969,0.4791196
-4.409895,-21.63423,3.0,45.3754,-0.35374179999999994
-3.764,6.53709,3.0,23.98955,-2.179662
-4.794942,14.68353,3.0,3.484518,-0.09728214
-5.892638,20.36749,3.0,12.39587,0.6158461999999999
-9.987692,31.8127,3.0,20.404629999999997,0.2678979
-23.83547,42.3601,3.0,27.47837,0.5132181
-46.13584,44.66666,3.0,33.99671,0.5086572
-73.87510999999999,44.34478,3.0,40.79398,0.4668876
-106.4043,42.138329999999996,3.0,47.17969,0.21947329999999998
-138.304,37.172340000000005,3.0,39.29336,-0.01979609
-149.5204,16.37517,3.0,32.33834,0.0659975
-144.299,-7.97842,3.0,36.77961,0.5038803
-144.0692,-37.46454,4.0,41.69223,-0.5434062
-154.9637,-54.09785,4.0,18.529510000000002,-0.1776603
-167.64,-58.409659999999995,4.0,18.786579999999997,-0.1621497
-160.4634,-70.74644,4.0,24.162020000000002,0.22821020000000003
-140.5301,-72.78744,4.0,30.549229999999998,0.1982442
-118.6987,-83.87505999999999,4.0,36.263529999999996,0.1911156
-108.6067,-109.35,4.0,38.05198,-0.18714
-124.3769,-131.2714,4.0,36.62151,-0.20988339999999997
-144.743,-123.5674,4.0,29.8671,-0.30852240000000003
-146.7125,-102.0134,4.0,26.49413,-2.4839330000000004
-159.14700000000002,-100.5696,4.0,20.01064,0.34363340000000003
-167.1593,-115.3513,4.0,26.78411,0.26222009999999996
-170.2625,-137.7309,4.0,34.046459999999996,0.2382067
-168.7253,-165.3367,4.0,40.66064,0.23593520000000004
-165.8881,-197.7539,4.0,47.11421,0.45357120000000006
-163.2122,-233.8844,4.0,45.37531,-1.6614060000000002
-155.8258,-253.2469,4.0,19.680220000000002,-0.17466679999999998
-141.5698,-258.2366,4.0,24.00317,0.3827399
-129.0985,-246.3637,4.0,27.918409999999998,0.5624164
-125.31200000000001,-223.4229,4.0,34.4579,0.4264495
-128.5777,-195.9771,4.0,39.62611,0.1007273
-111.9853,-176.7217,4.0,32.68809,-0.44183599999999995
-99.59581,-188.8844,4.0,22.8921,-0.4753344
-113.2013,-197.2489,4.0,23.56833,-0.3013212
-114.555,-201.5544,4.0,0.01061243,-0.03367442
-114.5444,-201.5539,4.0,0.4513996,0.3378291
-111.9581,-201.5655,4.0,6.071082,0.24974169999999998
-109.6903,-198.3952,4.0,2.123223,-0.6066982
-109.5565,-199.6724,4.0,5.423828,0.2585112
-108.3138,-206.1956,4.0,12.42441,0.4833679
-106.1095,-217.6856,4.0,18.9644,0.22707689999999997
-105.3415,-233.9534,4.0,25.022479999999998,0.44247600000000004
-104.4145,-254.4094,4.0,30.178759999999997,0.1493575
-88.7858,-270.9786,4.0,33.11253,0.11520350000000001
-63.72186,-267.9915,4.0,36.57437,0.12671960000000002
-49.29387,-246.2415,4.0,37.370020000000004,0.1563195
-47.77715,-216.895,4.0,41.79967,0.12528150000000002
-35.66902,-186.7509,4.0,45.667229999999996,0.06029028
-10.8782,-163.1977,4.0,45.35504,-0.6686456999999999
5.90885,-147.6381,4.0,21.492639999999998,-0.2361987
12.771510000000001,-136.3127,4.0,16.22409,0.7255595
5.908046,-121.9041,4.0,25.60875,0.2077225
-5.319405000000001,-104.3825,4.0,30.85342,0.39184
-10.31246,-80.08609,4.0,36.00434,0.3759329
-8.972728,-51.6931,4.0,40.850640000000006,0.330013
-3.206414,-20.1774,4.0,45.53975,0.16532629999999998
-3.7323419999999996,14.69181,4.0,48.542970000000004,-0.0854293
-14.87535,36.86795,4.0,28.650679999999998,0.1497312
-36.317029999999995,43.86289,4.0,33.1967,0.1787766
-62.821259999999995,43.223659999999995,4.0,38.36719,0.3573385
-93.10136,42.75013,4.0,43.24603,0.3644116
-124.3545,39.52505,4.0,37.1164,-1.472815
-140.278,35.60253,4.0,15.673729999999999,0.4302189
-147.3249,24.18515,4.0,21.4795,0.40858140000000004
-146.9753,6.2341809999999995,4.0,27.18589,0.41973370000000004
-142.4365,-15.54181,4.0,32.74767,0.38141020000000003
-144.042,-40.17572,5.0,30.705040000000004,-0.8485069
-158.8914,-53.3806,5.0,28.46412,0.2000484
-168.0692,-66.54347,5.0,18.25988,0.03771893
-156.4419,-69.76491,5.0,16.93469,0.3694335
-140.5834,-72.88573000000001,5.0,25.10266,0.43080150000000006
-121.2504,-79.98308,5.0,30.49356,0.165527
-107.9424,-98.97543,5.0,33.74686,0.17217620000000003
-113.6897,-122.9897,5.0,32.57689,-0.2958888
-131.9454,-132.9868,5.0,25.56991,-0.7121199
-142.6242,-120.89,5.0,25.27015,0.423558
-152.4489,-103.3215,5.0,28.96348,-0.6706753000000001
-165.7303,-104.7002,5.0,15.20979,0.4700911
-164.9838,-117.3277,5.0,20.283720000000002,0.9345110999999999
-167.6019,-135.7108,5.0,32.12703,0.6699199
-168.3653,-166.1488,5.0,46.2145,0.19904460000000002
-164.2439,-202.3081,5.0,51.032990000000005,-0.8834389000000001
-164.0153,-229.8776,5.0,22.39799,-0.46483159999999996
-162.4215,-244.2698,5.0,16.81072,-0.41596769999999994
-156.5905,-253.9799,5.0,17.63653,0.45742780000000005
-141.4176,-259.9888,5.0,26.70631,0.5914005
-127.4171,-243.5074,5.0,36.13746,0.7338376
-126.7722,-214.0629,5.0,39.91967,-0.7017678
-128.2563,-193.1361,5.0,19.77582,-0.4506465
-121.2687,-183.1941,5.0,17.4678,0.7296911
-106.2804,-186.00599999999997,5.0,24.36305,-0.008221582
-102.5975,-205.2302,5.0,31.74845,0.856032
-104.6203,-231.2117,5.0,37.238479999999996,0.01976785
-104.4051,-256.7417,5.0,30.663320000000002,-0.3094913
-89.01826,-270.9891,5.0,31.54413,0.28752859999999997
-64.72634000000001,-268.7821,5.0,35.37137,0.18279120000000001
-50.33234,-247.5739,5.0,37.45337,0.322251
-46.457209999999996,-218.0962,5.0,42.33988,0.34186500000000003
-37.07477,-186.7201,5.0,46.11991,0.06287351
-12.78218,-162.5022,5.0,39.06889,-1.962623
-0.4776062,-154.4959,5.0,12.61679,-0.1713817
5.707174,-149.9194,5.0,8.314494,-0.2791268
9.73357,-145.9713,5.0,9.457006,0.2619064
13.22605,-137.366,5.0,15.93544,0.4419274
8.464989,-124.4193,5.0,21.84945,0.21271410000000002
-2.191822,-109.5071,5.0,27.611890000000002,0.3870763
-9.115447999999999,-88.15935999999999,5.0,32.973459999999996,0.1850661
-10.09925,-61.990030000000004,5.0,37.92307,0.3419099
-4.65602,-32.55138,5.0,42.78598,0.3456509
-1.343525,0.2826608,5.0,42.396440000000005,-1.439782
-5.599692,22.322979999999998,5.0,13.029869999999999,-1.438619
-9.199278,30.20145,5.0,15.56507,0.232771
-18.68921,39.96304,5.0,21.57166,0.44427520000000004
-35.86473,45.04552,5.0,27.18194,0.4263918
-58.061119999999995,45.126709999999996,5.0,32.73648,0.2036208
-84.32674,44.13241,5.0,38.01595,0.1737115
-114.0089,41.60998,5.0,39.41972,-0.7154276999999999
-135.6713,38.61614,5.0,18.37145,0.2340309
-146.101,26.65002,5.0,24.788120000000003,0.19358050000000002
-147.2788,6.540501,5.0,30.012620000000002,0.38795799999999997
-142.3179,-17.17514,5.0,35.285940000000004,0.1702487
-143.8741,-39.48642,6.0,17.62944,-2.1457349999999997
-148.571,-48.85427,6.0,18.45945,0.49126970000000003
-160.2109,-55.52606,6.0,15.83516,-0.4073091
-166.2655,-62.766130000000004,6.0,14.362770000000001,0.714743
-157.3175,-72.61017,6.0,23.4221,0.6847594
-134.9126,-72.74234,6.0,36.36568,0.2740303
-111.3538,-89.90092,6.0,40.37008,-0.6612751
-114.4087,-113.0154,6.0,20.04835,-2.095286
-117.8599,-121.8458,6.0,13.193270000000002,0.9736961999999999
-124.837,-132.6998,6.0,17.01602,-0.08659198
-138.423,-131.6719,6.0,22.24932,0.3471263
-145.1281,-115.1854,6.0,27.8268,-0.5449843000000001
-149.891,-104.5798,6.0,7.32614,-0.1354576
-156.1725,-100.9506,6.0,14.07349,0.3214818
-165.6918,-105.5186,6.0,16.42408,0.2688072
-167.5327,-121.6167,6.0,28.66532,0.9838831
-168.8981,-147.8312,6.0,41.441959999999995,0.8581982
-167.5314,-182.5387,6.0,52.02317,0.347516
-163.7827,-221.8106,6.0,49.51719,-0.4286695
-160.2186,-252.4537,6.0,33.233940000000004,-0.7189097
-142.7599,-257.7856,6.0,21.689,-0.4971209
-130.0793,-250.1396,6.0,23.55406,0.7827721
-125.0242,-231.543,6.0,28.877879999999998,0.1935951
-127.3739,-208.3426,6.0,34.184290000000004,0.1899616
-126.5297,-185.6197,6.0,19.09765,-2.331268
-114.0603,-182.8829,6.0,21.11211,0.17780829999999997
-103.7818,-195.7844,6.0,25.64471,0.1924635
-103.1418,-216.7474,6.0,31.076390000000004,0.2030756
-105.7989,-241.6232,6.0,36.38588,0.36615349999999997
-98.4755,-267.9693,6.0,37.59202,-0.2005804
-74.73988,-270.7968,6.0,29.48009,-0.30321509999999996
-56.73546999999999,-264.8295,6.0,22.001079999999998,-0.3655691
-48.70409,-248.572,6.0,29.09396,0.39653940000000004
-45.13536,-225.1772,6.0,34.56138,0.39306399999999997
-41.85158,-197.8828,6.0,39.5535,0.2993462
-25.4626,-173.5612,6.0,41.96163,0.1675389
-3.850932,-157.5628,6.0,22.61342,-2.170712
4.764774,-150.9997,6.0,12.08579,-0.006294197
11.0012,-144.0091,6.0,14.275260000000001,0.3405555
11.8729,-130.8805,6.0,22.4796,0.3037006
-0.8734871,-114.5814,6.0,34.85474,1.000853
-9.127676,-85.15399000000001,6.0,48.40956,0.9069200999999999
-7.6935270000000004,-44.8424,6.0,59.879709999999996,0.3506808
-1.244667,-0.7239701,6.0,56.299730000000004,-0.82385
-6.987135,24.59072,6.0,21.541999999999998,-0.2293665
-15.770220000000002,38.29031,6.0,25.428179999999998,0.6746643
-37.35439,45.09579,6.0,37.14306,0.48903789999999997
-70.4761,44.46478,6.0,52.082390000000004,0.49984120000000004
-111.6814,42.056129999999996,6.0,44.49716,-2.307502
-128.1693,39.14982,6.0,13.264970000000002,-0.17723239999999998
-139.3043,36.20326,6.0,22.02983,0.6846515999999999
-147.6113,21.33626,6.0,26.425459999999998,0.3752652
-145.6914,-0.1403947,6.0,31.925159999999998,0.1978257
-141.0602,-25.36105,6.0,36.76328,0.1848345
-142.1464,-37.401309999999995,7.0,10.375910000000001,0.4997045
-145.6856,-46.79908,7.0,16.77894,0.21525229999999998
-158.2332,-53.75187,7.0,22.57945,0.36294829999999995
-168.3112,-65.68337,7.0,18.72081,-0.5847834
-162.5848,-75.63968,7.0,16.339370000000002,0.19709200000000002
-149.6055,-75.68290999999999,7.0,19.91681,0.14764639999999998
-134.7651,-73.25820999999999,7.0,21.584889999999998,0.1165009
-118.5516,-80.09234000000001,7.0,28.5066,0.3334632
-108.1201,-99.66408,7.0,32.47707,0.27269
-116.0239,-122.8826,7.0,35.53915,0.20570210000000003
-140.1045,-131.0644,7.0,31.95468,-1.543331
-146.4431,-119.7513,7.0,12.13225,-0.8109163
-142.9857,-112.1151,7.0,16.3631,0.9532076999999999
-150.4164,-102.4816,7.0,16.56619,0.01527257
-163.2837,-105.0405,7.0,21.36598,0.0126227
-166.1749,-119.3263,7.0,20.6408,0.4262603
-166.9212,-137.5737,7.0,30.18195,1.074676
-169.5631,-165.0801,7.0,44.087579999999996,0.44741590000000003
-170.0413,-202.2717,7.0,55.794259999999994,0.2791544
-166.787,-239.1262,7.0,39.96417,-2.626985
-151.4471,-254.1193,7.0,25.10851,-0.4863317
-134.9372,-252.3892,7.0,22.59401,0.1284537
-125.7493,-238.2787,7.0,28.68838,0.42452049999999997
-126.073,-214.6355,7.0,34.61586,0.4010238
-125.1747,-187.5321,7.0,33.37021,-2.671764
-115.0032,-180.2505,7.0,14.145179999999998,0.721137
-109.5891,-192.2621,7.0,21.84916,0.22099850000000001
-108.8337,-210.6834,7.0,27.7987,0.20838470000000003
-108.52600000000001,-233.363,7.0,33.38991,0.40434440000000005
-101.9844,-258.4988,7.0,37.32775,0.1936412
-78.34573,-272.8611,7.0,39.34563,0.03475749
-53.832930000000005,-260.1583,7.0,39.357459999999996,0.02465242
-49.20017,-230.8385,7.0,42.57629,0.1565491
-40.85277,-199.563,7.0,45.365190000000005,0.16152339999999998
-17.27484,-173.4717,7.0,49.695,0.31320770000000003
5.5594410000000005,-144.3851,7.0,42.081509999999994,-1.2428350000000001
7.299263000000001,-123.6318,7.0,23.8827,0.8880130999999999
-4.393133,-105.9164,7.0,32.53288,0.6257640999999999
-4.162953,-76.72034000000001,7.0,48.43739,1.259272
-0.5104187,-34.84975,7.0,64.65514,1.032608
-2.490952,13.7101,7.0,59.91891,-0.7425709
-15.58885,41.16059,7.0,30.15434,-0.5902206
-39.67479,40.72574,7.0,38.642790000000005,0.3703264
-70.19015999999999,40.40759,7.0,43.5472,0.34717729999999997
-104.1539,41.02455,7.0,48.14761,0.3404796
-139.0736,37.466409999999996,7.0,38.47332,-3.095375
-146.8517,18.65268,7.0,29.69241,0.409328
-145.1742,-5.337479,7.0,35.08945,0.3766837
-145.9803,-33.20708,7.0,40.17287,0.347124
-160.0343,-56.139419999999994,8.0,34.27028,-1.243267
-167.981,-70.19426999999999,8.0,22.90007,0.3720512
-152.1812,-78.90459,8.0,28.50627,0.3505567
-129.4238,-78.32484000000001,8.0,32.58136,0.08894908
-112.5007,-96.04659000000001,8.0,35.540890000000005,0.19629860000000002
-115.837,-121.8893,8.0,37.1624,0.08731511
-139.6569,-131.5761,8.0,30.08137,-1.9988139999999999
-146.3846,-127.2545,8.0,2.610166,0.20930479999999999
-142.7484,-123.5678,8.0,10.74728,0.22961020000000004
-143.0295,-113.5866,8.0,17.04381,0.4234637
-153.1846,-103.2736,8.0,22.5484,0.28595570000000003
-167.1025,-109.5534,8.0,24.16714,0.24719639999999998
-166.6095,-129.1134,8.0,29.32167,0.1963756
-169.4897,-152.5884,8.0,34.57767,0.18950079999999997
-170.6361,-179.8837,8.0,39.43542,0.36825959999999996
-169.0056,-210.9814,8.0,44.24504,0.177616
-165.0468,-244.6283,8.0,44.201570000000004,-1.015664
-142.3402,-256.1155,8.0,30.901090000000003,-0.9397916
-128.2186,-241.054,8.0,30.90328,0.2398896
-127.3553,-216.6247,8.0,35.72955,0.3895829
-125.3912,-188.8132,8.0,36.81712,-1.070327
-113.1123,-180.1252,8.0,14.6766,-0.4447041
-107.3625,-191.5272,8.0,21.04051,0.4282235
-106.6554,-209.3266,8.0,27.043809999999997,0.4224802
-105.9007,-231.5245,8.0,32.664390000000004,0.3944375
-101.4801,-256.8807,8.0,36.99776,0.1701179
-79.51957,-272.7395,8.0,38.58556,-0.01168199
-54.46601,-261.38599999999997,8.0,39.48067,0.01740247
-47.0388,-232.8922,8.0,42.38303,0.35851500000000003
-41.88675,-200.5636,8.0,45.56323,-0.101253
-18.67134,-175.3499,8.0,48.48572,0.3288087
4.367394,-146.4729,8.0,47.76427,-1.303698
5.421259,-119.3298,8.0,33.36761,0.41537690000000005
-7.046682000000001,-94.99693,8.0,38.98976,0.03176209
-2.329639,-64.94876,8.0,43.41829,0.33679840000000005
-1.325602,-31.04247,8.0,47.96417,0.32391179999999997
-2.014179,6.0983540000000005,8.0,52.29183,0.2898349
-12.62218,38.60772,8.0,35.89114,-0.8808050999999999
-26.27287,41.702040000000004,8.0,5.00673,-0.5604489
-28.368920000000003,37.374340000000004,8.0,10.18673,0.4557736
-36.8686,40.8759,8.0,16.50664,0.4557755
-46.9388,48.614909999999995,8.0,11.02025,-1.475039
-48.02195,48.58679,8.0,0.02394839,-0.008327385
-48.3265,47.48932,8.0,3.981747,0.1052049
-47.748540000000006,43.9577,8.0,5.017597,-0.06677095
-47.87719,43.859429999999996,8.0,5.136011,0.3390991
-54.47679,46.40788,8.0,14.11771,0.6467980999999999
-67.98277,45.02892,8.0,22.515810000000002,0.2857955
-87.52501,42.53051,8.0,30.455340000000003,0.27743190000000006
-112.7852,43.52709,8.0,37.752959999999995,0.25094279999999997
-139.7243,36.72647,8.0,38.71758,-0.13889189999999998
-143.9795,8.190857000000001,8.0,43.66233,0.7119515999999999
-147.0098,-26.512079999999997,8.0,47.02409,-0.6727866
-142.1022,-35.00439,9.0,2.536694,-0.05443178
-143.5095,-40.34375,9.0,13.06339,0.6005134
-148.6503,-48.91291,9.0,12.32395,-0.2008809
-156.8423,-52.99666,9.0,14.45881,-0.20916279999999998
-165.2938,-57.13377,9.0,11.3566,-0.2264335
-166.4204,-65.06473000000001,9.0,14.99015,1.025874
-155.6707,-73.47574,9.0,19.07336,-0.362682
-142.955,-72.81512,9.0,15.45539,-0.23125810000000002
-129.5145,-74.91466,9.0,24.86414,0.2399387
-114.0074,-85.45902,9.0,26.046529999999997,0.04964330000000001
-107.2172,-103.1884,9.0,24.571170000000002,-0.3828698
-108.8757,-115.397,9.0,11.86405,-0.17033299999999998
-112.5384,-124.2633,9.0,18.8752,1.2308139999999999
-123.9028,-134.225,9.0,19.34692,-0.3495993
-136.3788,-133.4045,9.0,15.600270000000002,-0.10685630000000002
-144.6416,-122.8712,9.0,23.541539999999998,0.5640626999999999
-150.9266,-104.4469,9.0,22.36007,-0.7341319000000001
-160.9262,-99.82941,9.0,13.148,-0.31891390000000003
-166.4884,-109.1033,9.0,21.43254,1.1070389999999999
-168.5074,-130.34,9.0,35.78241,0.9744003000000001
-169.0305,-160.8788,9.0,44.68524,0.3287879
-165.8576,-195.2269,9.0,48.00425,-0.0254922
-163.1688,-227.4925,9.0,38.819309999999994,-0.4527685
-159.7393,-249.67700000000002,9.0,25.347939999999998,-0.5073209
-146.8861,-259.8227,9.0,19.97941,-0.3769031
-134.1887,-256.1995,9.0,21.90277,0.9156412
-125.3518,-236.61599999999999,9.0,35.27874,0.5419349
-127.3078,-209.7934,9.0,32.98872,-1.87865
-128.6043,-193.1021,9.0,15.37565,-0.2382926
-124.8462,-183.6849,9.0,14.02602,0.31766279999999997
-112.2418,-182.5773,9.0,18.62677,-0.3111179
-103.7597,-190.7105,9.0,14.96355,0.21476839999999997
-102.5962,-206.5025,9.0,28.930490000000002,0.9363376
-105.1226,-231.5318,9.0,37.78265,0.4460693
-103.6737,-258.3961,9.0,35.07023,-0.11028519999999999
-85.24293,-272.9157,9.0,32.65697,0.05316811
-62.15749,-267.7728,9.0,32.04417,-0.06794700000000001
-49.78543,-247.4933,9.0,34.47185,0.11139929999999999
-45.53065,-221.2331,9.0,36.86295,0.07285864
-40.65162,-195.1664,9.0,34.17393,-0.3895366
-28.880570000000002,-175.3687,9.0,28.437109999999997,-0.22555770000000003
-13.9045,-163.7477,9.0,23.197979999999998,-0.3378826
-0.6278484999999999,-155.0033,9.0,19.640970000000003,-0.276938
9.804547999999999,-146.0936,9.0,19.8137,0.5628986999999999
11.25362,-129.9269,9.0,25.62119,0.4932986
-1.406709,-113.5933,9.0,29.47805,0.04409419
-9.254215,-93.13761,9.0,30.068790000000003,0.02362389
-11.21469,-70.29943,9.0,32.8597,0.3196357
-8.0261,-44.98871,9.0,35.37757,0.10092489999999998
-3.344268,-18.79084,9.0,36.46215,0.0687959
-2.410462,7.095822,9.0,30.22222,-0.9930853999999999
-6.489811,25.09701,9.0,20.51925,-0.2994393
-15.044670000000002,37.740990000000004,9.0,25.17243,0.5470138000000001
-34.70264,45.20384,9.0,32.14091,0.4751478
-61.07088,43.88974,9.0,39.24094,0.2412422
-92.84693,43.96515,9.0,46.128440000000005,0.4694411
-127.4163,40.37169,9.0,42.23135,-0.7383658000000001
-147.0882,25.79286,9.0,34.3695,-0.08206435
-142.3628,-0.7676698000000001,9.0,39.793459999999996,0.4816478
-143.0878,-30.07521,9.0,30.048029999999997,-3.32652
-146.6884,-43.76386,10.0,17.81804,0.9016578000000002
-156.5112,-53.785140000000006,10.0,17.79046,-0.2714567
-166.3556,-59.919909999999994,10.0,13.79371,-0.3659115
-163.9848,-70.03305999999999,10.0,18.464779999999998,0.24293040000000002
-151.3907,-72.90572,10.0,18.379279999999998,0.09928734
-138.0739,-72.9969,10.0,17.00735,-0.05805682
-122.0452,-78.54804,10.0,27.53117,0.5153141
-108.2127,-95.95600999999999,10.0,33.634,0.3925327
-111.006,-121.4586,10.0,32.389309999999995,-1.271299
-125.0285,-132.9494,10.0,21.64334,-0.3734073
-138.7197,-131.4665,10.0,16.8265,-0.31136479999999994
-145.5006,-118.2849,10.0,24.68079,0.409821
-150.3092,-104.6619,10.0,4.630003,-2.907134
-154.3037,-101.4496,10.0,11.38997,0.5499002
-164.2729,-103.2891,10.0,17.89948,0.2226837
-167.8192,-118.2769,10.0,24.66451,0.5115082000000001
-168.8389,-139.1217,10.0,31.622559999999996,0.29532129999999995
-168.4148,-164.7007,10.0,36.46018,0.22739210000000004
-166.8641,-193.0735,10.0,39.77042,0.13381410000000002
-164.3821,-220.9129,10.0,33.9971,-0.5376287
-162.7158,-243.3869,10.0,26.985840000000003,-0.5266975
-152.7723,-257.13599999999997,10.0,20.409110000000002,0.01289568
-136.5804,-257.97900000000004,10.0,23.83503,-0.01800752
-126.9503,-242.5647,10.0,26.799559999999996,0.2620961
-125.228,-221.8941,10.0,29.829590000000003,0.1188539
-127.6483,-200.8559,10.0,22.19483,-1.641457
-127.6001,-188.3266,10.0,14.38316,-0.33291350000000003
-121.141,-182.1376,10.0,14.091439999999999,0.45682970000000006
-108.94200000000001,-184.03799999999998,10.0,18.3397,-0.1119022
-103.0074,-195.5706,10.0,19.324579999999997,0.08517722
-103.7267,-210.8589,10.0,21.7395,0.005935647
-104.8752,-227.0163,10.0,23.063270000000003,0.7398063
-106.0928,-246.8075,10.0,29.771890000000003,0.07485182
-99.15234,-266.987,10.0,29.1799,0.20767049999999998
-75.9357,-272.0772,10.0,36.90315,0.338045
-52.76616,-258.2589,10.0,37.736,-0.07157242
-47.34555,-228.8055,10.0,43.06100000000001,0.19863599999999998
-41.48053,-198.1698,10.0,38.498020000000004,-0.6651541999999999
-29.09025,-176.1992,10.0,30.26196,-0.5175105
-13.391739999999999,-163.8319,10.0,23.94489,-0.6136791
-3.956151,-157.2596,10.0,14.181560000000001,0.8482309000000001
7.2012339999999995,-148.8815,10.0,19.48638,-0.06533072
13.37525,-135.1273,10.0,25.879920000000002,0.44619090000000006
1.573294,-118.3775,10.0,31.14743,0.22100709999999998
-8.721252999999999,-95.94311,10.0,35.28824,-0.5788761
-10.27725,-72.04839,10.0,32.7327,0.2430493
-7.831995,-45.52802,10.0,39.13981,0.4543312
-3.0197529999999997,-14.61165,10.0,45.10095,0.3979353
-4.177833000000001,20.187279999999998,10.0,47.4423,-0.8193497
-25.12325,42.679759999999995,10.0,43.17664,0.1509625
-58.59433000000001,44.270109999999995,10.0,48.01651,0.1883755
-96.09249,43.35638,10.0,53.2732,0.36839720000000004
-131.9755,38.87193,10.0,39.34975,-1.3331629999999999
-148.9445,19.179489999999998,10.0,36.67908,-0.04481584
-141.6833,-8.570354,10.0,41.28175,0.15716470000000002
-145.1849,-36.63888,11.0,32.9061,0.2240962
-160.5757,-57.11561999999999,11.0,37.50853,0.4334075
-169.0565,-76.65786,11.0,22.69809,-1.206526
-156.7601,-77.23477,11.0,21.63767,0.2494887
-141.5406,-69.67651,11.0,26.36035,0.3266245
-122.5631,-80.35383,11.0,33.01587,0.186495
-109.4009,-98.95233,11.0,32.98646,0.1477318
-114.7029,-123.0642,11.0,30.482440000000004,-0.693127
-131.83100000000002,-132.9845,11.0,28.98633,0.40524440000000006
-144.8218,-116.9356,11.0,32.490840000000006,0.4207628
-148.5954,-102.6578,11.0,10.0212,0.4369693
-160.6369,-101.8723,11.0,22.50164,0.3057986
-166.6663,-118.0498,11.0,27.4505,0.4875974
-166.6805,-140.8034,11.0,34.01031,0.2247002
-168.1222,-168.2348,11.0,40.09655,0.2235532
-165.0609,-200.0285,11.0,46.05258,0.2040536
-162.5845,-234.8093,11.0,43.64055,-1.2726870000000001
-152.3059,-257.2694,11.0,28.25597,0.1382744
-132.0512,-255.5188,11.0,29.618470000000002,0.009619502
-125.4833,-233.003,11.0,34.86541,0.21143240000000002
-127.5407,-205.1945,11.0,37.12762,-0.42209659999999993
-122.4788,-181.8549,11.0,27.627,-1.2955
-107.3309,-186.3626,11.0,24.08792,0.09162138
-107.0868,-206.3873,11.0,30.2471,0.2361633
-106.3834,-230.9569,11.0,36.44617,0.46916090000000005
-103.5775,-259.3754,11.0,41.07365,0.2041229
-79.27778,-272.3625,11.0,39.99438,0.3544638
-52.86666999999999,-259.1383,11.0,41.08967,-0.11199749999999999
-45.56483,-228.1725,11.0,45.74734,0.40497859999999997
-39.05386,-192.9683,11.0,50.67695,0.20331129999999997
-15.472439999999999,-165.7644,11.0,42.68142,-1.4776639999999999
5.654683,-150.5968,11.0,30.54028,-0.2874604
11.87695,-132.8602,11.0,22.502660000000002,-0.46653130000000004
1.947941,-116.9055,11.0,29.029790000000002,0.4869376
-7.7843729999999995,-95.59714,11.0,34.96007,0.4451313
-10.3435,-67.63991999999999,11.0,40.93809,0.2018998
-5.716851999999999,-35.45301,11.0,46.710029999999996,0.21171279999999998
-1.810375,0.8343109000000001,11.0,51.85743,0.32853259999999995
-12.94784,36.59095,11.0,48.16473,-0.3825553
-45.13219,44.702020000000005,11.0,47.58106,0.4047058
-82.26881,41.950590000000005,11.0,52.982409999999994,0.18247879999999997
-122.3171,40.24284,11.0,50.22761,-1.1438409999999999
-148.7164,24.248479999999997,11.0,40.98963,-0.2989152
-144.1785,-5.404823,11.0,43.20712,0.3671212
-144.2009,-37.6988,12.0,39.85289,-1.256153
-159.6498,-53.15149,12.0,28.44156,0.37209390000000003
-167.3502,-68.14433000000001,12.0,23.745060000000002,0.06838724
-150.2779,-71.39474,12.0,27.71272,0.4834343
-128.0507,-74.9012,12.0,33.64948,0.199176
-109.0622,-92.95013,12.0,38.09321,0.11634569999999998
-110.81,-118.6885,12.0,30.04127,-0.8300764000000002
-126.4986,-131.5135,12.0,25.50681,-0.5078729000000001
-142.489,-129.4837,12.0,23.71741,0.2456716
-147.0755,-111.0275,12.0,29.131999999999998,0.3082116
-159.5889,-100.5233,12.0,19.9706,-0.350876
-167.6587,-112.5453,12.0,26.14573,0.5127041
-167.352,-136.9693,12.0,37.075390000000006,0.20320929999999998
-168.2874,-166.4733,12.0,42.812459999999994,0.4561692
-165.9611,-200.4005,12.0,48.56519,0.1990075
-163.6972,-237.4373,12.0,46.3727,-1.463598
-147.2991,-258.57099999999997,12.0,30.3152,-0.5374388000000001
-131.1581,-247.0042,12.0,30.431070000000002,0.01815095
-125.9147,-222.9567,12.0,36.24361,0.40976949999999995
-128.3888,-196.2292,12.0,33.455020000000005,-0.2466916
-116.4736,-179.6892,12.0,28.218420000000002,-0.47618599999999994
-107.1384,-192.8073,12.0,25.503320000000002,0.2168366
-110.444,-213.6526,12.0,31.906209999999998,0.47196400000000005
-108.4241,-239.6715,12.0,38.31692,0.21760929999999998
-97.69669,-267.0334,12.0,40.730140000000006,-0.41638000000000003
-69.28096,-269.6001,12.0,41.69365,0.35822790000000004
-46.01903,-251.7321,12.0,37.584540000000004,-0.5962323
-53.27658,-228.6069,12.0,29.679190000000002,-1.354183
-52.95729,-217.6185,12.0,5.54723,0.01300388
-53.359359999999995,-214.8697,12.0,0.285456,0.6096323
-51.52753,-217.7471,12.0,8.842121,0.5725520000000001
-43.78052,-215.9259,12.0,15.62791,0.6899714
-41.81107,-205.601,12.0,12.4944,-0.10570439999999999
-40.467940000000006,-192.8456,12.0,21.84815,0.5104944
-31.63503,-176.5518,12.0,28.487270000000002,0.47437920000000006
-12.896410000000001,-162.6102,12.0,34.86013,0.22246149999999998
8.35798,-145.875,12.0,37.2088,0.3856805
8.96517,-124.3912,12.0,29.289,0.6707245
-5.780841000000001,-101.2629,12.0,45.0165,1.111397
-10.212530000000001,-64.39333,12.0,53.687259999999995,0.35413249999999996
-3.5550889999999997,-23.37816,12.0,58.53539,0.3317632
-4.336939,18.080560000000002,12.0,44.531890000000004,-5.114445
-17.50441,39.59047,12.0,36.05457,0.2471005
-44.13087,45.290659999999995,12.0,39.94491,0.43946190000000007
-75.82741999999999,44.54922,12.0,45.76742,0.42155070000000006
-111.6438,41.64778,12.0,50.80621,-0.252656
-146.1665,33.40388,12.0,45.9313,-0.6478549
-152.528,14.232489999999999,12.0,11.6613,-1.799373
-152.6756,12.74869,12.0,5.215023,0.44376350000000003
-147.3897,9.069578,12.0,13.16954,0.2725641
-146.2628,-3.4763910000000005,12.0,20.74595,0.5094533
-142.9801,-21.18877,12.0,27.85503,0.5118139
-142.0609,-34.857040000000005,13.0,6.637580000000001,0.6028754
-144.4561,-42.379509999999996,13.0,14.645270000000002,0.5280117
-154.1723,-51.488,13.0,21.8091,0.2728719
-167.0573,-63.103390000000005,13.0,23.15887,-0.6291336
-161.1054,-75.02856,13.0,17.633760000000002,0.08189614
-146.7664,-74.46318000000001,13.0,21.48162,-0.381153
-132.4799,-72.51564,13.0,21.56944,0.2608429
-116.0202,-80.26373000000001,13.0,27.93185,0.20335160000000002
-106.7154,-100.5252,13.0,33.33084,0.3301038
-115.9578,-124.1798,13.0,37.27583,0.1375787
-140.4041,-131.2206,13.0,28.58949,-0.9808581000000001
-144.8793,-122.5378,13.0,6.078912,-0.1016697
-138.3835,-122.3708,13.0,9.988029,-0.3541851
-140.9068,-123.1017,13.0,7.864986,0.2618397
-145.4342,-127.7327,13.0,6.653611,-0.8752303
-145.4824,-128.614,13.0,3.7407690000000002,0.33220040000000006
-143.0493,-123.0373,13.0,12.64905,0.61031
-140.1439,-111.4262,13.0,20.25314,0.5149657999999999
-150.5574,-98.42174,13.0,25.89767,0.18959489999999998
-165.519,-105.0994,13.0,22.14348,0.6712863
-167.5779,-125.53399999999999,13.0,31.72713,0.2455264
-167.5088,-151.5751,13.0,38.56664,0.47630730000000004
-167.9634,-182.7124,13.0,45.02732,0.2173542
-168.0367,-218.3503,13.0,51.09615,0.20653649999999998
-158.1715,-252.1116,13.0,44.22753,-0.3763758
-131.4714,-253.4637,13.0,30.6915,-1.181382
-128.3673,-231.2369,13.0,36.122240000000005,0.8306658000000001
-127.4659,-201.6185,13.0,40.29858,-0.6121661
-123.9118,-184.2347,13.0,14.574079999999999,-0.1538608
-113.0925,-182.2639,13.0,19.902260000000002,0.5918833
-105.1071,-196.4165,13.0,26.14228,0.5242348
-106.4725,-218.2536,13.0,33.17503,0.5225967
-106.5069,-244.9162,13.0,38.993179999999995,0.1795405
-89.24013000000001,-269.336,13.0,42.628609999999995,0.004302686
-59.618230000000004,-266.7952,13.0,42.54632,-0.02322401
-49.11442,-237.8985,13.0,44.95831,0.45252790000000004
-44.95128,-205.0001,13.0,41.2245,0.18123989999999998
-26.750840000000004,-178.4428,13.0,46.609159999999996,0.4467808
-1.27813,-151.7659,13.0,52.470369999999996,0.1149742
8.740416999999999,-119.512,13.0,42.185759999999995,-1.5524790000000002
-7.873038,-100.9125,13.0,28.328390000000002,-0.3960417
-6.807341,-78.45815999999999,13.0,34.50863,0.4908035
-5.554583,-50.4291,13.0,41.16579,0.2197335
-4.504066000000001,-17.58667,13.0,47.472229999999996,0.4177192
-4.96414,19.55398,13.0,50.78962,-1.162285
-22.823710000000002,41.6302,13.0,31.40498,-1.010186
-34.26023,35.18763,13.0,13.388329999999998,0.33229709999999996
-35.11226,32.58745,13.0,0.08163894,0.06292795
-35.1594,32.59355,13.0,0.06175003,-0.0045680370000000005
-34.63875,34.11031,13.0,5.955958,0.1815761
-33.151990000000005,41.05618,13.0,11.04843,-0.6126102
-32.23948,44.792840000000005,13.0,0.2264859,-0.7492261
-33.78952,42.380320000000005,13.0,7.9764610000000005,0.29233400000000004
-42.17725,42.19296,13.0,15.55381,0.5222127000000001
-55.8801,45.277390000000004,13.0,22.45806,0.2381651
-74.89165,43.474140000000006,13.0,29.02791,0.4596501
-98.59409000000001,42.3071,13.0,35.047709999999995,0.44328100000000004
-126.3407,40.76781,13.0,40.116170000000004,0.2785594
-146.8316,22.16854,13.0,38.143190000000004,0.04534966
-146.1753,-7.501200999999999,13.0,42.95265,0.3949487
-145.6651,-40.69593,14.0,44.704679999999996,-0.4517884
-161.3688,-60.198890000000006,14.0,27.62132,-1.1201290000000002
-156.4131,-74.70551999999999,14.0,25.65409,0.2103896
-135.5119,-75.80116,14.0,31.3058,0.3241932
-114.9507,-88.40613,14.0,35.47672,0.2535779
-111.1042,-114.259,14.0,37.93979,0.0764375
-131.936,-131.8463,14.0,36.14011,-0.8023253
-146.3481,-122.6465,14.0,14.93893,-1.136341
-146.1243,-119.68,14.0,1.931071,0.02156606
-147.0013,-118.5914,14.0,1.713393,-0.09282074
-147.8243,-117.8187,14.0,1.738487,0.1132502
-150.3567,-117.2816,14.0,3.944296,7.106057e-05
-149.881,-116.9433,14.0,5.47671,0.6448225000000001
-145.2021,-111.5916,14.0,13.89199,0.5662481
-148.3219,-99.81616,14.0,20.74363,0.49788059999999995
-163.8096,-99.94716,14.0,24.99265,0.2757173
-167.3577,-119.0689,14.0,30.4769,0.5287923000000001
-166.5416,-144.2054,14.0,37.42284,0.4882681
-166.7361,-174.3993,14.0,44.02039,0.21910839999999998
-167.2652,-209.3317,14.0,50.25905,0.3786547
-161.5813,-245.5307,14.0,43.04265,-0.7713114000000001
-143.3316,-254.287,14.0,14.027389999999999,-2.3789700000000003
-141.615,-250.6141,14.0,3.5247599999999997,-0.2909756
-139.6522,-248.4265,14.0,6.964985,0.5707776999999999
-131.9401,-249.8366,14.0,14.672070000000001,0.5983801999999999
-122.8079,-250.7878,14.0,10.83651,-0.33842209999999995
-121.5748,-242.6978,14.0,15.8077,0.23281329999999997
-125.1865,-228.4336,14.0,23.8455,0.5602934
-127.2453,-208.1416,14.0,31.245240000000003,0.2645615
-124.4936,-183.8778,14.0,32.127179999999996,-0.30485650000000003
-107.4769,-182.7745,14.0,22.80323,0.3271914
-106.2686,-205.0981,14.0,40.29295,1.583234
-106.1899,-241.9948,14.0,57.255790000000005,0.0353037
-83.98354,-271.0807,14.0,44.64278,-0.0005880236
-53.360890000000005,-262.4821,14.0,43.8514,-0.17900410000000003
-49.28134,-231.0743,14.0,46.04994,0.1949411
-40.48205,-197.445,14.0,49.927440000000004,0.3597917
-14.5182,-168.6808,14.0,55.23092,0.41268760000000004
9.325191,-136.6777,14.0,45.86322,-2.642475
2.137984,-114.9841,14.0,26.417579999999997,-0.43743590000000004
-5.709855999999999,-95.73871,14.0,31.944259999999996,0.47520680000000004
-4.435225,-69.62653,14.0,38.78622,0.4887003
-2.538693,-38.4578,14.0,45.33398,0.4774746
-2.479577,-2.611379,14.0,51.43055,0.19907
-10.05517,33.526309999999995,14.0,45.24272,-0.2565873
-39.57877,41.93233,14.0,44.73742,0.4796460999999999
-75.04794,40.28305,14.0,50.79835,0.20578760000000001
-114.6759,41.3662,14.0,54.31966,-1.234818
-143.1989,31.33932,14.0,30.42582,-2.099344
-144.58700000000002,21.96167,14.0,2.0375349999999997,0.3456898
-142.0207,24.44331,14.0,4.990246,0.1998198
-141.7078,24.82408,14.0,4.932303,0.2880771
-146.3239,21.43192,14.0,9.478947,-0.1426106
-149.5846,22.056910000000002,14.0,0.7049763000000001,0.2759523
-146.275,19.82471,14.0,9.981933999999999,0.6642306
-141.34799999999998,10.70092,14.0,18.40612,0.5848889
-141.0312,-5.886633,14.0,26.43396,0.2822711
-141.7591,-33.48168,1.0,3.3824959999999997,0.9516087999999999
-141.9689,-38.19627,1.0,9.973042,0.3312623
-145.0826,-48.25369,1.0,18.71471,0.6066693
-158.4668,-58.453990000000005,1.0,26.722609999999996,0.20079029999999998
-158.9807,-75.41373,1.0,25.273529999999997,-0.2840944
-143.3677,-69.71132,1.0,26.40785,-0.05091219
-135.8735,-68.27744,1.0,0.04564,-0.01677572
-135.8543,-68.28013,1.0,0.02565221,-0.000207278
-135.8359,-68.28267,1.0,0.02305507,-0.04027865
-135.871,-68.43945,1.0,2.172942,0.6695371
-135.9344,-71.51131,1.0,4.57669,-0.02926979
-135.7227,-74.632,1.0,3.80881,-0.06843986
-136.901,-76.52589,1.0,0.24268209999999998,-0.32500619999999997
-133.9537,-75.13048,1.0,8.933694000000001,0.6426524
-124.2859,-76.57796,1.0,17.45165,0.4805548
-115.0,-88.71426,1.0,24.86269,0.5457419
-110.2463,-108.9904,1.0,31.587640000000004,0.1975532
-122.8366,-130.1373,1.0,36.31735,0.2369221
-144.6668,-128.1536,1.0,24.77485,-1.047601
-140.9686,-114.2198,1.0,24.13353,0.43674540000000006
-138.4577,-108.7127,1.0,0.02352088,-0.02851492
-138.4585,-108.7303,1.0,0.02451019,0.007219736
-138.6911,-108.6421,1.0,3.051316,0.5045499
-143.5565,-108.70100000000001,1.0,8.099362,-0.08365911
-145.6342,-110.6878,1.0,2.082005,0.3336241
-144.3674,-106.0578,1.0,10.867989999999999,0.5839774
-150.0358,-97.21215,1.0,18.5506,0.5144923
-161.8062,-97.77455,1.0,14.49351,-0.30958779999999997
-166.6699,-109.7939,1.0,25.288520000000002,0.9401896000000001
-170.2999,-132.6234,1.0,36.597190000000005,0.2016721
-163.0362,-160.3193,1.0,37.8635,-0.3947255
-166.8017,-184.9465,1.0,30.28905,-0.22845460000000004
-167.3801,-211.2331,1.0,40.64962,-0.18323599999999998
-165.5096,-238.7111,1.0,33.20805,-0.3855943
-150.6314,-251.0047,1.0,25.96385,0.4697802
-129.555,-246.4841,1.0,32.13089,0.6138161
-123.9424,-230.0508,1.0,23.17304,0.48566040000000005
-129.8584,-215.1586,1.0,22.629379999999998,0.45226980000000006
-122.8555,-201.8915,1.0,17.88166,-0.32596759999999997
-124.7196,-189.3115,1.0,15.37287,-0.4059255
-115.0643,-184.2486,1.0,19.86001,0.35550329999999997
-110.5393,-195.0528,1.0,14.76234,-0.24804009999999999
-110.0261,-205.7221,1.0,16.62097,0.608734
-108.7178,-220.94799999999998,1.0,24.55856,0.5778919
-106.3097,-241.7617,1.0,31.9293,0.24802510000000003
-95.01066999999999,-264.4901,1.0,37.34203,0.2739379
-68.28461999999999,-269.9161,1.0,39.47886,0.0403676
-52.11724,-247.2951,1.0,40.01518,0.3169539
-47.85722,-216.1013,1.0,45.22817,0.38911809999999997
-28.70368,-186.4515,1.0,50.590540000000004,0.4221287
-3.171092,-156.1826,1.0,56.24041999999999,0.1854835
12.00571,-118.9449,1.0,44.83283,-3.817391
10.230960000000001,-104.464,1.0,1.7368580000000002,-0.9803934000000001
9.747023,-104.2361,1.0,0.02443501,0.11693219999999999
11.37486,-105.3114,1.0,5.850887999999999,0.4014328
16.61264,-107.3034,1.0,7.436289,-0.8291448
18.30227,-106.9888,1.0,2.3999490000000003,0.6325582
13.57811,-108.6699,1.0,11.03664,0.6158706
3.683292,-111.8287,1.0,16.54374,0.1600296
0.33035,-99.4292,1.0,22.23219,0.6059764
-1.5139340000000001,-81.02593,1.0,28.866979999999998,0.5135562
-5.429555000000001,-57.57761,1.0,35.53865,0.48465859999999994
-6.271172,-28.83482,1.0,42.04777,0.2287422
-6.357296,4.627342,1.0,48.1749,0.2476268
-11.45968,37.76768,1.0,36.73402,-2.077449
-23.38279,43.08958,1.0,13.967579999999998,0.5677295
-34.78533,37.70388,1.0,21.11188,0.5415666
-53.0185,39.84388,1.0,28.3457,0.4985622
-76.61706,39.52831,1.0,35.31883,0.5073599
-105.2141,40.05315,1.0,41.855959999999996,0.1956123
-136.1993,38.810759999999995,1.0,35.74232,-1.479108
-143.5014,25.20291,1.0,11.85467,-0.8050479
-137.7512,24.27979,1.0,0.27625520000000003,-0.4364923
-137.7518,24.23217,1.0,0.05469604,-0.02648317
-137.9807,24.2852,1.0,2.609294,0.3456293
-142.6351,24.42643,1.0,9.299951,0.1680806
-149.7386,24.96111,1.0,6.432336,-0.7865386999999999
-150.8789,25.29675,1.0,2.892659,0.6143875
-147.5368,21.53655,1.0,11.000110000000001,0.5313365
-149.7377,11.38734,1.0,18.10986,0.5342308000000001
-150.3648,-3.4651199999999998,1.0,23.999760000000002,0.2551205
-146.4597,-23.29919,1.0,30.566290000000002,0.4562602
-150.3172,-46.62778,2.0,32.58827,-0.39490840000000005
-166.9599,-62.14682,2.0,29.08134,-0.7911723
-158.0868,-72.69754,2.0,12.647730000000001,-0.7914545000000001
-155.7239,-68.52717,2.0,0.10541030000000001,0.1559956
-155.6853,-68.52802,2.0,0.03895684,-0.01648574
-155.9933,-69.69161,2.0,4.736286,0.184275
-156.4645,-73.41795,2.0,4.844326000000001,-0.02411772
-156.87,-74.97661,2.0,2.418577,0.3505482
-152.2713,-72.74566999999999,2.0,11.700280000000001,0.6379685
-142.3122,-78.19255,2.0,19.9477,0.5969749
-128.688,-82.98763000000001,2.0,17.926289999999998,-0.2847171
-116.9562,-90.62099,2.0,25.78925,1.4044379999999999
-111.291,-111.242,2.0,30.91051,0.02409754
-126.1031,-129.1353,2.0,32.81612,-0.07069135
-144.6418,-125.2558,2.0,20.6931,-0.08565308
-139.3488,-111.2163,2.0,22.912979999999997,-0.6996886999999999
-147.0337,-101.5842,2.0,20.45303,0.3910349
-160.29399999999998,-106.3756,2.0,17.39413,-0.5265509
-161.6044,-118.637,2.0,17.22619,0.2895355
-165.0188,-133.1679,2.0,24.31239,0.5596838000000001
-165.2689,-154.0794,2.0,32.141009999999994,0.5611906999999999
-165.5356,-180.7312,2.0,39.52494,0.5111045999999999
-165.97,-212.5823,2.0,46.45527,0.47698599999999997
-162.299,-244.4439,2.0,27.9542,-1.355972
-147.4962,-251.9803,2.0,26.173679999999997,0.2736072
-127.37700000000001,-246.8465,2.0,29.05995,-0.45792040000000006
-128.16899999999998,-228.2846,2.0,28.51701,0.7680863
-126.1029,-203.7368,2.0,36.89747,0.5937925999999999
-122.7827,-184.8128,2.0,10.643369999999999,-0.13753020000000002
-113.8103,-185.8777,2.0,16.3616,0.26096929999999996
-110.3503,-199.9853,2.0,24.01553,0.3059564
-108.4572,-220.657,2.0,31.92288,0.5539935
-103.8194,-246.6517,2.0,39.141459999999995,0.4143626
-85.38445,-269.6382,2.0,41.44337,-0.27340679999999995
-57.63351,-261.8363,2.0,41.98656,0.221383
-49.31556,-232.9575,2.0,44.0998,0.22627229999999998
-42.680659999999996,-199.5019,2.0,48.5919,0.09974092
-17.45725,-171.2142,2.0,54.32101,0.4360959
6.907615,-138.9646,2.0,44.00597,-3.9057779999999998
4.74664,-121.8286,2.0,19.43776,0.3139563
-5.32184,-108.1896,2.0,26.817359999999997,0.4830932
-6.719442,-85.69633,2.0,34.27848,0.5423213000000001
-6.774653,-57.61554,2.0,41.49665,0.2535304
-7.021853999999999,-24.29135,2.0,48.30413,0.23547359999999998
-7.3532589999999995,13.87695,2.0,54.701130000000006,0.4533596
-17.74677,43.81776,2.0,28.86448,-2.325655
-25.976960000000002,45.63665,2.0,2.128885,0.6722755
-26.789920000000002,41.14541,2.0,10.89293,0.5967372
-37.05803,41.8082,2.0,18.95496,0.307091
-52.88771,46.51579,2.0,26.23524,0.5334072
-74.86836,42.91752,2.0,33.87553,0.2600048
-102.7181,41.42239,2.0,41.11575,0.26396420000000004
-135.3483,38.03998,2.0,46.03313,-0.3158539
-150.5637,21.588639999999998,2.0,16.64532,-1.301208
-148.3802,19.374570000000002,2.0,5.928989,0.335964
-143.3204,15.004389999999999,2.0,14.29907,0.5891987
-148.3408,2.889841,2.0,22.214560000000002,0.5319687
-148.5024,-14.41975,2.0,27.974990000000002,0.5553548
-141.9897,-34.336079999999995,3.0,9.346531,1.049682
-144.17700000000002,-42.58672,3.0,11.43167,-0.0285555
-151.0571,-50.914629999999995,3.0,17.666220000000003,-0.2959954
-162.0773,-54.528830000000006,3.0,14.017529999999999,-0.2661542
-166.5349,-61.41741999999999,3.0,10.3788,-0.1481257
-163.0339,-68.69547,3.0,14.60224,0.6066176999999999
-150.433,-72.15607,3.0,22.21095,0.3082384
-131.5395,-74.96735,3.0,29.944209999999998,1.054209
-114.8066,-86.18916999999999,3.0,24.67269,-0.37369159999999996
-107.82700000000001,-103.0773,3.0,29.403509999999997,-0.5043041
-112.0503,-121.9874,3.0,23.617720000000002,-0.3962303
-123.9531,-132.1642,3.0,22.37791,0.5412458
-140.1447,-130.2202,3.0,22.866970000000002,0.6965781999999999
-146.8121,-110.3156,3.0,29.30957,-0.8678520000000001
-160.0169,-103.8215,3.0,16.983810000000002,0.21054970000000003
-166.9234,-116.4451,3.0,24.12664,0.6116335999999999
-169.3377,-137.1109,3.0,31.965329999999998,0.27553259999999996
-168.513,-163.3999,3.0,39.13745,0.2555925
-166.9162,-194.9416,3.0,45.94558,0.21417579999999997
-163.9653,-230.8255,3.0,49.23478,-0.48528859999999996
-153.0726,-257.9313,3.0,32.27754,-1.190291
-134.8627,-252.5485,3.0,28.57463,0.5309541
-124.8932,-231.9954,3.0,33.69791,0.2612392
-128.3141,-205.6608,3.0,35.45298,-0.2257774
-123.0905,-182.2897,3.0,27.567659999999997,-1.214856
-109.0274,-182.8783,3.0,20.65737,-0.01348335
-109.4757,-200.1602,3.0,26.86543,0.49084350000000004
-104.5869,-221.7608,3.0,31.1478,-0.22798020000000002
-106.2087,-242.9386,3.0,28.16194,0.6645438
-98.927,-266.534,3.0,36.79457,0.05177603
-73.28697,-269.2645,3.0,38.537279999999996,0.9575037000000001
-58.94641,-268.1649,3.0,10.6154,-0.992625
-56.223209999999995,-266.7084,3.0,1.4354790000000002,0.6508248000000001
-57.20896,-267.3934,3.0,0.1736282,-0.29035859999999997
-55.70596,-265.8999,3.0,5.920472,0.2848414
-51.81773,-262.3635,3.0,7.973507000000001,0.04073437
-48.1689,-263.7113,3.0,0.6458014,-0.6429967
-49.52494,-261.0292,3.0,8.445272000000001,0.6065928
-49.26869,-251.9172,3.0,16.57678,0.5706101
-45.59989,-237.196,3.0,24.29338,0.5577087
-43.06142,-216.6295,3.0,31.51055,0.5067542
-38.73101,-191.2786,3.0,37.23019,0.08319153
-19.14185,-169.6822,3.0,42.98133,0.3558673
-1.788282,-153.9696,3.0,23.31413,-0.1922149
9.551381,-143.6418,3.0,18.3,-0.18575970000000003
11.451239999999999,-132.2927,3.0,13.891110000000001,-0.2636881
5.3550379999999995,-120.9882,3.0,21.33326,0.5570807
-4.361065,-105.4325,3.0,28.472540000000002,0.2612531
-10.08893,-82.45435,3.0,35.210609999999996,0.4734974
-9.166502000000001,-54.053259999999995,3.0,41.61591,0.45191309999999996
-4.3739930000000005,-21.29774,3.0,45.26229,-0.6532380999999999
-3.7793629999999996,6.713311999999999,3.0,23.8074,-1.1529129999999999
-4.79913,14.708060000000001,3.0,3.4763019999999996,-0.05216404
-5.912735,20.45722,3.0,12.44643,0.31152379999999996
-10.067680000000001,31.94397,3.0,20.494329999999998,0.5251094000000001
-24.01919,42.437870000000004,3.0,27.564009999999996,0.5250566999999999
-46.3873,44.65939,3.0,34.03674,0.24629949999999998
-74.17184,44.32796,3.0,40.83166,0.2383402
-106.7466,42.10755,3.0,47.22355,0.25650239999999996
-138.5839,37.07253,3.0,39.28355,-0.05615987
-149.4345,16.14601,3.0,32.36672,0.16386489999999998
-144.3337,-8.24874,3.0,36.819179999999996,0.24223229999999998
-144.0693,-37.76565,4.0,41.6435,-0.3078009
-155.1024,-54.1167,4.0,18.47128,-0.307261
-167.6974,-58.533390000000004,4.0,18.78096,-0.03452846
-160.30100000000002,-70.82643,4.0,24.2375,0.44443409999999994
-140.3106,-72.81841,4.0,30.61867,0.4147738
-118.5139,-84.06634,4.0,36.32828,0.3779276
-108.6629,-109.6203,4.0,37.978609999999996,-0.5625514
-124.6245,-131.3842,4.0,36.5504,-0.4289843
-144.8051,-123.3643,4.0,29.81602,-0.3205427
-146.84,-101.8581,4.0,26.300620000000002,-1.152935
-159.275,-100.6523,4.0,20.10615,0.55653
-167.1938,-115.5433,4.0,26.87339,0.5333425
-170.2859,-137.9832,4.0,34.12818,0.4804902
-168.6967,-165.6368,4.0,40.742709999999995,0.4823807
-165.8546,-198.0947,4.0,47.1892,0.4573505
-163.2,-234.226,4.0,45.10269,-1.621417
-155.7042,-253.3268,4.0,19.62443,-0.3335611
-141.3946,-258.243,4.0,24.03368,0.1897138
-129.0326,-246.1619,4.0,28.02055,0.6011414
-125.3415,-223.1786,4.0,34.492259999999995,0.21624829999999998
-128.5485,-195.6957,4.0,39.63755,0.07263207
-111.7448,-176.7109,4.0,32.54566,-0.8520665999999999
-99.63919,-189.0469,4.0,22.849079999999997,-0.26052620000000004
-113.3283,-197.3684,4.0,23.503629999999998,-0.38770609999999994
-114.555,-201.5545,4.0,0.01306521,0.01515856
-114.5412,-201.5548,4.0,0.5430146,0.5773684
-111.9175,-201.55,4.0,6.112945,0.261706
-109.6891,-198.3795,4.0,2.073009,-0.3012125
-109.5513,-199.7122,4.0,5.511621,0.5309036
-108.2946,-206.2859,4.0,12.50564,0.49587429999999993
-106.0885,-217.8239,4.0,19.04089,0.4565219
-105.3552,-234.1433,4.0,25.09337,0.4154531
-104.3413,-254.6257,4.0,30.22884,0.2908865
-88.46443000000001,-271.0767,4.0,33.13278,0.09007169
-63.478519999999996,-267.8721,4.0,36.61627,0.24773720000000002
-49.282340000000005,-245.9591,4.0,37.4248,0.3192717
-47.70747,-216.6032,4.0,41.846990000000005,0.2829977
-35.483259999999994,-186.4816,4.0,45.69123,0.1482795
-10.63349,-162.9695,4.0,45.0247,-1.9358400000000002
6.023576,-147.5235,4.0,21.41571,-0.44744229999999996
12.7781,-136.1947,4.0,16.354020000000002,0.7992269000000001
5.77687,-121.7556,4.0,25.679660000000002,0.4045683
-5.3959980000000005,-104.1649,4.0,30.883770000000002,0.1847113
-10.33045,-79.82353,4.0,36.03382,0.1839168
-8.923701,-51.40565,4.0,40.87746,0.1688078
-3.156097,-19.84211,4.0,45.599070000000005,0.346744
-3.816229,15.03974,4.0,48.50254,-0.2393828
-15.039179999999998,36.994479999999996,4.0,28.70485,0.3339618
-36.56543,43.8723,4.0,33.25747,0.3545455
-63.09555,43.22357,4.0,38.42768,0.38016079999999997
-93.41666,42.72851,4.0,43.30314,0.3463722
-124.62700000000001,39.49358,4.0,36.99673,-0.7364941999999999
-140.3711,35.54017,4.0,15.746229999999999,0.4481835
-147.3607,24.02629,4.0,21.513,0.1832304
-146.9406,6.032857,4.0,27.254759999999997,0.41293159999999995
-142.3983,-15.78145,4.0,32.81006,0.37579009999999996
-144.1297,-40.38799,5.0,30.569879999999998,-0.8067021
-159.0887,-53.455380000000005,5.0,28.53025,0.3907845
-168.0036,-66.66173,5.0,18.26499,0.03135381
-156.3165,-69.77805,5.0,17.06863,0.7848805
-140.4,-72.92754000000001,5.0,25.13734,0.2116598
-121.0539,-80.10558,5.0,30.55054,0.3312948
-107.9084,-99.21896,5.0,33.77602,0.17952620000000002
-113.8119,-123.2031,5.0,32.526309999999995,-0.2981247
-132.1344,-132.9624,5.0,25.51265,-0.35055
-142.6628,-120.7041,5.0,25.30407,0.20540070000000002
-152.6213,-103.1815,5.0,28.91136,-0.3103092
-165.7386,-104.8141,5.0,15.25557,0.27659759999999994
-165.0108,-117.4793,5.0,20.36378,0.4815491
-167.6148,-135.9493,5.0,32.35539,1.357897
-168.3308,-166.4833,5.0,46.289390000000004,0.4499067
-164.2392,-202.6899,5.0,50.890879999999996,-0.822858
-164.0037,-230.0469,5.0,22.32023,-0.4589601
-162.3905,-244.3936,5.0,16.77569,-0.21005549999999998
-156.4951,-254.0677,5.0,17.79383,0.9449379000000001
-141.2231,-259.9513,5.0,26.802570000000003,0.5734636
-127.3348,-243.2373,5.0,36.27192,0.7662306
-126.8142,-213.7644,5.0,39.862140000000004,-0.35141290000000003
-128.2276,-192.9956,5.0,19.73819,-0.23183179999999998
-121.1509,-183.1432,5.0,17.528229999999997,0.3734562
-106.1599,-186.1404,5.0,24.36356,0.0031436159999999997
-102.6068,-205.4653,5.0,31.81677,0.4199848
-104.6503,-231.4796,5.0,37.24626,0.04737427
-104.34700000000001,-256.9608,5.0,30.562340000000003,-0.5983243
-88.79269000000001,-271.0505,5.0,31.590909999999997,0.26631540000000004
-64.49121,-268.6693,5.0,35.3996,0.1714455
-50.2781,-247.2919,5.0,37.47919,0.15360179999999998
-46.407270000000004,-217.7794,5.0,42.3662,0.1579016
-36.898590000000006,-186.4194,5.0,46.144040000000004,0.14139849999999998
-12.54363,-162.334,5.0,38.40487,-3.8726300000000005
-0.398252,-154.4431,5.0,12.55994,-0.3308036
5.753664,-149.8806,5.0,8.267282000000002,-0.2875101
9.779505,-145.9162,5.0,9.542124000000001,0.4968815
13.22966,-137.2471,5.0,16.00839,0.4429389
8.365436,-124.2827,5.0,21.92138,0.40858990000000006
-2.282572,-109.331,5.0,27.67809,0.4134884
-9.160639,-87.91592,5.0,33.037440000000004,0.3815539
-10.065760000000001,-61.70459,5.0,37.98068,0.3394208
-4.602645,-32.240629999999996,5.0,42.84261,0.3513562
-1.349127,0.5893292,5.0,42.27668,-0.7306319
-5.633394,22.41299,5.0,12.5456,-2.8312049999999997
-9.254453999999999,30.297940000000004,5.0,15.64385,0.4843545999999999
-18.82976,40.04253,5.0,21.64392,0.4280874
-36.0656,45.06075,5.0,27.215429999999998,0.20543320000000004
-58.30385,45.12202,5.0,32.80494,0.4091157
-84.59973000000001,44.12027,5.0,38.07973,0.3977746
-114.3054,41.57763,5.0,39.16502,-1.467223
-135.8039,38.56366,5.0,18.50984,0.7804995
-146.1639,26.46847,5.0,24.85352,0.37336840000000004
-147.2362,6.317711,5.0,30.04338,0.1842185
-142.2878,-17.44276,5.0,35.34646,0.35159159999999995
-143.9126,-39.60719,6.0,17.45823,-1.072149
-148.6551,-48.964729999999996,6.0,18.60969,0.8811674999999999
-160.3193,-55.5706,6.0,15.80214,-0.2031457
-166.2668,-62.87153000000001,6.0,14.422,0.3638507
-157.1455,-72.64562,6.0,23.479879999999998,0.34761790000000004
-134.6514,-72.82903,6.0,36.46165,0.5623676
-111.2075,-90.16807,6.0,40.255829999999996,-0.6773633000000001
-114.4806,-113.141,6.0,19.68844,-2.2053689999999997
-117.8909,-121.9389,6.0,13.280529999999999,0.5403478
-124.9518,-132.7659,6.0,17.003320000000002,-0.07371684
-138.5548,-131.5783,6.0,22.277279999999998,0.17479909999999999
-145.1509,-114.9745,6.0,27.780720000000002,-0.2803638
-149.93,-104.5454,6.0,7.280864,-0.28062059999999994
-156.2761,-100.9214,6.0,14.178970000000001,0.6192466999999999
-165.7386,-105.6313,6.0,16.51497,0.5347291000000001
-167.5417,-121.8216,6.0,28.833059999999996,1.052318
-168.8909,-148.1455,6.0,41.5085,0.39777340000000005
-167.4944,-182.9209,6.0,52.14354,0.7161125
-163.7647,-222.1763,6.0,49.37701,-0.8196033000000001
-160.0828,-252.6475,6.0,32.98645,-1.489866
-142.5938,-257.7537,6.0,21.605929999999997,-0.4659695
-129.9827,-249.997,6.0,23.6033,0.309769
-125.01299999999999,-231.3354,6.0,28.944979999999997,0.40479380000000004
-127.4207,-208.0935,6.0,34.24941,0.3859439
-126.4497,-185.5074,6.0,18.90469,-1.199126
-113.9042,-182.9375,6.0,21.17053,0.3253252
-103.7354,-195.9734,6.0,25.710179999999998,0.3798982
-103.1649,-216.9832,6.0,31.14525,0.3968998
-105.8094,-241.9005,6.0,36.44644,0.3548966
-98.26401,-268.1593,6.0,37.52361,-0.4035488
-74.52887,-270.745,6.0,29.383779999999998,-0.5679408
-56.60275,-264.7352,6.0,21.954420000000002,-0.275363
-48.66468,-248.3636,6.0,29.125970000000002,0.201027
-45.102579999999996,-224.9171,6.0,34.62471,0.3742109
-41.78872,-197.5966,6.0,39.57673,0.14211479999999999
-25.21286,-173.3799,6.0,42.02162,0.3620176
-3.7124269999999995,-157.457,6.0,22.25388,-2.094735
4.833475,-150.9424,6.0,12.08475,-0.006410771
11.051730000000001,-143.9162,6.0,14.30313,0.1705092
11.81433,-130.7242,6.0,22.58275,0.617762
-1.0182790000000002,-114.3632,6.0,34.93549,0.5000372000000001
-9.160974000000001,-84.80193,6.0,48.48242,0.45517749999999996
-7.623652000000001,-44.40766,6.0,59.90145,0.13408710000000001
-1.267189,-0.3087689,6.0,55.99685,-1.8226419999999999
-7.0444070000000005,24.73375,6.0,21.46471,-0.4737593
-15.916379999999998,38.4095,6.0,25.53801,0.6684368
-37.636520000000004,45.11572,6.0,37.31684,1.011075
-70.91042,44.44238,6.0,52.25504,0.9103118
-112.008,42.01209,6.0,43.71249,-4.613718
-128.2656,39.13114,6.0,13.20685,-0.3441232
-139.4556,36.13149,6.0,22.144379999999998,0.6869909000000001
-147.6206,21.14592,6.0,26.45632,0.19521970000000002
-145.6475,-0.3729593,6.0,31.99147,0.3827733
-141.062,-25.63356,6.0,36.7771,0.08457139
-142.155,-37.47716,7.0,10.4164,0.2495113
-145.7666,-46.89765,7.0,16.851470000000003,0.4216719
-158.3934,-53.813190000000006,7.0,22.63976,0.3615615
-168.3185,-65.82200999999999,7.0,18.62557,-0.5757431
-162.4796,-75.69379,7.0,16.35555,0.1014406
-149.4645,-75.63753,7.0,19.96623,0.2948308
-134.6137,-73.27156,7.0,21.62801,0.2693992
-118.4028,-80.23071,7.0,28.565790000000003,0.3703209
-108.1035,-99.8959,7.0,32.5244,0.2969271
-116.2171,-123.0784,7.0,35.5547,0.0910122
-140.3312,-130.9885,7.0,31.706059999999997,-1.4582110000000001
-146.3845,-119.686,7.0,12.069289999999999,-0.39593229999999996
-143.0005,-111.9974,7.0,16.443839999999998,0.5091812
-150.5306,-102.4286,7.0,16.5726,0.03672899
-163.3857,-105.1654,7.0,21.367420000000003,0.00856136
-166.1644,-119.4808,7.0,20.67531,0.21125820000000003
-166.9509,-137.79399999999998,7.0,30.26959,0.5414786
-169.57299999999998,-165.4128,7.0,44.245090000000005,0.9165226999999999
-170.0445,-202.6762,7.0,55.89374,0.6038916
-166.7055,-239.4011,7.0,39.51858,-2.748204
-151.2595,-254.1484,7.0,25.07057,-0.22592849999999998
-134.7838,-252.3222,7.0,22.603620000000003,0.05886035
-125.7412,-238.0702,7.0,28.829590000000003,0.8481139999999999
-126.0755,-214.3651,7.0,34.68206,0.37923190000000007
-125.1056,-187.2957,7.0,32.9234,-2.72057
-114.9106,-180.2951,7.0,14.2039,0.371475
-109.5758,-192.4219,7.0,21.924039999999998,0.4488424
-108.8318,-210.8887,7.0,27.868959999999998,0.41338459999999994
-108.5226,-233.61599999999999,7.0,33.45425,0.38013779999999997
-101.8234,-258.7354,7.0,37.35942,0.18412
-78.05527,-272.8846,7.0,39.34815,0.01545557
-53.69165,-259.9131,7.0,39.358670000000004,0.007693791
-49.184459999999994,-230.532,7.0,42.633559999999996,0.3509044
-40.66343,-199.2944,7.0,45.393840000000004,0.1735624
-17.03193,-173.2069,7.0,49.74731,0.32321550000000004
5.6997599999999995,-144.1075,7.0,41.66928,-2.4199490000000003
7.2168470000000005,-123.4748,7.0,24.02909,0.8877594999999999
-4.4626019999999995,-105.6855,7.0,32.58347,0.31116059999999995
-4.11449,-76.37796,7.0,48.54352,0.6780244000000001
-0.5068246,-34.386959999999995,7.0,64.7366,0.5172134
-2.523797,14.16825,7.0,59.66359,-1.4671040000000002
-15.79749,41.23805,7.0,29.9629,-1.135429
-39.96484,40.72002,7.0,38.703109999999995,0.36219309999999993
-70.51064000000001,40.4068,7.0,43.6048,0.3503575
-104.5048,41.03845,7.0,48.17242,0.1548619
-139.3147,37.33396,7.0,38.21655,-1.64503
-146.8188,18.43062,7.0,29.760240000000003,0.4074164
-145.1703,-5.597501,7.0,35.152590000000004,0.38319440000000005
-146.0074,-33.51239,8.0,40.19811,0.1169548
-160.246,-56.26193000000001,8.0,34.17631,-0.6040618000000001
-167.9304,-70.35775,8.0,23.024060000000002,0.7336269
-151.966,-78.88713,8.0,28.53489,0.1716686
-129.1995,-78.4082,8.0,32.5971,0.09537494
-112.4131,-96.29561,8.0,35.55603,0.09287141
-116.0107,-122.1103,8.0,37.17589,0.07954926
-139.8711,-131.5187,8.0,29.74615,-2.0632639999999998
-146.3672,-127.2451,8.0,2.640445,0.1844581
-142.7131,-123.499,8.0,10.8284,0.5008096
-143.0841,-113.4694,8.0,17.115270000000002,0.41926679999999994
-153.3359,-103.2123,8.0,22.571579999999997,0.1463671
-167.1552,-109.7248,8.0,24.18506,0.1108058
-166.5992,-129.3357,8.0,29.38665,0.3782455
-169.5355,-152.8423,8.0,34.64201,0.3803241
-170.6102,-180.175,8.0,39.49562,0.3627517
-169.0,-211.317,8.0,44.305659999999996,0.3520949
-164.9041,-244.9293,8.0,44.02527,-1.046583
-142.118,-256.0428,8.0,30.825259999999997,-0.4535396
-128.1544,-240.8327,8.0,30.939909999999998,0.2182291
-127.3599,-216.3473,8.0,35.7606,0.1840806
-125.304,-188.5509,8.0,36.72483,-0.5578963
-113.0133,-180.1723,8.0,14.64037,-0.22030879999999997
-107.3501,-191.6769,8.0,21.114060000000002,0.46126320000000004
-106.6516,-209.5307,8.0,27.077509999999997,0.20362170000000002
-105.8953,-231.7665,8.0,32.72967,0.3938104
-101.3549,-257.1254,8.0,37.01048,0.07731961
-79.23026,-272.7754,8.0,38.58335,-0.01332507
-54.28515,-261.1554,8.0,39.48793,0.04271347
-47.018390000000004,-232.5714,8.0,42.44236,0.3522615
-41.73258,-200.2555,8.0,45.54433,-0.1130674
-18.42408,-175.0924,8.0,48.50982,0.1484781
4.531675,-146.1755,8.0,47.64853,-0.7437512
5.286925,-119.116,8.0,33.44705,0.4715496
-7.030158999999999,-94.71200999999999,8.0,39.0061,0.09821267
-2.300491,-64.6203,8.0,43.47419,0.3280916
-1.330853,-30.68194,8.0,48.01737,0.31556100000000004
-2.030093,6.481414,8.0,52.313829999999996,0.13840739999999999
-12.833789999999999,38.7841,8.0,35.59818,-1.661459
-26.2877,41.668009999999995,8.0,4.846483999999999,-0.9269681000000001
-28.43967,37.3418,8.0,10.26163,0.4405889
-36.94965,40.971090000000004,8.0,16.58475,0.4633311
-47.01853,48.638529999999996,8.0,10.89886,-0.7261162
-48.02176,48.5868,8.0,0.03023782,0.03887908
-48.33314,47.459379999999996,8.0,4.013667,0.1808892
-47.72738,43.92722,8.0,4.994144,-0.1420309
-47.90862,43.88341,8.0,5.250614,0.6634473000000001
-54.582919999999994,46.41333,8.0,14.16906,0.31053990000000004
-68.15335,45.01701,8.0,22.615129999999997,0.5816061
-87.74947,42.50858,8.0,30.54856,0.5551693
-113.0626,43.56514,8.0,37.8398,0.5111141
-139.9068,36.50544,8.0,38.69477,-0.1345731
-143.9887,7.855432,8.0,43.77193,0.6394365
-147.0167,-26.860059999999997,8.0,46.96885,-0.3396263
-142.1053,-35.02303,9.0,2.532036,-0.029228399999999998
-143.5402,-40.43079,9.0,13.1157,0.34583579999999997
-148.7175,-48.97767,9.0,12.30696,-0.1005183
-156.9422,-53.02312,9.0,14.44125,-0.11054739999999999
-165.3455,-57.2,9.0,11.31925,-0.2249785
-166.3856,-65.16939,9.0,15.07391,0.5180800999999999
-155.5321,-73.49738,9.0,19.04419,-0.17888959999999998
-142.8407,-72.8102,9.0,15.416879999999999,-0.2316929
-129.3399,-74.97375,9.0,24.90654,0.2546606
-113.8896,-85.60716,9.0,26.05001,0.02185806
-107.2073,-103.3644,9.0,24.53855,-0.20750639999999998
-108.9003,-115.4783,9.0,11.84918,-0.09673034
-112.6077,-124.3865,9.0,18.97656,0.6295789
-124.0399,-134.2692,9.0,19.31849,-0.17478629999999998
-136.4802,-133.3543,9.0,15.58174,-0.11335230000000002
-144.7002,-122.7128,9.0,23.58809,0.29371220000000003
-151.0149,-104.3032,9.0,22.10729,-1.473702
-161.0121,-99.86655,9.0,13.09296,-0.33651929999999997
-166.5234,-109.2625,9.0,21.52443,0.5118896
-168.5181,-130.6109,9.0,35.85783,0.4498103
-169.021,-161.2108,9.0,44.71001,0.151917
-165.8257,-195.5668,9.0,47.93042,-0.4429334
-163.1541,-227.7701,9.0,38.664559999999994,-0.9546450000000001
-159.6453,-249.8393,9.0,25.26389,-0.5027589
-146.7462,-259.8643,9.0,19.9162,-0.382194
-134.0722,-256.0862,9.0,21.97689,0.4429139
-125.3139,-236.3529,9.0,35.36311,0.4964314
-127.3466,-209.5607,9.0,32.81792,-1.111284
-128.5924,-192.9889,9.0,15.35656,-0.11553669999999999
-124.7639,-183.6203,9.0,14.135639999999999,0.6427785
-112.1117,-182.6225,9.0,18.5748,-0.3130996
-103.7238,-190.8132,9.0,15.00244,0.2386951
-102.6074,-206.7224,9.0,29.00705,0.45466080000000003
-105.1596,-231.8072,9.0,37.81734,0.2137058
-103.5845,-258.6309,9.0,35.03474,-0.2200532
-85.00299,-272.9435,9.0,32.67934,0.1358017
-61.954609999999995,-267.6406,9.0,32.02489,-0.1123893
-49.73423,-247.2408,9.0,34.48028,0.05304992
-45.489329999999995,-220.9631,9.0,36.891490000000005,0.16986700000000002
-40.58487,-194.9308,9.0,34.10608,-0.4233634
-28.729940000000003,-175.2218,9.0,28.366429999999998,-0.4091687
-13.75981,-163.6498,9.0,23.143629999999998,-0.3195626
-0.5063038,-154.9221,9.0,19.59429,-0.2807013
9.88413,-145.9761,9.0,19.86197,0.3053587
11.17717,-129.7499,9.0,25.6596,0.22761620000000002
-1.535777,-113.4149,9.0,29.49558,0.10461110000000001
-9.29942,-92.91633,9.0,30.0794,0.06210476
-11.20325,-70.0589,9.0,32.91131,0.3125188
-7.9811119999999995,-44.73055,9.0,35.39125,0.08205520000000001
-3.3053769999999996,-18.52361,9.0,36.46656,0.02695561
-2.442764,7.3133,9.0,30.137959999999996,-0.5426003
-6.540187,25.23798,9.0,20.44418,-0.4508543
-15.1841,37.85796,9.0,25.25969,0.5355029
-34.9403,45.21897,9.0,32.17883,0.23447729999999997
-61.35258,43.88681,9.0,39.32758,0.5403746
-93.20503000000001,43.94486,9.0,46.165409999999994,0.21682759999999998
-127.71700000000001,40.33266,9.0,41.97651,-1.55515
-147.1363,25.54598,9.0,34.363170000000004,-0.03948701
-142.3137,-1.064599,9.0,39.86919,0.44826590000000005
-143.114,-30.282770000000003,9.0,29.766959999999997,-1.8212669999999997
-146.7437,-43.88065,10.0,17.89433,0.48903329999999995
-156.631,-53.83886999999999,10.0,17.76831,-0.13646
-166.4039,-60.00969,10.0,13.733889999999999,-0.35627459999999994
-163.8889,-70.13314,10.0,18.50358,0.2312723
-151.2602,-72.89090999999999,10.0,18.39837,0.11962919999999999
-137.9468,-73.01683,10.0,17.00796,0.0036282790000000003
-121.8695,-78.64978,10.0,27.61825,0.5326506
-108.1473,-96.19658000000001,10.0,33.69876,0.3940396
-111.1135,-121.6742,10.0,32.181979999999996,-1.2515319999999999
-125.1763,-132.9944,10.0,21.611620000000002,-0.2065701
-138.8222,-131.3958,10.0,16.800520000000002,-0.1606338
-145.5349,-118.1121,10.0,24.71329,0.2079883
-150.3311,-104.6353,10.0,4.540047,-0.547196
-154.3772,-101.4124,10.0,11.435780000000001,0.2889215
-164.3628,-103.39200000000001,10.0,17.97062,0.4117465
-167.8295,-118.4531,10.0,24.70662,0.2660635
-168.842,-139.3564,10.0,31.7249,0.6041613
-168.4066,-164.9724,10.0,36.538109999999996,0.4572963
-166.831,-193.3643,10.0,39.78883,0.1134519
-164.3692,-221.1563,10.0,33.90785,-0.5539705
-162.67,-243.578,10.0,26.94217,-0.27551929999999997
-152.6386,-257.2148,10.0,20.413439999999998,0.02556508
-136.4236,-257.885,10.0,23.82915,-0.0338816
-126.8843,-242.3812,10.0,26.8203,0.13055819999999999
-125.259,-221.6739,10.0,29.87074,0.24467550000000002
-127.6603,-200.69,10.0,22.06091,-0.8112075
-127.5763,-188.22099999999998,10.0,14.32744,-0.329943
-121.0435,-182.1185,10.0,14.12906,0.2418452
-108.8229,-184.1032,10.0,18.32977,-0.06016333
-103.0027,-195.7167,10.0,19.35565,0.18409189999999998
-103.7389,-211.0222,10.0,21.74294,0.01979472
-104.8899,-227.1807,10.0,23.18768,0.7847991999999999
-106.0886,-247.0246,10.0,29.78283,0.06693516
-98.99271,-267.1402,10.0,29.19619,0.0983844
-75.65841999999999,-272.0379,10.0,36.95579,0.3123083
-52.6458,-258.0017,10.0,37.73008,-0.036144699999999995
-47.30145,-228.4828,10.0,43.09173,0.1809409
-41.396229999999996,-197.8955,10.0,38.443740000000005,-0.33447209999999994
-28.93362,-176.0392,10.0,30.175079999999998,-0.525947
-13.24315,-163.72799999999998,10.0,23.80491,-0.8231134
-3.872736,-157.2021,10.0,14.25515,0.4670472
7.309652000000001,-148.7814,10.0,19.46535,-0.12289760000000001
13.355379999999998,-134.9393,10.0,25.94827,0.4200521
1.410495,-118.2062,10.0,31.22025,0.4205481
-8.775152,-95.68771,10.0,35.19222,-0.584348
-10.26605,-71.80593,10.0,32.81335,0.47510399999999997
-7.795363,-45.23565,10.0,39.214859999999994,0.45124490000000006
-2.972827,-14.272089999999999,10.0,45.16755,0.3922355
-4.267558999999999,20.5305,10.0,47.37226,-0.42636040000000003
-25.43039,42.77061,10.0,43.23,0.3122531
-58.942980000000006,44.25655,10.0,48.07985,0.3797089
-96.49324,43.3166,10.0,53.334590000000006,0.35925799999999997
-132.2587,38.80552,10.0,39.16276,-1.129491
-148.9344,18.91476,10.0,36.67355,-0.03407955
-141.6487,-8.874323,10.0,41.33782,0.3255269
-145.2614,-36.86701,11.0,32.98482,0.472711
-160.8051,-57.26536,11.0,37.540729999999996,0.2002094
-168.9838,-76.80908000000001,11.0,22.60149,-0.5905597
-156.649,-77.11310999999999,11.0,21.72399,0.5009225
-141.349,-69.71483,11.0,26.430809999999997,0.4212438
-122.3733,-80.5,11.0,32.998020000000004,-0.1056627
-109.3567,-99.19336,11.0,33.03748,0.3009915
-114.8276,-123.2453,11.0,30.2724,-1.276612
-132.0502,-132.9609,11.0,29.017840000000003,0.1885876
-144.821,-116.6949,11.0,32.522940000000006,0.1979715
-148.6568,-102.6122,11.0,10.17453,0.7351401
-160.7867,-101.9551,11.0,22.59882,0.559122
-166.6522,-118.2569,11.0,27.53336,0.5047528
-166.7105,-141.0482,11.0,34.090309999999995,0.4856156
-168.1003,-168.5313,11.0,40.17347,0.45570249999999995
-165.03099999999998,-200.3614,11.0,46.12323,0.4234031
-162.5487,-235.1233,11.0,43.42822,-1.300188
-152.1199,-257.376,11.0,28.305320000000002,0.28765690000000005
-131.9081,-255.3502,11.0,29.6186,0.0007880634
-125.4616,-232.7467,11.0,34.93893,0.4371416
-127.5688,-204.9166,11.0,36.98874,-0.8134294
-122.3172,-181.7299,11.0,27.522190000000002,-0.6486253000000001
-107.2913,-186.5415,11.0,24.12228,0.1983451
-107.0516,-206.609,11.0,30.32712,0.4748169
-106.4115,-231.2174,11.0,36.524359999999994,0.47736990000000007
-103.4442,-259.649,11.0,41.10536,0.1949124
-78.98176,-272.3386,11.0,40.02172,0.16597720000000002
-52.71544,-258.8743,11.0,41.08081,-0.05467362
-45.52207,-227.8276,11.0,45.8154,0.4075614
-38.919959999999996,-192.6253,11.0,50.69166,0.09213321
-15.211879999999999,-165.6013,11.0,42.55684,-0.7902640999999999
5.810161,-150.43200000000002,11.0,30.44718,-0.5513256
11.84408,-132.697,11.0,22.46425,-0.23869120000000002
1.8089080000000002,-116.7413,11.0,29.06871,0.2406355
-7.839026,-95.3391,11.0,34.99621,0.21540920000000002
-10.3293,-67.33475,11.0,41.00845,0.4152675
-5.647392,-35.106390000000005,11.0,46.78017,0.407673
-1.8260869999999998,1.2171290000000001,11.0,51.90867,0.3114748
-13.18648,36.84896,11.0,48.097879999999996,-0.41572440000000005
-45.49009,44.657959999999996,11.0,47.610009999999996,0.1727444
-82.66156,41.93892,11.0,53.04781,0.38588190000000006
-122.6801,40.2042,11.0,50.01292,-1.477967
-148.8216,23.95949,11.0,40.96523,-0.1286011
-144.0976,-5.7141150000000005,11.0,43.23478,0.1679144
-144.2781,-37.98935,12.0,39.7473,-0.6295168000000001
-159.8528,-53.20816,12.0,28.469509999999996,0.17016070000000003
-167.253,-68.29087,12.0,23.74897,0.02441438
-150.0739,-71.37133,12.0,27.750459999999997,0.23095679999999996
-127.8179,-75.00705,12.0,33.71758,0.3951864
-108.9512,-93.20973000000001,12.0,38.1356,0.2595499
-110.9326,-118.865,12.0,29.969340000000003,-0.4739996
-126.6788,-131.5822,12.0,25.42107,-0.5035589
-142.6095,-129.3558,12.0,23.757579999999997,0.241431
-147.1206,-110.8113,12.0,29.18253,0.303465
-159.7347,-100.5442,12.0,19.85568,-0.6855996
-167.6665,-112.7422,12.0,26.31271,0.9757413
-167.3751,-137.2405,12.0,37.14696,0.42583999999999994
-168.2568,-166.7871,12.0,42.88425,0.42964600000000003
-165.9366,-200.7622,12.0,48.63456,0.4080812
-163.6518,-237.7673,12.0,46.12487,-1.55081
-147.076,-258.58799999999997,12.0,30.1381,-1.06322
-131.0672,-246.7938,12.0,30.4324,0.007931543000000001
-125.8846,-222.6926,12.0,36.2767,0.2027513
-128.4184,-195.97799999999998,12.0,33.41176,-0.257763
-116.2655,-179.6878,12.0,28.137390000000003,-0.4896342000000001
-107.1888,-192.9941,12.0,25.57895,0.4428067
-110.4408,-213.8891,12.0,31.984859999999998,0.4771525
-108.3862,-239.953,12.0,38.39245,0.4492738
-97.46525,-267.2258,12.0,40.6946,-0.22131439999999997
-68.98148,-269.5242,12.0,41.75391,0.3736032
-45.95055,-251.4625,12.0,37.53857,-0.2822933
-53.3392,-228.3965,12.0,29.548640000000002,-0.7846666999999999
-52.961130000000004,-217.5779,12.0,5.548223,0.006141115999999999
-53.35856,-214.8718,12.0,0.33661030000000003,0.3139634
-51.47573,-217.7894,12.0,8.933681,0.5401703
-43.722,-215.8243,12.0,15.63529,0.04511224
-41.806979999999996,-205.5095,12.0,12.485339999999999,-0.05638054
-40.42805,-192.6944,12.0,21.89005,0.2657335
-31.4929,-176.398,12.0,28.524890000000003,0.23084090000000002
-12.66565,-162.4795,12.0,34.93911,0.4548672
8.515353999999999,-145.632,12.0,37.314479999999996,0.6204373000000001
8.786147,-124.1225,12.0,29.408340000000003,0.48447399999999996
-5.897917,-100.9638,12.0,45.20895,1.1938959999999998
-10.175410000000001,-63.98734,12.0,53.74584,0.3448087
-3.503878,-22.95525,12.0,58.56143,0.1631624
-4.417523,18.41731,12.0,43.74276,-4.531018
-17.71641,39.759159999999994,12.0,36.07397,0.11703150000000001
-44.42522,45.25885,12.0,40.01818,0.44526049999999995
-76.16908000000001,44.55043,12.0,45.79937,0.1961312
-112.0177,41.6062,12.0,50.78416,-0.135186
-146.4249,33.1931,12.0,45.87642,-0.34210619999999997
-152.5476,14.15032,12.0,11.3661,-1.783225
-152.6365,12.7517,12.0,5.273028,0.346129
-147.3534,8.980583,12.0,13.26193,0.5585759
-146.2485,-3.6260760000000003,12.0,20.78816,0.26568909999999996
-142.9469,-21.395329999999998,12.0,27.894940000000002,0.24082529999999996
-142.0684,-34.90806,13.0,6.738038,0.5770743
-144.5058,-42.47162,13.0,14.690760000000001,0.2899055
-154.3192,-51.56322,13.0,21.89733,0.5127138
-167.0931,-63.275,13.0,23.05084,-0.6258562
-160.9843,-75.08507,13.0,17.64002,0.03733852
-146.6172,-74.41216,13.0,21.45063,-0.191636
-132.3214,-72.538,13.0,21.65455,0.5066499
-115.8722,-80.4087,13.0,28.0,0.40464229999999995
-106.6981,-100.7628,13.0,33.38712,0.3520712
-116.1532,-124.3672,13.0,37.32547,0.30162940000000005
-140.6002,-131.1312,13.0,28.25453,-1.9575069999999999
-144.8343,-122.5309,13.0,6.054061,-0.14535870000000004
-138.3177,-122.337,13.0,9.791874,-1.153924
-140.9606,-123.1192,13.0,7.952571000000001,0.5331570999999999
-145.4427,-127.7806,13.0,6.508205,-0.8779616
-145.4795,-128.58700000000002,13.0,3.8525300000000002,0.6803088
-143.0009,-122.9567,13.0,12.74918,0.6113854999999999
-140.1712,-111.2769,13.0,20.29339,0.2428518
-150.7402,-98.36027,13.0,25.91282,0.09273577
-165.5844,-105.2458,13.0,22.204420000000002,0.3831607
-167.5908,-125.7632,13.0,31.813709999999997,0.5262495
-167.5107,-151.8578,13.0,38.64666,0.4899423
-167.9651,-183.0345,13.0,45.10675,0.48780209999999996
-168.0401,-218.7362,13.0,51.1686,0.42389740000000004
-157.9252,-252.3165,13.0,44.19567,-0.20066610000000001
-131.2905,-253.2899,13.0,30.49786,-1.063715
-128.3777,-230.9786,13.0,36.189,0.4251995
-127.4783,-201.3206,13.0,40.19945,-0.5971488
-123.8352,-184.1636,13.0,14.532720000000001,-0.24995900000000001
-112.95700000000001,-182.3269,13.0,19.98217,0.4737585
-105.0837,-196.6089,13.0,26.1841,0.2573684
-106.5105,-218.4985,13.0,33.21568,0.2473263
-106.4228,-245.2012,13.0,39.05826,0.37877659999999996
-88.96857,-269.4854,13.0,42.63264,0.02446282
-59.3755,-266.5944,13.0,42.54182,-0.02696473
-49.10238,-237.5656,13.0,44.99327,0.21435639999999997
-44.84724,-204.713,13.0,41.28736,0.37435029999999997
-26.50362,-178.1935,13.0,46.682809999999996,0.4354094
-1.029066,-151.4726,13.0,52.48839,0.1088728
8.639306,-119.2206,13.0,41.92221,-1.5994700000000002
-7.958755,-100.7159,13.0,28.2656,-0.3673484
-6.781025,-78.20383000000001,13.0,34.54764,0.24028809999999998
-5.548913,-50.13136,13.0,41.24516,0.48629940000000005
-4.486243,-17.24815,13.0,47.54533,0.466334
-5.036011,19.92276,13.0,50.69089,-0.6247481
-23.06061,41.66645,13.0,31.16905,-1.387411
-34.261829999999996,35.08575,13.0,13.44766,0.3502462
-35.11288,32.58753,13.0,0.07569892,-0.03263353
-35.159890000000004,32.59361,13.0,0.0674966,0.03493164
-34.6273,34.15417,13.0,6.0203,0.3738034
-33.12795,41.130390000000006,13.0,10.8236,-1.400093
-32.23952,44.79437,13.0,0.1843483,-0.2588496
-33.83636,42.344570000000004,13.0,8.075157,0.5890026999999999
-42.28475,42.23085,13.0,15.59697,0.2665052
-56.04963000000001,45.2872,13.0,22.53821,0.4712884
-75.09561,43.44038,13.0,29.06536,0.2344239
-98.85291,42.32821,13.0,35.0822,0.2125153
-126.6144,40.67934,13.0,40.138009999999994,0.1397285
-146.9031,21.88765,13.0,38.162620000000004,0.11249180000000002
-146.1297,-7.819197999999999,13.0,43.01936,0.40474340000000003
-145.735,-41.01247,14.0,44.63695,-0.4302309
-161.4868,-60.35612,14.0,27.52675,-0.6042899
-156.2335,-74.76756,14.0,25.69118,0.22202370000000002
-135.2816,-75.82888,14.0,31.33118,0.157883
-114.7967,-88.61589000000001,14.0,35.4964,0.1224506
-111.2027,-114.5205,14.0,37.96787,0.1671914
-132.2004,-131.8791,14.0,35.87115,-1.6007200000000001
-146.3463,-122.5375,14.0,14.555079999999998,-2.291023
-146.1335,-119.6701,14.0,1.934206,0.02027441
-147.0091,-118.5813,14.0,1.707353,-0.03546101
-147.8353,-117.8113,14.0,1.802425,0.3786585
-150.3852,-117.2882,14.0,3.944288,-4.7637200000000005e-05
-149.8452,-116.9234,14.0,5.58397,0.6493545999999999
-145.1673,-111.4934,14.0,13.9849,0.5527025999999999
-148.4379,-99.71494,14.0,20.7821,0.23563720000000002
-163.9409,-100.0773,14.0,25.03943,0.2862295
-167.3257,-119.2995,14.0,30.51881,0.24902399999999997
-166.5502,-144.4732,14.0,37.46217,0.25112399999999996
-166.7412,-174.732,14.0,44.099470000000004,0.4648488
-167.2615,-209.7041,14.0,50.330420000000004,0.522323
-161.41299999999998,-245.7844,14.0,42.76938,-1.654673
-143.2336,-254.2458,14.0,13.64794,-2.189739
-141.607,-250.5892,14.0,3.4770309999999998,-0.28645290000000007
-139.6059,-248.4033,14.0,7.007163,0.2585766
-131.8458,-249.8857,14.0,14.696010000000001,0.1480235
-122.7437,-250.7375,14.0,10.80865,-0.1678585
-121.6111,-242.5878,14.0,15.843620000000001,0.2200014
-125.2225,-228.2569,14.0,23.890539999999998,0.272289
-127.2605,-207.9102,14.0,31.33362,0.5241812
-124.3512,-183.6991,14.0,32.02747,-0.6096053000000001
-107.3802,-182.9187,14.0,22.913120000000003,0.6338136999999999
-106.2981,-205.4047,14.0,40.54818,1.4830450000000002
-106.1127,-242.40400000000002,14.0,57.255919999999996,0.0007591814999999999
-83.63320999999999,-271.1908,14.0,44.6517,0.04731921
-53.16405,-262.2241,14.0,43.79681,-0.32289509999999993
-49.30669,-230.7476,14.0,46.120940000000004,0.4406737
-40.28918,-197.1365,14.0,49.9565,0.1821909
-14.214889999999999,-168.4032,14.0,55.262730000000005,0.1950814
9.421064,-136.2593,14.0,45.42581,-2.085957
2.008375,-114.8463,14.0,26.380359999999996,-0.23214970000000004
-5.729696,-95.4966,14.0,32.02343,0.4611803
-4.409515,-69.34234000000001,14.0,38.8249,0.23904179999999997
-2.528555,-38.12611,14.0,45.36942,0.21934539999999997
-2.493763,-2.2300590000000002,14.0,51.5029,0.4277193
-10.26803,33.7899,14.0,45.16375,-0.46430820000000006
-39.908970000000004,41.889509999999994,14.0,44.81455,0.463892
-75.41487,40.280590000000004,14.0,50.87388,0.4593206
-115.0806,41.38906,14.0,54.11338000000001,-1.237416
-143.3103,31.158759999999997,14.0,30.24946,-1.12039
-144.5751,21.9719,14.0,2.147783,0.6518103
-141.9944,24.47599,14.0,5.056507,0.3537785
-141.7289,24.793129999999998,14.0,5.028035,0.5709839
-146.3932,21.42282,14.0,9.455167,-0.1443382
-149.5794,22.0542,14.0,0.8471470999999999,0.8253511
-146.2186,19.77455,14.0,10.0891,0.6402268
-141.3231,10.563839999999999,14.0,18.45384,0.28455790000000003
-141.0438,-6.083303,14.0,26.52923,0.5646262
-141.7599,-33.50739,1.0,3.5315540000000003,0.8866004000000001
-141.9734,-38.268,1.0,10.087439999999999,0.707307
-145.1678,-48.366859999999996,1.0,18.81438,0.5970147
-158.6158,-58.57742,1.0,26.79073,0.41449769999999997
-158.8205,-75.51785,1.0,25.22564,-0.2823112
-143.2082,-69.60739000000001,1.0,26.38252,-0.1539704
-135.8732,-68.2774,1.0,0.04149246,-0.02540667
-135.8541,-68.28016,1.0,0.02573965,0.0005350908000000001
-135.8357,-68.28269,1.0,0.02646997,0.02090914
-135.8757,-68.45566,1.0,2.282254,0.6436784999999999
-135.9293,-71.54516,1.0,4.571917,-0.02844066
-135.7281,-74.65984,1.0,3.8031910000000004,-0.03427441
-136.90200000000002,-76.52654,1.0,0.1008758,-0.8606841999999999
-133.888,-75.11649,1.0,9.040678,0.6421463000000001
-124.1724,-76.6289,1.0,17.491529999999997,0.25625729999999997
-114.9208,-88.88417,1.0,24.90764,0.27308590000000005
-110.2712,-109.2293,1.0,31.655690000000003,0.3932291
-123.0649,-130.2796,1.0,36.355470000000004,0.2296587
-144.7791,-128.0144,1.0,24.68758,-0.5461726
-140.8267,-114.0963,1.0,24.16696,0.1945397
-138.4577,-108.7128,1.0,0.02638018,0.01836631
-138.4585,-108.7305,1.0,0.02885333,0.02679049
-138.7125,-108.6329,1.0,3.2116569999999998,0.9687226000000001
-143.6088,-108.7298,1.0,8.092731,-0.04078093
-145.6258,-110.6736,1.0,2.192675,0.6367949
-144.3683,-105.9799,1.0,10.96612,0.6144776
-150.1556,-97.14354,1.0,18.64413,0.5648084
-161.8918,-97.84177,1.0,14.46827,-0.15319839999999998
-166.6791,-109.9765,1.0,25.36606,0.4942384
-170.3274,-132.8971,1.0,36.665209999999995,0.40098959999999995
-163.0158,-160.5982,1.0,37.73442,-0.7634358
-166.8396,-185.1591,1.0,30.211570000000002,-0.4786135
-167.3592,-211.5383,1.0,40.63308,-0.09990835
-165.4502,-238.9548,1.0,33.07763,-0.7515526
-150.4457,-251.0189,1.0,26.04105,0.48232179999999997
-129.259,-246.33599999999998,1.0,32.22048,0.38802909999999996
-124.0571,-229.9221,1.0,23.21322,0.2468008
-129.7731,-215.0142,1.0,22.699460000000002,0.42465410000000003
-122.8645,-201.7651,1.0,17.85461,-0.17389820000000003
-124.6928,-189.2055,1.0,15.33854,-0.22040370000000004
-114.9253,-184.297,1.0,19.89079,0.1854779
-110.5274,-195.1613,1.0,14.72145,-0.2474494
-110.0233,-205.8468,1.0,16.66928,0.2938604
-108.6983,-221.1276,1.0,24.60373,0.27851220000000004
-106.2665,-242.0009,1.0,32.014559999999996,0.49385779999999996
-94.8035,-264.6735,1.0,37.38708,0.2763134
-68.00027,-269.8046,1.0,39.48576,0.03939979
-52.09473,-246.9995,1.0,40.041,0.1599818
-47.72983,-215.7913,1.0,45.25954,0.19324149999999998
-28.462290000000003,-186.1817,1.0,50.62325,0.2087964
-2.921103,-155.8342,1.0,56.306940000000004,0.38609299999999996
11.985439999999999,-118.6152,1.0,44.16296,-4.0655220000000005
10.22076,-104.4563,1.0,1.6613580000000001,-0.4581103
9.747114999999999,-104.2362,1.0,0.02076898,-0.02151759
11.41087,-105.3359,1.0,5.917629,0.4036171
16.66735,-107.2999,1.0,7.3684199999999995,-0.41903609999999997
18.28448,-106.9941,1.0,2.5078169999999997,0.6336997
13.501510000000001,-108.7044,1.0,11.136560000000001,0.5927766
3.568492,-111.7879,1.0,16.57241,0.1731043
0.3651997,-99.26373000000001,1.0,22.33543,0.6013722
-1.588254,-80.81604,1.0,28.952779999999997,0.49954399999999993
-5.442868,-57.31641,1.0,35.57835,0.2468496
-6.281006,-28.5232,1.0,42.12697,0.4631508
-6.362401,4.989264,1.0,48.24785,0.42709620000000004
-11.61997,37.99439,1.0,36.378009999999996,-2.107217
-23.451060000000002,43.014520000000005,1.0,14.01506,0.2990842
-34.94451,37.70389,1.0,21.15425,0.2554362
-53.223659999999995,39.849959999999996,1.0,28.42993,0.5158140999999999
-76.88574,39.52978,1.0,35.35772,0.23294339999999997
-105.5274,40.06557,1.0,41.93465,0.5525647
-136.4507,38.699729999999995,1.0,35.62102,-0.7201008000000001
-143.4433,25.13972,1.0,11.59556,-1.565607
-137.7515,24.27967,1.0,0.19004029999999997,-0.5255115
-137.7518,24.23176,1.0,0.05598895,0.007819093000000001
-137.9988,24.29138,1.0,2.725184,0.7153779
-142.7031,24.416,1.0,9.35567,0.3333236
-149.784,24.97728,1.0,6.369306,-0.3812021
-150.8582,25.28847,1.0,2.994523,0.5968189
-147.5095,21.45755,1.0,11.044880000000001,0.2691211
-149.8063,11.273019999999999,1.0,18.15144,0.2583164
-150.3118,-3.638588,1.0,24.08326,0.48569809999999997
-146.4373,-23.52645,1.0,30.641759999999998,0.4519764
-150.4804,-46.80069,2.0,32.55611,-0.20002799999999998
-166.9881,-62.36433,2.0,29.014490000000002,-0.4019636
-157.9994,-72.66147,2.0,12.40046,-1.400261
-155.7233,-68.52711,2.0,0.11346179999999999,0.04855969
-155.685,-68.52803,2.0,0.04328733,0.02687256
-155.9996,-69.72523000000001,2.0,4.742186,0.037197100000000004
-156.4706,-73.45277,2.0,4.837152,-0.04326909
-156.8596,-74.96184000000001,2.0,2.534711,0.7015855
-152.1834,-72.74122,2.0,11.80355,0.6175705
-142.2,-78.28755,2.0,19.99429,0.28832470000000004
-128.5625,-83.01276,2.0,17.87726,-0.3069559
-116.8329,-90.76994,2.0,25.89743,0.6629794
-111.3588,-111.4659,2.0,30.91225,0.01044292
-126.3329,-129.2264,2.0,32.79573,-0.11872060000000001
-144.7097,-125.1243,2.0,20.73796,0.27572379999999996
-139.29399999999998,-111.056,2.0,22.80857,-0.6349516
-147.1881,-101.5716,2.0,20.53415,0.4785388
-160.34799999999998,-106.4923,2.0,17.30927,-0.5096168
-161.6348,-118.76100000000001,2.0,17.24943,0.1421811
-165.0389,-133.3427,2.0,24.40691,0.5862968000000001
-165.2669,-154.3211,2.0,32.18566,0.27050050000000003
-165.5392,-181.0171,2.0,39.610820000000004,0.5304422
-165.9718,-212.9309,2.0,46.49245,0.22311889999999998
-162.201,-244.6239,2.0,27.505290000000002,-2.662927
-147.3085,-251.9867,2.0,26.269409999999997,0.5866553000000001
-127.249,-246.6801,2.0,28.98087,-0.49593050000000005
-128.1664,-228.0721,2.0,28.58193,0.398807
-126.1228,-203.4639,2.0,36.99406,0.5737158
-122.7144,-184.7761,2.0,10.600769999999999,-0.25846620000000003
-113.7216,-185.9606,2.0,16.44699,0.5031767
-110.3386,-200.1633,2.0,24.11585,0.5902803000000001
-108.4328,-220.8976,2.0,32.01668,0.5563599
-103.73200000000001,-246.9356,2.0,39.21901,0.5273691
-85.10007,-269.7356,2.0,41.4203,-0.1457226
-57.40186,-261.6177,2.0,42.003679999999996,0.1047809
-49.340720000000005,-232.6283,2.0,44.17694,0.45137159999999993
-42.49393,-199.1961,2.0,48.63004,0.2219853
-17.18988,-170.9327,2.0,54.39355,0.38495159999999995
7.033115,-138.6662,2.0,43.357479999999995,-3.9161980000000005
4.636749,-121.7292,2.0,19.53841,0.5815731
-5.375954,-107.9937,2.0,26.898640000000004,0.480371
-6.714483,-85.44556,2.0,34.32197,0.27084600000000003
-6.775411999999999,-57.30234,2.0,41.5824,0.5028529
-7.0275479999999995,-23.93712,2.0,48.385490000000004,0.4872602
-7.354617999999999,14.28222,2.0,54.73672,0.21858249999999999
-17.92359,43.94169,2.0,28.679240000000004,-1.1261700000000001
-25.96969,45.62322,2.0,2.181628,0.3424667
-26.84924,41.09046,2.0,10.94166,0.3000678
-37.179629999999996,41.878659999999996,2.0,19.05823,0.6201711999999999
-53.07923,46.49286,2.0,26.27869,0.2694705
-75.12278,42.88957,2.0,33.966770000000004,0.5337411999999999
-103.0214,41.41873,2.0,41.20478,0.5278183000000001
-135.6732,37.936820000000004,2.0,45.90144,-0.7736561
-150.5567,21.47007,2.0,16.20739,-2.638847
-148.3364,19.38387,2.0,6.038233999999999,0.6390791
-143.304,14.90143,2.0,14.39966,0.6225364000000001
-148.4402,2.7533689999999997,2.0,22.30526,0.5350216999999999
-148.4367,-14.60816,2.0,28.02027,0.2880501
-141.9977,-34.4038,3.0,9.517896,1.001395
-144.2116,-42.664390000000004,3.0,11.426689999999999,-0.03022798
-151.1643,-50.98664,3.0,17.61576,-0.309666
-162.1756,-54.568999999999996,3.0,13.972579999999999,-0.2673576
-166.5268,-61.491719999999994,3.0,10.36617,-0.07979663
-162.9599,-68.77472,3.0,14.70234,0.6080802
-150.2681,-72.13826,3.0,22.3122,0.5947734
-131.3349,-75.04503000000001,3.0,30.175109999999997,1.401987
-114.6843,-86.3294,3.0,24.64165,-0.1891876
-107.8186,-103.3085,3.0,29.323520000000002,-0.45360730000000005
-112.1333,-122.1339,3.0,23.584239999999998,-0.20669029999999997
-124.0993,-132.2271,3.0,22.4686,0.5707161000000001
-140.2579,-130.094,3.0,22.923820000000003,0.3520817
-146.9253,-110.1307,3.0,29.239420000000003,-0.4301695
-160.1376,-103.8666,3.0,17.05418,0.4131375
-166.9501,-116.6237,3.0,24.17445,0.2874649
-169.3642,-137.3521,3.0,32.05903,0.5309111
-168.4761,-163.6947,3.0,39.2244,0.4996133
-166.8929,-195.2802,3.0,46.02332,0.4658968
-163.9686,-231.1913,3.0,49.14522,-0.5422871
-152.8508,-258.0338,3.0,32.08018,-1.162886
-134.7115,-252.4003,3.0,28.61716,0.2665659
-124.9098,-231.7405,3.0,33.71931,0.1295521
-128.2945,-205.3931,3.0,35.38107,-0.416317
-122.962,-182.1315,3.0,27.4659,-0.6248013000000001
-108.9805,-183.0239,3.0,20.65954,0.013202700000000001
-109.4223,-200.3557,3.0,26.905079999999998,0.237348
-104.5882,-221.9892,3.0,31.07103,-0.46218230000000005
-106.2177,-243.1473,3.0,28.29318,0.792193
-98.73201,-266.7242,3.0,36.80125,0.04107804
-73.01536,-269.1791,3.0,38.68438,0.8939918
-58.87263000000001,-268.1436,3.0,10.53203,-0.5231545
-56.23093000000001,-266.7156,3.0,1.5035020000000001,0.42381759999999996
-57.209990000000005,-267.394,3.0,0.1545741,-0.1174603
-55.6791,-265.86400000000003,3.0,5.943544999999999,0.137977
-51.758379999999995,-262.3481,3.0,7.980173,0.03861089
-48.1667,-263.7153,3.0,0.5364435000000001,-0.642809
-49.547940000000004,-260.9693,3.0,8.545789,0.5914081
-49.235409999999995,-251.7961,3.0,16.62435,0.2843248
-45.56581,-237.0189,3.0,24.337229999999998,0.26812670000000005
-43.03389,-216.3948,3.0,31.59528,0.5078923
-38.61105,-191.0248,3.0,37.236270000000005,0.03761759
-18.9173,-169.4562,3.0,42.97225,-0.056278199999999994
-1.648581,-153.8686,3.0,23.25166,-0.36197729999999995
9.626987,-143.5217,3.0,18.23807,-0.3551583
11.43016,-132.1922,3.0,13.847320000000002,-0.26578620000000003
5.2485610000000005,-120.8712,3.0,21.37807,0.2756407
-4.441198,-105.2371,3.0,28.5585,0.506685
-10.11037,-82.19428,3.0,35.28862,0.460549
-9.12877,-53.758630000000004,3.0,41.65177,0.22760149999999998
-4.338247,-20.95646,3.0,45.150009999999995,-0.6738485
-3.794887,6.887116000000001,3.0,23.43721,-2.197726
-4.803486,14.73357,3.0,3.459893,-0.09680010000000001
-5.933066,20.54751,3.0,12.54915,0.6049643
-10.14931,32.07598,3.0,20.58328,0.5206904
-24.20761,42.5168,3.0,27.60543,0.2529517
-46.644870000000004,44.65253,3.0,34.121190000000006,0.49041270000000003
-74.47405,44.310520000000004,3.0,40.9128,0.47919989999999996
-107.0955,42.07571,3.0,47.21529,-0.051329
-138.8466,36.97528,3.0,39.26611,-0.1081729
-149.3496,15.9277,3.0,32.39881,0.19875379999999998
-144.3684,-8.520517,3.0,36.90372,0.501111
-144.0728,-38.07696,4.0,41.53045,-0.6617420999999999
-155.231,-54.13301,4.0,18.41451,-0.4029259
-167.7532,-58.661530000000006,4.0,18.78259,0.009810693
-160.134,-70.90671,4.0,24.3117,0.43311640000000007
-140.0862,-72.85184,4.0,30.686559999999997,0.41231419999999996
-118.32799999999999,-84.26115,4.0,36.39219,0.39814499999999997
-108.72399999999999,-109.8953,4.0,37.90835,-0.41803500000000005
-124.8783,-131.4952,4.0,36.47765,-0.4249446
-144.8654,-123.1534,4.0,29.79103,-0.15382200000000001
-146.9683,-101.7073,4.0,25.8825,-2.436794
-159.3947,-100.7317,4.0,20.18909,0.5202741
-167.2286,-115.7402,4.0,26.96163,0.5417898
-170.3091,-138.2417,4.0,34.20816,0.4740362
-168.6679,-165.9398,4.0,40.82326,0.48427970000000004
-165.8199,-198.44400000000002,4.0,47.22432,0.2145013
-163.188,-234.5482,4.0,44.96775,-0.8445007
-155.5801,-253.4076,4.0,19.5691,-0.3272987
-141.2154,-258.2474,4.0,24.09529,0.3678864
-128.9707,-245.9719,4.0,28.067829999999997,0.3020536
-125.3739,-222.9249,4.0,34.56561,0.43252609999999997
-128.5157,-195.3966,4.0,39.69042,0.3079476
-111.4919,-176.7036,4.0,32.40354,-0.8189503
-99.68585,-189.2095,4.0,22.81868,-0.1859966
-113.4521,-197.4906,4.0,23.465329999999998,-0.2346462
-114.555,-201.5546,4.0,0.01427335,0.007111294000000001
-114.5372,-201.5558,4.0,0.5904298000000001,0.2823355
-111.8745,-201.5329,4.0,6.13357,0.12365250000000001
-109.6879,-198.3643,4.0,1.972489,-0.5843074
-109.546,-199.7529,4.0,5.59851,0.5203325
-108.2748,-206.3788,4.0,12.54617,0.2433449
-106.0674,-217.9635,4.0,19.11673,0.46106709999999995
-105.3684,-234.3235,4.0,25.12784,0.21703670000000003
-104.2706,-254.8299,4.0,30.253220000000002,0.15313310000000002
-88.22874,-271.1452,4.0,33.15273,0.1201183
-63.23581,-267.751,4.0,36.63616,0.12321099999999999
-49.27257,-245.6912,4.0,37.48008,0.33902340000000003
-47.63414,-216.30200000000002,4.0,41.86992,0.14386960000000001
-35.289840000000005,-186.2054,4.0,45.7141,0.13709760000000001
-10.39047,-162.7427,4.0,44.66158,-2.1910130000000003
6.134994,-147.4117,4.0,21.33954,-0.4639076
12.783539999999999,-136.0735,4.0,16.42054,0.4079272
5.654705,-121.6179,4.0,25.74987,0.44035799999999997
-5.470617,-103.9506,4.0,30.94792,0.3822426
-10.34795,-79.5569,4.0,36.09703,0.37446409999999997
-8.870628,-51.09811,4.0,40.93555,0.3397113
-3.105005,-19.49994,4.0,45.65684,0.34259320000000004
-3.9012860000000003,15.388589999999999,4.0,48.45462,-0.2853777
-15.21224,37.12617,4.0,28.758540000000004,0.324376
-36.81733,43.88084,4.0,33.31736,0.3483844
-63.3877,43.22374,4.0,38.45617,0.1650043
-93.73721,42.70613,4.0,43.329570000000004,0.1629158
-124.9034,39.46151,4.0,36.748470000000005,-1.451818
-140.4673,35.47467,4.0,15.781970000000001,0.2235305
-147.3964,23.86296,4.0,21.58225,0.4263159000000001
-146.9064,5.8366169999999995,4.0,27.287959999999998,0.20779250000000002
-142.3607,-16.02163,4.0,32.8396,0.18019860000000001
-144.217,-40.59373,5.0,30.50333,-0.41434
-159.2865,-53.53043,5.0,28.595440000000004,0.39238249999999997
-167.9351,-66.77843,5.0,18.27956,0.08721984
-156.1903,-69.7916,5.0,17.200129999999998,0.8063064999999999
-140.2203,-72.96864000000001,5.0,25.20954,0.42911750000000004
-120.8578,-80.22957,5.0,30.60652,0.33012470000000005
-107.8761,-99.46823,5.0,33.78949,0.08023433
-113.9285,-123.4036,5.0,32.50034,-0.1665362
-132.3257,-132.9354,5.0,25.39469,-0.6670877
-142.7024,-120.5148,5.0,25.37443,0.4015511
-152.7829,-103.0535,5.0,28.801790000000004,-0.6610486999999999
-165.7439,-104.9259,5.0,15.360679999999999,0.6306974
-165.037,-117.6231,5.0,20.53731,1.078216
-167.6276,-136.1892,5.0,32.581520000000005,1.3538860000000001
-168.2937,-166.8266,5.0,46.3619,0.42674140000000005
-164.2351,-203.0623,5.0,50.82065,-0.44535
-163.9926,-230.2066,5.0,22.28173,-0.2442238
-162.3607,-244.5095,5.0,16.70419,-0.44178370000000006
-156.3972,-254.1568,5.0,17.947879999999998,0.9366890999999999
-141.0253,-259.9102,5.0,26.848940000000002,0.28389109999999995
-127.2571,-242.9771,5.0,36.33661,0.39887449999999997
-126.8566,-213.4654,5.0,39.7454,-0.6687723000000001
-128.1975,-192.8519,5.0,19.661820000000002,-0.4589222
-121.0276,-183.0916,5.0,17.65299,0.7224195
-106.0367,-186.2822,5.0,24.363329999999998,-0.0013302129999999998
-102.6161,-205.7013,5.0,31.96208,0.8543884
-104.6811,-231.7559,5.0,37.25108,0.02910029
-104.2873,-257.1788,5.0,30.46088,-0.6104906
-88.56226,-271.1114,5.0,31.612990000000003,0.140888
-64.25752,-268.5543,5.0,35.41203,0.07715049
-50.2285,-247.0284,5.0,37.53561,0.3466692
-46.358990000000006,-217.4763,5.0,42.423970000000004,0.34842
-36.72378,-186.1259,5.0,46.16749,0.14243989999999998
-12.316139999999999,-162.1745,5.0,37.757090000000005,-3.951744
-0.3233989,-154.3931,5.0,12.50332,-0.3531021
5.8005510000000005,-149.8414,5.0,8.243723,-0.1423929
9.825922,-145.8602,5.0,9.625717999999999,0.4887242
13.23225,-137.1292,5.0,16.04433,0.22212220000000002
8.272753,-124.1565,5.0,21.99259,0.446992
-2.375896,-109.1483,5.0,27.70975,0.1950441
-9.205858000000001,-87.66893,5.0,33.10055,0.371528
-10.03342,-61.43561,5.0,38.00792,0.1730791
-4.549405999999999,-31.92776,5.0,42.8688,0.1612284
-1.356249,0.9041742,5.0,42.027609999999996,-1.463778
-5.664486,22.49569,5.0,12.0645,-3.014392
-9.312321,30.398509999999998,5.0,15.6829,0.2403154
-18.96839,40.12027,5.0,21.67911,0.2207428
-36.27172,45.07577,5.0,27.28527,0.4062973
-58.546980000000005,45.1172,5.0,32.8723,0.4105371
-84.88167,44.107620000000004,5.0,38.141890000000004,0.37516550000000004
-114.584,41.547309999999996,5.0,39.040079999999996,-0.7936472
-135.92600000000002,38.51425,5.0,18.68208,1.081404
-146.221,26.30041,5.0,24.9184,0.4036965
-147.1945,6.103447,5.0,30.108190000000004,0.39247709999999997
-142.2606,-17.69214,5.0,35.405559999999994,0.3707251
-143.9522,-39.72922,6.0,17.11134,-2.042929
-148.7395,-49.07377,6.0,18.734360000000002,0.752845
-160.4284,-55.61603,6.0,15.734770000000001,-0.38797909999999997
-166.2665,-62.97883,6.0,14.543610000000001,0.7288665
-156.9701,-72.679,6.0,23.61009,0.7724003
-134.405,-72.91326,6.0,36.5557,0.5608344
-111.0649,-90.43796999999999,6.0,40.19877,-0.33797109999999997
-114.5519,-113.2673,6.0,19.50455,-1.1291950000000002
-117.9228,-122.0347,6.0,13.47192,1.121917
-125.0576,-132.8251,6.0,16.99673,-0.04165865
-138.6891,-131.4805,6.0,22.33728,0.35437090000000004
-145.1728,-114.7766,6.0,27.686090000000004,-0.5641629
-149.9698,-104.5104,6.0,7.235806,-0.27427929999999995
-156.3747,-100.8946,6.0,14.28171,0.6333978
-165.7845,-105.7449,6.0,16.60345,0.5380507
-167.5515,-122.0403,6.0,28.91442,0.485663
-168.8838,-148.4442,6.0,41.652159999999995,0.8818024999999999
-167.4567,-183.3056,6.0,52.25908,0.6965185
-163.7474,-222.5411,6.0,49.238240000000005,-0.8449876000000001
-159.9406,-252.8437,6.0,32.86499,-0.7680874
-142.4404,-257.7233,6.0,21.56486,-0.26535349999999996
-129.8845,-249.8491,6.0,23.682479999999998,0.4623818
-125.0019,-231.118,6.0,29.01097,0.3957357
-127.46799999999999,-207.8398,6.0,34.313320000000004,0.370268
-126.3676,-185.3961,6.0,18.515420000000002,-2.306159
-113.7616,-182.989,6.0,21.22845,0.3704945
-103.6921,-196.1537,6.0,25.74229,0.20039210000000002
-103.18700000000001,-217.2064,6.0,31.21329,0.42007910000000004
-105.819,-242.1725,6.0,36.504509999999996,0.3505632
-98.06036,-268.337,6.0,37.45543,-0.42644799999999994
-74.31775,-270.6931,6.0,29.33633,-0.29512459999999996
-56.46901,-264.6379,6.0,21.93368,-0.12850060000000002
-48.62492,-248.1507,6.0,29.19342,0.39894309999999994
-45.071709999999996,-224.6698,6.0,34.65481,0.18738229999999997
-41.72446,-197.3104,6.0,39.62663,0.29294040000000005
-24.94695,-173.1876,6.0,42.08084,0.3383055
-3.586617,-157.3611,6.0,22.076610000000002,-1.124463
4.9046769999999995,-150.8827,6.0,12.08504,0.0016804110000000001
11.1018,-143.8225,6.0,14.37248,0.4142734
11.75402,-130.56799999999998,6.0,22.683220000000002,0.6036602
-1.1588180000000001,-114.1472,6.0,35.10475,1.014127
-9.193814,-84.44275999999999,6.0,48.6401,0.9433925999999999
-7.547972,-43.94762,6.0,59.94648000000001,0.2546396
-1.2930700000000002,0.1225847,6.0,55.66118,-1.957844
-7.102775,24.878729999999997,6.0,21.388170000000002,-0.4640625
-16.064339999999998,38.527570000000004,6.0,25.5916,0.32826020000000006
-37.902840000000005,45.13363,6.0,37.48923,1.0850090000000001
-71.31384,44.42167,6.0,52.42178,0.9663814000000001
-112.3223,41.969120000000004,6.0,42.94276,-4.679368
-128.3637,39.112109999999994,6.0,13.14892,-0.3437035
-139.5981,36.06222,6.0,22.19801,0.3447605
-147.6294,20.94731,6.0,26.52158,0.3836632
-145.6032,-0.6058391,6.0,32.02363,0.2023151
-141.066,-25.91189,6.0,36.807629999999996,0.17792879999999997
-142.164,-37.55418,7.0,10.50026,0.4957305
-145.8445,-46.99087,7.0,16.9235,0.44982489999999997
-158.5448,-53.872409999999995,7.0,22.668329999999997,0.1799458
-168.3239,-65.96276999999999,7.0,18.57893,-0.279034
-162.3703,-75.74869,7.0,16.39033,0.2045194
-149.3201,-75.59084,7.0,20.01367,0.2774382
-134.4523,-73.2864,7.0,21.66949,0.24707070000000003
-118.2453,-80.37888000000001,7.0,28.59445,0.173618
-108.0877,-100.1419,7.0,32.54694,0.1352678
-116.3977,-123.2581,7.0,35.58899,0.21086020000000003
-140.5493,-130.9112,7.0,31.58282,-0.7793607
-146.3235,-119.6208,7.0,11.93956,-0.7612126
-143.0175,-111.8747,7.0,16.609379999999998,0.9741936
-150.6388,-102.3796,7.0,16.57491,0.01478357
-163.4867,-105.2927,7.0,21.367810000000002,0.002301272
-166.1542,-119.6321,7.0,20.74824,0.4333338
-166.981,-138.017,7.0,30.45317,1.0954190000000001
-169.5821,-165.7351,7.0,44.398179999999996,0.9458964
-170.0475,-203.0903,7.0,55.937419999999996,0.26940970000000003
-166.6193,-239.6828,7.0,39.30056,-1.336358
-151.0802,-254.1747,7.0,24.99493,-0.46126880000000003
-134.6309,-252.25400000000002,7.0,22.62564,0.13127149999999999
-125.7338,-237.8546,7.0,28.96358,0.8064382
-126.0779,-214.11900000000003,7.0,34.71362,0.2048535
-125.0327,-187.058,7.0,32.7002,-1.336978
-114.8161,-180.3426,7.0,14.32935,0.7423097
-109.5627,-192.5841,7.0,21.99825,0.44700500000000004
-108.8298,-211.1064,7.0,27.93828,0.399198
-108.5192,-233.8578,7.0,33.48468,0.1909371
-101.6711,-258.955,7.0,37.37376,0.09162571
-77.76451999999999,-272.9047,7.0,39.355290000000004,0.04262842
-53.54636,-259.655,7.0,39.3636,0.02883295
-49.16751,-230.2126,7.0,42.68945,0.332434
-40.46539,-199.0176,7.0,45.40708,0.08229099
-16.78005,-172.9319,7.0,49.77102,0.14394210000000002
5.839231,-143.827,7.0,41.2664,-2.409377
7.129619,-123.31200000000001,7.0,24.10059,0.42564420000000003
-4.5309,-105.4509,7.0,32.69607,0.6522296999999999
-4.062981,-76.01427,7.0,48.76741,1.3114370000000002
-0.5041611,-33.90527,7.0,64.91614,1.0612700000000002
-2.5553049999999997,14.59149,7.0,59.40226,-1.626435
-16.00629,41.31179,7.0,29.774959999999997,-1.141427
-40.25745,40.71454,7.0,38.73172,0.17128670000000001
-70.83366,40.40611,7.0,43.63156,0.16296370000000002
-104.8615,41.05256,7.0,48.22763,0.31928320000000004
-139.563,37.19336,7.0,37.68475,-3.0356490000000003
-146.7874,18.2196,7.0,29.79259,0.203914
-145.1665,-5.859769,7.0,35.18254,0.1830464
-146.034,-33.80021,8.0,40.25195,0.4619621
-160.4694,-56.39186,8.0,33.98256,-1.121781
-167.8761,-70.52405999999999,8.0,23.14612,0.7140995
-151.762,-78.8694,8.0,28.5958,0.3748401
-128.9742,-78.49521999999999,8.0,32.60455,0.04586886
-112.3256,-96.55121,8.0,35.589490000000005,0.192727
-116.1779,-122.3179,8.0,37.18155,0.03591032
-140.0826,-131.4587,8.0,29.58672,-0.9613166
-146.3501,-127.2358,8.0,2.715418,0.4516684
-142.6777,-123.4285,8.0,10.90813,0.48531840000000004
-143.137,-113.3583,8.0,17.1507,0.2262768
-153.4931,-103.1508,8.0,22.61886,0.2747374
-167.2057,-109.8975,8.0,24.222739999999998,0.2210819
-166.5901,-129.5481,8.0,29.4504,0.3948813
-169.5818,-153.101,8.0,34.7051,0.3723391
-170.5837,-180.4725,8.0,39.52377,0.1703274
-168.9948,-211.6333,8.0,44.3647,0.37142159999999996
-164.7655,-245.2118,8.0,43.93675,-0.5666434
-141.8979,-255.9675,8.0,30.6723,-0.8812183000000001
-128.093,-240.6133,8.0,30.95723,0.10779389999999998
-127.3639,-216.09099999999998,8.0,35.8265,0.40262529999999996
-125.2164,-188.2986,8.0,36.51641,-1.258969
-112.914,-180.2212,8.0,14.614,-0.1535935
-107.3375,-191.8326,8.0,21.14999,0.2220065
-106.6477,-209.7362,8.0,27.14807,0.40594959999999997
-105.8899,-232.00900000000001,8.0,32.76062,0.1894856
-101.2247,-257.3741,8.0,37.03838,0.164053
-78.95456,-272.8063,8.0,38.58084,-0.01525693
-54.107409999999994,-260.92400000000004,8.0,39.49406,0.03713924
-46.9992,-232.2656,8.0,42.469770000000004,0.17142829999999998
-41.58145,-199.96200000000002,8.0,45.53376,-0.06654491
-18.17545,-174.8328,8.0,48.56372,0.31812779999999996
4.699383999999999,-145.8678,8.0,47.40165,-1.4590940000000001
5.149709,-118.9025,8.0,33.534209999999995,0.4584073
-7.010256,-94.41685,8.0,39.02567,0.1151685
-2.273546,-64.31071,8.0,43.50016,0.16525179999999998
-1.335978,-30.331459999999996,8.0,48.04163,0.1509065
-2.046724,6.868724,8.0,52.3638,0.2930115
-13.03046,38.94396,8.0,35.45279,-0.9349039000000001
-26.300340000000002,41.633990000000004,8.0,4.720085,-0.7441087
-28.51107,37.31058,8.0,10.29831,0.2202161
-37.02602,41.06157,8.0,16.62337,0.2467869
-47.08212,48.627140000000004,8.0,8.734732000000001,-13.191889999999999
-48.02152,48.58681,8.0,0.031152,0.005185273
-48.33931,47.43124,8.0,4.150436,0.8653601000000001
-47.70601,43.897090000000006,8.0,4.9811190000000005,-0.07894781
-47.938559999999995,43.90618,8.0,5.364209,0.7176159000000001
-54.69031999999999,46.41811,8.0,14.27396,0.6029899999999999
-68.31464,45.00561,8.0,22.71317,0.616843
-87.97498,42.486979999999996,8.0,30.64013,0.554646
-113.3406,43.60298,8.0,37.92472,0.5152988000000001
-140.0861,36.281940000000006,8.0,38.68277,-0.07522389
-143.9986,7.5431029999999994,8.0,43.8241,0.33083979999999996
-147.0231,-27.22457,8.0,46.85814,-0.6275196
-142.1086,-35.04193,9.0,2.522742,-0.05242782
-143.5741,-40.52592,9.0,13.222270000000002,0.6153316
-148.7811,-49.038129999999995,9.0,12.272780000000001,-0.2092947
-157.0449,-53.0503,9.0,14.40593,-0.21100329999999998
-165.3963,-57.2666,9.0,11.300939999999999,-0.112132
-166.3488,-65.27561999999999,9.0,15.24629,1.027466
-155.3928,-73.51781,9.0,18.986,-0.3481758
-142.7224,-72.80545,9.0,15.397670000000002,-0.11313039999999999
-129.1622,-75.03472,9.0,24.94866,0.2506986
-113.7697,-85.76015,9.0,26.06008,0.0594231
-107.1983,-103.5432,9.0,24.47299,-0.39003740000000003
-108.9258,-115.5622,9.0,11.81937,-0.17679029999999998
-112.6789,-124.5115,9.0,19.18561,1.220798
-124.179,-134.3127,9.0,19.2612,-0.33313000000000004
-136.584,-133.30200000000002,9.0,15.572270000000001,-0.05776743
-144.7603,-122.5484,9.0,23.68495,0.5781821
-151.0984,-104.17,9.0,21.85793,-1.55653
-161.1024,-99.90744000000001,9.0,13.06579,-0.1660683
-166.55599999999998,-109.4136,9.0,21.71507,1.293672
-168.5284,-130.8836,9.0,36.01887,0.9261094000000001
-169.0105,-161.5409,9.0,44.76732,0.3408143
-165.7927,-195.9192,9.0,47.82977,-0.6218803
-163.1391,-228.0607,9.0,38.51226,-0.9020308000000001
-159.5458,-250.0065,9.0,25.22229,-0.2455545
-146.6045,-259.9049,9.0,19.88447,-0.19424629999999998
-133.9544,-255.9697,9.0,22.13121,0.9321188
-125.2789,-236.0977,9.0,35.40309,0.2433737
-127.3862,-209.3226,9.0,32.44644,-2.184387
-128.5799,-192.8725,9.0,15.31825,-0.2225198
-124.6807,-183.5567,9.0,14.245270000000001,0.6648129
-111.9811,-182.669,9.0,18.54891,-0.15908339999999999
-103.6879,-190.9184,9.0,15.02159,0.1181759
-102.6182,-206.9308,9.0,29.16825,0.9931770000000001
-105.1968,-232.085,9.0,37.86564,0.2875503
-103.4889,-258.8768,9.0,34.99729,-0.22271100000000002
-84.7623,-272.9697,9.0,32.70006,0.12484
-61.753280000000004,-267.5072,9.0,32.00411,-0.12223980000000001
-49.6844,-246.9925,9.0,34.51202,0.1893965
-45.4474,-220.6897,9.0,36.90788,0.09836134
-40.513659999999994,-194.6843,9.0,34.07204,-0.2069232
-28.57905,-175.0759,9.0,28.29637,-0.436116
-13.620410000000001,-163.5555,9.0,23.11655,-0.1703136
-0.3875127,-154.8425,9.0,19.57104,-0.1444765
9.967518,-145.8504,9.0,19.96271,0.584565
11.101339999999999,-129.5785,9.0,25.74195,0.5046853
-1.661703,-113.2386,9.0,29.510859999999997,0.09323217
-9.342916,-92.70101,9.0,30.08837,0.05441733
-11.19102,-69.81536,9.0,32.93591,0.1515836
-7.935685,-44.47135,9.0,35.39694,0.03513246
-3.2668,-18.25621,9.0,36.47968,0.07752717
-2.476248,7.53335,9.0,29.964909999999996,-1.0226030000000002
-6.591686,25.38024,9.0,20.39228,-0.3150966
-15.33026,37.9788,9.0,25.301920000000003,0.2587701
-35.1811,45.232859999999995,9.0,32.25885,0.4706589
-61.64403000000001,43.88426,9.0,39.36915,0.2519687
-93.53441,43.92556,9.0,46.246109999999994,0.5000739000000001
-128.0245,40.29156,9.0,41.72596,-1.519015
-147.1814,25.29456,9.0,34.35374,-0.05578033
-142.2681,-1.348216,9.0,39.90478,0.2238069
-143.1416,-30.49902,9.0,29.20245,-3.261542
-146.8018,-44.002140000000004,10.0,18.05171,0.9073841999999999
-156.7512,-53.89204,10.0,17.72414,-0.25747190000000003
-166.4506,-60.099880000000006,10.0,13.70425,-0.1855612
-163.7939,-70.22952,10.0,18.521729999999998,0.11363469999999999
-151.1217,-72.87512,10.0,18.40834,0.05948231
-137.8254,-73.03625,10.0,17.03647,0.17429
-121.6938,-78.75296999999999,10.0,27.660459999999997,0.2618876
-108.0825,-96.44344,10.0,33.729659999999996,0.18506589999999998
-111.2207,-121.8846,10.0,32.07938,-0.6319334
-125.3326,-133.0406,10.0,21.54741,-0.37396599999999997
-138.9249,-131.3234,10.0,16.76285,-0.22116100000000002
-145.5702,-117.9332,10.0,24.7781,0.388671
-150.3523,-104.6099,10.0,4.463158,-0.4568354
-154.4542,-101.3742,10.0,11.52717,0.5381395999999999
-164.4459,-103.49,10.0,18.04066,0.43853420000000004
-167.8403,-118.6394,10.0,24.79394,0.4968303
-168.8451,-139.595,10.0,31.830090000000002,0.6159399
-168.3985,-165.2499,10.0,36.61266,0.4422394
-166.7977,-193.6572,10.0,39.79663,0.04788568
-164.356,-221.407,10.0,33.86352,-0.26999059999999997
-162.6221,-243.7718,10.0,26.853279999999998,-0.5250626
-152.5044,-257.2921,10.0,20.44941,0.21216759999999998
-136.2788,-257.7956,10.0,23.81938,-0.05915674
-126.81700000000001,-242.1925,10.0,26.86563,0.2668525
-125.2901,-221.4566,10.0,29.909740000000003,0.2365859
-127.6718,-200.53099999999998,10.0,21.78356,-1.668118
-127.5516,-188.1156,10.0,14.299920000000002,-0.1650218
-120.9403,-182.0992,10.0,14.2079,0.4665931
-108.7047,-184.1698,10.0,18.30963,-0.120729
-102.9989,-195.8522,10.0,19.38547,0.18984720000000002
-103.7512,-211.1868,10.0,21.74559,0.01558212
-104.9055,-227.3551,10.0,23.24822,0.36111809999999994
-106.0837,-247.2396,10.0,29.787359999999996,0.02850621
-98.84039,-267.2832,10.0,29.2431,0.2882723
-75.39748,-271.9998,10.0,36.980109999999996,0.15651489999999998
-52.52779,-257.7416,10.0,37.724509999999995,-0.03229348
-47.25939,-228.1765,10.0,43.10538,0.08643968
-41.31203,-197.6262,10.0,38.3338,-0.6377819
-28.77168,-175.8752,10.0,30.131990000000002,-0.25615770000000004
-13.1023,-163.6296,10.0,23.732210000000002,-0.45215190000000005
-3.783489,-157.1404,10.0,14.413789999999999,0.9266934000000001
7.411486,-148.6865,10.0,19.44409,-0.13210410000000003
13.332670000000002,-134.7484,10.0,25.97901,0.188889
1.255556,-118.0414,10.0,31.291459999999997,0.4494309
-8.828147999999999,-95.43274,10.0,35.1446,-0.2906425
-10.2542,-71.55582,10.0,32.892540000000004,0.4683877
-7.7597179999999994,-44.952009999999994,10.0,39.250440000000005,0.222054
-2.929337,-13.95146,10.0,45.19873,0.1988083
-4.3540410000000005,20.85315,10.0,47.22591,-0.9074817
-25.73783,42.859559999999995,10.0,43.28262,0.32025590000000004
-59.300580000000004,44.2436,10.0,48.14116,0.370162
-96.87051,43.2786,10.0,53.36296,0.1787516
-132.542,38.73653,10.0,39.0863,-0.4661059
-148.9199,18.64118,10.0,36.67111,-0.01483643
-141.6158,-9.178794,10.0,41.36439,0.1686404
-145.3399,-37.09861,11.0,33.06179,0.4635892
-161.0377,-57.41826999999999,11.0,37.60618,0.3900775
-168.9085,-76.95891999999999,11.0,22.40466,-1.161449
-156.545,-76.99835999999999,11.0,21.809910000000002,0.5396414
-141.1575,-69.7558,11.0,26.466559999999998,0.21939099999999997
-122.1785,-80.6511,11.0,32.92136,-0.4739393
-109.3138,-99.44015,11.0,33.08824,0.30043600000000004
-114.9568,-123.43,11.0,30.08362,-1.142311
-132.2573,-132.9353,11.0,29.085759999999997,0.4055264
-144.8191,-116.4504,11.0,32.56811,0.2582063
-148.7218,-102.5648,11.0,10.336319999999999,1.159247
-160.9281,-102.0359,11.0,22.68519,0.5415211
-166.6385,-118.4529,11.0,27.573240000000002,0.2534307
-166.7421,-141.3017,11.0,34.169109999999996,0.47338240000000004
-168.0779,-168.8283,11.0,40.24884,0.45560259999999997
-165.0004,-200.705,11.0,46.15667,0.20623670000000002
-162.5115,-235.4446,11.0,43.323440000000005,-0.6379585999999999
-151.941,-257.4758,11.0,28.35468,0.3129011
-131.7701,-255.18200000000002,11.0,29.620079999999998,0.008844263
-125.4406,-232.4886,11.0,35.011359999999996,0.4242724
-127.595,-204.6495,11.0,36.848690000000005,-0.8524965
-122.1511,-181.6063,11.0,27.309140000000003,-1.239694
-107.2564,-186.7119,11.0,24.15965,0.23083679999999998
-107.0156,-206.8309,11.0,30.406440000000003,0.4792572
-106.4409,-231.4901,11.0,36.56135,0.22660039999999998
-103.306,-259.9264,11.0,41.11869,0.08058602
-78.67994,-272.3123,11.0,40.08175,0.3504246
-52.56766,-258.6084,11.0,41.06728,-0.08037306
-45.48175,-227.5001,11.0,45.84706,0.20083979999999999
-38.78042,-192.2749,11.0,50.72617,0.1987625
-14.941920000000001,-165.4329,11.0,42.29912,-1.5171569999999999
5.967758,-150.263,11.0,30.354640000000003,-0.5430683000000001
11.80923,-132.5308,11.0,22.38638,-0.45446570000000003
1.668393,-116.5746,11.0,29.14984,0.4768232
-7.890406,-95.09354,11.0,35.07312,0.47732840000000004
-10.313889999999999,-67.02305,11.0,41.07752,0.4037111
-5.580843,-34.77362,11.0,46.84831,0.4162259
-1.8434220000000001,1.600616,11.0,51.93175,0.14144089999999998
-13.43154,37.10733,11.0,48.06419,-0.2063274
-45.84925,44.613820000000004,11.0,47.675059999999995,0.37120040000000004
-83.05412,41.927479999999996,11.0,53.11159,0.3854438
-123.1719,40.15019,11.0,49.79251,-0.9966331
-148.9202,23.67709,11.0,40.917770000000004,-0.33424309999999996
-144.0178,-6.024454,11.0,43.295629999999996,0.36007859999999997
-144.3525,-38.262029999999996,12.0,39.52662,-1.362643
-160.0556,-53.26686,12.0,28.52522,0.33173059999999993
-167.1519,-68.43666,12.0,23.75584,0.04030926
-149.8693,-71.34865,12.0,27.829009999999997,0.45516369999999995
-127.5856,-75.11421999999999,12.0,33.78455,0.38635749999999996
-108.8424,-93.47052,12.0,38.17667,0.2440353
-111.0601,-119.0457,12.0,29.82218,-0.8686039000000001
-126.8489,-131.6457,12.0,25.37865,-0.26915370000000005
-142.7282,-129.2257,12.0,23.77681,0.1195011
-147.1678,-110.5956,12.0,29.205820000000003,0.1392348
-159.8804,-100.5677,12.0,19.74325,-0.6704547
-167.6734,-112.9344,12.0,26.39299,0.5021637
-167.3995,-137.5146,12.0,37.181670000000004,0.2151243
-168.2259,-167.1033,12.0,42.91803,0.2100495
-165.9116,-201.1301,12.0,48.701609999999995,0.39610270000000003
-163.6035,-238.1049,12.0,46.00224,-0.7424723000000001
-146.8536,-258.6015,12.0,29.9654,-1.034197
-130.9789,-246.5856,12.0,30.4347,0.01400791
-125.8562,-222.4345,12.0,36.34693,0.4384581
-128.4455,-195.7278,12.0,33.38878,-0.138345
-116.0596,-179.6904,12.0,28.097179999999998,-0.25068
-107.2379,-193.1714,12.0,25.65537,0.476742
-110.4372,-214.1261,12.0,32.02279,0.2318183
-108.34700000000001,-240.2413,12.0,38.4663,0.43566509999999997
-97.23076,-267.4146,12.0,40.62352,-0.4171129
-68.67642,-269.4462,12.0,41.78288,0.176074
-45.885459999999995,-251.1912,12.0,37.44648,-0.5454926
-53.39893000000001,-228.1864,12.0,29.447470000000003,-0.618691
-52.965109999999996,-217.537,12.0,5.550278,0.01221925
-53.357569999999996,-214.8746,12.0,0.4480449000000001,0.6575395
-51.42471,-217.8299,12.0,8.979014,0.2839542
-43.666309999999996,-215.7244,12.0,15.650520000000002,0.0916113
-41.802640000000004,-205.4133,12.0,12.47224,-0.07445684
-40.38609,-192.5374,12.0,21.976770000000002,0.5161222
-31.34865,-176.2432,12.0,28.604020000000002,0.4737622
-12.44838,-162.3566,12.0,35.01657,0.4855017
8.657879,-145.4085,12.0,37.372890000000005,0.36931909999999996
8.661234,-123.9372,12.0,29.53108,0.7289251999999999
-6.021449,-100.6439,12.0,45.30128,0.5550635
-10.13911,-63.603469999999994,12.0,53.77253,0.1701214
-3.452811,-22.524279999999997,12.0,58.621280000000006,0.3554901
-4.494172,18.73043,12.0,43.36121,-2.34255
-17.92435,39.92107,12.0,36.115520000000004,0.24732039999999997
-44.724909999999994,45.22635,12.0,40.05265,0.2082571
-76.51612,44.55106,12.0,45.86877,0.401453
-112.3965,41.56434,12.0,50.74089,-0.2548855
-146.6903,32.97031,12.0,45.76497,-0.6547177
-152.5724,14.058670000000001,12.0,11.22021,-0.7930214
-152.5981,12.7542,12.0,5.302802,0.186737
-147.3172,8.888873,12.0,13.307970000000001,0.28371
-146.2329,-3.781493,12.0,20.87465,0.5087444999999999
-142.9135,-21.60506,12.0,27.97853,0.4851675999999999
-142.0755,-34.95585,13.0,6.787414999999999,0.3180409
-144.5568,-42.56508,13.0,14.783320000000002,0.5636898
-154.4595,-51.634409999999995,13.0,21.98477,0.5492442
-167.1241,-63.435959999999994,13.0,22.99747,-0.34701950000000004
-160.869,-75.13738000000001,13.0,17.65436,0.08801221
-146.4671,-74.36075,13.0,21.388070000000003,-0.3723611
-132.1576,-72.56199000000001,13.0,21.73854,0.49024470000000003
-115.7212,-80.55884,13.0,28.066990000000004,0.3949438
-106.6818,-101.0153,13.0,33.41346,0.15847920000000001
-116.3555,-124.5583,13.0,37.374,0.28896020000000006
-140.7829,-131.0446,13.0,27.91912,-2.063932
-144.7886,-122.5258,13.0,6.0396019999999995,-0.08524558
-138.2549,-122.3037,13.0,9.472949,-1.957075
-141.0164,-123.1375,13.0,8.039173,0.5217632000000001
-145.4507,-127.8278,13.0,6.436421,-0.4378943
-145.4764,-128.5578,13.0,3.963457,0.6529114
-142.9502,-122.8721,13.0,12.79875,0.291512
-140.1996,-111.1305,13.0,20.37571,0.49519769999999996
-150.9279,-98.30065,13.0,25.94634,0.19511199999999998
-165.6499,-105.3972,13.0,22.33654,0.7858781
-167.604,-125.9986,13.0,31.89895,0.5138734
-167.5129,-152.1444,13.0,38.68477,0.23270010000000002
-167.9669,-183.3757,13.0,45.183890000000005,0.4570369000000001
-168.0431,-219.1053,13.0,51.20258,0.2156887
-157.6689,-252.5236,13.0,44.13358,-0.3666211
-131.1306,-253.1306,13.0,30.403409999999997,-0.5866631999999999
-128.3873,-230.7038,13.0,36.3304,0.8189533
-127.4911,-201.0234,13.0,40.1504,-0.3014966
-123.7542,-184.0898,13.0,14.500010000000001,-0.1959505
-112.8204,-182.3931,13.0,20.01706,0.210742
-105.0608,-196.8067,13.0,26.271290000000004,0.5065048
-106.5491,-218.7475,13.0,33.30157,0.49761540000000004
-106.3377,-245.4834,13.0,39.122240000000005,0.38072059999999996
-88.68887,-269.6353,13.0,42.635490000000004,0.01694795
-59.135259999999995,-266.3905,13.0,42.53872,-0.01908344
-49.09026,-237.227,13.0,45.06974,0.44586800000000004
-44.73635,-204.4126,13.0,41.348420000000004,0.3490386
-26.265179999999997,-177.9535,13.0,46.71737,0.2185217
-0.7784095999999999,-151.1754,13.0,52.48454,-0.02323477
8.533292999999999,-118.9292,13.0,41.79268,-0.7976219
-8.036382000000001,-100.5283,13.0,28.23514,-0.1944237
-6.755214,-77.94896999999999,13.0,34.63065,0.4891525
-5.543185,-49.82343,13.0,41.32288,0.4606896
-4.468073,-16.90256,13.0,47.57962,0.2117104
-5.110596,20.28961,13.0,50.48499,-1.217201
-23.280910000000002,41.69706,13.0,31.051470000000002,-0.754509
-34.26453,34.98969,13.0,13.4776,0.18991329999999998
-35.11342,32.5876,13.0,0.07722957,0.009164784
-35.16041,32.59366,13.0,0.07168885,0.02550215
-34.616440000000004,34.19611,13.0,6.085969,0.4074142
-33.10003,41.21618,13.0,10.58862,-1.249469
-32.23965,44.79518,13.0,0.05550309999999999,-0.7627543999999999
-33.88449,42.30867,13.0,8.172191999999999,0.5819227
-42.39395,42.26968,13.0,15.68542,0.5299181
-56.2664,45.29875,13.0,22.61727,0.36463029999999996
-75.3064,43.4055,13.0,29.144029999999997,0.47703959999999995
-99.11219,42.34956,13.0,35.15627,0.4365481
-126.9038,40.583859999999994,13.0,40.18594,0.2771398
-146.9675,21.62355,13.0,38.183690000000006,0.1326177
-146.0835,-8.140571000000001,13.0,43.05042,0.1880595
-145.81,-41.33593,14.0,44.6069,-0.18373910000000002
-161.6082,-60.52443,14.0,27.331640000000004,-1.131726
-156.0508,-74.82764,14.0,25.71012,0.11641889999999999
-135.0513,-75.85851,14.0,31.384690000000003,0.3179519
-114.6346,-88.84099,14.0,35.538959999999996,0.24094549999999998
-111.3045,-114.7827,14.0,37.99514,0.1647204
-132.4683,-131.9089,14.0,35.60412,-1.58514
-146.3425,-122.4298,14.0,14.174170000000002,-2.2525150000000003
-146.1433,-119.6597,14.0,1.9357380000000002,0.00939848
-147.017,-118.5711,14.0,1.701671,-0.03406858
-147.8471,-117.8034,14.0,1.8730830000000003,0.4077901
-150.4135,-117.2951,14.0,3.944035,-0.0015518189999999999
-149.809,-116.90299999999999,14.0,5.6370629999999995,0.3253415
-145.1341,-111.3962,14.0,14.03062,0.2839551
-148.5583,-99.61227,14.0,20.86135,0.45678559999999996
-164.0706,-100.2099,14.0,25.06192,0.1376529
-167.2954,-119.5169,14.0,30.6073,0.5450239
-166.5589,-144.7485,14.0,37.54631,0.5019854
-166.7462,-175.0487,14.0,44.17669,0.4838077
-167.2573,-210.0793,14.0,50.36351,0.1990381
-161.2307,-246.0517,14.0,42.49552,-1.62996
-143.1452,-254.2066,14.0,13.462779999999999,-1.1951479999999999
-141.5988,-250.5644,14.0,3.4531989999999997,-0.14336379999999999
-139.5588,-248.3806,14.0,7.093878999999999,0.5134811
-131.7486,-249.9366,14.0,14.97514,1.722166
-122.6828,-250.6881,14.0,10.752130000000001,-0.3396927
-121.6487,-242.4765,14.0,15.890460000000001,0.2869102
-125.257,-228.0866,14.0,23.983439999999998,0.5531554
-127.2757,-207.6784,14.0,31.42043,0.5217345
-124.197,-183.5119,14.0,31.93311,-0.55883
-107.2857,-183.065,14.0,23.020970000000002,0.6397845
-106.3269,-205.7059,14.0,40.67109,0.7538431
-106.0311,-242.8202,14.0,57.262269999999994,0.03764065
-83.31639,-271.2857,14.0,44.6635,0.0718177
-52.970769999999995,-261.9638,14.0,43.7454,-0.3115095
-49.33265,-230.3993,14.0,46.18874,0.3991514
-40.09083,-196.8225,14.0,50.02093,0.3705485
-13.91433,-168.128,14.0,55.334019999999995,0.42837070000000005
9.493299,-135.9252,14.0,45.21204,-1.291493
1.8780599999999998,-114.7063,14.0,26.304340000000003,-0.4649062
-5.747339,-95.26726,14.0,32.06149,0.24325789999999997
-4.382104,-69.03943000000001,14.0,38.908,0.464346
-2.5184349999999998,-37.78994,14.0,45.4468,0.4591335999999999
-2.508322,-1.8491060000000001,14.0,51.57304,0.41951239999999995
-10.47874,34.04402,14.0,45.0855,-0.46662349999999997
-40.23692,41.847159999999995,14.0,44.85041,0.2214768
-75.79189000000001,40.27799,14.0,50.94679,0.4410263
-115.4766,41.410579999999996,14.0,54.0088,-0.6490921
-143.4245,30.9679,14.0,29.88434,-2.163757
-144.5629,21.9824,14.0,2.257925,0.6660473000000001
-141.9702,24.50616,14.0,5.009264,-0.2705563
-141.7505,24.76148,14.0,5.123439,0.5624022
-146.4627,21.41475,14.0,9.443449000000001,-0.07184117
-149.5738,22.05132,14.0,0.8895417,0.269804
-146.1639,19.72535,14.0,10.14153,0.3264237
-141.3001,10.4324,14.0,18.55217,0.6021423
-141.0566,-6.278766,14.0,26.62329,0.5707325
-141.7607,-33.5336,1.0,3.600199,0.42280280000000003
-141.9782,-38.344770000000004,1.0,10.20018,0.6276668000000001
-145.251,-48.47548,1.0,18.863139999999998,0.3067645
-158.7684,-58.706669999999995,1.0,26.8224,0.19297
-158.6578,-75.61848,1.0,25.20158,-0.144208
-143.0407,-69.50227,1.0,26.3474,-0.2086931
-135.8729,-68.27736999999999,1.0,0.03945776,-0.01209879
-135.8539,-68.28019,1.0,0.02583351,0.0005677498
-135.8355,-68.28272,1.0,0.02440248,-0.01264302
-135.8801,-68.47112,1.0,2.335311,0.3426175
-135.9241,-71.57944,1.0,4.569453,-0.01474037
-135.7338,-74.68791,1.0,3.791972,-0.06554648
-136.9025,-76.52679,1.0,0.05800567,-0.2681676
-133.8228,-75.10316,1.0,9.093336,0.3253793
-124.0547,-76.68329,1.0,17.57276,0.47651270000000007
-114.8445,-89.04916,1.0,25.001479999999997,0.5650106
-110.2966,-109.4549,1.0,31.722609999999996,0.32802570000000003
-123.29899999999999,-130.4214,1.0,36.3732,0.10660730000000002
-144.8911,-127.87100000000001,1.0,24.50887,-1.06246
-140.69799999999998,-113.98200000000001,1.0,24.23462,0.41649790000000003
-138.4577,-108.713,1.0,0.02396868,-0.01434051
-138.4584,-108.7307,1.0,0.02498666,-0.02332568
-138.7353,-108.6233,1.0,3.37163,0.9449818999999999
-143.6609,-108.7593,1.0,8.079578,-0.07767855
-145.6176,-110.6598,1.0,2.303066,0.6887965
-144.3701,-105.8967,1.0,11.01412,0.2871979
-150.279,-97.07483,1.0,18.69492,0.3048754
-161.974,-97.90775,1.0,14.417420000000002,-0.3052026
-166.6881,-110.1647,1.0,25.52886,0.9540711
-170.3517,-133.1748,1.0,36.72655,0.35933109999999996
-162.9978,-160.8766,1.0,37.60747,-0.7619413
-166.8783,-185.3786,1.0,30.13457,-0.46226369999999994
-167.3391,-211.8335,1.0,40.602140000000006,-0.18774470000000001
-165.3916,-239.1839,1.0,32.946259999999995,-0.8274308000000001
-150.2531,-251.0319,1.0,26.07775,0.22605170000000002
-128.9993,-246.2011,1.0,32.33215,0.5509228
-124.176,-229.7919,1.0,23.30023,0.4968433
-129.6857,-214.86900000000003,1.0,22.7344,0.21274829999999997
-122.8752,-201.6335,1.0,17.800910000000002,-0.3196206
-124.6638,-189.0968,1.0,15.26864,-0.41710230000000004
-114.7874,-184.3484,1.0,19.86766,-0.14223
-110.5153,-195.2696,1.0,14.701170000000001,-0.12444369999999999
-110.0204,-205.9692,1.0,16.76803,0.5894433000000001
-108.6787,-221.3091,1.0,24.69758,0.5600501999999999
-106.2255,-242.225,1.0,32.09818,0.5279391
-94.59441,-264.8551,1.0,37.40782,0.1269006
-67.73877,-269.6984,1.0,39.487770000000005,0.01303562
-52.07391,-246.6968,1.0,40.09918,0.3361165
-47.59551,-215.46900000000002,1.0,45.32868,0.39246020000000004
-28.20555,-185.8954,1.0,50.69574,0.420655
-2.685794,-155.5049,1.0,56.3714,0.40356190000000003
11.96365,-118.2902,1.0,43.78485,-2.309288
10.21081,-104.4502,1.0,1.540063,-0.7310551
9.747243,-104.2362,1.0,0.03503364,0.08676854
11.44797,-105.3611,1.0,5.950608,0.19918829999999998
16.721629999999998,-107.2959,1.0,7.230378,-0.8080710999999999
18.26719,-106.9994,1.0,2.561362,0.3420641
13.4281,-108.7377,1.0,11.18533,0.3077139
3.453853,-111.7439,1.0,16.58759,0.09373011
0.3983055,-99.10773,1.0,22.385170000000002,0.3235953
-1.656941,-80.62155,1.0,28.9942,0.2625127
-5.456722,-57.03859,1.0,35.662890000000004,0.47660870000000005
-6.290617,-28.21112,1.0,42.204240000000006,0.47412489999999996
-6.367707,5.341812,1.0,48.31897,0.43130209999999997
-11.78174,38.216390000000004,1.0,36.20023,-1.0611329999999999
-23.52178,42.93653,1.0,14.11232,0.5735172
-35.1053,37.70511,1.0,21.241529999999997,0.5049977
-53.43731999999999,39.855540000000005,1.0,28.470570000000002,0.248532
-77.14034000000001,39.531279999999995,1.0,35.440540000000006,0.5084078
-105.8453,40.0783,1.0,42.01122,0.45149480000000003
-136.6809,38.59363,1.0,35.371109999999994,-1.525544
-143.384,25.07875,1.0,11.34521,-1.484577
-137.7517,24.27946,1.0,0.1500891,-0.24661370000000002
-137.7518,24.23134,1.0,0.0529178,-0.01805801
-138.0187,24.29811,1.0,2.836211,0.652095
-142.7717,24.40537,1.0,9.410995,0.3297387
-149.829,24.99332,1.0,6.241582,-0.7408094
-150.8381,25.280279999999998,1.0,3.045159,0.3207107
-147.4847,21.3838,1.0,11.1377,0.579587
-149.8754,11.15732,1.0,18.23617,0.5023337999999999
-150.2606,-3.806084,1.0,24.1658,0.5076862
-146.415,-23.76003,1.0,30.67795,0.2150725
-150.6495,-46.9734,2.0,32.494609999999994,-0.36505129999999997
-167.0109,-62.56977,2.0,28.87718,-0.8427960999999999
-157.9141,-72.62347,2.0,12.162989999999999,-1.440292
-155.7228,-68.52705,2.0,0.09523843,-0.1099392
-155.6846,-68.52803,2.0,0.03844754,-0.02866172
-156.0061,-69.76028000000001,2.0,4.837357,0.5571158
-156.477,-73.48801,2.0,4.82998,-0.04332945
-156.8484,-74.94611,2.0,2.650857,0.6910305
-152.0968,-72.73782,2.0,11.85413,0.3156676
-142.0861,-78.38284,2.0,20.08953,0.5653265000000001
-128.4335,-83.03934,2.0,17.85259,-0.1520231
-116.7081,-90.92233,2.0,26.11504,1.261888
-111.4252,-111.6766,2.0,30.92047,0.05045908
-126.5557,-129.3118,2.0,32.774409999999996,-0.1313371
-144.7793,-124.9827,2.0,20.76375,0.15186860000000002
-139.2413,-110.8929,2.0,22.7549,-0.3254889
-147.3434,-101.5603,2.0,20.57743,0.25987960000000004
-160.3995,-106.6095,2.0,17.267689999999998,-0.256375
-161.6657,-118.8852,2.0,17.29932,0.2973334
-165.0591,-133.5246,2.0,24.452720000000003,0.27747940000000004
-165.2651,-154.5648,2.0,32.27959,0.5452319
-165.5428,-181.3136,2.0,39.65153,0.2460716
-165.9732,-213.28400000000002,2.0,46.57399,0.48174170000000005
-162.1,-244.8041,2.0,27.06431,-2.627135
-147.1098,-251.9929,2.0,26.364240000000002,0.5578261
-127.1201,-246.5054,2.0,28.94224,-0.2340375
-128.1607,-227.8545,2.0,28.734090000000002,0.8735253000000001
-126.1434,-203.1806,2.0,37.04058,0.2741405
-122.6446,-184.7399,2.0,10.56056,-0.2458368
-113.6339,-186.0452,2.0,16.48741,0.2514259
-110.3263,-200.3488,2.0,24.21511,0.5830098000000001
-108.4093,-221.1261,2.0,32.061809999999994,0.2863013
-103.648,-247.2043,2.0,39.25558,0.2315422
-84.80581,-269.8315,2.0,41.32264,-0.5725880999999999
-57.185559999999995,-261.41,2.0,42.04255,0.23387660000000002
-49.365120000000005,-232.295,2.0,44.25098,0.442259
-42.30385,-198.8901,2.0,48.66795,0.233829
-16.91493,-170.6425,2.0,54.42685,0.24913579999999996
7.159066999999999,-138.3586,2.0,42.719840000000005,-3.670643
4.533193,-121.6362,2.0,19.63835,0.6311691999999999
-5.426254,-107.8055,2.0,26.938229999999997,0.24993379999999998
-6.70948,-85.19038,2.0,34.41385,0.544295
-6.776116,-56.99966,2.0,41.66642,0.5132355
-7.0333190000000005,-23.578689999999998,2.0,48.4241,0.2359143
-7.356354,14.69493,2.0,54.81589,0.4641183
-18.10238,44.063,2.0,28.29666,-2.191226
-25.9614,45.6078,2.0,2.3012349999999997,0.6727254
-26.910020000000003,41.03617,2.0,11.042639999999999,0.6035383000000001
-37.30724,41.95317,2.0,19.16068,0.5910786
-53.272690000000004,46.46865,2.0,26.36999,0.5423893
-75.37973000000001,42.86173,2.0,34.05653,0.5274095999999999
-103.3268,41.414970000000004,2.0,41.29193,0.5248793
-136.0022,37.82905,2.0,45.7374,-0.9766286
-150.548,21.350279999999998,2.0,15.79085,-2.505286
-148.2913,19.39286,2.0,6.146032,0.6347459
-143.2886,14.794929999999999,2.0,14.44936,0.30247199999999996
-148.5334,2.623918,2.0,22.34911,0.2790395
-148.3672,-14.80889,2.0,28.11443,0.5483269000000001
-142.0061,-34.4746,3.0,9.602489,0.5480193
-144.2462,-42.74118,3.0,11.42384,-0.01751098
-151.2731,-51.058479999999996,3.0,17.59056,-0.1539073
-162.2683,-54.608000000000004,3.0,13.9502,-0.1411463
-166.5178,-61.56881,3.0,10.34092,-0.1477918
-162.8835,-68.85518,3.0,14.75146,0.29582329999999996
-150.1043,-72.12046,3.0,22.412470000000003,0.6051281999999999
-131.1248,-75.12544,3.0,30.295759999999998,0.748199
-114.5674,-86.46459,3.0,24.57911,-0.3784801
-107.8123,-103.5255,3.0,29.28381,-0.24483760000000002
-112.2229,-122.2892,3.0,23.51663,-0.4027592
-124.2563,-132.2933,3.0,22.5124,0.2638495
-140.3711,-129.9639,3.0,23.04301,0.6972359
-147.0408,-109.9481,3.0,29.09745,-0.8476561
-160.2527,-103.912,3.0,17.12337,0.42684520000000004
-166.9769,-116.8055,3.0,24.27366,0.5716595
-169.3893,-137.5828,3.0,32.151140000000005,0.5780664000000001
-168.4414,-163.9747,3.0,39.309740000000005,0.5322180000000001
-166.8688,-195.6203,3.0,46.09959,0.4603683
-163.9718,-231.5536,3.0,49.09744,-0.2922947
-152.6407,-258.127,3.0,31.98402,-0.6133118000000001
-134.5573,-252.2476,3.0,28.706459999999996,0.5181337
-124.9283,-231.4983,3.0,33.76736,0.28668790000000005
-128.2752,-205.1396,3.0,35.31192,-0.42041720000000005
-122.8316,-181.9767,3.0,27.25662,-1.206416
-108.9364,-183.1734,3.0,20.67034,0.06267118
-109.367,-200.5522,3.0,26.98886,0.48897159999999995
-104.5905,-222.2255,3.0,30.99492,-0.4481544
-106.2262,-243.3601,3.0,28.36058,0.40485329999999997
-98.53844000000001,-266.9077,3.0,36.80296,0.01081258
-72.74199,-269.0926,3.0,38.75691,0.44318290000000005
-58.79812,-268.1217,3.0,10.3613,-1.002557
-56.23952,-266.7235,3.0,1.6044479999999999,0.5986451999999999
-57.21077,-267.3945,3.0,0.1029133,-0.2941758
-55.65368,-265.8297,3.0,5.988980000000001,0.28252109999999997
-51.7027,-262.3347,3.0,7.983524000000001,0.02128753
-48.16496,-263.7184,3.0,0.4612274,-0.46211759999999996
-49.56982,-260.9112,3.0,8.594803,0.30825890000000006
-49.203559999999996,-251.6813,3.0,16.7215,0.6028669
-45.531209999999994,-236.8373,3.0,24.428160000000002,0.5295635000000001
-43.006029999999996,-216.1579,3.0,31.636120000000002,0.2444958
-38.486979999999996,-190.771,3.0,37.25179,0.08959064
-18.68889,-169.2258,3.0,42.87952,-0.4418177
-1.509164,-153.7679,3.0,23.189610000000002,-0.38093109999999997
9.695549,-143.4109,3.0,18.17671,-0.3845562
11.408619999999999,-132.092,3.0,13.82565,-0.1322485
5.139925,-120.7522,3.0,21.47062,0.49615010000000004
-4.5210669999999995,-105.041,3.0,28.6437,0.5158733
-10.131,-81.93364,3.0,35.32601,0.2300431
-9.088372999999999,-53.44537,3.0,41.729659999999996,0.4548460999999999
-4.304979,-20.632379999999998,3.0,45.09427,-0.3460007
-3.8106940000000002,7.0604059999999995,3.0,23.07094,-2.20779
-4.807723,14.758339999999999,3.0,3.4517089999999997,-0.05109895
-5.954581,20.642529999999997,3.0,12.65113,0.5916981
-10.22755,32.20048,3.0,20.626479999999997,0.2772527
-24.4029,42.59769,3.0,27.691509999999997,0.4557295
-46.892520000000005,44.646440000000005,3.0,34.20434,0.5068636999999999
-74.77672,44.292759999999994,3.0,40.99224,0.4794272
-107.443,42.043490000000006,3.0,47.19247,-0.14028020000000002
-139.1174,36.87073,3.0,39.25421,-0.07455248
-149.2572,15.6993,3.0,32.41555,0.1004307
-144.4028,-8.790792999999999,3.0,36.94427,0.248139
-144.0793,-38.38065,4.0,41.41203,-0.7260032
-155.3664,-54.14886,4.0,18.38672,-0.1729217
-167.8055,-58.78985,4.0,18.815920000000002,0.2010296
-159.9774,-70.9802,4.0,24.347620000000003,0.2306201
-139.8616,-72.88728,4.0,30.71875,0.19935770000000003
-118.1433,-84.45753,4.0,36.422540000000005,0.1849364
-108.7905,-110.1762,4.0,37.8744,-0.2055786
-125.1203,-131.5963,4.0,36.440670000000004,-0.2355096
-144.9222,-122.9404,4.0,29.742759999999997,-0.28158720000000004
-147.0935,-101.5652,4.0,25.46475,-2.542273
-159.5215,-100.8178,4.0,20.22772,0.2295922
-167.2674,-115.9635,4.0,27.04865,0.4633380999999999
-170.3301,-138.4867,4.0,34.24638,0.2407217
-168.6397,-166.2385,4.0,40.86148,0.2365286
-165.7843,-198.8012,4.0,47.301120000000004,0.4483818
-163.1753,-234.8792,4.0,44.68813,-1.6812639999999999
-155.4554,-253.4878,4.0,19.51398,-0.32496440000000004
-141.033,-258.2497,4.0,24.15425,0.34898909999999994
-128.9067,-245.7746,4.0,28.16038,0.5451076
-125.4079,-222.6709,4.0,34.63792,0.446601
-128.4829,-195.1138,4.0,39.717659999999995,0.1736806
-111.2609,-176.7006,4.0,32.33271,-0.4536135
-99.73558,-189.3734,4.0,22.7574,-0.35735120000000004
-113.5753,-197.61700000000002,4.0,23.383329999999997,-0.4814202
-114.555,-201.5547,4.0,0.01315919,-0.0067759909999999994
-114.5328,-201.5571,4.0,0.6677763000000001,0.466463
-111.8335,-201.5161,4.0,6.17464,0.2510696
-109.6868,-198.3504,4.0,1.8730080000000002,-0.6210405999999999
-109.5404,-199.7952,4.0,5.6413709999999995,0.258918
-108.2549,-206.4726,4.0,12.62818,0.47468420000000006
-106.0462,-218.1063,4.0,19.15387,0.2236522
-105.3825,-234.5113,4.0,25.19951,0.42259929999999996
-104.1955,-255.0411,4.0,30.3045,0.30426770000000003
-87.99034,-271.2117,4.0,33.16186,0.05630593
-62.99326,-267.6276,4.0,36.67905,0.2448792
-49.26372,-245.4162,4.0,37.50649,0.167546
-47.55927,-216.0008,4.0,41.92073,0.30432209999999993
-35.093540000000004,-185.9295,4.0,45.72381,0.06025074
-10.14927,-162.5172,4.0,44.48173,-1.114684
6.2485,-147.2974,4.0,21.3018,-0.2271339
12.7877,-135.9513,4.0,16.570520000000002,0.8795016999999999
5.5251269999999995,-121.4725,4.0,25.78377,0.2026383
-5.545376,-103.7338,4.0,31.01134,0.38557959999999997
-10.365110000000001,-79.28486,4.0,36.159279999999995,0.36997090000000005
-8.820269999999999,-50.80963,4.0,40.96352,0.1775342
-3.055361,-19.165770000000002,4.0,45.68367,0.16392620000000002
-3.988024,15.74029,4.0,48.42522,-0.1828019
-15.37897,37.25108,4.0,28.78425,0.161899
-37.05608,43.888020000000004,4.0,33.345890000000004,0.18452520000000003
-63.664669999999994,43.22415,4.0,38.517559999999996,0.38234409999999996
-94.05703000000001,42.6834,4.0,43.387409999999996,0.34360949999999996
-125.1675,39.4307,4.0,36.505309999999994,-1.489984
-140.5637,35.40795,4.0,15.854529999999999,0.43062849999999997
-147.4299,23.70579,4.0,21.65081,0.4171031
-146.8713,5.637283999999999,4.0,27.357459999999996,0.4056393
-142.3237,-16.26223,4.0,32.90248,0.371714
-144.3069,-40.80032,5.0,30.3653,-0.8142511
-159.4849,-53.606030000000004,5.0,28.62668,0.190679
-167.8638,-66.89356,5.0,18.29745,0.1070596
-156.0457,-69.80754,5.0,17.33136,0.6831819
-140.0382,-73.01044,5.0,25.28099,0.430183
-120.6761,-80.34603,5.0,30.633129999999998,0.17117860000000001
-107.846,-99.72229,5.0,33.81886,0.17598450000000002
-114.0538,-123.6155,5.0,32.44569,-0.3069947
-132.5051,-132.9081,5.0,25.2764,-0.7564987
-142.7397,-120.3372,5.0,25.44421,0.4419760999999999
-152.9513,-102.9233,5.0,28.6932,-0.664412
-165.7466,-105.0399,5.0,15.47572,0.7004617
-165.0656,-117.7767,5.0,20.71078,1.023105
-167.6403,-136.4305,5.0,32.691959999999995,0.6866109
-168.25400000000002,-167.1752,5.0,46.39622,0.2121451
-164.2317,-203.4389,5.0,50.67821,-0.8349206
-163.9808,-230.3737,5.0,22.20361,-0.4532285
-162.3286,-244.6317,5.0,16.63306,-0.41919179999999995
-156.2959,-254.248,5.0,18.0239,0.4516146
-140.8298,-259.8665,5.0,26.94687,0.5805682
-127.182,-242.7209,5.0,36.47535,0.8218755999999999
-126.8964,-213.1855,5.0,39.629940000000005,-0.7300926
-128.1661,-192.7062,5.0,19.58608,-0.43887020000000004
-120.9102,-183.0439,5.0,17.77486,0.765941
-105.9248,-186.4152,5.0,24.36296,-0.0024086529999999997
-102.6261,-205.9523,5.0,32.10328,0.811281
-104.7123,-232.0365,5.0,37.25237,0.007767566
-104.2257,-257.3956,5.0,30.40985,-0.3139584
-88.33932,-271.1682,5.0,31.659670000000002,0.28303320000000004
-64.0232,-268.4362,5.0,35.439040000000006,0.1600152
-50.17698,-246.7493,5.0,37.59135,0.3269267
-46.30862,-217.1633,5.0,42.45156,0.1698343
-36.550059999999995,-185.8392,5.0,46.17768,0.06322676
-12.086139999999999,-162.0141,5.0,37.44052,-1.935843
-0.245187,-154.3408,5.0,12.4754,-0.16703110000000002
5.847155,-149.8023,5.0,8.196595,-0.28133270000000005
9.86936,-145.8074,5.0,9.666636,0.26457379999999997
13.233820000000001,-137.01,5.0,16.11731,0.42027440000000005
8.176286,-124.0264,5.0,22.027520000000003,0.2160943
-2.4704599999999997,-108.9617,5.0,27.7763,0.38694359999999994
-9.247744,-87.43677,5.0,33.13055,0.1927325
-9.998061,-61.14812,5.0,38.066720000000004,0.3394532
-4.495451,-31.607940000000003,5.0,42.92645,0.33255759999999995
-1.364559,1.211978,5.0,41.784440000000004,-1.479436
-5.696179,22.57966,5.0,11.83051,-1.403216
-9.370762,30.499340000000004,5.0,15.762410000000001,0.4693384
-19.11051,40.19931,5.0,21.75169,0.41186320000000004
-36.468790000000006,45.08965,5.0,27.3543,0.4257834
-58.79054,45.11226,5.0,32.90436,0.19596860000000002
-85.16396,44.09483,5.0,38.171,0.1802898
-114.875,41.51575,5.0,38.7684,-1.588021
-136.0541,38.46117,5.0,18.774179999999998,0.5735384
-146.2789,26.12666,5.0,24.94976,0.19279939999999998
-147.1509,5.883017,5.0,30.139709999999997,0.19180129999999998
-142.2323,-17.95962,5.0,35.43345,0.1662112
-143.9925,-39.851659999999995,6.0,16.767670000000003,-2.039006
-148.8255,-49.18303,6.0,18.79145,0.35196020000000006
-160.5342,-55.66069,6.0,15.667679999999999,-0.401821
-166.2645,-63.08671999999999,6.0,14.60205,0.3578593
-156.7933,-72.71007,6.0,23.74769,0.7955667
-134.1534,-73.00175,6.0,36.60075,0.29503320000000005
-110.9349,-90.69365,6.0,40.08343,-0.7110506
-114.62100000000001,-113.39200000000001,6.0,19.13044,-2.211616
-117.9544,-122.1296,6.0,13.66705,1.1813360000000002
-125.1665,-132.8844,6.0,16.984820000000003,-0.0708518
-138.8244,-131.3793,6.0,22.394479999999998,0.3359188
-145.1959,-114.573,6.0,27.591490000000004,-0.5819227
-150.0102,-104.4752,6.0,7.213307,-0.13786800000000002
-156.4784,-100.8675,6.0,14.33195,0.3055711
-165.8298,-105.8607,6.0,16.64684,0.26321100000000003
-167.5611,-122.2496,6.0,29.08516,1.0497809999999999
-168.8761,-148.7587,6.0,41.79136,0.8117939000000001
-167.4185,-183.69099999999997,6.0,52.31321,0.3250133
-163.7309,-222.9051,6.0,49.16953,-0.4249852
-159.7878,-253.0465,6.0,32.61605,-1.41066
-142.2896,-257.6923,6.0,21.4816,-0.5130107
-129.7899,-249.7039,6.0,23.74596,0.3871859
-124.9917,-230.9064,6.0,29.042679999999997,0.1971471
-127.5136,-207.59400000000002,6.0,34.34349,0.1913407
-126.28299999999999,-185.2849,6.0,18.13256,-2.2484040000000003
-113.6115,-183.045,6.0,21.28505,0.3273248
-103.6481,-196.3418,6.0,25.80921,0.3979991
-103.2104,-217.4402,6.0,31.245959999999997,0.1972877
-105.8272,-242.4329,6.0,36.531729999999996,0.17432279999999997
-97.84286,-268.5211,6.0,37.42133,-0.2034724
-74.10728,-270.6412,6.0,29.2405,-0.5605353
-56.33585,-264.5388,6.0,21.91252,-0.12003019999999999
-48.58097,-247.9123,6.0,29.26009,0.35986640000000003
-45.04017,-224.4148,6.0,34.71915,0.3848581
-41.65882,-197.0243,6.0,39.67542,0.2988781
-24.703879999999998,-173.0124,6.0,42.10857,0.17645239999999998
-3.4572220000000002,-157.2627,6.0,21.715729999999997,-2.150709
4.970654,-150.8272,6.0,12.08486,-0.001126218
11.15238,-143.7263,6.0,14.443779999999999,0.42324639999999997
11.69184,-130.4117,6.0,22.73208,0.3013133
-1.298442,-113.9288,6.0,35.26972,0.9966011999999999
-9.226173,-84.07549,6.0,48.71439,0.44870519999999997
-7.476992999999999,-43.52554,6.0,59.98189,0.2223884
-1.3191110000000001,0.5171108,6.0,55.4833,-1.127457
-7.162313,25.0257,6.0,21.35034,-0.2332562
-16.21654,38.646609999999995,6.0,25.70426,0.6615171999999999
-38.18026,45.15135,6.0,37.573570000000004,0.5167218
-71.68712,44.402590000000004,6.0,52.5006,0.5041286
-112.6358,41.9257,6.0,42.568290000000005,-2.310682
-128.4612,39.09323,6.0,13.1204,-0.1706561
-139.7441,35.989670000000004,6.0,22.30335,0.6147326999999999
-147.6374,20.74723,6.0,26.5865,0.3835047
-145.5585,-0.8390892,6.0,32.09152,0.3997618
-141.0719,-26.17406,6.0,36.82178,0.08968136
-142.1733,-37.6329,7.0,10.58287,0.49331400000000003
-145.9272,-47.08813,7.0,16.95899,0.2141277
-158.7009,-53.93488000000001,7.0,22.72634,0.3472682
-168.3272,-66.09652,7.0,18.48487,-0.5699233
-162.259,-75.80333,7.0,16.42711,0.2168804
-149.184,-75.54661999999999,7.0,20.0366,0.14634270000000002
-134.2942,-73.3016,7.0,21.689420000000002,0.12405510000000002
-118.0971,-80.51988,7.0,28.65516,0.363466
-108.0744,-100.3772,7.0,32.595009999999995,0.29120229999999997
-116.5839,-123.4404,7.0,35.62252,0.2042285
-140.7679,-130.8299,7.0,31.326829999999998,-1.504683
-146.2603,-119.556,7.0,11.817089999999999,-0.724713
-143.0367,-111.7496,7.0,16.771810000000002,0.95606
-150.753,-102.3292,7.0,16.58699,0.06992497
-163.5793,-105.413,7.0,21.36683,-0.005972447
-166.1438,-119.7858,7.0,20.823520000000002,0.45603699999999997
-167.0129,-138.2528,7.0,30.63284,1.026857
-169.5916,-166.0907,7.0,44.47067,0.4099063
-170.0502,-203.5114,7.0,56.018159999999995,0.46810609999999997
-166.5299,-239.96599999999998,7.0,38.84471,-2.622503
-150.8964,-254.2004,7.0,24.92074,-0.4464088
-134.4783,-252.1846,7.0,22.64593,0.121547
-125.7278,-237.642,7.0,29.026670000000003,0.39111940000000006
-126.0802,-213.8645,7.0,34.7804,0.3977274
-124.9611,-186.8355,7.0,32.228229999999996,-2.866723
-114.7216,-180.3919,7.0,14.45328,0.7452378000000001
-109.5496,-192.7507,7.0,22.03443,0.21705549999999998
-108.82799999999999,-211.3058,7.0,27.97164,0.21312470000000003
-108.5154,-234.1093,7.0,33.54932,0.381011
-101.5077,-259.1863,7.0,37.405559999999994,0.1833162
-77.47331,-272.9217,7.0,39.36207,0.04105203
-53.40838000000001,-259.4036,7.0,39.36569,0.01300622
-49.15032,-229.9008,7.0,42.71537,0.1604327
-40.26465,-198.7408,7.0,45.43925,0.18624649999999998
-16.53417,-172.66299999999998,7.0,49.824729999999995,0.3232421
5.976845,-143.5453,7.0,41.06949,-1.173604
7.046389,-123.1599,7.0,24.24975,0.9172600000000001
-4.596132,-105.2199,7.0,32.80762,0.6873949
-4.013172,-75.66264,7.0,48.98516,1.324259
-0.5026169,-33.412890000000004,7.0,64.99998000000001,0.5042669
-2.59,15.03919,7.0,59.27287,-0.781109
-16.2152,41.381440000000005,7.0,29.683259999999997,-0.5625694
-40.5348,40.709590000000006,7.0,38.79333,0.3811559
-71.16235,40.40548,7.0,43.690059999999995,0.34159509999999993
-105.227,41.06697,7.0,48.281420000000004,0.2738322
-139.8082,37.050670000000004,7.0,37.165409999999994,-3.076434
-146.7555,18.004939999999998,7.0,29.860590000000002,0.4023145
-145.1628,-6.126898000000001,7.0,35.24648,0.36968720000000005
-146.0628,-34.10252,8.0,40.30397,0.295638
-160.6809,-56.51558000000001,8.0,33.62792,-2.198625
-167.8219,-70.68179,8.0,23.206970000000002,0.38233259999999997
-151.5461,-78.8495,8.0,28.656609999999997,0.35746740000000005
-128.75,-78.58478000000001,8.0,32.62251,0.1066586
-112.2408,-96.80638,8.0,35.62305,0.1984808
-116.3528,-122.5307,8.0,37.19526,0.08154999
-140.2912,-131.3962,8.0,29.2768,-1.8670740000000001
-146.332,-127.2258,8.0,2.809478,0.5647201999999999
-142.642,-123.3559,8.0,10.94712,0.2430045
-143.1926,-113.2437,8.0,17.22316,0.4294827
-153.6535,-103.0902,8.0,22.66507,0.2731146
-167.2538,-110.0701,8.0,24.26093,0.23173850000000001
-166.5816,-129.7682,8.0,29.481090000000002,0.18572139999999998
-169.6276,-153.3594,8.0,34.734970000000004,0.1784045
-170.5569,-180.7723,8.0,39.58464,0.3528025
-168.9893,-211.9606,8.0,44.39236,0.1702491
-164.6194,-245.5007,8.0,43.75043,-1.094562
-141.6925,-255.8944,8.0,30.52318,-0.9485482
-128.0334,-240.3918,8.0,30.9949,0.2248098
-127.3678,-215.8294,8.0,35.8909,0.3951032
-125.1246,-188.0447,8.0,36.29663,-1.314151
-112.8209,-180.2686,8.0,14.61156,-0.01522356
-107.3253,-191.9891,8.0,21.22403,0.4348152
-106.64399999999999,-209.9302,8.0,27.217709999999997,0.4346973
-105.8844,-232.2591,8.0,32.82655,0.38353590000000004
-101.0988,-257.6096,8.0,37.06504,0.1644071
-78.67028,-272.8349,8.0,38.57755,-0.01986629
-53.93172,-260.69,8.0,39.49573,0.01029478
-46.97955,-231.9477,8.0,42.52961,0.3543607
-41.42392,-199.6639,8.0,45.51453,-0.1139546
-17.92288,-174.5684,8.0,48.61631,0.3134499
4.866069,-145.5573,8.0,47.2796,-0.7480326
5.018145,-118.7027,8.0,33.57974,0.3360427
-6.987361,-94.12135,8.0,39.03593,0.06152147
-2.245625,-63.98425,8.0,43.557179999999995,0.3338647
-1.341229,-29.97312,8.0,48.096340000000005,0.3223428
-2.06425,7.263946000000001,8.0,52.41187,0.2838668
-13.23957,39.10915,8.0,35.14975,-1.7569110000000001
-26.31022,41.60204,8.0,4.66902,-0.329762
-28.5781,37.282740000000004,8.0,10.37463,0.4775084
-37.107409999999994,41.15866,8.0,16.702,0.4549589
-47.14459,48.6134,8.0,8.256386000000001,-2.8473479999999998
-48.02132,48.58681,8.0,0.03093607,-0.0013522529999999999
-48.34575,47.40113,8.0,4.169069,0.1109367
-47.68423,43.86699,8.0,4.9550160000000005,-0.154193
-47.97122,43.93092,8.0,5.420256,0.33594450000000003
-54.792469999999994,46.42199,8.0,14.378029999999999,0.6582514
-68.48132,44.993629999999996,8.0,22.760839999999998,0.2943179
-88.21030999999999,42.46492,8.0,30.68417,0.2596682
-113.62,43.64072,8.0,37.96492,0.2445366
-140.2697,36.045390000000005,8.0,38.66046,-0.1271754
-144.0102,7.218278999999999,8.0,43.937509999999996,0.6752018
-147.0282,-27.554029999999997,8.0,46.74876,-0.7001006
-142.1118,-35.06072,9.0,2.513472,-0.05659021
-143.6063,-40.615159999999996,9.0,13.32804,0.6462926999999999
-148.8488,-49.10179,9.0,12.23877,-0.20580639999999997
-157.148,-53.07753,9.0,14.38843,-0.10787429999999999
-165.4485,-57.336890000000004,9.0,11.26464,-0.2070547
-166.31,-65.38414,9.0,15.415070000000002,0.9929374
-155.2514,-73.53719,9.0,18.92875,-0.3350224
-142.6128,-72.80138000000001,9.0,15.359029999999999,-0.23957729999999997
-128.9836,-75.09695,9.0,24.9686,0.1168433
-113.6488,-85.91651999999999,9.0,26.068839999999998,0.05169384
-107.1903,-103.7241,9.0,24.44055,-0.20104729999999998
-108.9514,-115.6458,9.0,11.80453,-0.09132667
-112.7481,-124.6318,9.0,19.39095,1.278884
-124.3116,-134.3529,9.0,19.20439,-0.3497281
-136.689,-133.248,9.0,15.55703,-0.08858085
-144.8199,-122.3832,9.0,23.78107,0.5781961999999999
-151.1876,-104.0308,9.0,21.735570000000003,-0.737586
-161.1917,-99.94968,9.0,13.01142,-0.31135959999999996
-166.5903,-109.575,9.0,21.90186,1.1118540000000001
-168.5375,-131.1362,9.0,36.17516,1.012411
-168.9992,-161.8724,9.0,44.82079,0.32502220000000004
-165.7597,-196.2717,9.0,47.7771,-0.3262551
-163.1242,-228.352,9.0,38.43712,-0.4459275
-159.4503,-250.1634,9.0,25.13854,-0.5079507000000001
-146.4596,-259.945,9.0,19.819770000000002,-0.3768527
-133.8372,-255.8517,9.0,22.28239,0.898882
-125.2447,-235.8365,9.0,35.49024,0.5323668
-127.4271,-209.0769,9.0,32.082159999999995,-2.119326
-128.5677,-192.7633,9.0,15.28015,-0.23372559999999998
-124.5917,-183.4906,9.0,14.299029999999998,0.3134617
-111.8533,-182.7156,9.0,18.49691,-0.3089044
-103.6516,-191.0267,9.0,15.06329,0.24013470000000003
-102.6295,-207.1436,9.0,29.32558,0.9567714
-105.2345,-232.3692,9.0,37.89622,0.1812969
-103.3905,-259.1232,9.0,34.97769,-0.11586480000000002
-84.51938,-272.9943,9.0,32.70945,0.0574121
-61.56409,-267.3793,9.0,31.99305,-0.07059657
-49.63454,-246.7417,9.0,34.55761,0.2712704
-45.404959999999996,-220.4135,9.0,36.90681,-0.0063358730000000005
-40.44089,-194.4369,9.0,34.00401,-0.39053509999999997
-28.424509999999998,-174.9277,9.0,28.26158,-0.2082369
-13.4781,-163.4594,9.0,23.06221,-0.3142408
-0.26733709999999994,-154.7619,9.0,19.524379999999997,-0.2774672
10.04584,-145.7304,9.0,20.060579999999998,0.6135041999999999
11.022689999999999,-129.4046,9.0,25.82135,0.4822143
-1.7875759999999998,-113.0599,9.0,29.51742,0.04093089
-9.386536999999999,-92.48246999999999,9.0,30.09204,0.02263818
-11.17789,-69.56753,9.0,32.99025,0.3191854
-7.889168,-44.20743,9.0,35.41257,0.09114925
-3.228262,-17.98682,9.0,36.49061,0.06618928
-2.510417,7.752542999999999,9.0,29.881109999999996,-0.5101428
-6.643716,25.521929999999998,9.0,20.36655,-0.15709620000000002
-15.48187,38.10241,9.0,25.39002,0.5020104999999999
-35.425470000000004,45.24545,9.0,32.33739,0.4619531
-61.95072,43.88217,9.0,39.45782,0.5031117
-93.87182,43.9052,9.0,46.32486,0.4788317
-128.3336,40.24881,9.0,41.60203,-0.7437862
-147.2222,25.044439999999998,9.0,34.34943,-0.026398
-142.222,-1.644078,9.0,39.98144,0.4503710999999999
-143.1692,-30.713459999999998,9.0,28.6573,-3.373392
-146.8595,-44.12133,10.0,18.12751,0.4781366
-156.8713,-53.944630000000004,10.0,17.68037,-0.26837300000000003
-166.4956,-60.19053,10.0,13.64444,-0.3518175
-163.6961,-70.32637,10.0,18.5603,0.2233575
-150.9896,-72.86004,10.0,18.43048,0.134018
-137.6995,-73.05681,10.0,17.07066,0.2049996
-121.5175,-78.85805,10.0,27.748279999999998,0.5195571
-108.0226,-96.6806,10.0,33.79522,0.4004972
-111.3301,-122.0944,10.0,31.865820000000003,-1.2380010000000001
-125.4901,-133.0858,10.0,21.4834,-0.3758105
-139.028,-131.2491,10.0,16.74767,-0.08906326
-145.6056,-117.75299999999999,10.0,24.80806,0.1838125
-150.3735,-104.5846,10.0,4.394033,-0.4168634
-154.5331,-101.336,10.0,11.61772,0.5343967
-164.5326,-103.595,10.0,18.07459,0.2035634
-167.8506,-118.8192,10.0,24.83664,0.2757442
-168.8479,-139.8276,10.0,31.882379999999998,0.3342004
-168.3912,-165.5129,10.0,36.64796,0.21967929999999997
-166.7638,-193.956,10.0,39.81723,0.1199578
-164.3431,-221.657,10.0,33.77402,-0.5261536
-162.5719,-243.9691,10.0,26.76455,-0.5238304
-152.3776,-257.3639,10.0,20.49878,0.3098605
-136.1271,-257.6989,10.0,23.8139,-0.03369749
-126.7495,-242.0012,10.0,26.9085,0.2533185
-125.3217,-221.2373,10.0,29.928140000000003,0.11395919999999998
-127.6832,-200.3705,10.0,21.51101,-1.643807
-127.5274,-188.0167,10.0,14.24402,-0.3431715
-120.8365,-182.0806,10.0,14.28514,0.4716514
-108.5864,-184.2381,10.0,18.28823,-0.12770839999999997
-102.9957,-195.9958,10.0,19.39971,0.08769447
-103.7627,-211.3412,10.0,21.7464,0.005196207
-104.9207,-227.524,10.0,23.37528,0.7694076999999999
-106.0778,-247.4628,10.0,29.7997,0.07250533
-98.67721,-267.4333,10.0,29.291890000000002,0.288161
-75.13067,-271.9597,10.0,37.03484,0.32126550000000004
-52.4195,-257.4957,10.0,37.7191,-0.03398127
-47.21495,-227.8546,10.0,43.13903,0.19718010000000002
-41.198190000000004,-197.2686,10.0,38.22468,-0.5093681999999999
-28.61948,-175.7224,10.0,30.044929999999997,-0.5220898
-12.95692,-163.5279,10.0,23.52267,-1.221507
-3.698495,-157.0817,10.0,14.49189,0.4949425
7.518730000000001,-148.5855,10.0,19.43328,-0.06362355
13.30701,-134.5527,10.0,26.03913,0.3499831
1.096113,-117.8698,10.0,31.325290000000003,0.20723470000000002
-8.883137,-95.16365,10.0,35.04835,-0.5393047
-10.24271,-71.31962,10.0,32.93052,0.23673179999999996
-7.7231440000000005,-44.66176,10.0,39.32672,0.4498268
-2.885426,-13.62209,10.0,45.266740000000006,0.4063625
-4.448081,21.19539,10.0,47.08778,-0.8123345000000001
-26.0628,42.95145,10.0,43.30726,0.1444609
-59.66526999999999,44.23145,10.0,48.16952,0.1677889
-97.26393,43.2384,10.0,53.42661,0.3866305
-132.8289,38.663990000000005,10.0,39.02783,-0.3421094
-148.9015,18.36223,10.0,36.67047,-0.0037447070000000003
-141.5845,-9.488088000000001,10.0,41.422259999999994,0.3239849
-145.4193,-37.33043,11.0,33.09857,0.22481239999999997
-161.2747,-57.57538,11.0,37.665659999999995,0.3514317
-168.8316,-77.10519000000001,11.0,22.20974,-1.1750530000000001
-156.4384,-76.8797,11.0,21.851770000000002,0.2611375
-140.966,-69.79926,11.0,26.541659999999997,0.44611049999999997
-121.9885,-80.79973000000001,11.0,32.87645,-0.27880079999999996
-109.2751,-99.6759,11.0,33.11272,0.15486770000000002
-115.0846,-123.6098,11.0,29.995459999999998,-0.5397533
-132.474,-132.9055,11.0,29.14977,0.3889152
-144.8166,-116.2125,11.0,32.60212,0.21254740000000003
-148.7871,-102.5179,11.0,10.504769999999999,0.9766315999999999
-161.0749,-102.1229,11.0,22.72342,0.2300344
-166.6236,-118.6617,11.0,27.6568,0.48816400000000004
-166.7736,-141.5502,11.0,34.20691,0.23428139999999997
-168.0546,-169.1324,11.0,40.2845,0.2142743
-164.9707,-201.0427,11.0,46.229690000000005,0.4374914000000001
-162.47299999999998,-235.7707,11.0,43.10575,-1.261837
-151.7544,-257.5771,11.0,28.37854,0.1428741
-131.6338,-255.0102,11.0,29.62228,0.013186600000000001
-125.4203,-232.226,11.0,35.04571,0.21437060000000002
-127.6211,-204.3767,11.0,36.77925,-0.42565569999999997
-121.9905,-181.4911,11.0,27.10523,-1.211826
-107.223,-186.8892,11.0,24.17942,0.12118430000000001
-106.9788,-207.0532,11.0,30.44469,0.23470679999999997
-106.4695,-231.7561,11.0,36.64005,0.47535959999999994
-103.1699,-260.1928,11.0,41.14686,0.16789129999999997
-78.39112,-272.2856,11.0,40.14074,0.35889570000000004
-52.42001,-258.3348,11.0,41.0559,-0.06592621
-45.44048,-227.1628,11.0,45.917159999999996,0.4135055
-38.63536,-191.9174,11.0,50.75865,0.19580770000000003
-14.669310000000001,-165.2634,11.0,42.04715,-1.48758
6.11559,-150.1026,11.0,30.308640000000004,-0.29109120000000005
11.77325,-132.3659,11.0,22.31585,-0.4179162
1.526306,-116.4052,11.0,29.22945,0.4699602
-7.942330999999999,-94.84251,11.0,35.1487,0.46189579999999997
-10.2985,-66.72936,11.0,41.11039,0.21013479999999998
-5.512403,-34.4306,11.0,46.88004,0.1926156
-1.862411,1.985016,11.0,51.98425,0.31008959999999997
-13.68612,37.36837,11.0,47.997859999999996,-0.3775097
-46.18282,44.57293,11.0,47.73895,0.413646
-83.44743000000001,41.91628,11.0,53.140859999999996,0.1794183
-123.5378,40.10882,11.0,49.56816,-1.352247
-149.0184,23.38319,11.0,40.87108,-0.2722845
-143.9382,-6.339825,11.0,43.35459,0.3509587
-144.4333,-38.55025,12.0,39.30979,-1.290885
-160.2626,-53.32892,12.0,28.576079999999997,0.30096609999999996
-167.0464,-68.58273,12.0,23.76086,0.02962924
-149.6609,-71.32637,12.0,27.906209999999998,0.47068509999999997
-127.37,-75.21514,12.0,33.81647,0.2069607
-108.7342,-93.73665,12.0,38.19555,0.11552830000000001
-111.1936,-119.2321,12.0,29.67822,-0.8460901
-127.0298,-131.7115,12.0,25.29296,-0.49898459999999994
-142.847,-129.0913,12.0,23.81691,0.2340366
-147.2146,-110.3924,12.0,29.253859999999996,0.2977956
-160.0232,-100.5935,12.0,19.6882,-0.3395287
-167.6797,-113.1313,12.0,26.56108,0.9932620999999999
-167.425,-137.7892,12.0,37.25569,0.4389827
-168.1942,-167.425,12.0,42.99149,0.42502749999999995
-165.8877,-201.4792,12.0,48.73258,0.1955471
-163.5514,-238.4539,12.0,45.74523,-1.487602
-146.6322,-258.611,12.0,29.88134,-0.5167515
-130.89,-246.3728,12.0,30.41992,-0.08623784
-125.8278,-222.1667,12.0,36.41547,0.4116919
-128.469,-195.4911,12.0,33.3393,-0.3065797
-115.8518,-179.6969,12.0,28.015959999999996,-0.480436
-107.2899,-193.3546,12.0,25.693,0.22793899999999997
-110.4332,-214.3686,12.0,32.10297,0.46940020000000005
-108.3089,-240.5172,12.0,38.501290000000004,0.2186891
-96.98966999999999,-267.6029,12.0,40.55298,-0.4175427
-68.38189,-269.3702,12.0,41.84707,0.37704879999999996
-45.822990000000004,-250.9147,12.0,37.35286,-0.5022861
-53.45575,-227.9759,12.0,29.273609999999998,-1.036858
-52.96925,-217.4954,12.0,5.552235,0.01156577
-53.35643,-214.878,12.0,0.5558246,0.6501136
-51.37148,-217.87099999999998,12.0,9.072206,0.5496121999999999
-43.6081,-215.6163,12.0,15.664589999999999,0.08033366
-41.79861,-205.3247,12.0,12.46371,-0.05359093
-40.34368,-192.3811,12.0,22.01925,0.2594814
-31.20069,-176.0857,12.0,28.68223,0.46244700000000005
-12.22402,-162.2297,12.0,35.05366,0.23111239999999997
8.80388,-145.1756,12.0,37.3895,0.09826402
8.541032000000001,-123.7602,12.0,29.65946,0.7938371
-6.137136,-100.3402,12.0,45.4969,1.201789
-10.10026,-63.20686,12.0,53.832730000000005,0.3553263
-3.400271,-22.07164,12.0,58.67878,0.3303673
-4.572268,19.041729999999998,12.0,42.59209,-4.535124
-18.13866,40.084720000000004,12.0,36.15527,0.24233070000000004
-45.0152,45.194790000000005,12.0,40.12746,0.44753420000000005
-76.84586,44.551120000000004,12.0,45.93605,0.41991059999999997
-112.7779,41.52244,12.0,50.69899,-0.245198
-146.9412,32.754,12.0,45.65337,-0.6893759
-152.5961,13.98,12.0,10.90875,-1.8515720000000002
-152.5585,12.75637,12.0,5.425141,0.7151164000000001
-147.2819,8.796519,12.0,13.401689999999999,0.5469774000000001
-146.217,-3.933702,12.0,20.9603,0.5182326
-142.8826,-21.80201,12.0,28.060990000000004,0.5171358
-142.083,-35.00557,13.0,6.888452,0.602911
-144.6106,-42.66234,13.0,14.874989999999999,0.547667
-154.6046,-51.70749,13.0,22.027479999999997,0.2606024
-167.1544,-63.60695,13.0,22.88927,-0.6275016
-160.747,-75.19121,13.0,17.66781,0.07951562
-146.3174,-74.30939000000001,13.0,21.35719,-0.1911896
-132.0032,-72.58549000000001,13.0,21.77929,0.2564828
-115.5787,-80.7029,13.0,28.099159999999998,0.2020374
-106.6683,-101.257,13.0,33.46951,0.33961020000000003
-116.5632,-124.7514,13.0,37.39674,0.1359126
-140.9678,-130.9534,13.0,27.75323,-1.037827
-144.7458,-122.5227,13.0,6.036014,-0.02291816
-138.2107,-122.2769,13.0,3.505665,-34.90783
-141.07299999999998,-123.1564,13.0,8.081712,0.2638972
-145.4582,-127.8742,13.0,6.291526,-0.8731957
-145.4731,-128.529,13.0,4.018634,0.34985459999999996
-142.9033,-122.7935,13.0,12.89944,0.6128703000000001
-140.2299,-110.9824,13.0,20.4537,0.47396809999999995
-151.1064,-98.24696,13.0,25.981939999999998,0.2205779
-165.7144,-105.5516,13.0,22.46951,0.7926177
-167.61700000000002,-126.2346,13.0,31.94,0.2515279
-167.5153,-152.4309,13.0,38.76638,0.48314090000000004
-167.9686,-183.7177,13.0,45.21998,0.2185377
-168.0459,-219.485,13.0,51.27767,0.4403433
-157.4141,-252.72400000000002,13.0,44.073170000000005,-0.3647863
-130.971,-252.9665,13.0,30.212459999999997,-1.1094680000000001
-128.3956,-230.4276,13.0,36.46855,0.8170531
-127.5047,-200.7155,13.0,40.05164,-0.5634717
-123.6757,-184.0197,13.0,14.48445,-0.09730945
-112.6925,-182.4575,13.0,20.084220000000002,0.4109735
-105.0397,-196.9956,13.0,26.35772,0.5348531999999999
-106.5857,-218.9838,13.0,33.343059999999994,0.26414770000000004
-106.2556,-245.7504,13.0,39.15266,0.1945104
-88.40279,-269.7841,13.0,42.635459999999995,-0.00020834709999999998
-58.89759,-266.1837,13.0,42.535309999999996,-0.02019856
-49.0781,-236.8849,13.0,45.14458,0.4419276
-44.632490000000004,-204.1364,13.0,41.3769,0.1841786
-26.02091,-177.7081,13.0,46.793079999999996,0.4454228
-0.5289371999999999,-150.8774,13.0,52.473459999999996,-0.06794298
8.421964,-118.6356,13.0,41.52609,-1.558196
-8.114092,-100.3312,13.0,28.17765,-0.33818899999999996
-6.729603,-77.69041999999999,13.0,34.712309999999995,0.48890159999999994
-5.5376769999999995,-49.51962,13.0,41.35965,0.22874940000000002
-4.449344,-16.545720000000003,13.0,47.654920000000004,0.4461238
-5.190504,20.667939999999998,13.0,50.28338,-1.171507
-23.50795,41.7251,13.0,30.806759999999997,-1.426814
-34.26907,34.887409999999996,13.0,13.53969,0.3604498
-35.11398,32.58767,13.0,0.07482909,-0.01486246
-35.1609,32.593720000000005,13.0,0.06567066,-0.03585667
-34.60524,34.23964,13.0,6.119083,0.20577129999999996
-33.07584,41.29029,13.0,10.4675,-0.7404969
-32.23987,44.795390000000005,13.0,0.05529463,-0.0012537639999999999
-33.93464,42.2722,13.0,8.220096,0.2881375
-42.50615,42.3099,13.0,15.773279999999998,0.5151623
-56.439840000000004,45.307179999999995,13.0,22.695079999999997,0.4542887
-75.52341,43.369640000000004,13.0,29.22145,0.46470600000000006
-99.37188,42.371109999999994,13.0,35.22937,0.44132209999999994
-127.1743,40.49265,13.0,40.2085,0.1431468
-147.0316,21.34826,13.0,38.19397,0.06131109
-146.0396,-8.446128999999999,13.0,43.118190000000006,0.4036637
-145.89,-41.664159999999995,14.0,44.554359999999996,-0.3008803
-161.7197,-60.685030000000005,14.0,27.13625,-1.213652
-155.8708,-74.88408000000001,14.0,25.75176,0.2499823
-134.8122,-75.89124,14.0,31.43658,0.3024263
-114.4908,-89.04423,14.0,35.580459999999995,0.2650188
-111.4089,-115.0441,14.0,38.00741,0.07525576
-132.7256,-131.9342,14.0,35.473,-0.8098436999999999
-146.3367,-122.323,14.0,13.98586,-1.131481
-146.1531,-119.6491,14.0,1.938757,0.01789033
-147.0246,-118.5614,14.0,1.710753,0.05671231
-147.8584,-117.7959,14.0,1.9171369999999999,0.27962170000000003
-150.4419,-117.3022,14.0,3.9439040000000003,-0.0008075042999999999
-149.7722,-116.8822,14.0,5.745031,0.6417699
-145.1015,-111.2969,14.0,14.123429999999999,0.5514380999999999
-148.674,-99.51583000000001,14.0,20.93894,0.4849064
-164.2003,-100.3464,14.0,25.10944,0.27674829999999995
-167.2635,-119.7464,14.0,30.694609999999997,0.5102649
-166.5676,-145.0266,14.0,37.62878,0.5009047000000001
-166.7516,-175.3815,14.0,44.21314,0.2194551
-167.253,-210.4502,14.0,50.43677,0.4433617
-161.0554,-246.3008,14.0,42.36043,-0.8559118
-143.0553,-254.1646,14.0,13.08106,-2.229836
-141.5908,-250.541,14.0,3.4073860000000002,-0.2797272
-139.5107,-248.3584,14.0,7.181624,0.5307821999999999
-131.6512,-249.9876,14.0,15.014510000000001,0.2321911
-122.6219,-250.6369,14.0,10.696639999999999,-0.3367676
-121.68700000000001,-242.3649,14.0,15.98664,0.5725384
-125.2924,-227.9106,14.0,24.07539,0.556461
-127.291,-207.4452,14.0,31.46217,0.2538993
-124.0473,-183.3365,14.0,31.886259999999996,-0.2974775
-107.1991,-183.2042,14.0,23.07355,0.3364545
-106.3545,-205.9966,14.0,40.929629999999996,1.589008
-105.9463,-243.2358,14.0,57.26165,-0.003836429
-82.99268000000001,-271.3784,14.0,44.68058,0.09983398
-52.77928000000001,-261.698,14.0,43.72068,-0.150575
-49.35735,-230.0501,14.0,46.219640000000005,0.185693
-39.886509999999994,-196.502,14.0,50.08361,0.37515440000000005
-13.595239999999999,-167.8358,14.0,55.402919999999995,0.3948342
9.558748,-135.6051,14.0,44.76542,-2.699826
1.745626,-114.5626,14.0,26.22809,-0.4593616
-5.764729,-95.02644000000001,14.0,32.14247,0.46904809999999997
-4.357582,-68.76845,14.0,38.98946,0.5219168
-2.508259,-37.44676,14.0,45.5222,0.4478482
-2.52365,-1.459337,14.0,51.60553,0.20212739999999998
-10.69524,34.29804,14.0,45.04652,-0.24501579999999998
-40.56673,41.804840000000006,14.0,44.92864,0.4638152
-76.17269,40.275259999999996,14.0,50.98037,0.20239379999999998
-115.875,41.4312,14.0,53.78294,-1.32921
-143.5356,30.776690000000002,14.0,29.51793,-2.189219
-144.55,21.99343,14.0,2.3126740000000003,0.33840329999999996
-141.9479,24.53417,14.0,4.998183,-0.07185688
-141.7713,24.7312,14.0,5.169953,0.29319320000000004
-146.5332,21.40762,14.0,9.420336,-0.1354432
-149.5675,22.048029999999997,14.0,1.006073,0.686519
-146.1078,19.67448,14.0,10.24992,0.6440679
-141.2771,10.29665,14.0,18.649379999999997,0.5858243000000001
-141.0703,-6.484225,14.0,26.66882,0.2684841
-141.7616,-33.561370000000004,1.0,3.7330989999999997,0.7759423000000001
-141.9829,-38.418459999999996,1.0,10.255560000000001,0.3682866
-145.3372,-48.58643,1.0,18.9634,0.5941595000000001
-158.9223,-58.84038,1.0,26.88645,0.3720243
-158.5034,-75.70969000000001,1.0,25.15342,-0.2968711
-142.8757,-69.40292,1.0,26.32732,-0.1260356
-135.8727,-68.27735,1.0,0.03905809,-0.0025472679999999997
-135.8537,-68.28022,1.0,0.02576652,-0.0003943589
-135.8353,-68.28275,1.0,0.02631727,0.01145142
-135.8849,-68.4882,1.0,2.44164,0.6343879
-135.9191,-71.61169,1.0,4.564302,-0.03142262
-135.7398,-74.71603,1.0,3.780848,-0.0653852
-136.9023,-76.52662,1.0,0.06030499,0.01360037
-133.7562,-75.09015,1.0,9.201868,0.6385584
-123.93700000000001,-76.73928000000001,1.0,17.61228,0.2469036
-114.7669,-89.21795999999999,1.0,25.094620000000003,0.5608221
-110.3248,-109.6883,1.0,31.75484,0.2710508
-123.5273,-130.5562,1.0,36.4118,0.2321036
-145.0003,-127.7268,1.0,24.33127,-1.071212
-140.5663,-113.8628,1.0,24.309,0.4078585
-138.4577,-108.7132,1.0,0.02475548,0.00444757
-138.4585,-108.7309,1.0,0.02608199,0.006819922
-138.7581,-108.6137,1.0,3.451179,0.5001264
-143.7126,-108.7893,1.0,8.066552,-0.07906141
-145.6087,-110.6446,1.0,2.357907,0.33114109999999997
-144.3729,-105.8127,1.0,11.11315,0.5794905
-150.4015,-97.00856,1.0,18.81832,0.7291146
-162.0568,-97.9756,1.0,14.36704,-0.2989255
-166.6968,-110.3565,1.0,25.607029999999998,0.47778729999999997
-170.3708,-133.4359,1.0,36.754329999999996,0.17793789999999998
-162.9821,-161.1583,1.0,37.54514,-0.3795094
-166.9164,-185.5983,1.0,30.09625,-0.2358422
-167.3186,-212.1343,1.0,40.5699,-0.1926136
-165.3291,-239.4179,1.0,32.88054,-0.4079531
-150.0515,-251.0438,1.0,26.16525,0.4982657999999999
-128.7813,-246.0849,1.0,32.43694,0.6172314
-124.2908,-229.6689,1.0,23.3863,0.5410633
-129.5955,-214.7216,1.0,22.8013,0.3865905
-122.8874,-201.4994,1.0,17.74805,-0.310612
-124.633,-188.9882,1.0,15.233970000000001,-0.2132802
-114.65100000000001,-184.4031,1.0,19.82884,-0.2277308
-110.5033,-195.3777,1.0,14.66027,-0.24272249999999998
-110.0174,-206.0936,1.0,16.86617,0.5958235
-108.6591,-221.4912,1.0,24.790229999999998,0.5594180000000001
-106.182,-242.4586,1.0,32.1383,0.24558609999999997
-94.38335,-265.0349,1.0,37.45292,0.2671481
-67.46489,-269.5833,1.0,39.48095,-0.03935696
-52.05591,-246.4069,1.0,40.157309999999995,0.35864959999999996
-47.470240000000004,-215.1721,1.0,45.39647,0.4252885
-27.961009999999998,-185.6232,1.0,50.7298,0.2139844
-2.436257,-155.1544,1.0,56.400859999999994,0.1714019
11.941130000000001,-117.9701,1.0,42.97249,-4.862451
10.20074,-104.445,1.0,1.5199120000000002,-0.1226306
9.747455,-104.2364,1.0,0.03284644,-0.01341303
11.48386,-105.3855,1.0,6.014708000000001,0.3870059
16.77413,-107.2917,1.0,7.094222,-0.8348421
18.2486,-107.005,1.0,2.669363,0.6445459
13.352379999999998,-108.7723,1.0,11.28858,0.6088633000000001
3.3387599999999997,-111.6963,1.0,16.62112,0.1953915
0.4338299,-98.94113,1.0,22.48619,0.5816758000000001
-1.728214,-80.41913000000001,1.0,29.08063,0.5122383
-5.46916,-56.78396,1.0,35.74586,0.520705
-6.299986,-27.89855,1.0,42.240520000000004,0.2236071
-6.373473000000001,5.699857,1.0,48.351929999999996,0.2026611
-11.93631,38.4228,1.0,35.82877,-2.296696
-23.59185,42.859140000000004,1.0,14.209060000000001,0.5821025
-35.25712,37.70725,1.0,21.32806,0.5414528000000001
-53.65191,39.86047,1.0,28.55585,0.49743240000000005
-77.41176,39.53297,1.0,35.52219,0.4787215
-106.1458,40.09043,1.0,42.04725,0.2296572
-136.9152,38.481609999999996,1.0,35.120509999999996,-1.532017
-143.3227,25.01955,1.0,11.225480000000001,-0.7308984000000001
-137.7519,24.27921,1.0,0.06406828,-0.5037557
-137.7518,24.23096,1.0,0.05671228,0.02353602
-138.0382,24.30463,1.0,2.891436,0.3522333
-142.8418,24.39444,1.0,9.438383,0.1658999
-149.8707,25.00814,1.0,6.178725,-0.40038190000000007
-150.8166,25.27146,1.0,3.1473,0.5971888000000001
-147.4592,21.30515,1.0,11.22883,0.5520439
-149.9445,11.04101,1.0,18.31981,0.5052202
-150.2077,-3.978818,1.0,24.20608,0.2465238
-146.3946,-23.97859,1.0,30.754140000000003,0.46506790000000003
-150.8201,-47.141870000000004,2.0,32.43764,-0.3436343
-167.0307,-62.779669999999996,2.0,28.7396,-0.844057
-157.8368,-72.58628,2.0,12.04924,-0.7319472
-155.7222,-68.52703000000001,2.0,0.07578419,-0.11727830000000002
-155.6843,-68.52805,2.0,0.04443051,0.03450503
-156.0126,-69.79626,2.0,4.885438,0.28286500000000003
-156.4834,-73.52318000000001,2.0,4.826358,-0.02212672
-156.8369,-74.93019,2.0,2.708377,0.358559
-152.0086,-72.73538,2.0,11.95633,0.6014026
-141.9692,-78.47952,2.0,20.18311,0.5550904999999999
-128.3043,-83.06664,2.0,17.802310000000002,-0.29923
-116.5902,-91.06801999999999,2.0,26.216920000000002,0.6510302
-111.4978,-111.8991,2.0,30.927979999999998,0.04447807
-126.7845,-129.3963,2.0,32.763729999999995,-0.06528918
-144.8457,-124.8397,2.0,20.7592,-0.02715675
-139.1917,-110.7305,2.0,22.638460000000002,-0.6799881999999999
-147.4908,-101.5508,2.0,20.67003,0.5634611999999999
-160.4492,-106.7289,2.0,17.20973,-0.33972440000000004
-161.6972,-119.01,2.0,17.3477,0.29098029999999997
-165.0782,-133.7029,2.0,24.54812,0.5747371
-165.2635,-154.7958,2.0,32.37171,0.5749785
-165.5464,-181.6168,2.0,39.73924,0.5080709
-165.9742,-213.6379,2.0,46.6536,0.4607291
-161.9976,-244.9812,2.0,26.849529999999998,-1.287512
-146.9185,-251.9985,2.0,26.410259999999997,0.28815290000000005
-126.9936,-246.3269,2.0,28.867070000000002,-0.43723359999999994
-128.1527,-227.6478,2.0,28.90049,1.045192
-126.1625,-202.9164,2.0,37.13969,0.6127845000000001
-122.5749,-184.705,2.0,10.5412,-0.1195296
-113.5461,-186.1331,2.0,16.56851,0.47408859999999997
-110.3147,-200.5213,2.0,24.26347,0.30968809999999997
-108.3844,-221.3669,2.0,32.156490000000005,0.5542366
-103.5582,-247.4863,2.0,39.33365,0.45721140000000005
-84.51716,-269.9217,2.0,41.23426,-0.5393699000000001
-56.95718000000001,-261.1868,2.0,42.08787,0.26684840000000004
-49.3872,-231.97799999999998,2.0,44.28517,0.213628
-42.10839,-198.581,2.0,48.6855,0.10601949999999999
-16.63784,-170.3493,2.0,54.50133,0.4406791
7.271461,-138.0758,2.0,42.40931,-1.9864509999999997
4.424792,-121.5395,2.0,19.68737,0.2983632
-5.4769440000000005,-107.61,2.0,27.021290000000004,0.47627939999999996
-6.704416999999999,-84.92928,2.0,34.50403,0.5282585999999999
-6.776807000000001,-56.68951,2.0,41.70612,0.24280929999999998
-7.039217999999999,-23.21288,2.0,48.50819,0.4887039000000001
-7.358382000000001,15.09423,2.0,54.8923,0.4667482
-18.27094,44.1741,2.0,27.91263,-2.4085080000000003
-25.95352,45.593059999999994,2.0,2.360704,0.3793179
-26.97215,40.98254,2.0,11.141910000000001,0.6009161
-37.4243,42.02198,2.0,19.21089,0.3217866
-53.47045,46.44287,2.0,26.46068,0.5353352
-75.6211,42.83596,2.0,34.09963,0.27679729999999997
-103.6327,41.411120000000004,2.0,41.33321,0.2561819
-136.3158,37.72298,2.0,45.64421,-0.5878113
-150.53799999999998,21.23486,2.0,15.588389999999999,-1.252182
-148.2478,19.40094,2.0,6.1992709999999995,0.33858140000000003
-143.2742,14.68625,2.0,14.55095,0.5930069
-148.6278,2.491214,2.0,22.439770000000003,0.5483384
-148.3013,-15.00123,2.0,28.2066,0.5729848000000001
-142.0151,-34.54755,3.0,9.774697,1.000533
-144.2819,-42.81937,3.0,11.41873,-0.02978789
-151.3847,-51.13089,3.0,17.53965,-0.2967014
-162.3643,-54.649480000000004,3.0,13.90502,-0.263561
-166.5087,-61.6438,3.0,10.31555,-0.15326420000000002
-162.8087,-68.93279,3.0,14.85114,0.5980201999999999
-149.9391,-72.10245,3.0,22.46131,0.30108670000000004
-130.9103,-75.20818,3.0,30.38025,0.49062120000000004
-114.4483,-86.60342,3.0,24.51681,-0.37429640000000003
-107.8073,-103.7422,3.0,29.20412,-0.4707749
-112.3084,-122.435,3.0,23.4493,-0.40684790000000004
-124.4068,-132.3556,3.0,22.60332,0.5411682
-140.48,-129.835,3.0,23.15919,0.7054753
-147.1638,-109.7601,3.0,28.957759999999997,-0.8070175
-160.37,-103.9607,3.0,17.15708,0.20602910000000002
-167.0036,-116.9884,3.0,24.37161,0.5852101
-169.4149,-137.8221,3.0,32.19514,0.2682427
-168.4052,-164.2693,3.0,39.3501,0.2413583
-166.8436,-195.9647,3.0,46.13547,0.2159401
-163.9747,-231.9167,3.0,48.99545,-0.604675
-152.4198,-258.2207,3.0,31.78967,-1.1283100000000001
-134.41,-252.1005,3.0,28.794390000000003,0.5405979999999999
-124.9503,-231.2449,3.0,33.8164,0.295457
-128.2545,-204.8763,3.0,35.27769,-0.212193
-122.6994,-181.8251,3.0,27.047659999999997,-1.33902
-108.897,-183.3184,3.0,20.68662,0.09828548
-109.3136,-200.7368,3.0,27.03037,0.2641252
-104.5934,-222.4462,3.0,30.95712,-0.24009210000000003
-106.2342,-243.5755,3.0,28.52611,0.9645836
-98.33664,-267.0938,3.0,36.80741,0.0256481
-72.46603,-269.0045,3.0,38.87603,0.708674
-58.725719999999995,-268.0999,3.0,10.19309,-1.0248389999999998
-56.24831,-266.7316,3.0,1.7002490000000001,0.5877151999999999
-57.21131999999999,-267.3949,3.0,0.04392444,-0.3730901
-55.62746,-265.7942,3.0,6.032195,0.2581992
-51.64382,-262.3215,3.0,7.990289999999999,0.03962449
-48.16362,-263.7211,3.0,0.3630792,-0.5746751999999999
-49.59214,-260.8508,3.0,8.695858,0.5903892
-49.16922,-251.5587,3.0,16.81805,0.5666665
-45.49844,-236.6636,3.0,24.5174,0.5483353
-42.9794,-215.9321,3.0,31.722109999999997,0.5130644
-38.367340000000006,-190.5333,3.0,37.26713,0.09615999
-18.470489999999998,-169.0051,3.0,42.81025,-0.5754494000000001
-1.369027,-153.6666,3.0,23.15871,-0.1895335
9.766715,-143.2937,3.0,18.14639,-0.1816969
11.38659,-131.9922,3.0,13.78195,-0.2603373
5.034121,-120.6365,3.0,21.56233,0.6135616999999999
-4.600666,-104.8442,3.0,28.684759999999997,0.2514619
-10.150910000000001,-81.67246,3.0,35.405609999999996,0.48832749999999997
-9.047569000000001,-53.13109,3.0,41.805820000000004,0.4483969
-4.270526,-20.29034,3.0,44.98175,-0.6580286999999999
-3.8268489999999997,7.233886,3.0,22.89079,-1.071598
-4.812079,14.78381,3.0,3.4353519999999995,-0.09618960000000001
-5.974613,20.73048,3.0,12.70149,0.32208790000000004
-10.3098,32.32958,3.0,20.71572,0.5301244
-24.59151,42.67495,3.0,27.776,0.5370406999999999
-47.14725,44.64076,3.0,34.24409,0.24551820000000002
-75.07988,44.274640000000005,3.0,41.02995,0.2326902
-107.7907,42.0108,3.0,47.09384,-0.570012
-139.3872,36.762609999999995,3.0,39.227140000000006,-0.1605531
-149.1622,15.47228,3.0,32.455940000000005,0.2342533
-144.4372,-9.062673,3.0,37.03035,0.513415
-144.0956,-38.83393,4.0,41.28058,-0.5334044
-155.5015,-54.16356,4.0,18.33165,-0.3087333
-167.8553,-58.92012,4.0,18.85616,0.2384186
-159.8131,-71.05528000000001,4.0,24.421670000000002,0.438971
-139.6308,-72.92563,4.0,30.786929999999998,0.3947933
-117.9596,-84.65541,4.0,36.48798,0.38330890000000006
-108.8569,-110.4394,4.0,37.80832,-0.4054942
-125.3706,-131.6964,4.0,36.36515,-0.4476852
-144.9762,-122.7229,4.0,29.696659999999998,-0.27176669999999997
-147.2149,-101.4322,4.0,25.2607,-1.2976239999999999
-159.6409,-100.90100000000001,4.0,20.30631,0.4850459
-167.3022,-116.1677,4.0,27.09086,0.2509595
-170.351,-138.7398,4.0,34.32719,0.4798159000000001
-168.6113,-166.5401,4.0,40.94399,0.4930027
-165.7503,-199.1396,4.0,47.3376,0.2311967
-163.1622,-235.2079,4.0,44.55257,-0.8280146999999999
-155.3385,-253.5621,4.0,19.48651,-0.173012
-140.8495,-258.2497,4.0,24.18163,0.1624612
-128.8426,-245.5759,4.0,28.20556,0.2838132
-125.4436,-222.4154,4.0,34.67253,0.20972529999999998
-128.4462,-194.8166,4.0,39.77708,0.34343979999999996
-111.0165,-176.7013,4.0,32.18951,-0.8243935
-99.78685,-189.5336,4.0,22.69538,-0.3781598
-113.697,-197.7463,4.0,23.29888,-0.48196980000000006
-114.555,-201.5548,4.0,0.013959000000000001,0.003962649
-114.5278,-201.5584,4.0,0.7314811,0.38719929999999997
-111.7904,-201.4979,4.0,6.215026,0.2387089
-109.6858,-198.3365,4.0,1.8234380000000001,-0.300942
-109.5346,-199.8377,4.0,5.729033,0.5102869000000001
-108.2362,-206.5607,4.0,12.7095,0.5112406
-106.0258,-218.2443,4.0,19.23029,0.4590496
-105.3966,-234.6956,4.0,25.27066,0.43566809999999995
-104.1186,-255.2522,4.0,30.3553,0.3122438
-87.75480999999999,-271.2745,4.0,33.18327,0.1252994
-62.75244,-267.5029,4.0,36.72061,0.2590705
-49.25591,-245.1383,4.0,37.564,0.3407166
-47.48019,-215.6886,4.0,41.97122,0.2954211
-34.8929,-185.6519,4.0,45.74725,0.13792820000000003
-9.904869999999999,-162.2885,4.0,44.10696,-2.115611
6.355054,-147.1897,4.0,21.225260000000002,-0.46865070000000003
12.790610000000001,-135.8282,4.0,16.721529999999998,0.917222
5.401356,-121.3342,4.0,25.85451,0.43200900000000003
-5.619502,-103.5163,4.0,31.04155,0.1834034
-10.380999999999998,-79.02244,4.0,36.18865,0.1835874
-8.766409,-50.50489,4.0,41.02413,0.3532712
-3.007213,-18.83982,4.0,45.742459999999994,0.35826779999999997
-4.076676,16.09563,4.0,48.35236,-0.42334540000000004
-15.550679999999998,37.37778,4.0,28.8383,0.3210789
-37.308009999999996,43.89462,4.0,33.40658,0.3539683
-63.95378,43.22482,4.0,38.57781,0.3645067
-94.37767,42.66022,4.0,43.44373,0.3342136
-125.4379,39.399,4.0,36.38499,-0.7302483000000001
-140.6616,35.33903,4.0,15.92634,0.42681790000000003
-147.4632,23.54533,4.0,21.68411,0.1953152
-146.8359,5.43761,4.0,27.42629,0.42115929999999996
-142.2872,-16.504920000000002,4.0,32.932970000000005,0.18732720000000003
-144.4005,-41.01015,5.0,30.230890000000002,-0.7865376999999999
-159.6868,-53.683330000000005,5.0,28.691409999999998,0.38098699999999996
-167.7894,-67.00681,5.0,18.30775,0.06360027
-155.9162,-69.82222,5.0,17.39657,0.4027766
-139.8556,-73.0525,5.0,25.31561,0.2161317
-120.4857,-80.46989,5.0,30.688979999999997,0.33074570000000003
-107.8196,-99.9648,5.0,33.84769,0.177722
-114.1741,-123.8156,5.0,32.391490000000005,-0.347433
-132.6925,-132.8774,5.0,25.21716,-0.35691259999999997
-142.7795,-120.1487,5.0,25.477870000000003,0.1994371
-153.1209,-102.7957,5.0,28.63907,-0.3339743
-165.7463,-105.1547,5.0,15.53796,0.3788331
-165.0934,-117.9226,5.0,20.795920000000002,0.5253689
-167.6531,-136.6746,5.0,32.92246,1.316574
-168.2144,-167.5071,5.0,46.46906,0.4433265
-164.2288,-203.8129,5.0,50.5374,-0.8560203000000002
-163.9689,-230.542,5.0,22.12622,-0.45881990000000006
-162.2976,-244.7463,5.0,16.59795,-0.2230758
-156.19799999999998,-254.335,5.0,18.18064,0.9576949
-140.6398,-259.8212,5.0,27.041320000000002,0.582581
-127.1072,-242.4609,5.0,36.61039,0.8196895000000001
-126.9389,-212.8877,5.0,39.57275,-0.2715856
-128.1359,-192.5691,5.0,19.54849,-0.2426149
-120.785,-182.9945,5.0,17.8348,0.35852629999999996
-105.8113,-186.5544,5.0,24.365920000000003,0.01715898
-102.6352,-206.18099999999998,5.0,32.17129,0.43198869999999995
-104.7433,-232.3156,5.0,37.28141,0.16997179999999998
-104.1624,-257.6113,5.0,30.30477,-0.6068481
-88.10986,-271.2247,5.0,31.70552,0.275248
-63.78471,-268.3132,5.0,35.46451,0.151093
-50.12839,-246.4808,5.0,37.61786,0.16843160000000001
-46.25695,-216.8459,5.0,42.511509999999994,0.3471059
-36.36951,-185.5457,5.0,46.20255,0.1499903
-11.85548,-161.85399999999998,5.0,36.78096,-3.835372
-0.16999039999999999,-154.2904,5.0,12.41888,-0.3422765
5.893498999999999,-149.7633,5.0,8.149656,-0.2832046
9.914933999999999,-145.7517,5.0,9.75111,0.49937380000000003
13.23441,-136.8839,5.0,16.18948,0.4256689
8.078466,-123.8955,5.0,22.09966,0.42821750000000003
-2.5647130000000002,-108.7741,5.0,27.84198,0.391339
-9.290751,-87.19506,5.0,33.19448,0.37412829999999997
-9.963892999999999,-60.87615,5.0,38.12461,0.358765
-4.444083999999999,-31.30082,5.0,42.98292,0.3412967
-1.374415,1.520908,5.0,41.66488,-0.7361223000000001
-5.726014,22.65835,5.0,11.431189999999999,-2.412405
-9.430368,30.601509999999998,5.0,15.841529999999999,0.4727146
-19.25019,40.2764,5.0,21.823729999999998,0.45023029999999997
-36.67306,45.10351,5.0,27.3875,0.2014735
-59.03807,45.10709,5.0,32.97227,0.39889359999999996
-85.44937,44.081759999999996,5.0,38.233340000000005,0.36211750000000004
-115.1546,41.4855,5.0,38.48666,-1.709712
-136.183,38.40652,5.0,18.98012,1.215409
-146.3364,25.95085,5.0,25.015060000000002,0.3930537
-147.1057,5.65918,5.0,30.20634,0.389968
-142.2065,-18.212979999999998,5.0,35.492940000000004,0.3653584
-144.0324,-39.97122,6.0,16.42783,-2.000293
-148.9129,-49.29205,6.0,18.902160000000002,0.6541323
-160.6411,-55.70638,6.0,15.63445,-0.2055922
-166.2606,-63.1959,6.0,14.72323,0.7186434
-156.5858,-72.74320999999999,6.0,23.88804,0.7290335
-133.89700000000002,-73.0946,6.0,36.6966,0.561826
-110.8072,-90.9536,6.0,39.9672,-0.7158694999999999
-114.6884,-113.5153,6.0,18.76051,-2.235113
-117.9862,-122.2247,6.0,13.76385,0.602959
-125.27799999999999,-132.9433,6.0,16.97552,-0.05702407
-138.9527,-131.2809,6.0,22.42199,0.1751292
-145.2198,-114.3681,6.0,27.544079999999997,-0.2892687
-150.0515,-104.4393,6.0,7.191935000000001,-0.1014199
-156.5843,-100.84100000000001,6.0,14.435189999999999,0.5929914000000001
-165.8747,-105.9788,6.0,16.73735,0.5272498999999999
-167.5714,-122.4671,6.0,29.251990000000003,0.9929247
-168.8685,-149.0627,6.0,41.85775,0.4234389
-167.37900000000002,-184.0867,6.0,52.43335,0.6616699
-163.715,-223.2693,6.0,49.030120000000004,-0.8232616
-159.6452,-253.2294,6.0,32.370020000000004,-1.5482040000000001
-142.1313,-257.6589,6.0,21.39929,-0.48629979999999995
-129.6951,-249.5556,6.0,23.77499,0.18015479999999998
-124.9812,-230.6769,6.0,29.109270000000002,0.3731042
-127.56,-207.3418,6.0,34.40786,0.3807724
-126.2028,-185.1828,6.0,17.94503,-1.182242
-113.4694,-183.0998,6.0,21.31241,0.1790894
-103.60600000000001,-196.5262,6.0,25.875529999999998,0.4034002
-103.2335,-217.6671,6.0,31.31454,0.41267489999999996
-105.8352,-242.7096,6.0,36.58997,0.33768190000000003
-97.6347,-268.6916,6.0,37.3528,-0.42171899999999996
-73.88920999999999,-270.5873,6.0,29.145909999999997,-0.5580453000000001
-56.21173,-264.4445,6.0,21.89639,-0.1031682
-48.542120000000004,-247.6989,6.0,29.325329999999997,0.38206840000000003
-45.00885,-224.1595,6.0,34.78297,0.386352
-41.59132,-196.7366,6.0,39.69809,0.13813570000000003
-24.4541,-172.833,6.0,42.16917,0.36664559999999996
-3.326825,-157.1637,6.0,21.35764,-2.108441
5.040496,-150.7683,6.0,12.08442,-0.002649622
11.200619999999999,-143.63299999999998,6.0,14.478629999999999,0.21876620000000002
11.62787,-130.2555,6.0,22.83478,0.6102115
-1.437449,-113.7074,6.0,35.34937,0.48534170000000004
-9.255807,-83.7244,6.0,48.87345,0.9505909
-7.402744,-43.09402,6.0,59.9964,0.0909771
-1.348121,0.9236288,6.0,55.066269999999996,-2.483877
-7.221750999999999,25.17159,6.0,21.27347,-0.4517278
-16.37126,38.76517,6.0,25.81356,0.6415408
-38.460679999999996,45.16832,6.0,37.75439,1.06239
-72.08803,44.382220000000004,6.0,52.6723,0.9629703000000002
-112.9555,41.880790000000005,6.0,41.78795,-4.42855
-128.5533,39.07543,6.0,13.06254,-0.3565202
-139.8916,35.91476,6.0,22.35236,0.30682220000000004
-147.644,20.55669,6.0,26.617929999999998,0.19766589999999998
-145.5129,-1.074553,6.0,32.15854,0.4075032
-141.0804,-26.44407,6.0,36.85304,0.1862142
-142.1826,-37.70963,7.0,10.62309,0.2511433
-146.0081,-47.18172,7.0,17.03139,0.4358834
-158.8638,-54.001580000000004,7.0,22.78283,0.3257433
-168.3288,-66.23321,7.0,18.43904,-0.28340540000000003
-162.1467,-75.85704,7.0,16.44593,0.11364280000000002
-149.0428,-75.50061,7.0,20.05005,0.07973330000000001
-134.1342,-73.31766,7.0,21.73225,0.247529
-117.9417,-80.66931,7.0,28.715640000000004,0.3702807
-108.0623,-100.6185,7.0,32.64264,0.28766040000000004
-116.7743,-123.6237,7.0,35.6381,0.09598674
-140.988,-130.7441,7.0,31.072129999999998,-1.50379
-146.2,-119.4969,7.0,11.75637,-0.3835841
-143.0566,-111.6315,7.0,16.85219,0.5097431
-150.8691,-102.2793,7.0,16.60219,0.08955764
-163.6766,-105.5428,7.0,21.35006,-0.09997497
-166.1331,-119.9436,7.0,20.86267,0.23648429999999998
-167.0422,-138.4697,7.0,30.719820000000002,0.5531640999999999
-169.5999,-166.423,7.0,44.627959999999995,0.9303606
-170.0524,-203.937,7.0,56.045469999999995,0.16160850000000002
-166.4446,-240.2287,7.0,38.398579999999995,-2.794873
-150.7089,-254.2252,7.0,24.88427,-0.2181888
-134.3262,-252.1138,7.0,22.65529,0.05780809
-125.7226,-237.4241,7.0,29.15304,0.7222430000000001
-126.0827,-213.6061,7.0,34.84592,0.3956827
-124.8856,-186.6107,7.0,31.75453,-2.8326849999999997
-114.6274,-180.4431,7.0,14.51431,0.3796036
-109.5374,-192.9096,7.0,22.10894,0.4520255
-108.8263,-211.5098,7.0,28.041459999999997,0.420258
-108.5114,-234.3547,7.0,33.612770000000005,0.3912172
-101.3424,-259.4162,7.0,37.43623,0.1815716
-77.17461999999999,-272.9359,7.0,39.36437,0.01370044
-53.27097,-259.1462,7.0,39.37263,0.04090219
-49.13223,-229.5835,7.0,42.772220000000004,0.3380071
-40.07116,-198.4773,7.0,45.47197,0.1952525
-16.28527,-172.3904,7.0,49.84983,0.1543398
6.1024199999999995,-143.2839,7.0,40.6588,-2.543029
6.959067,-123.0032,7.0,24.395529999999997,0.8722428
-4.660287,-104.9854,7.0,32.86166,0.33404959999999995
-3.962244,-75.30304,7.0,49.08866,0.6418149999999999
-0.5023791,-32.94347,7.0,65.18301,1.118227
-2.624463,15.46605,7.0,58.99935,-1.6603450000000002
-16.426379999999998,41.44807,7.0,29.49783,-1.084819
-40.82219,40.704679999999996,7.0,38.85386,0.36484629999999996
-71.49361999999999,40.40493,7.0,43.74733,0.33888959999999996
-105.60799999999999,41.08194,7.0,48.306129999999996,0.1737368
-140.0345,36.91554,7.0,36.91216,-1.653878
-146.7229,17.785629999999998,7.0,29.89361,0.20599279999999998
-145.1594,-6.3799220000000005,7.0,35.30948,0.392226
-146.0917,-34.39424,8.0,40.3278,0.1447405
-160.8969,-56.64274,8.0,33.4256,-1.224942
-167.7623,-70.84657,8.0,23.33527,0.7536379
-151.3396,-78.82935,8.0,28.686220000000002,0.1859195
-128.5266,-78.67692,8.0,32.63171,0.05655954
-112.1626,-97.0489,8.0,35.638740000000006,0.10022130000000001
-116.5299,-122.7417,8.0,37.20163,0.03905562
-140.5064,-131.3285,8.0,28.809959999999997,-2.663252
-146.3132,-127.2154,8.0,2.863101,0.32125909999999996
-142.606,-123.2808,8.0,11.02833,0.467819
-143.2492,-113.1292,8.0,17.29533,0.4328062
-153.8064,-103.0346,8.0,22.68671,0.13878870000000001
-167.3006,-110.2479,8.0,24.27964,0.112525
-166.574,-129.9846,8.0,29.54545,0.38727540000000005
-169.6707,-153.6045,8.0,34.79867,0.3908771
-170.5318,-181.0533,8.0,39.64435,0.3740677
-168.9839,-212.2896,8.0,44.45238,0.3568363
-164.4697,-245.7876,8.0,43.65922,-0.5612189000000001
-141.4831,-255.8166,8.0,30.450570000000003,-0.44671930000000004
-127.9756,-240.1695,8.0,31.03397,0.2352446
-127.3715,-215.562,8.0,35.92138,0.1860436
-125.0273,-187.78799999999998,8.0,36.1839,-0.681233
-112.7235,-180.32,8.0,14.61316,0.009651871999999999
-107.3134,-192.1461,8.0,21.2976,0.446746
-106.6399,-210.1357,8.0,27.251279999999998,0.2033886
-105.8792,-232.4951,8.0,32.89164,0.4051409
-100.9656,-257.8532,8.0,37.07697,0.07283932
-78.3857,-272.86,8.0,38.57492,-0.01620233
-53.75864,-260.4542,8.0,39.500809999999994,0.02994328
-46.96058,-231.6368,8.0,42.58797,0.35185659999999996
-41.26177,-199.3649,8.0,45.49435,-0.1204886
-17.66731,-174.3002,8.0,48.64034,0.1427932
5.0325489999999995,-145.2419,8.0,47.02417,-1.486968
4.881583,-118.4993,8.0,33.68623,0.6388994
-6.963522,-93.84432,8.0,39.06238,0.16431279999999998
-2.217873,-63.65387,8.0,43.61313,0.3280445
-1.346598,-29.607,8.0,48.14967,0.3158185
-2.082505,7.6617690000000005,8.0,52.43339,0.12946660000000002
-13.43971,39.263220000000004,8.0,34.8438,-1.8896080000000002
-26.31878,41.56812,8.0,4.585224,-0.48243199999999997
-28.64974,37.25439,8.0,10.449019999999999,0.4492249
-37.18434,41.25104,8.0,16.74101,0.24694839999999998
-47.20297,48.603120000000004,8.0,8.020845,-1.476539
-48.02111,48.58682,8.0,0.02461542,-0.03893269
-48.35177,47.37231,8.0,4.198702,0.1814343
-47.661970000000004,43.83678,8.0,4.929061,-0.15307820000000003
-48.00258,43.95456,8.0,5.534331,0.6919966999999999
-54.899069999999995,46.425290000000004,8.0,14.4294,0.31689720000000005
-68.65111,44.9812,8.0,22.85913,0.5746005999999999
-88.42866,42.44492,8.0,30.776659999999996,0.5671855
-113.8982,43.67787,8.0,38.05082,0.5125365
-140.4353,35.82549,8.0,38.63787,-0.13870729999999998
-144.0231,6.892836,8.0,44.047909999999995,0.6611252
-147.0329,-27.90002,8.0,46.69464,-0.3308115
-142.1148,-35.07805,9.0,2.508841,-0.03007875
-143.6409,-40.7103,9.0,13.38011,0.31677740000000004
-148.9168,-49.16488,9.0,12.22183,-0.1007544
-157.2524,-53.105059999999995,9.0,14.35315,-0.2071437
-165.4956,-57.40156999999999,9.0,11.22897,-0.2232846
-166.2708,-65.48973000000001,9.0,15.497979999999998,0.5239436
-155.1146,-73.55452,9.0,18.90055,-0.17756970000000002
-142.4963,-72.79739000000001,9.0,15.320529999999998,-0.2270471
-128.8154,-75.15643,9.0,25.00544,0.232287
-113.5354,-86.06526,9.0,26.072470000000003,0.02299408
-107.1833,-103.9059,9.0,24.37526,-0.3864667
-108.9773,-115.73,9.0,11.77481,-0.1740732
-112.8206,-124.7561,9.0,19.49135,0.6135713
-124.4499,-134.3936,9.0,19.17615,-0.170723
-136.7878,-133.1963,9.0,15.5432,-0.08658042
-144.8814,-122.2112,9.0,23.82779,0.2721372
-151.2731,-103.9001,9.0,21.48185,-1.532619
-161.2733,-99.98980999999999,9.0,12.95787,-0.34845709999999996
-166.6223,-109.7288,9.0,21.99316,0.5802206999999999
-168.5468,-131.407,9.0,36.25039,0.4561519
-168.9869,-162.2042,9.0,44.84527,0.14949500000000002
-165.7266,-196.6268,9.0,47.66988,-0.6183017
-163.1105,-228.6258,9.0,38.28332,-0.9358985999999999
-159.3545,-250.3172,9.0,25.097360000000002,-0.2571418
-146.3212,-259.9818,9.0,19.75473,-0.4046585
-133.7218,-255.7334,9.0,22.35591,0.4531263
-125.2113,-235.5694,9.0,35.53069,0.2408589
-127.4644,-208.852,9.0,31.904429999999998,-1.127483
-128.5547,-192.649,9.0,15.26118,-0.1154818
-124.5085,-183.4305,9.0,14.410129999999999,0.6891130999999999
-111.7218,-182.7646,9.0,18.4452,-0.3057554
-103.6177,-191.1302,9.0,15.110339999999999,0.2921341
-102.6413,-207.3609,9.0,29.401709999999998,0.4721501
-105.2721,-232.65400000000002,9.0,37.90906,0.07616583
-103.2963,-259.3534,9.0,34.93954,-0.23701
-84.28,-273.0167,9.0,32.73325,0.1418314
-61.36931,-267.2456,9.0,31.97318,-0.117651
-49.58419,-246.4859,9.0,34.57846,0.1278599
-45.36476,-220.1526,9.0,36.905440000000006,-0.008416333
-40.37157,-194.2053,9.0,33.93562,-0.4322629
-28.27662,-174.7868,9.0,28.14053,-0.7226630999999999
-13.3331,-163.3615,9.0,23.00817,-0.3252395
-0.14496610000000001,-154.6796,9.0,19.47796,-0.2728756
10.127410000000001,-145.60299999999998,9.0,20.10805,0.28566030000000003
10.9405,-129.2271,9.0,25.85961,0.22814520000000002
-1.915413,-112.876,9.0,29.53414,0.09635116
-9.430503999999999,-92.25957,9.0,30.102729999999998,0.0620889
-11.16456,-69.32741999999999,9.0,33.04195,0.3168803
-7.844600999999999,-43.95585,9.0,35.42617,0.08376852
-3.189509,-17.71341,9.0,36.49496,0.02600437
-2.546355,7.977372999999999,9.0,29.70925,-1.001524
-6.696231,25.663120000000003,9.0,20.31495,-0.3068187
-15.620479999999999,38.21394,9.0,25.47689,0.5496251999999999
-35.656620000000004,45.255829999999996,9.0,32.37516,0.24134829999999996
-62.228530000000006,43.880759999999995,9.0,39.54482,0.5444418000000001
-94.21435,43.88386,9.0,46.361959999999996,0.22777809999999998
-128.6341,40.20578,9.0,41.34366,-1.558781
-147.2605,24.78117,9.0,34.34437,-0.02775186
-142.17700000000002,-1.941873,9.0,40.05632,0.445301
-143.1964,-30.92199,9.0,28.39095,-1.640063
-146.9189,-44.2426,10.0,18.28396,0.9271789
-156.9913,-53.99661,10.0,17.65864,-0.1338954
-166.5391,-60.28151,10.0,13.585460000000001,-0.35756059999999995
-163.5974,-70.42161999999999,10.0,18.57764,0.10949729999999999
-150.8526,-72.84441,10.0,18.45156,0.1266136
-137.5761,-73.07738,10.0,17.08879,0.11270119999999999
-121.3382,-78.96634,10.0,27.83473,0.5125397
-107.9624,-96.92808000000001,10.0,33.859140000000004,0.3764814
-111.4406,-122.3021,10.0,31.65665,-1.25336
-125.6371,-133.1268,10.0,21.451539999999998,-0.2007052
-139.1243,-131.1783,10.0,16.74346,-0.02675178
-145.6413,-117.5701,10.0,24.87217,0.3755656
-150.3947,-104.5596,10.0,4.363903,-0.1827606
-154.6084,-101.3002,10.0,11.66208,0.2795842
-164.6149,-103.6979,10.0,18.144170000000003,0.42031949999999996
-167.8627,-119.0279,10.0,24.92517,0.4652914000000001
-168.8507,-140.0662,10.0,31.99738,0.6764760999999999
-168.3837,-165.7914,10.0,36.725640000000006,0.45859160000000004
-166.7312,-194.2431,10.0,39.83524,0.1094943
-164.3303,-221.9075,10.0,33.68529,-0.5434880999999999
-162.5229,-244.1554,10.0,26.720190000000002,-0.2689287
-152.2421,-257.4391,10.0,20.52533,0.1594181
-135.9827,-257.60400000000004,10.0,23.80508,-0.05381074
-126.6856,-241.8179,10.0,26.928729999999998,0.12677570000000002
-125.3542,-221.0141,10.0,29.96922,0.2387664
-127.6945,-200.2115,10.0,21.37775,-0.8131983
-127.5009,-187.912,10.0,14.18815,-0.3303492
-120.7299,-182.0626,10.0,14.32249,0.2248729
-108.4674,-184.30900000000003,10.0,18.276889999999998,-0.06796895
-102.9932,-196.1404,10.0,19.43094,0.1830734
-103.7749,-211.5056,10.0,21.749879999999997,0.02042896
-104.9362,-227.6973,10.0,23.49896,0.7448435
-106.0712,-247.6808,10.0,29.810129999999997,0.0634048
-98.51589,-267.5783,10.0,29.31542,0.1436935
-74.8595,-271.9179,10.0,37.08614,0.31918309999999994
-52.309670000000004,-257.2378,10.0,37.71663,-0.01501302
-47.17177,-227.5436,10.0,43.16944,0.1845754
-41.11096,-196.9998,10.0,38.115990000000004,-0.6526379
-28.458540000000003,-175.562,10.0,29.95869,-0.5236563
-12.81203,-163.4266,10.0,23.30205,-1.3291959999999998
-3.607506,-157.0187,10.0,14.66209,0.9780179
7.619963,-148.4893,10.0,19.41253,-0.1281722
13.28035,-134.3664,10.0,26.09449,0.3402759
0.9407094000000001,-117.7003,10.0,31.395590000000002,0.42012380000000005
-8.931817,-94.92169,10.0,34.95293,-0.6053135000000001
-10.230369999999999,-71.07155999999999,10.0,33.01083,0.47585959999999994
-7.685848,-44.3666,10.0,39.36325,0.2181598
-2.8419060000000003,-13.28955,10.0,45.29898,0.1985801
-4.541398,21.52551,10.0,47.02324,-0.407479
-26.35575,43.032309999999995,10.0,43.36203,0.3435515
-60.012269999999994,44.22087,10.0,48.23267,0.3925276
-97.65764,43.19765,10.0,53.488780000000006,0.3744057
-133.1143,38.58918,10.0,39.029340000000005,0.008663435
-148.8808,18.10182,10.0,36.67089,0.002688505
-141.5553,-9.793672,10.0,41.47876,0.3495026
-145.4996,-37.5624,11.0,33.176159999999996,0.4648335
-161.5019,-57.72739,11.0,37.69065,0.15578250000000002
-168.7507,-77.25216999999999,11.0,22.11407,-0.5733316999999999
-156.3304,-76.75868,11.0,21.938779999999998,0.5156555
-140.7747,-69.84509,11.0,26.61632,0.45310209999999995
-121.7976,-80.95026,11.0,32.7834,-0.5494979
-109.23700000000001,-99.9213,11.0,33.16571,0.30444640000000006
-115.2142,-123.7893,11.0,29.85735,-0.8272203000000001
-132.6925,-132.8721,11.0,29.180020000000003,0.1822619
-144.8135,-115.97,11.0,32.618140000000004,0.09817304
-148.8484,-102.4747,11.0,10.59003,0.5425019
-161.2221,-102.2132,11.0,22.79368,0.4075353
-166.6092,-118.8586,11.0,27.697429999999997,0.25752729999999996
-166.8061,-141.8018,11.0,34.287009999999995,0.47276759999999995
-168.032,-169.4234,11.0,40.36116,0.457925
-164.9402,-201.393,11.0,46.30085,0.41030829999999996
-162.4364,-236.0766,11.0,42.89359,-1.331071
-151.5644,-257.6773,11.0,28.429509999999997,0.29902670000000003
-131.5004,-254.83599999999998,11.0,29.623929999999998,0.01038054
-125.4015,-231.9708,11.0,35.11907,0.4430343
-127.6468,-204.0998,11.0,36.63427,-0.846441
-121.8242,-181.377,11.0,27.00907,-0.6059358
-107.1919,-187.0705,11.0,24.225070000000002,0.2638565
-106.9411,-207.2777,11.0,30.52523,0.4736013
-106.4984,-232.0261,11.0,36.7169,0.4635206
-103.0288,-260.46299999999997,11.0,41.171620000000004,0.1522051
-78.09148,-272.256,11.0,40.16834,0.17023429999999998
-52.28229,-258.0714,11.0,41.0504,-0.03512976
-45.399390000000004,-226.825,11.0,45.985640000000004,0.41067170000000003
-38.49605,-191.5808,11.0,50.77267,0.08895412
-14.415070000000002,-165.1058,11.0,41.92331,-0.7814545999999999
6.266546,-149.937,11.0,30.215359999999997,-0.5543655
11.73798,-132.2107,11.0,22.28475,-0.1983271
1.392444,-116.2445,11.0,29.26744,0.2400049
-7.995074000000001,-94.58421,11.0,35.18475,0.2178174
-10.28176,-66.42509,11.0,41.181259999999995,0.4168378
-5.445112,-34.092459999999996,11.0,46.949670000000005,0.4191329000000001
-1.883215,2.37414,11.0,52.03482,0.30363470000000004
-13.930929999999998,37.613170000000004,11.0,47.93124,-0.4210478
-46.54638,44.52852,11.0,47.7687,0.17613
-83.84103,41.90527,11.0,53.206790000000005,0.3939283
-123.9088,40.06566,11.0,49.45628,-0.6758794
-149.1099,23.09473,11.0,40.847570000000005,-0.1465563
-143.8616,-6.650359,11.0,43.38204,0.1720889
-144.5114,-38.82152,12.0,39.202290000000005,-0.6784985
-160.4603,-53.390390000000004,12.0,28.59852,0.14217190000000002
-166.9429,-68.72023,12.0,23.762529999999998,0.01045773
-149.4512,-71.30492,12.0,27.94332,0.22152919999999998
-127.1412,-75.32379,12.0,33.8844,0.40310429999999997
-108.6316,-93.99564000000001,12.0,38.2372,0.24955770000000002
-111.3181,-119.4035,12.0,29.607709999999997,-0.44874440000000004
-127.2009,-131.7724,12.0,25.2081,-0.5259178000000001
-142.9645,-128.9541,12.0,23.85651,0.2317563
-147.2667,-110.1763,12.0,29.29917,0.2668507
-160.1657,-100.6219,12.0,19.59514,-0.556647
-167.6853,-113.3325,12.0,26.7247,0.9587427
-167.4525,-138.0754,12.0,37.328790000000005,0.4252138
-168.1622,-167.7495,12.0,43.0634,0.42716109999999996
-165.8625,-201.8457,12.0,48.80095,0.3986962
-163.5015,-238.7752,12.0,45.4925,-1.582776
-146.4109,-258.617,12.0,29.71167,-1.004364
-130.8047,-246.1654,12.0,30.41788,-0.01225584
-125.8007,-221.8983,12.0,36.447720000000004,0.1986378
-128.4911,-195.2457,12.0,33.28819,-0.30902670000000004
-115.6449,-179.707,12.0,27.93546,-0.48837070000000005
-107.3428,-193.5374,12.0,25.7721,0.4739456
-110.4289,-214.6015,12.0,32.18206,0.48359259999999993
-108.2689,-240.8033,12.0,38.57617,0.44169709999999995
-96.74634,-267.7875,12.0,40.4827,-0.4228785
-68.08115,-269.2919,12.0,41.91199,0.4019523
-45.76603,-250.6449,12.0,37.305640000000004,-0.3175814
-53.51031999999999,-227.7614,12.0,29.091109999999997,-1.076028
-52.97348,-217.4535,12.0,5.554147,0.01129044
-53.3551,-214.8821,12.0,0.616996,0.3772795
-51.316159999999996,-217.9125,12.0,9.164547,0.5426964
-43.556540000000005,-215.5172,12.0,15.671610000000001,0.04471488
-41.79437,-205.2324,12.0,12.458910000000001,-0.02935261
-40.300270000000005,-192.2235,12.0,22.106939999999998,0.5229772
-31.05722,-175.9344,12.0,28.7198,0.2262565
-11.997710000000001,-162.1018,12.0,35.13265,0.46857209999999994
8.949150999999999,-144.9402,12.0,37.265440000000005,-0.7588282
8.41685,-123.5787,12.0,29.722590000000004,0.3846682
-6.255443,-100.0258,12.0,45.68013,1.116683
-10.05855,-62.79421,12.0,53.89066999999999,0.3379382
-3.3531470000000003,-21.657320000000002,12.0,58.7045,0.1634244
-4.652019999999999,19.35237,12.0,41.87511,-4.201391
-18.35758,40.248540000000006,12.0,36.17341,0.1093376
-45.31313,45.16239,12.0,40.20091,0.43506540000000005
-77.19139,44.55058,12.0,45.96718,0.1867446
-113.1379,41.48317,12.0,50.67703,-0.1415565
-147.1941,32.52994,12.0,45.59776,-0.3385785
-152.6216,13.902439999999999,12.0,10.63183,-1.6357620000000002
-152.5173,12.758230000000001,12.0,5.5488919999999995,0.7322728000000001
-147.2462,8.69957,12.0,13.494679999999999,0.5476035
-146.2002,-4.088166999999999,12.0,21.00202,0.2569105
-142.8507,-22.00731,12.0,28.10083,0.2450469
-142.0908,-35.056259999999995,13.0,6.988675,0.6065927
-144.666,-42.76115,13.0,14.920079999999999,0.2677155
-154.7509,-51.78054,13.0,22.11573,0.5289705
-167.1808,-63.76831,13.0,22.835929999999998,-0.3423848
-160.629,-75.24166,13.0,17.67405,0.03915932
-146.1655,-74.25724,13.0,21.29475,-0.35955940000000003
-131.8408,-72.61108,13.0,21.86334,0.4926482
-115.4312,-80.85434000000001,13.0,28.166729999999998,0.3960066
-106.6562,-101.5073,13.0,33.52391,0.3237797
-116.7615,-124.9327,13.0,37.44579,0.3011566
-141.1496,-130.8604,13.0,27.4111,-2.036191
-144.7001,-122.5213,13.0,6.035322,-0.003999235
-138.2052,-122.26299999999999,13.0,1.5980530000000002,-11.352739999999999
-141.1309,-123.1761,13.0,8.167932,0.5037527
-145.4655,-127.9215,13.0,6.148994999999999,-0.8175081999999999
-145.4695,-128.4989,13.0,4.130394,0.6605259
-142.8528,-122.7088,13.0,12.99922,0.5939065
-140.2624,-110.8311,13.0,20.49166,0.22752260000000002
-151.2953,-98.19351,13.0,26.0001,0.1089175
-165.7784,-105.71,13.0,22.53494,0.3933136
-167.6298,-126.4712,13.0,32.026509999999995,0.5124497
-167.5179,-152.7319,13.0,38.846509999999995,0.46499480000000004
-167.97,-184.0425,13.0,45.2982,0.478415
-168.0484,-219.865,13.0,51.35049,0.4389379
-157.1421,-252.9323,13.0,44.013090000000005,-0.34543670000000004
-130.821,-252.8073,13.0,30.02536,-1.1411200000000001
-128.4021,-230.1716,13.0,36.53472,0.4303699
-127.5175,-200.4299,13.0,39.95381,-0.6123881
-123.5948,-183.9488,13.0,14.45442,-0.1765974
-112.5574,-182.528,13.0,20.1472,0.372861
-105.0187,-197.1923,13.0,26.39947,0.25085630000000003
-106.6234,-219.2284,13.0,33.43077,0.5167614
-106.1703,-246.02200000000002,13.0,39.21857,0.39655959999999996
-88.12843000000001,-269.9228,13.0,42.63825,0.01701342
-58.66236,-265.9742,13.0,42.53138,-0.0237172
-49.06673,-236.5629,13.0,45.17966,0.22354320000000003
-44.52405,-203.8528,13.0,41.43887,0.3675805
-25.776139999999998,-177.4625,13.0,46.82894,0.220848
-0.2706482,-150.5666,13.0,52.44418,-0.1677275
8.311262,-118.3551,13.0,41.39523,-0.8112779
-8.188882000000001,-100.1313,13.0,28.1214,-0.3303142
-6.704225999999999,-77.4277,13.0,34.75122,0.2318406
-5.532254,-49.21304,13.0,41.43913,0.4733806
-4.430512,-16.18625,13.0,47.72821,0.4348525
-5.267205000000001,21.0181,13.0,50.18352,-0.6395573
-23.7339,41.749829999999996,13.0,30.558120000000002,-1.51376
-34.275040000000004,34.7895,13.0,13.60205,0.3809407
-35.114509999999996,32.58775,13.0,0.06889602,-0.034968900000000004
-35.16138,32.59377,13.0,0.06862881,0.01801081
-34.59397,34.283840000000005,13.0,6.19077,0.42599899999999996
-33.05209,41.362829999999995,13.0,10.20182,-1.589689
-32.24018,44.794909999999994,13.0,0.1121292,0.3514426
-33.98353,42.23749,13.0,8.318698,0.5961335999999999
-42.61355,42.3487,13.0,15.81678,0.2751872
-56.60208000000001,45.31443,13.0,22.73285,0.24075239999999998
-75.74304000000001,43.3334,13.0,29.258909999999997,0.2230076
-99.6344,42.39305,13.0,35.26428,0.2151221
-127.4634,40.39294,13.0,40.25786,0.2869532
-147.0929,21.072029999999998,13.0,38.21978,0.1566745
-145.9942,-8.76181,13.0,43.184290000000004,0.4077126
-145.9691,-41.97477,14.0,44.51941,-0.21652860000000002
-161.8335,-60.85547,14.0,27.0395,-0.5850887
-155.688,-74.93881999999999,14.0,25.79451,0.25752559999999997
-134.5898,-75.92365,14.0,31.461009999999998,0.15525799999999998
-114.3404,-89.26073000000001,14.0,35.59973,0.11826500000000001
-111.516,-115.3045,14.0,38.03524,0.16496370000000002
-132.9881,-131.9564,14.0,35.21157,-1.544672
-146.3294,-122.2249,14.0,13.595320000000001,-2.403439
-146.1631,-119.6382,14.0,1.9417939999999998,0.01779627
-147.0325,-118.5514,14.0,1.7050349999999999,-0.03362509
-147.8705,-117.7881,14.0,1.991559,0.44932209999999995
-150.4704,-117.3096,14.0,3.930775,-0.07711907
-149.733,-116.8598,14.0,5.851668,0.6103455
-145.0692,-111.1951,14.0,14.21565,0.5396569
-148.7955,-99.41689000000001,14.0,20.9766,0.2290944
-164.3261,-100.4825,14.0,25.1565,0.2870797
-167.2327,-119.9669,14.0,30.73668,0.2659678
-166.5762,-145.3053,14.0,37.66815,0.240155
-166.7573,-175.7171,14.0,44.29225,0.447363
-167.2482,-210.8239,14.0,50.508109999999995,0.43150079999999996
-160.8693,-246.5577,14.0,42.08117,-1.6451470000000001
-142.9672,-254.1213,14.0,12.705630000000001,-2.1938869999999997
-141.5823,-250.5171,14.0,3.3627010000000004,-0.2668362
-139.4608,-248.3362,14.0,7.2243580000000005,0.2566831
-131.5531,-250.03900000000002,14.0,15.076529999999998,0.3679813
-122.561,-250.5839,14.0,10.66912,-0.1657101
-121.7258,-242.2529,14.0,16.03162,0.2757447
-125.3269,-227.7372,14.0,24.120070000000002,0.27779349999999997
-127.3067,-207.2063,14.0,31.5504,0.5171775
-123.8898,-183.1587,14.0,31.791190000000004,-0.5519588000000001
-107.109,-183.3549,14.0,23.19031,0.6647031
-106.3838,-206.3056,14.0,41.18393,1.493053
-105.8581,-243.6505,14.0,57.265,0.01985551
-82.67907,-271.4638,14.0,44.689479999999996,0.05655875
-52.58955,-261.4271,14.0,43.67492,-0.26502309999999996
-49.37945,-229.7209,14.0,46.28665,0.4072834
-39.69149,-196.1988,14.0,50.11255,0.18692029999999998
-13.304839999999999,-167.5698,14.0,55.434540000000005,0.2022014
9.621735000000001,-135.2795,14.0,44.32837,-2.6127849999999997
1.615486,-114.4198,14.0,26.18989,-0.23618209999999998
-5.780565,-94.79238000000001,14.0,32.22218,0.483372
-4.33155,-68.48075,14.0,39.02814,0.2370828
-2.498618,-37.11625,14.0,45.55754,0.2184584
-2.538758,-1.0852030000000001,14.0,51.678020000000004,0.4406782
-10.91487,34.54868,14.0,44.96934,-0.45653699999999997
-40.89928,41.76247,14.0,45.004459999999995,0.4573945
-76.55951999999999,40.2724,14.0,51.05442,0.43267219999999995
-116.2721,41.45073,14.0,53.55899,-1.358076
-143.6451,30.5824,14.0,29.3367,-1.121233
-144.5364,22.00512,14.0,2.422965,0.6383306
-141.925,24.56322,14.0,4.973589,-0.1461402
-141.7932,24.699360000000002,14.0,5.262606,0.5508003
-146.6017,21.40165,14.0,9.397575999999999,-0.139941
-149.5606,22.04443,14.0,1.108765,0.6224387
-146.0504,19.62182,14.0,10.30255,0.31673979999999996
-141.2548,10.160160000000001,14.0,18.69722,0.2931847
-141.0835,-6.675475,14.0,26.76393,0.58097
-141.7624,-33.5886,1.0,3.861246,0.8011834
-141.9879,-38.49561,1.0,10.37006,0.6739225000000001
-145.4267,-48.699740000000006,1.0,19.06269,0.5809854999999999
-159.0665,-58.96859,1.0,26.94748,0.3818373
-158.2653,-75.84236999999999,1.0,25.10541,-0.19837120000000003
-142.7073,-69.30521999999999,1.0,26.25791,-0.4088797
-135.8724,-68.27733,1.0,0.03940968,0.002068121
-135.8535,-68.28024,1.0,0.02578761,0.00013031120000000002
-135.8351,-68.28277,1.0,0.02540968,-0.005225047
-135.8901,-68.50656,1.0,2.547389,0.6203996999999999
-135.914,-71.64508000000001,1.0,4.559194000000001,-0.03090467
-135.7455,-74.74197,1.0,3.7753089999999996,-0.03580926
-136.9017,-76.52601999999999,1.0,0.18371210000000002,0.7355558000000001
-133.6875,-75.07729,1.0,9.308812,0.6396866
-123.8176,-76.79803000000001,1.0,17.69304,0.4668075
-114.6875,-89.39169,1.0,25.14002,0.2720375
-110.3567,-109.9322,1.0,31.82313,0.3855841
-123.7611,-130.6908,1.0,36.42986,0.1118197
-145.1066,-127.5818,1.0,24.24382,-0.5379271
-140.4335,-113.7394,1.0,24.35192,0.29633109999999996
-138.4577,-108.7134,1.0,0.02302888,-0.010203700000000001
-138.4585,-108.73100000000001,1.0,0.0275637,0.008747182
-138.7824,-108.6035,1.0,3.610178,0.9397283000000001
-143.7648,-108.8204,1.0,8.060106,-0.03891549
-145.5994,-110.6287,1.0,2.468338,0.642677
-144.3762,-105.7332,1.0,11.211089999999999,0.6092274999999999
-150.5218,-96.94518000000001,1.0,18.968770000000003,0.9284503000000001
-162.14,-98.04539,1.0,14.342139999999999,-0.15139070000000002
-166.7049,-110.5442,1.0,25.76971,0.9772787000000001
-170.3875,-133.7137,1.0,36.81327,0.3390603
-162.9695,-161.4316,1.0,37.41942,-0.7531041
-166.9543,-185.8204,1.0,30.019070000000003,-0.45096440000000004
-167.2984,-212.4331,1.0,40.55311,-0.1042701
-165.2635,-239.6517,1.0,32.74484,-0.8012519
-149.8652,-251.0533,1.0,26.251109999999997,0.536754
-128.5768,-245.9732,1.0,32.48263,0.2904295
-124.4103,-229.5433,1.0,23.42859,0.2541175
-129.5088,-214.5828,1.0,22.86536,0.4000763
-122.9009,-201.3659,1.0,17.722189999999998,-0.1560301
-124.5998,-188.8781,1.0,15.16337,-0.4072769
-114.5158,-184.4606,1.0,19.78765,-0.2522458
-110.4911,-195.4869,1.0,14.619520000000001,-0.2425652
-110.0141,-206.2209,1.0,16.91437,0.2903608
-108.6395,-221.6739,1.0,24.8352,0.2757366
-106.137,-242.696,1.0,32.22292,0.4974746
-94.16953000000001,-265.2137,1.0,37.49631,0.2594761
-67.20361,-269.4698,1.0,39.48557,0.02899172
-52.03941,-246.1079,1.0,40.1848,0.1690381
-47.33463,-214.8544,1.0,45.428290000000004,0.1923226
-27.70735,-185.3416,1.0,50.80509,0.4446687
-2.1901330000000003,-154.8073,1.0,56.4677,0.3929856
11.91704,-117.6411,1.0,42.17369,-4.5892040000000005
10.19074,-104.4405,1.0,1.488399,-0.1882136
9.747667,-104.2365,1.0,0.04372761,0.06317082
11.52106,-105.4109,1.0,6.078027,0.3790412
16.82625,-107.287,1.0,7.027049000000001,-0.4099494000000001
18.22937,-107.0108,1.0,2.776752,0.6418322
13.276229999999998,-108.8073,1.0,11.38841,0.6038176
3.227451,-111.6472,1.0,16.656129999999997,0.2138669
0.4678615,-98.78195,1.0,22.58396,0.6088960999999999
-1.799565,-80.21574,1.0,29.122659999999996,0.2612738
-5.482078,-56.5139,1.0,35.78556,0.2393516
-6.309197,-27.58173,1.0,42.31924,0.4539368
-6.379580000000001,6.058016,1.0,48.42478,0.4326244000000001
-12.10108,38.63708,1.0,35.45265,-2.214407
-23.66215,42.78145,1.0,14.256960000000001,0.2987519
-35.4146,37.71051,1.0,21.37023,0.2612779
-53.857009999999995,39.86456,1.0,28.64003,0.5235659
-77.66627,39.53465,1.0,35.5611,0.2456814
-106.4572,40.10309,1.0,42.1251,0.46130870000000007
-137.1605,38.35962,1.0,34.99597,-0.7102479
-143.2631,24.96558,1.0,10.98793,-1.433366
-137.7519,24.2789,1.0,0.06444808,0.002272338
-137.7518,24.23057,1.0,0.05469405,-0.01207026
-138.0594,24.31161,1.0,2.997361,0.6147734
-142.9099,24.38374,1.0,9.493596,0.3371558
-149.9142,25.02356,1.0,6.05114,-0.739916
-150.7944,25.262179999999997,1.0,3.248988,0.6020656
-147.4342,21.22544,1.0,11.273530000000001,0.2738103
-150.0162,10.91933,1.0,18.3605,0.23937670000000003
-150.1541,-4.154498,1.0,24.289189999999998,0.48053429999999997
-146.374,-24.20436,1.0,30.82905,0.4533879
-150.9976,-47.31122,2.0,32.411190000000005,-0.15959020000000002
-167.0464,-62.991780000000006,2.0,28.671090000000003,-0.4214669
-157.75799999999998,-72.5457,2.0,11.82122,-1.317558
-155.7215,-68.52702,2.0,0.06734817,-0.03722095
-155.684,-68.52805,2.0,0.0401827,-0.02725714
-156.0187,-69.83073,2.0,4.914071,0.1836627
-156.49,-73.55827,2.0,4.819146,-0.04299095
-156.8248,-74.91359,2.0,2.8243080000000003,0.6877023
-151.9175,-72.73392,2.0,12.05718,0.5961303000000001
-141.8511,-78.57597,2.0,20.2284,0.27254229999999996
-128.1739,-83.09496,2.0,17.77713,-0.1522866
-116.4683,-91.22046999999999,2.0,26.4222,1.210896
-111.5693,-112.1097,2.0,30.931259999999998,0.02065621
-127.0118,-129.4774,2.0,32.74651,-0.1023953
-144.9052,-124.7046,2.0,20.72757,-0.1937281
-139.1438,-110.5644,2.0,22.51015,-0.7526484
-147.6472,-101.5418,2.0,20.74449,0.4430356
-160.4953,-106.8457,2.0,17.152620000000002,-0.3493834
-161.7299,-119.1377,2.0,17.37119,0.1399505
-165.0969,-133.884,2.0,24.64235,0.5685793
-165.262,-155.0423,2.0,32.41584,0.2633895
-165.5496,-181.8995,2.0,39.82526,0.5409438
-165.9748,-213.9719,2.0,46.69082,0.2414578
-161.9017,-245.1422,2.0,26.412640000000003,-2.70735
-146.7211,-252.0037,2.0,26.506079999999997,0.5627131
-126.8739,-246.1511,2.0,28.79767,-0.41255749999999997
-128.1415,-227.4338,2.0,28.98521,0.5219550000000001
-126.1824,-202.6417,2.0,37.23809,0.5967883
-122.4989,-184.6683,2.0,10.503060000000001,-0.20904120000000004
-113.4617,-186.2202,2.0,16.646739999999998,0.48058370000000006
-110.3025,-200.7008,2.0,24.36371,0.5913949000000001
-108.3591,-221.6098,2.0,32.249179999999996,0.5432193000000001
-103.4699,-247.7591,2.0,39.40912,0.4647852
-84.22459,-270.0088,2.0,41.206990000000005,-0.1673057
-56.74193,-260.9723,2.0,42.11272,0.16047020000000004
-49.40916,-231.6437,2.0,44.35853,0.433721
-41.91612,-198.282,2.0,48.72745,0.2526982
-16.36085,-170.0555,2.0,54.57342,0.4363362
7.383674000000001,-137.786,2.0,41.76982,-3.7667029999999997
4.315408000000001,-121.4426,2.0,19.7886,0.6064286999999999
-5.526843,-107.4114,2.0,27.103759999999998,0.494133
-6.6994050000000005,-84.66702,2.0,34.547059999999995,0.259641
-6.777467,-56.38169,2.0,41.792229999999996,0.5104443000000001
-7.044909,-22.86019,2.0,48.59032,0.5085569999999999
-7.360861999999999,15.503810000000001,2.0,54.92749,0.21585120000000002
-18.44792,44.28736,2.0,27.722640000000002,-1.143427
-25.94524,45.57741,2.0,2.477839,0.6988034000000001
-27.035690000000002,40.92962,2.0,11.19055,0.2992875
-37.55122,42.09702,2.0,19.31389,0.5937361
-53.67006,46.41578,2.0,26.50484,0.2628399
-75.87847,42.80883,2.0,34.19085,0.530524
-103.9393,41.407140000000005,2.0,41.42151,0.518071
-136.6362,37.61091,2.0,45.422709999999995,-1.287995
-150.5262,21.11895,2.0,15.14585,-2.544753
-148.2022,19.408839999999998,2.0,6.307657,0.6393314999999999
-143.2616,14.58203,2.0,14.65099,0.6195015
-148.7237,2.354875,2.0,22.52841,0.5331517
-148.2334,-15.20106,2.0,28.2507,0.2678873
-142.0238,-34.617509999999996,3.0,9.945131,1.058025
-144.3181,-42.89774,3.0,11.4135,-0.03094212
-151.4916,-51.19911,3.0,17.48883,-0.31529240000000003
-162.457,-54.69055,3.0,13.882520000000001,-0.1412784
-166.4989,-61.719530000000006,3.0,10.30283,-0.07912336
-162.7312,-69.01181,3.0,14.949729999999999,0.5959975000000001
-149.7732,-72.08438000000001,3.0,22.5622,0.5976325
-130.6937,-75.29233,3.0,30.31976,-0.3524973
-114.3278,-86.74519000000001,3.0,24.4857,-0.1858729
-107.8037,-103.9581,3.0,29.12527,-0.4688366
-112.3989,-122.5865,3.0,23.41571,-0.20943409999999998
-124.5621,-132.4186,3.0,22.69288,0.5494875
-140.5891,-129.7015,3.0,23.21576,0.3470822
-147.2798,-109.5891,3.0,28.88945,-0.4368786
-160.4906,-104.0134,3.0,17.22653,0.40410209999999996
-167.0279,-117.1567,3.0,24.41901,0.3074158
-169.4399,-138.0604,3.0,32.28784,0.5484616
-168.3707,-164.5534,3.0,39.43683,0.5268323
-166.8181,-196.3028,3.0,46.214240000000004,0.4758835999999999
-163.9773,-232.2835,3.0,48.89052,-0.6290139
-152.1964,-258.3113,3.0,31.59972,-1.110547
-134.2584,-251.9476,3.0,28.83685,0.2582289
-124.9744,-230.9997,3.0,33.84078,0.1528625
-128.2337,-204.61900000000003,3.0,35.20661,-0.4247773
-122.5646,-181.6761,3.0,26.9446,-0.6283361999999999
-108.8589,-183.4731,3.0,20.69697,0.06394723
-109.2551,-200.9336,3.0,27.11805,0.511108
-104.5973,-222.6798,3.0,30.881320000000002,-0.43990109999999993
-106.241,-243.7794,3.0,28.708059999999996,1.130228
-98.13526999999999,-267.2746,3.0,36.80934,0.01187896
-72.1939,-268.9167,3.0,38.97762,0.6148246999999999
-58.653890000000004,-268.0779,3.0,10.10997,-0.5057042
-56.2579,-266.7403,3.0,1.760319,0.3624398
-57.21159,-267.3951,3.0,0.04138773,-0.01547626
-55.60031,-265.7571,3.0,6.053332,0.1273671
-51.58743,-262.3099,3.0,7.993581,0.02059853
-48.1625,-263.7234,3.0,0.2473393,-0.5665944
-49.61472,-260.7886,3.0,8.795736,0.5908386
-49.13637,-251.4424,3.0,16.86525,0.2987824
-45.46465,-236.4825,3.0,24.56063,0.2628458
-42.951809999999995,-215.6986,3.0,31.76385,0.26308590000000004
-38.24103,-190.2899,3.0,37.27414,0.04296478
-18.24625,-168.7781,3.0,42.60134,-1.233333
-1.231306,-153.567,3.0,23.0965,-0.36621909999999996
9.83295,-143.1825,3.0,18.08531,-0.3753189
11.36392,-131.8919,3.0,13.738529999999999,-0.2595819
4.926105000000001,-120.5184,3.0,21.60708,0.2765804
-4.681783,-104.6423,3.0,28.770870000000002,0.503825
-10.17014,-81.41076,3.0,35.48403,0.47082809999999997
-9.008986,-52.83588,3.0,41.84179,0.2304353
-4.238985,-19.97126,3.0,44.9262,-0.35485900000000004
-3.842194,7.395275,3.0,22.52463,-2.258492
-4.816306,14.808489999999999,3.0,3.419049,-0.09916729
-5.996225,20.82486,3.0,12.803930000000001,0.5952713000000001
-10.3932,32.45857,3.0,20.75962,0.2704603
-24.77761,42.75029,3.0,27.81675,0.27217620000000003
-47.40043,44.63568,3.0,34.32857,0.5050155
-75.38349000000001,44.25622,3.0,41.11117,0.4771845
-108.1419,41.97729,3.0,46.95135,-0.8807864
-139.6584,36.64972,3.0,39.19355,-0.1969629
-149.0709,15.26048,3.0,32.47726,0.13637950000000001
-144.4713,-9.335074,3.0,37.11457,0.5055592999999999
-144.1109,-39.138740000000006,4.0,41.13227,-0.8918117
-155.6365,-54.17714,4.0,18.3049,-0.1745882
-167.90200000000002,-59.05178000000001,4.0,18.87644,0.1270315
-159.6477,-71.12899999999999,4.0,24.49426,0.4007539
-139.4012,-72.96575,4.0,30.853540000000002,0.3938771
-117.7769,-84.85477,4.0,36.55267,0.3941478
-108.9297,-110.7132,4.0,37.74655,-0.3682793
-125.6248,-131.7935,4.0,36.28853,-0.46104989999999996
-145.0265,-122.5022,4.0,29.6745,-0.1360527
-147.3414,-101.2983,4.0,24.84139,-2.492282
-159.766,-100.9902,4.0,20.38389,0.4571222
-167.3344,-116.3594,4.0,27.17946,0.5370484000000001
-170.3719,-139.0049,4.0,34.4064,0.44754170000000004
-168.583,-166.8421,4.0,40.98342,0.2413257
-165.7146,-199.4937,4.0,47.41708,0.46366490000000005
-163.1484,-235.5362,4.0,44.27296,-1.664152
-155.2169,-253.6386,4.0,19.43134,-0.3315
-140.6763,-258.2473,4.0,24.23643,0.3208489
-128.7775,-245.3736,4.0,28.2998,0.5479096999999999
-125.4817,-222.1549,4.0,34.746629999999996,0.420729
-128.4089,-194.5293,4.0,39.83375,0.347137
-110.7865,-176.7054,4.0,32.04862,-0.8881618
-99.83991999999999,-189.6905,4.0,22.66354,-0.1983828
-113.8079,-197.8692,4.0,23.253320000000002,-0.29898379999999997
-114.555,-201.5549,4.0,0.01209492,-0.01132366
-114.5225,-201.5599,4.0,0.7869921,0.3432074
-111.749,-201.4798,4.0,6.235086,0.1259937
-109.6849,-198.3236,4.0,1.724392,-0.5928101
-109.5291,-199.8783,4.0,5.815759,0.5426970999999999
-108.2162,-206.6548,4.0,12.74977,0.2393213
-106.0052,-218.3862,4.0,19.30614,0.45995020000000003
-105.4119,-234.893,4.0,25.30513,0.1974441
-104.0389,-255.4659,4.0,30.37963,0.1472394
-87.51661999999999,-271.3353,4.0,33.20514,0.13360260000000002
-62.49941999999999,-267.3695,4.0,36.75939,0.2227623
-49.249109999999995,-244.86,4.0,37.62143,0.3477502
-47.40533,-215.3981,4.0,41.99485,0.14638289999999998
-34.69477,-185.3817,4.0,45.76952,0.13413970000000003
-9.672164,-162.0705,4.0,43.74113,-2.385165
6.467956,-147.0752,4.0,21.149420000000003,-0.44876869999999996
12.79215,-135.7029,4.0,16.79724,0.4586687
5.270980000000001,-121.189,4.0,25.92442,0.409208
-5.693057,-103.2983,4.0,31.10537,0.3807574
-10.39649,-78.75456,4.0,36.25141,0.37132059999999995
-8.711517,-50.19778,4.0,41.08374,0.3502297
-2.957103,-18.49876,4.0,45.79935,0.34129190000000004
-4.161355,16.43156,4.0,48.26724,-0.5179029
-15.72865,37.50714,4.0,28.89188,0.31275990000000004
-37.55077,43.90012,4.0,33.46652,0.3588533
-64.24628,43.22573,4.0,38.60609,0.1684904
-94.70233,42.636359999999996,4.0,43.4698,0.1609101
-125.71,39.36687,4.0,36.1367,-1.449167
-140.7559,35.2715,4.0,15.961689999999999,0.22041529999999998
-147.4942,23.39086,4.0,21.75254,0.42628059999999995
-146.8,5.237556,4.0,27.459629999999997,0.2026341
-142.2508,-16.7518,4.0,32.99756,0.3763552
-144.4958,-41.21821,5.0,30.164740000000002,-0.3983458
-159.8811,-53.75816999999999,5.0,28.722520000000003,0.1954669
-167.7121,-67.11837,5.0,18.331960000000002,0.1431529
-155.7848,-69.83749,5.0,17.53094,0.7531973000000001
-139.6727,-73.09482,5.0,25.38735,0.42345370000000004
-120.2959,-80.59514,5.0,30.743759999999998,0.33145240000000004
-107.7949,-100.2143,5.0,33.86085,0.08047747
-114.2992,-124.0201,5.0,32.36371,-0.16967520000000003
-132.8802,-132.8443,5.0,25.09471,-0.7119840999999999
-142.8178,-119.9695,5.0,25.54757,0.4250053
-153.2939,-102.6689,5.0,28.52103,-0.68211
-165.7432,-105.2754,5.0,15.67229,0.7697428000000001
-165.1235,-118.0775,5.0,20.97275,1.058542
-167.6656,-136.9174,5.0,33.15143,1.404876
-168.1722,-167.8488,5.0,46.52533,0.330467
-164.2265,-204.187,5.0,50.46783,-0.43516629999999995
-163.9577,-230.6989,5.0,22.08793,-0.24470029999999998
-162.265,-244.8645,5.0,16.52635,-0.4272598
-156.0955,-254.4252,5.0,18.3348,0.9224761999999999
-140.4438,-259.7714,5.0,27.086779999999997,0.2750613
-127.0323,-242.1948,5.0,36.67521,0.38989440000000003
-126.9798,-212.6021,5.0,39.45673,-0.9345690000000001
-128.10399999999998,-192.4282,5.0,19.472179999999998,-0.4489866
-120.6637,-182.9481,5.0,17.958479999999998,0.7469531999999999
-105.6994,-186.696,5.0,24.377879999999998,0.07480805
-102.6445,-206.4146,5.0,32.31579,0.8729929
-104.7721,-232.5768,5.0,37.30559,0.15237060000000002
-104.0973,-257.8258,5.0,30.19884,-0.6539043999999999
-87.88302,-271.2787,5.0,31.727040000000002,0.1310721
-63.55758,-268.1932,5.0,35.47578,0.07072501
-50.07911,-246.2028,5.0,37.67539,0.3363443
-46.20738,-216.5446,5.0,42.5703,0.35344709999999996
-36.18385,-185.2486,5.0,46.22668,0.1422031
-11.638760000000001,-161.7044,5.0,36.46387,-1.989341
-0.09358522,-154.239,5.0,12.36252,-0.3407203
5.94005,-149.7241,5.0,8.1262,-0.1436076
9.963175,-145.6924,5.0,9.834219000000001,0.47860280000000005
13.23396,-136.7638,5.0,16.224970000000003,0.2176949
7.978296,-123.7625,5.0,22.17135,0.4230898
-2.653508,-108.5958,5.0,27.873620000000003,0.20105620000000002
-9.333252,-86.95278,5.0,33.25752,0.38379450000000004
-9.927316000000001,-60.5916,5.0,38.151920000000004,0.16514229999999996
-4.391692,-30.9845,5.0,43.00915,0.16432070000000001
-1.38584,1.8351400000000002,5.0,41.416090000000004,-1.48984
-5.756055,22.73728,5.0,11.06915,-2.162363
-9.489221,30.70171,5.0,15.88047,0.24248119999999998
-19.39206,40.35406,5.0,21.85868,0.21642070000000002
-36.87378,45.11658,5.0,27.456670000000003,0.4182483
-59.27884,45.10194,5.0,33.03883,0.4062618
-85.72971,44.06878,5.0,38.29422,0.3664428
-115.4411,41.454609999999995,5.0,38.343540000000004,-0.8768414000000001
-136.3125,38.350390000000004,5.0,19.18798,1.257249
-146.3942,25.77085,5.0,25.0798,0.37921059999999995
-147.0619,5.446095,5.0,30.2724,0.40922820000000004
-142.1801,-18.47985,5.0,35.55126,0.3453797
-144.0692,-40.07983,6.0,16.26067,-1.0778780000000001
-149.005,-49.40505,6.0,19.00563,0.6005719
-160.7494,-55.753440000000005,6.0,15.566410000000001,-0.4074562
-166.2551,-63.304730000000006,6.0,14.84196,0.7163547
-156.4042,-72.76946,6.0,24.02972,0.8203333
-133.6431,-73.189,6.0,36.791309999999996,0.5672423000000001
-110.6807,-91.22095,6.0,39.90935,-0.3564226
-114.7546,-113.6385,6.0,18.57903,-1.10963
-118.0188,-122.3223,6.0,13.962,1.174475
-125.3925,-133.0019,6.0,16.9715,-0.02404892
-139.0834,-131.1781,6.0,22.48026,0.343765
-145.244,-114.1681,6.0,27.446709999999996,-0.5813286999999999
-150.0907,-104.4054,6.0,7.201149000000001,0.07474224
-156.6851,-100.8168,6.0,14.535860000000001,0.6364582
-165.9188,-106.0984,6.0,16.82594,0.5245914
-167.5818,-122.6819,6.0,29.3329,0.49705920000000003
-168.8605,-149.3748,6.0,42.001129999999996,0.84745
-167.34099999999998,-184.4638,6.0,52.5491,0.752954
-163.6995,-223.6394,6.0,48.89213,-0.808373
-159.497,-253.4132,6.0,32.24933,-0.7339025
-141.9795,-257.626,6.0,21.35858,-0.2538881
-129.5992,-249.4026,6.0,23.83455,0.34385079999999996
-124.97200000000001,-230.4613,6.0,29.1751,0.3947615
-127.6055,-207.0927,6.0,34.470909999999996,0.3826226
-126.1187,-185.0792,6.0,17.56544,-2.227391
-113.3233,-183.1579,6.0,21.36824,0.33027990000000007
-103.5641,-196.7137,6.0,25.90771,0.1966078
-103.2571,-217.898,6.0,31.382140000000003,0.4118551
-105.8423,-242.9869,6.0,36.646679999999996,0.3335437
-97.41745,-268.8643,6.0,37.28477,-0.40964629999999996
-73.68701999999999,-270.5372,6.0,29.099109999999996,-0.29387209999999997
-56.08391999999999,-264.345,6.0,21.88803,-0.051398400000000004
-48.50331,-247.4831,6.0,29.35655,0.1951019
-44.977540000000005,-223.9017,6.0,34.813340000000004,0.18480270000000001
-41.52308,-196.452,6.0,39.74726,0.2918618
-24.19924,-172.6504,6.0,42.22821,0.3524006
-3.205969,-157.0722,6.0,21.181639999999998,-1.117718
5.107609,-150.7114,6.0,12.08452,0.0006084139
11.24938,-143.537,6.0,14.56171,0.4908763
11.56217,-130.0995,6.0,22.93453,0.5988597
-1.575073,-113.4837,6.0,35.51684,0.9914799000000001
-9.28543,-83.35925999999999,6.0,49.02585,0.9317165999999999
-7.325912,-42.6562,6.0,60.034369999999996,0.222308
-1.379277,1.329284,6.0,54.849169999999994,-1.341512
-7.281411,25.317220000000002,6.0,21.23576,-0.2354238
-16.51827,38.875409999999995,6.0,25.86661,0.329416
-38.74707,45.18473,6.0,37.93177,1.04659
-72.4645,44.3632,6.0,52.83815,1.060554
-113.2487,41.8391,6.0,41.02385,-4.816706
-128.64700000000002,39.057320000000004,6.0,13.03385,-0.1782552
-140.0418,35.83641,6.0,22.44944,0.5689616999999999
-147.6503,20.354860000000002,6.0,26.683970000000002,0.3871362
-145.4662,-1.314001,6.0,32.190709999999996,0.1886964
-141.0913,-26.716859999999997,6.0,36.883379999999995,0.185501
-142.1924,-37.78841,7.0,10.70658,0.4948682
-146.092,-47.277120000000004,7.0,17.103189999999998,0.43379049999999997
-159.013,-54.06417,7.0,22.80949,0.1679115
-168.3285,-66.3703,7.0,18.34659,-0.5448251000000001
-162.0396,-75.90704000000001,7.0,16.486420000000003,0.2463993
-148.9017,-75.45445,7.0,20.05751,0.0450311
-133.9709,-73.33469000000001,7.0,21.773529999999997,0.2460281
-117.7891,-80.81763000000001,7.0,28.74489,0.17987260000000002
-108.0521,-100.8604,7.0,32.66514,0.1382284
-116.9697,-123.8085,7.0,35.67228,0.20008599999999999
-141.1958,-130.6587,7.0,30.945809999999998,-0.8032045999999999
-146.1358,-119.4364,7.0,11.65249,-0.6063704000000001
-143.0795,-111.5055,7.0,16.99448,0.8254060999999999
-150.9781,-102.2336,7.0,16.6092,0.04501371
-163.7664,-105.6659,7.0,21.33665,-0.08718231
-166.1229,-120.0942,7.0,20.94538,0.5011922999999999
-167.0735,-138.7013,7.0,30.90257,1.0650870000000001
-169.6076,-166.7519,7.0,44.78066,0.9149267
-170.0541,-204.3365,7.0,56.029030000000006,-0.10494500000000001
-166.3546,-240.4974,7.0,38.18003,-1.222866
-150.5224,-254.2485,7.0,24.811320000000002,-0.4232343
-134.1696,-252.0393,7.0,22.67653,0.1213472
-125.7183,-237.2065,7.0,29.27178,0.7311446999999999
-126.0851,-213.3485,7.0,34.87695,0.190496
-124.8079,-186.3897,7.0,31.52208,-1.440758
-114.5333,-180.4963,7.0,14.642479999999999,0.7403859
-109.525,-193.0744,7.0,22.18271,0.4425313
-108.8245,-211.7245,7.0,28.11042,0.40527009999999997
-108.5071,-234.6038,7.0,33.6427,0.1833513
-101.1844,-259.6321,7.0,37.45012,0.08861708
-76.89098,-272.9461,7.0,39.37107,0.04025667
-53.13641,-258.8877,7.0,39.37962,0.042508699999999996
-49.11316,-229.2603,7.0,42.82758,0.3233791
-39.86609,-198.2017,7.0,45.487140000000004,0.0944958
-16.03635,-172.1174,7.0,49.906079999999996,0.2532586
6.230453,-143.013,7.0,40.257529999999996,-2.4034869999999997
6.8696839999999995,-122.8459,7.0,24.46624,0.43866750000000004
-4.7237860000000005,-104.7453,7.0,32.97801,0.6729911
-3.909736,-74.93204,7.0,49.30867,1.2784149999999999
-0.5032468,-32.460190000000004,7.0,65.35732,1.055898
-2.6615,15.907070000000001,7.0,58.71998000000001,-1.661429
-16.6331,41.50969,7.0,29.31702,-1.104174
-41.12229,40.6998,7.0,38.88252,0.1675616
-71.80594,40.40449,7.0,43.77398,0.169027
-105.9658,41.09592,7.0,48.361340000000006,0.3215625
-140.2646,36.77417,7.0,36.388740000000006,-3.036145
-146.6904,17.566760000000002,7.0,29.96295,0.4132369000000001
-145.1561,-6.646349000000001,7.0,35.33947,0.18229949999999998
-146.1223,-34.69157,8.0,40.37862,0.3108701
-161.113,-56.7708,8.0,32.99994,-2.4791380000000003
-167.7017,-71.00594,8.0,23.46208,0.7813730999999999
-151.1261,-78.80748,8.0,28.7494,0.3718975
-128.3027,-78.77263,8.0,32.653529999999996,0.1291839
-112.0848,-97.29743,8.0,35.673629999999996,0.2093286
-116.7111,-122.9527,8.0,37.21703,0.09069508
-140.7013,-131.2647,8.0,28.55348,-1.656912
-146.295,-127.2052,8.0,2.974043,0.6745538000000001
-142.5721,-123.2084,8.0,11.10779,0.49444659999999996
-143.3072,-113.0142,8.0,17.33097,0.21867060000000002
-153.9651,-102.979,8.0,22.73084,0.2614543
-167.343,-110.4179,8.0,24.31981,0.24489439999999998
-166.5671,-130.2035,8.0,29.608729999999998,0.3796957
-169.7143,-153.8543,8.0,34.861470000000004,0.38906
-170.4942,-181.4749,8.0,39.70187,0.24085259999999997
-168.9783,-212.6189,8.0,44.5107,0.3490847
-164.3146,-246.0746,8.0,43.46859,-1.121834
-141.2731,-255.7358,8.0,30.30378,-0.8766434000000001
-127.9197,-239.9465,8.0,31.0529,0.1158509
-127.3749,-215.2972,8.0,35.98611,0.38631
-124.9315,-187.5452,8.0,35.93985,-1.491488
-112.63,-180.37099999999998,8.0,14.661779999999998,0.29299970000000003
-107.3019,-192.3035,8.0,21.33355,0.2208705
-106.63600000000001,-210.3328,8.0,27.321479999999998,0.42691769999999996
-105.8739,-232.7387,8.0,32.922709999999995,0.1899617
-100.8331,-258.0903,8.0,37.10321,0.1560393
-78.10037,-272.8819,8.0,38.57118,-0.022075900000000002
-53.587230000000005,-260.2154,8.0,39.50476,0.02356914
-46.94161,-231.3218,8.0,42.61499,0.1675919
-41.099140000000006,-199.0735,8.0,45.48355,-0.06736872
-17.43011,-174.0508,8.0,48.694320000000005,0.3359222
5.188209,-144.9421,8.0,46.773109999999996,-1.5621610000000001
4.740376,-118.2934,8.0,33.7403,0.33286140000000003
-6.935822,-93.55028,8.0,39.09158,0.1726488
-2.192418,-63.34506,8.0,43.63925,0.1668618
-1.3519379999999999,-29.242590000000003,8.0,48.174170000000004,0.1465217
-2.10018,8.033887,8.0,52.48267,0.3064482
-13.64829,39.4197,8.0,34.69213,-0.9226591000000001
-26.325570000000003,41.53417,8.0,4.522163,-0.36314240000000003
-28.722340000000003,37.22723,8.0,10.48545,0.2229861
-37.26489,41.34834,8.0,16.820629999999998,0.4651861
-47.25976,48.5945,8.0,7.546257000000001,-2.779057
-48.02091,48.58682,8.0,0.02906048,0.02667476
-48.3579,47.34218,8.0,4.213971,0.09154727
-47.640809999999995,43.80865,8.0,4.914495,-0.09292232
-48.03608,43.97972,8.0,5.647371,0.6677860999999999
-55.011430000000004,46.42805,8.0,14.534270000000001,0.593913
-68.82438,44.96826,8.0,22.956670000000003,0.5764793
-88.65843000000001,42.42434,8.0,30.8674,0.5368335999999999
-114.1931,43.716770000000004,8.0,38.13482,0.48568779999999995
-140.6085,35.58873,8.0,38.62576,-0.07404258
-144.0374,6.562863,8.0,44.10041,0.32164040000000005
-147.037,-28.2467,8.0,46.586059999999996,-0.6355075
-142.118,-35.09632,9.0,2.4995950000000002,-0.05433124
-143.6761,-40.80585,9.0,13.486139999999999,0.6192464
-148.9811,-49.22365,9.0,12.18783,-0.2113322
-157.3576,-53.132769999999994,9.0,14.318029999999998,-0.2063777
-165.5449,-57.470909999999996,9.0,11.2114,-0.1045664
-166.2294,-65.59785,9.0,15.6679,1.002887
-154.975,-73.57096,9.0,18.8444,-0.3345402
-142.386,-72.79395,9.0,15.30134,-0.1206177
-128.637,-75.22041,9.0,25.03057,0.147128
-113.4193,-86.21964,9.0,26.08288,0.06204211
-107.1774,-104.0899,9.0,24.310489999999998,-0.3823773
-109.0036,-115.8153,9.0,11.74522,-0.1764716
-112.897,-124.8858,9.0,19.699289999999998,1.1905370000000002
-124.5893,-134.4333,9.0,19.119410000000002,-0.33264770000000005
-136.8893,-133.1421,9.0,15.536,-0.04420692
-144.9382,-122.0504,9.0,23.92504,0.6095404999999999
-151.3618,-103.7674,9.0,21.23169,-1.506232
-161.3609,-100.0348,9.0,12.931460000000001,-0.1593196
-166.6552,-109.8896,9.0,22.18307,1.1251520000000002
-168.5555,-131.6732,9.0,36.410779999999995,0.9652618000000001
-168.9737,-162.5363,9.0,44.90252,0.33773459999999994
-165.6931,-196.9862,9.0,47.56258,-0.6461508
-163.0966,-228.9063,9.0,38.20844,-0.47545059999999995
-159.2537,-250.4753,9.0,25.01446,-0.48936660000000004
-146.1789,-260.0182,9.0,19.72204,-0.2011206
-133.5803,-255.5854,9.0,22.51023,0.7469462
-125.1803,-235.3061,9.0,35.617670000000004,0.5178075
-127.5025,-208.6212,9.0,31.605009999999996,-1.7755169999999998
-128.5419,-192.5388,9.0,15.22311,-0.23012870000000002
-124.4176,-183.3665,9.0,14.519129999999999,0.6354048000000001
-111.5976,-182.812,9.0,18.41943,-0.1623316
-103.5833,-191.2375,9.0,15.13437,0.14486870000000002
-102.6536,-207.5838,9.0,29.5623,0.9321292
-105.3071,-232.9217,9.0,37.93959,0.1889221
-103.194,-259.5979,9.0,34.89924,-0.2387519
-84.03844000000001,-273.0376,9.0,32.75517,0.13405450000000002
-61.175230000000006,-267.11,9.0,31.961879999999997,-0.06825992
-49.53601,-246.239,9.0,34.62984,0.3054334
-45.32206,-219.8761,9.0,36.90139,-0.02397576
-40.29657,-193.9595,9.0,33.90136,-0.2062098
-28.11755,-174.6365,9.0,28.007479999999997,-0.7590201
-13.19602,-163.2691,9.0,22.98124,-0.1701384
-0.02787476,-154.6008,9.0,19.454810000000002,-0.1458641
10.20883,-145.4733,9.0,20.20748,0.573837
10.86017,-129.0575,9.0,25.94192,0.5006992
-2.036139,-112.6999,9.0,29.54873,0.08848483
-9.472358999999999,-92.04494,9.0,30.11182,0.05600684
-11.14981,-69.07349,9.0,33.06621,0.1438045
-7.7986059999999995,-43.69755,9.0,35.43186,0.03506627
-3.151047,-17.43938,9.0,36.50793,0.07481826
-2.580509,8.186535000000001,9.0,29.54065,-1.05195
-6.74966,25.80497,9.0,20.2637,-0.3070361
-15.768410000000001,38.33124,9.0,25.51912,0.25780990000000004
-35.89648,45.265240000000006,9.0,32.45531,0.4721549
-62.526740000000004,43.87973,9.0,39.58625,0.25488879999999997
-94.56454000000001,43.86139,9.0,46.44279,0.46932290000000004
-128.9364,40.161,9.0,41.09503,-1.4984549999999999
-147.2985,24.48433,9.0,34.34124,-0.01654765
-142.1352,-2.2271509999999997,9.0,40.09153,0.221309
-143.2242,-31.13348,9.0,27.8525,-3.100679
-146.9804,-44.36697,10.0,18.43706,0.9123905999999999
-157.1114,-54.04801,10.0,17.61528,-0.25581570000000003
-166.581,-60.372859999999996,10.0,13.55636,-0.1794277
-163.4969,-70.51581,10.0,18.61402,0.21207960000000003
-150.7137,-72.82855,10.0,18.4614,0.05971132
-137.4508,-73.09867,10.0,17.144679999999997,0.3312788
-121.1584,-79.07646,10.0,27.87626,0.24860990000000002
-107.9061,-97.16823000000001,10.0,33.88944,0.19011860000000003
-111.5571,-122.5161,10.0,31.55312,-0.6296541999999999
-125.7888,-133.1677,10.0,21.38735,-0.38779309999999995
-139.2235,-131.1036,10.0,16.779429999999998,0.21526460000000003
-145.6775,-117.3846,10.0,24.93392,0.36492979999999997
-150.4153,-104.5353,10.0,4.321554,-0.2548969
-154.6872,-101.2636,10.0,11.75286,0.534983
-164.6976,-103.8041,10.0,18.21286,0.4151045
-167.8734,-119.2126,10.0,25.01272,0.5097487
-168.8534,-140.3085,10.0,32.11892,0.7213715
-168.3769,-166.0567,10.0,36.799640000000004,0.4548486
-166.69799999999998,-194.5365,10.0,39.84284,0.04705187
-164.3178,-222.1556,10.0,33.64121,-0.2702084
-162.4704,-244.3493,10.0,26.629620000000003,-0.5493713000000001
-152.1125,-257.5096,10.0,20.586560000000002,0.3682045
-135.8353,-257.5041,10.0,23.794929999999997,-0.06062483
-126.6205,-241.6292,10.0,26.9731,0.2643023
-125.3859,-220.7981,10.0,30.008129999999998,0.2343759
-127.7053,-200.05599999999998,10.0,21.10204,-1.647884
-127.4748,-187.8133,10.0,14.160160000000001,-0.1774705
-120.6271,-182.046,10.0,14.400820000000001,0.4703406
-108.34899999999999,-184.3813,10.0,18.25455,-0.1297219
-102.9913,-196.2835,10.0,19.44547,0.09051542
-103.7865,-211.6619,10.0,21.75244,0.01593262
-104.9522,-227.875,10.0,23.5591,0.3604275
-106.0636,-247.9015,10.0,29.814329999999998,0.02578021
-98.35698000000001,-267.7182,10.0,29.38478,0.4261601
-74.58815,-271.8748,10.0,37.110040000000005,0.1459631
-52.203379999999996,-256.9805,10.0,37.73873,0.1319181
-47.12725,-227.2247,10.0,43.18298,0.08277360000000002
-41.02149,-196.7281,10.0,38.00758,-0.6492975000000001
-28.30423,-175.4096,10.0,29.91593,-0.26807759999999997
-12.67523,-163.33100000000002,10.0,23.19049,-0.7113488
-3.5197480000000003,-156.958,10.0,14.830060000000001,1.043612
7.7253169999999995,-148.3883,10.0,19.391479999999998,-0.1265039
13.25014,-134.1732,10.0,26.120160000000002,0.1566953
0.7844619,-117.5278,10.0,31.46377,0.40057220000000004
-8.981621,-94.6703,10.0,34.905559999999994,-0.2967061
-10.21768,-70.82214,10.0,33.09006,0.4660635
-7.650110000000001,-44.08463,10.0,39.441520000000004,0.48061729999999997
-2.7992310000000002,-12.956439999999999,10.0,45.36927,0.41412550000000004
-4.638758999999999,21.861520000000002,10.0,46.88953,-0.7815403000000001
-26.6764,43.11895,10.0,43.4156,0.3108554
-60.3695,44.21092,10.0,48.29416,0.3677974
-98.05818000000001,43.15562,10.0,53.5173,0.1719434
-133.3824,38.51625,10.0,39.042629999999996,0.08691198
-148.8551,17.82689,10.0,36.67644,0.03219958
-141.5279,-10.09977,10.0,41.50515,0.1650661
-145.5807,-37.79456,11.0,33.252179999999996,0.45743500000000004
-161.7348,-57.88531,11.0,37.73898,0.2844477
-168.6717,-77.38953000000001,11.0,21.91929,-1.1934129999999998
-156.2224,-76.63691999999999,11.0,22.02532,0.5185960999999999
-140.5835,-69.89348000000001,11.0,26.652079999999998,0.218592
-121.6079,-81.10123,11.0,32.69011,-0.5558274999999999
-109.2018,-100.1616,11.0,33.21863,0.3288749
-115.3468,-123.9701,11.0,29.75879,-0.5861993000000001
-132.8981,-132.8374,11.0,29.245420000000003,0.4003599
-144.8098,-115.7224,11.0,32.66507,0.271286
-148.915,-102.4285,11.0,10.76971,1.053316
-161.3596,-102.3003,11.0,22.85349,0.3734153
-166.59400000000002,-119.0633,11.0,27.782459999999997,0.5076537999999999
-166.8396,-142.0584,11.0,34.36595,0.47069809999999995
-168.0083,-169.7233,11.0,40.435829999999996,0.45726930000000005
-164.9116,-201.7258,11.0,46.33424,0.2160152
-162.398,-236.3916,11.0,42.788990000000005,-0.6429341
-151.3828,-257.7705,11.0,28.480040000000002,0.3082179
-131.3638,-254.6515,11.0,29.631840000000004,0.04473072
-125.3833,-231.7107,11.0,35.191140000000004,0.4364545
-127.6717,-203.8239,11.0,36.49303,-0.8334662
-121.6538,-181.2647,11.0,26.8712,-0.793521
-107.1648,-187.2438,11.0,24.27325,0.2977985
-106.9034,-207.49900000000002,11.0,30.6049,0.4831265
-106.5273,-232.297,11.0,36.7534,0.21984189999999998
-102.8813,-260.7387,11.0,41.18144,0.05795087
-77.78773000000001,-272.2243,11.0,40.228590000000004,0.3486328
-52.14359,-257.7979,11.0,41.04378,-0.03896831
-45.35845,-226.4868,11.0,46.017790000000005,0.2010887
-38.3474,-191.2283,11.0,50.80587,0.1887274
-14.14519,-164.93900000000002,11.0,41.66668,-1.487722
6.421424,-149.765,11.0,30.12251,-0.5418893
11.70036,-132.05100000000002,11.0,22.27311,-0.06900363
1.2510860000000001,-116.0738,11.0,29.34657,0.4624237
-8.047492,-94.32434,11.0,35.261540000000004,0.44970129999999997
-10.26419,-66.12048,11.0,41.250690000000006,0.4207628
-5.37739,-33.75122,11.0,47.01758,0.411724
-1.9051810000000002,2.7543889999999998,11.0,52.057590000000005,0.1403138
-14.18762,37.863479999999996,11.0,47.89771,-0.20234620000000003
-46.885290000000005,44.4873,11.0,47.83512,0.39944250000000003
-84.24255,41.89427,11.0,53.2706,0.3780011
-124.2648,40.0231,11.0,49.2229,-1.421918
-149.1995,22.79887,11.0,40.80192,-0.2585715
-143.7842,-6.970175,11.0,43.44191,0.3414095
-144.5948,-39.102990000000005,12.0,38.9775,-1.284632
-160.6641,-53.456340000000004,12.0,28.642290000000003,0.25547020000000004
-166.8354,-68.85721,12.0,23.76676,0.02551752
-149.2518,-71.28543,12.0,28.020640000000004,0.464859
-126.90899999999999,-75.43563,12.0,33.951440000000005,0.3948601
-108.5294,-94.25999,12.0,38.277440000000006,0.2453337
-111.4471,-119.5785,12.0,29.46333,-0.8565586
-127.3807,-131.8347,12.0,25.16599,-0.2514327
-143.0727,-128.8237,12.0,23.87548,0.1213906
-147.3182,-109.9728,12.0,29.31972,0.1297284
-160.3093,-100.6533,12.0,19.53116,-0.3794337
-167.6901,-113.5259,12.0,26.804509999999997,0.5084481
-167.4789,-138.3402,12.0,37.36356,0.22038600000000003
-168.1318,-168.05599999999998,12.0,43.09725,0.21209360000000002
-165.8369,-202.2178,12.0,48.86755,0.3917948
-163.4466,-239.1152,12.0,45.366859999999996,-0.7517685000000001
-146.192,-258.6194,12.0,29.54631,-1.000402
-130.7202,-245.9566,12.0,30.408170000000002,-0.05965258
-125.7744,-221.6268,12.0,36.51643,0.39249870000000003
-128.5109,-194.9961,12.0,33.2612,-0.1615287
-115.4293,-179.722,12.0,27.89545,-0.23356079999999999
-107.397,-193.7206,12.0,25.8512,0.4768027
-110.4241,-214.8399,12.0,32.21998,0.23249570000000003
-108.2293,-241.0829,12.0,38.6123,0.22505509999999998
-96.51314,-267.9587,12.0,40.44768,-0.2224158
-67.77385,-269.2112,12.0,41.94299,0.1817971
-45.711929999999995,-250.3705,12.0,37.21052,-0.5633746000000001
-53.558719999999994,-227.5575,12.0,28.99837,-0.5887571
-52.97755,-217.4141,12.0,5.555051000000001,0.005709093
-53.3536,-214.8867,12.0,0.7093328000000001,0.5507715
-51.26295,-217.9513,12.0,9.209789,0.28627670000000005
-43.50124,-215.4072,12.0,15.68665,0.08162394
-41.78999,-205.1383,12.0,12.48283,0.1394662
-40.25618,-192.0655,12.0,22.19365,0.5219708
-30.90969,-175.78,12.0,28.798959999999997,0.48594030000000005
-11.76597,-161.9709,12.0,35.21028,0.458611
9.094932,-144.7001,12.0,37.157959999999996,-0.6512536999999999
8.291547999999999,-123.397,12.0,29.858009999999997,0.7973639
-6.3732120000000005,-99.7083,12.0,45.76598,0.5260595
-10.01863,-62.4109,12.0,53.91681,0.1660914
-3.3039160000000005,-21.214579999999998,12.0,58.763769999999994,0.3471685
-4.727793,19.64082,12.0,41.53244,-2.180351
-18.57808,40.40981,12.0,36.21245,0.2268692
-45.60698,45.13047,12.0,40.23557,0.2169911
-77.52693000000001,44.549440000000004,12.0,46.0358,0.41036819999999996
-113.5191,41.44184,12.0,50.63402,-0.24928209999999998
-147.4434,32.302890000000005,12.0,45.48506,-0.6708363
-152.6472,13.829189999999999,12.0,10.50335,-0.7973425000000001
-152.4692,12.75987,12.0,5.6063279999999995,0.3012947
-147.2136,8.608446,12.0,13.54062,0.2928588
-146.1826,-4.243098000000001,12.0,21.0883,0.5106992
-142.8191,-22.21337,12.0,28.18402,0.4825572
-142.0989,-35.10843,13.0,7.037952000000001,0.2950284
-144.7187,-42.85392,13.0,15.01206,0.5704668
-154.8979,-51.8534,13.0,22.20289,0.5233667000000001
-167.2057,-63.9384,13.0,22.7276,-0.6338894
-160.5073,-75.29224,13.0,17.694020000000002,0.11753800000000002
-146.0192,-74.20701,13.0,21.23281,-0.3758268
-131.6835,-72.63668,13.0,21.90449,0.2537517
-115.2888,-81.00296,13.0,28.233140000000002,0.4032366
-106.6464,-101.75299999999999,13.0,33.54954,0.1590641
-116.9676,-125.1184,13.0,37.49382,0.290094
-141.3284,-130.7655,13.0,27.068620000000003,-2.032292
-144.6564,-122.5218,13.0,6.0431,0.04832747
-138.2056,-122.25299999999999,13.0,1.318785,-1.7819639999999999
-141.1874,-123.1955,13.0,8.253025,0.5224018
-145.4718,-127.9647,13.0,6.112932,-0.2316511
-145.4657,-128.4675,13.0,4.241644,0.652147
-142.8052,-122.6286,13.0,13.0485,0.312727
-140.2952,-110.6858,13.0,20.56982,0.47065280000000004
-151.4851,-98.14325,13.0,26.04273,0.2501542
-165.8371,-105.8607,13.0,22.6741,0.8559171999999998
-167.6424,-126.7082,13.0,32.11142,0.5205624
-167.5204,-153.0083,13.0,38.88446,0.24139290000000002
-167.9714,-184.3857,13.0,45.373940000000005,0.44657299999999994
-168.0507,-220.2468,13.0,51.38411,0.2062429
-156.8902,-253.1196,13.0,43.98256,-0.1937523
-130.6699,-252.6411,13.0,29.93383,-0.5603385999999999
-128.4078,-229.9005,13.0,36.674929999999996,0.8259631
-127.5312,-200.1277,13.0,39.90525,-0.2926371
-123.5139,-183.8793,13.0,14.43939,-0.09308506
-112.4234,-182.6006,13.0,20.17734,0.1810135
-104.999,-197.3847,13.0,26.486240000000002,0.515977
-106.6626,-219.4836,13.0,33.51702,0.5021706
-106.081,-246.3011,13.0,39.28362,0.35352290000000003
-87.84508000000001,-270.0622,13.0,42.63987,0.009637896
-58.4298,-265.7618,13.0,42.528529999999996,-0.0174683
-49.054970000000004,-236.2295,13.0,45.25623,0.4580183
-44.41278,-203.5667,13.0,41.46828,0.1818556
-25.530820000000002,-177.2168,13.0,46.90735,0.4664884
-0.03235796,-150.2777,13.0,52.42458,-0.1249262
8.19448,-118.072,13.0,41.12597,-1.6046799999999999
-8.255605000000001,-99.94245,13.0,28.094079999999998,-0.1758943
-6.680916000000001,-77.18098,13.0,34.83406,0.5131157000000001
-5.526814,-48.89788,13.0,41.51686,0.4558014
-4.412656,-15.84459,13.0,47.76252,0.21478809999999998
-5.349506,21.37946,13.0,49.97452,-1.23771
-23.95983,41.77134,13.0,30.43398,-0.7644359000000001
-34.2835,34.68458,13.0,13.635689999999999,0.20097620000000002
-35.11502,32.58783,13.0,0.07393777,0.030518
-35.16188,32.59383,13.0,0.06704511,-0.009633476
-34.58254,34.32901,13.0,6.285661,0.5614125
-33.0284,41.435109999999995,13.0,9.928229,-1.6218629999999998
-32.2406,44.79376,13.0,0.2059409,0.5508903
-34.034659999999995,42.202009999999994,13.0,8.415322,0.5865657
-42.724,42.38884,13.0,15.90526,0.5239981
-56.77378,45.32137,13.0,22.81131,0.45627629999999997
-75.94875,43.29955,13.0,29.33714,0.48147399999999996
-99.90127,42.41547,13.0,35.33867,0.4266973
-127.7358,40.29701,13.0,40.30576,0.2992836
-147.1522,20.79226,13.0,38.24723,0.1652126
-145.9489,-9.078505,13.0,43.21513,0.18796020000000002
-146.0539,-42.29335,14.0,44.50711,-0.07660636
-161.9385,-61.01981,14.0,26.84045,-1.202633
-155.5042,-74.9911,14.0,25.815820000000002,0.1302677
-134.3529,-75.96021999999999,14.0,31.51268,0.29573320000000003
-114.1909,-89.48008,14.0,35.641709999999996,0.2484759
-111.6263,-115.5656,14.0,38.06238,0.1631816
-133.2576,-131.9756,14.0,34.966809999999995,-1.422924
-146.3204,-122.1256,14.0,13.20664,-2.334763
-146.1724,-119.6279,14.0,1.9432650000000002,0.009341752
-147.0403,-118.5417,14.0,1.6992330000000002,-0.03515299
-147.88299999999998,-117.7799,14.0,2.06588,0.4441935
-150.4982,-117.31700000000001,14.0,3.902249,-0.1730448
-149.6968,-116.8389,14.0,5.9043019999999995,0.3380578
-145.0392,-111.0962,14.0,14.26121,0.2883193
-148.9162,-99.32083,14.0,21.053829999999998,0.4634945
-164.4493,-100.62,14.0,25.179129999999997,0.1402092
-167.2012,-120.1936,14.0,30.825120000000002,0.5209090999999999
-166.5847,-145.5846,14.0,37.75219,0.49960519999999997
-166.7628,-176.0338,14.0,44.36952,0.49966819999999995
-167.2432,-211.19799999999998,14.0,50.54128,0.2023693
-160.6863,-246.8033,14.0,41.802479999999996,-1.677079
-142.8873,-254.0799,14.0,12.52164,-1.18816
-141.57399999999998,-250.4941,14.0,3.340148,-0.1404373
-139.4125,-248.3156,14.0,7.320519,0.5842308
-131.4522,-250.0918,14.0,14.935379999999999,-0.8601346
-122.5039,-250.5323,14.0,10.61331,-0.3381487
-121.7654,-242.1397,14.0,16.12852,0.5714409
-125.3615,-227.5615,14.0,24.2123,0.5398609999999999
-127.3224,-206.9679,14.0,31.6371,0.512177
-123.7322,-182.9867,14.0,31.69683,-0.5794194
-107.0259,-183.49900000000002,14.0,23.30979,0.759774
-106.4117,-206.6021,14.0,41.30659,0.7807028
-105.7667,-244.0646,14.0,57.26171,-0.01999047
-82.35473,-271.5479,14.0,44.71683,0.1584797
-52.413059999999994,-261.1682,14.0,43.63216,-0.26778140000000006
-49.400940000000006,-229.3816,14.0,46.31772,0.19491429999999998
-39.48649,-195.8832,14.0,50.176759999999994,0.36315240000000004
-13.00647,-167.2964,14.0,55.50564,0.4280969
9.680010000000001,-134.9585,14.0,44.11485,-1.314017
1.485968,-114.2759,14.0,26.11233,-0.45926940000000005
-5.795534,-94.55371,14.0,32.26037,0.23671170000000002
-4.3053349999999995,-68.19084000000001,14.0,39.111129999999996,0.4907166
-2.488844,-36.7758,14.0,45.63485,0.45420320000000003
-2.554596,-0.7026011999999999,14.0,51.74842,0.4170385999999999
-11.13744,34.79611,14.0,44.89308,-0.44991450000000005
-41.22785,41.72096,14.0,45.03975,0.21744940000000001
-76.92554,40.2696,14.0,51.12605,0.44885119999999995
-116.6848,41.4698,14.0,53.4478,-0.6535592
-143.7455,30.3983,14.0,28.96201,-2.303197
-144.5228,22.016779999999997,14.0,2.532973,0.6729746999999999
-141.9023,24.59218,14.0,5.038297,0.3909763
-141.816,24.666520000000002,14.0,5.354968,0.5455485999999999
-146.6711,21.39666,14.0,9.386414,-0.06815536
-149.553,22.04048,14.0,1.178733,0.4280138
-145.9955,19.57091,14.0,10.41107,0.6536986
-141.2332,10.022960000000001,14.0,18.795820000000003,0.5916515999999999
-141.0972,-6.87113,14.0,26.8578,0.5701148
-141.7633,-33.61776,1.0,3.924904,0.3811522
-141.9928,-38.57168,1.0,10.48264,0.6860316
-145.5172,-48.81257,1.0,19.1113,0.292668
-159.2179,-59.10638,1.0,26.97575,0.16826939999999999
-158.1005,-75.92865,1.0,25.0573,-0.2884869
-142.5375,-69.21085,1.0,26.181060000000002,-0.4652191
-135.8721,-68.27733,1.0,0.03957233,0.0009888179
-135.8533,-68.28027,1.0,0.02579846,6.56156e-05
-135.8349,-68.28279,1.0,0.02476791,-0.0041252829999999996
-135.895,-68.52425,1.0,2.599182,0.3298446
-135.9088,-71.67844000000001,1.0,4.556541,-0.0164498
-135.7517,-74.76918,1.0,3.7642290000000003,-0.06599001
-136.9004,-76.52503,1.0,0.24544870000000002,0.3887816
-133.6208,-75.06535,1.0,9.361406,0.3305482
-123.6979,-76.85875,1.0,17.773329999999998,0.4666675
-114.6126,-89.55688,1.0,25.234720000000003,0.5777647
-110.3879,-110.1568,1.0,31.890079999999998,0.4243778
-123.9968,-130.8224,1.0,36.469440000000006,0.23449410000000004
-145.2118,-127.4333,1.0,24.0657,-1.037297
-140.3037,-113.6152,1.0,24.44108,0.5290136
-138.4577,-108.7136,1.0,0.02166866,-0.008347115
-138.4585,-108.7312,1.0,0.02453063,-0.01835973
-138.8081,-108.5929,1.0,3.7625889999999997,0.8935040000000001
-143.8148,-108.851,1.0,8.047383,-0.07679891
-145.5903,-110.6132,1.0,2.5785310000000004,0.6912436
-144.3805,-105.6509,1.0,11.25886,0.2983165
-150.6488,-96.88036,1.0,18.99328,0.14907920000000002
-162.2193,-98.11336,1.0,14.29214,-0.3007087
-166.7129,-110.7354,1.0,25.9285,0.9413998
-170.3999,-133.9797,1.0,36.84,0.1684121
-162.9589,-161.7081,1.0,37.29593,-0.7473882
-166.9906,-186.0368,1.0,29.94238,-0.4721079000000001
-167.2783,-212.7326,1.0,40.52215,-0.18300729999999998
-165.1954,-239.88400000000001,1.0,32.60843,-0.8224408999999999
-149.6659,-251.0615,1.0,26.29236,0.24633110000000003
-128.3628,-245.8531,1.0,32.54356,0.3522087
-124.5314,-229.4185,1.0,23.51906,0.5481315
-129.416,-214.4376,1.0,22.90033,0.2103481
-122.9146,-201.2414,1.0,17.67043,-0.3185115
-124.5653,-188.7694,1.0,15.09329,-0.4171754
-114.3793,-184.5225,1.0,19.76601,-0.1295146
-110.4792,-195.593,1.0,14.599260000000001,-0.12499189999999999
-110.0108,-206.3442,1.0,17.012929999999997,0.5967458000000001
-108.6198,-221.8578,1.0,24.92889,0.5545118
-106.0909,-242.9356,1.0,32.306059999999995,0.49105820000000006
-93.9505,-265.3932,1.0,37.51634,0.12201680000000001
-66.93299,-269.3481,1.0,39.48672,0.006978302
-52.02499,-245.8123,1.0,40.24715,0.37040559999999995
-47.20466,-214.5536,1.0,45.49815,0.42553090000000005
-27.44906,-185.0553,1.0,50.87809,0.42935680000000004
-1.9603720000000002,-154.4821,1.0,56.532469999999996,0.4011343
11.89443,-117.3433,1.0,41.78521,-2.501513
10.18036,-104.436,1.0,1.465008,-0.13382829999999998
9.748025,-104.2367,1.0,0.05805276,0.08923989999999998
11.558019999999999,-105.4362,1.0,6.108455999999999,0.1882656
16.87743,-107.2821,1.0,6.890873,-0.8067563
18.20928,-107.0168,1.0,2.83015,0.32612140000000006
13.19842,-108.8434,1.0,11.43792,0.2994197
3.115025,-111.5942,1.0,16.67354,0.10537619999999999
0.5032835999999999,-98.61643000000001,1.0,22.62995,0.2789498
-1.8715419999999998,-80.00963,1.0,29.210590000000003,0.5144194000000001
-5.493987000000001,-56.25906,1.0,35.86963,0.5186031
-6.318223000000001,-27.26165,1.0,42.39568,0.4564562
-6.386039,6.416755,1.0,48.45917,0.2130225
-12.257610000000001,38.83484,1.0,35.26563,-1.1972559999999999
-23.73329,42.70286,1.0,14.35465,0.5773073000000001
-35.573209999999996,37.71485,1.0,21.457629999999998,0.5129662
-54.07336,39.86815,1.0,28.68072,0.243425
-77.93443,39.53651,1.0,35.644009999999994,0.4839009
-106.7692,40.11586,1.0,42.20142,0.46141759999999993
-137.377,38.247640000000004,1.0,34.73955,-1.640378
-143.2014,24.91279,1.0,10.762189999999999,-1.350973
-137.7518,24.27856,1.0,0.1010153,0.23094139999999996
-137.7518,24.23014,1.0,0.05614206,0.008470191
-138.0804,24.318479999999997,1.0,3.10272,0.6433542
-142.9796,24.372770000000003,1.0,9.548528999999998,0.33145440000000004
-149.9569,25.03866,1.0,5.924855,-0.7484253000000001
-150.7728,25.25307,1.0,3.299471,0.3221448
-147.41,21.14539,1.0,11.369019999999999,0.5675678000000001
-150.0825,10.80596,1.0,18.44303,0.5098415
-150.1032,-4.321377,1.0,24.37142,0.5125919
-146.3539,-24.431929999999998,1.0,30.86491,0.2217271
-151.1701,-47.46989,2.0,32.36372,-0.2878009
-167.0583,-63.20319,2.0,28.53037,-0.8300574000000001
-157.68200000000002,-72.50395999999999,2.0,11.601230000000001,-1.355564
-155.721,-68.52702,2.0,0.07185880000000001,0.02756315
-155.6837,-68.52806,2.0,0.04639082,0.03596678
-156.0251,-69.86726,2.0,4.939271,0.1463485
-156.4967,-73.59373000000001,2.0,4.811946,-0.04288714
-156.812,-74.8962,2.0,2.9399900000000003,0.6909764
-151.826,-72.73357,2.0,12.1069,0.2993044
-141.7382,-78.66691999999999,2.0,20.3208,0.5665597
-128.0474,-83.12335,2.0,17.72555,-0.31173059999999997
-116.3465,-91.3745,2.0,26.61657,1.17488
-111.6467,-112.3301,2.0,30.942890000000002,0.06797227
-127.2411,-129.5564,2.0,32.72933,-0.1044468
-144.9654,-124.5595,2.0,20.68565,-0.24854720000000002
-139.1021,-110.4089,2.0,22.44267,-0.43059189999999997
-147.7954,-101.5344,2.0,20.77166,0.172402
-160.5421,-106.9715,2.0,17.124760000000002,-0.16143120000000002
-161.7614,-119.2589,2.0,17.421,0.30542559999999996
-165.1155,-134.0704,2.0,24.68818,0.27257729999999997
-165.2606,-155.287,2.0,32.50891,0.5471576
-165.553,-182.2017,2.0,39.8661,0.24479070000000003
-165.975,-214.308,2.0,46.77231,0.4977445
-161.7965,-245.31400000000002,2.0,25.98406,-2.510698
-146.5261,-252.0085,2.0,26.60095,0.5831071
-126.7609,-245.97799999999998,2.0,28.766,-0.20486679999999996
-128.1273,-227.21599999999998,2.0,29.1726,1.099237
-126.2029,-202.355,2.0,37.28593,0.27880479999999996
-122.4285,-184.6355,2.0,10.46627,-0.22029570000000004
-113.3772,-186.3103,2.0,16.68414,0.2289855
-110.2901,-200.8811,2.0,24.46248,0.5952469
-108.335,-221.8383,2.0,32.29364,0.28544840000000005
-103.3784,-248.0369,2.0,39.44463,0.2180403
-83.92544000000001,-270.093,2.0,41.15269,-0.316984
-56.52098,-260.7477,2.0,42.16858,0.3221906
-49.429829999999995,-231.3077,2.0,44.42897,0.4121391
-41.71758,-197.97799999999998,2.0,48.76917,0.2498542
-16.07391,-169.7502,2.0,54.606480000000005,0.19517679999999998
7.4921050000000005,-137.4978,2.0,41.45888,-1.9252049999999998
4.205319,-121.3455,2.0,19.8383,0.29903240000000003
-5.572644,-107.2227,2.0,27.143829999999998,0.25517310000000004
-6.694844,-84.42411,2.0,34.638490000000004,0.5740837
-6.778139,-56.055530000000005,2.0,41.87611,0.4854552
-7.050758999999999,-22.49779,2.0,48.6287,0.2334975
-7.363882,15.914279999999998,2.0,55.00481,0.45329890000000006
-18.61551,44.39115,2.0,27.33108,-2.392451
-25.936529999999998,45.56081,2.0,2.5950189999999997,0.7165942
-27.1029,40.875690000000006,2.0,11.29076,0.5743866999999999
-37.6704,42.16783,2.0,19.41585,0.6373288
-53.855619999999995,46.38975,2.0,26.59781,0.5764574
-76.20943,42.77448,2.0,34.28065,0.4124939
-104.251,41.40297,2.0,41.50745,0.5051225
-136.9497,37.49767,2.0,45.18136,-1.468568
-150.5139,21.01234,2.0,14.711279999999999,-2.71515
-148.1536,19.416629999999998,2.0,6.414668,0.6233375
-143.2499,14.472610000000001,2.0,14.700289999999999,0.29714840000000003
-148.8187,2.217894,2.0,22.570970000000003,0.2617601
-148.1646,-15.40601,2.0,28.34243,0.5263667
-142.0331,-34.69082,3.0,10.02921,0.5164820999999999
-144.3526,-42.971470000000004,3.0,11.410639999999999,-0.0182065
-151.6023,-51.26847,3.0,17.463420000000003,-0.1527057
-162.5505,-54.73314,3.0,13.837110000000001,-0.2629188
-166.4887,-61.79501,3.0,10.27714,-0.15185539999999997
-162.6532,-69.09012,3.0,14.99806,0.29778709999999997
-149.6068,-72.06629000000001,3.0,22.66173,0.6004595
-130.4823,-75.37514,3.0,30.284270000000003,-0.21492729999999996
-114.2148,-86.87938,3.0,24.423029999999997,-0.3842012
-107.8015,-104.1736,3.0,29.08618,-0.2440842
-112.4873,-122.7321,3.0,23.34785,-0.405789
-124.72399999999999,-132.4829,3.0,22.73625,0.2585601
-140.6983,-129.5635,3.0,23.334970000000002,0.6942559
-147.4048,-109.4104,3.0,28.752229999999997,-0.7944920999999999
-160.6029,-104.0648,3.0,17.295070000000003,0.4274222
-167.0535,-117.3362,3.0,24.51752,0.5889035
-169.4651,-138.3039,3.0,32.378640000000004,0.5276649999999999
-168.3357,-164.845,3.0,39.5216,0.5119794
-166.7909,-196.6531,3.0,46.291470000000004,0.4509129
-163.9794,-232.6411,3.0,48.837720000000004,-0.3291025
-151.9871,-258.3923,3.0,31.50698,-0.5799595999999999
-134.1098,-251.7964,3.0,28.92587,0.5335875
-125.0015,-230.7498,3.0,33.89532,0.3202902
-128.21200000000002,-204.3594,3.0,35.138290000000005,-0.4144041
-122.4295,-181.532,3.0,26.733859999999996,-1.256925
-108.8269,-183.6173,3.0,20.72406,0.1672882
-109.1979,-201.1213,3.0,27.205540000000003,0.5376149
-104.6018,-222.9026,3.0,30.843870000000003,-0.236052
-106.2476,-243.997,3.0,28.80198,0.5671303000000001
-97.92979,-267.4538,3.0,36.80863,-0.004377973
-71.91943,-268.8268,3.0,39.02543,0.2780921
-58.582159999999995,-268.0554,3.0,9.939973,-1.0030569999999999
-56.26811,-266.7496,3.0,1.860534,0.5743965
-57.211580000000005,-267.3951,3.0,0.03117582,-0.057784800000000004
-55.57455,-265.7218,3.0,6.095706,0.25984789999999997
-51.52665,-262.2984,3.0,8.000308,0.03836234
-48.162009999999995,-263.7247,3.0,0.1251138,-0.7274376
-49.63713,-260.7256,3.0,8.844754,0.2952459
-49.1015,-251.3201,3.0,16.961920000000003,0.5656119000000001
-45.430859999999996,-236.2991,3.0,24.649829999999998,0.5195729
-42.92409,-215.4645,3.0,31.851779999999998,0.5253188
-38.11084,-190.0464,3.0,37.29181,0.10365869999999999
-18.02015,-168.5489,3.0,42.36488,-1.3873540000000002
-1.092857,-153.4669,3.0,23.034670000000002,-0.3738744
9.902403999999999,-143.0638,3.0,18.02494,-0.3531586
11.340539999999999,-131.7908,3.0,13.717020000000002,-0.12782670000000002
4.815396,-120.3975,3.0,21.69914,0.5359556
-4.759049,-104.4487,3.0,28.855940000000004,0.5179277
-10.18863,-81.14851999999999,3.0,35.521390000000004,0.23079520000000003
-8.969028,-52.53195,3.0,41.91957,0.4637563
-4.207058,-19.64118,3.0,44.81392,-0.6524187
-3.858449,7.563250999999999,3.0,22.16177,-2.1473459999999998
-4.820576,14.83341,3.0,3.4109059999999998,-0.05008525
-6.016865,20.91451,3.0,12.85455,0.3194502
-10.478639999999999,32.58862,3.0,20.84995,0.5274463
-24.97186,42.82795,3.0,27.90158,0.4951125
-47.66155,44.631,3.0,34.411559999999994,0.48849549999999997
-75.6916,44.23724,3.0,41.190709999999996,0.4776361
-108.4834,41.94421,3.0,46.87471,-0.47209399999999996
-139.9216,36.535540000000005,3.0,39.17365,-0.1241405
-148.9747,15.044070000000001,3.0,32.52652,0.29550859999999995
-144.5053,-9.608042,3.0,37.154579999999996,0.24674839999999998
-144.1297,-39.44245,4.0,41.054629999999996,-0.4798372
-155.7724,-54.18966999999999,4.0,18.25163,-0.3136875
-167.9475,-59.19019,4.0,18.94567,0.3952611
-159.47899999999998,-71.20215999999999,4.0,24.52899,0.22983510000000001
-139.1837,-73.00567,4.0,30.88519,0.2012145
-117.5897,-85.06193,4.0,36.5834,0.183865
-109.0073,-110.9893,4.0,37.71694,-0.1770274
-125.8745,-131.8841,4.0,36.24975,-0.23947270000000004
-145.0694,-122.2975,4.0,29.63314,-0.2580299
-147.4692,-101.1674,4.0,24.43082,-2.502748
-159.8852,-101.0774,4.0,20.42178,0.2378558
-167.368,-116.5623,4.0,27.26721,0.526381
-170.3902,-139.2498,4.0,34.44424,0.2403617
-168.5547,-167.1448,4.0,41.06796,0.5030587000000001
-165.6795,-199.8384,4.0,47.49462,0.4704808
-163.1339,-235.8674,4.0,43.9997,-1.6389
-155.0888,-253.7184,4.0,19.404020000000003,-0.15977579999999997
-140.4936,-258.2424,4.0,24.288420000000002,0.3258919
-128.7145,-245.1767,4.0,28.39268,0.5651480999999999
-125.5192,-221.9076,4.0,34.819590000000005,0.45825920000000003
-128.3685,-194.2348,4.0,39.85948,0.1588211
-110.5505,-176.7135,4.0,31.979470000000003,-0.4195322
-99.89622,-189.84900000000002,4.0,22.59939,-0.3794212
-113.9196,-197.9986,4.0,23.13541,-0.7022236999999999
-114.555,-201.5549,4.0,0.01036972,-0.01031305
-114.5164,-201.5616,4.0,0.8821023000000001,0.5656603
-111.7066,-201.4607,4.0,6.275036,0.2356884
-109.6841,-198.31099999999998,4.0,1.6261450000000002,-0.5945279
-109.5232,-199.9209,4.0,5.858541000000001,0.26248130000000003
-108.1972,-206.7445,4.0,12.83136,0.5040671
-105.9843,-218.5312,4.0,19.343329999999998,0.2218551
-105.4261,-235.0733,4.0,25.377,0.44751779999999997
-103.9568,-255.6807,4.0,30.431409999999996,0.2940732
-87.27343,-271.3946,4.0,33.21546,0.06258949999999999
-62.268919999999994,-267.2456,4.0,36.77675,0.1111829
-49.24313,-244.5704,4.0,37.64861,0.15964879999999998
-47.32645,-215.0974,4.0,42.047109999999996,0.31783920000000004
-34.49217,-185.1099,4.0,45.77915,0.05950334
-9.434429,-161.8476,4.0,43.56224,-1.085101
6.574942,-146.9663,4.0,21.111929999999997,-0.23620560000000002
12.7923,-135.5747,4.0,16.95873,0.9266620000000001
5.139767,-121.0434,4.0,25.958289999999998,0.18897329999999998
-5.766325,-103.0788,4.0,31.136540000000004,0.1902379
-10.41136,-78.48628000000001,4.0,36.312940000000005,0.37012059999999997
-8.658968,-49.90681,4.0,41.111709999999995,0.175477
-2.908896,-18.16875,4.0,45.82549,0.1629485
-4.251342,16.78481,4.0,48.221740000000004,-0.2775548
-15.90688,37.63459,4.0,28.91749,0.153996
-37.79868,43.90484,4.0,33.49508,0.17984
-64.5223,43.2268,4.0,38.66728,0.37560879999999996
-95.02251,42.61245,4.0,43.52693,0.3417458
-125.96700000000001,39.33632,4.0,35.89232,-1.516985
-140.8519,35.20155,4.0,16.0336,0.4201916
-147.5254,23.23135,4.0,21.82057,0.4097433
-146.7638,5.0371559999999995,4.0,27.52952,0.4214744000000001
-142.2169,-16.987029999999997,4.0,33.06087,0.39579240000000004
-144.58700000000002,-41.41217,5.0,30.026970000000002,-0.8569210999999999
-160.0816,-53.83615,5.0,28.78653,0.37529309999999994
-167.6316,-67.22879,5.0,18.34481,0.07687259
-155.6598,-69.85238000000001,5.0,17.66715,0.8844299999999999
-139.4894,-73.13741,5.0,25.45851,0.42891320000000005
-120.1065,-80.72182,5.0,30.76955,0.1586865
-107.7728,-100.4642,5.0,33.89029,0.1745715
-114.4305,-124.2311,5.0,32.30519,-0.33489220000000003
-133.0583,-132.8107,5.0,24.9718,-0.7411333000000001
-142.8585,-119.7806,5.0,25.61627,0.41355070000000005
-153.469,-102.5438,5.0,28.40039,-0.7233268
-165.7378,-105.3872,5.0,15.741079999999998,0.43567429999999996
-165.1531,-118.2268,5.0,21.14763,1.073615
-167.6782,-137.16299999999998,5.0,33.26342,0.6974428
-168.1273,-168.1971,5.0,46.55005,0.1520154
-164.2247,-204.565,5.0,50.32663,-0.8078264000000001
-163.9456,-230.8655,5.0,22.010189999999998,-0.45284430000000003
-162.2303,-244.987,5.0,16.45543,-0.4007518
-155.994,-254.5135,5.0,18.41049,0.4705526
-140.2491,-259.7188,5.0,27.1831,0.5729693
-126.9613,-241.9373,5.0,36.813159999999996,0.8263205
-127.0214,-212.3131,5.0,39.3419,-0.7003068
-128.0716,-192.2879,5.0,19.39645,-0.4606117
-120.5377,-182.9015,5.0,18.07974,0.7180525
-105.5897,-186.8394,5.0,24.38999,0.07424155
-102.6541,-206.6558,5.0,32.384809999999995,0.42162089999999997
-104.8033,-232.8613,5.0,37.30904,0.02040379
-104.0302,-258.0389,5.0,30.145559999999996,-0.3270717
-87.65378,-271.3314,5.0,31.77269,0.2749362
-63.32566,-268.0678,5.0,35.50018,0.14392370000000002
-50.031859999999995,-245.9312,5.0,37.73215,0.3463315
-46.15571,-216.2335,5.0,42.59782,0.1755305
-36.0059,-184.9686,5.0,46.23738,0.06710933
-11.41891,-161.5535,5.0,35.80486,-3.884103
-0.01578666,-154.1867,5.0,12.334760000000001,-0.1647359
5.9853760000000005,-149.6858,5.0,8.079319,-0.28074640000000006
10.00724,-145.6378,5.0,9.874682,0.25742070000000006
13.23238,-136.6416,5.0,16.29702,0.4238465
7.876214999999999,-123.6282,5.0,22.206329999999998,0.21000120000000003
-2.744769,-108.4111,5.0,27.94013,0.3960605
-9.3758,-86.70628,5.0,33.28759,0.1829408
-9.89113,-60.31565,5.0,38.21107,0.3583406
-4.337668,-30.655379999999997,5.0,43.06661,0.32743920000000004
-1.398053,2.134268,5.0,41.29654,-0.7577411999999999
-5.785744,22.81498,5.0,10.9088,-0.9561138000000001
-9.55618,30.814859999999996,5.0,15.9595,0.4201804
-19.5346,40.431490000000004,5.0,21.931160000000002,0.42814030000000003
-37.07782,45.12937,5.0,27.525190000000002,0.40941679999999997
-59.5236,45.09656,5.0,33.07056,0.1934235
-86.01311,44.05552,5.0,38.32265,0.1791079
-115.7183,41.424820000000004,5.0,38.0528,-1.745416
-136.4428,38.29266,5.0,19.29018,0.6280859000000001
-146.4489,25.59705,5.0,25.11111,0.1989184
-147.0154,5.222897,5.0,30.304159999999996,0.19224370000000002
-142.1556,-18.73695,5.0,35.57885,0.1741397
-144.108,-40.1927,6.0,15.923160000000001,-2.00577
-149.0917,-49.50945,6.0,19.05572,0.3197483
-160.8521,-55.79865,6.0,15.498660000000001,-0.4165652
-166.2477,-63.414640000000006,6.0,14.90011,0.357526
-156.2338,-72.79157,6.0,24.09984,0.43390029999999996
-133.3753,-73.29131,6.0,36.83644,0.26490640000000004
-110.5585,-91.48953,6.0,39.79248,-0.6853811
-114.8172,-113.7571,6.0,18.2118,-2.194337
-118.0519,-122.4209,6.0,14.15784,1.178744
-125.5076,-133.059,6.0,16.97032,-0.006855171
-139.218,-131.0695,6.0,22.53576,0.32319000000000003
-145.2691,-113.9666,6.0,27.348940000000002,-0.5822951999999999
-150.1394,-104.3637,6.0,7.22077,0.09796438
-156.7922,-100.7923,6.0,14.585220000000001,0.2905447
-165.9592,-106.2112,6.0,16.86948,0.2758534
-167.5927,-122.8996,6.0,29.50289,1.009786
-168.8522,-149.694,6.0,42.14001,0.8156317
-167.3014,-184.8543,6.0,52.603080000000006,0.342348
-163.6855,-223.9923,6.0,48.82383,-0.4331057
-159.3444,-253.5955,6.0,32.00289,-1.491118
-141.825,-257.5914,6.0,21.27603,-0.48973809999999995
-129.5089,-249.2556,6.0,23.89335,0.3650707
-124.963,-230.2363,6.0,29.23912,0.36516659999999995
-127.6509,-206.8414,6.0,34.50071,0.1835704
-126.0342,-184.9783,6.0,17.19035,-2.215415
-113.1768,-183.218,6.0,21.39549,0.168102
-103.5224,-196.9056,6.0,25.97457,0.39086529999999997
-103.2812,-218.1293,6.0,31.41433,0.19607629999999998
-105.848,-243.2484,6.0,36.6734,0.1709618
-97.19391999999999,-269.0366,6.0,37.25075,-0.2040336
-73.47336,-270.4842,6.0,29.004440000000002,-0.5571617
-55.953959999999995,-264.2416,6.0,21.88719,-0.004896018
-48.465559999999996,-247.2708,6.0,29.42257,0.3911421
-44.94692,-223.6474,6.0,34.87791,0.38927740000000005
-41.453070000000004,-196.166,6.0,39.795390000000005,0.2943804
-23.94557,-172.46900000000002,6.0,42.255790000000005,0.1710181
-3.079379,-156.9765,6.0,20.82272,-2.091675
5.175432,-150.6537,6.0,12.08437,-0.000900875
11.29761,-143.4404,6.0,14.642629999999999,0.48412920000000004
11.494539999999999,-129.9435,6.0,22.98281,0.2969325
-1.71282,-113.2557,6.0,35.68016,0.9879
-9.313492,-82.99818,6.0,49.09791,0.4369369000000001
-7.245658000000001,-42.20787,6.0,60.06839,0.2026454
-1.4130989999999999,1.737263,6.0,54.316919999999996,-3.081824
-7.3417710000000005,25.463620000000002,6.0,21.159129999999998,-0.44183059999999996
-16.67643,38.99165,6.0,25.97854,0.670127
-39.03452,45.2003,6.0,38.01735,0.5128083
-72.87051,44.34285,6.0,52.9165,0.4629223
-113.5536,41.79523,6.0,40.651309999999995,-2.233009
-128.7415,39.03909,6.0,12.976189999999999,-0.3424312
-140.1857,35.75959,6.0,22.54104,0.5609794
-147.6555,20.161739999999998,6.0,26.71658,0.2041775
-145.4216,-1.540799,6.0,32.25822,0.4222276
-141.1048,-26.995209999999997,6.0,36.89719,0.08323269
-142.2024,-37.86698,7.0,10.788739999999999,0.4967095
-146.1787,-47.37402,7.0,17.138579999999997,0.2103667
-159.1725,-54.1328,7.0,22.86405,0.3172204
-168.3263,-66.50938000000001,7.0,18.25572,-0.5312507
-161.9308,-75.9567,7.0,16.505329999999997,0.1190397
-148.7605,-75.4082,7.0,20.06077,0.01996502
-133.8136,-73.35175,7.0,21.7932,0.12598789999999999
-117.6371,-80.96701,7.0,28.80685,0.3529379
-108.0436,-101.102,7.0,32.713440000000006,0.2818413
-117.1594,-123.9849,7.0,35.70597,0.20546810000000001
-141.4078,-130.5677,7.0,30.683729999999997,-1.5374299999999999
-146.0709,-119.3771,7.0,11.564810000000001,-0.5066664000000001
-143.1033,-111.3845,7.0,17.06034,0.41808270000000003
-151.0946,-102.1863,7.0,16.624979999999997,0.09148117
-163.8576,-105.7946,7.0,21.27396,-0.36219359999999995
-166.1124,-120.2517,7.0,21.02785,0.4920901
-167.1032,-138.9203,7.0,31.08173,1.123055
-169.615,-167.0836,7.0,44.85334,0.45041220000000004
-170.0554,-204.7496,7.0,55.93635,-0.5491642
-166.263,-240.763,7.0,37.72435,-2.952341
-150.3466,-254.2693,7.0,24.73937,-0.44896720000000007
-134.0235,-251.9684,7.0,22.685570000000002,0.05776262
-125.7151,-236.9935,7.0,29.326940000000004,0.3472022
-126.0875,-213.0842,7.0,34.94266,0.32737259999999996
-124.7281,-186.172,7.0,31.0388,-2.8134490000000003
-114.4394,-180.5512,7.0,14.773589999999999,0.79545
-109.5127,-193.2426,7.0,22.21864,0.21561529999999998
-108.8229,-211.9261,7.0,28.1436,0.21070029999999998
-108.5022,-234.8596,7.0,33.70619,0.36721190000000004
-101.0203,-259.8524,7.0,37.481159999999996,0.18603989999999998
-76.5966,-272.9536,7.0,39.37695,0.03562779
-53.00455,-258.6276,7.0,39.38231,0.01659903
-49.09336,-228.9366,7.0,42.85331,0.1545483
-39.6674,-197.9379,7.0,45.523109999999996,0.22008809999999998
-15.732079999999998,-171.7831,7.0,49.960770000000004,0.36802399999999996
6.358751,-142.7363,7.0,40.06142,-1.172117
6.778535000000001,-122.6886,7.0,24.614710000000002,0.8839374
-4.785707,-104.5034,7.0,33.09146,0.671474
-3.859915,-74.57972,7.0,49.521879999999996,1.3106959999999999
-0.5052997,-31.971009999999996,7.0,65.43861,0.4899704000000001
-2.698871,16.333470000000002,7.0,58.5818,-0.8595141
-16.84198,41.56796,7.0,29.22921,-0.5411632
-41.40012,40.695479999999996,7.0,38.94427,0.3822466
-72.12918,40.404109999999996,7.0,43.8325,0.3514921
-106.3252,41.10989,7.0,48.41507,0.32878359999999995
-140.5027,36.62392,7.0,35.87741,-2.995715
-146.6578,17.347,7.0,30.031290000000002,0.4160531
-145.153,-6.9034830000000005,7.0,35.403490000000005,0.3821893
-146.1541,-34.98904,8.0,40.42719,0.3063895
-161.3154,-56.891740000000006,8.0,32.58143,-2.606446
-167.637,-71.16874,8.0,23.524420000000003,0.37835820000000003
-150.9097,-78.78433000000001,8.0,28.812820000000002,0.3751753
-128.0829,-78.8695,8.0,32.676359999999995,0.1377187
-112.0078,-97.55029,8.0,35.69061,0.10437
-116.8912,-123.15799999999999,8.0,37.23218,0.09248894
-140.9045,-131.1956,8.0,28.0277,-3.0410459999999997
-146.2752,-127.194,8.0,3.084923,0.6621345000000001
-142.5371,-123.1317,8.0,11.146519999999999,0.23157129999999998
-143.3674,-112.8969,8.0,17.4041,0.4221231
-154.1248,-102.9253,8.0,22.77364,0.2577554
-167.3849,-110.595,8.0,24.360689999999998,0.2445848
-166.5609,-130.4344,8.0,29.63911,0.177406
-169.7583,-154.1088,8.0,34.891220000000004,0.1820112
-170.4678,-181.7724,8.0,39.75695,0.3283526
-168.9725,-212.9617,8.0,44.53771,0.15973900000000002
-164.1544,-246.3619,8.0,43.27913,-1.1266209999999999
-141.065,-255.6527,8.0,30.232509999999998,-0.4380981
-127.8654,-239.7215,8.0,31.09487,0.24853760000000003
-127.3782,-215.0305,8.0,36.04939,0.379958
-124.8298,-187.2975,8.0,35.81762,-0.7468514
-112.5353,-180.4243,8.0,14.7318,0.41916499999999995
-107.2906,-192.4614,8.0,21.407989999999998,0.4393339
-106.6318,-210.53799999999998,8.0,27.391209999999997,0.41589170000000003
-105.8684,-232.9868,8.0,32.9886,0.3873568
-100.6918,-258.3378,8.0,37.12846,0.14663220000000002
-77.80843,-272.9009,8.0,38.56666,-0.02658357
-53.42,-259.97700000000003,8.0,39.505359999999996,0.003763344
-46.92289,-231.0066,8.0,42.67387,0.3410959
-40.93196,-198.7811,8.0,45.46416,-0.1144941
-17.173189999999998,-173.7799,8.0,48.74668,0.3033157
5.347548000000001,-144.6299,8.0,46.64887,-0.7534265
4.596069,-118.0874,8.0,33.86463,0.7384031
-6.90712,-93.2713,8.0,39.10605,0.09092481
-2.166355,-63.02361,8.0,43.69636,0.33970090000000003
-1.356975,-28.898090000000003,8.0,48.22926,0.3411708
-2.119135,8.420535000000001,8.0,52.53009,0.28702649999999996
-13.85966,39.57366,8.0,34.37605,-1.826819
-26.3303,41.5023,8.0,4.497158,-0.1618531
-28.79755,37.20068,8.0,10.56124,0.4396094
-37.34303,41.44319,8.0,16.89996,0.48501400000000006
-47.31361,48.58755,8.0,7.0776330000000005,-2.854349
-48.02068,48.58683,8.0,0.03212101,0.01856321
-48.36398,47.311479999999996,8.0,4.215718,0.01045423
-47.61821,43.77917,8.0,4.875333,-0.22467600000000001
-48.06916,44.004490000000004,8.0,5.703192,0.3550928
-55.114940000000004,46.42994,8.0,14.58619,0.3337961
-68.9885,44.955729999999996,8.0,23.00422,0.3018882
-88.88297,42.4047,8.0,30.91103,0.2732412
-114.4625,43.75185,8.0,38.1746,0.2529387
-140.7683,35.36293,8.0,38.60284,-0.1402521
-144.0533,6.229013,8.0,44.21497,0.6631578
-147.0405,-28.590090000000004,8.0,46.4786,-0.6569593
-142.1211,-35.11455,9.0,2.490379,-0.05573356
-143.7098,-40.89642,9.0,13.59157,0.6615618000000001
-149.0494,-49.28537,9.0,12.15405,-0.192025
-157.4565,-53.15879,9.0,14.30059,-0.1109297
-165.5906,-57.53665,9.0,11.175989999999999,-0.21792260000000002
-166.1853,-65.70889,9.0,15.83424,0.9785788000000001
-154.8332,-73.58636,9.0,18.81684,-0.16486220000000001
-142.2713,-72.79073000000001,9.0,15.262720000000002,-0.22581420000000002
-128.4676,-75.28205,9.0,25.03823,0.04867429
-113.3019,-86.37788,9.0,26.091839999999998,0.05286258
-107.1726,-104.2693,9.0,24.27832,-0.1960093
-109.0285,-115.8955,9.0,11.73051,-0.09278633
-112.9693,-125.0069,9.0,19.90312,1.2817049999999999
-124.7206,-134.4695,9.0,19.063129999999997,-0.3543246
-136.9904,-133.0872,9.0,15.527829999999998,-0.04761235
-144.9981,-121.8792,9.0,24.02143,0.5699602
-151.4499,-103.6389,9.0,21.10912,-0.7578096
-161.44299999999998,-100.0786,9.0,12.878789999999999,-0.315141
-166.6885,-110.0553,9.0,22.369120000000002,1.10007
-168.5639,-131.9432,9.0,36.56655,0.9323821
-168.9595,-162.8697,9.0,44.95583,0.32364840000000006
-165.6616,-197.3252,9.0,47.5091,-0.3383178
-163.0829,-229.1881,9.0,38.05503,-0.9048144
-159.1503,-250.6338,9.0,24.9328,-0.4815099
-146.03799999999998,-260.0527,9.0,19.65529,-0.3954897
-133.4621,-255.4594,9.0,22.66069,0.8811155999999999
-125.152,-235.0522,9.0,35.70017,0.5017715
-127.5404,-208.391,9.0,31.346090000000004,-1.5839590000000001
-128.5284,-192.4262,9.0,15.18525,-0.22792440000000003
-124.3324,-183.3083,9.0,14.572320000000001,0.33802150000000003
-111.4689,-182.8622,9.0,18.36758,-0.3039035
-103.5498,-191.3441,9.0,15.20876,0.4487264
-102.6663,-207.8081,9.0,29.71847,0.9067273000000001
-105.344,-233.2069,9.0,37.96714,0.1627918
-103.0895,-259.8411,9.0,34.87818,-0.125365
-83.79101999999999,-273.0572,9.0,32.76512,0.05954293
-60.979980000000005,-266.9711,9.0,31.941359999999996,-0.1236798
-49.48706,-245.986,9.0,34.67917,0.304367
-45.281259999999996,-219.6125,9.0,36.89848,-0.01815706
-40.22149,-193.718,9.0,33.83287,-0.4023231
-27.972209999999997,-174.5002,9.0,27.941809999999997,-0.42941309999999994
-13.05256,-163.1725,9.0,22.9272,-0.31722140000000004
0.0922793,-154.5198,9.0,19.40839,-0.27280340000000003
10.28465,-145.3502,9.0,20.3036,0.5970238
10.77646,-128.8844,9.0,26.02109,0.46334620000000004
-2.1598990000000002,-112.5169,9.0,29.555120000000002,0.039495300000000004
-9.514883,-91.82419,9.0,30.11552,0.02265847
-11.13552,-68.8381,9.0,33.12065,0.3351665
-7.752368,-43.43918,9.0,35.44755,0.09319065
-3.115119,-17.18104,9.0,36.51871,0.06550009999999999
-2.6171159999999998,8.406208,9.0,29.45798,-0.4970766
-6.804548,25.94867,9.0,20.23819,-0.1533531
-15.91794,38.4482,9.0,25.60681,0.5259715
-36.13798,45.27326,9.0,32.49422,0.2380101
-62.8152,43.87925,9.0,39.6746,0.5329314
-94.90073000000001,43.839220000000005,9.0,46.52149,0.48564989999999997
-129.2369,40.11472,9.0,40.97752,-0.7141516
-147.3266,24.23155,9.0,34.33936,-0.01138036
-142.0928,-2.526211,9.0,40.16744,0.44677
-143.2519,-31.34086,9.0,27.3352,-3.065954
-147.0404,-44.48679,10.0,18.512,0.468195
-157.2345,-54.10025,10.0,17.5723,-0.2530636
-166.6212,-60.46454,10.0,13.49799,-0.3435583
-163.3934,-70.61018,10.0,18.6486,0.21031149999999998
-150.578,-72.81311,10.0,18.48331,0.1297162
-137.3259,-73.1203,10.0,17.21656,0.43300259999999996
-120.9887,-79.18194,10.0,27.96295,0.5332481
-107.8507,-97.41441,10.0,33.953959999999995,0.380738
-111.6664,-122.7122,10.0,31.337359999999997,-1.328375
-125.9418,-133.2077,10.0,21.323729999999998,-0.3858188
-139.3222,-131.0278,10.0,16.82549,0.2769777
-145.7115,-117.2094,10.0,24.96359,0.1874392
-150.436,-104.51100000000001,10.0,4.306978,-0.08994729
-154.7667,-101.2276,10.0,11.84276,0.5471606
-164.7817,-103.9154,10.0,18.246489999999998,0.2001248
-167.8845,-119.4057,10.0,25.09852,0.5017958
-168.8561,-140.5526,10.0,32.181309999999996,0.3728283
-168.3701,-166.3313,10.0,36.834720000000004,0.21342979999999998
-166.6642,-194.8368,10.0,39.86343,0.1196442
-164.3048,-222.4174,10.0,33.55222,-0.5034643
-162.4184,-244.5358,10.0,26.53913,-0.5531431
-151.9769,-257.5819,10.0,20.66041,0.4509178
-135.6871,-257.4007,10.0,23.789460000000002,-0.03264241
-126.5559,-241.44,10.0,27.015109999999996,0.2515281
-125.4185,-220.5781,10.0,30.02637,0.1103297
-127.7161,-199.90099999999998,10.0,20.83074,-1.648795
-127.4468,-187.7109,10.0,14.102870000000001,-0.332887
-120.5215,-182.0298,10.0,14.4803,0.48062910000000003
-108.2391,-184.4505,10.0,18.23139,-0.1434306
-102.9901,-196.4277,10.0,19.47736,0.18280870000000002
-103.7985,-211.825,10.0,21.753220000000002,0.0046807640000000005
-104.9674,-228.0449,10.0,23.68535,0.7683373
-106.055,-248.1271,10.0,29.82615,0.06828288
-98.18903,-267.8629,10.0,29.465690000000002,0.4807727
-74.31148,-271.8298,10.0,37.1638,0.30207249999999997
-52.09942,-256.721,10.0,37.751870000000004,0.08132847
-47.08307,-226.9101,10.0,43.216159999999995,0.19934300000000002
-40.93026,-196.4557,10.0,37.95369,-0.32237129999999997
-28.1462,-175.2548,10.0,29.829559999999997,-0.511259
-12.532789999999999,-163.2314,10.0,22.94289,-1.433894
-3.428662,-156.8949,10.0,14.91296,0.5086751
7.830847,-148.286,10.0,19.380770000000002,-0.06439740000000001
13.21834,-133.9844,10.0,26.17297,0.3078277
0.6290588,-117.354,10.0,31.496029999999998,0.20447279999999998
-9.030966000000001,-94.41698000000001,10.0,34.80988,-0.5677722
-10.20539,-70.5863,10.0,33.12806,0.2420877
-7.6132539999999995,-43.7946,10.0,39.5184,0.4609004
-2.757333,-12.622810000000001,10.0,45.43764,0.4144219
-4.737066,22.19215,10.0,46.82502,-0.3904861
-26.976940000000003,43.19835,10.0,43.44064,0.15780020000000003
-60.727140000000006,44.202020000000005,10.0,48.32274,0.17460720000000002
-98.44611,43.11443,10.0,53.581669999999995,0.39068990000000003
-133.6576,38.43873,10.0,39.07457,0.1911332
-148.8268,17.56125,10.0,36.68452,0.04961362
-141.5023,-10.40815,10.0,41.56248,0.33949429999999997
-145.6628,-38.02689,11.0,33.28843,0.2217893
-161.9636,-58.042590000000004,11.0,37.78086,0.25538
-168.5872,-77.53063,11.0,21.72649,-1.139604
-156.1145,-76.51443,11.0,22.06762,0.2609765
-140.3924,-69.94415,11.0,26.72612,0.4274843
-121.4177,-81.25386999999999,11.0,32.64356,-0.2880812
-109.1684,-100.4058,11.0,33.24391,0.1565329
-115.4813,-124.1508,11.0,29.71088,-0.28601750000000004
-133.1111,-132.7985,11.0,29.30698,0.3544407
-144.8059,-115.4741,11.0,32.72889,0.3770947
-148.9791,-102.3847,11.0,10.86011,0.5686553000000001
-161.5046,-102.3954,11.0,22.87965,0.1567435
-166.5784,-119.2687,11.0,27.8666,0.491937
-166.8738,-142.317,11.0,34.403490000000005,0.2237134
-167.9845,-170.0204,11.0,40.470929999999996,0.2150719
-164.8821,-202.0732,11.0,46.40661,0.4227608
-162.3573,-236.7193,11.0,42.57152,-1.228613
-151.1903,-257.8668,11.0,28.50435,0.1494812
-131.2411,-254.4804,11.0,29.64343,0.07158609
-125.3661,-231.451,11.0,35.22532,0.209903
-127.694,-203.5689,11.0,36.4229,-0.45387489999999997
-121.4907,-181.1616,11.0,26.81138,-0.38530559999999997
-107.1397,-187.42,11.0,24.29801,0.1389112
-106.8648,-207.7225,11.0,30.64323,0.2357409
-106.556,-232.5677,11.0,36.83099,0.470862
-102.7384,-260.9995,11.0,41.202420000000004,0.12903900000000001
-77.50271,-272.193,11.0,40.287409999999994,0.36119640000000003
-52.00549,-257.5173,11.0,41.03986,-0.02300669
-45.31731,-226.1454,11.0,46.08832,0.4134568
-38.201370000000004,-190.8883,11.0,50.837109999999996,0.19297060000000002
-13.88984,-164.7815,11.0,41.54278,-0.7876005
6.564549,-149.6041,11.0,30.076290000000004,-0.29419570000000006
11.66119,-131.8907,11.0,22.28361,0.06446569999999999
1.109626,-115.9017,11.0,29.424129999999998,0.4549986
-8.09713,-94.07536,11.0,35.33702,0.46096800000000004
-10.245460000000001,-65.81096,11.0,41.2835,0.1989909
-5.308587999999999,-33.40341,11.0,47.049209999999995,0.1894688
-1.929055,3.139392,11.0,52.10957,0.3127632
-14.442039999999999,38.104890000000005,11.0,47.83167,-0.39879699999999996
-47.24463,44.4438,11.0,47.90068,0.3980896
-84.62954,41.88387,11.0,53.300059999999995,0.18283010000000002
-124.6263,39.97871,11.0,48.98941,-1.393494
-149.285,22.50149,11.0,40.75669,-0.2675136
-143.7081,-7.291078999999999,11.0,43.49986,0.3474144
-144.6807,-39.38539,12.0,38.75655,-1.343126
-160.8631,-53.523230000000005,12.0,28.681009999999997,0.2368376
-166.7241,-68.99361999999999,12.0,23.77122,0.02671533
-149.0409,-71.26579,12.0,28.09633,0.4558866
-126.6912,-75.542,12.0,33.98345,0.2012418
-108.4296,-94.52531,12.0,38.29588,0.1128327
-111.58200000000001,-119.7589,12.0,29.32208,-0.8242036
-127.5534,-131.893,12.0,25.08084,-0.5184987
-143.186,-128.6828,12.0,23.91524,0.2335433
-147.3748,-109.7591,12.0,29.361690000000003,0.2454346
-160.4536,-100.6877,12.0,19.50451,-0.1604142
-167.6943,-113.7252,12.0,26.971659999999996,0.9525439
-167.5073,-138.615,12.0,37.43824,0.4458595
-168.0995,-168.3815,12.0,43.17072,0.4313425
-165.8128,-202.5662,12.0,48.8984,0.1955957
-163.3924,-239.4372,12.0,45.11671,-1.530818
-145.9734,-258.6181,12.0,29.4658,-0.49434079999999997
-130.6373,-245.7467,12.0,30.536040000000003,0.753947
-125.749,-221.3503,12.0,36.58356,0.4067078
-128.5275,-194.7545,12.0,33.214490000000005,-0.2849272
-115.2315,-179.7394,12.0,27.814629999999998,-0.49788699999999997
-107.4532,-193.9073,12.0,25.88991,0.2346677
-110.4187,-215.0879,12.0,32.30038,0.46547740000000004
-108.1885,-241.3664,12.0,38.689170000000004,0.4528598
-96.26965,-268.1325,12.0,40.37878,-0.3937091
-67.48094,-269.1335,12.0,42.01493,0.4457997
-45.662859999999995,-250.1034,12.0,37.11335,-0.5937802
-53.605630000000005,-227.3456,12.0,28.79253,-1.196344
-52.98195,-217.3722,12.0,5.55689,0.01076587
-53.35191999999999,-214.892,12.0,0.8144307,0.6293773
-51.20702,-217.9909,12.0,9.303597,0.5599116999999999
-43.450390000000006,-215.3027,12.0,15.70266,0.0998586
-41.78575,-205.0481,12.0,12.51755,0.2132058
-40.20961,-191.90099999999998,12.0,22.23578,0.24836220000000003
-30.761909999999997,-175.6266,12.0,28.877,0.47100649999999994
-11.54381,-161.8455,12.0,35.24734,0.2324888
9.232626,-144.4693,12.0,36.9113,-1.498035
8.165251,-123.215,12.0,29.99008,0.8066357
-6.4913,-99.38557,12.0,45.94784,1.064622
-9.976206,-62.01563,12.0,53.97589,0.3524466
-3.258306,-20.795720000000003,12.0,58.82018000000001,0.3513324
-4.80839,19.94003,12.0,40.846790000000006,-4.008852
-18.78858,40.56069,12.0,36.24943,0.2307379
-45.903529999999996,45.09835,12.0,40.31026,0.4431263
-77.8686,44.5477,12.0,46.102129999999995,0.4050798
-113.9008,41.40071,12.0,50.59214,-0.24653899999999998
-147.7029,32.06001,12.0,45.372820000000004,-0.6448675
-152.6731,13.75905,12.0,10.23329,-1.611715
-152.4272,12.760819999999999,12.0,5.722162,0.6839702
-147.1809,8.513554,12.0,13.634210000000001,0.5532925
-146.1642,-4.3984559999999995,12.0,21.174139999999998,0.5216263
-142.7877,-22.421670000000002,12.0,28.26587,0.4991485
-142.1069,-35.15945,13.0,7.138942999999999,0.6121358
-144.7757,-42.953,13.0,15.103179999999998,0.5324401999999999
-155.0517,-51.92907,13.0,22.24553,0.25138510000000003
-167.2273,-64.10155,13.0,22.62068,-0.6591159000000001
-160.3829,-75.34238,13.0,17.71724,0.1365814
-145.8697,-74.15572,13.0,21.20203,-0.1927478
-131.5219,-72.66398000000001,13.0,21.98923,0.5043265
-115.1446,-81.15573,13.0,28.26509,0.1972904
-106.6386,-102.0015,13.0,33.60411,0.32432849999999996
-117.1755,-125.3026,13.0,37.51623,0.13769990000000001
-141.5033,-130.6692,13.0,26.89886,-1.0625719999999998
-144.6111,-122.5243,13.0,6.050535,0.04475695
-138.2063,-122.2461,13.0,0.8133431999999999,-3.0091759999999996
-141.2454,-123.2157,13.0,8.295024,0.2577487
-145.4781,-128.0099,13.0,5.962301,-0.8802394
-145.4618,-128.4372,13.0,4.296917,0.3514228
-142.7551,-122.5438,13.0,13.148879999999998,0.5878116999999999
-140.3305,-110.5363,13.0,20.64702,0.4662423
-151.6656,-98.09845,13.0,26.09348,0.31455409999999995
-165.8978,-106.0217,13.0,22.816010000000002,0.8269957
-167.6549,-126.9493,13.0,32.1523,0.24508629999999998
-167.5246,-153.4381,13.0,39.0056,0.47826409999999997
-167.9726,-184.7107,13.0,45.409279999999995,0.2254775
-168.0526,-220.6263,13.0,51.45816,0.44037719999999997
-156.6192,-253.3158,13.0,43.92204,-0.3519512
-130.5201,-252.47099999999998,13.0,29.74832,-1.0675629999999998
-128.4122,-229.6231,13.0,36.81242,0.8160475
-127.545,-199.8256,13.0,39.80737,-0.5660955
-123.4323,-183.8106,13.0,14.40942,-0.1784229
-112.2978,-182.6713,13.0,20.23931,0.38099829999999996
-104.9799,-197.5802,13.0,26.57175,0.5292760999999999
-106.6987,-219.7194,13.0,33.55832,0.26588809999999996
-105.9885,-246.5847,13.0,39.314370000000004,0.203789
-87.55996999999999,-270.198,13.0,42.63945,-0.002592035
-58.19984,-265.5466,13.0,42.52602,-0.01487128
-49.04317,-235.8944,13.0,45.33124,0.45298760000000005
-44.29953,-203.2809,13.0,41.532109999999996,0.3786884
-25.27949,-176.9654,13.0,46.983670000000004,0.4518353
0.21870720000000002,-149.9706,13.0,52.37477,-0.2892446
8.075286,-117.7939,13.0,40.85925,-1.6138270000000001
-8.321666,-99.74535,13.0,28.04259,-0.2983617
-6.656689,-76.91869,13.0,34.87393,0.24023730000000001
-5.521776999999999,-48.598459999999996,13.0,41.55375,0.2336589
-4.393837,-15.48364,13.0,47.83778,0.4434356
-5.438409,21.75594,13.0,49.769490000000005,-1.17123
-24.188570000000002,41.78957,13.0,30.17535,-1.5049620000000001
-34.29373,34.58773,13.0,13.692739999999999,0.3534968
-35.11554,32.58791,13.0,0.06784175,-0.03762585
-35.16235,32.59389,13.0,0.0637187,-0.0198611
-34.57137,34.37385,13.0,6.373302,0.5471764
-33.006040000000006,41.50331,13.0,9.811821,-0.72896
-32.24114,44.79203,13.0,0.3125886,0.6431456
-34.08769,42.1662,13.0,8.462394,0.2802289
-42.838229999999996,42.43059,13.0,15.99306,0.5156354000000001
-56.9398,45.327420000000004,13.0,22.88906,0.4783125
-76.16792,43.26358,13.0,29.414379999999998,0.457237
-100.1536,42.43673,13.0,35.41179,0.45799309999999993
-128.0168,40.19599,13.0,40.32793,0.13667929999999998
-147.2076,20.517329999999998,13.0,38.26077,0.08302893
-145.903,-9.399557000000001,13.0,43.2822,0.39793390000000006
-146.1421,-42.610859999999995,14.0,44.48422,-0.134824
-162.0428,-61.18946,14.0,26.642490000000002,-1.193654
-155.3195,-75.04113000000001,14.0,25.86315,0.2836464
-134.1294,-75.99665,14.0,31.5629,0.3172429
-114.0449,-89.6982,14.0,35.6827,0.24690570000000003
-111.741,-115.8295,14.0,38.0745,0.07310748
-133.5037,-131.9897,14.0,34.84729,-0.777249
-146.3091,-122.0249,14.0,13.014560000000001,-1.135293
-146.1821,-119.6172,14.0,1.9462240000000002,0.01755056
-147.0485,-118.5315,14.0,1.6843580000000002,-0.08776342
-147.8959,-117.7716,14.0,2.098806,0.20287570000000002
-150.526,-117.3247,14.0,3.881303,-0.12830519999999998
-149.6576,-116.8162,14.0,6.011503,0.6218783
-145.0092,-110.9936,14.0,14.35414,0.5479451
-149.0394,-99.22493,14.0,21.12995,0.45761140000000006
-164.5791,-100.7693,14.0,25.22709,0.26947150000000003
-167.1645,-120.4585,14.0,30.91235,0.45093900000000003
-166.5932,-145.8703,14.0,37.83455,0.4847146
-166.7687,-176.3605,14.0,44.40582,0.22370259999999997
-167.2378,-211.5726,14.0,50.61468,0.43580690000000005
-160.4975,-247.0491,14.0,41.66532,-0.8563616
-142.8057,-254.0353,14.0,12.14425,-2.188478
-141.565,-250.4698,14.0,3.2968839999999995,-0.24091990000000002
-139.3614,-248.2945,14.0,7.416614999999999,0.5689225
-131.3561,-250.1418,14.0,14.951970000000001,0.10089719999999999
-122.4465,-250.4788,14.0,10.558119999999999,-0.3349351
-121.8048,-242.0273,14.0,16.22972,0.6151829000000001
-125.3965,-227.3823,14.0,24.3036,0.5472661
-127.3372,-206.7426,14.0,31.678829999999998,0.2665017
-123.5616,-182.80700000000002,14.0,31.64998,-0.27303740000000004
-106.9406,-183.6532,14.0,23.370079999999998,0.3642384
-106.4402,-206.9075,14.0,41.56397,1.5219
-105.6707,-244.4839,14.0,57.2575,-0.02546542
-82.02781,-271.6284,14.0,44.747170000000004,0.1827166
-52.23533,-260.8993,14.0,43.6114,-0.1272876
-49.42111,-229.0388,14.0,46.38472,0.3990764
-39.28535,-195.5763,14.0,50.23867,0.3896983
-12.702210000000001,-167.0174,14.0,55.57439,0.4129496
9.734432,-134.6383,14.0,43.66917,-2.637308
1.35606,-114.1299,14.0,26.03496,-0.4624636
-5.809754,-94.30927,14.0,32.34158,0.47342629999999997
-4.279407,-67.90391,14.0,39.19258,0.4921491
-2.479075,-36.429959999999994,14.0,45.71065,0.452838
-2.5708849999999996,-0.3195927,14.0,51.78093,0.20079960000000002
-11.36547,35.04272,14.0,44.855090000000004,-0.2366026
-41.5592,41.679520000000004,14.0,45.116609999999994,0.4536942
-77.30429000000001,40.2666,14.0,51.15905,0.2013284
-117.0643,41.48602,14.0,53.214040000000004,-1.4370459999999998
-143.8475,30.2058,14.0,28.58545,-2.182226
-144.5084,22.02917,14.0,2.5876509999999997,0.33424159999999997
-141.8795,24.62155,14.0,5.006886,-0.1915368
-141.8393,24.63308,14.0,5.400915,0.27635129999999997
-146.74200000000002,21.3926,14.0,9.364295,-0.1287925
-149.5448,22.036189999999998,14.0,1.2919260000000001,0.6661239000000001
-145.9383,19.5173,14.0,10.518289999999999,0.6439275999999999
-141.211,9.876953,14.0,18.893520000000002,0.5551617
-141.1114,-7.069698,14.0,26.90338,0.2801033
-141.7642,-33.64693,1.0,4.052067,0.7660016
-141.9979,-38.64934,1.0,10.53797,0.3343811
-145.6041,-48.91908,1.0,19.21143,0.6029445
-159.3603,-59.23964,1.0,27.032329999999998,0.34594050000000004
-157.9348,-76.01122,1.0,25.00915,-0.28939940000000003
-142.3634,-69.11899,1.0,26.143079999999998,-0.2301534
-135.8718,-68.27735,1.0,0.03727797,-0.01405512
-135.8531,-68.2803,1.0,0.02574906,-0.0002985437
-135.8348,-68.28281,1.0,0.02534261,0.0033284409999999997
-135.9002,-68.54323000000001,1.0,2.702311,0.6093289000000001
-135.9035,-71.71209,1.0,4.5511610000000005,-0.0313452
-135.7581,-74.79635999999999,1.0,3.7532059999999996,-0.06637765
-136.8987,-76.52363000000001,1.0,0.3418381,0.5594601
-133.5519,-75.05363,1.0,9.469538,0.6377816
-123.5853,-76.91748,1.0,17.81257,0.2566035
-114.5346,-89.73002,1.0,25.32846,0.5572335999999999
-110.4231,-110.395,1.0,31.922040000000003,0.192106
-124.2465,-130.9578,1.0,36.50867,0.22444789999999998
-145.3105,-127.2895,1.0,23.88859,-1.08857
-140.1683,-113.4819,1.0,24.527260000000002,0.5007742000000001
-138.4577,-108.7137,1.0,0.02155149,-0.0006986905
-138.4585,-108.7314,1.0,0.0282827,0.02236368
-138.8333,-108.5825,1.0,3.826768,0.4103476
-143.8652,-108.8826,1.0,8.034811,-0.07589716
-145.5804,-110.596,1.0,2.633194,0.32552329999999996
-144.3858,-105.5672,1.0,11.36078,0.6048472
-150.773,-96.8187,1.0,19.01269,0.1162682
-162.2991,-98.18312,1.0,14.24269,-0.2979604
-166.7206,-110.9276,1.0,26.0058,0.4828058
-170.4088,-134.2556,1.0,36.895920000000004,0.32995640000000004
-162.9501,-162.0121,1.0,37.17414,-0.6678424
-167.0267,-186.2554,1.0,29.90423,-0.2341235
-167.2584,-213.0319,1.0,40.48835,-0.20384249999999998
-165.1248,-240.1146,1.0,32.54023,-0.41840029999999995
-149.4769,-251.0677,1.0,26.38085,0.5446816999999999
-128.1488,-245.7291,1.0,32.55175,0.04858145
-124.6539,-229.2943,1.0,23.60756,0.5355426999999999
-129.325,-214.2977,1.0,22.947010000000002,0.2828698
-122.9304,-201.1095,1.0,17.61945,-0.3038539
-124.5312,-188.6674,1.0,15.058470000000002,-0.22327489999999997
-114.2509,-184.5845,1.0,19.72113,-0.2742803
-110.4673,-195.7003,1.0,14.55838,-0.24309210000000003
-110.0072,-206.4712,1.0,17.1108,0.5826564999999999
-108.5998,-222.0456,1.0,25.02149,0.5476689
-106.0465,-243.1623,1.0,32.345859999999995,0.2525188
-93.73892,-265.5632,1.0,37.55986,0.26474780000000003
-66.6716,-269.2267,1.0,39.491479999999996,0.02796439
-52.01218,-245.5143,1.0,40.31041,0.38125590000000004
-47.06779,-214.2403,1.0,45.56629,0.4057116
-27.20444,-184.7845,1.0,50.91209,0.2173799
-1.709777,-154.126,1.0,56.56204,0.1805013
11.8701,-117.03,1.0,40.96978,-4.692262
10.17079,-104.4321,1.0,1.431087,-0.21669290000000002
9.748399000000001,-104.23700000000001,1.0,0.06161861,0.02147651
11.59552,-105.462,1.0,6.168666,0.3579716
16.92781,-107.2768,1.0,6.75633,-0.8223062
18.18821,-107.0231,1.0,2.9378610000000003,0.6249766999999999
13.1213,-108.8794,1.0,11.53784,0.599647
3.005273,-111.5392,1.0,16.709,0.2134556
0.5379776999999999,-98.45389,1.0,22.72348,0.5628701
-1.9419220000000001,-79.80711,1.0,29.2971,0.5251331
-5.50614,-55.993430000000004,1.0,35.951879999999996,0.4960209
-6.326512,-26.957929999999998,1.0,42.43161,0.2280199
-6.39289,6.775950999999999,1.0,48.534690000000005,0.44890399999999997
-12.42564,39.0417,1.0,34.87614,-2.2548
-23.80612,42.62247,1.0,14.4518,0.5736371
-35.7345,37.72027,1.0,21.54415,0.51541
-54.28191999999999,39.87101,1.0,28.766140000000004,0.5189146
-78.19418,39.53839,1.0,35.72573,0.5018081
-107.0816,40.12872,1.0,42.237190000000005,0.21854339999999997
-137.6031,38.12659,1.0,34.481759999999994,-1.550535
-143.14,24.86351,1.0,10.6546,-0.6697321999999999
-137.7517,24.27806,1.0,0.1825535,0.44664269999999995
-137.7518,24.22976,1.0,0.05418151,-0.01231975
-138.1027,24.32565,1.0,3.1542529999999998,0.3172173
-143.0512,24.36146,1.0,9.575599,0.161617
-149.9966,25.0526,1.0,5.862411,-0.3968178
-150.75,25.2433,1.0,3.401303,0.5994520999999999
-147.3853,21.06044,1.0,11.46068,0.5283074000000001
-150.1527,10.68486,1.0,18.52458,0.4786142
-150.0495,-4.497884,1.0,24.411270000000002,0.2380853
-146.334,-24.66395,1.0,30.940790000000003,0.4430797
-151.3513,-47.63105,2.0,32.32134,-0.25256860000000003
-167.0665,-63.414019999999994,2.0,28.3893,-0.853093
-157.6082,-72.46051999999999,2.0,11.49513,-0.6568075
-155.7205,-68.52701,2.0,0.07773355,0.03526639
-155.6834,-68.52807,2.0,0.04226759,-0.02632162
-156.0312,-69.90241999999999,2.0,4.9460180000000005,0.04262795
-156.5036,-73.62964000000001,2.0,4.808339,-0.02157241
-156.7986,-74.87829,2.0,2.997344,0.34319859999999996
-151.7395,-72.7343,2.0,12.20813,0.6161852
-141.61700000000002,-78.76321,2.0,20.41155,0.5378429
-127.9196,-83.15281999999999,2.0,17.68507,-0.2397133
-116.2238,-91.53155,2.0,26.70893,0.5628208
-111.7244,-112.5442,2.0,30.953770000000002,0.0659309
-127.4762,-129.6342,2.0,32.720909999999996,-0.05031547
-145.0189,-124.4221,2.0,20.66457,-0.13557220000000003
-139.0567,-110.2272,2.0,22.29896,-0.7549372
-147.9524,-101.5276,2.0,20.8252,0.31302859999999993
-160.5824,-107.0866,2.0,17.06975,-0.3404293
-161.7947,-119.38600000000001,2.0,17.469379999999997,0.2872438
-165.1329,-134.2528,2.0,24.78345,0.5632149999999999
-165.2594,-155.5195,2.0,32.6003,0.5706872
-165.5561,-182.4897,2.0,39.95366,0.535053
-165.9748,-214.6591,2.0,46.85194,0.4622849
-161.6981,-245.4701,2.0,25.774720000000002,-1.323272
-146.329,-252.0128,2.0,26.646959999999996,0.2834816
-126.6463,-245.795,2.0,28.71129,-0.32148590000000005
-128.1108,-227.0029,2.0,29.361690000000003,1.153816
-126.2219,-202.0887,2.0,37.39363,0.6593338000000001
-122.3573,-184.6034,2.0,10.44843,-0.109177
-113.294,-186.4021,2.0,16.76063,0.45227170000000005
-110.2774,-201.0636,2.0,24.51035,0.2893986
-108.3097,-222.0759,2.0,32.387170000000005,0.5575113
-103.2831,-248.3213,2.0,39.52015,0.4346319
-83.63676,-270.1699,2.0,41.09796,-0.3360797
-56.30433000000001,-260.5242,2.0,42.03658,-0.7971184
-49.44791,-230.9908,2.0,44.46144,0.20768720000000002
-41.51886,-197.6788,2.0,48.7887,0.1205616
-15.807220000000001,-169.4656,2.0,54.68091999999999,0.4556082
7.596228,-137.2122,2.0,40.8194,-3.813742
4.0944709999999995,-121.2483,2.0,19.940929999999998,0.6210998000000001
-5.619843,-107.0221,2.0,27.22808,0.49497959999999996
-6.690113,-84.16736999999999,2.0,34.7281,0.5336373000000001
-6.778732000000001,-55.75714,2.0,41.915859999999995,0.2529262
-7.056538000000001,-22.13971,2.0,48.71239,0.5038176
-7.367355,16.31566,2.0,55.06973000000001,0.3972286
-18.787879999999998,44.494820000000004,2.0,26.938159999999996,-2.353998
-25.92732,45.54306,2.0,2.653053,0.34588559999999996
-27.166959999999996,40.826029999999996,2.0,11.3885,0.6146196999999999
-37.796890000000005,42.24333,2.0,19.465670000000003,0.296783
-54.057280000000006,46.360620000000004,2.0,26.69003,0.5431018
-76.47171,42.747659999999996,2.0,34.36864,0.5119705
-104.5539,41.39878,2.0,41.54806,0.2609828
-137.2627,37.38071,2.0,45.055479999999996,-0.7800151999999999
-150.4997,20.90332,2.0,14.4985,-1.29188
-148.1082,19.42326,2.0,6.467512,0.3388603
-143.2393,14.361070000000002,2.0,14.80064,0.5859255999999999
-148.9178,2.0728459999999997,2.0,22.657870000000003,0.4883269
-148.1011,-15.59736,2.0,28.43226,0.5660185999999999
-142.043,-34.76635,3.0,10.20048,1.003608
-144.3895,-43.04953,3.0,11.40555,-0.02973505
-151.7112,-51.33553,3.0,17.41195,-0.3090828
-162.6431,-54.77644,3.0,13.79205,-0.2759101
-166.47799999999998,-61.870290000000004,3.0,10.25108,-0.1570768
-162.5739,-69.16843,3.0,15.09639,0.5799281999999999
-149.4384,-72.04809,3.0,22.71011,0.29488790000000004
-130.2764,-75.45644,3.0,30.21142,-0.4361960999999999
-114.0966,-87.02102,3.0,24.36065,-0.36542529999999995
-107.8005,-104.3912,3.0,29.007720000000003,-0.4604084
-112.57799999999999,-122.8791,3.0,23.31413,-0.2071585
-124.876,-132.542,3.0,22.82616,0.5541188
-140.8011,-129.4296,3.0,23.45074,0.711449
-147.5256,-109.2433,3.0,28.68553,-0.4208599
-160.7208,-104.1214,3.0,17.32864,0.1993075
-167.0791,-117.5174,3.0,24.61484,0.5789975
-169.4886,-138.5342,3.0,32.42208,0.28482929999999995
-168.3015,-165.1344,3.0,39.56179,0.24638779999999996
-166.7643,-196.9852,3.0,46.32782,0.23055079999999997
-163.981,-233.0025,3.0,48.728159999999995,-0.6401178000000001
-151.7696,-258.4725,3.0,31.319490000000002,-1.1452360000000001
-133.9602,-251.6427,3.0,29.013679999999997,0.5207010999999999
-125.0319,-230.4943,3.0,33.95108,0.32304340000000004
-128.1893,-204.0945,3.0,35.104,-0.20384570000000002
-122.2921,-181.3903,3.0,26.524109999999997,-1.241447
-108.7967,-183.7675,3.0,20.75554,0.187023
-109.1373,-201.31599999999997,3.0,27.2483,0.25884589999999996
-104.6073,-223.1325,3.0,30.76865,-0.4422327999999999
-106.2533,-244.2061,3.0,29.01825,1.312783
-97.71864000000001,-267.6327,3.0,36.80766,-0.005705065
-71.68328000000001,-268.7976,3.0,29.08313,-60.69226
-58.51095,-268.0325,3.0,9.772583000000001,-0.9830156999999999
-56.27803,-266.7585,3.0,1.960795,0.6375321
-57.211290000000005,-267.3948,3.0,0.07700641,0.29040520000000003
-55.54767,-265.6847,3.0,6.138039,0.2523043
-51.47044,-262.2888,3.0,8.006936,0.04175694
-48.1619,-263.7254,3.0,0.03184748,-0.5574425000000001
-49.65803,-260.6656,3.0,8.945447,0.6218174
-49.05988,-251.1753,3.0,17.05763,0.4828731
-45.39934,-236.1257,3.0,24.73765,0.5520805999999999
-42.89609,-215.2286,3.0,31.93853,0.5162555999999999
-37.97777,-189.8043,3.0,37.30938,0.10664760000000001
-17.80754,-168.3331,3.0,42.24349,-0.7694974
-0.9547711999999999,-153.3669,3.0,23.00392,-0.19020399999999998
9.966901,-142.9513,3.0,17.995060000000002,-0.18910929999999998
11.31785,-131.6951,3.0,13.68413,-0.2026993
4.704177,-120.2758,3.0,21.79016,0.5374730999999999
-4.8384599999999995,-104.2482,3.0,28.897059999999996,0.2515745
-10.206660000000001,-80.88311999999999,3.0,35.60161,0.4723202
-8.928313000000001,-52.22401,3.0,41.9957,0.4617559
-4.175768,-19.31118,3.0,44.70261,-0.6830644
-3.8741470000000002,7.722647,3.0,21.98334,-1.123322
-4.824922,14.85876,3.0,3.394643,-0.09515177
-6.038764,21.00907,3.0,12.95768,0.5932696999999999
-10.56365,32.716190000000005,3.0,20.93915,0.5471413
-25.16164,42.90291,3.0,27.98517,0.5110886
-47.909240000000004,44.627140000000004,3.0,34.451240000000006,0.2443741
-75.99213,44.21845,3.0,41.22829,0.2340406
-108.8284,41.910340000000005,3.0,46.72268,-0.9025101000000001
-140.187,36.416140000000006,3.0,39.13004,-0.26268400000000003
-148.8684,14.811689999999999,3.0,32.57862,0.2962413
-144.5388,-9.881564,3.0,37.239470000000004,0.5035632000000001
-144.1526,-39.74678,4.0,40.87935,-1.024567
-155.9057,-54.201,4.0,18.1991,-0.3175321
-167.9869,-59.319559999999996,4.0,19.03078,0.5323361
-159.308,-71.27422,4.0,24.601,0.4216366
-138.9545,-73.04966999999999,4.0,30.95235,0.39012090000000005
-117.4148,-85.25804000000001,4.0,36.64962,0.40583179999999996
-109.0835,-111.2472,4.0,37.660309999999996,-0.34659959999999995
-126.1428,-131.9766,4.0,36.1711,-0.4437066
-145.1112,-122.0791,4.0,29.61403,-0.1149998
-147.5977,-101.0409,4.0,24.23021,-1.004176
-160.0074,-101.1691,4.0,20.49948,0.4601456
-167.4013,-116.7664,4.0,27.309759999999997,0.25072150000000004
-170.4087,-139.5106,4.0,34.52427,0.47784209999999994
-168.5265,-167.4479,4.0,41.15078,0.49336620000000003
-165.6438,-200.1885,4.0,47.53096,0.22623829999999998
-163.1192,-236.1879,4.0,43.86549,-0.8349478000000001
-154.9709,-253.791,4.0,19.34901,-0.3284993
-140.32,-258.2356,4.0,24.31234,0.15152190000000001
-128.6505,-244.9758,4.0,28.437140000000003,0.2741248
-125.56,-221.6477,4.0,34.85456,0.21325850000000002
-128.3264,-193.9445,4.0,39.91343,0.32327670000000003
-110.3024,-176.726,4.0,31.839240000000004,-0.8039039000000001
-99.95583,-190.0086,4.0,22.53346,-0.3887671
-114.0279,-198.13099999999997,4.0,23.01459,-0.7337828000000001
-114.555,-201.555,4.0,0.01196854,0.009692279
-114.5099,-201.5634,4.0,0.9686235999999999,0.5159323
-111.6634,-201.4406,4.0,6.314671,0.232762
-109.6834,-198.2992,4.0,1.577027,-0.3058236
-109.5172,-199.9643,4.0,5.94618,0.5244036
-108.177,-206.8398,4.0,12.91254,0.47955249999999994
-105.9646,-218.6692,4.0,19.41937,0.4644995
-105.4408,-235.2569,4.0,25.44827,0.43620290000000006
-103.8776,-255.8834,4.0,30.48297,0.33220170000000004
-87.03794,-271.4492,4.0,33.23992,0.1450028
-62.032759999999996,-267.1166,4.0,36.81408,0.2249429
-49.238490000000006,-244.3015,4.0,37.70762,0.3620419
-47.24621,-214.7964,4.0,42.09833,0.31061350000000004
-34.28758,-184.8395,4.0,45.80251,0.1386081
-9.195228,-161.6232,4.0,43.18991,-2.112164
6.684079,-146.8548,4.0,21.0357,-0.4504367
12.79118,-135.4531,4.0,17.12124,1.011694
5.015189,-120.9055,4.0,26.02891,0.4813285
-5.840380000000001,-102.8542,4.0,31.20219,0.3785923
-10.4256,-78.21761,4.0,36.34197,0.17855620000000003
-8.605122999999999,-49.611940000000004,4.0,41.17216,0.36679290000000003
-2.860109,-17.832629999999998,4.0,45.88292,0.3389506
-4.338465,17.1232,4.0,48.11855,-0.6274366
-16.07545,37.75329,4.0,28.97165,0.3328581
-38.04697,43.90869,4.0,33.55584,0.36223890000000003
-64.80865,43.22809,4.0,38.72777,0.3607575
-95.35152,42.58749,4.0,43.582809999999995,0.3307516
-126.2361,39.3041,4.0,35.77215,-0.723941
-140.9494,35.12932,4.0,16.104770000000002,0.42396130000000004
-147.5552,23.0736,4.0,21.853579999999997,0.20295529999999998
-146.7272,4.836404,4.0,27.59862,0.4126798
-142.1821,-17.23466,4.0,33.09113,0.1815585
-144.6823,-41.61056,5.0,29.89245,-0.8187220000000001
-160.2857,-53.916309999999996,5.0,28.84873,0.36591009999999996
-167.5456,-67.34012,5.0,18.37298,0.1642276
-155.53,-69.86825,5.0,17.7365,0.4263924
-139.3057,-73.18030999999999,5.0,25.492929999999998,0.21309940000000002
-119.9178,-80.84998,5.0,30.824009999999998,0.3220328
-107.75299999999999,-100.715,5.0,33.9193,0.17338910000000002
-114.554,-124.4261,5.0,32.24707,-0.36476149999999996
-133.2365,-132.7748,5.0,24.91028,-0.3933979
-142.8998,-119.5914,5.0,25.649179999999998,0.1984152
-153.636,-102.4281,5.0,28.34017,-0.3805321
-165.7291,-105.5069,5.0,15.88599,0.8393989
-165.1842,-118.3805,5.0,21.23423,0.5338159
-167.6909,-137.41299999999998,5.0,33.49685,1.3646280000000002
-168.0827,-168.5326,5.0,46.613620000000004,0.3834646
-164.2233,-204.9464,5.0,50.18704,-0.8399974
-163.9342,-231.0234,5.0,21.971999999999998,-0.23954920000000002
-162.1977,-245.0991,5.0,16.420460000000002,-0.229262
-155.8903,-254.60299999999998,5.0,18.56707,0.9306271
-140.0501,-259.66200000000003,5.0,27.27641,0.548242
-126.8896,-241.672,5.0,36.94701,0.8148226
-127.0708,-211.9713,5.0,39.285070000000005,-0.2935793
-128.0384,-192.1477,5.0,19.35892,-0.22895770000000001
-120.4124,-182.8566,5.0,18.139129999999998,0.36308959999999996
-105.4821,-186.9847,5.0,24.424139999999998,0.2021262
-102.6636,-206.8943,5.0,32.52386,0.826903
-104.8339,-233.141,5.0,37.299459999999996,-0.05626608
-103.9613,-258.2508,5.0,30.03557,-0.6541925000000001
-87.4239,-271.3822,5.0,31.817359999999997,0.269353
-63.088969999999996,-267.9368,5.0,35.523179999999996,0.1357592
-49.98486,-245.6556,5.0,37.75914,0.1661187
-46.10342,-215.922,5.0,42.65753,0.35050570000000003
-35.816520000000004,-184.675,5.0,46.26339,0.153359
-11.20182,-161.4053,5.0,35.16233,-3.9491620000000003
0.05756909,-154.1372,5.0,12.27853,-0.3463427
6.030917,-149.6472,5.0,8.032604,-0.2743152
10.05429,-145.579,5.0,9.958397999999999,0.48862669999999997
13.229770000000002,-136.5192,5.0,16.36843,0.42142870000000004
7.779699000000001,-123.50200000000001,5.0,22.2788,0.4460651
-2.835872,-108.2251,5.0,28.00589,0.39974390000000004
-9.416553,-86.46673,5.0,33.35115,0.3825627
-9.853569,-60.03464,5.0,38.26941,0.3510517
-4.2891580000000005,-30.35724,5.0,43.09398,0.17540129999999998
-1.4122430000000001,2.443357,5.0,41.04945,-1.438604
-5.813346,22.88692,5.0,10.71926,-1.1720469999999998
-9.61688,30.91667,5.0,16.03785,0.4735486
-19.67773,40.50866,5.0,22.00328,0.436438
-37.28566,45.14188,5.0,27.558090000000004,0.1989816
-59.76878000000001,45.091,5.0,33.13755,0.401659
-86.29688,44.04209,5.0,38.38435,0.36856
-115.9976,41.394909999999996,5.0,37.78376,-1.624103
-136.575,38.23274,5.0,19.498279999999998,1.220931
-146.5042,25.41779,5.0,25.17635,0.3798373
-146.9676,4.997698000000001,5.0,30.370829999999998,0.3867073
-142.1314,-19.00076,5.0,35.63751,0.34594
-144.1466,-40.30389,6.0,15.75661,-1.013619
-149.1852,-49.61996,6.0,19.15958,0.6065763000000001
-160.9577,-55.845890000000004,6.0,15.465060000000001,-0.20431570000000002
-166.2385,-63.5252,6.0,15.02074,0.7114406999999999
-156.0514,-72.81291999999999,6.0,24.24999,0.8986837999999999
-133.1301,-73.38741,6.0,36.93377,0.6074204000000001
-110.4405,-91.7592,6.0,39.67504,-0.7186536
-114.87899999999999,-113.8757,6.0,17.85064,-2.19381
-118.0871,-122.5253,6.0,14.25411,0.5635409
-125.6169,-133.1116,6.0,16.97425,0.02470358
-139.3417,-130.967,6.0,22.562520000000003,0.1709539
-145.2957,-113.7617,6.0,27.299970000000002,-0.25655900000000004
-150.1802,-104.329,6.0,7.232500999999999,0.07304052
-156.8958,-100.7698,6.0,14.68626,0.6252328
-165.9995,-106.3272,6.0,16.96011,0.5479187
-167.604,-123.1215,6.0,29.668940000000003,0.997088
-168.8442,-149.9969,6.0,42.20647,0.41555420000000004
-167.2604,-185.25599999999997,6.0,52.723180000000006,0.6908564
-163.6716,-224.3565,6.0,48.68526,-0.8182510000000001
-159.1863,-253.7781,6.0,31.760340000000003,-1.436785
-141.6678,-257.5553,6.0,21.194370000000003,-0.4816719
-129.4126,-249.0957,6.0,23.92184,0.1654638
-124.9553,-230.0278,6.0,29.26969,0.20025020000000002
-127.7037,-206.5463,6.0,34.56409,0.3156279000000001
-125.95200000000001,-184.88299999999998,6.0,16.93045,-1.604478
-113.0286,-183.2808,6.0,21.451179999999997,0.3262335
-103.4832,-197.0896,6.0,26.04093,0.39942690000000003
-103.3055,-218.361,6.0,31.48194,0.4034393
-105.8532,-243.5273,6.0,36.730579999999996,0.328487
-96.96793000000001,-269.205,6.0,37.18249,-0.3976685
-73.27118,-270.434,6.0,28.9116,-0.578338
-55.831230000000005,-264.1419,6.0,21.89303,0.03483768
-48.42781,-247.0561,6.0,29.45477,0.1992856
-44.9157,-223.3859,6.0,34.94168,0.37080219999999997
-41.37997,-195.8741,6.0,39.81773,0.1328706
-23.69056,-172.2872,6.0,42.31563,0.3538301
-2.959498,-156.8861,6.0,20.467,-2.191639
5.243512,-150.5957,6.0,12.08393,-0.0027198070000000003
11.34539,-143.3429,6.0,14.682179999999999,0.24446839999999997
11.425139999999999,-129.7876,6.0,23.08473,0.5932128000000001
-1.850845,-113.0228,6.0,35.75893,0.4741477
-9.341014,-82.62626999999999,6.0,49.253170000000004,0.9150111999999999
-7.167624000000001,-41.78082,6.0,60.08278000000001,0.08916356
-1.447786,2.130139,6.0,53.73475,-3.5891559999999996
-7.40112,25.60677,6.0,21.083289999999998,-0.4672513
-16.82924,39.10172,6.0,26.03211,0.3357478
-39.30665,45.21416,6.0,38.2016,1.1362459999999999
-73.24828000000001,44.324059999999996,6.0,53.08716,1.053133
-113.8557,41.75124,6.0,39.876540000000006,-4.51834
-128.8357,39.02094,6.0,12.91884,-0.3438275
-140.3336,35.67882,6.0,22.58349,0.25663850000000005
-147.66,19.962020000000003,6.0,26.78503,0.3907839
-145.3743,-1.7793599999999998,6.0,32.32462,0.382498
-141.1203,-27.26271,6.0,36.928000000000004,0.1837312
-142.2127,-37.946509999999996,7.0,10.828669999999999,0.2406806
-146.2617,-47.46522,7.0,17.210810000000002,0.4396876
-159.32299999999998,-54.199169999999995,7.0,22.91702,0.331458
-168.3225,-66.63978,7.0,18.21121,-0.28588179999999996
-161.8184,-76.0067,7.0,16.54588,0.2394137
-148.6153,-75.36053000000001,7.0,20.06907,0.048010000000000004
-133.6522,-73.36993000000001,7.0,21.83569,0.2496743
-117.4828,-81.12009,7.0,28.86818,0.3749239
-108.0366,-101.3513,7.0,32.761179999999996,0.2839532
-117.3573,-124.1659,7.0,35.72145,0.09425516
-141.6124,-130.4759,7.0,30.5551,-0.8067466999999999
-146.0083,-119.3214,7.0,11.529539999999999,-0.2265178
-143.1298,-111.2589,7.0,17.19419,0.7843886999999999
-151.2059,-102.1421,7.0,16.63978,0.09230141
-163.9469,-105.9241,7.0,21.1986,-0.46474160000000003
-166.1018,-120.4101,7.0,21.06916,0.24933070000000002
-167.13400000000001,-139.1481,7.0,31.16842,0.5278776
-169.6223,-167.4341,7.0,45.010040000000004,0.8885142
-170.0564,-205.1843,7.0,55.799530000000004,-0.7911806
-166.1685,-241.0291,7.0,37.278459999999995,-2.677244
-150.1675,-254.2894,7.0,24.70383,-0.2204344
-133.8696,-251.8921,7.0,22.7057,0.11689269999999999
-125.7126,-236.7751,7.0,29.43543,0.6409364000000001
-126.0899,-212.8309,7.0,35.00703,0.479941
-124.645,-185.9547,7.0,30.563109999999998,-2.853557
-114.3453,-180.6084,7.0,14.839429999999998,0.40974350000000004
-109.5013,-193.4016,7.0,22.29256,0.4534503
-108.8213,-212.1346,7.0,28.21303,0.4096855
-108.4967,-235.1263,7.0,33.76859,0.35288790000000003
-100.8526,-260.0737,7.0,37.51108,0.1797913
-76.29867,-272.9579,7.0,39.37862,0.01004898
-52.87368000000001,-258.362,7.0,39.39031,0.04621818
-49.074020000000004,-228.6305,7.0,42.90974,0.3509943
-39.46228,-197.6685,7.0,45.55937,0.217467
-15.4831,-171.50900000000001,7.0,50.01277,0.30974450000000003
6.477291,-142.4762,7.0,39.65289,-2.5373740000000002
6.685714,-122.5312,7.0,24.75943,0.8682353
-4.842512,-104.2741,7.0,33.14606,0.34910559999999996
-3.8085690000000003,-74.21616,7.0,49.62357,0.6271441
-0.5086632999999999,-31.47441,7.0,65.61733000000001,1.0403799999999999
-2.738248,16.76426,7.0,58.2821,-1.790191
-17.05495,41.62376,7.0,29.05241,-1.029202
-41.69482,40.69107,7.0,39.00486,0.3552571
-72.45392,40.4038,7.0,43.86023,0.1697465
-106.6916,41.12404,7.0,48.43963,0.1471234
-140.7133,36.487629999999996,7.0,35.62857,-1.636042
-146.6249,17.124029999999998,7.0,30.06387,0.1958592
-145.15,-7.165883,7.0,35.46658,0.38269840000000005
-146.1889,-35.30121,8.0,40.4493,0.1286042
-161.5215,-57.01603000000001,8.0,32.37659,-1.264509
-167.5684,-71.33306999999999,8.0,23.65314,0.7553044
-150.704,-78.7614,8.0,28.84358,0.1943832
-127.8625,-78.96958000000001,8.0,32.68735,0.06791886
-111.9331,-97.80402,8.0,35.72807,0.22248189999999998
-117.0752,-123.3634,8.0,37.23877,0.040482199999999996
-141.0918,-131.1298,8.0,27.509759999999996,-3.198404
-146.2557,-127.1829,8.0,3.140345,0.34979770000000004
-142.5027,-123.0545,8.0,11.22715,0.46706559999999997
-143.4285,-112.78,8.0,17.4771,0.43314259999999993
-154.2865,-102.8733,8.0,22.79349,0.121136
-167.425,-110.7754,8.0,24.38099,0.12130519999999999
-166.55599999999998,-130.6463,8.0,29.70294,0.390454
-169.8029,-154.3699,8.0,34.954570000000004,0.3672218
-170.4422,-182.0614,8.0,39.78268,0.1603308
-168.9671,-213.2805,8.0,44.59675,0.3657553
-164.0007,-246.6295,8.0,43.18493,-0.5964714
-140.849,-255.5631,8.0,30.08853,-0.8137408
-127.81200000000001,-239.4924,8.0,31.13709,0.24960229999999997
-127.3812,-214.7604,8.0,36.0792,0.18331029999999998
-124.7267,-187.0568,8.0,35.56344,-1.510756
-112.4409,-180.4793,8.0,14.77104,0.24282329999999996
-107.2796,-192.6198,8.0,21.481939999999998,0.4461478
-106.6275,-210.7454,8.0,27.42482,0.2009434
-105.8628,-233.2377,8.0,33.05384,0.3830667
-100.5537,-258.5745,8.0,37.13962,0.06891589
-77.5306,-272.9154,8.0,38.56358,-0.0194689
-53.25467,-259.7356,8.0,39.50894,0.02111087
-46.90436,-230.6909,8.0,42.73125,0.35522129999999996
-40.76167,-198.4907,8.0,45.45442,-0.05971831
-16.93365,-173.5268,8.0,48.77062,0.1537687
5.499639,-144.3262,8.0,46.38838,-1.567209
4.446306,-117.8778,8.0,33.99196,0.7288831
-6.875413000000001,-92.98329,8.0,39.140840000000004,0.2061186
-2.1406330000000002,-62.700919999999996,8.0,43.72354,0.168149
-1.3623040000000002,-28.532590000000003,8.0,48.28297,0.3167478
-2.1388759999999998,8.809146,8.0,52.55131,0.130504
-14.059470000000001,39.71544,8.0,34.0568,-2.003541
-26.33355,41.46994,8.0,4.455307,-0.2559775
-28.872190000000003,37.1758,8.0,10.63528,0.44774840000000005
-37.42249,41.54009,8.0,16.93905,0.2411831
-47.366620000000005,48.582029999999996,8.0,6.851896000000001,-1.34386
-48.02048,48.58685,8.0,0.02811859,-0.02380555
-48.3697,47.28178,8.0,4.2234989999999994,0.04673268
-47.5966,43.751509999999996,8.0,4.826286,-0.3043553
-48.10352,44.030120000000004,8.0,5.81701,0.6630739999999999
-55.226490000000005,46.43123,8.0,14.69164,0.6079143
-69.16183000000001,44.942209999999996,8.0,23.10259,0.5703435
-89.1115,42.38523,8.0,31.00315,0.5500807
-114.7496,43.78861,8.0,38.259679999999996,0.4957465999999999
-140.9337,35.12207,8.0,38.5794,-0.1381985
-144.0694,5.912482,8.0,44.32631,0.6935186
-147.0436,-28.9341,8.0,46.42535,-0.3284159
-142.1244,-35.13315,9.0,2.4857810000000002,-0.02734854
-143.7449,-40.98975,9.0,13.64362,0.3234905
-149.1143,-49.34328,9.0,12.13724,-0.11133139999999998
-157.5583,-53.185590000000005,9.0,14.26544,-0.20150839999999998
-165.6372,-57.604980000000005,9.0,11.14104,-0.2095984
-166.1396,-65.82025,9.0,15.91585,0.48711850000000007
-154.6987,-73.59966,9.0,18.76194,-0.336395
-142.156,-72.78786,9.0,15.22425,-0.2280909
-128.2906,-75.34743,9.0,25.05601,0.1043111
-113.1857,-86.53686,9.0,26.09565,0.02287549
-107.169,-104.4442,9.0,24.21369,-0.393543
-109.0548,-115.9797,9.0,11.70097,-0.17173010000000002
-113.0456,-125.1333,9.0,20.00297,0.6138712
-124.8569,-134.5058,9.0,19.035220000000002,-0.1701757
-137.0917,-133.0311,9.0,15.52201,-0.03557472
-145.0551,-121.7147,9.0,24.06839,0.2951987
-151.539,-103.5116,9.0,20.8546,-1.514203
-161.5264,-100.1247,9.0,12.85299,-0.1609362
-166.7203,-110.2166,9.0,22.45971,0.5564671999999999
-168.572,-132.2201,9.0,36.64127,0.4447952
-168.9446,-163.2014,9.0,44.98048,0.1514979
-165.6292,-197.6751,9.0,47.40164,-0.618386
-163.0693,-229.4738,9.0,37.90408,-0.9004629000000001
-159.0516,-250.7821,9.0,24.89268,-0.25341679999999994
-145.8964,-260.0858,9.0,19.58846,-0.3984997
-133.3517,-255.3395,9.0,22.81031,0.9355634
-125.1237,-234.7835,9.0,35.73941,0.24086100000000002
-127.5785,-208.1593,9.0,31.23165,-0.6891291
-128.5144,-192.3118,9.0,15.16639,-0.11318519999999999
-124.2401,-183.2469,9.0,14.682789999999999,0.6463057
-111.3445,-182.9117,9.0,18.31595,-0.3130498
-103.5163,-191.4533,9.0,15.29868,0.5384682
-102.6783,-208.0178,9.0,29.79423,0.47959309999999994
-105.3788,-233.4774,9.0,37.9795,0.07593676
-102.9894,-260.0685,9.0,34.84075,-0.2279206
-83.54985,-273.0745,9.0,32.78986,0.142543
-60.79087,-266.8342,9.0,31.919220000000003,-0.1343123
-49.43885,-245.7348,9.0,34.70255,0.1428885
-45.23936,-219.3424,9.0,36.89602,-0.01469742
-40.14837,-193.4868,9.0,33.76413,-0.4233488
-27.817890000000002,-174.3565,9.0,27.83595,-0.6155059
-12.91424,-163.0794,9.0,22.900389999999998,-0.1667523
0.21385990000000002,-154.4376,9.0,19.36222,-0.2723595
10.364180000000001,-145.2186,9.0,20.35001,0.2749807
10.69098,-128.7115,9.0,26.059179999999998,0.2427223
-2.280174,-112.3365,9.0,29.57116,0.0967464
-9.556269,-91.60679,9.0,30.12622,0.06263232
-11.11975,-68.58816999999999,9.0,33.17212,0.3042773
-7.705757000000001,-43.17994,9.0,35.46128,0.08226255
-3.078853,-16.9177,9.0,36.522909999999996,0.02714448
-2.654285,8.624638000000001,9.0,29.28807,-0.9766983
-6.856708,26.08355,9.0,20.18694,-0.3139632
-16.07132,38.56654,9.0,25.69347,0.5102306999999999
-36.37785,45.2797,9.0,32.57683,0.49626099999999995
-63.11093,43.87923,9.0,39.76076,0.5171264
-95.24928,43.815540000000006,9.0,46.558479999999996,0.22437620000000003
-129.5485,40.06483,9.0,40.76698,-1.210856
-147.351,23.97837,9.0,34.33862,-0.004093273
-142.0531,-2.816376,9.0,40.24143,0.4511522
-143.2778,-31.533109999999997,9.0,27.08629,-1.5976540000000001
-147.1033,-44.61072,10.0,18.66724,0.91295
-157.3513,-54.149280000000005,10.0,17.550929999999997,-0.1350558
-166.6599,-60.556509999999996,10.0,13.440760000000001,-0.3453217
-163.2916,-70.70058,10.0,18.66476,0.09933912
-150.4461,-72.79816,10.0,18.504070000000002,0.1277826
-137.1946,-73.14350999999999,10.0,17.25677,0.23562289999999997
-120.8089,-79.29514,10.0,28.04795,0.5033649
-107.7966,-97.66516999999999,10.0,34.01693,0.37146799999999996
-111.7801,-122.9121,10.0,31.125529999999998,-1.280176
-126.0948,-133.2463,10.0,21.29215,-0.1957641
-139.4229,-130.9488,10.0,16.84872,0.1394019
-145.7475,-117.0241,10.0,25.02313,0.3477975
-150.4571,-104.4865,10.0,4.28231,-0.1429765
-154.8479,-101.1916,10.0,11.88733,0.27058899999999997
-164.8592,-104.021,10.0,18.31555,0.4239125
-167.8949,-119.5846,10.0,25.1401,0.270731
-168.8585,-140.7786,10.0,32.32202,0.8658051
-168.3635,-166.6119,10.0,36.9123,0.4515763
-166.6302,-195.1379,10.0,39.881440000000005,0.1030521
-164.2934,-222.65200000000002,10.0,33.46399,-0.5599401999999999
-162.364,-244.7248,10.0,26.49393,-0.2731205
-151.8363,-257.6555,10.0,20.701079999999997,0.24227960000000004
-135.5493,-257.3015,10.0,23.78075,-0.05380595
-126.492,-241.2504,10.0,27.03473,0.1207068
-125.4515,-220.3563,10.0,30.0676,0.24942870000000003
-127.7267,-199.7449,10.0,20.69805,-0.7960703
-127.4176,-187.6084,10.0,14.045379999999998,-0.34065690000000004
-120.4141,-182.0143,10.0,14.51968,0.240536
-108.1261,-184.5235,10.0,18.21937,-0.07513386
-102.9895,-196.5721,10.0,19.5081,0.1917235
-103.8102,-211.9833,10.0,21.75667,0.02079853
-104.9831,-228.2199,10.0,23.80862,0.7504930000000001
-106.046,-248.3429,10.0,29.83618,0.06210038
-98.01894,-268.0061,10.0,29.505340000000004,0.2376712
-74.04514,-271.7852,10.0,37.18802,0.157923
-51.99729,-256.4571,10.0,37.78682,0.2046608
-47.03828,-226.5931,10.0,43.24648,0.18359479999999997
-40.84288,-196.1986,10.0,37.84492,-0.6674456
-27.98793,-175.101,10.0,29.74405,-0.5090101
-12.39035,-163.1317,10.0,22.82372,-0.7143596
-3.334867,-156.8299,10.0,15.084670000000001,0.9983811
7.929432,-148.1896,10.0,19.360129999999998,-0.12552069999999999
13.183879999999998,-133.7934,10.0,26.19831,0.1603307
0.4745862,-117.1788,10.0,31.563190000000002,0.399855
-9.08036,-94.15926999999999,10.0,34.71502,-0.5615674
-10.19238,-70.34131,10.0,33.20831,0.4688959
-7.574797,-43.49282,10.0,39.55473,0.214231
-2.716036,-12.28702,10.0,45.46955,0.19288770000000002
-4.842114,22.53549,10.0,46.69158,-0.7826833000000001
-27.296409999999998,43.280809999999995,10.0,43.49627,0.3234723
-61.08517,44.19407,10.0,48.38637,0.3743772
-98.86449,43.06948,10.0,53.64439,0.3568425
-133.9356,38.3577,10.0,39.105059999999995,0.185839
-148.7931,17.27872,10.0,36.69405,0.05508954
-141.4788,-10.71344,10.0,41.6179,0.3384547
-145.7458,-38.25938,11.0,33.36518,0.45070770000000004
-162.1931,-58.202819999999996,11.0,37.7974,0.10122
-168.5033,-77.66452,11.0,21.631829999999997,-0.5951784000000001
-156.0055,-76.39009,11.0,22.15524,0.5003058
-140.2013,-69.99709,11.0,26.798140000000004,0.4481233
-121.2302,-81.40585,11.0,32.561240000000005,-0.47600169999999997
-109.1363,-100.6559,11.0,33.29828,0.3128338
-115.6091,-124.3198,11.0,29.61443,-0.5944989
-133.3241,-132.7562,11.0,29.33602,0.1882989
-144.80200000000002,-115.2376,11.0,32.76141,0.20541379999999998
-149.048,-102.3386,11.0,11.05275,1.1268719999999999
-161.6414,-102.488,11.0,22.93045,0.3100965
-166.5627,-119.4746,11.0,27.90731,0.2503976
-166.9065,-142.5609,11.0,34.48307,0.49366859999999996
-167.9603,-170.3194,11.0,40.546620000000004,0.4413646
-164.8537,-202.4107,11.0,46.476659999999995,0.41599970000000003
-162.3194,-237.0199,11.0,42.35926,-1.340576
-150.9959,-257.961,11.0,28.555870000000002,0.2937796
-131.113,-254.2953,11.0,29.65005,0.03992612
-125.34899999999999,-231.1773,11.0,35.29844,0.4095371
-127.71700000000001,-203.296,11.0,36.27728,-0.8529565
-121.3182,-181.0577,11.0,26.7518,-0.3426808
-107.1169,-187.5988,11.0,24.35248,0.35516909999999996
-106.825,-207.9505,11.0,30.724079999999997,0.472366
-106.5846,-232.8391,11.0,36.90701,0.4584769
-102.5874,-261.2688,11.0,41.219590000000004,0.102234
-77.20028,-272.1581,11.0,40.31498,0.16493729999999998
-51.879259999999995,-257.2524,11.0,41.038340000000005,-0.009672374000000001
-45.276920000000004,-225.8091,11.0,46.15726,0.41112259999999995
-38.05019,-190.5431,11.0,50.85062,0.08433863
-13.628870000000001,-164.62099999999998,11.0,41.28818,-1.509741
6.714617,-149.4333,11.0,29.98222,-0.5457915
11.61975,-131.7278,11.0,22.37739,0.5482570999999999
0.9767030000000001,-115.7388,11.0,29.46104,0.2356541
-8.148541999999999,-93.81405,11.0,35.37307,0.21988579999999996
-10.22582,-65.49963000000001,11.0,41.35481,0.4160986
-5.239543,-33.05315,11.0,47.11872,0.4052482
-1.954534,3.5246180000000003,11.0,52.15964,0.30117540000000004
-14.70183,38.34538,11.0,47.7654,-0.39636479999999996
-47.60458,44.40051,11.0,47.9314,0.1849922
-85.02682,41.87339,11.0,53.36591,0.390225
-124.9953,39.93197,11.0,48.87012,-0.7187684
-149.3613,22.221120000000003,11.0,40.73403,-0.14826860000000003
-143.6396,-7.586836,11.0,43.52687,0.1754944
-144.7634,-39.64927,12.0,38.647090000000006,-0.6902289
-161.0648,-53.59375,12.0,28.6976,0.10144700000000001
-166.6077,-69.13046,12.0,23.77317,0.01174106
-148.838,-71.24795,12.0,28.13285,0.22162510000000002
-126.4645,-75.65425,12.0,34.05164,0.4021842
-108.3303,-94.79678,12.0,38.33667,0.2387325
-111.7129,-119.9318,12.0,29.25266,-0.4244915
-127.7304,-131.9513,12.0,24.99645,-0.4992278
-143.2926,-128.546,12.0,23.95455,0.2411179
-147.4344,-109.5441,12.0,29.40055,0.22844410000000004
-160.5886,-100.7226,12.0,19.46943,-0.2143442
-167.6978,-113.9254,12.0,27.13464,1.016848
-167.5366,-138.8909,12.0,37.51142,0.43900249999999996
-168.0688,-168.6906,12.0,43.24244,0.44477
-165.78799999999998,-202.923,12.0,48.96663,0.41237229999999997
-163.3342,-239.7703,12.0,44.87709,-1.418671
-145.7531,-258.6133,12.0,29.303420000000003,-0.9518518
-130.5442,-245.5062,12.0,30.63297,0.5201367
-125.7264,-221.0898,12.0,36.61523,0.20232579999999997
-128.542,-194.5078,12.0,33.186859999999996,-0.16516820000000002
-115.0285,-179.7608,12.0,27.734509999999997,-0.4890808
-107.5084,-194.0878,12.0,25.97149,0.48793220000000004
-110.4133,-215.3182,12.0,32.37961,0.4932303
-108.1471,-241.6501,12.0,38.76448,0.45721530000000005
-96.02387,-268.3026,12.0,40.345,-0.21708539999999998
-67.17539000000001,-269.0515,12.0,42.09697,0.47882420000000003
-45.61691,-249.8316,12.0,37.06457,-0.29769629999999997
-53.64921999999999,-227.1327,12.0,28.564590000000003,-1.3432709999999999
-52.9862,-217.3324,12.0,5.557772,0.0055722869999999996
-53.350019999999994,-214.8979,12.0,0.8650171999999998,0.3083532
-51.14761,-218.0318,12.0,9.396537,0.5386291
-43.40045,-215.1966,12.0,15.71127,0.05268339
-41.781279999999995,-204.9543,12.0,12.53396,0.09951188
-40.165820000000004,-191.7486,12.0,22.32276,0.5405439000000001
-30.60537,-175.4656,12.0,28.914640000000002,0.22049120000000003
-11.315339999999999,-161.7165,12.0,35.32633,0.4665678
9.371607000000001,-144.2326,12.0,36.66005,-1.505499
8.035535000000001,-123.0293,12.0,30.05397,0.3821634
-6.605664999999999,-99.06879,12.0,46.12246,1.046198
-9.932014,-61.61485,12.0,54.032709999999994,0.3425817
-3.211247,-20.3542,12.0,58.84541,0.1507872
-4.886492,20.22338,12.0,40.20775,-3.913732
-19.00555,40.713029999999996,12.0,36.266220000000004,0.1046454
-46.20491,45.06585,12.0,40.38363,0.4345549
-78.2174,44.54525,12.0,46.133109999999995,0.1856662
-114.2561,41.3627,12.0,50.57042,-0.1406776
-147.9313,31.84028,12.0,45.317040000000006,-0.3599835
-152.7007,13.68859,12.0,9.954963000000001,-1.6841150000000003
-152.3836,12.76141,12.0,5.835314,0.6754336
-147.1489,8.417465,12.0,13.726939999999999,0.5670061
-146.1452,-4.554266,12.0,21.216079999999998,0.258338
-142.7561,-22.63368,12.0,28.30524,0.23672270000000004
-142.1153,-35.21201,13.0,7.238811,0.6018599
-144.8336,-43.05232,13.0,15.148060000000001,0.2707475
-155.1944,-51.99883,13.0,22.3334,0.48773710000000003
-167.247,-64.26904,13.0,22.56786,-0.32046020000000003
-160.2643,-75.38865,13.0,17.72824,0.06997830000000001
-145.721,-74.10477,13.0,21.13981,-0.366793
-131.357,-72.69273000000001,13.0,22.07301,0.4935049
-114.9988,-81.31286999999999,13.0,28.33213,0.38604970000000005
-106.6327,-102.2505,13.0,33.65725,0.32171120000000003
-117.3858,-125.4861,13.0,37.56492,0.28955929999999996
-141.6752,-130.5712,13.0,26.54945,-2.044425
-144.567,-122.5286,13.0,6.075932,0.1534227
-138.2068,-122.242,13.0,0.3795317,-2.615923
-141.305,-123.2368,13.0,8.379524,0.489979
-145.4837,-128.0522,13.0,5.824007,-0.8520609
-145.4574,-128.4046,13.0,4.4091260000000005,0.6546236
-142.7062,-122.4609,13.0,13.24854,0.6081079
-140.3681,-110.3841,13.0,20.68496,0.2273895
-151.8584,-98.05400999999999,13.0,26.12286,0.1771093
-165.9543,-106.1772,13.0,22.888189999999998,0.45636859999999996
-167.6672,-127.1917,13.0,32.23829,0.5030960999999999
-167.5275,-153.7271,13.0,39.04153,0.22611799999999999
-167.9738,-185.0473,13.0,45.48623,0.45285
-168.054,-221.0076,13.0,51.529340000000005,0.4314577
-156.359,-253.4993,13.0,43.89159,-0.18827349999999998
-130.3747,-252.3003,13.0,29.566,-1.076449
-128.4154,-229.343,13.0,36.87839,0.3954645
-127.5577,-199.5464,13.0,39.71009,-0.6157668000000001
-123.34899999999999,-183.7419,13.0,14.37955,-0.17755179999999998
-112.1692,-182.7461,13.0,20.300060000000002,0.3681724
-104.9616,-197.7763,13.0,26.613000000000003,0.25121109999999996
-106.7369,-219.9705,13.0,33.64544,0.505834
-105.8997,-246.852,13.0,39.380990000000004,0.4071348
-87.27296,-270.3307,13.0,42.64111,0.009816537
-57.97241999999999,-265.3288,13.0,42.52321,-0.01694623
-49.031040000000004,-235.5505,13.0,45.36639,0.2099729
-44.18453,-202.9954,13.0,41.59422,0.37416609999999995
-25.03005,-176.7161,13.0,47.05749,0.4346057
0.4562917,-149.6776,13.0,52.31538,-0.33244070000000003
7.951385,-117.5156,13.0,40.72848,-0.7978328
-8.384286999999999,-99.54745,13.0,28.01683,-0.161392
-6.63397,-76.66636,13.0,34.95893,0.5174333
-5.516653,-48.28655,13.0,41.63317,0.46315270000000003
-4.375818,-15.13708,13.0,47.91108,0.45125779999999993
-5.52235,22.09928,13.0,49.66765,-0.6569411000000001
-24.40989,41.80405,13.0,29.91327,-1.580941
-34.30738,34.48465,13.0,13.7584,0.38391529999999996
-35.116040000000005,32.58797,13.0,0.06837696,0.003036167
-35.1628,32.59394,13.0,0.055086199999999995,-0.05151607
-34.55883,34.42498,13.0,6.571289999999999,1.06819
-32.98346,41.57199,13.0,9.668797999999999,-0.8383403
-32.24178,44.7897,13.0,0.3569965,0.278638
-34.13877,42.13257,13.0,8.559313000000001,0.5943548000000001
-42.94619,42.470240000000004,13.0,16.03633,0.2728357
-57.110690000000005,45.33298,13.0,22.92677,0.2314403
-76.37595999999999,43.22958,13.0,29.45167,0.23589699999999997
-100.415,42.45881,13.0,35.44675,0.2148036
-128.2973,40.09292,13.0,40.37659,0.28808920000000005
-147.2611,20.23893,13.0,38.29302,0.1904207
-145.8584,-9.713156,13.0,43.347840000000005,0.3945835
-146.2339,-42.92804,14.0,44.363690000000005,-0.7105640999999999
-162.1421,-61.35849,14.0,26.544729999999998,-0.6000274
-155.1339,-75.089,14.0,25.91149,0.29091079999999997
-133.8965,-76.03681,14.0,31.58642,0.14198429999999998
-113.8973,-89.92308,14.0,35.70179,0.1149953
-111.853,-116.0803,14.0,38.102340000000005,0.1678135
-133.7605,-132.0008,14.0,34.599940000000004,-1.472942
-146.2972,-121.9345,14.0,12.61844,-2.439901
-146.1917,-119.6065,14.0,1.949154,0.01760646
-147.056,-118.5221,14.0,1.6786279999999998,-0.03536686
-147.9093,-117.76299999999999,14.0,2.17608,0.4589798
-150.5533,-117.3325,14.0,3.817765,-0.3763778
-149.6202,-116.7942,14.0,6.117813,0.6622255
-144.9807,-110.8918,14.0,14.446860000000001,0.5609068
-149.1666,-99.1283,14.0,21.16668,0.2221496
-164.6926,-100.9035,14.0,25.274720000000002,0.30526570000000003
-167.1332,-120.6855,14.0,30.99767,0.5115073
-166.6012,-146.1443,14.0,37.87378,0.246387
-166.7751,-176.706,14.0,44.48482,0.4436536
-167.2321,-211.9477,14.0,50.68607,0.43225
-160.3074,-247.2896,14.0,41.382,-1.686607
-142.7269,-253.9902,14.0,11.77311,-2.193582
-141.5567,-250.4479,14.0,3.254372,-0.26841709999999996
-139.309,-248.2738,14.0,7.464345,0.2837551
-131.2484,-250.1977,14.0,14.949860000000001,-0.01181543
-122.3904,-250.4245,14.0,10.53068,-0.168311
-121.8448,-241.9137,14.0,16.283920000000002,0.3304473
-125.4314,-227.201,14.0,24.34786,0.26559570000000005
-127.3523,-206.5114,14.0,31.766820000000003,0.5279168000000001
-123.4035,-182.6467,14.0,31.55497,-0.5822659
-106.8607,-183.8034,14.0,23.500970000000002,0.7901335
-106.4687,-207.2145,14.0,41.68795,0.7561828
-105.5703,-244.9049,14.0,57.26211,0.02651138
-81.71423,-271.7014,14.0,44.76228,0.09637596
-52.06075,-260.6277,14.0,43.57352,-0.225719
-49.4402,-228.6887,14.0,46.44911,0.37914709999999996
-39.07315,-195.2554,14.0,50.26706,0.1696901
-12.39175,-166.7326,14.0,55.60585,0.18852660000000002
9.785578999999998,-134.3157,14.0,43.2326,-2.5893639999999998
1.225989,-113.9818,14.0,25.99646,-0.22924389999999997
-5.822312,-94.07594,14.0,32.42168,0.4956543
-4.251983,-67.60003,14.0,39.23123,0.2267741
-2.469916,-36.09997,14.0,45.746140000000004,0.223818
-2.587595,0.06382273,14.0,51.853320000000004,0.42553459999999993
-11.59165,35.28073,14.0,44.78015,-0.4448649
-41.895759999999996,41.637890000000006,14.0,45.19137,0.44427690000000003
-77.68352,40.2635,14.0,51.23232,0.4350859
-117.4553,41.501459999999994,14.0,52.982119999999995,-1.4130479999999999
-143.9417,30.02181,14.0,28.399309999999996,-1.172669
-144.4931,22.04224,14.0,2.6980009999999996,0.6409123999999999
-141.8565,24.65137,14.0,4.9845809999999995,-0.1313079
-141.8616,24.60126,14.0,5.493205000000001,0.5707484
-146.8096,21.38968,14.0,9.342611,-0.13384000000000001
-149.5355,22.03133,14.0,1.4066969999999999,0.6643116
-145.8822,19.46428,14.0,10.57068,0.32418800000000003
-141.1915,9.743433,14.0,18.94155,0.304845
-141.1262,-7.272985,14.0,26.99847,0.5553771
-141.7652,-33.67726,1.0,4.1789760000000005,0.7691983
-142.0032,-38.729009999999995,1.0,10.65236,0.6581399
-145.6967,-49.03105,1.0,19.310589999999998,0.5976083000000001
-159.5064,-59.379709999999996,1.0,27.0857,0.31870770000000004
-157.7673,-76.09017,1.0,24.9849,-0.15049479999999998
-142.1934,-69.03381,1.0,26.06403,-0.4756379
-135.8716,-68.2774,1.0,0.03016192,-0.04250446
-135.85299999999998,-68.28033,1.0,0.025709,-0.0002406272
-135.8346,-68.28284000000001,1.0,0.02356177,-0.01100272
-135.9055,-68.56281,1.0,2.8049880000000003,0.6224439
-135.8983,-71.74503,1.0,4.545711,-0.03333002
-135.7647,-74.82324,1.0,3.747724,-0.03372915
-136.8964,-76.52186999999999,1.0,0.46263009999999993,0.7320017
-133.4799,-75.04198000000001,1.0,9.575747,0.6232345
-123.4691,-76.98004,1.0,17.89374,0.48045010000000005
-114.459,-89.89895,1.0,25.37412,0.2818837
-110.4589,-110.6231,1.0,31.989590000000003,0.41168180000000004
-124.4757,-131.0788,1.0,36.52705,0.1182567
-145.4086,-127.1415,1.0,23.801470000000002,-0.5346068
-140.0449,-113.3569,1.0,24.56624,0.2479181
-138.4577,-108.7139,1.0,0.02122824,-0.002007745
-138.4585,-108.7316,1.0,0.02440643,-0.02374904
-138.86,-108.5717,1.0,3.9438739999999997,0.6889369000000001
-143.9153,-108.9148,1.0,8.028611999999999,-0.03799825
-145.5707,-110.5792,1.0,2.743387,0.6792981
-144.392,-105.4813,1.0,11.45899,0.5806060000000001
-150.8999,-96.75744,1.0,19.0518,0.2377851
-162.3775,-98.25317,1.0,14.2183,-0.15103139999999998
-166.7282,-111.1247,1.0,26.16762,0.9476817
-170.4138,-134.526,1.0,36.94689,0.3107796
-162.9445,-162.2885,1.0,37.114309999999996,-0.36457290000000003
-167.0621,-186.4738,1.0,29.827340000000003,-0.45327390000000006
-167.2386,-213.3311,1.0,40.46945,-0.11603050000000001
-165.0512,-240.3442,1.0,32.40012,-0.8271679
-149.2814,-251.0724,1.0,26.42238,0.2547062
-127.9501,-245.6101,1.0,32.5472,-0.02931394
-124.7778,-229.1707,1.0,23.65084,0.26455009999999995
-129.2303,-214.1553,1.0,22.95062,0.02153265
-122.9469,-200.9823,1.0,17.59443,-0.15630239999999998
-124.4933,-188.5601,1.0,14.987770000000001,-0.4058271
-114.1195,-184.6517,1.0,19.674570000000003,-0.27400959999999996
-110.4551,-195.8097,1.0,14.5274,-0.1854172
-110.0034,-206.601,1.0,17.15889,0.2906296
-108.5798,-222.2348,1.0,25.06639,0.26794559999999995
-105.9988,-243.40200000000002,1.0,32.42969,0.490433
-93.5173,-265.7379,1.0,37.6016,0.24776700000000002
-66.40726,-269.1002,1.0,39.49548,0.02458172
-52.0009,-245.2102,1.0,40.34087,0.1847351
-46.93329,-213.9358,1.0,45.59813,0.1985718
-26.951179999999997,-184.5047,1.0,50.987120000000004,0.4417157
-1.478741,-153.7964,1.0,56.62896,0.4104097
11.84719,-116.7389,1.0,40.16518,-4.974126999999999
10.161,-104.4282,1.0,1.427565,-0.02125831
9.748857000000001,-104.2373,1.0,0.06875747,0.04304976
11.63413,-105.4885,1.0,6.228596,0.35419190000000006
16.977870000000003,-107.2711,1.0,6.690103999999999,-0.3982374
18.16745,-107.0294,1.0,3.045273,0.6574937
13.044960000000001,-108.9153,1.0,11.63729,0.6112409000000001
2.895901,-111.4811,1.0,16.74369,0.2088966
0.5730301999999999,-98.28899,1.0,22.81288,0.5368026
-2.0128459999999997,-79.60191,1.0,29.338859999999997,0.2598394
-5.518033999999999,-55.72729,1.0,35.991009999999996,0.2397215
-6.334969999999999,-26.636740000000003,1.0,42.509370000000004,0.4471607
-6.400247,7.143092,1.0,48.60843,0.4342829000000001
-12.5939,39.243359999999996,1.0,34.48346,-2.315395
-23.8798,42.541340000000005,1.0,14.499529999999998,0.2855488
-35.8919,37.72655,1.0,21.5864,0.2662826
-54.49513,39.87332,1.0,28.807709999999997,0.255788
-78.45978000000001,39.54039,1.0,35.764559999999996,0.2378535
-107.4052,40.14209,1.0,42.31467,0.4471434
-137.8265,38.00249,1.0,34.35394,-0.7846708
-143.077,24.81615,1.0,10.442689999999999,-1.231954
-137.7515,24.27769,1.0,0.1354205,-0.2819315
-137.7518,24.22934,1.0,0.05711919,0.01738965
-138.1252,24.33278,1.0,3.257045,0.6077937
-143.1229,24.35012,1.0,9.630334,0.3188247
-150.0377,25.06699,1.0,5.735933,-0.7348897
-150.7267,25.23319,1.0,3.451893,0.312225
-147.3631,20.98153,1.0,11.50553,0.2790945
-150.2192,10.56895,1.0,18.56397,0.24816799999999997
-149.9981,-4.667491,1.0,24.49393,0.5022522
-146.3145,-24.89735,1.0,31.01525,0.3731755
-151.5368,-47.790409999999994,2.0,32.302170000000004,-0.11426220000000001
-167.0706,-63.632690000000004,2.0,28.31922,-0.41333590000000003
-157.5367,-72.41579,2.0,11.28285,-1.257559
-155.72,-68.52699,2.0,0.06893346,-0.05149318
-155.6831,-68.52808,2.0,0.04394582,0.009857457
-156.0374,-69.93848,2.0,4.950164,0.02418241
-156.5103,-73.66322,2.0,4.8011989999999996,-0.04401506
-156.7853,-74.86073,2.0,3.113057,0.706162
-151.6496,-72.73604,2.0,12.309280000000001,0.6241474
-141.5012,-78.85386,2.0,20.45545,0.2773977
-127.7922,-83.18307,2.0,17.668960000000002,-0.10101489999999999
-116.1035,-91.68741,2.0,26.879009999999997,1.0141360000000001
-111.8043,-112.7571,2.0,30.95897,0.03236697
-127.7112,-129.7092,2.0,32.704879999999996,-0.09333883
-145.0726,-124.275,2.0,20.62291,-0.2407302
-139.0198,-110.0668,2.0,22.148429999999998,-0.9003474
-148.1031,-101.5221,2.0,20.85001,0.1315859
-160.6212,-107.2039,2.0,17.01654,-0.32320329999999997
-161.8272,-119.5089,2.0,17.49278,0.14592979999999997
-165.1494,-134.4311,2.0,24.877679999999998,0.5881429
-165.2584,-155.7614,2.0,32.644079999999995,0.268948
-165.5592,-182.7894,2.0,40.0397,0.5084444
-165.9742,-215.0016,2.0,46.88924,0.23550010000000002
-161.5954,-245.6287,2.0,25.34902,-2.529659
-146.1313,-252.0166,2.0,26.7427,0.5668945
-126.5384,-245.6156,2.0,28.671570000000003,-0.24245189999999997
-128.0914,-226.78599999999997,2.0,29.45567,0.5740886
-126.2417,-201.8062,2.0,37.51034,0.700662
-122.287,-184.5729,2.0,10.41363,-0.2083201
-113.212,-186.4956,2.0,16.835639999999998,0.45462659999999994
-110.2647,-201.2436,2.0,24.609820000000003,0.5999566999999999
-108.28399999999999,-222.3146,2.0,32.47887,0.5500135
-103.1911,-248.59099999999998,2.0,39.59322,0.45541099999999995
-83.33986999999999,-270.2447,2.0,41.07036,-0.1669299
-56.08472,-260.2941,2.0,42.01785,-0.1147123
-49.46504,-230.6646,2.0,44.53201,0.4203807
-41.315,-197.3766,2.0,48.834590000000006,0.26808109999999996
-15.530579999999999,-169.1696,2.0,54.75286,0.4355424
7.699867,-136.91899999999998,2.0,40.19164,-3.6504790000000003
3.982965,-121.1509,2.0,20.04288,0.604329
-5.665523,-106.8216,2.0,27.31164,0.49163900000000005
-6.685452000000001,-83.90831999999999,2.0,34.77094,0.2634183
-6.779352,-55.43445,2.0,42.00184,0.4899164000000001
-7.062359,-21.77873,2.0,48.79339,0.48643869999999995
-7.371492999999999,16.72544,2.0,55.090559999999996,0.1273634
-18.95958,44.594879999999996,2.0,26.74372,-1.2123
-25.91836,45.52557,2.0,2.770004,0.7127651999999999
-27.2347,40.77547,2.0,11.43954,0.3100745
-37.91807,42.31593,2.0,19.567989999999998,0.6209394
-54.24644,46.33248,2.0,26.73494,0.2832965
-76.71604,42.72299,2.0,34.41068,0.26488079999999997
-104.8629,41.39433,2.0,41.63514,0.5088418
-137.5727,37.26088,2.0,44.76202,-1.738098
-150.4841,20.79586,2.0,14.062660000000001,-2.508395
-148.0608,19.429579999999998,2.0,6.574998,0.6398067
-143.2306,14.255770000000002,2.0,14.89925,0.6188613000000001
-149.0081,1.9385849999999998,2.0,22.74185,0.5293369000000001
-148.0342,-15.80158,2.0,28.475309999999997,0.2586791
-142.0529,-34.840340000000005,3.0,10.284510000000001,0.5261588
-144.4268,-43.12751,3.0,11.40047,-0.02937248
-151.8215,-51.402190000000004,3.0,17.36068,-0.3110355
-162.7351,-54.82059,3.0,13.769689999999999,-0.1386441
-166.4667,-61.94603000000001,3.0,10.23794,-0.07892255
-162.4751,-69.26406999999999,3.0,15.19391,0.48315649999999993
-149.2667,-72.02973,3.0,22.80965,0.581343
-130.0682,-75.53931999999999,3.0,30.13836,-0.4411468
-113.9841,-87.15703,3.0,24.32956,-0.19752089999999997
-107.8008,-104.6034,3.0,28.96903,-0.2381515
-112.6716,-123.0279,3.0,23.245810000000002,-0.40048790000000006
-125.0374,-132.6035,3.0,22.91468,0.5041154999999999
-140.9048,-129.2901,3.0,23.50708,0.3377478
-147.6523,-109.0736,3.0,28.55136,-0.7965167
-160.8334,-104.1781,3.0,17.3982,0.4262554
-167.1042,-117.697,3.0,24.66205,0.2924206
-169.5125,-138.7735,3.0,32.513690000000004,0.541417
-168.2674,-165.4258,3.0,39.64796,0.5097938
-166.7357,-197.3325,3.0,46.40767,0.46849989999999997
-163.9821,-233.3717,3.0,48.62128,-0.6403767
-151.5512,-258.5493,3.0,31.135790000000004,-1.114952
-133.8085,-251.4852,3.0,29.05595,0.2601389
-125.0632,-230.2514,3.0,33.97866,0.178229
-128.1671,-203.8416,3.0,35.03328,-0.4290130999999999
-122.15100000000001,-181.2499,3.0,26.42094,-0.6360533
-108.7685,-183.9263,3.0,20.77311,0.10389680000000001
-109.0766,-201.5066,3.0,27.33853,0.5475993
-104.6134,-223.3581,3.0,30.69417,-0.45271190000000006
-106.2584,-244.4239,3.0,29.24767,1.379104
-97.50333,-267.8099,3.0,36.80396,-0.02153539
-71.47313,-268.8036,3.0,28.089090000000002,-5.880661
-58.44514,-268.0109,3.0,9.690126,-0.5267546
-56.28924,-266.7686,3.0,1.999985,0.2279551
-57.210719999999995,-267.3945,3.0,0.10016560000000001,0.1381956
-55.521330000000006,-265.6482,3.0,6.15894,0.1261146
-51.41036,-262.2795,3.0,8.010261,0.01984805
-48.162209999999995,-263.7253,3.0,0.0641699,0.197997
-49.67924,-260.6036,3.0,9.045075,0.6089906999999999
-49.02465,-251.0536,3.0,17.15231,0.5714239999999999
-45.36696,-235.9452,3.0,24.780260000000002,0.258883
-42.86831,-214.9949,3.0,31.980320000000003,0.2607052
-37.83927,-189.5598,3.0,37.317859999999996,0.0519774
-17.58904,-168.111,3.0,41.96542,-1.6620259999999998
-0.8170621,-153.2671,3.0,22.941879999999998,-0.3700362
10.03272,-142.8344,3.0,17.93481,-0.3566103
11.29365,-131.595,3.0,13.684239999999999,0.0006942061999999999
4.599132,-120.1607,3.0,21.834210000000002,0.2811513
-4.918626000000001,-104.0444,3.0,28.983,0.5029591
-10.22371,-80.62246999999999,3.0,35.68036,0.4791525
-8.886463000000001,-51.909420000000004,3.0,42.03175,0.21541529999999998
-4.145009,-18.98013,3.0,44.64739,-0.33831500000000003
-3.8902099999999997,7.882960000000001,3.0,21.620179999999998,-2.144874
-4.829274,14.884129999999999,3.0,3.400788,0.03613707
-6.061172,21.10528,3.0,13.060089999999999,0.6122326
-10.65062,32.8448,3.0,20.98251,0.266007
-25.35489,42.9782,3.0,28.025470000000002,0.2477416
-48.16471,44.623709999999996,3.0,34.53532,0.5115678
-76.29819,44.19907,3.0,41.309459999999994,0.479825
-109.1794,41.87536,3.0,46.59485,-0.7439884
-140.4542,36.291470000000004,3.0,39.10543,-0.1465217
-148.763,14.58726,3.0,32.633179999999996,0.32272790000000007
-144.5728,-10.16227,3.0,37.32204,0.48351350000000004
-144.1788,-40.04572,4.0,40.69761,-1.1079299999999999
-156.04,-54.211490000000005,4.0,18.17324,-0.1572139
-168.0314,-59.47975,4.0,19.12785,0.5006162000000001
-159.1357,-71.34475,4.0,24.67148,0.41833809999999994
-138.7374,-73.09315,4.0,31.018309999999996,0.371583
-117.2352,-85.46181999999999,4.0,36.7147,0.3904641
-109.1674,-111.51899999999999,4.0,37.60828,-0.3097964
-126.3823,-132.055,4.0,36.09167,-0.5108788
-145.1491,-121.8582,4.0,29.580140000000004,-0.1939678
-147.7267,-100.9182,4.0,23.82004,-3.0965130000000003
-160.1309,-101.2638,4.0,20.57637,0.4530983
-167.4321,-116.9576,4.0,27.399279999999997,0.5422779000000001
-170.4254,-139.7577,4.0,34.602920000000005,0.49236
-168.497,-167.7655,4.0,41.230940000000004,0.4634803
-165.6076,-200.5409,4.0,47.60995,0.4648965
-163.1034,-236.5129,4.0,43.58455,-1.6610630000000002
-154.8504,-253.8643,4.0,19.29447,-0.34319340000000004
-140.14,-258.2259,4.0,24.36027,0.28315229999999997
-128.5857,-244.7716,4.0,28.52958,0.490281
-125.6008,-221.3976,4.0,34.92964,0.4514272
-128.2819,-193.6521,4.0,39.96312,0.2945533
-110.0772,-176.7407,4.0,31.77048,-0.43792380000000003
-100.0193,-190.167,4.0,22.49898,-0.2054874
-114.1319,-198.2658,4.0,22.96346,-0.3124008
-114.5551,-201.5551,4.0,0.011520200000000001,-0.0026837909999999996
-114.5026,-201.5655,4.0,1.004017,0.20915140000000002
-111.6223,-201.4208,4.0,6.3343989999999994,0.12461130000000001
-109.6828,-198.2879,4.0,1.478693,-0.5816547
-109.5109,-200.0087,4.0,6.0327910000000005,0.5129209
-108.1568,-206.9351,4.0,12.95278,0.24188070000000003
-105.9442,-218.8143,4.0,19.49513,0.44908050000000005
-105.4561,-235.4465,4.0,25.482670000000002,0.2092714
-103.7919,-256.0981,4.0,30.507479999999997,0.14606429999999998
-86.79749,-271.5024,4.0,33.2648,0.1537059
-61.79343000000001,-266.9835,4.0,36.83139,0.10544400000000001
-49.234429999999996,-244.0158,4.0,37.76576,0.3449696
-47.16473,-214.4953,4.0,42.12226,0.14584029999999998
-34.08097,-184.5704,4.0,45.82523,0.1373693
-8.969444000000001,-161.4113,4.0,42.82669,-2.249613
6.7962679999999995,-146.7397,4.0,20.9603,-0.4388593
12.7885,-135.3233,4.0,17.20147,0.49353959999999997
4.850691,-120.7239,4.0,26.09915,0.3351822
-5.910141,-102.6404,4.0,31.267090000000003,0.40675359999999994
-10.439169999999999,-77.9485,4.0,36.404140000000005,0.3695461
-8.549375999999999,-49.30957,4.0,41.2312,0.3539743
-2.811579,-17.49615,4.0,45.9384,0.3366638
-4.429269000000001,17.47242,4.0,48.01368,-0.6304625
-16.256320000000002,37.87877,4.0,29.025290000000002,0.3140002
-38.295629999999996,43.91174,4.0,33.61613,0.3588703
-65.09558,43.22957,4.0,38.756,0.176494
-95.66342,42.56347,4.0,43.60873,0.16302579999999997
-126.4923,39.27316,4.0,35.52279,-1.507034
-141.0426,35.05904,4.0,16.14002,0.22455189999999997
-147.5844,22.91408,4.0,21.92193,0.408006
-146.6902,4.635281,4.0,27.63192,0.20564050000000003
-142.1494,-17.472720000000002,4.0,33.154720000000005,0.38245619999999997
-144.7801,-41.80892,5.0,29.82609,-0.40822309999999995
-160.4774,-53.99235,5.0,28.877809999999997,0.1835744
-167.4627,-67.44215,5.0,18.40043,0.1665144
-155.399,-69.88467,5.0,17.88786,0.8794726
-139.1187,-73.22421,5.0,25.5645,0.41403409999999996
-119.7297,-80.97954,5.0,30.87718,0.3228988
-107.7353,-100.9715,5.0,33.9328,0.08217315
-114.6863,-124.6312,5.0,32.217220000000005,-0.1787072
-133.4169,-132.736,5.0,24.78329,-0.7479986
-142.9394,-119.4125,5.0,25.71726,0.4196583
-153.8138,-102.3082,5.0,28.20526,-0.7749946
-165.7182,-105.6211,5.0,16.033260000000002,0.923434
-165.2171,-118.5403,5.0,21.41767,1.0473270000000001
-167.7032,-137.6583,5.0,33.728429999999996,1.420596
-168.0352,-168.8781,5.0,46.6898,0.4564845
-164.2226,-205.304,5.0,50.11808,-0.44174090000000005
-163.9221,-231.1877,5.0,21.8945,-0.45418329999999996
-162.1632,-245.2154,5.0,16.34976,-0.42175390000000007
-155.7853,-254.6924,5.0,18.72082,0.9207103000000001
-139.864,-259.6059,5.0,27.32145,0.2855129
-126.8182,-241.4015,5.0,37.01104,0.3831179
-127.1125,-211.68400000000003,5.0,39.153079999999996,-0.7583632
-128.0039,-192.0056,5.0,19.28244,-0.40044109999999994
-120.285,-182.8125,5.0,18.26236,0.7498859999999999
-105.3766,-187.1317,5.0,24.45801,0.2040641
-102.6732,-207.1355,5.0,32.64414,0.7345185000000001
-104.8627,-233.4053,5.0,37.26566,-0.2090413
-103.8869,-258.4718,5.0,29.924909999999997,-0.6391465000000001
-87.19334,-271.4312,5.0,31.83843,0.129563
-62.86744,-267.8111,5.0,35.533190000000005,0.0633289
-49.93784,-245.3744,5.0,37.81755,0.3377615
-46.05025,-215.6084,5.0,42.71553,0.35122600000000004
-35.63261,-184.394,5.0,46.27554,0.07596158
-10.98664,-161.2591,5.0,34.84904,-1.8874799999999998
0.1337095,-154.0857,5.0,12.2225,-0.3217972
6.076398,-149.6086,5.0,8.009288,-0.1461925
10.09878,-145.5231,5.0,10.04082,0.5141732
13.226270000000001,-136.4011,5.0,16.403570000000002,0.2237425
7.679699,-123.3722,5.0,22.31449,0.2189083
-2.927895,-108.0355,5.0,28.037570000000002,0.1910443
-9.457419999999999,-86.22294000000001,5.0,33.38197,0.1897017
-9.815283,-59.75413,5.0,38.29691,0.168694
-4.2383440000000006,-30.041859999999996,5.0,43.153940000000006,0.36234190000000005
-1.427899,2.752724,5.0,40.80907,-1.417832
-5.84227,22.96203,5.0,10.60257,-0.6810719
-9.680092,31.021959999999996,5.0,16.11521,0.45387700000000003
-19.82244,40.586059999999996,5.0,22.03846,0.21102510000000002
-37.48464,45.15332,5.0,27.626790000000003,0.4145634
-60.01433000000001,45.08529,5.0,33.20327,0.3929296
-86.581,44.028490000000005,5.0,38.44469,0.360288
-116.2818,41.36458,5.0,37.671440000000004,-0.677445
-136.7053,38.17243,5.0,19.698339999999998,1.203641
-146.5594,25.23547,5.0,25.24097,0.3821217
-146.9218,4.7852120000000005,5.0,30.436740000000004,0.41228809999999994
-142.1083,-19.26266,5.0,35.69494,0.3472835
-144.1858,-40.414970000000004,6.0,15.41974,-1.9719330000000002
-149.2759,-49.725120000000004,6.0,19.2604,0.6191720000000001
-161.0608,-55.89271,6.0,15.396339999999999,-0.4141265
-166.2269,-63.6415,6.0,15.138689999999999,0.68763
-155.8771,-72.83104,6.0,24.32497,0.45673050000000004
-132.8798,-73.48773,6.0,37.029740000000004,0.5870506
-110.3252,-92.03396,6.0,39.61688,-0.3507897
-114.939,-113.9927,6.0,17.67641,-1.064859
-118.12,-122.6227,6.0,14.45159,1.219258
-125.7297,-133.1641,6.0,16.97766,0.02104708
-139.4721,-130.8562,6.0,22.61893,0.3236751
-145.3233,-113.5572,6.0,27.198809999999998,-0.6938572
-150.2212,-104.2943,6.0,7.262267,0.17546099999999998
-157.0026,-100.7477,6.0,14.78493,0.5931664000000001
-166.0401,-106.4473,6.0,17.00369,0.26555840000000003
-167.6155,-123.3401,6.0,29.7493,0.4927229
-168.8357,-150.31,6.0,42.34912,0.8546149
-167.222,-185.6306,6.0,52.83855,0.7225285
-163.6586,-224.7129,6.0,48.5481,-0.8301956
-159.0332,-253.9488,6.0,31.64156,-0.7433873000000001
-141.5195,-257.5203,6.0,21.15403,-0.2535349
-129.326,-248.9489,6.0,23.98105,0.36437420000000004
-124.9478,-229.8119,6.0,29.334190000000003,0.38160959999999994
-127.7504,-206.2819,6.0,34.62624,0.36752890000000005
-125.8725,-184.7937,6.0,16.67051,-1.594439
-112.8848,-183.3435,6.0,21.506120000000003,0.3296033
-103.444,-197.2786,6.0,26.07299,0.2019266
-103.3307,-218.5991,6.0,31.54846,0.3911863
-105.8573,-243.7898,6.0,36.75783,0.1742167
-96.75333,-269.3601,6.0,37.11499,-0.42409490000000005
-73.06359,-270.3823,6.0,28.862779999999997,-0.2984875
-55.705580000000005,-264.0374,6.0,21.89678,0.023468
-48.39042,-246.8408,6.0,29.522909999999996,0.4052953
-44.885870000000004,-223.1337,6.0,34.97185,0.1916495
-41.30527,-195.582,6.0,39.86591,0.2807563
-23.43189,-172.1031,6.0,42.37389,0.3468815
-2.8374599999999996,-156.7942,6.0,20.29192,-1.064237
5.311489,-150.5374,6.0,12.0841,0.001011518
11.39269,-143.2447,6.0,14.7641,0.48880959999999996
11.35351,-129.6308,6.0,23.1837,0.6048765
-1.979734,-112.8009,6.0,35.924929999999996,1.017614
-9.365959,-82.2731,6.0,49.40291,0.9339915999999999
-7.0855429999999995,-41.339240000000004,6.0,60.121719999999996,0.2305396
-1.484847,2.526174,6.0,53.42934,-1.881788
-7.461148,25.750729999999997,6.0,21.04577,-0.2242096
-16.98884,39.21412,6.0,26.14421,0.6636795
-39.58452,45.22755,6.0,38.383379999999995,1.109501
-73.64081999999999,44.3047,6.0,53.252230000000004,0.9882631
-114.1348,41.71015,6.0,39.11714,-4.749215
-128.9295,39.00285,6.0,12.89064,-0.1743408
-140.4826,35.59525,6.0,22.665879999999998,0.4866464
-147.6639,19.75829,6.0,26.853240000000003,0.4109032
-145.3263,-2.019298,6.0,32.35625,0.18970979999999998
-141.1386,-27.537959999999998,6.0,36.958,0.1824155
-142.2235,-38.02756,7.0,10.91194,0.49280920000000006
-146.3484,-47.55899,7.0,17.28225,0.4343634
-159.4798,-54.27008000000001,7.0,22.9419,0.15199100000000001
-168.3169,-66.77409,7.0,18.12119,-0.5260479
-161.7035,-76.05655,7.0,16.58482,0.2286964
-148.4781,-75.31544,7.0,20.0764,0.04575857
-133.4923,-73.38857,7.0,21.8765,0.24736170000000002
-117.3343,-81.26879,7.0,28.897940000000002,0.1845413
-108.0316,-101.587,7.0,32.78389,0.14366120000000002
-117.5603,-124.3482,7.0,35.75594,0.1987751
-141.816,-130.3802,7.0,30.28286,-1.591823
-145.9436,-119.2648,7.0,11.4577,-0.4221902
-143.1584,-111.1319,7.0,17.32391,0.7598223000000001
-151.3229,-102.0971,7.0,16.646639999999998,0.04124524
-164.0364,-106.0575,7.0,21.1589,-0.2384587
-166.0919,-120.5608,7.0,21.15663,0.5319923000000001
-167.165,-139.3776,7.0,31.350270000000002,1.090476
-169.6285,-167.7548,7.0,45.16213,0.9534710999999999
-170.0568,-205.5763,7.0,55.72694,-0.4705165
-166.0752,-241.2838,7.0,37.0606,-1.363509
-149.9847,-254.3087,7.0,24.62394,-0.47405
-133.7228,-251.8177,7.0,22.723770000000002,0.1119613
-125.7108,-236.5518,7.0,29.4855,0.29740229999999995
-126.0923,-212.5716,7.0,35.03765,0.188166
-124.5534,-185.7251,7.0,30.090159999999997,-2.564551
-114.2522,-180.6671,7.0,14.97575,0.8049518
-109.4896,-193.5684,7.0,22.366020000000002,0.43838699999999997
-108.8197,-212.3438,7.0,28.28182,0.41436069999999997
-108.4911,-235.3764,7.0,33.79821,0.18154089999999998
-100.68,-260.2971,7.0,37.52474,0.08310882
-76.0162,-272.9587,7.0,39.38408,0.03339102
-52.749359999999996,-258.1029,7.0,39.39832,0.05002718
-49.05365,-228.3176,7.0,42.93654,0.16591489999999998
-39.257,-197.4023,7.0,45.57636,0.10509860000000001
-15.23417,-171.2346,7.0,50.03597,0.143846
6.598783,-142.2048,7.0,39.25327,-2.374823
6.590375,-122.3725,7.0,24.82989,0.4325702
-4.901223,-104.0288,7.0,33.26458,0.6902409
-3.7571190000000003,-73.85125,7.0,49.83976,1.280741
-0.51323,-30.97598,7.0,65.78826,1.006489
-2.7791099999999997,17.193189999999998,7.0,57.97741,-1.817384
-17.26875,41.67608,7.0,28.888270000000002,-0.9527774999999999
-41.975590000000004,40.687059999999995,7.0,39.03355,0.18234979999999998
-72.77906999999999,40.40357,7.0,43.92091,0.3610605
-107.0599,41.13814,7.0,48.49481,0.31922490000000003
-140.931,36.342909999999996,7.0,35.11378,-2.9735869999999998
-146.5918,16.898239999999998,7.0,30.13277,0.39778509999999995
-145.1472,-7.428599,7.0,35.49654,0.18529279999999998
-146.2218,-35.58444,8.0,40.49666,0.29653229999999997
-161.7249,-57.13995,8.0,31.947770000000002,-2.520093
-167.5001,-71.49001,8.0,23.7798,0.7816883000000001
-150.4916,-78.73692,8.0,28.908859999999997,0.3883688
-127.6432,-79.07239,8.0,32.71275,0.1499807
-111.8605,-98.05859,8.0,35.765190000000004,0.22389450000000002
-117.2615,-123.5669,8.0,37.25475,0.0951703
-141.2824,-131.0603,8.0,27.257340000000003,-1.576514
-146.2349,-127.1711,8.0,3.25516,0.6682584
-142.4707,-122.9809,8.0,11.26816,0.26283759999999995
-143.487,-112.6701,8.0,17.5134,0.2322029
-154.4519,-102.8225,8.0,22.83353,0.23324250000000002
-167.4608,-110.9463,8.0,24.4245,0.2671902
-166.5518,-130.8625,8.0,29.734070000000003,0.195429
-169.8452,-154.6192,8.0,35.016940000000005,0.3847313
-170.4162,-182.3553,8.0,39.8391,0.3320945
-168.9612,-213.6211,8.0,44.653940000000006,0.33671840000000003
-163.8342,-246.9101,8.0,42.98805,-1.1438
-140.6519,-255.4785,8.0,29.94825,-0.8764154000000001
-127.7602,-239.2616,8.0,31.1574,0.1216093
-127.3841,-214.4828,8.0,36.14277,0.3590465
-124.62,-186.8169,8.0,35.31458,-1.500084
-112.3469,-180.5359,8.0,14.871120000000001,0.588737
-107.2689,-192.7787,8.0,21.51799,0.22138760000000002
-106.6234,-210.9416,8.0,27.495420000000003,0.43503279999999994
-105.8575,-233.4731,8.0,33.08497,0.1972698
-100.4176,-258.8029,8.0,37.16475,0.15433840000000001
-77.24175,-272.9272,8.0,38.55893,-0.02706767
-53.08939,-259.4887,8.0,39.51174,0.01654863
-46.88602,-230.3749,8.0,42.75777,0.1628904
-40.58618,-198.1994,8.0,45.43813,-0.09410517
-16.68553,-173.264,8.0,48.82425,0.3167237
5.656593,-144.0068,8.0,46.13177,-1.487091
4.294437,-117.6694,8.0,34.05531,0.39087259999999996
-6.841614,-92.69534,8.0,39.1585,0.1091085
-2.1150599999999997,-62.37406,8.0,43.78327,0.348007
-1.367307,-28.18797,8.0,48.30775,0.15719760000000002
-2.159634,9.203669999999999,8.0,52.60004,0.282476
-14.26561,39.857890000000005,8.0,33.89822,-0.9757911
-26.33533,41.43695,8.0,4.421062,-0.2071572
-28.94912,37.151790000000005,8.0,10.67146,0.21649749999999998
-37.502320000000005,41.6378,8.0,17.01833,0.4679054
-47.4136,48.57832,8.0,6.415062,-2.635686
-48.02025,48.58685,8.0,0.03144841,0.02014119
-48.37553,47.25071,8.0,4.224643,0.006774828
-47.57421,43.72347,8.0,4.7957279999999995,-0.1878216
-48.13811,44.055859999999996,8.0,5.872756,0.34720270000000003
-55.331869999999995,46.4318,8.0,14.796270000000002,0.6537951999999999
-69.32948,44.92885,8.0,23.15072,0.3034779
-89.34684,42.36569,8.0,31.09354,0.5292136
-115.0203,43.82269,8.0,38.34292,0.5205677
-141.0885,34.88961,8.0,38.56687,-0.07906283
-144.0877,5.576671,8.0,44.37918,0.318775
-147.0464,-29.282390000000003,8.0,46.318490000000004,-0.6252263000000001
-142.1277,-35.15173,9.0,2.476619,-0.05380326
-143.781,-41.08461,9.0,13.749239999999999,0.6287135
-149.1829,-49.40371,9.0,12.103530000000001,-0.1965966
-157.6604,-53.21246,9.0,14.23042,-0.21924539999999998
-165.6828,-57.67361,9.0,11.12373,-0.10728900000000001
-166.0949,-65.92545,9.0,16.08403,1.044945
-154.5584,-73.61236,9.0,18.70775,-0.3114401
-142.0473,-72.78551,9.0,15.205070000000001,-0.1213693
-128.1197,-75.4114,9.0,25.0723,0.09938532
-113.0766,-86.68814,9.0,26.10621,0.06524737
-107.1663,-104.6233,9.0,24.14959,-0.38389609999999996
-109.0813,-116.0641,9.0,11.67158,-0.1741988
-113.1271,-125.2666,9.0,20.18731,1.029362
-124.9996,-134.5426,9.0,18.97909,-0.3206942
-137.1911,-132.975,9.0,15.519379999999998,-0.01632337
-145.1136,-121.5439,9.0,24.166079999999997,0.5712855
-151.6301,-103.3844,9.0,20.603089999999998,-1.4631049999999999
-161.6086,-100.1721,9.0,12.80178,-0.3047051
-166.752,-110.3807,9.0,22.64818,1.122953
-168.5794,-132.486,9.0,36.800959999999996,0.984482
-168.9287,-163.5344,9.0,45.03779,0.3423926
-165.5954,-198.0399,9.0,47.29479,-0.6415435
-163.0557,-229.7609,9.0,37.753840000000004,-0.8868608
-158.94799999999998,-250.9341,9.0,24.81233,-0.47645820000000005
-145.754,-260.1175,9.0,19.55484,-0.2067433
-133.2356,-255.2115,9.0,22.88341,0.4372379
-125.0984,-234.5253,9.0,35.824909999999996,0.5206516
-127.6166,-207.9263,9.0,31.01813,-1.242841
-128.5009,-192.204,9.0,15.12856,-0.23027270000000002
-124.1515,-183.1896,9.0,14.79111,0.670916
-111.2189,-182.9628,9.0,18.29019,-0.1599067
-103.48299999999999,-191.5644,9.0,15.3474,0.2906257
-102.6916,-208.2467,9.0,29.954040000000003,0.9482588
-105.4149,-233.7617,9.0,38.00023,0.1246932
-102.8807,-260.3097,9.0,34.801629999999996,-0.23529239999999998
-83.31203000000001,-273.09,9.0,32.81252,0.1430951
-60.59973000000001,-266.6934,9.0,31.907459999999997,-0.07218166
-49.39076,-245.4821,9.0,34.75499,0.30615570000000003
-45.19604,-219.06400000000002,9.0,36.89181,-0.02477222
-40.07032,-193.2448,9.0,33.7297,-0.21096020000000004
-27.671940000000003,-174.2215,9.0,27.8012,-0.22181979999999998
-12.772910000000001,-162.9844,9.0,22.84652,-0.3181806
0.33240990000000004,-154.3574,9.0,19.339170000000003,-0.1411017
10.439110000000001,-145.092,9.0,20.4477,0.6134147
10.60387,-128.539,9.0,26.141270000000002,0.48329700000000003
-2.400545,-112.1535,9.0,29.5852,0.08440478
-9.597535,-91.3875,9.0,30.135240000000003,0.05549653
-11.10403,-68.34817,9.0,33.19641,0.153004
-7.659022,-42.92125,9.0,35.46691,0.0349794
-3.0419110000000003,-16.6467,9.0,36.535709999999995,0.07590863
-2.689922,8.830437,9.0,29.121509999999997,-1.055369
-6.91229,26.22552,9.0,20.13595,-0.3029329
-16.2194,38.67907,9.0,25.73529,0.26413949999999997
-36.61932,45.28482,9.0,32.6584,0.4922368
-63.40399,43.879690000000004,9.0,39.80168,0.2509919
-95.58885,43.79186,9.0,46.63921,0.4822002
-129.8332,40.01753,9.0,40.621359999999996,-0.9114939000000001
-147.3716,23.71895,9.0,34.34109,0.01583491
-142.0141,-3.112473,9.0,40.276270000000004,0.21311509999999997
-143.3044,-31.727420000000002,9.0,26.58891,-2.932759
-147.1673,-44.73551,10.0,18.81891,0.9047450999999999
-157.4722,-54.19964,10.0,17.50829,-0.24527390000000002
-166.6974,-60.649980000000006,10.0,13.41257,-0.1713885
-163.1868,-70.79091,10.0,18.69959,0.2095687
-150.3078,-72.78256,10.0,18.51391,0.06017138
-137.0728,-73.16544,10.0,17.37204,0.6897806
-120.6389,-79.40365,10.0,28.08875,0.2573421
-107.7468,-97.90619000000001,10.0,34.04676,0.1889098
-111.8958,-123.111,10.0,31.02099,-0.6486801
-126.2477,-133.2835,10.0,21.22879,-0.3726244
-139.518,-130.8725,10.0,16.940579999999997,0.5579854999999999
-145.7838,-116.8378,10.0,25.07242,0.29277329999999996
-150.4783,-104.4619,10.0,4.257764,-0.1448501
-154.9283,-101.1569,10.0,11.977360000000001,0.539277
-164.938,-104.1316,10.0,18.38414,0.4133945
-167.9055,-119.7697,10.0,25.22638,0.5158988
-168.8611,-141.0305,10.0,32.477340000000005,0.9061386999999999
-168.3576,-166.8758,10.0,36.98602,0.4492090999999999
-166.5986,-195.42,10.0,39.88915,0.04930359
-164.28099999999998,-222.9086,10.0,33.420159999999996,-0.26129250000000004
-162.3071,-244.9168,10.0,26.40168,-0.5431775
-151.7049,-257.7227,10.0,20.78995,0.5486273
-135.4078,-257.1967,10.0,23.771060000000002,-0.05806525
-126.4271,-241.0551,10.0,27.07807,0.2444695
-125.4949,-220.0664,10.0,30.10662,0.178767
-127.7372,-199.5902,10.0,20.42396,-1.600158
-127.3891,-187.5119,10.0,14.016639999999999,-0.1828135
-120.3084,-181.9999,10.0,14.607270000000002,0.5196900999999999
-108.0153,-184.5971,10.0,18.195610000000002,-0.1425408
-102.9894,-196.7166,10.0,19.52285,0.09113297
-103.8219,-212.1442,10.0,21.759220000000003,0.01505532
-104.9989,-228.3958,10.0,23.87378,0.3959676
-106.0357,-248.5666,10.0,29.8402,0.02458672
-97.85552,-268.1407,10.0,29.597640000000002,0.5675110999999999
-73.7719,-271.7382,10.0,37.24134,0.313857
-51.8962,-256.1873,10.0,37.82212,0.207069
-46.99255,-226.2713,10.0,43.259879999999995,0.08040747
-40.74987,-195.9289,10.0,37.737109999999994,-0.6382973000000001
-27.829390000000004,-174.9482,10.0,29.701659999999997,-0.2522646
-12.2583,-163.0394,10.0,22.54775,-1.622692
-3.245443,-156.7679,10.0,15.256470000000002,1.053664
8.031419999999999,-148.089,10.0,19.349420000000002,-0.06634893
13.1461,-133.5988,10.0,26.251590000000004,0.3089638
0.32002040000000004,-117.0012,10.0,31.62834,0.38736909999999997
-9.127044,-93.91161,10.0,34.66787,-0.2946357
-10.17907,-70.09558,10.0,33.24726,0.24383779999999997
-7.539055,-43.2132,10.0,39.63258,0.48492120000000005
-2.675096,-11.94618,10.0,45.53885,0.4068395
-4.94181,22.853070000000002,10.0,46.56362,-0.7993405
-27.61538,43.361309999999996,10.0,43.55064,0.30633299999999997
-61.4437,44.18705,10.0,48.448640000000005,0.3826325
-99.23586999999999,43.02913,10.0,53.67318,0.1871912
-134.2127,38.27386,10.0,39.11857,0.08036721
-148.7571,17.00933,10.0,36.6992,0.03159916
-141.4569,-11.02101,10.0,41.6437,0.15751220000000002
-145.8315,-38.4967,11.0,33.44031,0.4532183
-162.4252,-58.368109999999994,11.0,37.829209999999996,0.18602839999999998
-168.4156,-77.79885999999999,11.0,21.43918,-1.133074
-155.8984,-76.2676,11.0,22.241999999999997,0.5491807
-140.0055,-70.0538,11.0,26.83241,0.20417860000000002
-121.0402,-81.56125,11.0,32.48219,-0.4765928
-109.1065,-100.9059,11.0,33.3521,0.3189407
-115.7458,-124.49799999999999,11.0,29.519409999999997,-0.5588287
-133.5392,-132.7101,11.0,29.399379999999997,0.3664215
-144.7981,-115.0017,11.0,32.83348,0.43381549999999997
-149.1156,-102.294,11.0,11.24645,1.184277
-161.7825,-102.5865,11.0,22.977439999999998,0.2804051
-166.5465,-119.6824,11.0,27.992409999999996,0.5011294
-166.9416,-142.8197,11.0,34.5612,0.4596389
-167.9352,-170.6246,11.0,40.620309999999996,0.44627269999999997
-164.8252,-202.7551,11.0,46.509190000000004,0.2060712
-162.2767,-237.351,11.0,42.2543,-0.6016014000000001
-150.8116,-258.048,11.0,28.606859999999998,0.31476350000000003
-130.9878,-254.1086,11.0,29.668490000000002,0.10570430000000001
-125.3342,-230.9256,11.0,35.36999,0.4533072
-127.7384,-203.0334,11.0,36.13491,-0.8746594000000001
-121.149,-180.9601,11.0,26.72465,-0.1658503
-107.0959,-187.7818,11.0,24.40883,0.33880340000000003
-106.7857,-208.1741,11.0,30.804000000000002,0.485755
-106.6133,-233.1141,11.0,36.94294,0.21589429999999998
-102.4371,-261.5305,11.0,41.22527,0.03507134
-76.89607,-272.1211,11.0,40.37484,0.3556103
-51.7494,-256.9715,11.0,41.04076,0.01412859
-45.236290000000004,-225.4695,11.0,46.189479999999996,0.2018781
-37.89222,-190.1891,11.0,50.88276,0.1865056
-13.36043,-164.4563,11.0,41.04023,-1.4346079999999999
6.856628,-149.2697,11.0,29.93555,-0.29319120000000004
11.57807,-131.5697,11.0,22.53254,0.9237
0.8362146999999999,-115.5653,11.0,29.53864,0.45182959999999994
-8.199657,-93.55105999999999,11.0,35.449940000000005,0.43689390000000006
-10.20648,-65.20425,11.0,41.388870000000004,0.21599839999999998
-5.174741,-32.723259999999996,11.0,47.18651,0.4188222
-1.98175,3.910012,11.0,52.18228,0.1391994
-14.96439,38.58225,11.0,47.73187,-0.20846820000000002
-47.945040000000006,44.359809999999996,11.0,48.00011,0.40117659999999994
-85.41962,41.86319,11.0,53.39674,0.1896996
-125.3435,39.88657,11.0,48.61296,-1.553734
-149.4424,21.90561,11.0,40.690059999999995,-0.24171929999999997
-143.5683,-7.901393,11.0,43.58578,0.3464684
-144.8527,-39.92648,12.0,38.41832,-1.329437
-161.2698,-53.66855,12.0,28.7294,0.1812067
-166.4934,-69.25961,12.0,23.77851,0.03214865
-148.628,-71.23053,12.0,28.20917,0.4649307
-126.2399,-75.76701,12.0,34.11877,0.41289750000000003
-108.2333,-95.06913,12.0,38.37627,0.23496129999999998
-111.8451,-120.104,12.0,29.11042,-0.8408141
-127.911,-132.0092,12.0,24.95455,-0.25372100000000003
-143.4002,-128.4033,12.0,23.97355,0.11653239999999998
-147.4931,-109.3424,12.0,29.417820000000003,0.10968620000000001
-160.73,-100.7618,12.0,19.45525,-0.08421952
-167.7007,-114.1267,12.0,27.21397,0.48927070000000006
-167.5672,-139.1717,12.0,37.5463,0.21142529999999998
-168.0366,-169.0141,12.0,43.27623,0.2055828
-165.7629,-203.2857,12.0,49.033,0.39897550000000004
-163.2735,-240.1035,12.0,44.7606,-0.7025602
-145.5315,-258.605,12.0,29.145229999999998,-0.9329751000000001
-130.4539,-245.2687,12.0,30.7383,0.5657607
-125.7042,-220.8194,12.0,36.682390000000005,0.39809120000000003
-128.5536,-194.257,12.0,33.17562,-0.06797297
-114.8248,-179.7865,12.0,27.69473,-0.24476929999999997
-107.5654,-194.2717,12.0,26.05276,0.492987
-110.4072,-215.558,12.0,32.417759999999994,0.23409410000000003
-108.1051,-241.9342,12.0,38.800129999999996,0.2190036
-95.77229,-268.471,12.0,40.279140000000005,-0.38548899999999997
-66.87921,-268.9709,12.0,42.13557,0.2475297
-45.57383,-249.5545,12.0,36.966190000000005,-0.5553047
-53.6867,-226.9321,12.0,28.445459999999997,-0.7596215999999999
-52.99065,-217.2915,12.0,5.559523,0.01038551
-53.34799,-214.9043,12.0,0.9637974,0.5927331
-51.091879999999996,-218.06900000000002,12.0,9.442012,0.2891727
-43.35072,-215.0873,12.0,15.7335,0.12786589999999998
-41.7767,-204.8593,12.0,12.59965,0.3826386
-40.1186,-191.5862,12.0,22.408820000000002,0.5065545
-30.460409999999996,-175.3177,12.0,28.99349,0.48337650000000004
-11.08201,-161.5847,12.0,35.40426,0.4605037
9.510077,-143.9924,12.0,36.535709999999995,-0.7419389000000001
7.9095580000000005,-122.8501,12.0,30.19432,0.8256018
-6.720436,-98.74616,12.0,46.20519,0.5151357
-9.886042999999999,-61.208909999999996,12.0,54.05822,0.1517717
-3.165146,-19.911170000000002,12.0,58.903,0.3367241
-4.967793,20.51148,12.0,39.89877,-1.888268
-19.22711,40.86513,12.0,36.302929999999996,0.2178449
-46.49805,45.034440000000004,12.0,40.418409999999994,0.22055639999999999
-78.5674,44.54211,12.0,46.2009,0.3943782
-114.6394,41.321940000000005,12.0,50.52768,-0.24534940000000002
-148.1696,31.604709999999997,12.0,45.20438,-0.6646448
-152.7284,13.62163,12.0,9.81569,-0.8372771999999999
-152.341,12.7616,12.0,5.889387999999999,0.34080279999999996
-147.1176,8.320517,12.0,13.772620000000002,0.2799895
-146.1254,-4.710532,12.0,21.302989999999998,0.5146129
-142.7267,-22.83486,12.0,28.3877,0.4976468
-142.1241,-35.26624,13.0,7.287971000000001,0.2959578
-144.8879,-43.14425,13.0,15.2393,0.5685085999999999
-155.3465,-52.07281,13.0,22.42047,0.5721081
-167.2642,-64.43855,13.0,22.46061,-0.6102086999999999
-160.1396,-75.43578000000001,13.0,17.7526,0.1426204
-145.5737,-74.0544,13.0,21.078020000000002,-0.372672
-131.1931,-72.72221,13.0,22.15546,0.49252840000000003
-114.8543,-81.47095,13.0,28.398320000000002,0.39450820000000003
-106.62899999999999,-102.4998,13.0,33.68238,0.1551214
-117.5962,-125.6667,13.0,37.61248,0.28743270000000004
-141.8457,-130.4706,13.0,26.19922,-2.08133
-144.5222,-122.5349,13.0,6.119181,0.2614776
-138.2073,-122.2403,13.0,0.2564161,-0.7527378
-141.362,-123.2573,13.0,8.462817,0.5155384
-145.4891,-128.0947,13.0,5.755916,-0.41779970000000005
-145.453,-128.3726,13.0,4.464658999999999,0.3480802
-142.6565,-122.3761,13.0,13.297870000000001,0.3034186
-140.4052,-110.24,13.0,20.76345,0.4808774
-152.0533,-98.01257,13.0,26.19524,0.4168902
-166.0107,-106.3382,13.0,23.047729999999998,0.9461519
-167.6786,-127.4227,13.0,32.32274,0.5254139
-167.5306,-154.0215,13.0,39.11905,0.4545077
-167.9748,-185.3844,13.0,45.560959999999994,0.44947079999999995
-168.0551,-221.3894,13.0,51.561859999999996,0.1991896
-156.0965,-253.6789,13.0,43.831309999999995,-0.3684098
-130.2437,-252.1409,13.0,29.47665,-0.5891128999999999
-128.4171,-229.0818,13.0,37.01842,0.8718935
-127.5711,-199.2498,13.0,39.6616,-0.29632359999999996
-123.2645,-183.6734,13.0,14.349870000000001,-0.17528310000000002
-112.0404,-182.8239,13.0,20.32957,0.1830615
-104.9441,-197.9731,13.0,26.699309999999997,0.5092415
-106.7735,-220.2117,13.0,33.73097,0.5288441999999999
-105.8063,-247.1285,13.0,39.446509999999996,0.395902
-86.98526,-270.4599,13.0,42.641740000000006,0.0038515059999999998
-57.74665,-265.107,13.0,42.52077,-0.01504036
-49.01944,-235.2227,13.0,45.44319,0.4666077
-44.06694,-202.7083,13.0,41.62331,0.17845020000000003
-24.79214,-176.4785,13.0,47.091640000000005,0.2201194
0.7020188,-149.3719,13.0,52.28187,-0.22684580000000001
7.8220529999999995,-117.2368,13.0,40.46053,-1.5410469999999998
-8.443987,-99.34602,13.0,27.96864,-0.28364659999999997
-6.611077000000001,-76.40626,13.0,35.04224,0.49561359999999993
-5.5117650000000005,-47.98195,13.0,41.71135,0.4797664000000001
-4.357253,-14.77885,13.0,47.945409999999995,0.20723809999999998
-5.61183,22.45221,13.0,49.448570000000004,-1.299496
-24.63616,41.81565,13.0,29.78292,-0.7120466
-34.32314,34.38692,13.0,13.79132,0.20733769999999999
-35.11654,32.58805,13.0,0.07426181,0.03717952
-35.16323,32.593990000000005,13.0,0.05932391,0.02564715
-34.547259999999994,34.47275,13.0,6.676092,0.6334675000000001
-32.96128,41.63939,13.0,9.530153,-0.8426178
-32.242540000000005,44.78667,13.0,0.45176859999999996,0.5536208
-34.19229,42.09818,13.0,8.654732000000001,0.5762361
-43.057970000000005,42.51142,13.0,16.124660000000002,0.5222064000000001
-57.28461,45.33788,13.0,23.00544,0.45873
-76.59571,43.19381,13.0,29.529459999999997,0.4501455
-100.6769,42.48093,13.0,35.52087,0.4415322
-128.5778,39.987809999999996,13.0,40.423790000000004,0.28206020000000004
-147.312,19.95985,13.0,38.32676,0.2052522
-145.8109,-10.04853,13.0,43.37851,0.18197560000000002
-146.33100000000002,-43.248999999999995,14.0,44.21553,-0.9145844999999999
-162.2379,-61.52913,14.0,26.34494,-1.17292
-154.942,-75.13584,14.0,25.935489999999998,0.14342660000000002
-133.6686,-76.07816,14.0,31.636509999999998,0.3012974
-113.7567,-90.14169,14.0,35.74322,0.24946620000000003
-111.9724,-116.3411,14.0,38.129220000000004,0.1615179
-134.0162,-132.0084,14.0,34.35122,-1.456641
-146.2831,-121.8409,14.0,12.22903,-2.302696
-146.2017,-119.5954,14.0,1.9505560000000002,0.008304724
-147.0641,-118.5123,14.0,1.672925,-0.03395678
-147.9234,-117.7542,14.0,2.253298,0.45941509999999997
-150.5803,-117.3404,14.0,3.7427230000000002,-0.4562992
-149.5802,-116.7705,14.0,6.170063,0.31486179999999997
-144.9529,-110.7883,14.0,14.49244,0.2821
-149.2957,-99.03265,14.0,21.24239,0.44015059999999995
-164.8114,-101.0483,14.0,25.2979,0.14276
-167.1019,-120.9146,14.0,31.038490000000003,0.2521004
-166.6094,-146.4294,14.0,37.95755,0.4907823
-166.78099999999998,-177.0193,14.0,44.56198,0.4877172000000001
-167.2259,-212.333,14.0,50.71929,0.19736589999999998
-160.1146,-247.5269,14.0,41.09957,-1.7029599999999998
-142.6557,-253.9471,14.0,11.590810000000001,-1.176352
-141.5481,-250.4258,14.0,3.232783,-0.13485020000000003
-139.2586,-248.2547,14.0,7.561767999999999,0.6062276999999999
-131.1442,-250.2514,14.0,14.994000000000002,0.2565366
-122.3355,-250.3695,14.0,10.47492,-0.3299179
-121.8853,-241.7995,14.0,16.38984,0.6325251999999999
-125.4637,-227.0308,14.0,24.43974,0.5630662
-127.3677,-206.2764,14.0,31.85375,0.5240832999999999
-123.2401,-182.4862,14.0,31.460890000000003,-0.576982
-106.7808,-183.9597,14.0,23.63523,0.8064387
-106.4972,-207.5236,14.0,41.94873,1.549483
-105.4721,-245.3026,14.0,57.27885,0.10562750000000001
-81.39036999999999,-271.7728,14.0,44.80173,0.2269109
-51.88718,-260.3499,14.0,43.538070000000005,-0.2105493
-49.457029999999996,-228.3519,14.0,46.478640000000006,0.1854942
-38.87324,-194.956,14.0,50.33035,0.3802481
-12.09641,-166.4615,14.0,55.67675,0.435192
9.8312,-134.0039,14.0,43.0194,-1.3425129999999998
1.104596,-113.8417,14.0,25.9188,-0.4779905
-5.8342410000000005,-93.83272,14.0,32.46008,0.23194450000000003
-4.2268419999999995,-67.32105,14.0,39.3143,0.5127883
-2.460722,-35.76319,14.0,45.823879999999996,0.4628665
-2.6049860000000002,0.45343249999999996,14.0,51.92368,0.4241772
-11.82301,35.51801,14.0,44.70628,-0.4388247
-42.22337,41.59785,14.0,45.22616,0.2171419
-78.06678000000001,40.26028,14.0,51.3033,0.4254685
-117.84700000000001,41.515440000000005,14.0,52.86473,-0.716993
-144.0345,29.834659999999996,14.0,28.01575,-2.293926
-144.4728,22.05953,14.0,2.8079549999999998,0.5109308
-141.8335,24.68133,14.0,4.958282,-0.1546237
-141.885,24.568,14.0,5.583023000000001,0.5417996999999999
-146.8798,21.38772,14.0,9.331933,-0.06419827
-149.5264,22.02656,14.0,1.464965,0.3746122
-145.8252,19.409760000000002,14.0,10.67897,0.6395149
-141.1723,9.607115,14.0,19.04017,0.600206
-141.1414,-7.477388,14.0,27.092409999999997,0.551595
-141.7662,-33.709109999999995,1.0,4.242214,0.3770324
-142.0084,-38.806670000000004,1.0,10.76489,0.7125762
-145.7853,-49.13664,1.0,19.35909,0.309759
-159.6527,-59.52381999999999,1.0,27.110229999999998,0.1471983
-157.5981,-76.1658,1.0,24.93662,-0.2830685
-142.0184,-68.9507,1.0,25.9862,-0.4657049
-135.8714,-68.27744,1.0,0.02795196,-0.01328207
-135.8528,-68.28036,1.0,0.025646199999999997,-0.0003874247
-135.8344,-68.28285,1.0,0.02472635,0.007018785
-135.9109,-68.58318,1.0,2.856274,0.3128362
-135.8927,-71.78012,1.0,4.542873,-0.01658925
-135.7716,-74.8501,1.0,3.7367220000000003,-0.06458377
-136.8934,-76.5196,1.0,0.5099167,0.2858835
-133.412,-75.03156,1.0,9.628097,0.3334634
-123.353,-77.04439,1.0,17.97431,0.48827479999999995
-114.37799999999999,-90.08128,1.0,25.469089999999998,0.536776
-110.49799999999999,-110.8597,1.0,32.05588,0.39667379999999997
-124.7238,-131.2055,1.0,36.567609999999995,0.2346864
-145.5053,-126.9903,1.0,23.623820000000002,-1.030197
-139.9207,-113.2272,1.0,24.64261,0.4605361
-138.4577,-108.714,1.0,0.02280399,0.009325473
-138.4585,-108.7318,1.0,0.02434761,-0.00036314230000000005
-138.8877,-108.5605,1.0,4.0600510000000005,0.6933615
-143.9659,-108.9483,1.0,8.016388000000001,-0.07121293
-145.5605,-110.5613,1.0,2.8532610000000003,0.6561708
-144.3993,-105.3944,1.0,11.50736,0.2867537
-151.031,-96.69625,1.0,19.08002,0.16870839999999998
-162.4552,-98.32399000000001,1.0,14.169379999999999,-0.2895578
-166.7353,-111.315,1.0,26.325609999999998,0.9559306000000001
-170.415,-134.8001,1.0,36.970279999999995,0.1435533
-162.9412,-162.5616,1.0,36.994,-0.7130246
-167.0969,-186.6917,1.0,29.763720000000003,-0.38510900000000003
-167.2189,-213.6307,1.0,40.431999999999995,-0.22196639999999998
-164.9756,-240.5706,1.0,32.2597,-0.7685349
-149.0853,-251.0753,1.0,26.51877,0.5688380999999999
-127.7455,-245.4837,1.0,32.53865,-0.05053177
-124.9055,-229.0453,1.0,23.74305,0.5412189000000001
-129.1321,-214.0119,1.0,22.95874,0.04895708
-122.9647,-200.85299999999998,1.0,17.54441,-0.2938192
-124.4559,-188.459,1.0,14.91775,-0.4385661
-113.9929,-184.7202,1.0,19.650579999999998,-0.1500595
-110.4435,-195.9143,1.0,14.513910000000001,-0.08414721
-109.9996,-206.7247,1.0,17.25751,0.6004668000000001
-108.561,-222.4121,1.0,25.15955,0.5734832
-105.95200000000001,-243.6331,1.0,32.4702,0.2535998
-93.29996,-265.9059,1.0,37.62093,0.119327
-66.1396,-268.9677,1.0,39.49653,0.006290367
-51.99156,-244.917,1.0,40.40837,0.4067898
-46.794740000000004,-213.6256,1.0,45.66794,0.41108
-26.697470000000003,-184.2248,1.0,51.0597,0.44001769999999996
-1.238456,-153.4525,1.0,56.6937,0.39405300000000004
11.82338,-116.4385,1.0,39.77373,-2.40225
10.1512,-104.4243,1.0,1.410307,-0.10407269999999999
9.749416,-104.2376,1.0,0.09100652,0.1309276
11.67296,-105.5153,1.0,6.258223,0.177861
17.02598,-107.2654,1.0,6.555741,-0.8069105
18.146079999999998,-107.0358,1.0,3.098574,0.33428359999999996
12.96669,-108.9524,1.0,11.68626,0.2940373
2.785933,-111.4191,1.0,16.7607,0.1028786
0.6087779999999999,-98.11986,1.0,22.855339999999998,0.2570454
-2.083539,-79.39603000000001,1.0,29.425790000000003,0.5139238
-5.529898,-55.45514,1.0,36.07382,0.4792075
-6.3431370000000005,-26.31492,1.0,42.58525,0.4546743
-6.407647,7.4956570000000005,1.0,48.64287,0.21386309999999997
-12.75372,39.42957,1.0,34.28819,-1.248716
-23.94996,42.46436,1.0,14.59663,0.6010825
-36.05207,37.733940000000004,1.0,21.67403,0.5182692
-54.715340000000005,39.875,1.0,28.89473,0.4992129
-78.73254,39.54254,1.0,35.84753,0.4775206
-107.7078,40.15463,1.0,42.39042,0.47471540000000007
-138.0512,37.87305,1.0,34.08992,-1.5311569999999999
-143.0129,24.770789999999998,1.0,10.240860000000001,-1.196616
-137.7514,24.27743,1.0,0.10783050000000001,-0.1686388
-137.7518,24.228939999999998,1.0,0.05414631,-0.01865947
-138.1485,24.34007,1.0,3.359488,0.6232116
-143.1911,24.339370000000002,1.0,9.684667999999999,0.3350973
-150.0762,25.08041,1.0,5.610742,-0.7794569
-150.7025,25.22253,1.0,3.554235,0.5976727
-147.341,20.89996,1.0,11.59781,0.5676880999999999
-150.2881,10.447519999999999,1.0,18.64394,0.47099880000000005
-149.9455,-4.841744,1.0,24.57554,0.4922276
-146.2967,-25.11865,1.0,31.051109999999998,0.2817289
-151.7146,-47.937740000000005,2.0,32.26811,-0.20885949999999998
-167.0707,-63.83412,2.0,28.17519,-0.8844608
-157.4651,-72.36822,2.0,11.07766,-1.191279
-155.7195,-68.52699,2.0,0.06231052,-0.04125723
-155.6827,-68.52809,2.0,0.04148236,-0.01487668
-156.0436,-69.97459,2.0,4.953719,0.02190548
-156.5172,-73.69807,2.0,4.794116000000001,-0.04267092
-156.7707,-74.84168000000001,2.0,3.228708,0.6728075
-151.5583,-72.73891,2.0,12.35971,0.3104697
-141.3796,-78.94751,2.0,20.54583,0.5286211
-127.6653,-83.21423,2.0,17.64816,-0.12222539999999998
-115.9825,-91.84607,2.0,27.02119,0.8645369
-111.8891,-112.9765,2.0,30.97462,0.09080503
-127.9341,-129.7779,2.0,32.67945,-0.1607823
-145.1229,-124.1275,2.0,20.58193,-0.2401146
-138.9862,-109.9066,2.0,22.049789999999998,-0.6091097
-148.2593,-101.5173,2.0,20.90384,0.38031090000000006
-160.6587,-107.3249,2.0,16.99079,-0.15798220000000002
-161.8609,-119.6347,2.0,17.54241,0.29323190000000005
-165.1659,-134.6175,2.0,24.92363,0.2770745
-165.2574,-156.001,2.0,32.73643,0.5511917
-165.5621,-183.0825,2.0,40.08044,0.2554134
-165.9732,-215.3492,2.0,46.97072,0.48893869999999995
-161.4874,-245.7909,2.0,24.92998,-2.456891
-145.933,-252.0201,2.0,26.837359999999997,0.5688278
-126.4323,-245.4311,2.0,28.65663,-0.09218457
-128.0688,-226.5635,2.0,29.653809999999996,1.15507
-126.2605,-201.5365,2.0,37.57217,0.3927839
-122.21600000000001,-184.5431,2.0,10.37997,-0.2030399
-113.12799999999999,-186.5944,2.0,16.8718,0.21389120000000003
-110.2518,-201.4257,2.0,24.707929999999998,0.5920032
-108.2577,-222.5578,2.0,32.52279,0.2662164
-103.095,-248.8682,2.0,39.62746,0.2104518
-83.04594,-270.3141,2.0,41.0169,-0.3211373
-55.87846999999999,-260.0735,2.0,42.023959999999995,0.03733334
-49.48082,-230.335,2.0,44.59983,0.40898540000000005
-41.10841,-197.0748,2.0,48.88019,0.2756409
-15.25407,-168.8729,2.0,54.78621,0.2062917
7.801731,-136.621,2.0,39.57846,-3.485114
3.870801,-121.0534,2.0,20.09291,0.31320490000000006
-5.707374,-106.6311,2.0,27.352190000000004,0.25813539999999996
-6.680964,-83.65224,2.0,34.861940000000004,0.5450056999999999
-6.779902000000001,-55.13867,2.0,42.08612,0.5368446
-7.068257000000001,-21.412589999999998,2.0,48.83117,0.22877470000000003
-7.376339,17.131729999999997,2.0,55.130790000000005,0.238761
-19.132460000000002,44.6923,2.0,26.342309999999998,-2.347826
-25.90879,45.5067,2.0,2.886271,0.6924541999999999
-27.306820000000002,40.723659999999995,2.0,11.5385,0.5657142
-38.04253,42.39074,2.0,19.669420000000002,0.6141446
-54.44251,46.3026,2.0,26.829009999999997,0.561102
-76.9762,42.697070000000004,2.0,34.49982,0.5181649
-105.1705,41.389720000000004,2.0,41.71982,0.4396326
-137.8885,37.13477,2.0,44.46055,-1.75365
-150.4687,20.698420000000002,2.0,13.62965,-2.734175
-148.0122,19.43543,2.0,6.627705000000001,0.3231152
-143.2229,14.145560000000001,2.0,14.94774,0.29612109999999997
-149.1,1.799639,2.0,22.78183,0.24969
-147.9675,-16.00834,2.0,28.56457,0.5180385999999999
-142.0633,-34.91683,3.0,10.45514,1.005465
-144.4619,-43.20002,3.0,11.3977,-0.0181335
-151.93200000000002,-51.46771,3.0,17.3351,-0.1565
-162.8275,-54.86617,3.0,13.72476,-0.2603497
-166.4548,-62.02264,3.0,10.21146,-0.155127
-162.3934,-69.34179,3.0,15.29023,0.5833436
-149.1037,-72.0125,3.0,22.90731,0.6085705
-129.8617,-75.62228,3.0,30.101779999999998,-0.2246966
-113.8695,-87.29689,3.0,24.26697,-0.36894340000000003
-107.8024,-104.8176,3.0,28.8912,-0.46576320000000004
-112.7623,-123.1698,3.0,23.1778,-0.4101959
-125.193,-132.6614,3.0,22.95782,0.2746031
-141.0068,-129.1485,3.0,23.62579,0.7213755999999999
-147.7868,-108.8993,3.0,28.41981,-0.7627205
-160.9492,-104.2389,3.0,17.46754,0.4160121
-167.1293,-117.8783,3.0,24.76033,0.5854108
-169.5384,-139.0392,3.0,32.60328,0.48854849999999994
-168.2334,-165.7221,3.0,39.73206,0.5055927
-166.7069,-197.6727,3.0,46.48565,0.4662840999999999
-163.9825,-233.7398,3.0,48.56754,-0.3208009
-151.3295,-258.6231,3.0,31.04611,-0.5384175999999999
-133.6622,-251.332,3.0,29.1449,0.5367824000000001
-125.0981,-229.9989,3.0,34.04005,0.3512155
-128.1438,-203.5815,3.0,34.96487,-0.41141819999999996
-122.0127,-181.1172,3.0,26.20971,-1.2715889999999999
-108.7457,-184.0729,3.0,20.81421,0.252307
-109.0141,-201.6995,3.0,27.42782,0.5371758000000001
-104.6202,-223.5852,3.0,30.65724,-0.2269473
-106.2627,-244.6457,3.0,29.36212,0.6899894
-97.29745,-267.9743,3.0,36.80008,-0.02504949
-71.27409,-268.8062,3.0,28.043000000000003,-0.2949585
-58.37634,-267.9878,3.0,9.521968,-0.9766212
-56.30031999999999,-266.7784,3.0,2.099091,0.6170949
-57.20992,-267.394,3.0,0.1421439,0.2583053
-55.494609999999994,-265.611,3.0,6.200943,0.25668939999999996
-51.353,-262.2718,3.0,8.016927,0.04067822
-48.16292,-263.7246,3.0,0.18042539999999999,0.6738706
-49.70063,-260.5397,3.0,9.093914999999999,0.2981149
-48.989020000000004,-250.9315,3.0,17.19869,0.28466959999999997
-45.33345,-235.7556,3.0,24.86886,0.5065725
-42.840270000000004,-214.7593,3.0,32.067840000000004,0.5152519
-37.70256,-189.3249,3.0,37.3391,0.1287318
-17.36859,-167.8868,3.0,41.66545,-1.7669970000000002
-0.6787526999999999,-153.1667,3.0,22.88029,-0.36987359999999997
10.09632,-142.7193,3.0,17.87503,-0.36391100000000004
11.26972,-131.4982,3.0,13.68635,0.01302471
4.4911970000000005,-120.0422,3.0,21.92522,0.5434906999999999
-4.994462,-103.8503,3.0,29.06788,0.5225289000000001
-10.240269999999999,-80.35864000000001,3.0,35.718090000000004,0.230489
-8.845986,-51.60678,3.0,42.10958,0.47116210000000003
-4.11439,-18.64293,3.0,44.535940000000004,-0.6341260999999999
-3.906762,8.045589,3.0,21.26021,-2.110888
-4.833394,14.908120000000002,3.0,3.413122,0.07800818
-6.082468,21.196189999999998,3.0,13.1107,0.3221139
-10.73884,32.973240000000004,3.0,21.07208,0.5274036999999999
-25.5533,43.05444,3.0,28.10956,0.4895085
-48.425509999999996,44.62077,3.0,34.61795,0.48941480000000004
-76.61048000000001,44.17905,3.0,41.38889,0.47091120000000003
-109.5155,41.841359999999995,3.0,46.53648,-0.376017
-140.7088,36.16772,3.0,39.0513,-0.3320425
-148.6609,14.3753,3.0,32.66067,0.17241879999999998
-144.6063,-10.44355,3.0,37.40175,0.4647768
-144.2088,-40.345240000000004,4.0,40.605059999999995,-0.5701753
-156.1764,-54.221180000000004,4.0,18.12181,-0.30215290000000006
-168.0659,-59.61731999999999,4.0,19.178079999999998,0.3085114
-158.971,-71.41026,4.0,24.70526,0.2138312
-138.5069,-73.14143,4.0,31.050009999999997,0.2107509
-117.0568,-85.66714,4.0,36.745670000000004,0.1913334
-109.251,-111.7779,4.0,37.58356,-0.15141300000000002
-126.6375,-132.134,4.0,36.05169,-0.24529410000000001
-145.1811,-121.6496,4.0,29.55146,-0.18392329999999998
-147.856,-100.7996,4.0,23.41864,-2.437378
-160.247,-101.3551,4.0,20.61403,0.2382105
-167.465,-117.1643,4.0,27.48793,0.5404897
-170.4418,-140.0194,4.0,34.64046,0.223552
-168.4701,-168.0557,4.0,41.2685,0.24257960000000003
-165.5714,-200.892,4.0,47.68642,0.4592215
-163.0864,-236.8426,4.0,43.30445,-1.655993
-154.7274,-253.9385,4.0,19.26737,-0.16790439999999998
-139.9518,-258.21299999999997,4.0,24.40491,0.25528690000000004
-128.5231,-244.5732,4.0,28.61999,0.6136788000000001
-125.6437,-221.1423,4.0,35.00377,0.4541963
-128.2341,-193.3548,4.0,39.98462,0.1307135
-109.8457,-176.7599,4.0,31.63093,-0.8379085999999999
-100.0821,-190.3149,4.0,22.436770000000003,-0.38351779999999996
-114.2331,-198.4043,4.0,22.86032,-0.6102468000000001
-114.5551,-201.5551,4.0,0.009975599,-0.009374162
-114.4953,-201.5676,4.0,1.093825,0.5583560000000001
-111.5802,-201.4,4.0,6.3739360000000005,0.2354133
-109.6823,-198.2772,4.0,1.432135,-0.2848001
-109.5044,-200.0543,4.0,6.075517,0.2543535
-108.1377,-207.0253,4.0,13.03443,0.5026554
-105.9247,-218.9549,4.0,19.53226,0.2322257
-105.4718,-235.6396,4.0,25.5546,0.4192152
-103.7045,-256.3119,4.0,30.55981,0.3039156
-86.54961999999999,-271.5545,4.0,33.276740000000004,0.07077865
-61.55152,-266.8463,4.0,36.86851,0.21569210000000003
-49.23138,-243.7432,4.0,37.79332,0.1732253
-47.08195,-214.1943,4.0,42.17487,0.3047497
-33.87014,-184.3002,4.0,45.835159999999995,0.06048436
-8.733715,-161.1899,4.0,42.64912,-1.099061
6.900766,-146.6321,4.0,20.92292,-0.23814210000000002
12.78452,-135.19799999999998,4.0,17.37736,1.068924
4.718441,-120.5782,4.0,26.16765,0.40425079999999997
-5.982435,-102.4165,4.0,31.2983,0.1877491
-10.45214,-77.67899,4.0,36.46497,0.36852840000000003
-8.492185000000001,-49.002359999999996,4.0,41.25868,0.164454
-2.761014,-17.1431,4.0,45.96383,0.14892370000000002
-4.521725,17.8243,4.0,47.96247,-0.2723103
-16.427429999999998,37.99559,4.0,29.05091,0.1639351
-38.548390000000005,43.913999999999994,4.0,33.644870000000004,0.1757995
-65.38646999999999,43.23125,4.0,38.81749,0.3624447
-95.991,42.537859999999995,4.0,43.66565,0.3346765
-126.7541,39.24131,4.0,35.27848,-1.4755260000000001
-141.1388,34.98523,4.0,16.2113,0.4160496
-147.6128,22.75401,4.0,21.99002,0.4118568
-146.6519,4.42941,4.0,27.70171,0.4002607
-142.1164,-17.718320000000002,4.0,33.21713,0.37515709999999997
-144.8816,-42.00985,5.0,29.68846,-0.7969965
-160.6816,-54.07451999999999,5.0,28.9369,0.34546170000000004
-167.3703,-67.55011999999999,5.0,18.42784,0.16242779999999998
-155.2672,-69.9016,5.0,18.0455,0.9680169
-138.9373,-73.26701,5.0,25.5995,0.22005239999999998
-119.542,-81.11062,5.0,30.902309999999996,0.1531804
-107.7209,-101.2162,5.0,33.962709999999994,0.18271400000000002
-114.8138,-124.8252,5.0,32.154340000000005,-0.38344959999999995
-133.5994,-132.6944,5.0,24.65644,-0.7345208000000001
-142.9823,-119.2217,5.0,25.784029999999998,0.39237690000000003
-153.9841,-102.1966,5.0,28.139909999999997,-0.418641
-165.7042,-105.7415,5.0,16.10906,0.45678199999999997
-165.2487,-118.6908,5.0,21.507279999999998,0.5755392
-167.7157,-137.9081,5.0,33.84132,0.6835628
-167.9871,-169.2173,5.0,46.72769,0.23044360000000003
-164.2222,-205.683,5.0,49.9781,-0.7964967
-163.91,-231.3524,5.0,21.81779,-0.452046
-162.1272,-245.3339,5.0,16.31513,-0.2034602
-155.6792,-254.782,5.0,18.796670000000002,0.4698786
-139.6664,-259.5432,5.0,27.416659999999997,0.5514751
-126.7308,-241.0619,5.0,37.14788,0.6343181
-127.1542,-211.3976,5.0,38.99407,-0.9887707
-127.9704,-191.8708,5.0,19.20629,-0.5253403
-120.1542,-182.7687,5.0,18.382620000000003,0.7173205
-105.2733,-187.2805,5.0,24.474529999999998,0.10164880000000001
-102.68299999999999,-207.3823,5.0,32.70023,0.33744
-104.8918,-233.6749,5.0,37.245779999999996,-0.125867
-103.8167,-258.6728,5.0,29.86942,-0.3531623
-86.95943,-271.47900000000004,5.0,31.88353,0.2652442
-62.636269999999996,-267.6769,5.0,35.554990000000004,0.12542830000000002
-49.89138,-245.0912,5.0,37.87518,0.34366420000000003
-45.99719,-215.2984,5.0,42.74239,0.1653349
-35.4419,-184.1073,5.0,46.304429999999996,0.1691085
-10.77639,-161.11700000000002,5.0,34.19613,-3.745631
0.2075871,-154.0356,5.0,12.194939999999999,-0.17900510000000003
6.122589,-149.5692,5.0,7.9626529999999995,-0.2716115
10.14584,-145.4634,5.0,10.08104,0.2402591
13.22156,-136.2794,5.0,16.475070000000002,0.4257293
7.578185,-123.2413,5.0,22.38845,0.44221450000000007
-3.020045,-107.8439,5.0,28.10407,0.3839074
-9.498650999999999,-85.97270999999999,5.0,33.4475,0.3724797
-9.774396000000001,-59.45991,5.0,38.35637,0.3391176
-4.187536,-29.72365,5.0,43.212790000000005,0.350198
-1.4438870000000001,3.042682,5.0,40.69076,-0.7509924
-5.869873999999999,23.03346,5.0,10.564860000000001,-0.2402612
-9.739947,31.12091,5.0,16.15297,0.2388817
-19.97071,40.66476,5.0,22.1111,0.42914529999999995
-37.69129,45.16471,5.0,27.694770000000002,0.40504650000000003
-60.27106,45.07914,5.0,33.23447,0.18389370000000002
-86.86740999999999,44.01461,5.0,38.47302,0.17100829999999997
-116.5521,41.335840000000005,5.0,37.53139,-0.8404788000000001
-136.8375,38.10989,5.0,19.792360000000002,0.575443
-146.6111,25.061220000000002,5.0,25.272389999999998,0.19863820000000001
-146.873,4.56147,5.0,30.468220000000002,0.18972999999999998
-142.086,-19.52616,5.0,35.72206,0.167024
-144.2227,-40.51863,6.0,15.086960000000001,-2.042654
-149.3713,-49.83364,6.0,19.30934,0.2978234
-161.1642,-55.94041,6.0,15.32784,-0.4151184
-166.2146,-63.74791,6.0,15.19706,0.374961
-155.6948,-72.84746,6.0,24.48411,0.9427701999999999
-132.626,-73.59191,6.0,37.07608,0.27972179999999996
-110.2176,-92.30171,6.0,39.49978,-0.7035807
-114.9973,-114.1081,6.0,17.325879999999998,-2.082689
-118.1553,-122.7271,6.0,14.645629999999999,1.149716
-125.844,-133.2157,6.0,16.992929999999998,0.08910255
-139.5956,-130.7486,6.0,22.67267,0.3345882
-145.35,-113.3666,6.0,27.14854,-0.3182759
-150.2624,-104.2596,6.0,7.292953,0.1861195
-157.1114,-100.7266,6.0,14.833210000000001,0.2966733
-166.0804,-106.5703,6.0,17.09463,0.5309524999999999
-167.628,-123.5699,6.0,29.91828,0.9701329
-168.8269,-150.6356,6.0,42.487829999999995,0.8094574999999999
-167.1809,-186.0285,6.0,52.89252,0.3225467
-163.6462,-225.072,6.0,48.480270000000004,-0.4172791
-158.8728,-254.1214,6.0,31.399540000000002,-1.420439
-141.3648,-257.4828,6.0,21.07216,-0.47980509999999993
-129.2346,-248.7908,6.0,24.03968,0.34323390000000004
-124.941,-229.5946,6.0,29.365579999999998,0.1929307
-127.7927,-206.0398,6.0,34.68613,0.37485840000000004
-125.7851,-184.6985,6.0,16.565479999999997,-0.6022854999999999
-112.7393,-183.4089,6.0,21.53257,0.1648317
-103.4056,-197.4682,6.0,26.13973,0.3937744
-103.355,-218.8255,6.0,31.58015,0.1999793
-105.8605,-244.0675,6.0,36.81657,0.34155009999999997
-96.53104,-269.5159,6.0,37.08126,-0.2093333
-72.85325999999999,-270.3299,6.0,28.767459999999996,-0.5585600000000001
-55.57931,-263.93,6.0,21.9229,0.1527811
-48.353359999999995,-246.6251,6.0,29.590529999999998,0.4082948
-44.8555,-222.8748,6.0,35.03663,0.3839842
-41.233909999999995,-195.3084,6.0,39.9129,0.2971007
-23.17912,-171.9236,6.0,42.40095,0.16604570000000002
-2.7183919999999997,-156.7047,6.0,19.93575,-2.119607
5.37937,-150.4791,6.0,12.08394,-0.0009176839
11.44143,-143.1415,6.0,14.84989,0.49699129999999997
11.27882,-129.4719,6.0,23.23178,0.2877996
-2.111797,-112.5693,6.0,36.08712,0.9466609
-9.390985,-81.90066999999999,6.0,49.473259999999996,0.4152857
-7.003551,-40.90565,6.0,60.13779,0.100378
-1.523536,2.9154400000000003,6.0,52.74511,-4.056719999999999
-7.522416000000001,25.89676,6.0,20.96961,-0.45677799999999996
-17.1535,39.32765,6.0,26.254459999999998,0.6448826
-39.86882,45.24041,6.0,38.4711,0.5452515
-74.03504000000001,44.285470000000004,6.0,53.330090000000006,0.482885
-114.4227,41.667320000000004,6.0,38.74658,-2.239347
-129.0238,38.9847,6.0,12.833260000000001,-0.3372893
-140.6245,35.51379,6.0,22.741999999999997,0.4689027
-147.6668,19.56606,6.0,26.88625,0.211702
-145.2805,-2.246868,6.0,32.42297,0.4231322
-141.1595,-27.81682,6.0,36.971740000000004,0.08244518
-142.2342,-38.10654,7.0,10.99346,0.5025675999999999
-146.4397,-47.65619,7.0,17.31746,0.20713130000000002
-159.6377,-54.3435,7.0,22.99295,0.28875059999999997
-168.3095,-66.9078,7.0,18.0326,-0.5435858
-161.5933,-76.10325999999999,7.0,16.60344,0.11850050000000001
-148.3345,-75.26822,7.0,20.079629999999998,0.01934651
-133.3313,-73.40802,7.0,21.895960000000002,0.12034360000000001
-117.1829,-81.42201999999999,7.0,28.96058,0.375893
-108.0282,-101.8326,7.0,32.83259,0.2861964
-117.751,-124.5167,7.0,35.78988,0.21319899999999997
-142.0206,-130.2798,7.0,30.010679999999997,-1.622028
-145.8802,-119.21,7.0,11.39173,-0.3992386
-143.1875,-111.0106,7.0,17.3872,0.40699409999999997
-151.4365,-102.0547,7.0,16.66479,0.10835360000000001
-164.1235,-106.1913,7.0,21.0787,-0.4570363
-166.0815,-120.7203,7.0,21.241310000000002,0.5036839
-167.1962,-139.6082,7.0,31.528170000000003,1.071874
-169.6348,-168.0976,7.0,45.23442,0.4303067
-170.0567,-205.9925,7.0,55.57674,-0.8755579
-165.979,-241.5391,7.0,36.64235,-2.471254
-149.8047,-254.3266,7.0,24.533929999999998,-0.5475876000000001
-133.5721,-251.7398,7.0,22.73169,0.04826597
-125.7098,-236.3389,7.0,29.58359,0.5905271
-126.0947,-212.3118,7.0,35.10268,0.3876905
-124.46799999999999,-185.5201,7.0,29.858859999999996,-1.439357
-114.15899999999999,-180.72799999999998,7.0,15.1096,0.8110395
-109.4778,-193.7382,7.0,22.401770000000003,0.2117632
-108.8182,-212.5533,7.0,28.31506,0.20576109999999997
-108.4849,-235.627,7.0,33.86092,0.3735252
-100.51100000000001,-260.5122,7.0,37.55503,0.1823138
-75.72453,-272.9565,7.0,39.38845,0.02616312
-52.6259,-257.8384,7.0,39.40112,0.01715521
-49.03226,-228.0,7.0,42.99534,0.3503465
-39.04947,-197.136,7.0,45.6161,0.2358797
-14.98214,-170.9564,7.0,50.08838,0.3081317
6.717911,-141.9332,7.0,39.05792,-1.173059
6.494777,-122.2164,7.0,24.97691,0.8810964
-4.955348000000001,-103.795,7.0,33.38256,0.7309024000000001
-3.7054099999999996,-73.48383000000001,7.0,50.05058,1.263571
-0.518482,-30.51632,7.0,65.86779,0.5178028
-2.82164,17.61991,7.0,57.82329,-0.9581924
-17.469179999999998,41.72152,7.0,28.814320000000002,-0.4792134
-42.27171,40.682970000000005,7.0,39.09533,0.3577397
-73.10455999999999,40.40341,7.0,43.980270000000004,0.35574390000000006
-107.4045,41.15122,7.0,48.54838,0.32958119999999996
-141.1449,36.197140000000005,7.0,34.61123,-3.094452
-146.5607,16.68522,7.0,30.20027,0.42499209999999993
-145.1445,-7.697272,7.0,35.56066,0.37081970000000003
-146.25799999999998,-35.884190000000004,8.0,40.54222,0.27443959999999995
-161.9255,-57.26355,8.0,31.525740000000003,-2.563094
-167.4271,-71.65061,8.0,23.84168,0.3794532
-150.2705,-78.71063000000001,8.0,28.974040000000002,0.3797208
-127.4249,-79.1776,8.0,32.738820000000004,0.1579375
-111.7894,-98.31574,8.0,35.78263,0.10617470000000001
-117.4577,-123.7766,8.0,37.270559999999996,0.09097876
-141.4695,-130.9899,8.0,26.75175,-3.0019150000000003
-146.214,-127.15899999999999,8.0,3.3164089999999997,0.3825132
-142.4372,-122.9014,8.0,11.34861,0.4673085999999999
-143.5505,-112.5525,8.0,17.58737,0.4296728
-154.6179,-102.7739,8.0,22.87201,0.2251681
-167.4959,-111.1238,8.0,24.44659,0.1358755
-166.5486,-131.0833,8.0,29.799120000000002,0.3888697
-169.8882,-154.875,8.0,35.046620000000004,0.1841017
-170.3896,-182.6566,8.0,39.8952,0.33326279999999997
-168.9556,-213.9405,8.0,44.68016,0.16594460000000003
-163.6723,-247.1747,8.0,42.79337,-1.193546
-140.4457,-255.3873,8.0,29.87967,-0.4141867
-127.7134,-239.0446,8.0,31.201690000000003,0.2754638
-127.3865,-214.2272,8.0,36.205040000000004,0.39791679999999996
-124.5106,-186.5799,8.0,35.19415,-0.738795
-112.25299999999999,-180.5941,8.0,14.99608,0.7477564
-107.2579,-192.9453,8.0,21.59261,0.4242083
-106.6188,-211.1498,8.0,27.565109999999997,0.41221549999999996
-105.852,-233.7172,8.0,33.15113,0.3951817
-100.2719,-259.0424,8.0,37.18865,0.14217929999999998
-76.94959,-272.9355,8.0,38.5536,-0.03165432
-52.925940000000004,-259.2384,8.0,39.51205,0.001918304
-46.86728,-230.0484,8.0,42.8161,0.3351867
-40.40502,-197.9062,8.0,45.42228,-0.0952054
-16.42724,-172.9899,8.0,48.87659,0.3019677
5.799036,-143.7113,8.0,46.004059999999996,-0.822459
4.151579,-117.4771,8.0,34.19426,0.8609815000000001
-6.805642,-92.40736,8.0,39.199529999999996,0.24354099999999998
-2.0896310000000002,-62.04354,8.0,43.84175,0.3470623
-1.372441,-27.83271,8.0,48.36289,0.3280908
-2.180511,9.587107000000001,8.0,52.646809999999995,0.28742399999999996
-14.47274,39.99692,8.0,33.56836,-1.956864
-26.335340000000002,41.40439,8.0,4.406732,-0.08842807
-29.02236,37.13038,8.0,10.74651,0.4650183
-37.5838,41.737829999999995,8.0,17.09688,0.46172299999999994
-47.46085,48.5757,8.0,6.017412,-2.380484
-48.02001,48.586870000000005,8.0,0.03465009,0.01962775
-48.38088,47.22115,8.0,4.216815,-0.04994837
-47.55135,43.69543,8.0,4.725937999999999,-0.402046
-48.17351,44.08211,8.0,5.986632,0.6749706999999999
-55.441669999999995,46.431740000000005,8.0,14.84794,0.3167533
-69.50166,44.91478,8.0,23.25055,0.5838228
-89.58108,42.346790000000006,8.0,31.137059999999998,0.263644
-115.3023,43.85751,8.0,38.38247,0.24250259999999998
-141.2444,34.64756,8.0,38.54388,-0.1343461
-144.1062,5.2561860000000005,8.0,44.486779999999996,0.6475604
-147.0488,-29.620240000000003,8.0,46.212590000000006,-0.6498111999999999
-142.1307,-35.168820000000004,9.0,2.467505,-0.05767783
-143.8184,-41.181740000000005,9.0,13.85436,0.6194118000000001
-149.2492,-49.46137,9.0,12.07005,-0.2033129
-157.7622,-53.239309999999996,9.0,14.21299,-0.1073039
-165.72799999999998,-57.74306,9.0,11.08901,-0.2030217
-166.0457,-66.0379,9.0,16.24894,0.9683354
-154.4225,-73.62347,9.0,18.68111,-0.1721983
-141.9324,-72.78341999999999,9.0,15.16644,-0.21778960000000003
-127.9425,-75.47874,9.0,25.079629999999998,0.04353462
-112.9649,-86.84510999999999,9.0,26.1153,0.05441928
-107.1646,-104.802,9.0,24.117729999999998,-0.19771770000000002
-109.1063,-116.1435,9.0,11.656939999999999,-0.09297609
-113.2028,-125.389,9.0,20.26953,0.5320494
-125.1318,-134.5754,9.0,18.923460000000002,-0.34726690000000004
-137.2908,-132.9177,9.0,15.52416,0.02825021
-145.1706,-121.376,9.0,24.262710000000002,0.5884633
-151.7186,-103.2637,9.0,20.479870000000002,-0.7866258
-161.6898,-100.2205,9.0,12.751660000000001,-0.30273690000000003
-166.7841,-110.5494,9.0,22.83297,1.092116
-168.5867,-132.7608,9.0,36.9556,0.9240588
-168.9116,-163.8731,9.0,45.09148,0.31656799999999996
-165.5629,-198.391,9.0,47.241640000000004,-0.3209666
-163.0432,-230.0293,9.0,37.67962,-0.46120379999999994
-158.8432,-251.0847,9.0,24.73325,-0.4753354
-145.6136,-260.1472,9.0,19.48624,-0.4093199
-133.1248,-255.0871,9.0,23.03857,0.9388605
-125.0739,-234.25900000000001,9.0,35.90623,0.4859388
-127.6522,-207.7078,9.0,30.8182,-1.234591
-128.4863,-192.0909,9.0,15.09092,-0.2230572
-124.0586,-183.1313,9.0,14.84399,0.32425790000000004
-111.0913,-183.016,9.0,18.23829,-0.3007357
-103.45200000000001,-191.6702,9.0,15.46525,0.7277147
-102.7042,-208.4607,9.0,30.109679999999997,0.9704431999999998
-105.4493,-234.0358,9.0,38.006029999999996,0.03630455
-102.7767,-260.5345,9.0,34.78115,-0.1310689
-83.06827,-273.1042,9.0,32.82289,0.06192461
-60.40713,-266.5488,9.0,31.886190000000003,-0.12469000000000001
-49.34297,-245.2291,9.0,34.80454,0.30489040000000006
-45.15524,-218.8025,9.0,36.88884,-0.01890648
-39.99057,-193.002,9.0,33.66088,-0.3964304
-27.52021,-174.0821,9.0,27.73297,-0.397281
-12.6293,-162.8879,9.0,22.79295,-0.3114568
0.44739709999999994,-154.2794,9.0,19.29298,-0.284288
10.51642,-144.9588,9.0,20.542579999999997,0.5610904000000001
10.51516,-128.3667,9.0,26.22018,0.4756903
-2.5225880000000003,-111.9651,9.0,29.591240000000003,0.03617593
-9.639011,-91.16426,9.0,30.138920000000002,0.022093900000000003
-11.08715,-68.09995,9.0,33.250690000000006,0.3140038
-7.61211,-42.66272,9.0,35.48265,0.092266
-3.003515,-16.36205,9.0,36.54647,0.06093993
-2.7270950000000003,9.041537,9.0,29.03967,-0.5061498999999999
-6.966135,26.361209999999996,9.0,20.11055,-0.1582387
-16.372139999999998,38.79359,9.0,25.822860000000002,0.5161876
-36.86593,45.28862,9.0,32.697559999999996,0.235644
-63.699130000000004,43.88064,9.0,39.88885,0.5107391
-95.93356,43.76723,9.0,46.71775,0.47841720000000004
-130.13299999999998,39.96555,9.0,40.56847,-0.3220122
-147.3878,23.471120000000003,9.0,34.34445,0.02099667
-141.9766,-3.408189,9.0,40.351440000000004,0.44527479999999997
-143.3312,-31.921290000000003,9.0,26.12585,-2.8517669999999997
-147.2521,-44.89826,10.0,18.96958,0.6851816999999999
-157.5949,-54.25035,10.0,17.465970000000002,-0.2545533
-166.7324,-60.74129,10.0,13.35604,-0.3409324
-163.0779,-70.8821,10.0,18.73285,0.19582220000000003
-150.1735,-72.76753000000001,10.0,18.53545,0.1287362
-136.9432,-73.18918000000001,10.0,17.505,0.8092316999999999
-120.4617,-79.51846,10.0,28.17403,0.5003880999999999
-107.6974,-98.15629,10.0,34.11052,0.3703458
-112.0147,-123.3108,10.0,30.80309,-1.252363
-126.4018,-133.3198,10.0,21.16602,-0.3706862
-139.6153,-130.7929,10.0,17.04614,0.6346056
-145.8181,-116.6613,10.0,25.09437,0.138329
-150.4983,-104.439,10.0,4.245483,-0.0771794
-155.0103,-101.1224,10.0,12.0668,0.5449352
-165.0186,-104.2483,10.0,18.41801,0.200537
-167.9163,-119.9564,10.0,25.31167,0.5182863
-168.8634,-141.2625,10.0,32.55892,0.5183889
-168.3517,-167.1551,10.0,37.02095,0.2136777
-166.565,-195.7199,10.0,39.90963,0.1220298
-164.2696,-223.1469,10.0,33.33168,-0.5450305999999999
-162.2487,-245.1078,10.0,26.30965,-0.5323241
-151.5644,-257.7932,10.0,20.87912,0.5260161999999999
-135.2622,-257.0857,10.0,23.76605,-0.0296572
-126.3661,-240.8694,10.0,27.118959999999998,0.25870970000000004
-125.5281,-219.8458,10.0,30.145229999999998,0.23151820000000004
-127.7468,-199.4459,10.0,20.15379,-1.6946009999999998
-127.3588,-187.4133,10.0,13.957720000000002,-0.3508706
-120.2009,-181.9862,10.0,14.64901,0.25969539999999997
-107.9041,-184.673,10.0,18.18319,-0.07645041
-102.99,-196.8616,10.0,19.55537,0.1920644
-103.8336,-212.3047,10.0,21.75998,0.0047242759999999995
-105.0148,-228.5734,10.0,23.96459,0.5396253000000001
-106.0248,-248.7844,10.0,29.85146,0.06718565
-97.68531999999999,-268.278,10.0,29.696140000000003,0.5948671999999999
-73.50166,-271.6905,10.0,37.29108,0.2956938
-51.804359999999996,-255.9347,10.0,37.83923,0.10899690000000001
-46.94781,-225.9587,10.0,43.29298,0.2012545
-40.65953,-195.671,10.0,37.68373,-0.3362538
-27.668129999999998,-174.794,10.0,29.6161,-0.5180067
-12.1228,-162.9446,10.0,22.24849,-1.7989549999999999
-3.1506979999999998,-156.7021,10.0,15.341239999999999,0.5012085000000001
8.132813,-147.9878,10.0,19.32874,-0.12355029999999999
13.10759,-133.4122,10.0,26.30385,0.3213829
0.168442,-116.8245,10.0,31.65894,0.19158050000000001
-9.173985,-93.65817,10.0,34.57265,-0.5603437
-10.16545,-69.84935,10.0,33.329409999999996,0.48700140000000003
-7.500814,-42.91488,10.0,39.708529999999996,0.4471036
-2.636634,-11.618839999999999,10.0,45.60605,0.4191468
-5.047296,23.18068,10.0,46.50204,-0.3786593
-27.9176,43.43586,10.0,43.57594,0.17271720000000002
-61.80248,44.18105,10.0,48.47762,0.1766438
-99.63126,42.98575,10.0,53.737880000000004,0.3838709
-134.5018,38.18333,10.0,39.14792,0.1723313
-148.7178,16.738789999999998,10.0,36.71434,0.08941101
-141.4366,-11.33277,10.0,41.699909999999996,0.3302695
-145.9146,-38.72484,11.0,33.47617,0.2247596
-162.648,-58.52985,11.0,37.85295,0.14605320000000002
-168.3248,-77.9325,11.0,21.24896,-1.127369
-155.7901,-76.14329000000001,11.0,22.28435,0.257844
-139.8202,-70.10954,11.0,26.90312,0.4335117
-120.8583,-81.7114,11.0,32.442890000000006,-0.2488051
-109.0804,-101.1426,11.0,33.377829999999996,0.16323020000000002
-115.8761,-124.6655,11.0,29.472440000000002,-0.2959811
-133.7493,-132.662,11.0,29.459120000000002,0.3591063
-144.7942,-114.7579,11.0,32.89314,0.3650036
-149.1861,-102.2483,11.0,11.34747,0.6233279
-161.9239,-102.6887,11.0,22.99972,0.1334175
-166.5304,-119.88799999999999,11.0,28.076359999999998,0.5242642
-166.9753,-143.0663,11.0,34.59839,0.2347462
-167.9108,-170.9189,11.0,40.65498,0.21835059999999998
-164.7943,-203.1336,11.0,46.58033,0.3833486
-162.2361,-237.6603,11.0,42.03583,-1.290746
-150.62,-258.13599999999997,11.0,28.63127,0.15476199999999998
-130.8724,-253.9312,11.0,29.68972,0.136654
-125.3201,-230.6675,11.0,35.40419,0.21383739999999998
-127.7595,-202.7654,11.0,36.06452,-0.430417
-120.9716,-180.8621,11.0,26.7185,-0.03573523
-107.0778,-187.9581,11.0,24.43727,0.1789685
-106.7447,-208.4049,11.0,30.84239,0.22959870000000002
-106.6412,-233.3836,11.0,37.019890000000004,0.45698249999999996
-102.2821,-261.7936,11.0,41.236999999999995,0.07034651
-76.57085,-272.0798,11.0,40.43336,0.31574070000000004
-51.62758,-256.7,11.0,41.04659,0.03566667
-45.19571,-225.1296,11.0,46.26032,0.418804
-37.74102,-189.8562,11.0,50.91322,0.18557839999999998
-13.11025,-164.303,11.0,40.91812,-0.781223
7.002008,-149.0999,11.0,29.84047,-0.5589626999999999
11.53379,-131.4074,11.0,22.62845,0.6043042
0.703388,-115.3999,11.0,29.614759999999997,0.472762
-8.247512,-93.30190999999999,11.0,35.48697,0.24183049999999998
-10.18522,-64.89233,11.0,41.46245,0.4284385
-5.107925,-32.38173,11.0,47.21824,0.19789229999999997
-2.010638,4.295591,11.0,52.23386,0.3012747
-15.24146,38.82547,11.0,47.66565,-0.3715976
-48.30583,44.31698,11.0,48.03266,0.2038473
-85.81525,41.85311,11.0,53.4657,0.41256809999999994
-125.6998,39.83873,11.0,48.35817,-1.5428709999999999
-149.5151,21.60526,11.0,40.64687,-0.2450844
-143.4978,-8.219195,11.0,43.613479999999996,0.170131
-144.9397,-40.18951,12.0,38.19339,-1.370908
-161.4626,-53.74166999999999,12.0,28.75615,0.1701725
-166.3727,-69.39088000000001,12.0,23.78406,0.03364829
-148.4216,-71.21446,12.0,28.28391,0.44893890000000003
-126.0146,-75.8817,12.0,34.15081,0.19674779999999997
-108.1437,-95.32799999999999,12.0,38.39437,0.11447730000000002
-111.9765,-120.2729,12.0,28.971429999999998,-0.8389074000000001
-128.0818,-132.0624,12.0,24.86983,-0.521806
-143.5042,-128.2608,12.0,24.01345,0.2363203
-147.5578,-109.1298,12.0,29.397990000000004,-0.1159626
-160.8646,-100.8018,12.0,19.45327,-0.01245626
-167.703,-114.3324,12.0,27.38049,0.9533575999999999
-167.5978,-139.4439,12.0,37.62085,0.4538531
-168.0054,-169.3286,12.0,43.34956,0.4344948
-165.7377,-203.6474,12.0,49.06384,0.1904345
-163.2141,-240.417,12.0,44.54329,-1.2015200000000001
-145.3238,-258.5937,12.0,29.06809,-0.49492020000000003
-130.3734,-245.0533,12.0,30.78497,0.2848374
-125.6824,-220.5371,12.0,36.74792,0.3706063
-128.562,-194.018,12.0,33.175979999999996,0.002217082
-114.6221,-179.8158,12.0,27.61433,-0.47491350000000004
-107.6246,-194.4599,12.0,26.092589999999998,0.2332556
-110.4008,-215.7986,12.0,32.49825,0.4786178
-108.06200000000001,-242.2221,12.0,38.87638,0.4359947
-95.51601,-268.6372,12.0,40.21569,-0.3683947
-66.57771,-268.8879,12.0,42.21813,0.47609750000000006
-45.53632,-249.2909,12.0,36.86636,-0.642332
-53.723009999999995,-226.7208,12.0,28.22164,-1.305334
-52.99536,-217.2489,12.0,5.561212,0.00969867
-53.34562,-214.9118,12.0,1.089736,0.7225116
-51.0332,-218.1071,12.0,9.536514,0.5656661000000001
-43.305440000000004,-214.9849,12.0,15.76436,0.19373529999999997
-41.772290000000005,-204.7689,12.0,12.67383,0.46778050000000004
-40.0704,-191.4228,12.0,22.45065,0.2506178
-30.311690000000002,-175.167,12.0,29.07145,0.4756965
-10.859810000000001,-161.4593,12.0,35.44128,0.2340091
9.638619,-143.765,12.0,36.27715,-1.591731
7.779514999999999,-122.6661,12.0,30.33653,0.8792189
-6.833769,-98.42300999999999,12.0,46.37585,1.009314
-9.838678,-60.802040000000005,12.0,54.11596,0.33815429999999996
-3.122418,-19.49151,12.0,58.95799,0.3434488
-5.048292,20.78978,12.0,39.26102,-3.81529
-19.455479999999998,41.01859,12.0,36.33791,0.20687719999999998
-46.79602,45.002759999999995,12.0,40.4931,0.44062650000000003
-78.89384,44.53859,12.0,46.26696,0.41554359999999996
-115.0004,41.2838,12.0,50.48624,-0.2579035
-148.4058,31.365029999999997,12.0,45.092659999999995,-0.6780505
-152.7572,13.556289999999999,12.0,9.525878,-1.7804790000000001
-152.2964,12.76137,12.0,6.002307,0.6607555
-147.0873,8.222669,12.0,13.866179999999998,0.5508874
-146.105,-4.867228,12.0,21.38936,0.5167811999999999
-142.6962,-23.04693,12.0,28.4688,0.4886518
-142.1326,-35.31863,13.0,7.388748,0.6130760000000001
-144.9481,-43.245059999999995,13.0,15.32988,0.5289824000000001
-155.5166,-52.155,13.0,22.506220000000003,0.45861
-167.2781,-64.5988,13.0,22.35482,-0.6726532
-160.0132,-75.48206,13.0,17.77596,0.1374447
-145.4223,-74.00274,13.0,21.04727,-0.18502079999999999
-131.0368,-72.75126999999999,13.0,22.19549,0.2527707
-114.7184,-81.62199,13.0,28.43011,0.20220320000000003
-106.6273,-102.7549,13.0,33.735890000000005,0.3080389
-117.8091,-125.8464,13.0,37.63451,0.1345284
-142.0448,-130.3485,13.0,25.847839999999998,-1.780318
-144.4765,-122.5434,13.0,6.150128,0.1845292
-138.208,-122.2402,13.0,0.4586919,1.2089299999999998
-141.4218,-123.2791,13.0,8.504042,0.24998620000000002
-145.4942,-128.1378,13.0,5.617945,-0.796562
-145.4483,-128.3393,13.0,4.576897,0.6637695
-142.6065,-122.2908,13.0,13.398420000000002,0.5934285
-140.4459,-110.0885,13.0,20.84176,0.46065100000000003
-152.2336,-97.97713,13.0,26.277890000000003,0.5246562
-166.0654,-106.4997,13.0,23.21642,1.018275
-167.6902,-127.6671,13.0,32.36325,0.24410810000000002
-167.5338,-154.3183,13.0,39.195009999999996,0.4464444
-167.9758,-185.722,13.0,45.59581,0.2150345
-168.0556,-221.7716,13.0,51.634170000000005,0.4317184
-155.8253,-253.8595,13.0,43.77129,-0.3611351
-130.1081,-251.9706,13.0,29.295270000000002,-1.076299
-128.4178,-228.7991,13.0,37.155640000000005,0.8056840999999999
-127.5845,-198.9506,13.0,39.54765,-0.6631148
-123.184,-183.6095,13.0,14.334979999999998,-0.09478915
-111.9081,-182.9065,13.0,20.39037,0.34880609999999995
-104.9272,-198.172,13.0,26.78432,0.5102144000000001
-106.8111,-220.4613,13.0,33.77193,0.24752470000000004
-105.6927,-247.4579,13.0,39.51024,0.3220436
-86.69524,-270.5856,13.0,42.6407,-0.006407548000000001
-57.51915,-264.878,13.0,42.5193,-0.008533701
-49.00732,-234.882,13.0,45.51808,0.4436935
-43.94514,-202.4161,13.0,41.686409999999995,0.36568720000000005
-24.540329999999997,-176.2273,13.0,47.16644,0.43605309999999997
0.9485456,-149.0621,13.0,52.2058,-0.43479359999999995
7.696805,-116.9763,13.0,40.19611,-1.668722
-8.498775,-99.14938000000001,13.0,27.921999999999997,-0.2824397
-6.588996000000001,-76.14943000000001,13.0,35.08212,0.2470563
-5.506928,-47.67297,13.0,41.74831,0.225228
-4.339119,-14.42769,13.0,48.020559999999996,0.4508828
-5.704477,22.80578,13.0,49.23141,-1.3304049999999998
-24.847720000000002,41.8232,13.0,29.512829999999997,-1.824921
-34.34267,34.28483,13.0,13.85971,0.40083270000000004
-35.11708,32.58812,13.0,0.07413744,-0.0007609592
-35.16365,32.59404,13.0,0.05694376,-0.01455107
-34.53542,34.522059999999996,13.0,6.724231,0.28889640000000005
-32.93931,41.7062,13.0,9.461981,-0.42176270000000005
-32.24342,44.78315,13.0,0.5773050999999999,0.7680045999999999
-34.24678,42.06416,13.0,8.701476,0.28815050000000003
-43.170190000000005,42.55288,13.0,16.212020000000003,0.5282084
-57.4501,45.341879999999996,13.0,23.083479999999998,0.4797714
-76.80755,43.15951,13.0,29.5673,0.24005370000000004
-100.9413,42.50325,13.0,35.59366,0.43136620000000003
-128.8645,39.87814,13.0,40.44562,0.131341
-147.3605,19.68011,13.0,38.343090000000004,0.1012264
-145.7676,-10.35624,13.0,43.44523,0.4068797
-146.4265,-43.55186,14.0,43.83521,-2.302444
-162.3342,-61.70874,14.0,26.14663,-1.15614
-154.7601,-75.17801999999999,14.0,25.988139999999998,0.3188946
-133.4383,-76.12201999999999,14.0,31.68505,0.2867275
-113.6146,-90.36676,14.0,35.783570000000005,0.2446036
-112.1114,-116.6365,14.0,38.15464,0.1319105
-134.2766,-132.0122,14.0,34.22783,-0.6867827
-146.2683,-121.7549,14.0,12.04042,-1.195122
-146.211,-119.5849,14.0,1.949761,-0.004941763
-147.0717,-118.5029,14.0,1.682307,0.05841014
-147.9374,-117.7453,14.0,2.2926580000000003,0.2452781
-150.607,-117.3485,14.0,3.702711,-0.24093240000000002
-149.5414,-116.7473,14.0,6.276665,0.6474158
-144.9261,-110.684,14.0,14.58596,0.5553796999999999
-149.4189,-98.9434,14.0,21.317120000000003,0.46830299999999997
-164.9298,-101.1968,14.0,25.346870000000003,0.28664759999999995
-167.0701,-121.1481,14.0,31.12472,0.4978459
-166.6171,-146.7061,14.0,37.9978,0.2495875
-166.7875,-177.3528,14.0,44.59813,0.2218011
-167.2197,-212.6989,14.0,50.79283,0.45299540000000005
-159.9167,-247.7635,14.0,40.8843,-1.2844719999999998
-142.5828,-253.9007,14.0,11.21895,-2.131773
-141.5391,-250.4033,14.0,3.191318,-0.2393213
-139.2045,-248.2351,14.0,7.6570089999999995,0.5622155
-131.0499,-250.2997,14.0,14.93656,-0.3468226
-122.2817,-250.3138,14.0,10.41977,-0.3298322
-121.9261,-241.6848,14.0,16.50637,0.700739
-125.49799999999999,-226.8479,14.0,24.53073,0.5305376
-127.3831,-206.0408,14.0,31.89544,0.2555321
-123.0705,-182.3254,14.0,31.41425,-0.2864649
-106.7018,-184.1208,14.0,23.70525,0.4180219
-106.5256,-207.8334,14.0,42.20346,1.54112
-105.3643,-245.7242,14.0,57.286530000000006,0.04607564
-81.05309,-271.8429,14.0,44.84367,0.2521619
-51.716359999999995,-260.0675,14.0,43.5206,-0.10486400000000001
-49.47266,-228.0041,14.0,46.54235,0.37419509999999995
-38.66206,-194.6423,14.0,50.39127,0.3661176
-11.78846,-166.1785,14.0,55.745169999999995,0.4064934
9.873526,-133.6897,14.0,42.57541,-2.623241
0.979964,-113.696,14.0,25.84154,-0.4689589
-5.844869999999999,-93.59554,14.0,32.5415,0.4929678
-4.201094,-67.03483,14.0,39.39562,0.497816
-2.451499,-35.419540000000005,14.0,45.899570000000004,0.4467562
-2.623079,0.8484335,14.0,51.95619,0.1945699
-12.0609,35.75529,14.0,44.66956,-0.2279891
-42.55814,41.5575,14.0,45.30206,0.44930070000000005
-78.45551,40.2569,14.0,51.33605,0.19674660000000002
-118.2431,41.52789,14.0,52.61662,-1.449948
-144.1238,29.648640000000004,14.0,27.63095,-2.337468
-144.4567,22.07327,14.0,2.917602,0.6613326999999999
-141.812,24.70964,14.0,4.989605,0.1998262
-141.9091,24.53417,14.0,5.627562999999999,0.2758659
-146.9504,21.386779999999998,14.0,9.310804,-0.1222327
-149.5164,22.02131,14.0,1.580742,0.6909593
-145.7669,19.353360000000002,14.0,10.78543,0.6324666999999999
-141.1531,9.465338000000001,14.0,19.13804,0.5799932
-141.156,-7.668688,14.0,27.137959999999996,0.2939998
-141.7672,-33.74096,1.0,4.368766,0.7463118000000001
-142.0139,-38.88668,1.0,10.8199,0.3401212
-145.8807,-49.24852,1.0,19.45884,0.5759203
-159.7892,-59.66216,1.0,27.159840000000003,0.301593
-157.4286,-76.23751,1.0,24.88847,-0.2920235
-141.8436,-68.8725,1.0,25.95391,-0.1990509
-135.8712,-68.27749,1.0,0.02762871,-0.0019399089999999999
-135.8526,-68.28038000000001,1.0,0.02566321,0.0001004932
-135.8342,-68.28288,1.0,0.02112299,-0.02112726
-135.9165,-68.60449,1.0,2.958894,0.5986800999999999
-135.8877,-71.81145,1.0,4.536981,-0.03679133
-135.7787,-74.87720999999999,1.0,3.7258190000000004,-0.06555665
-136.89,-76.51704000000001,1.0,0.6281743000000001,0.7216508
-133.3395,-75.02109,1.0,9.735581,0.6180485
-123.2351,-77.1116,1.0,18.01364,0.23761620000000003
-114.3062,-90.2439,1.0,25.5627,0.6018933000000001
-110.5382,-111.0911,1.0,32.087540000000004,0.1967776
-124.9713,-131.3282,1.0,36.60817,0.2399035
-145.5944,-126.8463,1.0,23.44741,-1.0993979999999999
-139.7956,-113.0934,1.0,24.6863,0.2620868
-138.4577,-108.7142,1.0,0.02874104,0.03597774
-138.4585,-108.7319,1.0,0.02479042,0.002568775
-138.9155,-108.5495,1.0,4.117977,0.3600419
-144.014,-108.9807,1.0,8.004315,-0.07384960000000002
-145.5499,-110.5427,1.0,2.9077669999999998,0.3372441
-144.407,-105.3122,1.0,11.60592,0.6144556
-151.1567,-96.63935,1.0,19.13251,0.3165936
-162.5329,-98.39629000000001,1.0,14.121039999999999,-0.2852357
-166.7424,-111.5117,1.0,26.402390000000004,0.46792159999999994
-170.4121,-135.0738,1.0,37.020720000000004,0.3001566
-162.9401,-162.8353,1.0,36.875679999999996,-0.7233286999999999
-167.1313,-186.9115,1.0,29.7416,-0.1349057
-167.1991,-213.9355,1.0,40.378040000000006,-0.3189964
-164.8971,-240.796,1.0,32.18974,-0.4793590999999999
-148.8875,-251.0765,1.0,26.61535,0.5813791
-127.5383,-245.3515,1.0,32.51644,-0.1321289
-125.0295,-228.9251,1.0,23.83342,0.5571090999999999
-129.037,-213.8769,1.0,22.9579,-0.005078797
-122.9835,-200.725,1.0,17.52959,-0.09012448
-124.4153,-188.3546,1.0,14.883029999999998,-0.20836620000000003
-113.8669,-184.7925,1.0,19.60191,-0.289417
-110.4318,-196.0211,1.0,14.49753,-0.09698153
-109.9956,-206.8526,1.0,17.355439999999998,0.5913622
-108.5409,-222.6028,1.0,25.251920000000002,0.5439218000000001
-105.90299999999999,-243.8703,1.0,32.55507,0.5009733000000001
-93.07771,-266.0741,1.0,37.66288,0.2508678
-65.88509,-268.8379,1.0,39.48475,-0.07097165
-51.98342,-244.6161,1.0,40.47558,0.4032953
-46.65258,-213.3105,1.0,45.73579,0.4030103
-26.43978,-183.9408,1.0,51.09344,0.2039187
-0.9985915000000001,-153.1078,1.0,56.72322,0.17867249999999998
11.79977,-116.1422,1.0,38.96569,-4.657536
10.140130000000001,-104.4199,1.0,1.395122,-0.08027085
9.750032000000001,-104.238,1.0,0.1173437,0.16392720000000002
11.70991,-105.5408,1.0,6.317634,0.3660299
17.075120000000002,-107.2592,1.0,6.423125,-0.7791091
18.12365,-107.0426,1.0,3.206083,0.6378911999999999
12.886510000000001,-108.9907,1.0,11.78616,0.5843049
2.680113,-111.3559,1.0,16.79526,0.2063344
0.6427879,-97.95749,1.0,22.941999999999997,0.5222487
-2.157175,-79.18007,1.0,29.51093,0.49090290000000003
-5.54116,-55.19053,1.0,36.15488,0.4985424
-6.350553,-26.01114,1.0,42.62082,0.2274821
-6.415615,7.857571000000001,1.0,48.717890000000004,0.44839759999999995
-12.9247,39.62385,1.0,33.88865,-2.293864
-24.0227,42.384890000000006,1.0,14.692720000000001,0.5833316999999999
-36.21642,37.74248,1.0,21.76088,0.5107267
-54.92321999999999,39.876020000000004,1.0,28.98075,0.536701
-78.98978000000001,39.54464,1.0,35.92879,0.5097686
-108.0273,40.16791,1.0,42.42622,0.21398989999999998
-138.2662,37.74483,1.0,33.82457,-1.588686
-142.9521,24.730539999999998,1.0,10.14458,-0.6135060999999999
-137.7513,24.27709,1.0,0.06850028,-0.2239533
-137.7518,24.22854,1.0,0.05403753,-0.0006460403
-138.1724,24.34745,1.0,3.410568,0.3140317
-143.2635,24.32798,1.0,9.71145,0.16351749999999998
-150.1152,25.09393,1.0,5.548712999999999,-0.38217009999999996
-150.6785,25.2118,1.0,3.655675,0.6231889
-147.3193,20.81666,1.0,11.643889999999999,0.2812605
-150.3548,10.32853,1.0,18.682679999999998,0.24180439999999997
-149.8932,-5.015738,1.0,24.61508,0.24343510000000002
-146.2788,-25.34723,1.0,31.12633,0.4484548
-151.9047,-48.09029,2.0,32.23843,-0.1759106
-167.067,-64.04836999999999,2.0,28.031270000000003,-0.8458285
-157.4003,-72.32222,2.0,10.97878,-0.6303776
-155.7191,-68.52689000000001,2.0,0.0871296,0.1521271
-155.6823,-68.5281,2.0,0.03441499,-0.02642767
-156.0497,-70.01076,2.0,4.955382,0.01021129
-156.5245,-73.7338,2.0,4.790596,-0.02100479
-156.7564,-74.82329,2.0,3.286031,0.3681197
-151.4644,-72.74296,2.0,12.46265,0.5981926
-141.2595,-79.03867,2.0,20.63616,0.5484292
-127.5373,-83.2466,2.0,17.63384,-0.08596159
-115.8596,-92.00918,2.0,27.085109999999997,0.3840918
-111.9712,-113.1831,2.0,30.981240000000003,0.04189284
-128.1653,-129.8463,2.0,32.66404,-0.09442702
-145.1668,-123.9876,2.0,20.56162,-0.1296009
-138.9564,-109.7435,2.0,21.82581,-1.30021
-148.4124,-101.5135,2.0,20.95554,0.3161866
-160.6936,-107.4448,2.0,16.94119,-0.29723099999999997
-161.8946,-119.7599,2.0,17.59052,0.29257990000000006
-165.1815,-134.8014,2.0,25.019170000000003,0.5698281
-165.2567,-156.2437,2.0,32.8272,0.5512986
-165.565,-183.3806,2.0,40.16811,0.5177090999999999
-165.9717,-215.7056,2.0,47.05005,0.4630116
-161.3877,-245.9366,2.0,24.72531,-1.29569
-145.7286,-252.0232,2.0,26.883290000000002,0.2744105
-126.3303,-245.2458,2.0,28.61154,-0.263288
-128.0319,-226.2446,2.0,29.84945,0.8119853
-126.2798,-201.2537,2.0,37.71955,0.8485476000000001
-122.1436,-184.5136,2.0,10.363669999999999,-0.09684935
-113.0514,-186.6879,2.0,16.9475,0.46335649999999995
-110.2386,-201.6084,2.0,24.755470000000003,0.29200170000000003
-108.2318,-222.7938,2.0,32.61515,0.5586485
-102.9961,-249.1484,2.0,39.70094,0.4231839
-82.7439,-270.381,2.0,40.96467,-0.3110602
-55.663880000000006,-259.8392,2.0,42.041309999999996,0.10079210000000001
-49.495129999999996,-229.9995,2.0,44.63138,0.1909958
-40.90567,-196.7833,2.0,48.9017,0.1345541
-14.97505,-168.5725,2.0,54.86061,0.43784229999999996
7.8931830000000005,-136.3435,2.0,39.28085,-1.8373680000000001
3.755702,-120.9536,2.0,20.195629999999998,0.5977237
-5.750826,-106.4271,2.0,27.43758,0.4850089
-6.67656,-83.39384,2.0,34.95152,0.540932
-6.780475999999999,-54.820040000000006,2.0,42.12608,0.24023939999999996
-7.074228999999999,-21.04124,2.0,48.91341,0.4773686
-7.381956,17.54008,2.0,55.15165,0.1264105
-19.30061,44.78411,2.0,25.94027,-2.448123
-25.89924,45.487629999999996,2.0,2.944266,0.36340890000000003
-27.3756,40.67601,2.0,11.636239999999999,0.6059446999999999
-38.17113,42.468270000000004,2.0,19.71882,0.2958952
-54.63904,46.27199,2.0,26.875059999999998,0.2795597
-77.22424000000001,42.67264,2.0,34.58757,0.5494061
-105.4807,41.384879999999995,2.0,41.75991,0.30203159999999996
-138.1837,37.01294,2.0,44.30915,-0.9704106
-150.4515,20.599870000000003,2.0,13.42401,-1.2670780000000001
-147.9621,19.440720000000002,2.0,6.734928,0.6307877
-143.2164,14.034679999999998,2.0,15.04618,0.5831725999999999
-149.192,1.657875,2.0,22.86281,0.48119449999999997
-147.9058,-16.20199,2.0,28.65183,0.5474854
-142.0743,-34.995940000000004,3.0,10.62097,0.9644904000000001
-144.4991,-43.27582,3.0,11.39307,-0.02757679
-152.0478,-51.535059999999994,3.0,17.28331,-0.2959467
-162.9169,-54.91138,3.0,13.680439999999999,-0.27372620000000003
-166.4432,-62.094719999999995,3.0,10.18471,-0.16822879999999998
-162.3091,-69.42049,3.0,15.337320000000002,0.2839271
-148.9348,-71.99494,3.0,22.954639999999998,0.2916303
-129.6505,-75.70795,3.0,30.02785,-0.4202009
-113.7536,-87.4396,3.0,24.20474,-0.3667861
-107.8054,-105.0358,3.0,28.8142,-0.4546987
-112.8568,-123.315,3.0,23.14395,-0.21029520000000002
-125.3545,-132.7202,3.0,23.04648,0.5341826
-141.1071,-129.0048,3.0,23.744310000000002,0.7227198
-147.9124,-108.7412,3.0,28.35565,-0.4111543
-161.0612,-104.3004,3.0,17.50204,0.2083551
-167.1546,-118.0632,3.0,24.85729,0.5683408000000001
-169.5619,-139.285,3.0,32.69079,0.5190372
-168.2009,-166.0102,3.0,39.77193,0.2483203
-166.6773,-198.0132,3.0,46.52225,0.2291383
-163.982,-234.085,3.0,48.45343,-0.7075117
-151.1141,-258.6909,3.0,30.864320000000003,-1.077715
-133.5137,-251.175,3.0,29.2326,0.5288524
-125.1357,-229.7438,3.0,34.10295,0.3820814
-128.1203,-203.3257,3.0,34.930479999999996,-0.2116237
-121.8709,-180.9856,3.0,25.99999,-1.272986
-108.7251,-184.2239,3.0,20.858060000000002,0.268972
-108.9488,-201.8972,3.0,27.471320000000002,0.2595591
-104.6279,-223.8161,3.0,30.583159999999996,-0.4176229
-106.266,-244.8569,3.0,29.605690000000003,1.483593
-97.07767,-268.1448,3.0,36.79197,-0.04713663
-71.06953,-268.8062,3.0,27.945590000000003,-0.5800663
-58.311809999999994,-267.9656,3.0,9.355813000000001,-1.0343950000000002
-56.312180000000005,-266.7888,3.0,2.157923,0.36313690000000004
-57.20888000000001,-267.3933,3.0,0.2144762,0.433533
-55.4678,-265.5736,3.0,6.242780000000001,0.25195270000000003
-51.293459999999996,-262.2647,3.0,8.023489999999999,0.03885313
-48.16401,-263.7233,3.0,0.3045266,0.7326232
-49.72161,-260.4756,3.0,9.194652,0.5995549
-48.95235,-250.8067,3.0,17.293879999999998,0.5062223
-45.30304,-235.5809,3.0,24.95663,0.5507549
-42.81215,-214.5232,3.0,32.15381,0.518446
-37.560759999999995,-189.0874,3.0,37.36075,0.1261695
-17.12716,-167.6409,3.0,41.35013,-1.694451
-0.5427063,-153.0678,3.0,22.849629999999998,-0.1862708
10.15928,-142.60299999999998,3.0,17.84534,-0.1834767
11.24465,-131.3991,3.0,13.82606,0.8063844
4.378469,-119.91799999999999,3.0,22.0149,0.5255982
-5.072294,-103.6494,3.0,29.1087,0.251752
-10.256260000000001,-80.0943,3.0,35.798559999999995,0.4785528
-8.804411,-51.29755,3.0,42.146609999999995,0.229239
-4.086025,-18.323970000000003,3.0,44.42538,-0.7032986999999999
-3.923349,8.206058,3.0,21.08318,-1.049321
-4.8376779999999995,14.93304,3.0,3.4647309999999996,0.309601
-6.105392,21.29346,3.0,13.213610000000001,0.5996011
-10.82954,33.1034,3.0,21.1606,0.5254651
-25.7438,43.12665,3.0,28.19224,0.5092129
-48.68719,44.61843,3.0,34.65752,0.23576220000000003
-76.90861,44.159690000000005,3.0,41.42647,0.23634650000000001
-109.8598,41.80607,3.0,46.4444,-0.5427466999999999
-140.9695,36.03645,3.0,38.99218,-0.3469392
-148.5525,14.15482,3.0,32.722559999999994,0.365134
-144.6372,-10.70805,3.0,37.43918,0.24286820000000003
-144.2437,-40.64864,4.0,40.40744,-1.143257
-156.3133,-54.230059999999995,4.0,18.07094,-0.3011158
-168.09799999999998,-59.75824,4.0,19.29032,0.631054
-158.7967,-71.47746,4.0,24.77536,0.40946479999999996
-138.2777,-73.19142,4.0,31.11753,0.3935638
-116.8795,-85.8739,4.0,36.81238,0.3941389
-109.3412,-112.0453,4.0,37.53703,-0.2807568
-126.8981,-132.2101,4.0,35.97064,-0.4697488
-145.2105,-121.4328,4.0,29.539070000000002,-0.07561416
-147.9884,-100.68299999999999,4.0,23.22269,-1.169692
-160.3662,-101.4511,4.0,20.69185,0.461634
-167.4957,-117.3594,4.0,27.53108,0.27371609999999996
-170.4571,-140.2776,4.0,34.71999,0.470602
-168.442,-168.3603,4.0,41.34955,0.4855265
-165.5341,-201.252,4.0,47.72207,0.214126
-163.0696,-237.1522,4.0,43.16588,-0.8715504000000001
-154.6058,-254.011,4.0,19.21293,-0.3224956
-139.7778,-258.1987,4.0,24.425079999999998,0.12997
-128.459,-244.3696,4.0,28.66354,0.2711265
-125.68799999999999,-220.8867,4.0,35.03928,0.2139643
-128.1855,-193.0676,4.0,40.02874,0.2631948
-109.613,-176.7827,4.0,31.49328,-0.8328207000000001
-100.1493,-190.4646,4.0,22.40387,-0.20506239999999998
-114.3286,-198.5416,4.0,22.82078,-0.24457420000000002
-114.5551,-201.5552,4.0,0.009902895,-0.000439361
-114.4861,-201.5702,4.0,1.1877389999999999,0.5011349
-111.5363,-201.3775,4.0,6.413264,0.22778560000000003
-109.6818,-198.2671,4.0,1.338991,-0.5514249
-109.4981,-200.0976,4.0,6.1627730000000005,0.5403314
-108.1177,-207.1199,4.0,13.115260000000001,0.4882862
-105.9049,-219.0988,4.0,19.60819,0.44991210000000004
-105.4868,-235.822,4.0,25.62604,0.4422702
-103.6208,-256.5129,4.0,30.611420000000003,0.31909440000000006
-86.31451,-271.6012,4.0,33.30428,0.1691595
-61.32045,-266.7128,4.0,36.90418,0.2221192
-49.22899,-243.4631,4.0,37.85295,0.3537172
-46.997240000000005,-213.8904,4.0,42.22635,0.3119563
-33.66142,-184.0366,4.0,45.859159999999996,0.14418129999999998
-8.509447999999999,-160.9793,4.0,42.278929999999995,-2.206403
7.0082949999999995,-146.52100000000002,4.0,20.84714,-0.4506843
12.77905,-135.069,4.0,17.555970000000002,1.066188
4.584955,-120.4313,4.0,26.2345,0.3929942
-6.051908999999999,-102.1988,4.0,31.36386,0.3954013
-10.46463,-77.40632,4.0,36.49345,0.1720597
-8.427984,-48.66106,4.0,41.31828,0.3123164
-2.715386,-16.822,4.0,46.019709999999996,0.34654759999999996
-4.6097660000000005,18.15588,4.0,47.83082,-0.9206473
-16.60669,38.11615,4.0,29.105240000000002,0.3250518
-38.80465,43.915459999999996,4.0,33.70636,0.3565578
-65.67049,43.23303,4.0,38.87811,0.3674604
-96.30815,42.51273,4.0,43.72161,0.34200929999999996
-127.0116,39.20967,4.0,35.15806,-0.7394257
-141.2358,34.90955,4.0,16.28244,0.41915820000000004
-147.6411,22.58943,4.0,22.0232,0.197149
-146.615,4.231974,4.0,27.770659999999996,0.42820329999999995
-142.0838,-17.96777,4.0,33.24669,0.1786896
-144.9846,-42.209070000000004,5.0,29.5539,-0.7938162
-160.8743,-54.153180000000006,5.0,28.993679999999998,0.3535594
-167.2782,-67.65196,5.0,18.44132,0.08276316
-155.1344,-69.91914,5.0,18.12649,0.4945267
-138.7519,-73.31099,5.0,25.67212,0.39300450000000003
-119.3552,-81.24308,5.0,30.95515,0.3143249
-107.7084,-101.4709,5.0,33.99253,0.1768951
-114.9462,-125.023,5.0,32.0918,-0.3790949
-133.7722,-132.6525,5.0,24.59307,-0.4092745
-143.0258,-119.0315,5.0,25.81596,0.1828635
-154.1769,-102.0744,5.0,28.003,-0.7302936
-165.6876,-105.8605,5.0,16.270570000000003,0.9497154000000001
-165.2828,-118.8504,5.0,21.6875,1.024114
-167.7281,-138.1593,5.0,34.07691,1.426714
-167.9372,-169.56,5.0,46.80937,0.49827550000000004
-164.2223,-206.0444,5.0,49.83963,-0.8753173000000001
-163.8984,-231.5078,5.0,21.77984,-0.24133579999999996
-162.0923,-245.4462,5.0,16.24523,-0.4311334
-155.571,-254.8725,5.0,18.953129999999998,0.9138687
-139.4779,-259.4805,5.0,27.50869,0.5663520000000001
-126.6631,-240.7914,5.0,37.279790000000006,0.7741604000000001
-127.1969,-211.1044,5.0,38.83278,-0.9436207
-127.9263,-191.6979,5.0,19.13008,-0.36703909999999995
-120.0214,-182.7259,5.0,18.441670000000002,0.3521637
-105.1701,-187.4341,5.0,24.51245,0.2220107
-102.6929,-207.6301,5.0,32.81873,0.6819643
-104.9213,-233.9501,5.0,37.206790000000005,-0.2301978
-103.7404,-258.8844,5.0,29.755470000000003,-0.6652731
-86.72335,-271.5253,5.0,31.92805,0.26298
-62.413309999999996,-267.5445,5.0,35.575179999999996,0.12498610000000002
-49.84868,-244.826,5.0,37.902440000000006,0.1743191
-45.9432,-214.9863,5.0,42.80082,0.34809650000000003
-35.250859999999996,-183.8242,5.0,46.33283,0.170653
-10.56808,-160.9769,5.0,33.558609999999994,-4.036058000000001
0.2820782,-153.985,5.0,12.13902,-0.3313698
6.165921,-149.5322,5.0,7.916180000000001,-0.289696
10.19182,-145.4046,5.0,10.16436,0.5000187
13.215810000000001,-136.1572,5.0,16.54595,0.4266823
7.4759839999999995,-123.1104,5.0,22.46195,0.43984309999999993
-3.10738,-107.6608,5.0,28.16961,0.4066735
-9.537381,-85.73399,5.0,33.51209,0.40539400000000003
-9.736074,-59.188880000000005,5.0,38.385090000000005,0.183597
-4.137881,-29.409840000000003,5.0,43.24027,0.16935350000000002
-1.461902,3.342157,5.0,40.44486,-1.4561540000000002
-5.898686,23.10774,5.0,10.51147,-0.3002478
-9.803548,31.2253,5.0,16.23,0.45007870000000005
-20.113410000000002,40.739959999999996,5.0,22.183120000000002,0.444147
-37.89549,45.17546,5.0,27.72748,0.2013271
-60.50775,45.07329,5.0,33.300329999999995,0.4086863
-87.15889,44.00032,5.0,38.53453,0.3616842
-116.8282,41.30659,5.0,37.435390000000005,-0.5804391999999999
-136.97299999999998,38.04432,5.0,19.9726,1.066394
-146.6641,24.878610000000002,5.0,25.33746,0.38365820000000006
-146.8241,4.3408370000000005,5.0,30.53455,0.3947158
-142.0643,-19.79399,5.0,35.77998,0.3358468
-144.261,-40.62458,6.0,14.922889999999999,-0.9954128000000001
-149.4693,-49.94287,6.0,19.411189999999998,0.5902898
-161.2691,-55.98965,6.0,15.29391,-0.2006308
-166.1998,-63.86006999999999,6.0,15.31749,0.7111251999999999
-155.5156,-72.86137,6.0,24.64341,0.9994006999999999
-132.3724,-73.6983,6.0,37.17693,0.6100866
-110.1123,-92.5752,6.0,39.38247,-0.7108594
-115.0544,-114.2229,6.0,16.98461,-2.048108
-118.1891,-122.8265,6.0,14.741629999999999,0.6074849
-125.9594,-133.2661,6.0,17.0117,0.11438139999999998
-139.7219,-130.6355,6.0,22.69841,0.158363
-145.3799,-113.1634,6.0,27.04465,-0.6140587
-150.3049,-104.2241,6.0,7.309665,0.09955423
-157.2187,-100.70700000000001,6.0,14.93246,0.5882428000000001
-166.1176,-106.6874,6.0,17.1904,0.5883276
-167.6397,-123.7803,6.0,30.083470000000002,1.044391
-168.8186,-150.9397,6.0,42.55383,0.42079609999999995
-167.1416,-186.4076,6.0,53.01276,0.7365308
-163.6344,-225.4303,6.0,48.34256,-0.8188869000000001
-158.7138,-254.2867,6.0,31.1617,-1.386671
-141.2164,-257.44599999999997,6.0,20.99128,-0.4921479
-129.1491,-248.6401,6.0,24.0682,0.1804229
-124.9346,-229.37400000000002,6.0,29.431829999999998,0.3805493
-127.8376,-205.7796,6.0,34.71433,0.1675801
-125.7008,-184.6096,6.0,16.51396,-0.3175975
-112.59100000000001,-183.4777,6.0,21.586389999999998,0.3131759
-103.3679,-197.6583,6.0,26.20559,0.3993693
-103.3806,-219.0614,6.0,31.64718,0.37732519999999997
-105.8627,-244.3351,6.0,36.87458,0.3565173
-96.3018,-269.6712,6.0,37.01386,-0.3968123
-72.65018,-270.2794,6.0,28.67395,-0.5671278000000001
-55.46034,-263.8266,6.0,21.93864,0.09974169999999999
-48.316390000000006,-246.4076,6.0,29.623070000000002,0.2005125
-44.82566,-222.6183,6.0,35.100190000000005,0.3820131
-41.15772,-195.0227,6.0,39.93453,0.1331484
-22.92238,-171.7415,6.0,42.46011,0.35774179999999994
-2.598746,-156.615,6.0,19.58308,-2.097473
5.44714,-150.4207,6.0,12.08359,-0.002199439
11.48617,-143.0449,6.0,14.8939,0.2803295
11.20608,-129.321,6.0,23.33321,0.614462
-2.244709,-112.3316,6.0,36.16527,0.48816190000000004
-9.414725,-81.52648,6.0,49.62697,0.9013669
-6.919333,-40.468090000000004,6.0,60.17878,0.2438505
-1.566109,3.321831,6.0,52.05097,-3.991936
-7.581573,26.03695,6.0,20.89421,-0.4617673
-17.30829,39.43223,6.0,26.3092,0.3500498
-40.154309999999995,45.25249,6.0,38.65838,1.109636
-74.43473,44.26617,6.0,53.499869999999994,0.9952424999999999
-114.697,41.62608,6.0,37.97869,-4.615067
-129.1161,38.96693,6.0,12.78711,-0.2826567
-140.7722,35.42688,6.0,22.77675,0.2104339
-147.6691,19.36215,6.0,26.95542,0.3944798
-145.2329,-2.480989,6.0,32.488609999999994,0.39030929999999997
-141.1819,-28.08166,6.0,37.00261,0.18894629999999998
-142.2461,-38.1926,7.0,11.03321,0.2243012
-146.5249,-47.745259999999995,7.0,17.3891,0.44392790000000004
-159.7859,-54.41418,7.0,23.042379999999998,0.3169885
-168.3005,-67.04086,7.0,17.98904,-0.26726279999999997
-161.4776,-76.15097,7.0,16.642770000000002,0.2300839
-148.1899,-75.22064,7.0,20.087889999999998,0.04788757
-133.1675,-73.42851,7.0,21.9382,0.2458993
-117.0335,-81.57457,7.0,29.02283,0.37230019999999997
-108.0264,-102.0732,7.0,32.88086,0.2961315
-117.9501,-124.6896,7.0,35.80563,0.09712876
-142.214,-130.181,7.0,29.875809999999998,-0.8457608
-145.8164,-119.155,7.0,11.35812,-0.2075505
-143.2199,-110.8833,7.0,17.484070000000003,0.5661906999999999
-151.5526,-102.0126,7.0,16.68714,0.1366056
-164.2032,-106.31700000000001,7.0,20.999270000000003,-0.5107588
-166.0712,-120.8815,7.0,21.28248,0.24762640000000002
-167.2274,-139.8399,7.0,31.614340000000002,0.5294129
-169.6403,-168.4219,7.0,45.39058,0.9558108000000001
-170.0561,-206.4121,7.0,55.42625,-0.8956219999999999
-165.8794,-241.7959,7.0,36.25221,-2.305359
-149.624,-254.3435,7.0,24.48927,-0.273456
-133.4244,-251.6617,7.0,22.74939,0.1027769
-125.7094,-236.1152,7.0,29.673029999999997,0.5367476
-126.0972,-212.0516,7.0,35.16646,0.38291020000000003
-124.3806,-185.3177,7.0,29.379240000000003,-2.730362
-114.0649,-180.7916,7.0,15.17596,0.39870209999999995
-109.46700000000001,-193.8978,7.0,22.47543,0.45587159999999993
-108.8166,-212.7633,7.0,28.384459999999997,0.4141442
-108.4782,-235.8779,7.0,33.92255,0.3699295
-100.3369,-260.7301,7.0,37.56933,0.08840514
-75.42885,-272.95099999999996,7.0,39.3893,0.005190506
-52.50538,-257.5727,7.0,39.409690000000005,0.05039346
-49.009609999999995,-227.6737,7.0,43.05267,0.33679990000000004
-38.83655,-196.8655,7.0,45.63523,0.11545799999999999
-14.727839999999999,-170.6752,7.0,50.139140000000005,0.2988155
6.827807000000001,-141.6779,7.0,38.65144,-2.467741
6.396749,-122.0591,7.0,25.12066,0.8592383
-5.009951999999999,-103.5506,7.0,33.43978,0.34410029999999997
-3.652372,-73.10613000000001,7.0,50.15095,0.6016587
-0.5252163000000001,-30.027720000000002,7.0,66.04404,1.0417530000000002
-2.866156,18.04776,7.0,57.48734,-1.776425
-17.67614,41.76518,7.0,28.704490000000003,-0.6528425
-42.5545,40.67921,7.0,39.12506,0.1873192
-73.4304,40.40332,7.0,44.00783,0.1693593
-107.7716,41.16502,7.0,48.57286,0.1506033
-141.3538,36.05109,7.0,34.36668,-1.5128620000000002
-146.5279,16.45917,7.0,30.23272,0.19688699999999998
-145.142,-7.9597940000000005,7.0,35.62407,0.38426
-146.2953,-36.180279999999996,8.0,40.56268,0.1257598
-162.123,-57.3869,8.0,31.318479999999997,-1.271515
-167.3512,-71.81065,8.0,23.9685,0.7543849
-150.0645,-78.68538000000001,8.0,29.005470000000003,0.19988370000000003
-127.2065,-79.2858,8.0,32.75123,0.07604063
-111.7194,-98.57786999999999,8.0,35.82079,0.22225660000000003
-117.641,-123.9687,8.0,37.27752,0.04446715
-141.6547,-130.9182,8.0,26.24457,-3.014694
-146.1922,-127.1464,8.0,3.4417760000000004,0.7441455
-142.4062,-122.8261,8.0,11.428289999999999,0.49448549999999997
-143.6111,-112.4423,8.0,17.66106,0.4574676
-154.7748,-102.7303,8.0,22.88975,0.1139817
-167.5288,-111.3021,8.0,24.49364,0.28013940000000004
-166.5461,-131.3093,8.0,29.86341,0.3774803
-169.9311,-155.1335,8.0,35.10989,0.3685335
-170.3645,-182.9437,8.0,39.92153,0.1655832
-168.9498,-214.271,8.0,44.73782,0.3380327
-163.5015,-247.446,8.0,42.69677,-0.5905501999999999
-140.2513,-255.2982,8.0,29.74134,-0.8430572000000001
-127.6669,-238.8213,8.0,31.246409999999997,0.27290570000000003
-127.3887,-213.9538,8.0,36.23446,0.1767889
-124.39299999999999,-186.3353,8.0,34.95268,-1.365608
-112.1594,-180.6542,8.0,15.064429999999998,0.4253495
-107.2481,-193.0977,8.0,21.666729999999998,0.4714267
-106.6144,-211.3495,8.0,27.598679999999998,0.211567
-105.8463,-233.9628,8.0,33.21634,0.3930594
-100.1044,-259.3115,8.0,37.21047,0.1144894
-76.67437,-272.94,8.0,38.5499,-0.02356926
-52.77401999999999,-258.9999,8.0,39.514920000000004,0.01751125
-46.84985,-229.7417,8.0,42.87305,0.3560203
-40.23151,-197.6319,8.0,45.41409,-0.05222614
-16.18817,-172.7355,8.0,48.90047,0.1525586
5.947058,-143.3976,8.0,45.73111,-1.59333
3.998689,-117.2747,8.0,34.33623,0.8566128000000001
-6.767385000000001,-92.11641999999999,8.0,39.24211,0.254377
-2.065925,-61.73041,8.0,43.8689,0.17255120000000002
-1.377592,-27.47445,8.0,48.41662,0.32469580000000003
-2.202588,9.977654,8.0,52.66777,0.1287443
-14.68179,40.13349,8.0,33.23665,-1.98722
-26.33369,41.37189,8.0,4.3872349999999996,-0.11523889999999999
-29.09858,37.1095,8.0,10.81968,0.44584209999999996
-37.66185,41.83392,8.0,17.13541,0.24301550000000002
-47.50577,48.574329999999996,8.0,5.832846,-1.109607
-48.01977,48.58688,8.0,0.02849011,-0.03617282
-48.38645,47.189659999999996,8.0,4.21286,-0.02292394
-47.52983,43.66952,8.0,4.689139,-0.23468720000000004
-48.21,44.1091,8.0,6.099451,0.6681594
-55.55216,46.43095,8.0,14.95306,0.6227441
-69.67279,44.90047,8.0,23.34901,0.6043713000000001
-89.80292,42.32942,8.0,31.229,0.5656505999999999
-115.5849,43.89163,8.0,38.46674,0.5004464
-141.3943,34.407540000000004,8.0,38.52148,-0.1376586
-144.1264,4.923466,8.0,44.586690000000004,0.6036088000000001
-147.0509,-29.96231,8.0,46.16003,-0.3208393
-142.1339,-35.18679,9.0,2.462967,-0.02790953
-143.8627,-41.29546,9.0,13.9586,0.5279161
-149.317,-49.51954,9.0,12.05343,-0.10193880000000001
-157.8638,-53.26614,9.0,14.17789,-0.20970709999999998
-165.7717,-57.81175,9.0,11.05456,-0.21172710000000003
-165.9981,-66.14324,9.0,16.329729999999998,0.512918
-154.2848,-73.63351999999999,9.0,18.62803,-0.305271
-141.8226,-72.78175999999999,9.0,15.12795,-0.2459835
-127.7652,-75.54718000000001,9.0,25.09708,0.1026155
-112.8538,-87.00345,9.0,26.11927,0.02462849
-107.1641,-104.9803,9.0,24.05376,-0.3797893
-109.1329,-116.2276,9.0,11.62762,-0.1704513
-113.2822,-125.5157,9.0,20.43667,1.0049860000000002
-125.2656,-134.6075,9.0,18.89583,-0.1721838
-137.3935,-132.8576,9.0,15.52951,0.031061099999999998
-145.2279,-121.2056,9.0,24.30975,0.2894732
-151.809,-103.1431,9.0,20.224520000000002,-1.513639
-161.7701,-100.2701,9.0,12.72715,-0.14901489999999998
-166.8145,-110.7125,9.0,22.92304,0.5643281
-168.5934,-133.0326,9.0,37.02988,0.46340299999999995
-168.8943,-164.2012,9.0,45.11623,0.15584360000000003
-165.5319,-198.7263,9.0,47.13483,-0.6597621
-163.0301,-230.3148,9.0,37.52779,-0.8995395
-158.7372,-251.234,9.0,24.69431,-0.2409817
-145.4722,-260.1754,9.0,19.41773,-0.4166891
-133.0115,-254.9576,9.0,23.19286,0.9269191999999999
-125.0514,-233.9957,9.0,35.94511,0.24003449999999998
-127.6893,-207.4786,9.0,30.7201,-0.5936593000000001
-128.4721,-191.9823,9.0,15.072170000000002,-0.1067282
-123.9644,-183.0738,9.0,14.956579999999999,0.6662498
-110.9662,-183.0691,9.0,18.18662,-0.3096176
-103.4204,-191.7806,9.0,15.58276,0.7074474000000001
-102.7178,-208.6888,9.0,30.18485,0.4509227
-105.4841,-234.31599999999997,9.0,38.005359999999996,-0.00399414
-102.664,-260.7726,9.0,34.74086,-0.2277614
-82.81853000000001,-273.1169,9.0,32.848209999999995,0.1471924
-60.21314,-266.4006,9.0,31.8634,-0.13212349999999998
-49.29549,-244.9756,9.0,34.82772,0.14415050000000001
-45.11302,-218.5327,9.0,36.874559999999995,-0.08474387
-39.91462,-192.7747,9.0,33.62644,-0.21483139999999998
-27.36481,-173.9404,9.0,27.66555,-0.3961547
-12.49335,-162.7967,9.0,22.766270000000002,-0.172238
0.565459,-154.1992,9.0,19.24701,-0.2509072
10.59056,-144.8284,9.0,20.58841,0.2888381
10.42469,-128.1947,9.0,26.258459999999996,0.23313989999999998
-2.637684,-111.7848,9.0,29.606759999999998,0.09353591
-9.680195,-90.93983,9.0,30.14955,0.06225343
-11.06938,-67.84723000000001,9.0,33.30235,0.30756880000000003
-7.5638,-42.39762,9.0,35.496359999999996,0.08169772
-2.967716,-16.093729999999997,9.0,36.55065,0.02572423
-2.764855,9.252460000000001,9.0,28.87177,-0.9912794
-7.022023,26.50037,9.0,20.05953,-0.2992619
-16.52745,38.90844,9.0,25.86553,0.2612469
-37.10387,45.290859999999995,9.0,32.7807,0.4987004
-63.99905,43.882059999999996,9.0,39.973859999999995,0.5153028000000001
-96.28591999999999,43.74135,9.0,46.754540000000006,0.22194389999999997
-130.4245,39.913090000000004,9.0,40.3522,-1.2964229999999999
-147.4008,23.2171,9.0,34.34629,0.01081581
-141.9404,-3.705017,9.0,40.424440000000004,0.4454581
-143.3601,-32.12701,9.0,25.90677,-1.228916
-147.3201,-45.027190000000004,10.0,19.10422,0.7774281999999999
-157.7104,-54.29772,10.0,17.44493,-0.13248900000000002
-166.7663,-60.8341,10.0,13.30059,-0.33631469999999997
-162.97299999999998,-70.9676,10.0,18.74857,0.09867866
-150.0369,-72.75233,10.0,18.54523,0.06027587
-136.8195,-73.21229,10.0,17.57933,0.47041459999999996
-120.2894,-79.63159,10.0,28.25767,0.5088298
-107.65100000000001,-98.40225,10.0,34.17297,0.3821304
-112.1309,-123.5019,10.0,30.589340000000004,-1.32247
-126.5539,-133.3543,10.0,21.134870000000003,-0.1948154
-139.7156,-130.709,10.0,17.09903,0.3163513
-145.8544,-116.4751,10.0,25.14227,0.2796018
-150.5186,-104.4157,10.0,4.221061,-0.1473194
-155.095,-101.0877,10.0,12.110999999999999,0.2651505
-165.0923,-104.3582,10.0,18.48807,0.4280889
-167.9271,-120.1437,10.0,25.352870000000003,0.2536829
-168.8658,-141.5011,10.0,32.730290000000004,1.032723
-168.34599999999998,-167.4358,10.0,37.098279999999995,0.4518813
-166.5332,-196.0041,10.0,39.92754,0.1122223
-164.25799999999998,-223.3926,10.0,33.243959999999994,-0.523159
-162.19299999999998,-245.2847,10.0,26.2637,-0.2986228
-151.4285,-257.8599,10.0,20.9225,0.26675429999999994
-135.1284,-256.9805,10.0,23.75845,-0.04675484
-126.3042,-240.6781,10.0,27.138209999999997,0.1191274
-125.5615,-219.6249,10.0,30.18388,0.23772939999999998
-127.7565,-199.2975,10.0,20.02216,-0.8055952
-127.3275,-187.3149,10.0,13.928220000000001,-0.1815427
-120.0905,-181.97299999999998,10.0,14.73524,0.5026165
-107.794,-184.7504,10.0,18.15867,-0.14499779999999998
-102.991,-197.0063,10.0,19.58665,0.1893918
-103.8452,-212.4654,10.0,21.76341,0.02059799
-105.0306,-228.7493,10.0,24.05385,0.5429397
-106.0128,-249.0052,10.0,29.86096,0.05761764
-97.51241,-268.4142,10.0,29.74652,0.31108800000000003
-73.22979000000001,-271.6413,10.0,37.313959999999994,0.1434942
-51.71133,-255.6701,10.0,37.88213,0.2556529
-46.90194,-225.6401,10.0,43.32298,0.17966379999999998
-40.56544,-195.4061,10.0,37.57581,-0.6291521
-27.511670000000002,-174.6455,10.0,29.57398,-0.2605015
-11.98831,-162.8505,10.0,22.09926,-0.9705017
-3.058341,-156.638,10.0,15.51511,1.085583
8.234836999999999,-147.8851,10.0,19.3076,-0.1256329
13.065489999999999,-133.2198,10.0,26.32883,0.15225450000000001
0.01691538,-116.6452,10.0,31.723090000000003,0.37362270000000003
-9.220069,-93.40512,10.0,34.47821,-0.5689757
-10.15156,-69.60264000000001,10.0,33.41017,0.4854861
-7.462523,-42.617020000000004,10.0,39.74427,0.21324400000000002
-2.597512,-11.27811,10.0,45.63727,0.1878496
-5.170774,23.55325,10.0,46.37415,-0.6687759
-28.238740000000004,43.51324,10.0,43.63196,0.3172487
-62.1791,44.17573,10.0,48.54234,0.3615882
-100.0318,42.94138,10.0,53.8008,0.3767915
-134.767,38.09744,10.0,39.174659999999996,0.16766170000000002
-148.6758,16.47166,10.0,36.722559999999994,0.050222199999999995
-141.4181,-11.64851,10.0,41.75418,0.3212845
-146.0013,-38.96014,11.0,33.55186,0.44414209999999993
-162.8742,-58.69746,11.0,37.85965,0.04124911
-168.2363,-78.05724000000001,11.0,21.1554,-0.5917794
-155.6812,-76.01796,11.0,22.372,0.5219215
-139.6298,-70.16883,11.0,26.971420000000002,0.40960969999999997
-120.67399999999999,-81.86502,11.0,32.36398,-0.4549213
-109.0547,-101.3945,11.0,33.43284,0.314815
-116.01100000000001,-124.8365,11.0,29.37773,-0.5604882
-133.9612,-132.61,11.0,29.48746,0.17900439999999998
-144.7904,-114.508,11.0,32.91298,0.1180965
-149.2574,-102.2029,11.0,11.54118,1.1485040000000002
-162.0555,-102.7868,11.0,23.046129999999998,0.2837665
-166.514,-120.0955,11.0,28.116909999999997,0.24984740000000003
-167.0108,-143.3242,11.0,34.67736,0.4484299
-167.8854,-171.2202,11.0,40.72959,0.44033829999999996
-164.7666,-203.4777,11.0,46.64904,0.4074742
-162.1946,-237.9696,11.0,41.82245,-1.298344
-150.4261,-258.2224,11.0,28.68324,0.2901635
-130.7524,-253.7404,11.0,29.7009,0.06686309
-125.3067,-230.4054,11.0,35.47694,0.43286099999999994
-127.7801,-202.4935,11.0,35.918079999999996,-0.8471489999999999
-120.7927,-180.7682,11.0,26.72239,0.02399365
-107.0615,-188.1402,11.0,24.498820000000002,0.3598329
-106.706,-208.6217,11.0,30.92356,0.5010230999999999
-106.6693,-233.6568,11.0,37.09509,0.4617254
-102.1211,-262.0605,11.0,41.244690000000006,0.04473201
-76.27013000000001,-272.0398,11.0,40.48944,0.3424014
-51.50508,-256.418,11.0,41.04992,0.02033265
-45.153420000000004,-224.7746,11.0,46.32956,0.40415009999999996
-37.58075,-189.5101,11.0,50.9265,0.08225272
-12.84721,-164.1421,11.0,40.665279999999996,-1.472415
7.142939999999999,-148.9331,11.0,29.745690000000003,-0.5665371
11.47867,-131.213,11.0,22.84125,1.041588
0.5667214,-115.2282,11.0,29.651320000000002,0.224998
-8.296299000000001,-93.04445,11.0,35.56573,0.4734888
-10.16399,-64.59151,11.0,41.53487,0.4455656
-5.041005999999999,-32.0382,11.0,47.28783,0.4136285
-2.0426159999999998,4.698935,11.0,52.28365,0.2373549
-15.49974,39.04653,11.0,47.59917,-0.4260719
-48.64887,44.2766,11.0,48.104690000000005,0.44175
-86.2177,41.84302,11.0,53.532709999999994,0.39689650000000004
-126.0541,39.78954,11.0,48.232209999999995,-0.7797729
-149.58,21.31919,11.0,40.625370000000004,-0.14156229999999997
-143.4301,-8.532646000000002,11.0,43.67392,0.3563317
-145.0319,-40.459920000000004,12.0,38.08231,-0.6894316999999999
-161.6641,-53.82139,12.0,28.76667,0.06278662
-166.2524,-69.51646,12.0,23.78646,0.01478884
-148.2126,-71.19939000000001,12.0,28.319879999999998,0.2271548
-125.7787,-76.00346,12.0,34.21909,0.3797848
-108.053,-95.59767,12.0,38.434329999999996,0.2371311
-112.1091,-120.4413,12.0,28.90281,-0.42513019999999996
-128.2612,-132.1168,12.0,24.78584,-0.4996934
-143.607,-128.1155,12.0,24.05307,0.23926799999999998
-147.6218,-108.9281,12.0,29.34812,-0.29775949999999995
-161.0037,-100.8459,12.0,19.46592,0.07124662
-167.7046,-114.5322,12.0,27.54304,1.0213510000000001
-167.6297,-139.721,12.0,37.69403,0.4403861
-167.9737,-169.6486,12.0,43.421170000000004,0.43889670000000003
-165.7126,-204.0102,12.0,49.13227,0.4018253
-163.1493,-240.7466,12.0,44.36546,-1.150949
-145.1099,-258.5789,12.0,28.91265,-0.9161106
-130.293,-244.8347,12.0,30.87588,0.485285
-125.6637,-220.2755,12.0,36.77885,0.2008218
-128.5678,-193.7671,12.0,33.19682,0.12350180000000001
-114.4205,-179.8488,12.0,27.5747,-0.24602129999999997
-107.682,-194.6403,12.0,26.17569,0.5138122
-110.3939,-216.0456,12.0,32.57756,0.4666999
-108.0192,-242.5037,12.0,38.95068,0.46205470000000004
-95.27237,-268.7903,12.0,40.184940000000005,-0.1993276
-66.26807,-268.8014,12.0,42.29769,0.46461199999999997
-45.47855,-248.8222,12.0,36.766090000000005,-0.34998029999999997
-53.754740000000005,-226.5199,12.0,28.10762,-0.7156942
-52.99977,-217.2095,12.0,5.562004,0.005144556
-53.34328000000001,-214.9193,12.0,1.150408,0.3822505
-50.973279999999995,-218.1448,12.0,9.582435,0.2816371
-43.25867,-214.8755,12.0,15.78614,0.1303023
-41.76767,-204.6752,12.0,12.71062,0.22575100000000003
-40.024359999999994,-191.2689,12.0,22.53705,0.5350068
-30.15948,-175.0142,12.0,29.109040000000004,0.2311206
-10.630999999999998,-161.33,12.0,35.5203,0.4618268
9.768638000000001,-143.5308,12.0,36.02162,-1.5333139999999998
7.64992,-122.4838,12.0,30.40717,0.43733720000000004
-6.9460809999999995,-98.0982,12.0,46.52108,0.8639645
-9.792991,-60.41875,12.0,54.17174,0.34969290000000003
-3.078172,-19.04701,12.0,58.982440000000004,0.14602420000000002
-5.130215,21.06673,12.0,38.634209999999996,-3.806751
-19.68584,41.16997,12.0,36.35386,0.09472472
-47.10175,44.97055,12.0,40.56593,0.43053739999999996
-79.23656,44.534209999999995,12.0,46.29759,0.1889433
-115.3722,41.24479,12.0,50.46464,-0.1330138
-148.6417,31.118709999999997,12.0,45.0373,-0.3311493
-152.7866,13.493120000000001,12.0,9.235064,-1.744841
-152.2506,12.760760000000001,12.0,6.114075,0.6546626999999999
-147.05700000000002,8.121692999999999,12.0,13.958879999999999,0.5518156
-146.0839,-5.024381,12.0,21.431729999999998,0.2620205
-142.6672,-23.25199,12.0,28.50795,0.24548530000000002
-142.1417,-35.37348,13.0,7.488275999999999,0.5956041999999999
-145.005,-43.33895,13.0,15.374529999999998,0.2834629
-155.6712,-52.22938,13.0,22.54782,0.2452532
-167.2903,-64.76643,13.0,22.30235,-0.3179107
-159.8934,-75.52435,13.0,17.78704,0.07047046
-145.2795,-73.9542,13.0,20.98497,-0.3789265
-130.8708,-72.78302,13.0,22.27809,0.47731940000000006
-114.5756,-81.78341,13.0,28.4969,0.3898351
-106.6278,-103.0109,13.0,33.7883,0.3098789
-118.0236,-126.0246,13.0,37.68268,0.2853475
-142.2059,-130.2459,13.0,25.67377,-1.068471
-144.4329,-122.5527,13.0,6.2283919999999995,0.47707259999999996
-138.2094,-122.2407,13.0,0.6654727,1.206415
-141.4827,-123.3016,13.0,8.586793,0.4781321
-145.4986,-128.1774,13.0,5.481776,-0.8522865
-145.4432,-128.3045,13.0,4.688243,0.6519483
-142.5564,-122.2049,13.0,13.49835,0.6062641
-140.4866,-109.9424,13.0,20.88018,0.24156950000000002
-152.4253,-97.94266999999999,13.0,26.320959999999996,0.266705
-166.1186,-106.6635,13.0,23.302329999999998,0.5274938
-167.7014,-127.9093,13.0,32.44859,0.4994066
-167.537,-154.5985,13.0,39.23095,0.22722870000000003
-167.9766,-186.06,13.0,45.67196,0.4496199000000001
-168.0557,-222.1542,13.0,51.7033,0.41698050000000003
-155.5544,-254.0348,13.0,43.740759999999995,-0.18634289999999998
-129.9753,-251.798,13.0,29.20645,-0.5384793000000001
-128.4171,-228.5318,13.0,37.22157,0.41523109999999996
-127.5969,-198.6677,13.0,39.39416,-0.9442115
-123.0986,-183.5431,13.0,14.31081,-0.14045020000000003
-111.7854,-182.9857,13.0,20.450429999999997,0.36704929999999997
-104.911,-198.3742,13.0,26.825409999999998,0.2463027
-106.8479,-220.7066,13.0,33.85791,0.5167004
-105.5956,-247.7341,13.0,39.53991,0.18184820000000002
-86.40439,-270.7078,13.0,42.64158,0.005157663
-57.30641,-264.6588,13.0,42.51735,-0.01217782
-48.99501,-234.53799999999998,13.0,45.5532,0.21345
-43.82857,-202.1409,13.0,41.74758,0.3797316
-24.28657,-175.9742,13.0,47.23899,0.42701890000000003
1.179406,-148.7693,13.0,52.127829999999996,-0.49623720000000004
7.562568,-116.7067,13.0,40.06678,-0.7829059
-8.550961000000001,-98.94939000000001,13.0,27.89971,-0.1370704
-6.567253999999999,-75.89010999999999,13.0,35.16669,0.5007106
-5.502192,-47.36351,13.0,41.828109999999995,0.4728254
-4.320837,-14.07235,13.0,48.09394,0.4420843
-5.799728,23.15728,13.0,49.12372,-0.6558630999999999
-25.061729999999997,41.82796,13.0,29.240370000000002,-1.691789
-34.36432,34.18609,13.0,13.9233,0.39112470000000005
-35.11759,32.5882,13.0,0.06633899,-0.04608004
-35.16407,32.59407,13.0,0.05385531,-0.01849014
-34.52417,34.569340000000004,13.0,6.818816,0.5768078000000001
-32.91731,41.7732,13.0,9.323785,-0.8099731
-32.24442,44.77884,13.0,0.6268188,0.3019717
-34.30255,42.030229999999996,13.0,8.797958,0.5672826
-43.28349,42.59483,13.0,16.25518,0.2648461
-57.623430000000006,45.34539,13.0,23.12164,0.2332821
-77.02412,43.12467,13.0,29.64654,0.47003249999999996
-101.20200000000001,42.525220000000004,13.0,35.62838,0.21638289999999996
-129.1363,39.77198,13.0,40.473209999999995,0.16805050000000002
-147.4068,19.39789,13.0,38.38092,0.22296950000000001
-145.724,-10.66831,13.0,43.51036,0.4014196
-146.5286,-43.863490000000006,14.0,43.43629,-2.347318
-162.4189,-61.87451,14.0,26.04897,-0.6282164000000001
-154.572,-75.21948,14.0,26.04139,0.32445799999999997
-133.203,-76.16920999999999,14.0,31.7079,0.14088910000000002
-113.4722,-90.59692,14.0,35.80225,0.11222529999999999
-112.2353,-116.8925,14.0,38.16581,0.06814868
-134.5339,-132.0122,14.0,33.97627,-1.597806
-146.2514,-121.6672,14.0,11.66566,-2.147214
-146.2207,-119.5738,14.0,1.948763,-0.005824131999999999
-147.0797,-118.4932,14.0,1.6766990000000002,-0.03292038
-147.9521,-117.7362,14.0,2.36817,0.44986670000000006
-150.6325,-117.3564,14.0,3.6032309999999996,-0.6007001999999999
-149.5014,-116.7231,14.0,6.3825,0.6365668000000001
-144.9004,-110.5788,14.0,14.678970000000001,0.5588651
-149.5505,-98.8503,14.0,21.353170000000002,0.2140388
-165.0434,-101.3433,14.0,25.39572,0.29862150000000004
-167.0402,-121.3698,14.0,31.16644,0.2600951
-166.6248,-146.9879,14.0,38.0835,0.5080068
-166.794,-177.6799,14.0,44.67723,0.4735942
-167.2129,-213.0792,14.0,50.86428,0.4222747
-159.7265,-247.9887,14.0,40.27465,-3.65688
-142.5165,-253.8562,14.0,10.86789,-2.195007
-141.5306,-250.3822,14.0,3.170299,-0.1345428
-139.1524,-248.2172,14.0,7.672966000000001,0.10142899999999999
-130.94899999999998,-250.351,14.0,14.887229999999999,-0.29740720000000004
-122.2292,-250.2574,14.0,10.39217,-0.1708124
-121.9676,-241.5691,14.0,16.56457,0.35602990000000007
-125.5302,-226.6739,14.0,24.57484,0.2836304
-127.3985,-205.8048,14.0,31.983390000000004,0.5231782
-122.8945,-182.1646,14.0,31.31966,-0.5342912
-106.62899999999999,-184.2755,14.0,23.85566,0.9224604
-106.5545,-208.15099999999998,14.0,42.32557,0.7390979999999999
-105.2582,-246.1235,14.0,57.310990000000004,0.14667950000000002
-80.73939,-271.9039,14.0,44.86418,0.1285856
-51.5595,-259.8006,14.0,43.48917,-0.19368110000000002
-49.4869,-227.6485,14.0,46.6026,0.3503051
-38.45523,-194.3378,14.0,50.419129999999996,0.17522620000000003
-11.48873,-165.9029,14.0,55.77639,0.1941289
9.912635,-133.3718,14.0,42.13978,-2.5854
0.8566325,-113.5499,14.0,25.80312,-0.2359487
-5.85467,-93.35455,14.0,32.580870000000004,0.2432962
-4.174987000000001,-66.74399,14.0,39.43415,0.23734360000000002
-2.44266,-35.08384,14.0,45.93525,0.22386869999999998
-2.640329,1.216481,14.0,52.02872,0.4421331
-12.29445,35.98203,14.0,44.59738,-0.42348969999999997
-42.889590000000005,41.51811,14.0,45.37603,0.4468874
-78.8237,40.2536,14.0,51.409259999999996,0.4492657
-118.626,41.5383,14.0,52.37165,-1.497055
-144.2135,29.45481,14.0,27.440559999999998,-1.110649
-144.44,22.08748,14.0,2.972439,0.33426740000000005
-141.7892,24.73994,14.0,5.052905,0.3688512
-141.9335,24.5,14.0,5.716811,0.5296913000000001
-147.0168,21.3868,14.0,9.290026,-0.1314173
-149.5058,22.01569,14.0,1.696336,0.6863899
-145.7109,19.29865,14.0,10.837639999999999,0.3291192
-141.1344,9.321941,14.0,19.1859,0.29007859999999996
-141.172,-7.8753660000000005,14.0,27.233159999999998,0.5518401
-141.7682,-33.77283,1.0,4.431773000000001,0.4007735
-142.0195,-38.968959999999996,1.0,10.93392,0.6601393
-145.9729,-49.35521,1.0,19.55767,0.6143156999999999
-159.9319,-59.81069,1.0,27.206229999999998,0.275694
-157.2539,-76.3069,1.0,24.86439,-0.1452963
-141.667,-68.79745,1.0,25.8888,-0.3863728
-135.871,-68.27753,1.0,0.02762372,-3.0194499999999997e-05
-135.8524,-68.28041,1.0,0.02585034,0.0011086919999999999
-135.8341,-68.28289000000001,1.0,0.0250563,0.02455953
-135.922,-68.62533,1.0,3.058818,0.6199019
-135.8823,-71.8446,1.0,4.531192,-0.03484328
-135.786,-74.90453000000001,1.0,3.720389,-0.03250403
-136.886,-76.514,1.0,0.7376089,0.6603106
-133.2659,-75.01106,1.0,9.841525,0.6280190999999999
-123.1173,-77.18092,1.0,18.094089999999998,0.46211759999999996
-114.2301,-90.41744,1.0,25.60824,0.2795406
-110.581,-111.3252,1.0,32.1544,0.3961772
-125.2068,-131.4414,1.0,36.62728,0.12124560000000001
-145.6832,-126.6974,1.0,23.36055,-0.5299606
-139.6729,-112.9585,1.0,24.6988,0.07668627
-138.4577,-108.7144,1.0,0.02172344,-0.04313982
-138.4585,-108.7321,1.0,0.03051856,0.03473708
-138.9443,-108.5382,1.0,4.244562999999999,0.7556288000000001
-144.0627,-109.0144,1.0,7.998363,-0.03657521
-145.539,-110.5235,1.0,3.017647,0.6478271
-144.4157,-105.2271,1.0,11.70389,0.5928909000000001
-151.2881,-96.58173000000001,1.0,19.11101,-0.131197
-162.6077,-98.4674,1.0,14.09723,-0.15025870000000002
-166.7496,-111.7122,1.0,26.56353,0.9477011000000001
-170.4055,-135.34799999999998,1.0,37.06649,0.2742956
-162.9413,-163.1111,1.0,36.81747,-0.35119709999999993
-167.1644,-187.127,1.0,29.72498,-0.09926443
-167.1794,-214.2414,1.0,40.340090000000004,-0.2274507
-164.8148,-241.0223,1.0,32.04655,-0.8410334999999999
-148.6855,-251.0759,1.0,26.714779999999998,0.5881991999999999
-127.3423,-245.2218,1.0,32.49757,-0.11851379999999999
-125.1577,-228.8026,1.0,23.87734,0.26746820000000004
-128.9359,-213.7372,1.0,22.950110000000002,-0.04674695
-123.0036,-200.5967,1.0,17.53244,0.01748818
-124.3745,-188.2544,1.0,14.8127,-0.42609259999999993
-113.7404,-184.8691,1.0,19.55334,-0.2870249
-110.42,-196.1277,1.0,14.48197,-0.09403617
-109.9913,-206.9812,1.0,17.40372,0.2952903
-108.5219,-222.7834,1.0,25.29671,0.2844253
-105.8523,-244.1117,1.0,32.63834,0.4893419
-92.84982,-266.2433,1.0,37.70308,0.23801350000000002
-65.622,-268.6997,1.0,39.48767,0.01736195
-51.97668,-244.3101,1.0,40.50788,0.19422620000000002
-46.51576,-213.0104,1.0,45.767179999999996,0.197865
-26.18863,-183.6642,1.0,51.167759999999994,0.4471934
-0.757417,-152.7599,1.0,56.79051,0.3992456
11.77782,-115.8671,1.0,38.174890000000005,-4.970034
10.13037,-104.416,1.0,1.394116,-0.006064168000000001
9.750724,-104.2385,1.0,0.1037627,-0.0802943
11.748280000000001,-105.5673,1.0,6.376799,0.35814309999999994
17.1207,-107.2531,1.0,6.357489,-0.4123263
18.10034,-107.0496,1.0,3.3133660000000003,0.6379222
12.80606,-109.0294,1.0,11.88556,0.5895701999999999
2.575687,-111.2903,1.0,16.82868,0.2044246
0.677602,-97.78966,1.0,23.02564,0.5020826
-2.2246189999999997,-78.98076999999999,1.0,29.551740000000002,0.25994989999999996
-5.552142,-54.92579,1.0,36.19327,0.23835050000000002
-6.3581389999999995,-25.68686,1.0,42.69788,0.44444849999999997
-6.424135,8.228424,1.0,48.790459999999996,0.4267089
-13.08649,39.80297,1.0,33.70578,-1.178862
-24.09652,42.30472,1.0,14.739579999999998,0.28793090000000005
-36.37359,37.75156,1.0,21.80327,0.2678042
-55.13803000000001,39.876490000000004,1.0,29.02255,0.2564781
-79.25957,39.54691,1.0,35.96755,0.2356117
-108.3481,40.181259999999995,1.0,42.50365,0.454298
-138.4744,37.6163,1.0,33.6928,-0.8395869
-142.889,24.69141,1.0,9.954079,-1.131077
-137.7512,24.2767,1.0,0.05789346,-0.06677677
-137.7518,24.22814,1.0,0.05346641,-0.003390003
-138.197,24.35489,1.0,3.5107720000000002,0.5909759
-143.3325,24.31717,1.0,9.765689,0.3330424
-150.1535,25.107110000000002,1.0,5.423207,-0.7412585
-150.6521,25.19987,1.0,3.756842,0.5743318000000001
-147.2977,20.73066,1.0,11.73621,0.5415959
-150.4219,10.20704,1.0,18.76131,0.46329030000000004
-149.8409,-5.190679,1.0,24.697210000000002,0.48948729999999996
-146.2615,-25.57732,1.0,31.20085,0.44863859999999994
-152.0895,-48.23359,2.0,32.22525,-0.08328223
-167.0596,-64.2488,2.0,27.959809999999997,-0.4523741
-157.3362,-72.27424,2.0,10.78144,-1.1553719999999998
-155.7186,-68.52681,2.0,0.06642139,-0.1230866
-155.68200000000002,-68.52811,2.0,0.03836152,0.02359136
-156.0559,-70.04718000000001,2.0,4.962766,0.04338857
-156.5319,-73.76938,2.0,4.7837190000000005,-0.03984809
-156.7411,-74.80379,2.0,3.4015989999999996,0.68797
-151.374,-72.74785,2.0,12.56512,0.6289982
-141.1365,-79.13031,2.0,20.68083,0.27598870000000003
-127.4123,-83.27918000000001,2.0,17.62733,-0.04055205
-115.7418,-92.16753,2.0,27.21782,0.8035331
-112.0596,-113.3987,2.0,31.002979999999997,0.1262659
-128.3979,-129.9127,2.0,32.63608,-0.16635070000000002
-145.2091,-123.8427,2.0,20.52153,-0.241441
-138.93200000000002,-109.5881,2.0,21.61316,-1.3155059999999998
-148.5677,-101.5106,2.0,20.980629999999998,0.1547775
-160.7265,-107.5658,2.0,16.89401,-0.28409009999999996
-161.9288,-119.8857,2.0,17.61359,0.1418691
-165.1969,-134.9907,2.0,25.11381,0.5525331
-165.25599999999997,-156.4927,2.0,32.87082,0.2592865
-165.5678,-183.6844,2.0,40.25399,0.508038
-165.9697,-216.0603,2.0,47.087309999999995,0.22764879999999998
-161.2841,-246.0842,2.0,24.30929,-2.4930849999999998
-145.5348,-252.0256,2.0,26.979159999999997,0.5851821
-126.2317,-245.0586,2.0,28.470979999999997,-0.7736668000000001
-128.0035,-226.0244,2.0,30.04,1.152168
-126.2984,-200.9754,2.0,37.89485,1.078381
-122.0736,-184.4862,2.0,10.33187,-0.1922514
-112.9732,-186.7863,2.0,17.02297,0.4577271
-110.2252,-201.7917,2.0,24.854229999999998,0.5833029000000001
-108.2048,-223.037,2.0,32.705940000000005,0.5426994
-102.8979,-249.4222,2.0,39.77194,0.4400528
-82.45254,-270.4412,2.0,40.93909,-0.1592792
-55.45231999999999,-259.6027,2.0,42.04782,0.04000023
-49.50739,-229.6743,2.0,44.70021,0.4166754
-40.695609999999995,-196.4854,2.0,48.951609999999995,0.29402940000000005
-14.692639999999999,-168.2677,2.0,54.93266,0.42417209999999994
7.980751,-136.0685,2.0,38.67501,-3.5689839999999995
3.644547,-120.8576,2.0,20.29739,0.6202274999999999
-5.790443,-106.2347,2.0,27.47928,0.2704587
-6.672225,-83.13046,2.0,34.99427,0.2568803
-6.781038000000001,-54.49899,2.0,42.21209,0.49775929999999996
-7.079836,-20.69203,2.0,48.992979999999996,0.4945387
-7.388496000000001,17.95334,2.0,55.150119999999994,-0.008477859
-19.46981,44.87348,2.0,25.74162,-1.223007
-25.8893,45.46752,2.0,3.060236,0.6865022
-27.446109999999997,40.629,2.0,11.68459,0.30228940000000004
-38.30017,42.546240000000004,2.0,19.82049,0.5841269
-54.83673,46.2405,2.0,26.971190000000004,0.5736388000000001
-77.48265,42.6475,2.0,34.6295,0.2535597
-105.7892,41.37983,2.0,41.84561,0.4912245
-138.504,36.87627,2.0,43.9909,-1.7635029999999998
-150.4334,20.503770000000003,2.0,13.00121,-2.5046169999999996
-147.9109,19.44541,2.0,6.841188000000001,0.6249678000000001
-143.2112,13.921679999999999,2.0,15.09475,0.29695
-149.2851,1.511717,2.0,22.94049,0.4550933
-147.8429,-16.40309,2.0,28.69353,0.258269
-142.0851,-35.07216,3.0,10.70011,0.5068828
-144.5374,-43.353229999999996,3.0,11.3885,-0.02698611
-152.1559,-51.59672,3.0,17.23163,-0.3223986
-163.007,-54.958090000000006,3.0,13.65843,-0.133784
-166.4306,-62.16905,3.0,10.17125,-0.08104552
-162.2234,-69.49908,3.0,15.43366,0.5601095
-148.7646,-71.97763,3.0,23.0524,0.5765511
-129.4498,-75.79009,3.0,29.954009999999997,-0.4630425
-113.6446,-87.5752,3.0,24.17376,-0.1964719
-107.8094,-105.2444,3.0,28.7761,-0.24014059999999998
-112.9503,-123.4562,3.0,23.075470000000003,-0.40493809999999997
-125.514,-132.77700000000002,3.0,23.0896,0.267415
-141.2055,-128.8589,3.0,23.804470000000002,0.3683028
-148.0484,-108.5756,3.0,28.22643,-0.7322022
-161.1739,-104.3649,3.0,17.57347,0.4282566
-167.179,-118.2429,3.0,24.90449,0.29948
-169.5843,-139.5264,3.0,32.73255,0.2507686
-168.1683,-166.3036,3.0,39.85747,0.5047649000000001
-166.6457,-198.3668,3.0,46.6023,0.4626361
-163.9808,-234.4406,3.0,48.33702,-0.7046661
-150.8955,-258.7562,3.0,30.68592,-1.094746
-133.3615,-251.0125,3.0,29.274859999999997,0.2522123
-125.1735,-229.5027,3.0,34.13389,0.195135
-128.0962,-203.0683,3.0,34.86717,-0.3799748
-121.7277,-180.8574,3.0,25.89701,-0.6318547
-108.7075,-184.3774,3.0,20.88133,0.14256129999999997
-108.8854,-202.0858,3.0,27.562459999999998,0.5382988000000001
-104.6364,-224.048,3.0,30.50975,-0.43661530000000004
-106.2687,-245.0768,3.0,29.84945,1.477207
-96.86568,-268.3045,3.0,36.78069,-0.06967925
-70.86434,-268.8044,3.0,27.815340000000003,-0.8039845999999999
-58.245830000000005,-267.9424,3.0,9.273969000000001,-0.48859369999999996
-56.32481,-266.7999,3.0,2.254882,0.5667483
-57.207319999999996,-267.3923,3.0,0.2668359,0.28319809999999995
-55.44088000000001,-265.5359,3.0,6.263455,0.1263517
-51.23489,-262.2587,3.0,8.026767,0.020129400000000002
-48.16536,-263.7215,3.0,0.34182929999999995,0.2438322
-49.74245,-260.4105,3.0,9.294155,0.6011934
-48.91663,-250.6858,3.0,17.3885,0.6397595
-45.27105,-235.3945,3.0,24.99909,0.2534827
-42.78396,-214.2866,3.0,32.19484,0.25388360000000004
-37.41575,-188.8513,3.0,37.37117,0.06537976
-16.90312,-167.4126,3.0,41.191159999999996,-0.9315224
-0.40610799999999997,-152.9684,3.0,22.78783,-0.3675098
10.22113,-142.4864,3.0,17.78536,-0.3550803
11.219000000000001,-131.2998,3.0,13.98744,1.002154
4.272456,-119.8008,3.0,22.05852,0.27690390000000004
-5.14979,-103.4479,3.0,29.194190000000003,0.5059418999999999
-10.27168,-79.82946,3.0,35.837270000000004,0.237004
-8.762522,-50.98782,3.0,42.22675,0.4737589
-4.057024,-17.9909,3.0,44.37048,-0.3230511
-3.9388660000000004,8.353906,3.0,20.72334,-2.242979
-4.842062,14.95851,3.0,3.527733,0.3801941
-6.1274370000000005,21.38645,3.0,13.315679999999999,0.6348121999999999
-10.9188,33.22963,3.0,21.20355,0.2624316
-25.940620000000003,43.20013,3.0,28.23218,0.2433188
-48.93415,44.61675,3.0,34.74195,0.5161653
-77.21885,44.13935,3.0,41.50738,0.4729213
-110.2,41.770720000000004,3.0,46.40337,-0.25151979999999996
-141.2228,35.90423,3.0,38.960770000000004,-0.1962807
-148.4454,13.941279999999999,3.0,32.78666,0.3916269
-144.6696,-10.99023,3.0,37.51905,0.4540134
-144.2809,-40.939209999999996,4.0,40.20827,-1.229524
-156.4427,-54.237719999999996,4.0,18.0459,-0.15872709999999998
-168.1263,-59.896480000000004,4.0,19.404970000000002,0.7277725
-158.6296,-71.53998,4.0,24.8442,0.4241255
-138.0611,-73.24043,4.0,31.1843,0.4206549
-116.6983,-86.08778000000001,4.0,36.87794,0.3878538
-109.4348,-112.3126,4.0,37.49519,-0.24579429999999997
-127.1501,-132.2795,4.0,35.889140000000005,-0.5018776
-145.2368,-121.2054,4.0,29.521009999999997,-0.10284160000000002
-148.1156,-100.575,4.0,22.82262,-2.452108
-160.4847,-101.5486,4.0,20.769370000000002,0.46705749999999996
-167.5277,-117.5647,4.0,27.621509999999997,0.5257132
-170.4708,-140.5269,4.0,34.758179999999996,0.241403
-168.4139,-168.6654,4.0,41.388059999999996,0.2345429
-165.4985,-201.5934,4.0,47.799620000000004,0.4709612
-163.0513,-237.4701,4.0,42.876909999999995,-1.709948
-154.4834,-254.0833,4.0,19.15896,-0.3276045
-139.5995,-258.1812,4.0,24.4648,0.23711910000000003
-128.3959,-244.1679,4.0,28.75405,0.5310016
-125.7336,-220.6309,4.0,35.11571,0.45533900000000005
-128.1334,-192.7754,4.0,40.06689,0.2291275
-109.3766,-176.8098,4.0,31.42555,-0.4058033
-100.2204,-190.6141,4.0,22.34664,-0.3414063
-114.4217,-198.6822,4.0,22.74636,-0.4357446
-114.5551,-201.5553,4.0,0.01001041,0.0006601775
-114.4774,-201.5727,4.0,1.246847,0.3597421
-111.4958,-201.3561,4.0,6.4329480000000006,0.1250935
-109.6815,-198.2575,4.0,1.244632,-0.5670049
-109.4914,-200.1437,4.0,6.249405,0.5133365
-108.0975,-207.215,4.0,13.155389999999999,0.24704970000000004
-105.8848,-219.2462,4.0,19.68383,0.4480754
-105.5028,-236.0154,4.0,25.66035,0.2065533
-103.5298,-256.7269,4.0,30.63583,0.14454329999999999
-86.0668,-271.6478,4.0,33.332609999999995,0.167321
-61.082,-266.5726,4.0,36.92002,0.09559757
-49.22729,-243.1826,4.0,37.91171,0.3568712
-46.90996,-213.5815,4.0,42.25027,0.1463108
-33.44869,-183.7717,4.0,45.87043,0.06893384
-8.280199,-160.764,4.0,41.9178,-2.1506830000000003
7.117025999999999,-146.4082,4.0,20.772029999999997,-0.4481446
12.77197,-134.9389,4.0,17.64464,0.5456810999999999
4.458975,-120.2928,4.0,26.26688,0.20877939999999998
-6.121938,-101.9771,4.0,31.42867,0.3925732
-10.476230000000001,-77.13880999999999,4.0,36.55489,0.3704255
-8.370836,-48.36015,4.0,41.37639,0.3499442
-2.6662150000000002,-16.473370000000003,4.0,46.073809999999995,0.3132986
-4.706639,18.51711,4.0,47.69138,-0.7924569
-16.785320000000002,38.23451,4.0,29.158990000000003,0.323825
-39.045770000000005,43.916129999999995,4.0,33.767340000000004,0.3826739
-65.96254,43.23502,4.0,38.90653,0.1728586
-96.63277,42.48662,4.0,43.747609999999995,0.1587933
-127.26899999999999,39.17775,4.0,34.90886,-1.486308
-141.327,34.837070000000004,4.0,16.317239999999998,0.2235729
-147.6671,22.432129999999997,4.0,22.091929999999998,0.41927970000000003
-146.5766,4.028716999999999,4.0,27.80387,0.2048083
-142.0537,-18.20489,4.0,33.3091,0.3792075
-145.0832,-42.39492,5.0,29.48762,-0.4198018
-161.0752,-54.23645,5.0,29.01997,0.1581151
-167.18200000000002,-67.75308000000001,5.0,18.469929999999998,0.1669846
-155.0007,-69.93724,5.0,18.30108,1.036637
-138.5672,-73.35506,5.0,25.74404,0.4745965999999999
-119.169,-81.37698,5.0,31.006909999999998,0.31244570000000005
-107.6982,-101.728,5.0,34.00647,0.08354519
-115.083,-125.2233,5.0,32.06008,-0.18907620000000003
-133.9481,-132.6073,5.0,24.46276,-0.7579293
-143.0676,-118.8518,5.0,25.88177,0.4271995
-154.3533,-101.9664,5.0,27.86705,-0.8339553
-165.6685,-105.98,5.0,16.431720000000002,0.9827117
-165.3164,-119.005,5.0,21.847170000000002,1.0036260000000001
-167.7405,-138.4119,5.0,34.30988,1.398068
-167.885,-169.9093,5.0,46.872009999999996,0.3691846
-164.2228,-206.4178,5.0,49.771209999999996,-0.4133675
-163.8861,-231.6725,5.0,21.702820000000003,-0.45010920000000004
-162.0556,-245.5616,5.0,16.176029999999997,-0.4145432
-155.46,-254.9645,5.0,19.1068,0.9068644
-139.2839,-259.4127,5.0,27.553209999999996,0.2722817
-126.5978,-240.5238,5.0,37.409009999999995,0.8045104000000001
-127.2374,-210.8278,5.0,38.753029999999995,-0.49369529999999995
-127.8904,-191.5609,5.0,19.09206,-0.22849160000000002
-119.8951,-182.6866,5.0,18.56439,0.7583146
-105.0729,-187.5833,5.0,24.54881,0.197752
-102.7022,-207.8641,5.0,32.93312,0.724445
-104.9504,-234.22299999999998,5.0,37.18655,-0.12429760000000001
-103.6659,-259.0844,5.0,29.64149,-0.7126201
-86.48541,-271.5699,5.0,31.94925,0.1261606
-62.1875,-267.407,5.0,35.58381,0.05327343
-49.80363,-244.5409,5.0,37.96141,0.3400688
-45.88776,-214.6687,5.0,42.85778,0.3380292
-35.056940000000004,-183.541,5.0,46.34555,0.07849336
-10.35968,-160.8374,5.0,33.24662,-1.902754
0.3562491,-153.9344,5.0,12.08329,-0.3340301
6.211126,-149.4935,5.0,7.892988000000001,-0.13955870000000004
10.23916,-145.3436,5.0,10.24645,0.48508409999999996
13.20897,-136.0347,5.0,16.58096,0.21318720000000002
7.369155999999999,-122.9745,5.0,22.49769,0.21236710000000003
-3.1983770000000002,-107.4682,5.0,28.201159999999998,0.1886138
-9.576554,-85.48877,5.0,33.542759999999994,0.1889767
-9.694533999999999,-58.900459999999995,5.0,38.44703,0.35608520000000005
-4.088262,-29.09317,5.0,43.29994,0.3484636
-1.482178,3.654657,5.0,40.20472,-1.392649
-5.926251000000001,23.17858,5.0,10.4596,-0.33022009999999996
-9.865314,31.32595,5.0,16.30633,0.4676698
-20.25665,40.81487,5.0,22.21807,0.2192312
-38.0995,45.1857,5.0,27.79585,0.4117357
-60.760459999999995,45.06688,5.0,33.365120000000005,0.3814832
-87.43557,43.98658,5.0,38.59494,0.3725759
-117.105,41.27738,5.0,37.387890000000006,-0.28910440000000004
-137.1032,37.98003,5.0,20.13403,0.990504
-146.7148,24.70068,5.0,25.3694,0.1998644
-146.7746,4.119959,5.0,30.59996,0.3856054
-142.0441,-20.05446,5.0,35.83699,0.3525443
-144.2992,-40.7292,6.0,14.59106,-1.8690799999999999
-149.5781,-50.06143,6.0,19.51002,0.5360855
-161.3688,-56.03726999999999,6.0,15.22425,-0.4250514
-166.1832,-63.97278000000001,6.0,15.43564,0.7182328
-155.3332,-72.8732,6.0,24.72242,0.4862755
-132.1149,-73.80853,6.0,37.27686,0.5905161
-110.0093,-92.85523,6.0,39.32461,-0.3468239
-115.1106,-114.3376,6.0,16.81919,-0.9985906999999999
-118.2254,-122.9326,6.0,14.93775,1.145475
-126.0768,-133.3155,6.0,17.020770000000002,0.05527401
-139.8488,-130.519,6.0,22.75311,0.3140152
-145.4094,-112.9706,6.0,26.9402,-0.643896
-150.3456,-104.1903,6.0,7.345499,0.2185096
-157.328,-100.6883,6.0,15.02943,0.5902123
-166.1558,-106.8115,6.0,17.24118,0.30615929999999997
-167.6524,-124.00299999999999,6.0,30.16355,0.49436040000000003
-168.8098,-151.2624,6.0,42.69644,0.8089729999999999
-167.1003,-186.8046,6.0,53.128040000000006,0.6802529
-163.6233,-225.7879,6.0,48.20637,-0.8247283000000001
-158.5513,-254.4499,6.0,31.045270000000002,-0.7495896
-141.0657,-257.4077,6.0,20.951320000000003,-0.2435984
-129.0612,-248.482,6.0,24.12765,0.3485533
-124.9291,-229.1588,6.0,29.497759999999996,0.3997569
-127.8793,-205.5343,6.0,34.77468,0.36842659999999994
-125.6141,-184.5213,6.0,16.41911,-0.5568835
-112.4463,-183.5468,6.0,21.63928,0.31373390000000007
-103.3311,-197.84900000000002,6.0,26.2374,0.194625
-103.4058,-219.2915,6.0,31.71329,0.4212826
-105.8639,-244.611,6.0,36.901790000000005,0.1655073
-96.06538,-269.8262,6.0,36.947309999999995,-0.3886202
-72.44369,-270.2279,6.0,28.627879999999998,-0.280942
-55.336569999999995,-263.7165,6.0,21.99142,0.3065805
-48.2792,-246.1862,6.0,29.69182,0.3980338
-44.79588,-222.36,6.0,35.130320000000005,0.1856134
-41.080040000000004,-194.7372,6.0,39.9814,0.2773525
-22.660629999999998,-171.5562,6.0,42.51767,0.34034990000000004
-2.479794,-156.526,6.0,19.4094,-1.028454
5.514812999999999,-150.3621,6.0,12.083789999999999,0.00123906
11.53284,-142.9423,6.0,14.988339999999999,0.5481680999999999
11.1282,-129.1632,6.0,23.43165,0.5909778
-2.376577,-112.0909,6.0,36.33067,0.9571344999999999
-9.435989999999999,-81.17255,6.0,49.77525,0.9216704
-6.832007000000001,-40.021370000000005,6.0,60.21573000000001,0.21812939999999997
-1.606323,3.6875139999999997,6.0,51.71229,-2.168216
-7.642258,26.17995,6.0,20.85683,-0.22970639999999998
-17.47484,39.54227,6.0,26.42707,0.686554
-40.4409,45.26384,6.0,38.84401,1.109579
-74.84111999999999,44.246759999999995,6.0,53.66393000000001,0.9670135
-114.9752,41.58385,6.0,37.22449,-4.5923680000000004
-129.209,38.94905,6.0,12.7648,-0.1368575
-140.9199,35.337579999999996,6.0,22.84344,0.38988429999999996
-147.6707,19.16674,6.0,27.02379,0.420995
-145.1839,-2.720527,6.0,32.519740000000006,0.1927674
-141.2077,-28.3592,6.0,37.032959999999996,0.1806307
-142.2572,-38.27052,7.0,11.11587,0.5200894
-146.6147,-47.83781,7.0,17.460079999999998,0.427609
-159.9429,-54.49117,7.0,23.06599,0.1416279
-168.2898,-67.17381,7.0,17.900920000000003,-0.5219908
-161.3649,-76.19623,7.0,16.68047,0.2307386
-148.0542,-75.17603000000001,7.0,20.09521,0.04605522
-133.009,-73.44894000000001,7.0,21.97856,0.245081
-116.8838,-81.72894000000001,7.0,29.05285,0.1858035
-108.0264,-102.3173,7.0,32.90365,0.13739160000000003
-118.1518,-124.8619,7.0,35.840559999999996,0.2071228
-142.4093,-130.0768,7.0,29.604029999999998,-1.5904770000000001
-145.7515,-119.0991,7.0,11.295910000000001,-0.36166040000000005
-143.253,-110.7601,7.0,17.55743,0.4473531
-151.6721,-101.9706,7.0,16.69827,0.06635918
-164.2848,-106.4492,7.0,20.96005,-0.24202889999999996
-166.0616,-121.0322,7.0,21.3692,0.5343359000000001
-167.2588,-140.0726,7.0,31.79519,1.077912
-169.6457,-168.7645,7.0,45.54197,0.9070228000000001
-170.0551,-206.8096,7.0,55.351459999999996,-0.47518009999999994
-165.7819,-242.0399,7.0,36.06602,-1.17736
-149.4437,-254.3593,7.0,24.39894,-0.5358495
-133.2761,-251.5815,7.0,22.764979999999998,0.0970466
-125.7096,-235.8914,7.0,29.713759999999997,0.24528289999999997
-126.0996,-211.7861,7.0,35.19664,0.18297829999999998
-124.2898,-185.1153,7.0,28.908490000000004,-2.797454
-113.9735,-180.8556,7.0,15.317720000000001,0.8535921999999999
-109.4559,-194.0641,7.0,22.548560000000002,0.4410963
-108.815,-212.9853,7.0,28.4532,0.39044309999999993
-108.4709,-236.1291,7.0,33.95176,0.1803604
-100.1564,-260.9517,7.0,37.601440000000004,0.18389979999999997
-75.13058000000001,-272.942,7.0,39.39315,0.02233834
-52.38754,-257.3057,7.0,39.4181,0.05104536
-48.98746,-227.364,7.0,43.07938,0.1690933
-38.62982,-196.6059,7.0,45.6793,0.2657116
-14.486670000000002,-170.4082,7.0,50.1621,0.1464486
6.938496000000001,-141.416,7.0,38.45622,-1.21059
6.294802,-121.8985,7.0,25.19045,0.4222947
-5.061602,-103.3109,7.0,33.56795,0.7637487
-3.599468,-72.72838,7.0,50.365559999999995,1.246159
-0.5330835999999999,-29.53585,7.0,66.21299,1.019475
-2.911653,18.46695,7.0,57.14669,-2.321875
-17.8848,41.805820000000004,7.0,28.65813,-0.28675059999999997
-42.84806,40.67544,7.0,39.18908,0.37854190000000004
-73.76420999999999,40.40331,7.0,44.06814,0.353573
-108.1193,41.17794,7.0,48.62769,0.3346348
-141.5587,35.90408,7.0,33.86085,-2.96073
-146.4967,16.24182,7.0,30.30053,0.4090002
-145.1398,-8.219173,7.0,35.654090000000004,0.18853150000000002
-146.3366,-36.49414,8.0,40.60718,0.2519533
-162.3191,-57.511030000000005,8.0,30.884829999999997,-2.5724669999999996
-167.2704,-71.97434,8.0,24.09168,0.7296595
-149.8469,-78.65802,8.0,29.07205,0.38511300000000004
-126.9914,-79.39548,8.0,32.77942,0.16612910000000003
-111.655,-98.8271,8.0,35.85833,0.23467910000000003
-117.8333,-124.1659,8.0,37.29403,0.09880258
-141.8328,-130.8471,8.0,25.92802,-1.968516
-146.1692,-127.1331,8.0,3.5669459999999997,0.7345383000000001
-142.3746,-122.7474,8.0,11.46916,0.2506149
-143.6747,-112.3284,8.0,17.6974,0.22436620000000002
-154.9366,-102.6876,8.0,22.92574,0.2161007
-167.5597,-111.48100000000001,8.0,24.54136,0.2865783
-166.5446,-131.5252,8.0,29.89423,0.19164089999999998
-169.9744,-155.39700000000002,8.0,35.17224,0.3679746
-170.3385,-183.2416,8.0,39.97975,0.34186880000000003
-168.9438,-214.6024,8.0,44.79379,0.3424263
-163.3267,-247.7148,8.0,42.4968,-1.167825
-140.0525,-255.2045,8.0,29.60639,-0.8167359000000001
-127.6215,-238.5943,8.0,31.26796,0.131298
-127.3907,-213.6859,8.0,36.29735,0.3735093
-124.2826,-186.1133,8.0,34.73565,-1.369251
-112.0657,-180.7162,8.0,15.22533,0.9532449000000001
-107.238,-193.25799999999998,8.0,21.70279,0.22049459999999999
-106.6097,-211.5567,8.0,27.66893,0.4098876
-105.8404,-234.2121,8.0,33.24746,0.1890913
-99.95376999999999,-259.5478,8.0,37.2198,0.05624266
-76.38889,-272.9413,8.0,38.54422,-0.03378891
-52.616009999999996,-258.7461,8.0,39.517379999999996,0.0144922
-46.831990000000005,-229.4246,8.0,42.8996,0.16338270000000002
-40.043620000000004,-197.3423,8.0,45.40081,-0.07576116
-15.93505,-172.4656,8.0,48.95401,0.2690421
6.085709,-143.0976,8.0,45.460029999999996,-1.634072
3.8404540000000003,-117.0689,8.0,34.40777,0.43498919999999996
-6.726856,-91.82247,8.0,39.262859999999996,0.12477910000000002
-2.041746,-61.40554,8.0,43.92841,0.3506259
-1.382815,-27.10878,8.0,48.4413,0.14955610000000003
-2.225349,10.36603,8.0,52.715340000000005,0.28294250000000004
-14.88716,40.26397,8.0,33.07251,-1.018311
-26.33045,41.33957,8.0,4.396629,0.05646892
-29.17672,37.08971,8.0,10.855310000000001,0.2166574
-37.74191,41.93268,8.0,17.213720000000002,0.46895600000000004
-47.54573,48.57403,8.0,5.4794339999999995,-2.177387
-48.01954,48.58688,8.0,0.02837856,-0.0006835714
-48.39161,47.159729999999996,8.0,4.214059,0.007566744
-47.50761,43.643390000000004,8.0,4.600803,-0.523516
-48.24601,44.135659999999994,8.0,6.155098000000001,0.3473844
-55.66389,46.4295,8.0,15.057170000000001,0.6269914000000001
-69.84527,44.885670000000005,8.0,23.39698,0.29385259999999996
-90.03981,42.311409999999995,8.0,31.31927,0.520112
-115.8718,43.92546,8.0,38.5487,0.4887021
-141.5418,34.16343,8.0,38.51007,-0.06968952
-144.1473,4.597396,8.0,44.633390000000006,0.2874105
-147.0529,-30.30375,8.0,46.05446,-0.6278464
-142.1371,-35.20511,9.0,2.453928,-0.05264218
-143.9007,-41.39179,9.0,14.010010000000001,0.3184269
-149.385,-49.57716,9.0,12.02008,-0.1954747
-157.9654,-53.29305,9.0,14.142879999999998,-0.20915820000000004
-165.8148,-57.881240000000005,9.0,11.03739,-0.1056618
-165.9467,-66.25348000000001,9.0,16.496589999999998,0.9908585999999999
-154.1438,-73.64267,9.0,18.575960000000002,-0.316358
-141.7096,-72.78049,9.0,15.108770000000002,-0.116574
-127.5978,-75.61265999999999,9.0,25.11286,0.09687748
-112.7421,-87.16496,9.0,26.129820000000002,0.06196794
-107.1645,-105.1625,9.0,23.99031,-0.376106
-109.1596,-116.3116,9.0,11.598419999999999,-0.1686074
-113.3638,-125.6444,9.0,20.5953,0.9544719000000002
-125.4023,-134.6391,9.0,18.840339999999998,-0.32654720000000004
-137.4888,-132.8007,9.0,15.53164,0.013651
-145.2862,-121.0307,9.0,24.40745,0.5616661000000001
-151.8999,-103.0247,9.0,20.10068,-0.7550871
-161.8523,-100.3227,9.0,12.67872,-0.27829729999999997
-166.8453,-110.8812,9.0,23.110529999999997,1.1018379999999999
-168.5999,-133.3074,9.0,37.18875,0.9204711999999999
-168.8757,-164.5367,9.0,45.17365,0.3269871
-165.5003,-199.0682,9.0,47.0286,-0.6506350000000001
-163.0179,-230.5839,9.0,37.45375,-0.46712349999999997
-158.6301,-251.3817,9.0,24.616410000000002,-0.4631339
-145.3283,-260.2025,9.0,19.38342,-0.20570029999999997
-132.8964,-254.824,9.0,23.26834,0.4518562
-125.0299,-233.7227,9.0,36.030120000000004,0.49488770000000004
-127.7263,-207.2492,9.0,30.51763,-1.1827450000000002
-128.4571,-191.8708,9.0,15.03455,-0.24038360000000003
-123.8689,-183.0172,9.0,15.069339999999999,0.6651598000000001
-110.8464,-183.1211,9.0,18.16084,-0.16298729999999997
-103.3887,-191.8938,9.0,15.64146,0.35332470000000005
-102.7311,-208.9073,9.0,30.343790000000002,0.9577025
-105.5183,-234.5945,9.0,37.99788,-0.04528331
-102.5543,-260.9986,9.0,34.71922,-0.1400843
-82.58341,-273.1273,9.0,32.871359999999996,0.1478939
-59.95675,-266.2006,9.0,31.84051,-0.09889395
-49.248259999999995,-244.7216,9.0,34.87999,0.30927899999999997
-45.069759999999995,-218.2569,9.0,36.85575,-0.10989020000000001
-39.83464,-192.5401,9.0,33.55743,-0.41854890000000006
-27.217240000000004,-173.8067,9.0,27.63208,-0.2156756
-12.350539999999999,-162.7009,9.0,22.71271,-0.3101365
0.6846926999999999,-154.118,9.0,19.22407,-0.1550066
10.66504,-144.6945,9.0,20.68705,0.5818960999999999
10.33265,-128.0231,9.0,26.340320000000002,0.49090909999999993
-2.7553259999999997,-111.598,9.0,29.61836,0.06961844
-9.718477,-90.72878,9.0,30.158540000000002,0.05596856
-11.051680000000001,-67.60370999999999,9.0,33.3267,0.1504852
-7.517861,-42.14663,9.0,35.50204,0.035939599999999995
-2.931845,-15.82179,9.0,36.56327,0.07398431
-2.802969,9.462332,9.0,28.70683,-0.9931411
-7.079188,26.640959999999996,9.0,20.00881,-0.2997832
-16.686629999999997,39.02433,9.0,25.95416,0.5127132000000001
-37.34795,45.29186,9.0,32.86265,0.49520690000000006
-64.29101999999999,43.88386,9.0,40.01402,0.25287489999999996
-96.62433,43.715920000000004,9.0,46.835029999999996,0.4830441
-130.7184,39.858290000000004,9.0,40.115990000000004,-1.4437309999999999
-147.4098,22.96285,9.0,34.35443,0.05006682
-141.9056,-4.002482,9.0,40.45883,0.2089874
-143.3876,-32.32027,9.0,25.47792,-2.492818
-147.3847,-45.147940000000006,10.0,19.15847,0.357426
-157.8327,-54.34757,10.0,17.402810000000002,-0.2467522
-166.7994,-60.92931,10.0,13.27334,-0.16078979999999998
-162.8631,-71.05434,10.0,18.780160000000002,0.1852262
-149.9005,-72.73734,10.0,18.56655,0.12721960000000002
-136.6911,-73.23671,10.0,17.74592,0.9882287000000001
-120.1151,-79.74765,10.0,28.29792,0.2483248
-107.6062,-98.65144000000001,10.0,34.2026,0.1821211
-112.2508,-123.6945,10.0,30.483959999999996,-0.6459665
-126.7103,-133.3883,10.0,21.07225,-0.36485229999999996
-139.809,-130.6292,10.0,17.20964,0.6729975
-145.8891,-116.2982,10.0,25.187910000000002,0.2829538
-150.5392,-104.3922,10.0,4.196712000000001,-0.14740910000000002
-155.1769,-101.0552,10.0,12.20083,0.5411395
-165.1666,-104.4721,10.0,18.55803,0.42381549999999996
-167.938,-120.3315,10.0,25.4387,0.5009032999999999
-168.8683,-141.7444,10.0,32.856559999999995,0.7493305
-168.3409,-167.7021,10.0,37.16302,0.40271979999999996
-166.5005,-196.298,10.0,39.93513,0.04642913
-164.2466,-223.6384,10.0,33.2004,-0.2708975
-162.1331,-245.4694,10.0,26.16987,-0.5551439
-151.2885,-257.9273,10.0,21.013920000000002,0.5505356
-134.9925,-256.8708,10.0,23.75027,-0.04892392
-126.2415,-240.4816,10.0,27.1805,0.24328629999999998
-125.5956,-219.3993,10.0,30.20208,0.10900239999999999
-127.766,-199.1508,10.0,19.7492,-1.617955
-127.2949,-187.2163,10.0,13.867920000000002,-0.3545547
-119.9794,-181.9608,10.0,14.81904,0.492766
-107.6801,-184.8327,10.0,18.13401,-0.1426284
-102.9926,-197.155,10.0,19.60154,0.08852033
-103.85700000000001,-212.6287,10.0,21.766,0.01534953
-105.0465,-228.9269,10.0,24.09604,0.259515
-105.9999,-249.226,10.0,29.86471,0.02300196
-97.33192,-268.5532,10.0,29.85564,0.6274906
-72.95222,-271.5896,10.0,37.365629999999996,0.29294580000000003
-51.62075,-255.4044,10.0,37.924479999999996,0.252946
-46.85496,-225.31599999999997,10.0,43.336240000000004,0.07962844
-40.47202,-195.1468,10.0,37.5228,-0.3312423
-27.3518,-174.4951,10.0,29.488840000000003,-0.5089607
-11.853589999999999,-162.7562,10.0,21.708029999999997,-2.223065
-2.962917,-156.5717,10.0,15.68586,1.032435
8.337295,-147.7808,10.0,19.296789999999998,-0.06493248
13.02174,-133.0317,10.0,26.381040000000002,0.3160978
-0.1336029,-116.4645,10.0,31.78535,0.382562
-9.266125,-93.14761,10.0,34.43123,-0.2807815
-10.13738,-69.35545,10.0,33.448859999999996,0.2358736
-7.426202,-42.335440000000006,10.0,39.82076,0.47276709999999994
-2.558938,-10.93327,10.0,45.705059999999996,0.39205650000000003
-5.281861,23.87914,10.0,46.24865,-0.7569664
-28.56001,43.58889,10.0,43.686690000000006,0.3236495
-62.52499,44.1717,10.0,48.60559,0.4042763
-100.4358,42.896190000000004,10.0,53.82969,0.1740327
-135.0422,38.00512,10.0,39.186009999999996,0.06913883
-148.6288,16.19621,10.0,36.7444,0.1276695
-141.4023,-11.94641,10.0,41.779379999999996,0.1592511
-146.0899,-39.19798,11.0,33.62627,0.43512029999999996
-163.0966,-58.866330000000005,11.0,37.86912,0.05572721
-168.1425,-78.18446,11.0,20.965510000000002,-1.103612
-155.5728,-75.89326,11.0,22.45875,0.5176634
-139.4084,-70.24051,11.0,27.0042,0.1715261
-120.4908,-82.0192,11.0,32.28537,-0.4776397
-109.0323,-101.6332,11.0,33.48704,0.3449742
-116.149,-125.0088,11.0,29.28417,-0.5586709
-134.1776,-132.5534,11.0,29.54895,0.32443649999999996
-144.7871,-114.2594,11.0,32.951370000000004,0.22434810000000002
-149.3304,-102.1573,11.0,11.7344,1.1673280000000001
-162.1909,-102.8908,11.0,23.09142,0.27720759999999994
-166.4974,-120.3034,11.0,28.201659999999997,0.5010992999999999
-167.0456,-143.5751,11.0,34.75496,0.49058609999999997
-167.86,-171.52,11.0,40.80255,0.4347245
-164.7393,-203.8223,11.0,46.71488,0.405959
-162.1527,-238.2747,11.0,41.716879999999996,-0.6495889
-150.2281,-258.3081,11.0,28.734859999999998,0.3279289
-130.6427,-253.5604,11.0,29.728579999999997,0.17111120000000002
-125.2943,-230.1427,11.0,35.54847,0.4233285
-127.7989,-202.2364,11.0,35.7754,-0.8773986999999999
-120.62200000000001,-180.6824,11.0,26.74633,0.1477113
-107.0469,-188.3256,11.0,24.56201,0.37345259999999997
-106.6658,-208.8464,11.0,31.003590000000003,0.479322
-106.697,-233.93,11.0,37.13082,0.2191279
-101.9564,-262.3267,11.0,41.245709999999995,0.00623138
-75.97676,-271.9991,11.0,40.51551,0.15788010000000002
-51.3847,-256.1324,11.0,41.06278,0.07473237
-45.11436,-224.4463,11.0,46.3619,0.2023792
-37.42175,-189.1727,11.0,50.958220000000004,0.1903845
-12.58446,-163.9815,11.0,40.41819,-1.457883
7.283902,-148.7641,11.0,29.698490000000003,-0.2952389
11.43065,-131.0497,11.0,23.05232,1.291148
0.4246420999999999,-115.0482,11.0,29.727729999999998,0.4345242
-8.34497,-92.78445,11.0,35.643029999999996,0.4614518
-10.14156,-64.28361,11.0,41.56903,0.210533
-4.973937,-31.692359999999997,11.0,47.355709999999995,0.40861179999999997
-2.073744,5.070332,11.0,52.306129999999996,0.1898008
-15.77749,39.278209999999994,11.0,47.56556,-0.20078310000000002
-49.00298,44.23525,11.0,48.17537,0.41643359999999996
-86.6078,41.83338,11.0,53.5634,0.1913246
-126.4067,39.73901,11.0,47.9663,-1.572713
-149.6425,21.02523,11.0,40.58417,-0.24350039999999998
-143.3596,-8.867311,11.0,43.732459999999996,0.34029149999999997
-145.1272,-40.73183,12.0,37.8502,-1.3419020000000002
-161.8653,-53.90444,12.0,28.7857,0.111516
-166.1281,-69.64126999999999,12.0,23.79255,0.03626147
-147.9987,-71.18512,12.0,28.39575,0.43616590000000005
-125.56299999999999,-76.11626,12.0,34.286229999999996,0.43124090000000004
-107.9646,-95.86835,12.0,38.47307,0.2338881
-112.244,-120.6104,12.0,28.76255,-0.8239466000000001
-128.4402,-132.1694,12.0,24.74421,-0.2503942
-143.7123,-127.9613,12.0,24.07222,0.11254580000000002
-147.6914,-108.7186,12.0,29.31437,-0.20880990000000002
-161.1387,-100.8913,12.0,19.486320000000003,0.1269508
-167.7056,-114.7377,12.0,27.62182,0.4783397
-167.6624,-139.9984,12.0,37.72868,0.21186929999999998
-167.9414,-169.976,12.0,43.4546,0.2007747
-165.687,-204.3785,12.0,49.198840000000004,0.4003132
-163.063,-241.1652,12.0,44.23294,-0.6069015
-144.8969,-258.5609,12.0,28.83714,-0.4673576
-130.2151,-244.6203,12.0,30.96415,0.5875484000000001
-125.6456,-220.0048,12.0,36.84512,0.3994074
-128.5702,-193.5265,12.0,33.20536,0.05375453
-114.2201,-179.8858,12.0,27.4945,-0.47311559999999997
-107.7419,-194.827,12.0,26.258409999999998,0.4977424
-110.3869,-216.2804,12.0,32.6155,0.238612
-107.9727,-242.805,12.0,38.985659999999996,0.2033544
-95.0197,-268.9438,12.0,40.12572,-0.3504265
-65.95992,-268.7141,12.0,42.333420000000004,0.2182183
-45.44947,-248.5443,12.0,36.66673,-0.5846802
-53.78439,-226.3129,12.0,27.798240000000003,-1.811897
-53.004419999999996,-217.1687,12.0,5.563626,0.009343499
-53.340630000000004,-214.9276,12.0,1.2314479999999999,0.49191779999999996
-50.91129,-218.1826,12.0,9.676638,0.5490773
-43.21467,-214.7692,12.0,15.85604,0.42746369999999995
-41.76293,-204.58,12.0,12.81563,0.6185388
-39.97643,-191.1105,12.0,22.622410000000002,0.5161898
-30.00272,-174.858,12.0,29.187890000000003,0.4587419
-10.39325,-161.1956,12.0,35.598209999999995,0.4572818
9.895885,-143.2968,12.0,35.89587,-0.7791633000000001
7.51152,-122.2903,12.0,30.560340000000004,0.8412028
-7.062192,-97.75697,12.0,46.581579999999995,0.3623026
-9.745074,-60.02596,12.0,54.19693,0.1531931
-3.037182,-18.624979999999997,12.0,59.03881,0.3474041
-5.212802,21.33948,12.0,38.3286,-1.87235
-19.9041,41.31008,12.0,36.389140000000005,0.2191145
-47.393359999999994,44.94018,12.0,40.60049,0.21736170000000002
-79.58405,44.52908,12.0,46.36518,0.39680479999999996
-115.7437,41.20604,12.0,50.4191,-0.26790040000000004
-148.8624,30.88182,12.0,44.92593,-0.6640833
-152.8172,13.43152,12.0,9.102509,-0.7963452
-152.2066,12.759839999999999,12.0,6.174617,0.3851849
-147.0289,8.024523,12.0,14.00487,0.28841490000000003
-146.0622,-5.181988,12.0,21.51911,0.5216849
-142.6381,-23.4614,12.0,28.5899,0.47000859999999994
-142.1512,-35.429629999999996,13.0,7.537317999999999,0.2938765
-145.0662,-43.43869,13.0,15.465520000000001,0.5310664
-155.8178,-52.29958,13.0,22.6342,0.5299114
-167.2994,-64.92806999999999,13.0,22.19527,-0.6425390999999999
-159.7679,-75.56726,13.0,17.81128,0.1431134
-145.1299,-73.90359000000001,13.0,20.92297,-0.36197199999999996
-130.7157,-72.81355,13.0,22.318479999999997,0.2600299
-114.4415,-81.93724,13.0,28.5631,0.41095470000000006
-106.6303,-103.25200000000001,13.0,33.813109999999995,0.1582573
-118.2398,-126.2014,13.0,37.729659999999996,0.2852552
-142.3636,-130.1423,13.0,25.315279999999998,-2.1414150000000003
-144.3873,-122.5633,13.0,6.317826,0.5366228
-138.2113,-122.2416,13.0,0.7377855999999999,0.4557727
-141.5401,-123.3231,13.0,8.627310000000001,0.2585863
-145.5028,-128.2184,13.0,5.414175,-0.40272129999999995
-145.438,-128.2709,13.0,4.74339,0.3514722
-142.5052,-122.1171,13.0,13.54768,0.29800879999999996
-140.53,-109.7931,13.0,20.95982,0.4709242
-152.618,-97.91119,13.0,26.395809999999997,0.443144
-166.1712,-106.8313,13.0,23.4895,1.1043290000000001
-167.7117,-128.1419,13.0,32.48987,0.2616825
-167.5403,-154.8877,13.0,39.30912,0.4668482
-167.9774,-186.4027,13.0,45.74608,0.4440292
-168.0553,-222.5458,13.0,51.73499,0.1897188
-155.2803,-254.2069,13.0,43.68013,-0.3598079
-129.8441,-251.6207,13.0,29.069129999999998,-0.7858911999999999
-128.4153,-228.2556,13.0,37.36213,0.8363311999999999
-127.6096,-198.37099999999998,13.0,39.30803,-0.5267661
-123.0162,-183.4803,13.0,14.298470000000002,-0.07720388
-111.6568,-183.0718,13.0,20.479789999999998,0.1798766
-104.8964,-198.5667,13.0,26.911379999999998,0.5266196
-106.887,-220.96900000000002,13.0,33.942190000000004,0.4814349
-105.4955,-248.014,13.0,39.604820000000004,0.3831245
-86.11185,-270.8268,13.0,42.641040000000004,-0.003343128
-57.08996,-264.4302,13.0,42.51532,-0.01235043
-48.98323,-234.2117,13.0,45.63002,0.47181409999999996
-43.706340000000004,-201.8568,13.0,41.77616,0.1755939
-24.04697,-175.7354,13.0,47.27283,0.2123972
1.4220030000000001,-148.4586,13.0,52.08775,-0.2411576
7.426847,-116.4443,13.0,39.802279999999996,-1.560865
-8.600636,-98.74436999999999,13.0,27.859479999999998,-0.2337162
-6.54556,-75.62526,13.0,35.24961,0.4907878
-5.497548999999999,-47.05358,13.0,41.906290000000006,0.47701179999999993
-4.3023050000000005,-13.71049,13.0,48.127990000000004,0.20676509999999998
-5.89771,23.50657,13.0,48.89897,-1.326674
-25.28282,41.82965,13.0,29.105520000000002,-0.8030248000000001
-34.38917,34.08569,13.0,13.9539,0.1876651
-35.11808,32.58828,13.0,0.07297091,0.04012026
-35.16447,32.594120000000004,13.0,0.05536525,0.009311412
-34.51253,34.61861,13.0,6.940612,0.732416
-32.89627,41.8375,13.0,9.188357,-0.8254149
-32.24557,44.77386,13.0,0.7314349,0.6130808000000001
-34.35837,41.99714,13.0,8.893349,0.5770844
-43.39613,42.63658,13.0,16.343120000000003,0.5195714
-57.79277,45.348079999999996,13.0,23.20095,0.4725298
-77.24186999999999,43.08987,13.0,29.7247,0.47174309999999997
-101.4652,42.54733,13.0,35.702059999999996,0.4401705
-129.4186,39.659659999999995,13.0,40.489090000000004,0.09458002
-147.4517,19.10909,13.0,38.41982,0.2236417
-145.6795,-10.98906,13.0,43.54067,0.1845136
-146.6309,-44.16318,14.0,43.2393,-1.241098
-162.505,-62.0518,14.0,25.85043,-1.141022
-154.3831,-75.25877,14.0,26.06764,0.16167579999999998
-132.9782,-76.2164,14.0,31.75641,0.2920929
-113.3383,-90.8179,14.0,35.842690000000005,0.2463779
-112.36,-117.1442,14.0,38.191759999999995,0.15473499999999998
-134.7749,-132.0088,14.0,33.73369,-1.544345
-146.2332,-121.5817,14.0,11.26475,-2.398254
-146.23,-119.5632,14.0,1.9482270000000002,-0.003396528
-147.0875,-118.4838,14.0,1.6616119999999999,-0.0939602
-147.9677,-117.7267,14.0,2.443616,0.4397858
-150.6577,-117.3644,14.0,3.497327,-0.6414854
-149.4596,-116.6975,14.0,6.434356,0.309483
-144.8755,-110.4725,14.0,14.72502,0.28329840000000006
-149.6773,-98.76286999999999,14.0,21.427220000000002,0.4548811
-165.1565,-101.4938,14.0,25.41945,0.14498529999999998
-167.0096,-121.59899999999999,14.0,31.254459999999998,0.5246923000000001
-166.6323,-147.2705,14.0,38.16738,0.5054983000000001
-166.8008,-178.0109,14.0,44.75423,0.45601499999999995
-167.2059,-213.4519,14.0,50.89752,0.20666149999999997
-159.5201,-248.2273,14.0,40.00891,-1.521276
-142.4505,-253.8094,14.0,10.69913,-1.015418
-141.5215,-250.3604,14.0,3.12955,-0.23616489999999998
-139.09799999999998,-248.1997,14.0,7.760339999999999,0.5179788
-130.85399999999998,-250.3989,14.0,14.862729999999999,-0.15592879999999998
-122.1776,-250.1999,14.0,10.33592,-0.33164829999999995
-122.0099,-241.4509,14.0,16.678620000000002,0.6671286
-125.5634,-226.4917,14.0,24.666439999999998,0.5362157
-127.4139,-205.5682,14.0,32.070209999999996,0.5227134
-122.7261,-182.016,14.0,31.2263,-0.5948569
-106.556,-184.4368,14.0,24.00764,0.9137114
-106.5822,-208.4586,14.0,42.581990000000005,1.538163
-105.1448,-246.5369,14.0,57.33002,0.10554880000000001
-80.39948000000001,-271.9658,14.0,44.91294,0.2818352
-51.39585,-259.5139,14.0,43.45985,-0.1723436
-49.49858,-227.3143,14.0,46.62986,0.17381549999999998
-38.24357,-194.02900000000002,14.0,50.48131,0.36600759999999993
-11.18465,-165.6229,14.0,55.846869999999996,0.4199581
9.946825,-133.0623,14.0,41.92743,-1.309364
0.7332903000000001,-113.4016,14.0,25.7256,-0.4599219
-5.863373,-93.11298000000001,14.0,32.66407,0.4903037
-4.148276999999999,-66.4457,14.0,39.51701,0.4775929
-2.433853,-34.74347,14.0,46.0132,0.46464629999999996
-2.658772,1.60152,14.0,52.09903,0.43209620000000004
-12.53472,36.20939,14.0,44.52645,-0.43936400000000003
-43.2235,41.47905,14.0,45.41069,0.2141737
-79.21123,40.25005,14.0,51.48033,0.41657849999999996
-119.0133,41.54699,14.0,52.24942,-0.7565316999999999
-144.2928,29.27712,14.0,27.04818,-2.422241
-144.4224,22.10245,14.0,3.082605,0.6459714
-141.7675,24.76894,14.0,5.023582,-0.1839188
-141.9584,24.46548,14.0,5.803642,0.5219060999999999
-147.0872,21.38788,14.0,9.279793,-0.06058929
-149.4942,22.00958,14.0,1.751554,0.33603790000000006
-145.6527,19.241139999999998,14.0,10.9454,0.6352994000000001
-141.1173,9.185019,14.0,19.284779999999998,0.6041017
-141.1874,-8.070775,14.0,27.327109999999998,0.579051
-141.7693,-33.806470000000004,1.0,4.557881,0.7442453
-142.0254,-39.05225,1.0,11.0459,0.6546949000000001
-146.0686,-49.46419,1.0,19.60588,0.29498040000000003
-160.0663,-59.95454,1.0,27.227240000000002,0.1319068
-157.0851,-76.36998,1.0,24.81645,-0.2897761
-141.4875,-68.72516999999999,1.0,25.822789999999998,-0.3968669
-135.8708,-68.27757,1.0,0.02766986,0.0002795949
-135.8522,-68.28043000000001,1.0,0.02572259,-0.0008005677
-135.8339,-68.28291,1.0,0.02382466,-0.007388665
-135.9277,-68.64786,1.0,3.107477,0.2912093
-135.8768,-71.87794,1.0,4.528161,-0.01842205
-135.7932,-74.92995,1.0,3.7094730000000005,-0.06697053
-136.8811,-76.51041,1.0,0.8063315999999999,0.40229390000000004
-133.1657,-74.99846,1.0,9.947092999999999,0.46158190000000004
-123.0063,-77.24806,1.0,18.17302,0.5003151
-114.1537,-90.59297,1.0,25.70299,0.55742
-110.62700000000001,-111.5655,1.0,32.219879999999996,0.3837008
-125.4477,-131.5535,1.0,36.67044,0.2535453
-145.7689,-126.5481,1.0,23.18431,-1.049674
-139.5518,-112.8213,1.0,24.71953,0.1231963
-138.4577,-108.7145,1.0,0.02211225,0.002222023
-138.4585,-108.7324,1.0,0.02681956,-0.02274908
-138.9745,-108.5265,1.0,4.372424,0.751396
-144.1113,-109.0488,1.0,7.986592999999999,-0.06932775
-145.5276,-110.5032,1.0,3.1272330000000004,0.6454274
-144.4255,-105.1408,1.0,11.75228,0.2977152
-151.4209,-96.52557,1.0,19.04365,-0.3909685
-162.6828,-98.5402,1.0,14.04941,-0.2831818
-166.7563,-111.9034,1.0,26.72076,0.9632381999999999
-170.3948,-135.6249,1.0,37.08778,0.1307769
-162.9447,-163.3901,1.0,36.70029,-0.6793839
-167.1973,-187.3447,1.0,29.73524,0.06143971
-167.1613,-214.5246,1.0,40.24944,-0.5645675
-164.7321,-241.24099999999999,1.0,31.9035,-0.8711954
-148.4933,-251.0736,1.0,26.76347,0.3085102
-127.141,-245.0844,1.0,32.45861,-0.22695210000000002
-125.2899,-228.6777,1.0,23.971020000000003,0.5433339
-128.836,-213.6028,1.0,22.94545,-0.02911864
-123.0251,-200.4668,1.0,17.56949,0.2153331
-124.3315,-188.1534,1.0,14.743260000000001,-0.41596000000000005
-113.6209,-184.9456,1.0,19.529120000000002,-0.15197860000000002
-110.4084,-196.2343,1.0,14.474039999999999,-0.048550499999999996
-109.9868,-207.1106,1.0,17.50243,0.5883431
-108.5026,-222.9685,1.0,25.38984,0.5545751
-105.8032,-244.3418,1.0,32.67815,0.2518272
-92.6278,-266.4047,1.0,37.72165,0.11618769999999999
-65.36914,-268.5626,1.0,39.48813,0.002925251
-51.9715,-244.0177,1.0,40.57928,0.43742029999999993
-46.3718,-212.6977,1.0,45.83628,0.4030896
-25.933329999999998,-183.3834,1.0,51.23943,0.43080340000000006
-0.519967,-152.4162,1.0,56.85549,0.3970715
11.75474,-115.5789,1.0,37.7928,-2.280231
10.121089999999999,-104.4124,1.0,1.377375,-0.10081810000000001
9.751433,-104.2389,1.0,0.129889,0.15550550000000002
11.787189999999999,-105.5943,1.0,6.406003,0.1800986
17.17178,-107.2459,1.0,6.225293,-0.7134312
18.07623,-107.0569,1.0,3.36657,0.3201212
12.72949,-109.0666,1.0,11.93486,0.30528299999999997
2.471812,-111.2213,1.0,16.845010000000002,0.1000688
0.712621,-97.61875,1.0,23.06598,0.2419854
-2.293831,-78.77449,1.0,29.637009999999997,0.509717
-5.562972,-54.65761,1.0,36.275059999999996,0.4842967000000001
-6.365003,-25.38082,1.0,42.77299,0.47046059999999995
-6.432507,8.578478,1.0,48.82418,0.21240019999999998
-13.25864,39.9885,1.0,33.260940000000005,-2.58053
-24.17202,42.22337,1.0,14.834320000000002,0.55501
-36.580659999999995,37.76485,1.0,21.89122,0.407393
-55.3534,39.87635,1.0,29.109659999999998,0.5186539000000001
-79.52269,39.5492,1.0,36.05039,0.49782840000000006
-108.6527,40.193940000000005,1.0,42.57949,0.4670924
-138.6854,37.48154,1.0,33.42033,-1.599163
-142.8256,24.65467,1.0,9.771778,-1.101467
-137.7513,24.276229999999998,1.0,0.07267479,0.08750439
-137.7518,24.22774,1.0,0.05508882,0.01015471
-138.2222,24.3624,1.0,3.610443,0.6049135
-143.4041,24.30604,1.0,9.792214,0.16198089999999998
-150.1915,25.12011,1.0,5.299436,-0.7421386999999999
-150.6275,25.18855,1.0,3.8069629999999997,0.318918
-147.2778,20.64775,1.0,11.82746,0.563901
-150.49,10.08184,1.0,18.83856,0.458204
-149.7878,-5.369192,1.0,24.7374,0.24157960000000003
-146.2446,-25.810570000000002,1.0,31.236390000000004,0.21529250000000003
-152.2824,-48.37823,2.0,32.20362,-0.1261002
-167.0483,-64.45505,2.0,27.813670000000002,-0.8695364
-157.274,-72.22488,2.0,10.68693,-0.5933573000000001
-155.7181,-68.52682,2.0,0.05676142,-0.05769761
-155.6817,-68.52811,2.0,0.04078609,0.01431665
-156.0621,-70.08429,2.0,4.9728900000000005,0.05997575
-156.5389,-73.80264,2.0,4.776961,-0.04244456
-156.7249,-74.78333,2.0,3.5169120000000005,0.6795791
-151.2804,-72.75401,2.0,12.615910000000001,0.3120308
-141.0101,-79.22296,2.0,20.77542,0.5463448000000001
-127.2863,-83.31311,2.0,17.61514,-0.07201666
-115.6217,-92.33075,2.0,27.34586,0.7713479
-112.1481,-113.6092,2.0,31.02992,0.1659724
-128.634,-129.9776,2.0,32.6082,-0.1631757
-145.2484,-123.6959,2.0,20.50181,-0.122109
-138.9111,-109.4298,2.0,21.51145,-0.6231547
-148.7233,-101.5085,2.0,21.03404,0.3150955
-160.7578,-107.6891,2.0,16.87182,-0.1340247
-161.9638,-120.0131,2.0,17.66285,0.2894
-165.2107,-135.1695,2.0,25.15987,0.2976123
-165.2555,-156.7308,2.0,32.96304,0.5623925000000001
-165.5704,-183.9755,2.0,40.29472,0.2568295
-165.9675,-216.3975,2.0,47.1686,0.4988751
-161.1793,-246.2296,2.0,23.899929999999998,-2.456359
-145.3316,-252.0278,2.0,27.073909999999998,0.5627316
-126.1371,-244.8699,2.0,28.39475,-0.5121306
-127.9728,-225.8035,2.0,30.221909999999998,1.092057
-126.3172,-200.6877,2.0,37.991640000000004,0.5807406999999999
-122.0018,-184.4589,2.0,10.30062,-0.1900355
-112.8942,-186.8891,2.0,17.0606,0.2254116
-110.2115,-201.9766,2.0,24.951620000000002,0.5871658000000001
-108.1771,-223.2839,2.0,32.74941,0.2583154
-102.7969,-249.699,2.0,39.8053,0.20528690000000002
-82.15498000000001,-270.4982,2.0,40.89062,-0.2876804
-55.25431,-259.3767,2.0,42.04307,-0.02917363
-49.51826,-229.3417,2.0,44.766220000000004,0.39201020000000003
-40.4839,-196.1892,2.0,49.00119,0.298975
-14.425429999999999,-167.9782,2.0,54.96589,0.20951839999999997
8.064475999999999,-135.796,2.0,38.08765,-3.538678
3.530555,-120.7592,2.0,20.347160000000002,0.308625
-5.830964,-106.0307,2.0,27.56697,0.5133263
-6.668175,-82.8754,2.0,35.0852,0.5495645
-6.7815520000000005,-54.199009999999994,2.0,42.29647,0.5331494000000001
-7.085795,-20.32006,2.0,49.02998,0.2221464
-7.395884,18.35663,2.0,55.08761,-0.4112541
-19.637970000000003,44.95925,2.0,25.33239,-2.43302
-25.879260000000002,45.446909999999995,2.0,3.1760200000000003,0.7017846
-27.51928,40.58204,2.0,11.78247,0.5841603
-38.42088,42.6193,2.0,19.92127,0.6345378
-55.03906,46.20767,2.0,27.06649,0.5627784
-77.73506,42.62324,2.0,34.71913,0.5393003000000001
-106.0993,41.37453,2.0,41.92945,0.5236985
-138.8106,36.74118,2.0,43.66785,-1.888063
-150.414,20.40846,2.0,12.58434,-2.466752
-147.8618,19.44925,2.0,6.8934,0.3317699
-143.2074,13.807220000000001,2.0,15.19333,0.5742545
-149.3729,1.3705969999999998,2.0,22.977320000000002,0.23259760000000002
-147.7803,-16.60653,2.0,28.780590000000004,0.5154819
-142.0966,-35.15229,3.0,10.8528,0.8953846
-144.5742,-43.42686,3.0,11.38596,-0.01593958
-152.2651,-51.6578,3.0,17.205820000000003,-0.1608987
-163.0981,-55.00654,3.0,13.614070000000002,-0.2589366
-166.4174,-62.2447,3.0,10.14427,-0.1602659
-162.1409,-69.57336,3.0,15.529689999999999,0.5990941
-148.5913,-71.96037,3.0,23.14837,0.5649357
-129.2449,-75.87482,3.0,29.9171,-0.22997820000000002
-113.5332,-87.71507,3.0,24.11143,-0.36329759999999994
-107.8148,-105.4592,3.0,28.69947,-0.4513189
-113.0457,-123.5977,3.0,23.00747,-0.41548199999999996
-125.676,-132.8331,3.0,23.17867,0.5298443
-141.3022,-128.7109,3.0,23.93476,0.7636594
-148.1794,-108.4207,3.0,28.09993,-0.8020630999999999
-161.2883,-104.43299999999999,3.0,17.6449,0.42728590000000005
-167.2038,-118.4267,3.0,25.0026,0.5789824
-169.6058,-139.7628,3.0,32.820859999999996,0.5466196999999999
-168.1355,-166.605,3.0,39.94097,0.487309
-166.6152,-198.7008,3.0,46.64035,0.2424527
-163.9785,-234.7984,3.0,48.27845,-0.36193400000000003
-150.6769,-258.8172,3.0,30.59852,-0.5351454999999999
-133.2179,-250.8577,3.0,29.36345,0.5325794
-125.2155,-229.2477,3.0,34.20225,0.3895494
-128.0711,-202.8048,3.0,34.81868,-0.2857842
-121.5802,-180.73,3.0,25.68621,-1.223566
-108.6927,-184.5316,3.0,20.93311,0.3080619
-108.8195,-202.2793,3.0,27.652859999999997,0.5622955
-104.6449,-224.2651,3.0,30.47327,-0.23827060000000003
-106.2704,-245.2982,3.0,29.96823,0.7298084
-96.64238,-268.4674,3.0,36.77335,-0.04431836
-70.65678,-268.8005,3.0,27.549229999999998,-1.561826
-58.1829,-267.9196,3.0,9.106869999999999,-1.009253
-56.33741,-266.8108,3.0,2.351466,0.5778800000000001
-57.205580000000005,-267.3912,3.0,0.2944352,0.16812950000000002
-55.41385,-265.498,3.0,6.305068,0.24364940000000002
-51.17563,-262.2538,3.0,8.03337,0.0393974
-48.16718,-263.719,3.0,0.4630264,0.6867276
-49.76303,-260.3447,3.0,9.343036999999999,0.30031959999999996
-48.879690000000004,-250.5616,3.0,17.43504,0.28725470000000003
-45.23943,-235.2072,3.0,25.08766,0.5145708999999999
-42.75543,-214.0472,3.0,32.28133,0.5043862
-37.26847,-188.6173,3.0,37.39658,0.15098150000000002
-16.69839,-167.2039,3.0,40.8595,-2.060249
-0.2679448,-152.8676,3.0,22.72643,-0.36859770000000003
10.28187,-142.3697,3.0,17.72577,-0.3553383
11.19252,-131.1993,3.0,14.072270000000001,0.5264353
4.162892,-119.6791,3.0,22.14855,0.5312420999999999
-5.227164,-103.2452,3.0,29.27835,0.5110492
-10.28652,-79.56351,3.0,35.91985,0.4928108
-8.720360000000001,-50.677659999999996,3.0,42.30539,0.4768169
-4.029778,-17.67045,3.0,44.25976,-0.6835173000000001
-3.954643,8.502325,3.0,20.36731,-2.1648400000000003
-4.84656,14.98461,3.0,3.5597730000000003,0.1961365
-6.150357,21.482570000000003,3.0,13.36597,0.30805659999999996
-11.01068,33.35759,3.0,21.29235,0.5401204000000001
-26.13605,43.27203,3.0,28.315659999999998,0.4963143
-49.19232,44.61549,3.0,34.824690000000004,0.5098564
-77.53309,44.11854,3.0,41.58671,0.4689423
-110.5413,41.73473,3.0,46.320029999999996,-0.49697179999999996
-141.4762,35.76686,3.0,38.89585,-0.3916009
-148.3347,13.724739999999999,3.0,32.81855,0.19276020000000002
-144.6997,-11.25745,3.0,37.55687,0.24819789999999997
-144.3227,-41.234559999999995,4.0,40.10902,-0.6087204
-156.5747,-54.24476,4.0,18.05578,0.05911827
-168.15200000000002,-60.03807,4.0,19.46065,0.34327379999999996
-158.4565,-71.60269,4.0,24.87719,0.2037207
-137.8306,-73.29469,4.0,31.216540000000002,0.19405150000000002
-116.52799999999999,-86.29167,4.0,36.90911,0.1974774
-109.5266,-112.5646,4.0,37.47568,-0.1235888
-127.4081,-132.3457,4.0,35.84825,-0.2501322
-145.2574,-120.99600000000001,4.0,29.510559999999998,-0.06559443
-148.2466,-100.4679,4.0,22.43121,-2.3315200000000003
-160.60299999999998,-101.6483,4.0,20.80731,0.2311846
-167.5584,-117.7635,4.0,27.66572,0.2765224
-170.4841,-140.7894,4.0,34.83914,0.47432290000000005
-168.3846,-168.9835,4.0,41.47076,0.47404929999999995
-165.4617,-201.9457,4.0,47.87486,0.4578612
-163.032,-237.7862,4.0,42.59202,-1.733723
-154.361,-254.1548,4.0,19.13215,-0.1635701
-139.4194,-258.1609,4.0,24.50084,0.21527470000000004
-128.332,-243.963,4.0,28.84266,0.5377185
-125.7811,-220.3713,4.0,35.19141,0.4573544
-128.0788,-192.484,4.0,40.08232,0.09705498
-109.1515,-176.8395,4.0,31.288040000000002,-0.8386323
-100.3333,-190.8348,4.0,22.231720000000003,-0.45461599999999996
-114.5,-198.8195,4.0,14.52436,-46.82764
-114.5551,-201.5553,4.0,0.00891457,-0.006537236
-114.4681,-201.5754,4.0,1.335992,0.5330402
-111.4528,-201.3327,4.0,6.472316999999999,0.229226
-109.6811,-198.2485,4.0,1.174587,-0.42224520000000004
-109.4844,-200.1908,4.0,6.291923000000001,0.25321869999999996
-108.07700000000001,-207.3121,4.0,13.23673,0.46271599999999996
-105.8659,-219.3871,4.0,19.72089,0.2319958
-105.5182,-236.2009,4.0,25.732210000000002,0.4365272
-103.4421,-256.92900000000003,4.0,30.6877,0.3258924
-85.81931,-271.6918,4.0,33.34623,0.08172193
-60.8425,-266.42900000000003,4.0,36.9542,0.19761120000000001
-49.226290000000006,-242.9003,4.0,37.93936,0.1670537
-46.82677,-213.2912,4.0,42.303129999999996,0.32552570000000003
-33.22892,-183.5025,4.0,45.89751,0.1580839
-8.055954,-160.5533,4.0,41.741279999999996,-1.11506
7.225919,-146.2947,4.0,20.73485,-0.2216676
12.76338,-134.8078,4.0,17.82689,1.090192
4.324796,-120.1454,4.0,26.33458,0.3890884
-6.192031,-101.7529,4.0,31.459490000000002,0.1858404
-10.48739,-76.86811999999999,4.0,36.61497,0.3627386
-8.313028,-48.05822,4.0,41.43193,0.3356377
-2.6204669999999997,-16.1463,4.0,46.09874,0.1590593
-4.803456,18.87435,4.0,47.62795,-0.3723442
-16.96631,38.35244,4.0,29.184790000000003,0.15932349999999998
-39.300740000000005,43.9161,4.0,33.796440000000004,0.171129
-66.2469,43.23709,4.0,38.96835,0.3673201
-96.95409000000001,42.46043,4.0,43.78755,0.23863510000000002
-127.529,39.14517,4.0,34.66447,-1.45117
-141.423,34.7594,4.0,16.387970000000003,0.40476999999999996
-147.694,22.263460000000002,4.0,22.16,0.3931878
-146.5371,3.821158,4.0,27.873479999999997,0.400135
-142.0175,-18.49834,4.0,33.37012,0.3086386
-145.1865,-42.585370000000005,5.0,29.34992,-0.8035207
-161.27100000000002,-54.31916,5.0,29.07307,0.3194577
-167.0879,-67.84725999999999,5.0,18.48374,0.08728385
-154.8618,-69.95653,5.0,18.48593,1.0640290000000001
-138.3779,-73.40052,5.0,25.77877,0.21050439999999998
-118.9815,-81.51378000000001,5.0,31.03143,0.1490413
-107.691,-101.971,5.0,34.03767,0.19160750000000001
-115.2216,-125.4221,5.0,31.99281,-0.3945787
-134.1239,-132.5597,5.0,24.33342,-0.7183914
-143.1112,-118.6678,5.0,25.946279999999998,0.3925566
-154.5329,-101.8597,5.0,27.728920000000002,-0.7989455
-165.6469,-106.1011,5.0,16.50875,0.46676940000000006
-165.3515,-119.1645,5.0,21.92097,0.4500401
-167.7529,-138.666,5.0,34.4228,0.6963465
-167.8335,-170.2463,5.0,46.89612,0.148865
-164.2237,-206.7814,5.0,49.632329999999996,-0.8178909000000001
-163.8738,-231.83700000000002,5.0,21.62659,-0.4451401
-162.0191,-245.6745,5.0,16.1419,-0.2124791
-155.35399999999998,-255.0515,5.0,19.18214,0.47853019999999996
-139.0878,-259.3408,5.0,27.64695,0.5481756
-126.5317,-240.2461,5.0,37.471070000000005,0.3695863
-127.2796,-210.5401,5.0,38.58358,-0.9961973
-127.8538,-191.4247,5.0,19.01455,-0.45789350000000006
-119.7638,-182.6472,5.0,18.68423,0.7255301
-104.9754,-187.7382,5.0,24.5666,0.12363299999999999
-102.7118,-208.107,5.0,32.98812,0.33680329999999997
-104.9799,-234.5019,5.0,37.14736,-0.22872910000000002
-103.5869,-259.289,5.0,29.584740000000004,-0.3465588
-86.26083,-271.6101,5.0,31.99468,0.282252
-61.96451,-267.2681,5.0,35.60263,0.11074569999999999
-49.76165,-244.2705,5.0,38.01958,0.3640446
-45.83357,-214.3611,5.0,42.88399999999999,0.1635414
-34.85751,-183.2542,5.0,46.37528,0.1758474
-10.12383,-160.6803,5.0,32.59871,-3.2951949999999997
0.43007460000000003,-153.884,5.0,12.05585,-0.16941389999999998
6.254581,-149.4562,5.0,7.8465929999999995,-0.27978179999999997
10.28347,-145.286,5.0,10.28638,0.25540830000000003
13.20084,-135.9096,5.0,16.65188,0.41510699999999995
7.269553,-122.8485,5.0,22.57152,0.45502120000000007
-3.28419,-107.285,5.0,28.267490000000002,0.41016670000000005
-9.615129,-85.24304000000001,5.0,33.60783,0.3763203
-9.654653,-58.62797,5.0,38.50785,0.38367890000000004
-4.038275,-28.7713,5.0,43.35807,0.3515218
-1.501971,3.9394419999999997,5.0,40.08661,-0.7525029000000001
-5.954728,23.251520000000003,5.0,10.43375,-0.1542549
-9.929236,31.4293,5.0,16.343870000000003,0.22914589999999999
-20.4054,40.892070000000004,5.0,22.2904,0.42121040000000004
-38.30533,45.19555,5.0,27.86341,0.40618390000000004
-61.00054,45.06062,5.0,33.395790000000005,0.19380870000000003
-87.72636,43.971959999999996,5.0,38.62328,0.17220560000000001
-117.3787,41.24862,5.0,37.293820000000004,-0.5674526
-137.2377,37.91206,5.0,20.20619,0.44232829999999995
-146.7654,24.51906,5.0,25.43591,0.39130820000000005
-146.7237,3.8955830000000002,5.0,30.631220000000003,0.19193039999999997
-142.0243,-20.322570000000002,5.0,35.863929999999996,0.1630201
-144.3349,-40.826,6.0,14.26339,-2.130983
-149.67700000000002,-50.16708,6.0,19.60805,0.5943970999999999
-161.4742,-56.08843,6.0,15.1549,-0.4035997
-166.1642,-64.08875,6.0,15.4939,0.3471636
-155.1461,-72.88288,6.0,24.88966,0.9435642
-131.8659,-73.91739,6.0,37.325390000000006,0.3045237
-109.9157,-93.12229,6.0,39.20851,-0.7105630999999999
-115.1654,-114.4509,6.0,16.48615,-1.9284430000000001
-118.2624,-123.0403,6.0,15.130679999999998,1.132257
-126.1964,-133.3642,6.0,17.046979999999998,0.1530802
-139.9675,-130.4071,6.0,22.80505,0.32813600000000004
-145.4409,-112.7738,6.0,26.887620000000002,-0.3221053
-150.388,-104.1552,6.0,7.381069999999999,0.2129317
-157.4401,-100.6705,6.0,15.0764,0.28225900000000004
-166.1918,-106.9321,6.0,17.347189999999998,0.6415929
-167.6656,-124.2268,6.0,30.331770000000002,1.000318
-168.8009,-151.5858,6.0,42.83426,0.8321703000000001
-167.06,-187.19,6.0,53.18185,0.3384056
-163.6127,-226.1504,6.0,48.13899,-0.4038768
-158.3839,-254.6119,6.0,30.80845,-1.380978
-140.9119,-257.3675,6.0,20.8703,-0.4758429
-128.9738,-248.3217,6.0,24.18714,0.3503711
-124.92399999999999,-228.9403,6.0,29.52931,0.1943859
-127.9227,-205.2759,6.0,34.833890000000004,0.355547
-125.5292,-184.4373,6.0,16.325860000000002,-0.5641782
-112.3062,-183.6157,6.0,21.66466,0.1637078
-103.2951,-198.0402,6.0,26.30353,0.3828455
-103.4317,-219.5251,6.0,31.744709999999998,0.1926719
-105.8641,-244.8819,6.0,36.96,0.35176440000000003
-95.84146,-269.9682,6.0,36.91417,-0.2080848
-72.23899,-270.1769,6.0,28.53391,-0.5662628000000001
-55.21811999999999,-263.6087,6.0,22.05121,0.36247579999999996
-48.24409,-245.9751,6.0,29.75988,0.4225932
-44.76577,-222.0969,6.0,35.19492,0.37157790000000007
-40.99102,-194.417,6.0,40.02665,0.242536
-22.40876,-171.3782,6.0,42.54439,0.1682234
-2.372421,-156.4457,6.0,19.05725,-2.226999
5.583755,-150.3022,6.0,12.083639999999999,-0.0009064591
11.57696,-142.8434,6.0,15.08281,0.5842618
11.050989999999999,-129.0109,6.0,23.479689999999998,0.3021629
-2.4996869999999998,-111.8619,6.0,36.49216,1.0090059999999998
-9.457108,-80.79964,6.0,49.84497,0.4286156
-6.747056,-39.5931,6.0,60.23151,0.09917024
-1.6508639999999999,4.072753,6.0,51.02086,-4.028980000000001
-7.702472,26.320959999999996,6.0,20.78104,-0.4530513
-17.63596,39.64656,6.0,26.54539,0.7236798000000001
-40.7287,45.274429999999995,6.0,38.93376,0.5571906999999999
-75.23219,44.228320000000004,6.0,53.7413,0.4805394
-115.244,41.54267,6.0,36.85649,-2.264022
-129.3019,38.9312,6.0,12.723360000000001,-0.2456507
-141.0587,35.25166,6.0,22.90393,0.3709413
-147.6716,18.96651,6.0,27.05674,0.2062799
-145.1352,-2.95686,6.0,32.58556,0.3893861
-141.2363,-28.639490000000002,6.0,37.04718,0.08448492
-142.2688,-38.35027,7.0,11.197339999999999,0.5039259
-146.7075,-47.93173,7.0,17.49491,0.21014270000000002
-160.0997,-54.570209999999996,7.0,23.114710000000002,0.2819321
-168.2772,-67.30821,7.0,17.81399,-0.5092310999999999
-161.2495,-76.24139,7.0,16.698620000000002,0.1113846
-147.9045,-75.12687,7.0,20.098370000000003,0.01836273
-132.8476,-73.47046999999999,7.0,21.9978,0.11868
-116.73200000000001,-81.88682,7.0,29.11605,0.3707627
-108.02799999999999,-102.5661,7.0,32.95251,0.2885264
-118.3594,-125.0363,7.0,35.875009999999996,0.2034908
-142.5993,-129.9715,7.0,29.352459999999997,-1.531079
-145.6896,-119.0456,7.0,11.23449,-0.3798749
-143.2885,-110.6342,7.0,17.59202,0.2128299
-151.7864,-101.9318,7.0,16.72906,0.1881015
-164.3644,-106.5821,7.0,20.88121,-0.45834079999999994
-166.0518,-121.1904,7.0,21.45338,0.5104877
-167.2903,-140.3064,7.0,31.97196,1.062916
-169.6506,-169.0947,7.0,45.61378,0.4528705
-170.0535,-207.2188,7.0,55.19961,-0.9004540000000001
-165.6798,-242.2885,7.0,35.71669,-2.047482
-149.2608,-254.3743,7.0,24.30985,-0.5273572
-133.1261,-251.4987,7.0,22.77178,0.04056736
-125.7104,-235.6786,7.0,29.794529999999998,0.49856480000000003
-126.102,-211.5302,7.0,35.26089,0.3902345
-124.2022,-184.9277,7.0,28.67822,-1.5067780000000002
-113.8811,-180.9224,7.0,15.46376,0.8827975
-109.445,-194.2309,7.0,22.58411,0.2198949
-108.8136,-213.1845,7.0,28.48623,0.21513629999999997
-108.4629,-236.3807,7.0,34.01364,0.36428299999999997
-99.98382,-261.1599,7.0,37.63264,0.19531389999999998
-74.84976,-272.9306,7.0,39.39613,0.01887484
-52.27111,-257.034,7.0,39.4212,0.0188435
-48.963840000000005,-227.0437,7.0,43.13748,0.3424472
-38.417640000000006,-196.3419,7.0,45.723690000000005,0.2689554
-14.238370000000002,-170.1329,7.0,50.21411,0.30847620000000003
7.04655,-141.1546,7.0,38.0499,-2.416969
6.190915,-121.7378,7.0,25.33679,0.8411470999999999
-5.114069000000001,-103.0585,7.0,33.69585,0.7494345
-3.549923,-72.37368000000001,7.0,50.57497,1.3220180000000001
-0.5430678000000001,-28.99157,7.0,66.37691,0.8910527
-2.959392,18.88691,7.0,56.97533000000001,-1.056042
-18.097839999999998,41.84356,7.0,28.617959999999997,-0.2309124
-43.135,40.67188,7.0,39.252109999999995,0.3834282
-74.08318,40.40338,7.0,44.1265,0.35043240000000003
-108.4877,41.19147,7.0,48.68071,0.3102881
-141.7615,35.755,7.0,33.37867,-2.924943
-146.4648,16.01781,7.0,30.36743,0.4004703
-145.1376,-8.493017,7.0,35.71828,0.3647455
-146.3759,-36.7813,8.0,40.64946,0.26452129999999996
-162.5093,-57.63321,8.0,30.67538,-1.291095
-167.1676,-72.17311,8.0,24.21089,0.5748204
-149.6278,-78.62982,8.0,29.13819,0.39186609999999994
-126.7762,-79.50802,8.0,32.80784,0.1734049
-111.5894,-99.08953000000001,8.0,35.8758,0.1042511
-118.0281,-124.3618,8.0,37.3101,0.09652445
-142.0084,-130.7759,8.0,25.25668,-3.9420620000000004
-146.1457,-127.1193,8.0,3.6915720000000003,0.7394090999999999
-142.3433,-122.6669,8.0,11.54914,0.47084670000000006
-143.7425,-112.2087,8.0,17.77201,0.4243531
-155.1018,-102.6464,8.0,22.96024,0.20736010000000002
-167.5886,-111.6606,8.0,24.56491,0.1454782
-166.5441,-131.7498,8.0,29.958790000000004,0.3831859
-170.0148,-155.6453,8.0,35.20179,0.18707449999999998
-170.3123,-183.5441,8.0,40.03764,0.3376774
-168.9376,-214.9376,8.0,44.81953,0.1563731
-163.1574,-247.968,8.0,42.29927,-1.226551
-139.8555,-255.1088,8.0,29.5405,-0.40301279999999995
-127.5778,-238.3667,8.0,31.31495,0.2795969
-127.3924,-213.4223,8.0,36.35902,0.37960759999999993
-124.166,-185.8865,8.0,34.63921,-0.599187
-111.97,-180.7814,8.0,15.40295,1.052263
-107.2278,-193.4235,8.0,21.777260000000002,0.43155309999999997
-106.6049,-211.7592,8.0,27.738609999999998,0.42202219999999996
-105.8344,-234.4644,8.0,33.31362,0.38645409999999997
-99.80595,-259.7751,8.0,37.24127,0.1289833
-76.10318000000001,-272.9393,8.0,38.540859999999995,-0.02062062
-52.46799,-258.5022,8.0,39.517720000000004,0.0021713920000000003
-46.81425,-229.1071,8.0,42.957679999999996,0.34660440000000003
-39.862629999999996,-197.0696,8.0,45.38855,-0.0763424
-15.693879999999998,-172.2079,8.0,48.97916,0.193268
6.224168,-142.7913,8.0,45.32592,-0.8346809000000001
3.686172,-116.8716,8.0,34.56512,0.9485290999999999
-6.686574,-91.54335999999999,8.0,39.30962,0.28306190000000003
-2.0172779999999997,-61.07155,8.0,43.98646,0.3422633
-1.38781,-26.756909999999998,8.0,48.496359999999996,0.33181079999999996
-2.2490229999999998,10.75583,8.0,52.76096999999999,0.27309140000000004
-15.09428,40.391709999999996,8.0,32.73218,-2.014839
-26.32569,41.30663,8.0,4.417251,0.12424389999999999
-29.254920000000002,37.0714,8.0,10.92967,0.4413745
-37.82228,42.03197,8.0,17.29125,0.46275459999999996
-47.5853,48.57448,8.0,5.324689,-0.9435044
-48.01932,48.586890000000004,8.0,0.03061183,0.01364375
-48.396809999999995,47.128679999999996,8.0,4.225921,0.06990731
-47.48553,43.61793,8.0,4.501908,-0.5959804
-48.28327,44.16303,8.0,6.268562999999999,0.6708259
-55.77828,46.42731,8.0,15.10821,0.3054269
-70.0723,44.86557,8.0,23.54468,0.6632696
-90.26286,42.295,8.0,31.362920000000003,0.28322800000000004
-116.1519,43.95762,8.0,38.587540000000004,0.2412757
-141.6856,33.91724,8.0,38.49066,-0.11571820000000001
-144.1694,4.267211,8.0,44.7346,0.6039704
-147.0549,-30.644579999999998,8.0,45.94965,-0.6307778
-142.1402,-35.222590000000004,9.0,2.444914,-0.0556388
-143.9394,-41.48898,9.0,14.116879999999998,0.6280078
-149.4532,-49.63422,9.0,11.98696,-0.2039979
-158.0664,-53.31989,9.0,14.12543,-0.10753099999999999
-165.8579,-57.95235,9.0,11.00295,-0.200604
-165.8937,-66.36399,9.0,16.66014,0.9943404
-154.0101,-73.65028000000001,9.0,18.55031,-0.16181220000000002
-141.5989,-72.77962,9.0,15.0702,-0.23043339999999998
-127.4267,-75.68059000000001,9.0,25.12015,0.04642789
-112.6298,-87.32965,9.0,26.138920000000002,0.05343676
-107.1659,-105.3358,9.0,23.958779999999997,-0.19825050000000002
-109.1848,-116.3906,9.0,11.5839,-0.0942904
-113.446,-125.7726,9.0,20.66996,0.45700519999999994
-125.5418,-134.6701,9.0,18.785320000000002,-0.31997129999999996
-137.5871,-132.741,9.0,15.540470000000001,0.05205056
-145.3418,-120.8626,9.0,24.504,0.6024641
-151.9912,-102.9088,9.0,19.84499,-1.525927
-161.9275,-100.3725,9.0,12.63123,-0.2988769
-166.8763,-111.0542,9.0,23.29405,1.0904479999999999
-168.6061,-133.588,9.0,37.34265,0.9359554
-168.8558,-164.8797,9.0,45.22752,0.3266462
-165.4683,-199.4155,9.0,46.97578,-0.3262812
-163.0052,-230.8651,9.0,37.29614,-0.9219917999999999
-158.5219,-251.5281,9.0,24.54012,-0.465129
-145.1899,-260.2268,9.0,19.31339,-0.4127536
-132.7876,-254.6956,9.0,23.43317,1.0010219999999999
-125.0111,-233.4636,9.0,36.111309999999996,0.49219589999999996
-127.7606,-207.0352,9.0,30.31888,-1.240592
-128.4417,-191.7584,9.0,14.9971,-0.22217979999999998
-123.7719,-182.9616,9.0,15.1245,0.3490527
-110.7216,-183.1764,9.0,18.10892,-0.30389120000000003
-103.3586,-192.0041,9.0,15.7633,0.736586
-102.7451,-209.1354,9.0,30.49829,0.9267763000000001
-105.552,-234.8738,9.0,37.99293,-0.03039301
-102.4386,-261.2309,9.0,34.6764,-0.25069179999999996
-82.3355,-273.1366,9.0,32.88174,0.0622328
-59.767109999999995,-266.0495,9.0,31.81765,-0.1374375
-49.20129,-244.4672,9.0,34.929429999999996,0.292797
-45.02828,-217.9933,9.0,36.845420000000004,-0.06538419
-39.75328,-192.3055,9.0,33.48837,-0.4220036
-27.06349,-173.6683,9.0,27.56492,-0.3923757
-12.20701,-162.6048,9.0,22.65945,-0.31458109999999995
0.8045846999999999,-154.0362,9.0,19.1781,-0.2655636
10.740039999999999,-144.5568,9.0,20.785510000000002,0.5824528
10.23524,-127.8449,9.0,26.419520000000002,0.45841679999999996
-2.870095,-111.4128,9.0,29.621859999999998,0.02188049
-9.759028,-90.50222,9.0,30.162209999999998,0.02219498
-11.032789999999999,-67.35200999999999,9.0,33.38089,0.3164769
-7.469567999999999,-41.88382,9.0,35.517790000000005,0.09145354
-2.896184,-15.548429999999998,9.0,36.573859999999996,0.06216341
-2.8414200000000003,9.671103,9.0,28.62578,-0.498187
-7.1339,26.77373,9.0,19.98353,-0.1609091
-16.83762,39.132740000000005,9.0,26.041629999999998,0.5477774999999999
-37.59044,45.291540000000005,9.0,32.902,0.24261710000000003
-64.58775,43.88615,9.0,40.10044,0.5128031
-96.97256,43.68914,9.0,46.87315,0.2326875
-131.013,39.80121,9.0,39.459179999999996,-3.818046
-147.4154,22.70211,9.0,34.36435,0.0590235
-141.8711,-4.311566,9.0,40.53291,0.42602219999999996
-143.4137,-32.5006,9.0,25.08041,-2.458056
-147.4524,-45.2729,10.0,19.25699,0.5781924
-157.9544,-54.39685,10.0,17.36094,-0.2477643
-166.8293,-61.02008000000001,10.0,13.21909,-0.336113
-162.7535,-71.13852,10.0,18.802670000000003,0.13440439999999998
-149.757,-72.72174,10.0,18.58682,0.1165884
-136.556,-73.26283000000001,10.0,17.92296,1.020805
-119.93700000000001,-79.8679,10.0,28.381990000000002,0.4852403
-107.5626,-98.90638,10.0,34.26638,0.3694814
-112.3742,-123.8884,10.0,30.26796,-1.2599690000000001
-126.8586,-133.4193,10.0,21.010070000000002,-0.38291220000000004
-139.9053,-130.5452,10.0,17.31736,0.6538119000000001
-145.9251,-116.1151,10.0,25.20958,0.13281700000000002
-150.5602,-104.3684,10.0,4.184529,-0.07297135
-155.2614,-101.0225,10.0,12.29022,0.5418951
-165.2401,-104.5884,10.0,18.59262,0.21372860000000002
-167.9488,-120.5198,10.0,25.52371,0.5162987
-168.8708,-141.993,10.0,32.90007,0.26767870000000005
-168.33599999999998,-167.9744,10.0,37.18572,0.1401116
-166.4679,-196.592,10.0,39.955490000000005,0.1204007
-164.2352,-223.8856,10.0,33.11242,-0.5162595
-162.0718,-245.653,10.0,26.07628,-0.5769643
-151.1475,-257.9937,10.0,21.10262,0.5372364000000001
-134.8571,-256.7584,10.0,23.74605,-0.02630276
-126.1828,-240.2944,10.0,27.22028,0.2484469
-125.6285,-219.1825,10.0,30.24328,0.24885520000000003
-127.7752,-199.0056,10.0,19.48023,-1.6197059999999999
-127.2608,-187.11700000000002,10.0,13.80786,-0.354646
-119.874,-181.95,10.0,14.859860000000001,0.258398
-107.5764,-184.9098,10.0,18.1215,-0.07983446
-102.9946,-197.2967,10.0,19.63437,0.1993762
-103.8687,-212.7932,10.0,21.76673,0.004368871
-105.0624,-229.105,10.0,24.18606,0.5338156
-105.9859,-249.4507,10.0,29.875429999999998,0.06255153
-97.16082,-268.6821,10.0,29.90761,0.32986220000000005
-72.67398,-271.5364,10.0,37.42092,0.32142109999999996
-51.53156,-255.1347,10.0,37.945190000000004,0.1263297
-46.80972,-225.0059,10.0,43.369170000000004,0.1990367
-40.37675,-194.8863,10.0,37.41547,-0.6359185
-27.188959999999998,-174.343,10.0,29.404659999999996,-0.4931201
-11.725010000000001,-162.6662,10.0,21.30206,-2.557982
-2.865408,-156.5039,10.0,15.7699,0.49571620000000005
8.433355,-147.68200000000002,10.0,19.27567,-0.1295616
12.97522,-132.8418,10.0,26.43208,0.30697040000000003
-0.2844157,-116.2808,10.0,31.814740000000004,0.17797179999999999
-9.308529,-92.90601,10.0,34.33636,-0.583272
-10.12255,-69.10178,10.0,33.53058,0.4826241
-7.388625,-42.045,10.0,39.8955,0.4501354
-2.523666,-10.61027,10.0,45.770590000000006,0.40953670000000003
-5.396545,24.20731,10.0,46.12028,-0.7616358
-28.863690000000002,43.65871,10.0,43.7121,0.1662535
-62.88137,44.16845,10.0,48.635020000000004,0.181071
-100.8194,42.85293,10.0,53.8947,0.39490990000000004
-135.3164,37.91,10.0,39.21052,0.14468720000000002
-148.5814,15.93564,10.0,36.76862,0.15028629999999998
-141.3875,-12.262369999999999,10.0,41.83402,0.3138688
-146.1749,-39.42409,11.0,33.66176,0.2274337
-163.3182,-59.03832,11.0,37.87322,0.02444619
-168.0495,-78.30564,11.0,20.87229,-0.5848405
-155.4637,-75.76756999999999,11.0,22.500999999999998,0.2637963
-139.2158,-70.3051,11.0,27.06915,0.3843232
-120.3087,-82.17393,11.0,32.24622,-0.2443143
-109.0109,-101.8852,11.0,33.51277,0.1536753
-116.2834,-125.1744,11.0,29.237859999999998,-0.2873425
-134.3838,-132.4962,11.0,29.607329999999997,0.3904047
-144.7843,-114.0266,11.0,32.97844,0.16679249999999998
-149.4048,-102.1116,11.0,11.829939999999999,0.5907180000000001
-162.3249,-102.9972,11.0,23.11318,0.13353510000000002
-166.4807,-120.5118,11.0,28.28507,0.5035629
-167.0811,-143.8302,11.0,34.79179,0.2258482
-167.8329,-171.8355,11.0,40.83696,0.2039289
-164.71099999999998,-204.1842,11.0,46.745090000000005,0.1757151
-162.11,-238.5798,11.0,41.49667,-1.309181
-150.0348,-258.3893,11.0,28.75944,0.1546891
-130.5304,-253.3709,11.0,29.743209999999998,0.08979905
-125.2829,-229.8796,11.0,35.58234,0.21202849999999998
-127.8176,-201.9686,11.0,35.70478,-0.4330651
-120.4169,-180.5843,11.0,26.77923,0.17345750000000001
-107.0351,-188.5013,11.0,24.593770000000003,0.2010678
-106.6252,-209.0725,11.0,31.04198,0.238148
-106.7244,-234.2039,11.0,37.207190000000004,0.45335690000000006
-101.7989,-262.5747,11.0,41.24771,0.01233313
-75.6608,-271.9536,11.0,40.57246,0.3229022
-51.27306,-255.8596,11.0,41.07893,0.1010915
-45.07301,-224.0983,11.0,46.43313,0.42094719999999997
-37.25835,-188.832,11.0,50.9885,0.1761917
-12.33877,-163.8316,11.0,40.29625,-0.7694189
7.426087,-148.5911,11.0,29.602290000000004,-0.5611165
11.38095,-130.8857,11.0,23.23103,1.088559
0.29376729999999995,-114.8809,11.0,29.7647,0.2353214
-8.392843,-92.52554,11.0,35.68003,0.2276636
-10.11779,-63.968219999999995,11.0,41.64257,0.4262308
-4.906126,-31.340870000000002,11.0,47.38734,0.18315870000000004
-2.107488,5.453382,11.0,52.35747,0.2977391
-16.04146,39.492490000000004,11.0,47.4992,-0.4004844
-49.35752,44.19422,11.0,48.20848,0.21002020000000002
-87.00574,41.82371,11.0,53.631930000000004,0.4062211
-126.7575,39.68708,11.0,47.70077,-1.607747
-149.7016,20.72717,11.0,40.54436,-0.24087719999999999
-143.2971,-9.1716,11.0,43.75971,0.1741164
-145.2186,-40.98554,12.0,37.62247,-1.42327
-162.054,-53.98546999999999,12.0,28.799570000000003,0.08658133
-165.9989,-69.76601,12.0,23.79875,0.03675002
-147.7929,-71.17246999999999,12.0,28.470090000000003,0.4591844
-125.3405,-76.23424,12.0,34.318290000000005,0.19466589999999998
-107.8776,-96.14311,12.0,38.4908,0.1086442
-112.3808,-120.7798,12.0,28.62535,-0.8071883000000001
-128.6105,-132.2181,12.0,24.65996,-0.5130563
-143.8072,-127.8177,12.0,24.11286,0.2478364
-147.7641,-108.5092,12.0,29.19998,-0.6721494
-161.2748,-100.9399,12.0,19.49685,0.06576817
-167.706,-114.9417,12.0,27.78743,0.9775536
-167.6974,-140.2896,12.0,37.80325,0.42651229999999996
-167.9106,-170.2889,12.0,43.527390000000004,0.4297258
-165.6614,-204.748,12.0,49.22974,0.18537320000000002
-162.9938,-241.4869,12.0,44.17965,-0.3375331
-144.683,-258.5391,12.0,28.684929999999998,-0.8909959000000001
-130.1394,-244.4098,12.0,30.994870000000002,0.1939517
-125.6289,-219.7323,12.0,36.87697,0.1948238
-128.5695,-193.2778,12.0,33.22233,0.09951151
-114.0161,-179.9275,12.0,27.415129999999998,-0.46929799999999994
-107.8013,-195.0102,12.0,26.29852,0.2495118
-110.3792,-216.5249,12.0,32.69598,0.4717146
-107.9297,-243.0801,12.0,39.06055,0.4650978
-94.76375999999999,-269.0944,12.0,40.06879,-0.3386802
-65.66951,-268.6303,12.0,42.40741,0.46155680000000004
-45.425309999999996,-248.2817,12.0,36.56845,-0.6098828000000001
-53.810080000000006,-226.1126,12.0,27.378059999999998,-2.5761990000000003
-53.00915,-217.1278,12.0,5.56519,0.009797554
-53.33776999999999,-214.9367,12.0,1.350627,0.7223474
-50.85035,-218.2186,12.0,9.768236,0.5570534
-43.17058,-214.6595,12.0,15.86355,0.04526635
-41.75805,-204.4827,12.0,12.92157,0.6236174
-39.927240000000005,-190.9502,12.0,22.66382,0.24736129999999998
-29.852929999999997,-174.7099,12.0,29.26577,0.4842802
-10.17165,-161.0703,12.0,35.63521,0.23513209999999998
10.02102,-143.0618,12.0,35.63442,-1.535364
7.3842669999999995,-122.1131,12.0,30.713070000000002,0.9596063
-7.168166,-97.44075,12.0,46.69942,0.7029691
-9.695210000000001,-59.62673,12.0,54.25436,0.3460782
-2.995263,-18.18349,12.0,59.09264,0.3213506
-5.296021,21.607860000000002,12.0,37.70166,-3.703971
-20.13014,41.45217,12.0,36.42301,0.20440360000000002
-47.696909999999995,44.90895,12.0,40.67456,0.43538820000000006
-79.93714,44.52316,12.0,46.43119,0.3890534
-116.115,41.16754,12.0,50.37015,-0.2965618
-149.0899,30.631159999999998,12.0,44.81599,-0.6749757
-152.8483,13.37449,12.0,8.676256,-2.539278
-152.1605,12.758569999999999,12.0,6.267481,0.5391803000000001
-147.0006,7.923125,12.0,14.0984,0.5495364
-146.0399,-5.340033,12.0,21.60616,0.5248616
-142.6087,-23.67729,12.0,28.670759999999998,0.49409929999999996
-142.1602,-35.48315,13.0,7.6382259999999995,0.617495
-145.1251,-43.5335,13.0,15.555729999999999,0.5555386999999999
-155.9716,-52.37301,13.0,22.71979,0.5110787999999999
-167.3064,-65.0925,13.0,22.089170000000003,-0.6424430999999999
-159.6394,-75.60965999999999,13.0,17.822329999999997,0.06647369
-144.9857,-73.85504,13.0,20.892039999999998,-0.19861679999999998
-130.5537,-72.84637,13.0,22.40201,0.49397640000000004
-114.3008,-82.10126,13.0,28.595,0.1927366
-106.6352,-103.5079,13.0,33.866,0.30821409999999994
-118.4576,-126.3764,13.0,37.7515,0.1342638
-142.5188,-130.0371,13.0,24.95521,-2.106766
-144.3407,-122.5749,13.0,6.364108,0.2771018
-138.2142,-122.2429,13.0,0.8492885,0.6479034
-141.6002,-123.346,13.0,8.708697,0.482365
-145.5065,-128.2568,13.0,5.277357,-0.8330699
-145.4324,-128.2353,13.0,4.8556,0.6559702
-142.4554,-122.0312,13.0,13.6478,0.6046595
-140.5745,-109.6447,13.0,21.03903,0.47821620000000004
-152.8119,-97.88261,13.0,26.388,-0.04703505
-166.2208,-106.9958,13.0,23.6855,1.1845809999999999
-167.7221,-128.3869,13.0,32.57671,0.504214
-167.5438,-155.179,13.0,39.386359999999996,0.46914399999999995
-167.97799999999998,-186.7488,13.0,45.780809999999995,0.20947329999999997
-168.0542,-222.9381,13.0,51.804970000000004,0.4081573
-155.0002,-254.3779,13.0,43.6193,-0.36700140000000003
-129.7164,-251.4417,13.0,28.973909999999997,-0.5740546999999999
-128.4123,-227.9785,13.0,37.497890000000005,0.8175762
-127.6213,-198.0866,13.0,39.074459999999995,-1.41221
-122.9306,-183.4163,13.0,14.277120000000002,-0.126023
-111.5345,-183.1563,13.0,20.540860000000002,0.37044299999999997
-104.8818,-198.7688,13.0,26.99615,0.5028431999999999
-106.9225,-221.2083,13.0,33.9824,0.2573121
-105.3968,-248.2859,13.0,39.63575,0.19308050000000002
-85.81524,-270.943,13.0,42.6429,0.01098156
-56.876169999999995,-264.199,13.0,42.51443,-0.005326104
-48.97065,-233.8661,13.0,45.70487,0.4421201
-43.58222,-201.5731,13.0,41.83821,0.3689886
-23.79372,-175.4829,13.0,47.34702,0.4327858
1.6521689999999998,-148.1606,13.0,52.00148,-0.5242268
7.2808660000000005,-116.1717,13.0,39.541959999999996,-1.496687
-8.645038000000001,-98.54764,13.0,27.82125,-0.2359656
-6.5251339999999995,-75.36989,13.0,35.28902,0.246435
-5.492955,-46.73985,13.0,41.94315,0.22322260000000002
-4.283739,-13.34625,13.0,48.20315,0.43498770000000003
-5.998949,23.85622,13.0,48.67743,-1.3411629999999999
-25.4976,41.82796,13.0,28.826690000000003,-1.6582830000000002
-34.416779999999996,33.98355,13.0,13.992989999999999,0.2269996
-35.11861,32.58834,13.0,0.07308566,0.0006996518
-35.16494,32.59417,13.0,0.06074434,0.03161529
-34.50071,34.66919,13.0,7.040792,0.6152673000000001
-32.87529,41.901990000000005,13.0,9.121861,-0.41149040000000003
-32.24682,44.76852,13.0,0.7681674,0.22868870000000002
-34.41843,41.962590000000006,13.0,8.940483,0.2776613
-43.50982,42.67873,13.0,16.4304,0.5330772
-57.96548000000001,45.35015,13.0,23.27982,0.48000299999999996
-77.46425,43.054590000000005,13.0,29.76227,0.2246355
-101.7336,42.56977,13.0,35.77422,0.42683119999999997
-129.6927,39.54842,13.0,40.49086,0.01110538
-147.4915,18.83721,13.0,38.4385,0.121549
-145.6357,-11.307319999999999,13.0,43.606809999999996,0.3968107
-146.7373,-44.46352,14.0,42.8543,-2.293613
-162.5822,-62.218630000000005,14.0,25.6545,-1.228599
-154.1923,-75.29637,14.0,26.12402,0.3313989
-132.7461,-76.26727,14.0,31.8037,0.28343270000000004
-113.2009,-91.04918,14.0,35.88173,0.2315867
-112.488,-117.3965,14.0,38.21705,0.15367579999999997
-135.0305,-132.0013,14.0,33.62021,-0.6727561
-146.2151,-121.5042,14.0,11.04993,-1.37621
-146.2396,-119.5523,14.0,1.947136,-0.00635807
-147.0955,-118.4743,14.0,1.655948,-0.03357825
-147.9836,-117.7171,14.0,2.481263,0.2283726
-150.6826,-117.3726,14.0,3.431975,-0.3919591
-149.42,-116.67299999999999,14.0,6.540426,0.6459178000000001
-144.8512,-110.3629,14.0,14.819020000000002,0.5428331999999999
-149.811,-98.67281,14.0,21.49984,0.4330494000000001
-165.27,-101.6493,14.0,25.4696,0.2931047
-166.9792,-121.8288,14.0,31.341209999999997,0.5308611999999999
-166.6398,-147.5615,14.0,38.249109999999995,0.4804053
-166.8078,-178.3484,14.0,44.790440000000004,0.2239181
-167.1985,-213.8322,14.0,50.971070000000005,0.43496949999999995
-159.3308,-248.4404,14.0,39.87495,-0.86124
-142.389,-253.7632,14.0,10.36089,-2.0449
-141.5128,-250.3396,14.0,3.0892180000000002,-0.2470784
-139.0408,-248.1823,14.0,7.849757,0.5219997000000001
-130.7564,-250.4476,14.0,14.817279999999998,-0.2697292
-122.1264,-250.1407,14.0,10.280339999999999,-0.3259028
-122.0527,-241.3317,14.0,16.791610000000002,0.6634420999999999
-125.5952,-226.3145,14.0,24.757170000000002,0.5522491
-127.4292,-205.3311,14.0,32.11193,0.2569765
-122.5474,-181.8638,14.0,31.18005,-0.2812091
-106.4823,-184.6073,14.0,24.08306,0.44522520000000004
-106.6104,-208.7747,14.0,42.83169,1.511466
-105.03,-246.9413,14.0,57.33668,0.04489089
-80.08369,-272.0195,14.0,44.936890000000005,0.15232
-51.24419,-259.2393,14.0,43.44533,-0.09189977
-49.5089,-226.9635,14.0,46.68893,0.3439612
-38.02619,-193.7144,14.0,50.54137,0.3572563
-10.880460000000001,-165.3425,14.0,55.8795,0.19915239999999998
9.977858,-132.7468,14.0,41.484970000000004,-2.536978
0.6100973000000001,-113.2514,14.0,25.65449,-0.4170189
-5.871109,-92.8709,14.0,32.746,0.49671750000000003
-4.122877,-66.16127,14.0,39.556779999999996,0.25113620000000003
-2.425093,-34.39868,14.0,46.08913,0.4521027
-2.677698,1.9869999999999999,14.0,52.131440000000005,0.1978935
-12.783339999999999,36.438109999999995,14.0,44.491279999999996,-0.21013850000000003
-43.56433,41.43985,14.0,45.486309999999996,0.43878490000000003
-79.58598,40.246520000000004,14.0,51.51328,0.2066
-119.41,41.55383,14.0,51.98753,-1.495342
-144.3709,29.09645,14.0,26.654690000000002,-2.371027
-144.4052,22.11705,14.0,3.192187,0.6700811
-141.7454,24.79875,14.0,5.001204,-0.1332493
-141.9838,24.43048,14.0,5.846547,0.2624969
-147.1541,21.38983,14.0,9.259518,-0.1243971
-149.4825,22.0034,14.0,1.8660830000000002,0.7014994000000001
-145.5958,19.184379999999997,14.0,11.05114,0.6422218000000001
-141.0999,9.040017,14.0,19.38286,0.5783191
-141.2039,-8.275701,14.0,27.372659999999996,0.2776206
-141.7704,-33.84151,1.0,4.683618,0.7010937
-142.0309,-39.1296,1.0,11.10097,0.35793709999999995
-146.1687,-49.5765,1.0,19.70514,0.5737392
-160.2019,-60.10408,1.0,27.26969,0.25213779999999997
-156.9118,-76.43085,1.0,24.768829999999998,-0.28713330000000004
-141.3105,-68.65814,1.0,25.789,-0.20889059999999998
-135.8707,-68.27761,1.0,0.02674292,-0.005374229
-135.852,-68.28045999999999,1.0,0.02575152,0.0001725204
-135.8338,-68.28293000000001,1.0,0.02127384,-0.01566974
-135.9336,-68.67099,1.0,3.2024369999999998,0.555276
-135.8713,-71.91187,1.0,4.522022,-0.03523279
-135.8007,-74.95631999999999,1.0,3.698663,-0.06589352
-136.8762,-76.50671,1.0,0.9050039000000001,0.6084988
-133.0913,-74.98980999999999,1.0,10.05221,0.6222948
-122.8896,-77.32073000000001,1.0,18.211270000000003,0.2288978
-114.0761,-90.77229,1.0,25.7964,0.5528324
-110.6726,-111.7933,1.0,32.25108,0.1974276
-125.6969,-131.6658,1.0,36.71565,0.2807662
-145.8519,-126.3982,1.0,23.02486,-0.961733
-139.4324,-112.6825,1.0,24.71465,-0.02965163
-138.4577,-108.7147,1.0,0.02168112,-0.002701663
-138.4585,-108.7325,1.0,0.02430457,-0.01475796
-139.0043,-108.5151,1.0,4.435954,0.40138270000000004
-144.1604,-109.0845,1.0,7.974913000000001,-0.06947086
-145.5164,-110.4833,1.0,3.181591,0.3426535
-144.4364,-105.0526,1.0,11.850710000000001,0.5720195
-151.5467,-96.47404,1.0,18.97466,-0.4340867
-162.7581,-98.61464000000001,1.0,14.00208,-0.27630229999999995
-166.7631,-112.1015,1.0,26.79735,0.47712829999999995
-170.3802,-135.8969,1.0,37.1352,0.2830408
-162.9499,-163.6519,1.0,36.58507,-0.7201419
-167.2299,-187.5664,1.0,29.7456,0.06294742
-167.1426,-214.8218,1.0,40.15401,-0.5746258000000001
-164.6457,-241.4608,1.0,31.832459999999998,-0.437979
-148.2914,-251.0695,1.0,26.86727,0.6010854
-126.9405,-244.9428,1.0,32.40943,-0.2610119
-125.4192,-228.55700000000002,1.0,24.06298,0.5581241
-128.7333,-213.4674,1.0,22.93431,-0.0659931
-123.04700000000001,-200.3402,1.0,17.61814,0.2991742
-124.2873,-188.054,1.0,14.70895,-0.21291129999999997
-113.5002,-185.0273,1.0,19.48165,-0.27867270000000005
-110.3968,-196.3408,1.0,14.4587,-0.09067342
-109.9822,-207.2402,1.0,17.60045,0.592305
-108.48299999999999,-223.1557,1.0,25.43535,0.27877029999999997
-105.7508,-244.5824,1.0,32.762,0.4848268
-92.3988,-266.5678,1.0,37.7623,0.2407485
-65.11350999999999,-268.42,1.0,39.487159999999996,-0.005782833
-51.9673,-243.7131,1.0,40.65092,0.42325680000000004
-46.230740000000004,-212.3941,1.0,45.90364,0.40942470000000003
-25.671770000000002,-183.0959,1.0,51.27272,0.20072879999999999
-0.2812401,-152.0692,1.0,56.884930000000004,0.1810757
11.73318,-115.3106,1.0,37.02339,-4.701639
10.11166,-104.4086,1.0,1.348719,-0.16963910000000001
9.752348,-104.2395,1.0,0.13827029999999998,0.04663908
11.827010000000001,-105.6219,1.0,6.464713,0.34117
17.2191,-107.2389,1.0,6.094469,-0.7434411999999999
18.05271,-107.064,1.0,3.473882,0.6563156
12.65061,-109.1051,1.0,12.03471,0.6201776
2.367833,-111.1486,1.0,16.880689999999998,0.20971910000000002
0.7454823,-97.45588000000001,1.0,23.148529999999997,0.5061198
-2.363177,-78.56597,1.0,29.72043,0.5052462000000001
-5.573748999999999,-54.383419999999994,1.0,36.35519,0.4740584
-6.3718900000000005,-25.05886,1.0,42.80835,0.2134953
-6.441527,8.940319,1.0,48.897890000000004,0.43815509999999996
-13.42256,40.16188,1.0,32.67353,-3.636989
-24.24628,42.144040000000004,1.0,14.927610000000001,0.5212429
-36.74282,37.77632,1.0,21.97825,0.523841
-55.569469999999995,39.875679999999996,1.0,29.195520000000002,0.5177765999999999
-79.79048,39.551590000000004,1.0,36.13149,0.48316329999999996
-108.9754,40.20738,1.0,42.61528,0.21526220000000004
-138.8897,37.34672,1.0,33.14655,-1.6595650000000002
-142.7618,24.620279999999998,1.0,9.685106,-0.5272041999999999
-137.7513,24.27575,1.0,0.09433865,0.1338879
-137.7518,24.2273,1.0,0.05797533,0.01609483
-138.2492,24.37029,1.0,3.660338,0.2935738
-143.4796,24.29438,1.0,9.8459,0.3028818
-150.2293,25.13297,1.0,5.23796,-0.36963670000000004
-150.6011,25.17623,1.0,3.9085669999999997,0.5912991
-147.2579,20.5612,1.0,11.872110000000001,0.2700955
-150.5544,9.961622,1.0,18.875729999999997,0.2338286
-149.7367,-5.54226,1.0,24.820510000000002,0.5016714
-146.2286,-26.03898,1.0,31.311790000000002,0.4491668
-152.4792,-48.521,2.0,32.1858,-0.10611589999999999
-167.0328,-64.66779,2.0,27.66778,-0.8525478000000001
-157.2132,-72.17367,2.0,10.49912,-1.095724
-155.7177,-68.52684,2.0,0.05736068,0.0037503999999999997
-155.6814,-68.52811,2.0,0.03928605,-0.009494888
-156.06799999999998,-70.11957,2.0,4.978405,0.03460085
-156.5462,-73.83678,2.0,4.773637,-0.02056022
-156.7089,-74.7634,2.0,3.574213,0.3612351
-151.1844,-72.76144000000001,2.0,12.71921,0.5945528
-140.8876,-79.31111999999999,2.0,20.87575,0.6240345
-127.1583,-83.34858,2.0,17.60235,-0.07593025
-115.4995,-92.49901,2.0,27.40751,0.3670795
-112.2382,-113.8184,2.0,31.04334,0.08211944
-128.8643,-130.0383,2.0,32.59426,-0.08850497
-145.2848,-123.5454,2.0,20.462970000000002,-0.224688
-138.8938,-109.2723,2.0,21.31921,-1.147568
-148.8793,-101.5073,2.0,21.08353,0.2965001
-160.7859,-107.8084,2.0,16.830479999999998,-0.2504348
-161.9996,-120.1425,2.0,17.71069,0.2798142
-165.2249,-135.3602,2.0,25.255860000000002,0.5543021
-165.2551,-156.9776,2.0,33.05352,0.5388398
-165.5729,-184.2743,2.0,40.38235,0.5192377
-165.9648,-216.7444,2.0,47.24796,0.4761991
-161.0724,-246.3739,2.0,23.69913,-1.214647
-145.1341,-252.0295,2.0,27.119709999999998,0.2864751
-126.0465,-244.6807,2.0,28.242279999999997,-0.9160581
-127.9398,-225.5815,2.0,30.30872,0.5336993
-126.3346,-200.4159,2.0,38.173809999999996,1.1104049999999999
-121.9286,-184.43200000000002,2.0,10.28533,-0.09213278
-112.821,-186.9879,2.0,17.13842,0.4753954000000001
-110.1974,-202.1658,2.0,24.99885,0.28174790000000005
-108.1507,-223.5164,2.0,32.8411,0.5686276
-102.6941,-249.9757,2.0,39.8769,0.4232764
-81.84826,-270.5525,2.0,40.84448,-0.2687233
-55.050709999999995,-259.1394,2.0,42.05615,0.07764486
-49.5272,-229.0117,2.0,44.79703,0.1915483
-40.27288,-195.8983,2.0,49.02454,0.1438848
-14.14269,-167.671,2.0,55.04034,0.43219480000000005
8.143901,-135.5262,2.0,37.80695,-1.723475
3.4153879999999996,-120.6601,2.0,20.449479999999998,0.6001771
-5.870372,-105.8254,2.0,27.653840000000002,0.5099056
-6.664183,-82.61421,2.0,35.17442,0.5384778
-6.782069,-53.88925,2.0,42.336290000000005,0.24220010000000003
-7.091446,-19.96642,2.0,49.11103,0.49641019999999997
-7.404356,18.7641,2.0,54.93081,-0.9442671999999999
-19.805120000000002,45.04172,2.0,24.92325,-2.447523
-25.86898,45.42552,2.0,3.2333220000000003,0.35150640000000005
-27.59372,40.53602,2.0,11.8794,0.5821299
-38.54995,42.6975,2.0,19.97033,0.2951495
-55.23155,46.175909999999995,2.0,27.112759999999998,0.29198379999999996
-77.99129,42.5989,2.0,34.8075,0.5322871
-106.4149,41.36887,2.0,41.96894,0.2400359
-139.1105,36.60487,2.0,43.50605,-0.9734870999999999
-150.3937,20.31595,2.0,12.37974,-1.218236
-147.8093,19.45257,2.0,7.000083,0.6244301
-143.205,13.698089999999999,2.0,15.29062,0.5998481
-149.4624,1.223606,2.0,23.05144,0.43506490000000003
-147.7174,-16.81456,2.0,28.865879999999997,0.5045841
-142.1086,-35.23328,3.0,11.00088,0.8874477
-144.6126,-43.5028,3.0,11.38172,-0.02502185
-152.377,-51.71908,3.0,17.1536,-0.3067491
-163.1843,-55.05353,3.0,13.569939999999999,-0.2721364
-166.4037,-62.32006,3.0,10.11733,-0.15480139999999998
-162.0531,-69.6511,3.0,15.57671,0.2819816
-148.4202,-71.9438,3.0,23.19502,0.28671240000000003
-129.0407,-75.96011,3.0,29.84262,-0.4383201
-113.4175,-87.86178000000001,3.0,24.04945,-0.36360770000000003
-107.8213,-105.6693,3.0,28.623590000000004,-0.45993850000000003
-113.1437,-123.7406,3.0,22.973670000000002,-0.1969271
-125.839,-132.8882,3.0,23.2662,0.5168033
-141.3978,-128.5597,3.0,24.000120000000003,0.3927491
-148.3159,-108.264,3.0,28.038040000000002,-0.3800292
-161.3971,-104.5005,3.0,17.68056,0.22118160000000003
-167.2289,-118.6152,3.0,25.09957,0.5717109
-169.6281,-140.0152,3.0,32.907759999999996,0.4985598
-168.105,-166.8912,3.0,39.9806,0.2533475
-166.5822,-199.0518,3.0,46.722970000000004,0.47670509999999994
-163.9752,-235.1632,3.0,48.15357,-0.7256643
-150.4584,-258.8746,3.0,30.421190000000003,-1.0447229999999998
-133.0681,-250.6947,3.0,29.4507,0.5118095
-125.2576,-229.0033,3.0,34.27174,0.44006069999999997
-128.0469,-202.5549,3.0,34.7965,-0.1396095
-121.4377,-180.6111,3.0,25.47739,-1.2966790000000001
-108.6807,-184.6862,3.0,20.98783,0.3305421
-108.7526,-202.47299999999998,3.0,27.696740000000002,0.270675
-104.6554,-224.5111,3.0,30.40015,-0.3995225
-106.2712,-245.5211,3.0,30.215640000000004,1.4511889999999998
-96.41525,-268.628,3.0,36.75855,-0.08612057
-70.46113000000001,-268.7982,3.0,26.75775,-4.759746
-58.12011999999999,-267.8964,3.0,8.942408,-0.9978889999999999
-56.35085,-266.8224,3.0,2.3922779999999997,0.24697429999999998
-57.203540000000004,-267.3898,3.0,0.3359514,0.241152
-55.38671,-265.4599,3.0,6.346548,0.2557733
-51.11497,-262.2497,3.0,8.039858,0.03755888
-48.16922,-263.7162,3.0,0.5119727,0.31692509999999996
-49.783359999999995,-260.2782,3.0,9.444192999999999,0.601065
-48.84176,-250.4348,3.0,17.5303,0.5524308000000001
-45.20995,-235.03,3.0,25.175179999999997,0.5469970000000001
-42.7274,-213.8118,3.0,32.36612,0.5162083
-37.11124,-188.3737,3.0,37.42265,0.15066400000000002
-16.48915,-166.9905,3.0,40.53492,-1.969153
-0.1340946,-152.7698,3.0,22.695870000000003,-0.19117279999999998
10.34196,-142.2517,3.0,17.69623,-0.1817333
11.15829,-131.0723,3.0,14.291820000000001,1.040419
4.053267,-119.5568,3.0,22.19226,0.2716942
-5.305779,-103.0374,3.0,29.31883,0.2438201
-10.30112,-79.29146999999999,3.0,36.0012,0.47857079999999996
-8.677091,-50.36097,3.0,42.342259999999996,0.2210845
-4.002322,-17.340510000000002,3.0,44.14992,-0.6485233
-3.9707339999999998,8.651647,3.0,20.192120000000003,-1.09153
-4.851064,15.010710000000001,3.0,3.6416839999999997,0.48529700000000003
-6.173567,21.57929,3.0,13.468229999999998,0.6069325
-11.1059,33.48829,3.0,21.37957,0.5066189
-26.3447,43.34758,3.0,28.397479999999998,0.47171040000000003
-49.449690000000004,44.6148,3.0,34.86444,0.2430471
-77.83035,44.09865,3.0,41.62422,0.2389578
-110.8822,41.69832,3.0,46.239670000000004,-0.4831184
-141.7322,35.62316,3.0,38.829159999999995,-0.3944924
-148.2197,13.50337,3.0,32.88885,0.41119110000000003
-144.7307,-11.53968,3.0,37.6379,0.4675424
-144.3685,-41.52618,4.0,39.91666,-1.147999
-156.7083,-54.251219999999996,4.0,18.0997,0.2615795
-168.1748,-60.181369999999994,4.0,19.568839999999998,0.6277154
-158.2758,-71.66592,4.0,24.945970000000003,0.392734
-137.6129,-73.34772,4.0,31.285429999999998,0.4216374
-116.3509,-86.50627,4.0,36.975970000000004,0.3878603
-109.6264,-112.8291,4.0,37.440090000000005,-0.2087321
-127.6653,-132.4075,4.0,35.76545,-0.4935482
-145.2748,-120.7802,4.0,29.50768,-0.01774596
-148.3801,-100.3635,4.0,22.241039999999998,-1.146189
-160.7229,-101.7517,4.0,20.886210000000002,0.4580161
-167.5896,-117.9673,4.0,27.75815,0.5399807
-170.4958,-141.0424,4.0,34.9186,0.48545740000000004
-168.3576,-169.2787,4.0,41.55148,0.5039722
-165.4247,-202.2985,4.0,47.90964,0.2129138
-163.0116,-238.1012,4.0,42.451370000000004,-0.8570023999999999
-154.2385,-254.2256,4.0,19.07827,-0.3180716
-139.2361,-258.1372,4.0,24.516920000000002,0.09500459
-128.2642,-243.7447,4.0,28.92929,0.4883182
-125.8285,-220.1186,4.0,35.2276,0.2236217
-128.0212,-192.1926,4.0,40.11289,0.1793595
-108.9213,-176.8736,4.0,31.15225,-0.8116823000000001
-100.4129,-190.9788,4.0,22.19685,-0.2198386
-114.5052,-198.9261,4.0,14.16975,-2.192094
-114.5551,-201.5554,4.0,0.01120027,0.01379662
-114.4581,-201.5783,4.0,1.419728,0.49505479999999996
-111.4122,-201.3099,4.0,6.491975,0.12056700000000001
-109.6809,-198.2392,4.0,1.0812,-0.49685109999999993
-109.4777,-200.2355,4.0,6.379205000000001,0.5416875
-108.0571,-207.4067,4.0,13.276879999999998,0.2574833
-105.8464,-219.5341,4.0,19.79684,0.44372159999999994
-105.5342,-236.3926,4.0,25.76748,0.2149433
-103.3482,-257.1414,4.0,30.73876,0.3010467
-85.58438000000001,-271.731,4.0,33.377159999999996,0.19056800000000002
-60.616330000000005,-266.2909,4.0,36.98669,0.1971371
-49.22589,-242.6135,4.0,37.999340000000004,0.3530909
-46.73952,-212.9901,4.0,42.355090000000004,0.3126613
-33.01701,-183.2465,4.0,45.924459999999996,0.1666441
-7.828964999999999,-160.3401,4.0,41.373509999999996,-2.119977
7.327922999999999,-146.188,4.0,20.65934,-0.46474340000000003
12.75307,-134.6734,4.0,18.00928,1.078254
4.196909,-120.0049,4.0,26.367729999999998,0.21012470000000003
-6.260326,-101.5319,4.0,31.524659999999997,0.39273850000000005
-10.49821,-76.59064000000001,4.0,36.64328,0.1691733
-8.255011,-47.757670000000005,4.0,41.457640000000005,0.1579504
-2.57356,-15.807929999999999,4.0,46.15365,0.3254078
-4.892879,19.20071,4.0,47.50034,-0.7688553000000001
-17.15127,38.471140000000005,4.0,29.239209999999996,0.3172798
-39.54465,43.91538,4.0,33.8589,0.3867203
-66.53604,43.239309999999996,4.0,39.029,0.372165
-97.29393,42.43237,4.0,43.794259999999994,0.038743099999999996
-127.779,39.1135,4.0,34.54419,-0.7495838
-141.515,34.68372,4.0,16.45822,0.43670600000000004
-147.7203,22.09296,4.0,22.22711,0.3881489
-146.4993,3.624329,4.0,27.94235,0.43125959999999997
-141.9874,-18.74954,4.0,33.42863,0.3445542
-145.2917,-42.77518,5.0,29.21593,-0.8286476999999999
-161.4689,-54.40438,5.0,29.124579999999998,0.3122228
-166.9872,-67.9426,5.0,18.51311,0.1720875
-154.7301,-69.97523000000001,5.0,18.58662,0.6560659000000001
-138.1958,-73.44451,5.0,25.85096,0.4384215
-118.7985,-81.64925,5.0,31.08333,0.31405359999999993
-107.6855,-102.2371,5.0,34.0687,0.1775237
-115.3536,-125.60799999999999,5.0,31.9337,-0.36182929999999996
-134.3013,-132.5089,5.0,24.269370000000002,-0.4208308
-143.1566,-118.4805,5.0,25.97692,0.1879664
-154.7084,-101.7592,5.0,27.659740000000003,-0.4442531
-165.6226,-106.2247,5.0,16.65554,0.8516129000000001
-165.3868,-119.3225,5.0,22.07189,0.9113684000000001
-167.7652,-138.9215,5.0,34.65887,1.404112
-167.7796,-170.5917,5.0,46.94918,0.3118413
-164.2249,-207.1486,5.0,49.480959999999996,-0.9322419
-163.8622,-231.9897,5.0,21.588829999999998,-0.240956
-161.9816,-245.7877,5.0,16.07238,-0.4106077
-155.2434,-255.1416,5.0,19.33836,0.9247536
-138.90200000000002,-259.2698,5.0,27.73762,0.5633159000000001
-126.4713,-239.9851,5.0,37.6044,0.8072333
-127.3221,-210.2508,5.0,38.496809999999996,-0.5312866999999999
-127.8091,-191.2625,5.0,18.93761,-0.3979076
-119.6239,-182.6069,5.0,18.74285,0.3416938
-104.8812,-187.8926,5.0,24.60679,0.2422587
-102.7216,-208.3517,5.0,33.101420000000005,0.6783303
-105.0086,-234.7757,5.0,37.105579999999996,-0.2526372
-103.506,-259.4921,5.0,29.468809999999998,-0.6835326999999999
-86.02037,-271.6513,5.0,32.039970000000004,0.2671084
-61.73133000000001,-267.1194,5.0,35.62019,0.1010965
-49.71862,-243.9881,5.0,38.047,0.16036199999999998
-45.77748,-214.0459,5.0,42.94141,0.3397197
-34.65453,-182.9665,5.0,46.40436,0.1651921
-9.924795,-160.5484,5.0,31.95968,-3.870883
0.5038364000000001,-153.8335,5.0,12.00026,-0.2992827
6.2985169999999995,-149.4183,5.0,7.80036,-0.27996190000000004
10.32987,-145.2251,5.0,10.36924,0.4925321
13.19195,-135.7887,5.0,16.72233,0.43010190000000004
7.165346,-122.7175,5.0,22.64445,0.4390754
-3.3723989999999997,-107.095,5.0,28.33284,0.3828149
-9.653163000000001,-84.99686,5.0,33.67157,0.38707379999999997
-9.611846,-58.33999,5.0,38.53651,0.1709703
-3.9901480000000005,-28.458609999999997,5.0,43.38498,0.1684001
-1.524411,4.240694,5.0,39.835840000000005,-1.456013
-5.982471,23.32236,5.0,10.38189,-0.3192104
-9.99386,31.533,5.0,16.420360000000002,0.4520522
-20.54984,40.9665,5.0,22.36213,0.43656409999999995
-38.5116,45.20494,5.0,27.895970000000002,0.2005139
-61.25326,45.05382,5.0,33.46117,0.3811339
-88.01904,43.95705,5.0,38.68476,0.35505180000000003
-117.6531,41.21989,5.0,37.20081,-0.5610470999999999
-137.3742,37.8416,5.0,20.33746,0.7563714
-146.815,24.337410000000002,5.0,25.502,0.39785859999999995
-146.6736,3.677422,5.0,30.697340000000004,0.3989139
-142.0054,-20.59241,5.0,35.92153,0.3360882
-144.3716,-40.924409999999995,6.0,14.10183,-0.9903509
-149.779,-50.27365,6.0,19.65573,0.286957
-161.5713,-56.13646,6.0,15.120479999999999,-0.2198987
-166.1432,-64.20464,6.0,15.61455,0.6785349
-154.9648,-72.89010999999999,6.0,25.057479999999998,1.062141
-131.6084,-74.03213000000001,6.0,37.430659999999996,0.6077756
-109.8237,-93.39735999999999,6.0,39.09268,-0.6939865
-115.2157,-114.5561,6.0,16.157629999999997,-2.060499
-118.2977,-123.1427,6.0,15.22577,0.6121314
-126.31,-133.4089,6.0,17.080470000000002,0.2090475
-140.0889,-130.2895,6.0,22.83013,0.15406660000000003
-145.4751,-112.5713,6.0,26.778440000000003,-0.6127048
-150.4314,-104.1196,6.0,7.398789999999999,0.1046055
-157.5489,-100.6546,6.0,15.174679999999999,0.6007276
-166.2276,-107.0559,6.0,17.45105,0.6245835999999999
-167.6795,-124.4563,6.0,30.49602,0.963707
-168.7925,-151.8918,6.0,42.90007,0.4202286
-167.0188,-187.5833,6.0,53.30199,0.7087895000000001
-163.6027,-226.5144,6.0,48.0023,-0.7966954
-158.2208,-254.7644,6.0,30.57597,-1.403949
-140.76,-257.327,6.0,20.79014,-0.47603290000000004
-128.8922,-248.1689,6.0,24.21594,0.1849979
-124.9197,-228.7214,6.0,29.59589,0.4072019
-127.964,-205.0255,6.0,34.861979999999996,0.17451470000000002
-125.4387,-184.3504,6.0,16.280160000000002,-0.2723047
-112.1618,-183.6888,6.0,21.716639999999998,0.2958038
-103.2596,-198.2335,6.0,26.36875,0.405114
-103.4578,-219.75900000000001,6.0,31.81117,0.39324440000000005
-105.8633,-245.1558,6.0,37.01683,0.3418308
-95.60223,-270.1148,6.0,36.84803,-0.3866686
-72.03423000000001,-270.1259,6.0,28.441,-0.5529236
-55.09783,-263.4969,6.0,22.0813,0.1880505
-48.20827,-245.7575,6.0,29.792690000000004,0.2020445
-44.73687,-221.8422,6.0,35.226009999999995,0.1986768
-40.90992,-194.1318,6.0,40.047259999999994,0.12772089999999997
-22.15117,-171.1962,6.0,42.602909999999994,0.3462653
-2.255389,-156.3584,6.0,18.70862,-2.0013360000000002
5.652856,-150.24200000000002,6.0,12.083169999999999,-0.00278739
11.6223,-142.7396,6.0,15.12912,0.28214190000000006
10.97056,-128.8559,6.0,23.58069,0.5951417
-2.625369,-111.6235,6.0,36.56995,0.4824469
-9.476359,-80.43645,6.0,49.99778,0.9186499
-6.658460000000001,-39.15295,6.0,60.273019999999995,0.2440663
-1.694438,4.433508,6.0,50.39552,-3.1784939999999997
-7.763106,26.46214,6.0,20.70594,-0.44993540000000004
-17.803379999999997,39.75274,6.0,26.60316,0.3532438
-41.02107,45.28438,6.0,39.12449,1.118047
-75.62181,44.21018,6.0,53.91029,1.027706
-115.5104,41.50147,6.0,36.09625,-4.473071
-129.39600000000002,38.913109999999996,6.0,12.68174,-0.247196
-141.2017,35.16082,6.0,22.93117,0.1699276
-147.6718,18.765829999999998,6.0,27.125629999999997,0.4112396
-145.0862,-3.193209,6.0,32.65033,0.38951090000000005
-141.2654,-28.901999999999997,6.0,37.0791,0.1977912
-142.281,-38.43243,7.0,11.23904,0.2553272
-146.7976,-48.02158,7.0,17.56616,0.4331457
-160.2455,-54.645630000000004,7.0,23.162689999999998,0.2992827
-168.2637,-67.43597,7.0,17.77111,-0.2728998
-161.1313,-76.28631999999999,7.0,16.73661,0.21929949999999998
-147.7686,-75.08228000000001,7.0,20.10633,0.04904641
-132.686,-73.49268000000001,7.0,22.03969,0.24967399999999998
-116.5798,-82.04661999999999,7.0,29.178829999999998,0.37033140000000003
-108.0312,-102.8048,7.0,33.00099,0.2994345
-118.5601,-125.2019,7.0,35.891090000000005,0.1012909
-142.7914,-129.8608,7.0,29.237240000000003,-0.6963102
-145.6267,-118.9908,7.0,11.205,-0.1805385
-143.3255,-110.5096,7.0,17.649420000000003,0.34195190000000003
-151.9043,-101.89299999999999,7.0,16.76794,0.23157170000000002
-164.4435,-106.7178,7.0,20.80334,-0.4737763
-166.042,-121.3521,7.0,21.49417,0.24530029999999997
-167.3218,-140.5414,7.0,32.05725,0.5226244999999999
-169.6552,-169.4369,7.0,45.76954,0.8915379000000001
-170.0512,-207.6433,7.0,55.04906,-0.8728761999999999
-165.5783,-242.5288,7.0,35.393570000000004,-1.969715
-149.0772,-254.3882,7.0,24.26585,-0.26575429999999994
-132.9816,-251.4171,7.0,22.78719,0.09360438
-125.7116,-235.452,7.0,29.869590000000002,0.44334830000000003
-126.1045,-211.2675,7.0,35.32405,0.3761449
-124.109,-184.7348,7.0,28.2032,-2.749543
-113.7893,-180.9911,7.0,15.538229999999999,0.4608866
-109.4341,-194.4,7.0,22.6575,0.42839160000000004
-108.8121,-213.3958,7.0,28.55588,0.4130481
-108.4542,-236.6343,7.0,34.07456,0.36651890000000004
-99.80147,-261.3763,7.0,37.647,0.08676213
-74.55837,-272.9155,7.0,39.39631,0.0010911410000000001
-52.1562,-256.7576,7.0,39.430440000000004,0.05315886
-48.93973,-226.7258,7.0,43.19388,0.3407033
-38.20442,-196.079,7.0,45.74439,0.1274455
-13.98939,-169.8564,7.0,50.26448,0.3046414
7.153312,-140.8911,7.0,37.65313,-2.375649
6.091285,-121.5863,7.0,25.48216,0.9121978000000001
-5.161318,-102.8223,7.0,33.75795,0.3983058
-3.49891,-72.00738,7.0,50.6749,0.6174878
-0.5532577,-28.49983,7.0,66.45381,0.46893359999999995
-3.009839,19.31191,7.0,56.59652,-2.2137919999999998
-18.30254,41.87664,7.0,28.61301,-0.03093352
-43.42579,40.66837,7.0,39.28172,0.18141629999999997
-74.41283,40.40352,7.0,44.15356,0.1689051
-108.8394,41.204209999999996,7.0,48.70513,0.1555194
-141.9627,35.603229999999996,7.0,33.15103,-1.36151
-146.4336,15.79664,7.0,30.399309999999996,0.1968522
-145.1357,-8.748688000000001,7.0,35.78176,0.4016995
-146.4177,-37.07447,8.0,40.66855,0.1197115
-162.6976,-57.7563,8.0,30.23733,-2.603855
-167.0817,-72.3326,8.0,24.26773,0.345296
-149.4228,-78.60284,8.0,29.17012,0.204525
-126.5597,-79.62415,8.0,32.82113,0.08030602
-111.5283,-99.34328000000001,8.0,35.91373,0.2316683
-118.225,-124.5556,8.0,37.3171,0.04306439
-142.18,-130.7052,8.0,24.59039,-4.074422
-146.1228,-127.1058,8.0,3.7601449999999996,0.437414
-142.3132,-122.5877,8.0,11.62835,0.4840021
-143.8051,-112.0998,8.0,17.84614,0.46581759999999994
-155.267,-102.6078,8.0,22.97627,0.09963576
-167.6154,-111.8408,8.0,24.61518,0.29462740000000004
-166.5445,-131.969,8.0,30.0223,0.3856533
-170.0563,-155.9029,8.0,35.26504,0.3799823
-170.2878,-183.8292,8.0,40.065329999999996,0.1784927
-168.9314,-215.2664,8.0,44.87643,0.3419572
-162.9766,-248.2305,8.0,42.20145,-0.5894581999999999
-139.6568,-255.0094,8.0,29.4076,-0.7738948
-127.5357,-238.1384,8.0,31.3618,0.28477420000000003
-127.3938,-213.1511,8.0,36.38818,0.17889549999999999
-124.0459,-185.6609,8.0,34.404509999999995,-1.386364
-111.8789,-180.8456,8.0,15.49425,0.5749261
-107.2183,-193.5798,8.0,21.85119,0.46139600000000003
-106.6,-211.9646,8.0,27.77212,0.20700679999999996
-105.8285,-234.7021,8.0,33.378890000000006,0.4080499
-99.64797,-260.0131,8.0,37.2618,0.120422
-75.81811,-272.9336,8.0,38.536120000000004,-0.02804642
-52.31708,-258.2472,8.0,39.52109,0.01971933
-46.79645,-228.7863,8.0,43.01471,0.3387317
-39.67171,-196.7885,8.0,45.382020000000004,-0.03996783
-15.44258,-171.9388,8.0,49.03552,0.3281895
6.3619769999999995,-142.47899999999998,8.0,45.04535,-1.631524
3.5254199999999996,-116.6691,8.0,34.723240000000004,0.935744
-6.6434619999999995,-91.25529,8.0,39.357409999999994,0.2907479
-1.994545,-60.75646999999999,8.0,44.0132,0.1682309
-1.392895,-26.396409999999996,8.0,48.55005,0.3218669
-2.273957,11.1504,8.0,52.78141,0.1257758
-15.30122,40.51585,8.0,32.390440000000005,-2.056356
-26.320240000000002,41.27414,8.0,4.480044,0.37176609999999993
-29.3363,37.05387,8.0,11.002410000000001,0.4321866
-37.903859999999995,42.13288,8.0,17.32941,0.2321663
-47.6255,48.57397,8.0,5.499208,1.0663280000000002
-48.0191,48.5869,8.0,0.03337859,0.01656553
-48.40181,47.09805,8.0,4.24886,0.1380283
-47.46314,43.59264,8.0,4.442385,-0.3589759
-48.32195,44.191309999999994,8.0,6.38063,0.6593004
-55.8873,46.42452,8.0,15.212570000000001,0.6397331
-70.24611999999999,44.84968,8.0,23.590889999999998,0.2887607
-90.5004,42.27811,8.0,31.454420000000002,0.5302004
-116.4363,43.9893,8.0,38.66987,0.48753009999999997
-141.8315,33.659079999999996,8.0,38.47429,-0.09479801
-144.19299999999998,3.92927,8.0,44.832370000000004,0.5799214
-147.0567,-30.988509999999998,8.0,45.89754,-0.3184607
-142.1434,-35.24055,9.0,2.440429,-0.02738431
-143.9795,-41.58851,9.0,14.23059,0.6727968000000001
-149.5217,-49.690690000000004,9.0,11.97051,-0.09958771
-158.1721,-53.34811,9.0,14.090279999999998,-0.1999733
-165.8986,-58.021,9.0,10.96867,-0.2101205
-165.8382,-66.4761,9.0,16.74036,0.48805059999999995
-153.872,-73.65701,9.0,18.49928,-0.2940207
-141.4874,-72.77911,9.0,15.051070000000001,-0.117531
-127.2541,-75.75013,9.0,25.13715,0.10062739999999999
-112.52600000000001,-87.4839,9.0,26.14264,0.02349634
-107.1684,-105.5149,9.0,23.89547,-0.3720232
-109.2105,-116.4707,9.0,11.55477,-0.1772061
-113.5298,-125.9016,9.0,20.80613,0.8116711
-125.6737,-134.6982,9.0,18.75796,-0.1725152
-137.685,-132.6804,9.0,15.544920000000001,0.02742027
-145.3986,-120.6888,9.0,24.550929999999997,0.2868257
-152.0829,-102.795,9.0,19.59318,-1.513202
-162.0065,-100.4264,9.0,12.60798,-0.13839029999999997
-166.9052,-111.2194,9.0,23.383470000000003,0.5645918000000001
-168.612,-133.8716,9.0,37.41643,0.4405674
-168.8362,-165.2036,9.0,45.25225,0.1576277
-165.4356,-199.7699,9.0,46.86955,-0.6128551
-162.9926,-231.1471,9.0,37.12555,-1.003343
-158.4125,-251.6731,9.0,24.5027,-0.2289103
-145.0483,-260.2501,9.0,19.24362,-0.4323128
-132.6747,-254.56,9.0,23.597260000000002,0.9668455
-124.9932,-233.1934,9.0,36.14999,0.23871869999999998
-127.7968,-206.8086,9.0,30.22115,-0.5685515
-128.4262,-191.648,9.0,14.978439999999999,-0.11580330000000001
-123.6737,-182.9069,9.0,15.239020000000002,0.6612768
-110.5967,-183.2329,9.0,18.057270000000003,-0.3046749
-103.3283,-192.1177,9.0,15.8927,0.7831576
-102.7589,-209.3576,9.0,30.573320000000002,0.46735870000000007
-105.5853,-235.1532,9.0,37.986090000000004,-0.04035276
-102.3231,-261.4572,9.0,34.63133,-0.2696774
-82.0966,-273.1439,9.0,32.89825,0.1001122
-59.58931,-265.9054,9.0,31.80552,-0.07649598
-49.15477,-244.2132,9.0,34.95247,0.144468
-44.98545,-217.7218,9.0,36.82764,-0.1045971
-39.669470000000004,-192.0682,9.0,33.4539,-0.20126
-26.907190000000003,-173.5286,9.0,27.498309999999996,-0.39289229999999997
-12.073139999999999,-162.5152,9.0,22.63289,-0.1682425
0.9177615,-153.9588,9.0,19.132360000000002,-0.2874333
10.81433,-144.4173,9.0,20.83326,0.2863139
10.14371,-127.6807,9.0,26.4579,0.2469721
-2.990629,-111.2154,9.0,29.623209999999997,0.0074690419999999995
-9.798647,-90.27806,9.0,30.17281,0.06101697
-11.014439999999999,-67.11452,9.0,33.43245,0.322729
-7.420794,-41.61942,9.0,35.53145,0.08106022
-2.862609,-15.288110000000001,9.0,36.57792,0.02581547
-2.880172,9.87876,9.0,28.459290000000003,-0.9728266
-7.191742999999999,26.91246,9.0,19.93274,-0.2976812
-16.99887,39.24693,9.0,26.08397,0.2536641
-37.84768,45.28975,9.0,32.98573,0.4729236
-64.88499,43.88885,9.0,40.18462,0.4977653
-97.3168,43.66202,9.0,46.956070000000004,0.4955887
-131.3027,39.74309,9.0,38.76951,-4.084641
-147.4173,22.45394,9.0,34.36932,0.031168599999999998
-141.8389,-4.613535,9.0,40.605140000000006,0.4306894
-143.441,-32.686690000000006,9.0,24.89049,-1.15565
-147.5242,-45.40377,10.0,19.35145,0.5483989
-158.0693,-54.44314,10.0,17.3401,-0.1322381
-166.8585,-61.113369999999996,10.0,13.16596,-0.3182284
-162.6418,-71.22176,10.0,18.81086,0.05091117
-149.6252,-72.70758000000001,10.0,18.59629,0.05986539
-136.4299,-73.28766999999999,10.0,18.01153,0.5484373
-119.7339,-80.00721999999999,10.0,28.46455,0.4237084
-107.5211,-99.16306,10.0,34.32907,0.3727105
-112.4957,-124.075,10.0,30.06638,-1.2124190000000001
-127.0135,-133.4504,10.0,20.97918,-0.1885169
-140.0013,-130.4598,10.0,17.37,0.3224405
-145.9615,-115.9317,10.0,25.25665,0.27824829999999995
-150.5801,-104.3458,10.0,4.160254,-0.1483556
-155.3494,-100.9894,10.0,12.33442,0.2616899
-165.3133,-104.7076,10.0,18.66411,0.41908500000000004
-167.9597,-120.7087,10.0,25.56483,0.25273520000000005
-168.8732,-142.2313,10.0,32.98362,0.5089222
-168.3313,-168.25,10.0,37.23695,0.30738509999999997
-166.4351,-196.8886,10.0,39.97331,0.10673099999999999
-164.2238,-224.1363,10.0,33.02517,-0.5167948
-162.0076,-245.8395,10.0,26.02967,-0.27965
-151.0045,-258.0596,10.0,21.14592,0.26386620000000005
-134.7233,-256.6441,10.0,23.74052,-0.03284938
-126.1225,-240.0993,10.0,27.23883,0.11246099999999999
-125.6621,-218.96099999999998,10.0,30.282329999999998,0.23540429999999996
-127.7842,-198.8622,10.0,19.3495,-0.8105071999999999
-127.2268,-187.0213,10.0,13.77775,-0.1854876
-119.7616,-181.9395,10.0,14.945120000000001,0.4919737
-107.4708,-184.9906,10.0,18.09781,-0.1418324
-102.99700000000001,-197.4438,10.0,19.66582,0.185415
-103.8798,-212.9504,10.0,21.7702,0.02113125
-105.0791,-229.2911,10.0,24.272879999999997,0.5028654
-105.9708,-249.6755,10.0,29.88431,0.05246418
-96.9812,-268.8141,10.0,30.0184,0.6561153000000001
-72.40669,-271.4841,10.0,37.452940000000005,0.2089103
-51.44684,-254.8698,10.0,37.99819,0.3176286
-46.76096,-224.674,10.0,43.398990000000005,0.17387660000000002
-40.27872,-194.6219,10.0,37.3094,-0.6215878
-27.025440000000003,-174.1915,10.0,29.320999999999998,-0.4839731
-11.59595,-162.5758,10.0,21.09925,-1.214137
-2.77137,-156.4384,10.0,15.947070000000002,1.080862
8.534265,-147.5771,10.0,19.25403,-0.1287415
12.92633,-132.6521,10.0,26.456220000000002,0.14351440000000001
-0.4312477,-116.09899999999999,10.0,31.876459999999998,0.37214709999999995
-9.351704,-92.6557,10.0,34.24218,-0.5674319999999999
-10.10817,-68.85965999999999,10.0,33.61073,0.4894664000000001
-7.348289,-41.73429,10.0,39.93065,0.20513499999999998
-2.487771,-10.27308,10.0,45.80101,0.18688770000000002
-5.509454,24.522170000000003,10.0,46.0556,-0.4059727
-29.18729,43.73133,10.0,43.76818,0.317359
-63.24181,44.16598,10.0,48.70066,0.3923946
-101.2161,42.80785,10.0,53.9577,0.3795644
-135.5898,37.81208,10.0,39.23194,0.13106489999999998
-148.5298,15.668170000000002,10.0,36.78073,0.07406319
-141.3749,-12.57192,10.0,41.88704,0.3193159
-146.2652,-39.66151,11.0,33.73687,0.4347334
-163.5417,-59.216159999999995,11.0,37.87283,-0.002412261
-167.9534,-78.42558000000001,11.0,20.68296,-1.124745
-155.3529,-75.64005999999999,11.0,22.5878,0.5081164
-139.0288,-70.36967,11.0,27.128840000000004,0.36111509999999997
-120.1245,-82.33200000000001,11.0,32.171040000000005,-0.44099659999999996
-108.9916,-102.1384,11.0,33.56799,0.3202737
-116.4219,-125.3427,11.0,29.14439,-0.5488656
-134.5959,-132.434,11.0,29.634809999999998,0.172998
-144.782,-113.7824,11.0,32.984840000000005,0.03675612
-149.4806,-102.0659,11.0,12.024280000000001,1.1512
-162.4592,-103.1071,11.0,23.15802,0.2614267
-166.4633,-120.7283,11.0,28.32528,0.23900100000000002
-167.1169,-144.0857,11.0,34.870470000000005,0.46719040000000006
-167.8077,-172.1261,11.0,40.91106,0.45749700000000004
-164.6855,-204.5168,11.0,46.81185,0.4047608
-162.0664,-238.8834,11.0,41.281240000000004,-1.280446
-149.8371,-258.47,11.0,28.81182,0.302822
-130.4152,-253.1696,11.0,29.77702,0.1881932
-125.2724,-229.6131,11.0,35.6548,0.4250911
-127.8349,-201.7091,11.0,35.558640000000004,-0.8788396
-120.2323,-180.5005,11.0,26.7963,0.10266010000000002
-107.0245,-188.6862,11.0,24.66139,0.3890703
-106.584,-209.3024,11.0,31.1227,0.4732418
-106.7516,-234.4784,11.0,37.281890000000004,0.44157890000000005
-101.62799999999999,-262.8372,11.0,41.24552,-0.01265101
-75.38225,-271.91200000000003,11.0,40.59921,0.17695770000000002
-51.15878,-255.5712,11.0,41.08728,0.05001249
-45.03348,-223.7655,11.0,46.50245,0.4299673
-37.088840000000005,-188.4852,11.0,51.00177,0.08309592
-12.07816,-163.6726,11.0,40.04365,-1.485167
7.561094000000001,-148.4245,11.0,29.50645,-0.5915157
11.32898,-130.7192,11.0,23.30152,0.4275195
0.1553602,-114.7021,11.0,29.8417,0.448238
-8.440325,-92.26521,11.0,35.75855,0.46562299999999995
-10.094619999999999,-63.66949,11.0,41.71431,0.4420943
-4.838304,-30.987440000000003,11.0,47.456920000000004,0.41724140000000004
-2.145107,5.859871,11.0,52.4068,0.2912364
-16.31706,39.710770000000004,11.0,47.4332,-0.4062305
-49.71528,44.15325,11.0,48.28087,0.426696
-87.40199,41.8142,11.0,53.697669999999995,0.39801820000000004
-127.1142,39.632259999999995,11.0,47.56937,-0.7913303
-149.757,20.42483,11.0,40.52483,-0.1154037
-143.2345,-9.484751,11.0,43.8187,0.35135190000000005
-145.3255,-41.2733,12.0,37.5097,-0.6295816999999999
-162.2483,-54.07252,12.0,28.803859999999997,0.02632579
-165.872,-69.8835,12.0,23.801389999999998,0.01653826
-147.5808,-71.16072,12.0,28.50599,0.218563
-125.1163,-76.35461,12.0,34.38655,0.413437
-107.7943,-96.41478000000001,12.0,38.52989,0.2324538
-112.5096,-120.9374,12.0,28.55752,-0.43336090000000005
-128.7898,-132.2678,12.0,24.57646,-0.4974615
-143.9023,-127.6691,12.0,24.15336,0.24987960000000004
-147.8348,-108.3138,12.0,29.14068,-0.3776219
-161.41299999999998,-100.9921,12.0,19.522370000000002,0.148366
-167.7058,-115.1541,12.0,27.9492,0.9636905000000001
-167.7302,-140.5576,12.0,37.87637,0.4551733
-167.8788,-170.6139,12.0,43.562129999999996,0.21636020000000003
-165.6356,-205.1211,12.0,49.29831,0.39461399999999996
-162.922,-241.8074,12.0,44.13494,-0.2638581
-144.467,-258.5138,12.0,28.53642,-0.8781494000000001
-130.0625,-244.1933,12.0,31.02335,0.169938
-125.6133,-219.4547,12.0,36.94493,0.390923
-128.5659,-193.0344,12.0,33.22898,0.04134101
-113.8229,-179.9707,12.0,27.37578,-0.24807150000000003
-107.8618,-195.1957,12.0,26.3827,0.49821170000000004
-110.3713,-216.7644,12.0,32.77512,0.4840794
-107.8831,-243.3738,12.0,39.133559999999996,0.4187698
-94.50594,-269.2411,12.0,40.04084,-0.1744812
-65.36081999999999,-268.5399,12.0,42.44743,0.229744
-45.40392,-248.0119,12.0,36.51978,-0.2975587
-53.83374,-225.9051,12.0,27.037209999999998,-1.988975
-53.013999999999996,-217.0863,12.0,5.5658900000000004,0.004212307
-53.334630000000004,-214.9465,12.0,1.388262,0.2251569
-50.78719,-218.2547,12.0,9.812092,0.27059540000000004
-43.12816,-214.5507,12.0,15.836279999999999,-0.16855970000000003
-41.75334,-204.3898,12.0,12.974039999999999,0.32215809999999995
-39.87728,-190.7896,12.0,22.7492,0.5061207999999999
-29.698079999999997,-174.5581,12.0,29.30333,0.23029539999999998
-9.936767999999999,-160.9373,12.0,35.71419,0.4605548
10.15138,-142.8116,12.0,35.37628,-1.4489610000000002
7.25299,-121.9313,12.0,30.788190000000004,0.48264209999999996
-7.2755149999999995,-97.11572,12.0,46.803309999999996,0.6538946
-9.643208,-59.219390000000004,12.0,54.30992,0.32457590000000003
-2.953738,-17.73522,12.0,59.11655,0.1421208
-5.37984,21.87227,12.0,37.08593,-3.7031959999999997
-20.37288,41.601259999999996,12.0,36.4386,0.09145872
-48.00145,44.87806,12.0,40.747,0.41504440000000004
-80.26753000000001,44.51692,12.0,46.461929999999995,0.1966555
-116.48700000000001,41.129220000000004,12.0,50.344640000000005,-0.1569021
-149.3053,30.38689,12.0,44.761759999999995,-0.33755609999999997
-152.8812,13.32107,12.0,8.286313,-2.377325
-152.114,12.75687,12.0,6.375030000000001,0.6718268000000001
-146.9728,7.8196259999999995,12.0,14.19125,0.5494993
-146.0166,-5.501091000000001,12.0,21.648529999999997,0.25306460000000003
-142.5814,-23.88194,12.0,28.70975,0.2448466
-142.1699,-35.53905,13.0,7.687459,0.3023212
-145.1874,-43.63235,13.0,15.600060000000001,0.2689408
-156.1213,-52.444269999999996,13.0,22.76155,0.2597759
-167.31099999999998,-65.25528,13.0,22.0366,-0.3238162
-159.5178,-75.64824,13.0,17.85228,0.16139489999999998
-144.8391,-73.80598,13.0,20.82935,-0.3703296
-130.391,-72.88025,13.0,22.48493,0.5019526
-114.1669,-82.25990999999999,13.0,28.66232,0.4064237
-106.6418,-103.7513,13.0,33.91789,0.3231172
-118.6826,-126.5542,13.0,37.79893,0.2744873
-142.6734,-129.9287,13.0,24.77636,-1.094916
-144.2963,-122.5864,13.0,6.461787999999999,0.6020649
-138.2175,-122.2445,13.0,0.9112818000000001,0.3888389
-141.6606,-123.3694,13.0,8.789206,0.4855393
-145.51,-128.2956,13.0,5.1405970000000005,-0.8236703000000002
-145.4266,-128.1998,13.0,4.966493,0.6738936
-142.4047,-121.9435,13.0,13.747029999999999,0.5997324
-140.6209,-109.4958,13.0,21.07799,0.23869459999999998
-153.0097,-97.85683,13.0,26.38052,-0.04539817
-166.2695,-107.1646,13.0,23.7854,0.6150677
-167.7316,-128.6241,13.0,32.66195,0.5266504
-167.5474,-155.475,13.0,39.42326,0.2214667
-167.9785,-187.0767,13.0,45.85674,0.46189529999999995
-168.0525,-223.3069,13.0,51.871959999999994,0.41992299999999994
-154.7265,-254.5399,13.0,43.58835,-0.1931984
-129.5995,-251.2719,13.0,28.93873,-0.22327460000000002
-128.4082,-227.7006,13.0,37.561,0.38478909999999994
-127.6331,-197.7897,13.0,38.79156,-1.643252
-122.8462,-183.3546,13.0,14.25716,-0.12183519999999999
-111.4105,-183.2447,13.0,20.60151,0.3607697
-104.8684,-198.9654,13.0,27.0372,0.2593449
-106.9585,-221.4531,13.0,34.06713,0.5106864999999999
-105.2947,-248.5619,13.0,39.70298,0.3995376
-85.51248000000001,-271.0574,13.0,42.64395,0.006058245
-56.66373000000001,-263.9639,13.0,42.51297,-0.008714705
-48.95847,-233.5354,13.0,45.73997,0.22043110000000002
-43.45616,-201.2892,13.0,41.898759999999996,0.36592620000000003
-23.53995,-175.23,13.0,47.38215,0.2113679
1.88589,-147.8548,13.0,51.91061,-0.5464445
7.1467220000000005,-115.9294,13.0,39.41468,-0.8260494
-8.687593,-98.34407,13.0,27.803109999999997,-0.11049080000000001
-6.5046550000000005,-75.10744,13.0,35.37255,0.49591309999999994
-5.488536,-46.43225,13.0,42.02275,0.47701720000000003
-4.266269,-13.00187,13.0,48.27616,0.45694799999999997
-6.104228,24.208170000000003,13.0,48.56762,-0.6618592
-25.71428,41.823159999999994,13.0,28.54655,-1.6598709999999999
-34.44487,33.8868,13.0,14.015889999999999,0.1408636
-35.1191,32.58842,13.0,0.06588322,-0.04317414
-35.16539,32.59422,13.0,0.05693484,-0.02288169
-34.48858,34.72167,13.0,7.160164,0.691063
-32.85417,41.9673,13.0,8.986742,-0.7741893
-32.24823,44.76236,13.0,0.8838403,0.6804007
-34.47439,41.93122,13.0,9.038209,0.5937967
-43.62405,42.721070000000005,13.0,16.47329,0.26288259999999997
-58.141709999999996,45.35155,13.0,23.31823,0.2305328
-77.68753000000001,43.01947,13.0,29.84086,0.4567155
-101.993,42.591359999999995,13.0,35.80856,0.2133193
-129.9701,39.43367,13.0,40.482279999999996,-0.05089157
-147.5312,18.551170000000003,13.0,38.4811,0.2478333
-145.5922,-11.62745,13.0,43.671209999999995,0.38742
-146.8495,-44.76826,14.0,42.48542,-2.164977
-162.66,-62.39662,14.0,25.558310000000002,-0.5765095
-154.0032,-75.33166,14.0,26.1812,0.34971030000000003
-132.5108,-76.32133,14.0,31.82599,0.1316745
-113.069,-91.27592,14.0,35.899770000000004,0.11287919999999999
-112.6187,-117.6476,14.0,38.22855,0.07032023
-135.2705,-131.9905,14.0,33.39175,-1.369183
-146.1958,-121.4268,14.0,10.60546,-2.630399
-146.249,-119.5415,14.0,1.946086,-0.006417986
-147.1033,-118.465,14.0,1.650363,-0.03378328
-147.9992,-117.7077,14.0,2.556422,0.4575657
-150.7057,-117.3803,14.0,3.272275,-0.9675279
-149.378,-116.6468,14.0,6.645683999999999,0.6253892
-144.8291,-110.2584,14.0,14.91266,0.5833765999999999
-149.9423,-98.58665,14.0,21.53475,0.21706
-165.3768,-101.7999,14.0,25.49425,0.1549928
-166.949,-122.0605,14.0,31.382990000000003,0.2539723
-166.64700000000002,-147.8504,14.0,38.287620000000004,0.23211759999999998
-166.8147,-178.6743,14.0,44.869170000000004,0.47404940000000007
-167.1906,-214.2169,14.0,51.042609999999996,0.4227157
-159.1282,-248.6629,14.0,39.593779999999995,-1.614431
-142.3294,-253.7157,14.0,10.03054,-1.989334
-141.5036,-250.3186,14.0,3.068865,-0.124242
-138.9868,-248.1669,14.0,7.895436999999999,0.2919051
-130.6582,-250.4961,14.0,14.77123,-0.2780454
-122.0766,-250.0811,14.0,10.25258,-0.1668592
-122.0932,-241.21900000000002,14.0,16.84514,0.34424829999999995
-125.6272,-226.1333,14.0,24.801170000000003,0.268662
-127.4446,-205.0934,14.0,32.2001,0.520404
-122.3649,-181.7141,14.0,31.086440000000003,-0.5378044
-106.4164,-184.7661,14.0,24.24174,0.9760593000000001
-106.6384,-209.0899,14.0,42.95139,0.7370675999999999
-104.9042,-247.3691,14.0,57.35719,0.11753980000000001
-79.74654,-272.0724,14.0,44.99281,0.3210134
-51.09212,-258.9558,14.0,43.41983,-0.14885589999999999
-49.51704,-226.6265,14.0,46.744170000000004,0.3440094
-37.817209999999996,-193.4147,14.0,50.5688,0.17309560000000002
-10.569239999999999,-165.0551,14.0,55.95255,0.42307209999999995
10.00358,-132.4502,14.0,41.05138,-2.7076290000000003
0.494542,-113.1085,14.0,25.62315,-0.19942120000000002
-5.877944,-92.62634,14.0,32.78543,0.2400486
-4.096872,-65.86903000000001,14.0,39.641729999999995,0.5018787
-2.416403,-34.049459999999996,14.0,46.12471,0.214484
-2.697054,2.372848,14.0,52.203990000000005,0.4336915
-13.02197,36.6518,14.0,44.42245,-0.4163531
-43.89287,41.40269,14.0,45.56002,0.45404110000000003
-79.96869000000001,40.24284,14.0,51.586729999999996,0.43847299999999995
-119.7833,41.55833,14.0,51.72652,-1.629376
-144.4465,28.91447,14.0,26.46022,-1.2072530000000001
-144.387,22.13249,14.0,3.246905,0.3382108
-141.7235,24.82851,14.0,4.959203,-0.25530660000000005
-142.0094,24.3954,14.0,5.932632,0.5151416
-147.2234,21.39278,14.0,9.217493,-0.2503552
-149.4699,21.9967,14.0,1.98265,0.6989248
-145.5381,19.126089999999998,14.0,11.10297,0.3191441
-141.0831,8.894225,14.0,19.43078,0.2877107
-141.2208,-8.483021,14.0,27.46777,0.5494953
-141.7714,-33.875409999999995,1.0,4.746273,0.42496709999999993
-142.0371,-39.2151,1.0,11.21461,0.6502659000000001
-146.2635,-49.6814,1.0,19.80341,0.6091031
-160.336,-60.256330000000005,1.0,27.30888,0.23622710000000002
-156.7375,-76.48765999999999,1.0,24.74514,-0.1453275
-141.1206,-68.59031999999999,1.0,25.72856,-0.3385543
-135.8705,-68.27766,1.0,0.02578444,-0.006015036999999999
-135.8518,-68.28049,1.0,0.02576348,7.133335999999999e-05
-135.8336,-68.28294,1.0,0.02109989,-0.0010255519999999999
-135.9392,-68.69336,1.0,3.294599,0.5758994000000001
-135.8657,-71.9455,1.0,4.515880999999999,-0.03687538
-135.8087,-74.98344,1.0,3.693264,-0.03213068
-136.8701,-76.5022,1.0,1.031515,0.7233139000000001
-133.018,-74.98192,1.0,10.104,0.3255734
-122.7787,-77.3919,1.0,18.2894,0.4699732
-113.9976,-90.95528,1.0,25.84175,0.26522840000000003
-110.7216,-112.0274,1.0,32.317209999999996,0.39114340000000003
-125.9531,-131.7773,1.0,36.737970000000004,0.13394460000000002
-145.9317,-126.2479,1.0,22.95262,-0.4446418
-139.3152,-112.542,1.0,24.71244,-0.01345286
-138.4577,-108.7149,1.0,0.02461549,0.01805743
-138.4585,-108.7327,1.0,0.02546496,0.007147716
-139.0358,-108.5033,1.0,4.563429,0.744287
-144.2063,-109.1185,1.0,7.969166,-0.03617551
-145.5045,-110.4618,1.0,3.2913419999999998,0.6344699
-144.4484,-104.9629,1.0,11.94854,0.572083
-151.6772,-96.4224,1.0,18.94006,-0.2100876
-162.8294,-98.6866,1.0,13.978710000000001,-0.14838220000000002
-166.7701,-112.3089,1.0,26.958159999999996,0.9064044
-170.3606,-136.1868,1.0,37.18027,0.2577973
-162.9576,-163.9283,1.0,36.52843,-0.3390482
-167.261,-187.7808,1.0,29.81135,0.3965848
-167.1241,-215.1185,1.0,40.10605,-0.2948651
-164.5566,-241.6782,1.0,31.68706,-0.8652658000000001
-148.0877,-251.0637,1.0,26.91674,0.29856320000000003
-126.7537,-244.80599999999998,1.0,32.37961,-0.2157846
-125.54700000000001,-228.43900000000002,1.0,24.10768,0.28043440000000003
-128.627,-213.3304,1.0,22.92502,-0.05473389
-123.0704,-200.2118,1.0,17.6422,0.1483573
-124.2415,-187.9554,1.0,14.64913,-0.35585279999999997
-113.3839,-185.1101,1.0,19.43686,-0.2744769
-110.3853,-196.4472,1.0,14.4508,-0.04880342
-109.9773,-207.3706,1.0,17.64865,0.2958292
-108.4635,-223.3436,1.0,25.5298,0.5597274999999999
-105.6989,-244.8169,1.0,32.84402,0.508204
-92.16277,-266.7324,1.0,37.80144,0.22800479999999998
-64.85466,-268.2714,1.0,39.48876,0.009332905
-51.96436,-243.4158,1.0,40.6854,0.21588429999999997
-46.086220000000004,-212.0861,1.0,45.93493,0.1927063
-25.42226,-182.8219,1.0,51.34653,0.44886159999999997
-0.03792726,-151.7142,1.0,56.952059999999996,0.3869444
11.71095,-115.0357,1.0,36.27,-4.517799
10.10259,-104.405,1.0,1.312237,-0.2309031
9.753159,-104.2401,1.0,0.15465879999999999,0.09692629
11.86582,-105.6488,1.0,6.523014,0.3590595
17.261860000000002,-107.2323,1.0,6.029571,-0.41465240000000003
18.02733,-107.0717,1.0,3.5806379999999995,0.634108
12.57044,-109.1445,1.0,12.08422,0.3039117
2.268608,-111.0757,1.0,16.918020000000002,0.22662
0.7794095999999999,-97.28474,1.0,23.22551,0.45259160000000004
-2.432056,-78.35677,1.0,29.76022,0.24379970000000004
-5.583815,-54.11974,1.0,36.39333,0.2368637
-6.378241,-24.74669,1.0,42.88469,0.459246
-6.450895,9.302563000000001,1.0,48.96895,0.42908690000000005
-13.590539999999999,40.33719,1.0,32.35089,-1.9533200000000002
-24.3226,42.063340000000004,1.0,14.97301,0.30434240000000007
-36.9081,37.78889,1.0,22.06418,0.5144765
-55.785680000000006,39.87447,1.0,29.236759999999997,0.2535814
-80.06487,39.554120000000005,1.0,36.17028,0.2334995
-109.2814,40.2201,1.0,42.692809999999994,0.4748251
-139.10399999999998,37.20028,1.0,33.0103,-0.7981813
-142.6967,24.58784,1.0,9.513380999999999,-0.9938438
-137.7514,24.2752,1.0,0.11618160000000001,0.1323885
-137.7518,24.22693,1.0,0.05293136,-0.03044829
-138.2746,24.377589999999998,1.0,3.759781,0.6162386999999999
-143.5489,24.28378,1.0,9.899080999999999,0.336548
-150.2644,25.14479,1.0,5.114180999999999,-0.7538111999999999
-150.5757,25.16422,1.0,3.958787,0.3188198
-147.2391,20.4759,1.0,11.9637,0.5487481
-150.6202,9.836275,1.0,18.95066,0.4421487
-149.6848,-5.719263,1.0,24.90267,0.49143279999999995
-146.2131,-26.270540000000004,1.0,31.385920000000002,0.4505125
-152.6684,-48.653729999999996,2.0,32.17859,-0.04563543
-167.0145,-64.86425,2.0,27.59563,-0.45078859999999993
-157.1541,-72.12097,2.0,10.31741,-1.066132
-155.7173,-68.52686,2.0,0.05467264,-0.01600135
-155.6811,-68.52811,2.0,0.04163893,0.01383045
-156.0741,-70.15668000000001,2.0,5.027707,0.28946809999999995
-156.554,-73.87243000000001,2.0,4.76714,-0.03747055
-156.6918,-74.74235999999999,2.0,3.689716,0.6771885999999999
-151.0933,-72.76947,2.0,12.82152,0.6379673
-140.7603,-79.40100000000001,2.0,20.92884,0.3238626
-127.0353,-83.38377,2.0,17.5955,-0.04271347
-115.3843,-92.65974,2.0,27.538140000000002,0.8006833000000001
-112.3316,-114.0296,2.0,31.076359999999998,0.195122
-129.0999,-130.0981,2.0,32.56966,-0.14553020000000003
-145.3163,-123.4006,2.0,20.425,-0.2339371
-138.8788,-109.1157,2.0,21.14198,-1.066568
-149.0355,-101.5069,2.0,21.1061,0.1407028
-160.8127,-107.9303,2.0,16.79176,-0.2325884
-162.0336,-120.2644,2.0,17.7337,0.14822770000000002
-165.2378,-135.5425,2.0,25.30268,0.2963938
-165.2549,-157.2202,2.0,33.097229999999996,0.2729139
-165.5754,-184.5735,2.0,40.46788,0.5170091
-165.9615,-217.0944,2.0,47.285090000000004,0.2315629
-160.9695,-246.5093,2.0,23.241,-2.759011
-144.933,-252.0308,2.0,27.215559999999996,0.5653345000000001
-125.9598,-244.4908,2.0,28.094859999999997,-0.8913639000000001
-127.9037,-225.3531,2.0,30.48149,0.9978123
-126.3521,-200.1345,2.0,38.26758,0.5664564000000001
-121.859,-184.4074,2.0,10.25533,-0.1823116
-112.74600000000001,-187.0923,2.0,17.21634,0.4276951
-110.1838,-202.3451,2.0,25.09702,0.6041424
-108.1229,-223.7583,2.0,32.931329999999996,0.5448449000000001
-102.5897,-250.2522,2.0,39.94624,0.42048559999999996
-81.55843,-270.5995,2.0,40.82226,-0.1417366
-54.84574,-258.8947,2.0,42.06157,0.03289071
-49.53477,-228.66299999999998,2.0,44.86398,0.3792182
-40.05782,-195.6055,2.0,49.07843,0.3116623
-13.838679999999998,-167.3396,2.0,55.112280000000005,0.39238259999999997
8.219522,-135.2588,2.0,37.23838,-3.402472
3.2976870000000003,-120.5589,2.0,20.55053,0.5946001000000001
-5.906184,-105.6324,2.0,27.69609,0.2735366
-6.660294,-82.3473,2.0,35.217040000000004,0.25345860000000003
-6.782586,-53.57346,2.0,42.42233,0.5152082
-7.097297999999999,-19.59917,2.0,49.189479999999996,0.47093450000000003
-7.4141639999999995,19.17925,2.0,54.82708,-0.6244909000000001
-19.9711,45.12073,2.0,24.72081,-1.254926
-25.85834,45.40298,2.0,3.348889,0.6744933000000001
-27.66954,40.49107,2.0,11.92736,0.29437090000000005
-38.672129999999996,42.771570000000004,2.0,20.07178,0.6248999
-55.4324,46.14221,2.0,27.2092,0.5666304
-78.26306,42.57339,2.0,34.85017,0.24865410000000002
-106.73299999999999,41.36287,2.0,42.05397,0.4915865
-139.3897,36.47387,2.0,43.16509,-2.104152
-150.374,20.23177,2.0,11.954139999999999,-2.6471720000000003
-147.7584,19.45509,2.0,7.105109,0.6425549
-143.2039,13.582020000000002,2.0,15.33836,0.2873126
-149.5518,1.073445,2.0,23.12294,0.4252188
-147.6553,-17.024,2.0,28.906859999999998,0.247185
-142.1205,-35.31223,3.0,11.074019999999999,0.45855470000000004
-144.6505,-43.57716,3.0,11.377460000000001,-0.02587772
-152.4886,-51.77901,3.0,17.10156,-0.3180294
-163.2732,-55.103190000000005,3.0,13.547889999999999,-0.1342479
-166.3904,-62.390919999999994,3.0,10.1039,-0.08755569
-161.9636,-69.72878,3.0,15.673060000000001,0.5586214
-148.2527,-71.92809,3.0,23.290760000000002,0.5799905
-128.8372,-76.04597,3.0,29.768340000000002,-0.45139300000000004
-113.3091,-88.00076999999999,3.0,24.01859,-0.1908386
-107.829,-105.881,3.0,28.58598,-0.2305401
-113.2392,-123.8774,3.0,22.90559,-0.42262
-126.0028,-132.9421,3.0,23.30855,0.25981109999999996
-141.49,-128.4085,3.0,24.144389999999998,0.8812575
-148.45600000000002,-108.1081,3.0,27.91351,-0.7326951999999999
-161.5079,-104.5719,3.0,17.75479,0.44555290000000003
-167.2539,-118.8035,3.0,25.14667,0.2801591
-169.6481,-140.2493,3.0,32.9494,0.2681912
-168.0738,-167.1902,3.0,40.065690000000004,0.4871174
-166.5498,-199.3896,3.0,46.8037,0.4962519
-163.9709,-235.5116,3.0,48.026579999999996,-0.7616901
-150.2374,-258.9288,3.0,30.24656,-1.057859
-132.9237,-250.5361,3.0,29.49281,0.2718855
-125.3048,-228.7424,3.0,34.305859999999996,0.20027979999999998
-128.0216,-202.2975,3.0,34.7548,-0.24646149999999997
-121.2901,-180.4923,3.0,25.374760000000002,-0.6200274
-108.6718,-184.8415,3.0,21.01616,0.1739447
-108.684,-202.6688,3.0,27.789209999999997,0.541068
-104.6658,-224.7397,3.0,30.327659999999998,-0.43144340000000003
-106.2711,-245.7471,3.0,30.459670000000003,1.481396
-96.19837,-268.7769,3.0,36.74114,-0.10926430000000001
-70.26324,-268.7968,3.0,26.59768,-0.9846790999999999
-58.057159999999996,-267.8726,3.0,8.861524000000001,-0.4884918
-56.36506,-266.8344,3.0,2.490238,0.5896806
-57.201319999999996,-267.3883,3.0,0.39704,0.3844367
-55.35886,-265.4208,3.0,6.367053,0.1231078
-51.056779999999996,-262.2468,3.0,8.043078,0.02096404
-48.17198,-263.7121,3.0,0.6184974,0.5662172
-49.80346,-260.2109,3.0,9.493236999999999,0.30223490000000003
-48.803309999999996,-250.30700000000002,3.0,17.624979999999997,0.5579116999999999
-45.179140000000004,-234.8418,3.0,25.21777,0.2554089
-42.699059999999996,-213.5736,3.0,32.4067,0.2504165
-36.96536,-188.1534,3.0,37.4353,0.0806456
-16.27935,-166.7765,3.0,40.37637,-0.9724321
0.001290513,-152.6706,3.0,22.63428,-0.36352540000000005
10.39981,-142.1357,3.0,17.636689999999998,-0.35472420000000005
11.12986,-130.9691,3.0,14.52476,1.423892
3.9432940000000003,-119.4334,3.0,22.28252,0.5329736999999999
-5.380115,-102.8393,3.0,29.403959999999998,0.513035
-10.31458,-79.03065,3.0,36.03987,0.2420601
-8.619029,-49.93874,3.0,42.46025,0.5112236
-3.9752959999999997,-17.008210000000002,3.0,44.09534,-0.32536149999999997
-3.9872620000000003,8.802987,3.0,19.8365,-2.042077
-4.855734,15.03774,3.0,3.734379,0.5581509
-6.197093,21.67674,3.0,13.56961,0.6119972
-11.202539999999999,33.618970000000004,3.0,21.42197,0.2564414
-26.531640000000003,43.41417,3.0,28.4368,0.2526707
-49.70823,44.61459,3.0,34.948879999999996,0.5055945
-78.14458,44.077459999999995,3.0,41.70513,0.4701484
-111.2225,41.66151,3.0,46.19939,-0.24908720000000004
-141.9758,35.481640000000006,3.0,38.79449,-0.21438890000000002
-148.1091,13.293460000000001,3.0,32.92399,0.2228728
-144.7611,-11.824069999999999,3.0,37.71706,0.4477308
-144.4208,-41.83147,4.0,39.7343,-1.041759
-156.8424,-54.25704,4.0,18.12668,0.16936489999999998
-168.1945,-60.324619999999996,4.0,19.660079999999997,0.5635195
-158.1068,-71.72317,4.0,25.01352,0.42517309999999997
-137.388,-73.40426,4.0,31.31918,0.2062629
-116.1807,-86.7151,4.0,37.04168,0.4051073
-109.7252,-113.0824,4.0,37.40934,-0.1870029
-127.9236,-132.4653,4.0,35.6824,-0.4986956
-145.289,-120.5533,4.0,29.508129999999998,0.002513418
-148.5066,-100.2682,4.0,21.85206,-2.376489
-160.8356,-101.851,4.0,20.964760000000002,0.4882531
-167.6203,-118.1701,4.0,27.849759999999996,0.5595403
-170.5072,-141.311,4.0,34.99583,0.4503213
-168.3296,-169.5837,4.0,41.58963,0.23417600000000002
-165.3858,-202.6678,4.0,47.98599,0.4345907
-162.99,-238.4138,4.0,42.15862,-1.744343
-154.1153,-254.2961,4.0,19.024829999999998,-0.3239998
-139.0595,-258.1114,4.0,24.5487,0.19922120000000001
-128.2009,-243.5399,4.0,28.97075,0.25621079999999996
-125.8779,-219.8609,4.0,35.30572,0.46408599999999994
-127.9608,-191.9017,4.0,40.13763,0.1347068
-108.6876,-176.912,4.0,31.085209999999996,-0.4027575
-100.4971,-191.1223,4.0,22.128410000000002,-0.3986275
-114.5067,-199.0267,4.0,14.02034,-0.9479141999999999
-114.5551,-201.5554,4.0,0.00860827,-0.01524356
-114.4481,-201.5811,4.0,1.464424,0.2837853
-111.3705,-201.2857,4.0,6.531448,0.2367569
-109.6807,-198.2315,4.0,0.9849296000000001,-0.5839573
-109.4707,-200.2823,4.0,6.421958,0.26378209999999996
-108.0366,-207.5036,4.0,13.358620000000002,0.4872832
-105.82700000000001,-219.6829,4.0,19.8722,0.44513509999999995
-105.5506,-236.5878,4.0,25.840510000000002,0.42521000000000003
-103.2567,-257.3444,4.0,30.762890000000002,0.14973150000000002
-85.34097,-271.7694,4.0,33.40874,0.1868055
-60.38385,-266.1462,4.0,37.00105,0.09148660000000002
-49.226040000000005,-242.3389,4.0,38.058440000000004,0.3650908
-46.650079999999996,-212.6852,4.0,42.379259999999995,0.145806
-32.79695,-182.9845,4.0,45.936659999999996,0.07420065
-7.60076,-160.1258,4.0,41.00785,-2.193561
7.435778,-146.0748,4.0,20.58448,-0.44258980000000003
12.74089,-134.5369,4.0,18.10171,0.548672
4.065266,-119.8602,4.0,26.4376,0.414487
-6.32871,-101.3085,4.0,31.588990000000003,0.3911763
-10.50794,-76.32558,4.0,36.70415,0.3720928
-8.193724000000001,-47.44266,4.0,41.51395,0.3209552
-2.524882,-15.453489999999999,4.0,46.20694,0.3098309
-4.985697,19.53622,4.0,47.412859999999995,-0.5426949000000001
-17.33152,38.58508,4.0,29.26582,0.1641865
-39.79942,43.913999999999994,4.0,33.92083,0.37123249999999997
-66.83256999999999,43.2417,4.0,39.05772,0.17182679999999997
-97.60544,42.4063,4.0,43.79282,-0.009166506
-128.0324,39.08102,4.0,34.29515,-1.471886
-141.6094,34.60458,4.0,16.49275,0.2103771
-147.7431,21.93819,4.0,22.25999,0.2109016
-146.46,3.4210580000000004,4.0,27.97543,0.2029839
-141.9595,-18.98995,4.0,33.4563,0.1737273
-145.4005,-42.96656,5.0,29.15005,-0.3989466
-161.6706,-54.4931,5.0,29.14876,0.1442547
-166.8864,-68.03328,5.0,18.54135,0.1710901
-154.5908,-69.99545,5.0,18.80538,1.274147
-138.0095,-73.48979,5.0,25.92235,0.4335389
-118.6142,-81.78764,5.0,31.13434,0.3062342
-107.6829,-102.4803,5.0,34.08347,0.09446739
-115.4917,-125.7982,5.0,31.907459999999997,-0.1670193
-134.4673,-132.4588,5.0,24.13835,-0.7662861999999999
-143.2039,-118.2891,5.0,26.04044,0.37021570000000004
-154.8881,-101.6597,5.0,27.51432,-0.8588048
-165.5978,-106.34200000000001,5.0,16.780179999999998,0.7708187
-165.4239,-119.4865,5.0,22.21738,0.8546483
-167.7777,-139.1807,5.0,34.89287,1.4014389999999999
-167.7238,-170.9426,5.0,46.99762,0.29146809999999995
-164.2264,-207.5148,5.0,49.393809999999995,-0.5317761999999999
-163.8499,-232.1524,5.0,21.5123,-0.44606270000000003
-161.9427,-245.9025,5.0,16.00331,-0.40764720000000004
-155.1317,-255.2318,5.0,19.49107,0.928667
-138.7112,-259.1935,5.0,27.781290000000002,0.269456
-126.4088,-239.7083,5.0,37.73312,0.7615086
-127.3619,-209.9809,5.0,38.29753,-1.218389
-127.7711,-191.1277,5.0,18.86045,-0.4658853
-119.4945,-182.5711,5.0,18.8647,0.7414539000000001
-104.7885,-188.0496,5.0,24.645570000000003,0.2335759
-102.7315,-208.6006,5.0,33.20256,0.5940251999999999
-105.0364,-235.0433,5.0,37.08287,-0.1423016
-103.4226,-259.6949,5.0,29.3533,-0.6763608
-85.79517,-271.688,5.0,32.06143,0.1347739
-61.51991999999999,-266.9811,5.0,35.62735,0.04634695
-49.67745,-243.7131,5.0,38.10637,0.3657388
-45.72166,-213.735,5.0,42.99718,0.3326825
-34.46209,-182.6974,5.0,46.41705,0.08427961
-9.724895,-160.4164,5.0,31.315459999999998,-3.818292
0.5767087,-153.7835,5.0,11.94484,-0.37553459999999994
6.342191000000001,-149.3806,5.0,7.777283000000001,-0.1416779
10.378739999999999,-145.1605,5.0,10.45085,0.4692644
13.181729999999998,-135.6645,5.0,16.75705,0.2123774
7.060480999999999,-122.5865,5.0,22.68003,0.21943870000000001
-3.460056,-106.9042,5.0,28.364290000000004,0.198005
-9.690644,-84.75018,5.0,33.70178,0.1904752
-9.570028,-58.06326,5.0,38.598279999999995,0.376347
-3.941615,-28.1403,5.0,43.443529999999996,0.3468482
-1.546875,4.524957,5.0,39.58109,-1.280366
-6.010519,23.39378,5.0,10.33025,-0.31047379999999997
-10.06056,31.63922,5.0,16.49669,0.44867640000000003
-20.69771,41.04208,5.0,22.397029999999997,0.21500070000000002
-38.719770000000004,45.21393,5.0,27.96449,0.4049228
-61.49957,45.04702,5.0,33.52534,0.38845040000000003
-88.29431,43.942859999999996,5.0,38.745329999999996,0.3749571
-117.9331,41.19068,5.0,37.154759999999996,-0.2748152
-137.5035,37.77347,5.0,20.44836,0.6896135
-146.8639,24.15482,5.0,25.53386,0.1931754
-146.6221,3.4557290000000003,5.0,30.762790000000003,0.3981107
-141.9883,-20.85001,5.0,35.97837,0.3532474
-144.4079,-41.020790000000005,6.0,13.77545,-1.932059
-149.8836,-50.38069,6.0,19.75556,0.5806802
-161.6734,-56.187909999999995,6.0,15.049929999999998,-0.41163469999999996
-166.1217,-64.31435,6.0,15.73296,0.7708179000000001
-154.7775,-72.89534,6.0,25.14087,0.5100855
-131.3603,-74.14458,6.0,37.5349,0.6440359
-109.7362,-93.67313,6.0,39.0357,-0.3531812
-115.2657,-114.6622,6.0,15.9958,-0.9963511
-118.3347,-123.2495,6.0,15.420520000000002,1.153786
-126.4282,-133.4538,6.0,17.10004,0.12005819999999999
-140.2094,-130.1699,6.0,22.88365,0.3150097
-145.5083,-112.383,6.0,26.668809999999997,-0.7100366
-150.4724,-104.0861,6.0,7.434463,0.2243084
-157.6611,-100.6395,6.0,15.270370000000002,0.5732524
-166.2626,-107.1805,6.0,17.50181,0.3158758
-167.6933,-124.6769,6.0,30.575540000000004,0.4995871
-168.7839,-152.2063,6.0,43.04187,0.8481568000000002
-166.9777,-187.9751,6.0,53.41676999999999,0.6882228
-163.5937,-226.8569,6.0,47.8671,-0.8412620000000001
-158.05200000000002,-254.9167,6.0,30.462290000000003,-0.7072534
-140.6169,-257.2879,6.0,20.75047,-0.2518422
-128.80700000000002,-248.0063,6.0,24.27629,0.3485703
-124.9158,-228.4919,6.0,29.66153,0.3777986
-128.0057,-204.7687,6.0,34.92181,0.3530822
-125.3541,-184.2717,6.0,16.18698,-0.5751894000000001
-112.02,-183.7626,6.0,21.76766,0.3147501
-103.2255,-198.4244,6.0,26.40007,0.18967579999999998
-103.4847,-219.9967,6.0,31.87661,0.3920166
-105.8614,-245.4351,6.0,37.04358,0.1601852
-95.37611,-270.2488,6.0,36.78293,-0.4080728
-71.82743,-270.0742,6.0,28.395129999999998,-0.2817357
-54.97973,-263.3845,6.0,22.1458,0.3793764
-48.172740000000005,-245.5394,6.0,29.86148,0.4056537
-44.70752,-221.5813,6.0,35.29255,0.39285240000000005
-40.827009999999994,-193.8465,6.0,40.09162,0.2553246
-21.88458,-171.0081,6.0,42.66032,0.33654759999999995
-2.148741,-156.279,6.0,18.537020000000002,-1.101594
5.717649,-150.1853,6.0,12.08344,0.0015949870000000002
11.667819999999999,-142.6333,6.0,15.22531,0.5555944
10.88877,-128.7018,6.0,23.62892,0.2924295
-2.750022,-111.3822,6.0,36.73466,0.9568766
-9.494753999999999,-80.06618,6.0,50.14521,0.8697836999999999
-6.569807000000001,-38.718070000000004,6.0,60.310680000000005,0.2272583
-1.742103,4.811641000000001,6.0,50.103,-2.236535
-7.825099000000001,26.605620000000002,6.0,20.66875,-0.22487020000000002
-17.9753,39.859359999999995,6.0,26.725620000000003,0.7129986999999999
-41.307809999999996,45.293409999999994,6.0,39.3119,1.137615
-76.02486999999999,44.19165,6.0,54.07339,0.9781485999999999
-115.7724,41.460609999999996,6.0,35.350809999999996,-4.526527
-129.4862,38.89574,6.0,12.66127,-0.1279971
-141.3508,35.06355,6.0,22.984029999999997,0.2951159
-147.6714,18.562829999999998,6.0,27.19367,0.4057794
-145.0343,-3.440948,6.0,32.6812,0.17951620000000001
-141.2986,-29.180490000000002,6.0,37.110929999999996,0.187403
-142.2936,-38.51505,7.0,11.32044,0.49028469999999996
-146.8912,-48.1134,7.0,17.6368,0.4239773
-160.3956,-54.72549,7.0,23.18577,0.1428352
-168.248,-67.56773000000001,7.0,17.68425,-0.5083941
-161.0154,-76.32915,7.0,16.77299,0.22245279999999998
-147.6298,-75.03687,7.0,20.113570000000003,0.04429939
-132.5168,-73.51665,7.0,22.07961,0.23201390000000002
-116.4371,-82.1978,7.0,29.20904,0.1939747
-108.0363,-103.0534,7.0,33.02391,0.13849
-118.7676,-125.3703,7.0,35.92646,0.20848490000000003
-142.9803,-129.7475,7.0,28.955709999999996,-1.624161
-145.5633,-118.935,7.0,11.14292,-0.36100040000000005
-143.3642,-110.3847,7.0,17.697770000000002,0.2901805
-152.0227,-101.8554,7.0,16.78908,0.1316888
-164.5211,-106.8552,7.0,20.76501,-0.2280724
-166.0323,-121.5151,7.0,21.58042,0.5005531
-167.3549,-140.7887,7.0,32.23737,1.024943
-169.6596,-169.7834,7.0,45.92013,0.9067377000000001
-170.0486,-208.0346,7.0,54.974540000000005,-0.47563820000000007
-165.4739,-242.7687,7.0,35.24018,-0.9416893
-148.9044,-254.4004,7.0,24.17673,-0.5412485
-132.8354,-251.3327,7.0,22.79833,0.06713045
-125.7132,-235.2369,7.0,29.904429999999998,0.2210561
-126.1069,-211.0071,7.0,35.35407,0.1852229
-124.0177,-184.5521,7.0,27.973440000000004,-1.440674
-113.6978,-181.0619,7.0,15.695739999999999,0.9372572
-109.4235,-194.5658,7.0,22.73065,0.4449181
-108.8106,-213.6087,7.0,28.6248,0.4144998
-108.4449,-236.8849,7.0,34.10337,0.1796083
-99.62244,-261.5847,7.0,37.67887,0.1922799
-74.26717,-272.8972,7.0,39.39881,0.014796
-52.0509,-256.497,7.0,39.439659999999996,0.05766913
-48.914159999999995,-226.3978,7.0,43.21994,0.1555281
-37.98966,-195.8167,7.0,45.79148,0.27910490000000004
-13.74041,-169.5795,7.0,50.2874,0.1404798
7.254419,-140.6362,7.0,37.45913,-1.196174
5.983944,-121.4259,7.0,25.55521,0.44115779999999993
-5.208721,-102.5763,7.0,33.891999999999996,0.7925810999999999
-3.447193,-71.63472,7.0,50.8887,1.27847
-0.5647603,-27.99447,7.0,66.62655,1.0065030000000001
-3.0603279999999997,19.71957,7.0,56.20404,-2.347404
-18.51509,41.90775,7.0,28.6144,0.008400279
-43.72303,40.66491,7.0,39.34553,0.3715242
-74.73735,40.40374,7.0,44.212590000000006,0.3537772
-109.2029,41.21719,7.0,48.759609999999995,0.3211271
-142.1488,35.45908,7.0,32.721740000000004,-2.6221759999999996
-146.4025,15.57337,7.0,30.466309999999996,0.3964867
-145.134,-9.013233999999999,7.0,35.8118,0.1849367
-146.4621,-37.372890000000005,8.0,40.70952,0.24244699999999997
-162.8863,-57.881769999999996,8.0,29.80606,-2.549382
-166.9942,-72.48843000000001,8.0,24.38318,0.688651
-149.2103,-78.57434,8.0,29.23732,0.400993
-126.34899999999999,-79.7402,8.0,32.85102,0.18068829999999997
-111.4677,-99.60363000000001,8.0,35.95107,0.2239109
-118.42399999999999,-124.7475,8.0,37.33374,0.09901437
-142.3501,-130.6342,8.0,24.2627,-1.9637580000000001
-146.0987,-127.0915,8.0,3.90455,0.8652506
-142.2834,-122.5067,8.0,11.66564,0.228219
-143.8741,-111.9815,8.0,17.88266,0.217666
-155.4333,-102.5714,8.0,23.00889,0.19357739999999998
-167.6408,-112.0243,8.0,24.665760000000002,0.3027273
-166.5458,-132.1917,8.0,30.052670000000003,0.187026
-170.0974,-156.161,8.0,35.32707,0.36942659999999994
-170.2625,-184.1251,8.0,40.12551,0.3568363
-168.925,-215.5988,8.0,44.9318,0.3308447
-162.7997,-248.4799,8.0,41.99943,-1.227757
-139.4671,-254.9119,8.0,29.277859999999997,-0.8029227
-127.4951,-237.9075,8.0,31.384220000000003,0.135552
-127.3949,-212.875,8.0,36.45078,0.3085513
-123.9239,-185.4387,8.0,34.00128,-2.42637
-111.7842,-180.9143,8.0,15.687489999999999,1.130085
-107.2085,-193.7442,8.0,21.88726,0.2153917
-106.5949,-212.1705,8.0,27.842159999999996,0.416468
-105.8221,-234.9564,8.0,33.409909999999996,0.18404260000000003
-99.49821,-260.2337,8.0,37.27081,0.05748084
-75.53288,-272.9245,8.0,38.53099,-0.03084376
-52.1676,-257.9883,8.0,39.52406,0.01740318
-46.77908,-228.4711,8.0,43.04132,0.1650645
-39.48196,-196.5157,8.0,45.37291,-0.0547908
-15.198429999999998,-171.6768,8.0,49.09045,0.3361152
6.49104,-142.1797,8.0,44.76992,-1.6901669999999998
3.360636,-116.4647,8.0,34.80073,0.473235
-6.5988050000000005,-90.96718,8.0,39.38023,0.1408481
-1.971137,-60.42683,8.0,44.07181,0.3447933
-1.398046,-26.02855,8.0,48.574709999999996,0.1484412
-2.299241,11.53609,8.0,52.827830000000006,0.2758446
-15.511560000000001,40.63837,8.0,32.22152,-1.011092
-26.31435,41.24131,8.0,4.555958,0.4604777
-29.41808,37.037929999999996,8.0,11.038030000000001,0.2137576
-37.98373,42.23175,8.0,17.40693,0.4676909000000001
-47.66494,48.5723,8.0,5.167382,-1.9786689999999998
-48.01889,48.586909999999996,8.0,0.03198727,-0.008321405
-48.406729999999996,47.06689,8.0,4.310736,0.37832509999999997
-47.44103,43.56825,8.0,4.30816,-0.7746770000000001
-48.36115,44.219840000000005,8.0,6.435821,0.333375
-56.00026,46.42100000000001,8.0,15.31595,0.6261979
-70.42259,44.833090000000006,8.0,23.68666,0.562595
-90.72756,42.2625,8.0,31.544520000000002,0.558883
-116.7212,44.02005,8.0,38.74973,0.4787755
-141.9629,33.41853,8.0,38.46695,-0.04703861
-144.2176,3.5909949999999995,8.0,44.87877,0.2755415
-147.0587,-31.324209999999997,8.0,45.79269,-0.6276763000000001
-142.1467,-35.25874,9.0,2.4453139999999998,0.02832221
-144.0183,-41.68358,9.0,14.292110000000001,0.3868034
-149.5903,-49.7466,9.0,11.937510000000001,-0.1957005
-158.269,-53.37409,9.0,14.05524,-0.2120629
-165.9395,-58.091530000000006,9.0,10.95156,-0.10499100000000001
-165.7822,-66.5858,9.0,16.905910000000002,0.9847136000000001
-153.732,-73.66279,9.0,18.44895,-0.30248109999999995
-141.3734,-72.77905,9.0,15.012620000000002,-0.22390549999999998
-127.0787,-75.82178,9.0,25.15257,0.08959575
-112.4161,-87.64974000000001,9.0,26.15314,0.0612507
-107.1718,-105.6902,9.0,23.832639999999998,-0.3785829
-109.2367,-116.5522,9.0,11.52575,-0.1727781
-113.6156,-126.03200000000001,9.0,20.9213,0.6902795
-125.8115,-134.7264,9.0,18.70301,-0.31691240000000004
-137.7826,-132.6187,9.0,15.55534,0.06147438
-145.4564,-120.5109,9.0,24.64857,0.5666215
-152.1749,-102.6835,9.0,19.47007,-0.76039
-162.0807,-100.4789,9.0,12.56216,-0.27803740000000005
-166.935,-111.3931,9.0,23.56946,1.083318
-168.6172,-134.1393,9.0,37.574490000000004,0.9713506
-168.8152,-165.5383,9.0,45.309740000000005,0.33470900000000003
-165.4047,-200.1062,9.0,46.763940000000005,-0.6582425999999999
-162.9809,-231.4117,9.0,37.03695,-0.5684453
-158.3017,-251.8173,9.0,24.428279999999997,-0.43955079999999996
-144.9082,-260.2714,9.0,19.20886,-0.2128632
-132.5653,-254.4265,9.0,23.67748,0.5113528
-124.9774,-232.9289,9.0,36.23512,0.5015104
-127.8305,-206.5958,9.0,30.0195,-1.2549709999999998
-128.4103,-191.5373,9.0,14.94098,-0.21972370000000002
-123.5742,-182.85299999999998,9.0,15.351510000000001,0.6949654000000001
-110.4798,-183.2868,9.0,18.0315,-0.1639318
-103.2979,-192.2346,9.0,15.960679999999998,0.4049749
-102.7731,-209.5842,9.0,30.73135,0.9379331
-105.618,-235.4326,9.0,37.97726,-0.05323036
-102.2043,-261.6844,9.0,34.608090000000004,-0.1455078
-81.85239,-273.1497,9.0,32.89447,-0.02288159
-59.40563,-265.7538,9.0,31.792740000000002,-0.07525107
-49.10841,-243.9584,9.0,34.9945,0.24970830000000002
-44.94314,-217.4545,9.0,36.8176,-0.06242556
-39.58697,-191.83900000000003,9.0,33.38523,-0.42327
-26.76121,-173.3989,9.0,27.46518,-0.21176779999999998
-11.934239999999999,-162.4223,9.0,22.57965,-0.3152656
1.036953,-153.8771,9.0,19.10955,-0.1371674
10.88303,-144.2853,9.0,20.93388,0.6185630999999999
10.04685,-127.51,9.0,26.54014,0.4845498
-3.099401,-111.0347,9.0,29.62146,-0.01111966
-9.835825,-90.06515999999999,9.0,30.181720000000002,0.05618091
-10.99507,-66.8709,9.0,33.45667,0.15122570000000002
-7.374688000000001,-41.370470000000005,9.0,35.53722,0.03666673
-2.827795,-15.0149,9.0,36.59047,0.07397356
-2.9192139999999998,10.08558,9.0,28.295890000000004,-1.0033100000000001
-7.248132000000001,27.04608,9.0,19.90756,-0.1566281
-17.16066,39.35972,9.0,26.17217,0.5143755999999999
-38.08287,45.28693,9.0,33.06815,0.5142832
-65.19702,43.892109999999995,9.0,40.22457,0.23760900000000001
-97.66373,43.63409,9.0,47.03694,0.4903729
-131.57299999999998,39.68701,9.0,38.43128,-2.153479
-147.4154,22.19935,9.0,34.38454,0.0903475
-141.8085,-4.9143550000000005,9.0,40.6393,0.20797390000000002
-143.4675,-32.86436,9.0,24.50841,-2.2900869999999998
-147.5918,-45.525259999999996,10.0,19.39726,0.288325
-158.1914,-54.4921,10.0,17.2983,-0.2439436
-166.8862,-61.206759999999996,10.0,13.13999,-0.157649
-162.5269,-71.30478000000001,10.0,18.78257,-0.16654770000000002
-149.4897,-72.69326,10.0,18.6172,0.1264347
-136.2953,-73.31461,10.0,18.20645,1.162693
-119.559,-80.12893000000001,10.0,28.545140000000004,0.4835549
-107.4842,-99.40348,10.0,34.35893,0.191728
-112.6162,-124.256,10.0,29.975209999999997,-0.5633476
-127.1633,-133.4792,10.0,20.91702,-0.3675739
-140.0969,-130.373,10.0,17.47981,0.6527563
-145.9983,-115.7471,10.0,25.282020000000003,0.1536526
-150.6008,-104.3226,10.0,4.136055000000001,-0.14406629999999998
-155.433,-100.959,10.0,12.423869999999999,0.545466
-165.3858,-104.8294,10.0,18.73537,0.42094840000000006
-167.9709,-120.9019,10.0,25.65062,0.5007180999999999
-168.8758,-142.4787,10.0,33.06602,0.48792749999999996
-168.3269,-168.5258,10.0,37.28379,0.27907150000000003
-166.40200000000002,-197.1891,10.0,39.980920000000005,0.04562461
-164.2133,-224.3726,10.0,32.98186,-0.27363709999999997
-161.942,-246.0246,10.0,25.93468,-0.5513194
-150.8622,-258.1237,10.0,21.23668,0.5421362
-134.588,-256.5255,10.0,23.73461,-0.03484086
-126.0645,-239.9086,10.0,27.27993,0.2472438
-125.6958,-218.7392,10.0,30.30071,0.1131631
-127.79299999999999,-198.7192,10.0,19.07817,-1.596051
-127.1907,-186.9239,10.0,13.715979999999998,-0.35870359999999996
-119.6541,-181.9304,10.0,15.028839999999999,0.5273673000000001
-107.3598,-185.0779,10.0,18.07443,-0.134221
-102.9999,-197.5879,10.0,19.68088,0.09561258
-103.8909,-213.1087,10.0,21.77276,0.01558037
-105.0944,-229.4635,10.0,24.315,0.2691668
-105.9556,-249.8889,10.0,29.887809999999998,0.02225254
-96.79593,-268.9472,10.0,30.128140000000002,0.6470585999999999
-72.12758000000001,-271.4278,10.0,37.53001,0.442695
-51.36332,-254.6009,10.0,38.05182,0.3236119
-46.715540000000004,-224.3669,10.0,43.41202,0.08243989999999998
-40.183479999999996,-194.3684,10.0,37.257059999999996,-0.330987
-26.8718,-174.0503,10.0,29.2795,-0.27441679999999996
-11.46642,-162.4851,10.0,20.67545,-2.536028
-2.672444,-156.3695,10.0,16.12211,1.052824
8.630564,-147.4759,10.0,19.24286,-0.06987307
12.87491,-132.4628,10.0,26.50682,0.30838920000000003
-0.5783632,-115.9142,10.0,31.936359999999997,0.3600084
-9.395754,-92.39518000000001,10.0,34.195409999999995,-0.2747107
-10.09315,-68.61104,10.0,33.648959999999995,0.2354276
-7.311539999999999,-41.4523,10.0,40.00611,0.4675911
-2.4528060000000003,-9.935381,10.0,45.86712,0.3956527
-5.62761,24.84356,10.0,45.92784,-0.7477701999999999
-29.492440000000002,43.79822,10.0,43.82302,0.3333552
-63.602630000000005,44.1643,10.0,48.731640000000006,0.1872296
-101.6133,42.76236,10.0,53.98647,0.1781858
-135.8623,37.71096,10.0,39.2405,0.05269327
-148.4737,15.39514,10.0,36.810990000000004,0.1764974
-141.3641,-12.88208,10.0,41.91163,0.1541514
-146.3533,-39.890859999999996,11.0,33.81054,0.45483379999999995
-163.7629,-59.39708,11.0,37.87482,0.01162318
-167.8535,-78.54533,11.0,20.514870000000002,-0.9876545
-155.2406,-75.51093,11.0,22.673479999999998,0.5056428
-138.8392,-70.43701999999999,11.0,27.15878,0.18501800000000002
-119.9478,-82.48509,11.0,32.1038,-0.4014212
-108.9752,-102.3779,11.0,33.594590000000004,0.1704884
-116.5588,-125.5068,11.0,29.051840000000002,-0.5641658
-134.8042,-132.3694,11.0,29.69453,0.355389
-144.7802,-113.5384,11.0,32.9129,-0.4619911
-149.558,-102.0202,11.0,12.21604,1.148915
-162.5886,-103.2164,11.0,23.17991,0.1363963
-166.4471,-120.9303,11.0,28.409390000000002,0.5185609999999999
-167.1529,-144.3416,11.0,34.94762,0.468154
-167.7807,-172.4358,11.0,40.98343,0.4260535
-164.6587,-204.8698,11.0,46.87684,0.3907658
-162.0216,-239.1882,11.0,41.17454,-0.6542897
-149.6388,-258.5484,11.0,28.863709999999998,0.3225167
-130.3116,-252.9832,11.0,29.813259999999996,0.2311186
-125.2631,-229.352,11.0,35.72562,0.42896890000000004
-127.8516,-201.4466,11.0,35.415929999999996,-0.8612940999999998
-120.0539,-180.4236,11.0,26.83223,0.2173702
-107.0156,-188.8735,11.0,24.73011,0.41324570000000005
-106.544,-209.5262,11.0,31.202140000000004,0.4835677
-106.7785,-234.7547,11.0,37.31729,0.220065
-101.4639,-263.0829,11.0,41.24168,-0.02511359
-75.08482,-271.8657,11.0,40.65834,0.3454758
-51.051559999999995,-255.2927,11.0,41.111000000000004,0.1435844
-44.992329999999995,-223.4192,11.0,46.53485,0.1965583
-36.92453,-188.1547,11.0,51.03362,0.1906139
-11.83516,-163.5244,11.0,39.795970000000004,-1.537196
7.6980759999999995,-148.2531,11.0,29.45872,-0.29008920000000005
11.2766,-130.5564,11.0,23.41509,0.6794444000000001
0.02490088,-114.5319,11.0,29.91706,0.469301
-8.48807,-92.00010999999999,11.0,35.83532,0.4601635
-10.06971,-63.35699,11.0,41.74805,0.20544539999999997
-4.774691000000001,-30.654190000000003,11.0,47.524640000000005,0.42549849999999995
-2.180683,6.226006,11.0,52.429269999999995,0.1455003
-16.59517,39.92519,11.0,47.400059999999996,-0.1995499
-50.06808,44.113240000000005,11.0,48.351000000000006,0.4173797000000001
-87.79966999999999,41.804790000000004,11.0,53.72775,0.1851825
-127.4677,39.576029999999996,11.0,47.29377,-1.607472
-149.8053,20.1395,11.0,40.48852,-0.2193868
-143.1723,-9.804085,11.0,43.87562,0.34771640000000004
-145.4246,-41.5323,12.0,37.27468,-1.3531440000000001
-162.4513,-54.16743,12.0,28.810579999999998,0.03807933
-165.7398,-70.00126,12.0,23.80781,0.0379504
-147.3647,-71.14994,12.0,28.5814,0.43530820000000003
-124.8881,-76.47874,12.0,34.45362,0.38995830000000004
-107.7135,-96.68632,12.0,38.567679999999996,0.2292971
-112.6474,-121.104,12.0,28.41852,-0.8068223000000001
-128.9611,-132.3138,12.0,24.53507,-0.26032689999999997
-143.9964,-127.5168,12.0,24.173070000000003,0.12090630000000001
-147.9131,-108.1072,12.0,28.969540000000002,-0.990266
-161.5443,-101.0441,12.0,19.54734,0.155186
-167.705,-115.3553,12.0,28.02822,0.5011532999999999
-167.7645,-140.8328,12.0,37.911190000000005,0.21668939999999998
-167.84799999999998,-170.9314,12.0,43.63729,0.45546590000000003
-165.6114,-205.4728,12.0,49.36531,0.4228709
-162.8457,-242.1349,12.0,44.14563,0.06304207
-144.2655,-258.4872,12.0,28.464109999999998,-0.4601187
-129.9868,-243.9763,12.0,31.03973,0.09902359
-125.5991,-219.1741,12.0,37.01165,0.39636570000000004
-128.5586,-192.7884,12.0,33.24199,0.07710639999999999
-113.6247,-180.0194,12.0,27.29642,-0.46414799999999995
-107.9241,-195.3854,12.0,26.46612,0.49471899999999996
-110.3629,-217.0074,12.0,32.81309,0.23331129999999997
-107.8386,-243.6503,12.0,39.16783,0.22206729999999997
-94.24622,-269.3837,12.0,39.98709,-0.3163331
-65.07008,-268.4536,12.0,42.42751,-0.13087169999999998
-45.38616,-247.7425,12.0,36.4233,-0.5688489000000001
-53.853390000000005,-225.7065,12.0,26.83618,-1.2374379999999998
-53.018969999999996,-217.0445,12.0,5.567407,0.008869509
-53.33146,-214.9565,12.0,1.502709,0.6960980999999999
-50.72162,-218.2909,12.0,9.901492,0.5209595
-43.0866,-214.4413,12.0,15.78159,-0.3232156
-41.74843,-204.2934,12.0,13.082889999999999,0.661229
-39.82568,-190.6258,12.0,22.83362,0.5024698000000001
-29.536759999999997,-174.4011,12.0,29.382109999999997,0.4515083
-9.711994,-160.81,12.0,35.79168,0.4615235
10.27373,-142.5713,12.0,35.2492,-0.7608839
7.11817,-121.7455,12.0,30.947979999999998,0.9285960999999999
-7.38275,-96.78543,12.0,46.85034,0.29030090000000003
-9.592376,-58.82975,12.0,54.33509,0.16122879999999998
-2.91589,-17.31595,12.0,59.172169999999994,0.3423594
-5.465164,22.135189999999998,12.0,36.78629,-1.837723
-20.591520000000003,41.73237,12.0,36.473240000000004,0.21756370000000003
-48.30891,44.8474,12.0,40.78115,0.21034570000000002
-80.62254,44.509479999999996,12.0,46.529540000000004,0.38745949999999996
-116.8664,41.09033,12.0,50.28439,-0.34945820000000005
-149.5217,30.13458,12.0,44.65302,-0.637804
-152.9155,13.268839999999999,12.0,8.201509,-0.5112653
-152.061,12.7545,12.0,6.443824,0.3679388
-146.9472,7.721182000000001,12.0,14.23714,0.2898524
-145.9935,-5.657506,12.0,21.73658,0.5334081999999999
-142.5537,-24.09305,12.0,28.79148,0.486972
-142.1797,-35.595659999999995,13.0,7.788266999999999,0.5954669
-145.2489,-43.72885,13.0,15.690579999999999,0.546711
-156.2742,-52.51691999999999,13.0,22.84829,0.5135208
-167.3129,-65.41795,13.0,21.93007,-0.6319545999999999
-159.3887,-75.68774,13.0,17.89078,0.25881479999999996
-144.6891,-73.75613,13.0,20.766920000000002,-0.3666625
-130.2255,-72.91566,13.0,22.52518,0.244641
-114.031,-82.42324,13.0,28.72873,0.3982584
-106.6508,-104.0024,13.0,33.94249,0.15090520000000002
-118.8982,-126.7219,13.0,37.84509,0.2840063
-142.8167,-129.8251,13.0,24.40815,-2.2424020000000002
-144.2487,-122.5989,13.0,6.560428,0.579982
-138.2215,-122.2464,13.0,0.9358215,0.1492062
-141.7221,-123.3935,13.0,8.829172,0.2438771
-145.5132,-128.3341,13.0,5.072417,-0.4048795
-145.4205,-128.1633,13.0,5.021678,0.34099240000000003
-142.3521,-121.8522,13.0,13.795960000000001,0.2864177
-140.6695,-109.345,13.0,21.1588,0.4737008
-153.1992,-97.83514,13.0,26.36914,-0.06820491
-166.3169,-107.3351,13.0,23.99664,1.253301
-167.7409,-128.8663,13.0,32.70275,0.25076370000000003
-167.551,-155.7631,13.0,39.50305,0.48251530000000004
-167.979,-187.4165,13.0,45.93087,0.45003990000000005
-168.0501,-223.702,13.0,51.90263,0.1825344
-154.4465,-254.7006,13.0,43.52673,-0.3650045
-129.4786,-251.0891,13.0,28.908609999999996,-0.1759277
-128.4029,-227.4219,13.0,37.69216,0.7849088000000001
-127.6437,-197.5117,13.0,38.63459,-1.001268
-122.7604,-183.293,13.0,14.24704,-0.06205379
-111.2856,-183.3369,13.0,20.63133,0.1811094
-104.8557,-199.166,13.0,27.123040000000003,0.49769140000000006
-106.995,-221.703,13.0,34.15032,0.5014207
-105.1914,-248.83700000000002,13.0,39.76933,0.3962461
-85.20896,-271.1681,13.0,42.64328,-0.004068394
-56.45118000000001,-263.7224,13.0,42.51123,-0.010494799999999999
-48.94576,-233.1944,13.0,45.81671,0.4501992
-43.32479,-200.9979,13.0,41.92688,0.1661976
-23.30027,-174.9912,13.0,47.45933,0.47629269999999996
2.125706,-147.5376,13.0,51.863659999999996,-0.27894450000000004
7.002167,-115.6772,13.0,39.15491,-1.540648
-8.727199,-98.13753,13.0,27.771620000000002,-0.18037160000000002
-6.484833999999999,-74.84747,13.0,35.45472,0.49873490000000004
-5.484141999999999,-46.120909999999995,13.0,42.060759999999995,0.2332228
-4.247852,-12.63671,13.0,48.310320000000004,0.20564810000000003
-6.2127349999999995,24.55885,13.0,48.33121,-1.36533
-25.92031,41.81559,13.0,28.40761,-0.8659187
-34.47612,33.78654,13.0,14.023229999999998,0.04474803
-35.1196,32.5885,13.0,0.06950668,0.02180283
-35.165820000000004,32.59426,13.0,0.05990962,0.0185531
-34.477059999999994,34.77207,13.0,7.25703,0.5994020999999999
-32.83444,42.02878,13.0,8.853477,-0.830407
-32.24977,44.75562,13.0,0.9842549999999999,0.6141309
-34.532540000000004,41.899429999999995,13.0,9.085947,0.2987083
-43.74303,42.76514,13.0,16.560670000000002,0.5003879
-58.31046,45.35217,13.0,23.39811,0.4820134
-77.89546,42.98703,13.0,29.918129999999998,0.48544750000000003
-102.2576,42.61322,13.0,35.881840000000004,0.43935870000000005
-130.2461,39.31742,13.0,40.459340000000005,-0.13943970000000003
-147.569,18.26194,13.0,38.52445,0.257885
-145.5491,-11.9481,13.0,43.70111,0.18299189999999999
-146.9588,-45.053709999999995,14.0,42.30873,-1.1150440000000001
-162.7337,-62.57492,14.0,25.364160000000002,-1.122674
-153.8121,-75.36514,14.0,26.20947,0.17215899999999998
-132.2815,-76.37628000000001,14.0,31.87335,0.2826794
-112.9373,-91.5071,14.0,35.93882,0.2325866
-112.7518,-117.8976,14.0,38.254940000000005,0.1559937
-135.5212,-131.9756,14.0,33.16013,-1.409806
-146.1759,-121.3518,14.0,10.38447,-1.3625200000000002
-146.2589,-119.53,14.0,1.945545,-0.003164391
-147.1117,-118.4552,14.0,1.644773,-0.03229947
-148.0153,-117.6981,14.0,2.631312,0.4610001
-150.7283,-117.3882,14.0,3.191456,-0.49322669999999996
-149.3353,-116.6197,14.0,6.697475,0.31177540000000004
-144.8071,-110.1482,14.0,14.95897,0.2788059
-150.0773,-98.50032,14.0,21.60592,0.420961
-165.4849,-101.9572,14.0,25.54644,0.3059603
-166.9187,-122.2964,14.0,31.47079,0.511716
-166.6534,-148.1199,14.0,38.37019,0.518533
-166.8219,-179.0083,14.0,44.94592,0.4446726
-167.1828,-214.5847,14.0,51.07585,0.21033320000000003
-158.9364,-248.8686,14.0,39.31917,-1.719024
-142.27200000000002,-253.6669,14.0,9.869782,-0.9563465
-141.4944,-250.2975,14.0,3.029033,-0.2307182
-138.9288,-248.1514,14.0,7.959574000000001,0.36941009999999996
-130.56,-250.5442,14.0,14.7474,-0.1474252
-122.0309,-250.0244,14.0,10.19652,-0.34369299999999997
-122.1366,-241.0982,14.0,16.95605,0.6416424
-125.6595,-225.9477,14.0,24.89273,0.5366476
-127.4607,-204.8419,14.0,32.28683,0.49757399999999996
-122.191,-181.5763,14.0,30.994229999999998,-0.5809703
-106.3481,-184.9379,14.0,24.39883,0.9249299999999999
-106.6663,-209.4079,14.0,43.20316,1.491106
-104.7758,-247.7909,14.0,57.37191,0.08476715
-79.42535,-272.1189,14.0,45.049929999999996,0.3598381
-50.941759999999995,-258.6667,14.0,43.40752,-0.07607846
-49.52343,-226.2806,14.0,46.76891,0.151333
-37.59898,-193.1044,14.0,50.630520000000004,0.35736840000000003
-10.25757,-164.7668,14.0,56.02305,0.4164372
10.02598,-132.1476,14.0,40.839620000000004,-1.290914
0.3735495,-112.9565,14.0,25.57854,-0.2579481
-5.883822,-92.37708,14.0,32.86874,0.480886
-4.069939,-65.56529,14.0,39.72482,0.4817161
-2.408345,-33.71955,14.0,46.20232,0.4770277
-2.716859,2.759089,14.0,52.23792,0.20619859999999998
-13.27121,36.86932,14.0,44.35512,-0.40635129999999997
-44.2486,41.36322,14.0,45.59432,0.1992223
-80.35344,40.239059999999995,14.0,51.6581,0.4284914000000001
-120.1711,41.56078,14.0,51.596709999999995,-0.7859855
-144.5204,28.72976,14.0,26.058989999999998,-2.315627
-144.3675,22.149,14.0,3.3570580000000003,0.6297059
-141.7017,24.85837,14.0,4.870044,-0.5329193
-142.0356,24.35988,14.0,5.975315,0.2627741
-147.2906,21.396639999999998,14.0,9.185886,-0.1963416
-149.4567,21.989729999999998,14.0,2.0403990000000003,0.3532433
-145.4802,19.06699,14.0,11.21005,0.6333517
-141.0679,8.756005,14.0,19.52986,0.6089378000000001
-141.2371,-8.678992,14.0,27.56168,0.5850958
-141.7726,-33.91183,1.0,4.871908,0.7276083000000001
-142.043,-39.295190000000005,1.0,11.32846,0.7155704
-146.3627,-49.78958,1.0,19.8514,0.29073000000000004
-160.4702,-60.413509999999995,1.0,27.32661,0.10684919999999999
-156.5623,-76.54086,1.0,24.697979999999998,-0.2815973
-140.9506,-68.53289000000001,1.0,25.675539999999998,-0.33917559999999997
-135.8703,-68.27769,1.0,0.02550452,-0.001687485
-135.8517,-68.28052,1.0,0.02570029,-0.0003925341
-135.8335,-68.28296999999999,1.0,0.01997252,-0.006784821999999999
-135.945,-68.71715,1.0,3.3395660000000005,0.27808499999999997
-135.8605,-71.97679000000001,1.0,4.512677,-0.02074118
-135.8164,-75.0087,1.0,3.682637,-0.06497064
-136.8637,-76.49754,1.0,1.0786229999999999,0.287586
-132.94299999999998,-74.97446,1.0,10.21083,0.6302042
-122.664,-77.46759,1.0,18.36651,0.467897
-113.9261,-91.12276999999999,1.0,25.93601,0.5932168000000001
-110.7748,-112.2716,1.0,32.38219,0.3765976
-126.1959,-131.8791,1.0,36.78991,0.31743879999999997
-146.0085,-126.09700000000001,1.0,22.814329999999998,-0.8185948000000001
-139.1996,-112.3993,1.0,24.70583,-0.03910449
-138.4577,-108.715,1.0,0.02793885,0.01958709
-138.4586,-108.7329,1.0,0.02607892,0.003780318
-139.0686,-108.4911,1.0,4.690186,0.7499241
-144.2542,-109.1549,1.0,7.957822,-0.06637315
-145.4929,-110.4408,1.0,3.400554,0.6771434000000001
-144.4606,-104.8787,1.0,11.99688,0.3140216
-151.808,-96.37265,1.0,18.86971,-0.4156085
-162.9025,-98.7617,1.0,13.931820000000002,-0.2735824
-166.7766,-112.5019,1.0,27.11474,0.9939256
-170.3387,-136.4529,1.0,37.20151,0.1335617
-162.967,-164.1925,1.0,36.41438,-0.6928861
-167.2922,-188.0012,1.0,29.89272,0.4876682
-167.1058,-215.4145,1.0,40.00936,-0.5755438
-164.4651,-241.8938,1.0,31.541890000000002,-0.8708983
-147.8948,-251.0564,1.0,27.021379999999997,0.6421422
-126.5627,-244.6615,1.0,32.3073,-0.43202970000000007
-125.6814,-228.31599999999997,1.0,24.2038,0.55999
-128.5239,-213.2001,1.0,22.92173,-0.02064321
-123.0948,-200.0832,1.0,17.69482,0.3122991
-124.1943,-187.8579,1.0,14.60196,-0.2844486
-113.2688,-185.1964,1.0,19.415370000000003,-0.13177360000000002
-110.374,-196.5538,1.0,14.43511,-0.09343256
-109.9722,-207.5035,1.0,17.74744,0.5775165
-108.4431,-223.5406,1.0,25.62312,0.5427239
-105.6456,-245.0533,1.0,32.88309,0.2396453
-91.93942,-266.8849,1.0,37.81945,0.1155694
-64.60838000000001,-268.1257,1.0,39.48979,0.006582591
-51.96221,-243.0951,1.0,40.76099,0.42406689999999997
-45.94058,-211.7786,1.0,46.00391,0.4085925
-25.16297,-182.5373,1.0,51.41806,0.42670230000000003
0.19507220000000003,-151.3731,1.0,56.98325,0.19769379999999998
11.68961,-114.7723,1.0,35.90462,-2.265966
10.09355,-104.4014,1.0,1.287776,-0.1456037
9.754138000000001,-104.2407,1.0,0.16366,0.05186514
11.90573,-105.6764,1.0,6.551824,0.1759635
17.304779999999997,-107.2254,1.0,5.898884,-0.788478
18.001179999999998,-107.0796,1.0,3.633686,0.3194074
12.48981,-109.1845,1.0,12.185189999999999,0.5975335999999999
2.168921,-110.9986,1.0,16.93587,0.1104241
0.8116289000000001,-97.11851999999999,1.0,23.263479999999998,0.2401222
-2.50041,-78.14684,1.0,29.84351,0.49597129999999995
-5.593806,-53.850069999999995,1.0,36.47448,0.48510559999999997
-6.384405999999999,-24.427960000000002,1.0,42.959379999999996,0.45020950000000004
-6.460623,9.665213,1.0,49.0017,0.20100520000000002
-13.759160000000001,40.51062,1.0,31.68745,-3.8766190000000003
-24.41745,41.964290000000005,1.0,15.06521,0.44603370000000003
-37.07532,37.80251,1.0,22.10606,0.24988809999999997
-56.0026,39.87271,1.0,29.32357,0.5147619999999999
-80.32579,39.55658,1.0,36.25288,0.5045424
-109.6033,40.233470000000004,1.0,42.76875,0.44179709999999994
-139.2944,37.06568,1.0,32.728359999999995,-1.7034599999999998
-142.6351,24.55932,1.0,9.348892999999999,-1.0295290000000001
-137.7515,24.27461,1.0,0.1237509,0.04666465
-137.7518,24.22653,1.0,0.05493676,0.0124409
-138.3023,24.38539,1.0,3.8590690000000003,0.5842965
-143.6233,24.27252,1.0,9.952017,0.3123081
-150.3006,25.15691,1.0,4.991849,-0.7277399
-150.5483,25.15104,1.0,4.060637,0.5964388
-147.2208,20.38889,1.0,12.0543,0.548701
-150.6861,9.708405,1.0,19.02415,0.43313019999999997
-149.632,-5.900484,1.0,24.942629999999998,0.2435116
-146.1982,-26.50265,1.0,31.42168,0.2195859
-152.8686,-48.78971,2.0,32.16961,-0.05236496
-166.9915,-65.07138,2.0,27.447840000000003,-0.8655367
-157.1008,-72.07079,2.0,10.23012,-0.5575369000000001
-155.7169,-68.52688,2.0,0.05232257,-0.013867500000000001
-155.6808,-68.52812,2.0,0.04076427,-0.005073337
-156.0802,-70.19442,2.0,5.058704,0.1820549
-156.5615,-73.90572,2.0,4.760721,-0.04044012
-156.6744,-74.72123,2.0,3.7472589999999997,0.3597009
-150.9969,-72.77911,2.0,12.87221,0.3025935
-140.6294,-79.49158,2.0,21.05315,0.7188722
-126.9098,-83.42081,2.0,17.58829,-0.04289657
-115.2646,-92.82885999999999,2.0,27.664690000000004,0.7534529999999999
-112.426,-114.2386,2.0,31.108459999999997,0.19631210000000002
-129.3406,-130.1567,2.0,32.54461,-0.14684470000000002
-145.3453,-123.2511,2.0,20.40632,-0.11398589999999999
-138.8666,-108.9573,2.0,21.05511,-0.5242535
-149.1931,-101.5073,2.0,21.1547,0.2860759
-160.8379,-108.0551,2.0,16.773670000000003,-0.108649
-162.0691,-120.3909,2.0,17.782510000000002,0.2874005
-165.2505,-135.7315,2.0,25.40004,0.5686287
-165.2548,-157.4657,2.0,33.18943,0.5458795
-165.5777,-184.8733,2.0,40.50845,0.2486591
-165.9578,-217.4514,2.0,47.366409999999995,0.4715117999999999
-160.864,-246.645,2.0,22.77797,-2.771859
-144.727,-252.0316,2.0,27.262209999999996,0.28205840000000004
-125.8755,-244.2959,2.0,28.023870000000002,-0.4268409000000001
-127.8676,-225.1362,2.0,30.642290000000003,0.980991
-126.3701,-199.838,2.0,38.30682,0.23241060000000002
-121.7858,-184.3823,2.0,10.2261,-0.1732057
-112.6742,-187.1961,2.0,17.25366,0.25285949999999996
-110.1693,-202.5338,2.0,25.194000000000003,0.576958
-108.0947,-224.0007,2.0,32.974540000000005,0.2649141
-102.4836,-250.5285,2.0,39.978790000000004,0.1993814
-81.25480999999999,-270.6443,2.0,40.76226,-0.3505636
-54.65495,-258.6619,2.0,42.077,0.09238929
-49.540040000000005,-228.3432,2.0,44.92889,0.41096289999999996
-39.83603,-195.3074,2.0,49.13193,0.3273922
-13.56238,-167.0373,2.0,55.145309999999995,0.2041781
8.294338,-134.9822,2.0,36.67708,-3.237254
3.179393,-120.4572,2.0,20.599829999999997,0.29855570000000003
-5.942718,-105.4282,2.0,27.78456,0.5202298
-6.65677,-82.09364000000001,2.0,35.3079,0.5544816
-6.783086999999999,-53.26101,2.0,42.50653,0.5114237
-7.103031,-19.238120000000002,2.0,49.22595,0.223187
-7.42483,19.5752,2.0,54.582730000000005,-1.488417
-20.1415,45.19887,2.0,24.304029999999997,-2.3749830000000003
-25.847929999999998,45.38061,2.0,3.464057,0.7083068
-27.74734,40.44675,2.0,12.0253,0.5779548000000001
-38.80256,42.850629999999995,2.0,20.172220000000003,0.5893423000000001
-55.62899,46.10877,2.0,27.30432,0.5838478
-78.51106,42.55041,2.0,34.940529999999995,0.5546607
-107.0328,41.35695,2.0,42.136759999999995,0.5126053
-139.6725,36.33752,2.0,42.82161,-2.052682
-150.3523,20.14493,2.0,11.529069999999999,-2.498038
-147.7056,19.456960000000002,2.0,7.156788000000001,0.32012840000000004
-143.2042,13.47059,2.0,15.43547,0.5951062
-149.6348,0.9299639000000001,2.0,23.15675,0.21248179999999997
-147.5976,-17.22231,2.0,28.993240000000004,0.5351921
-142.1331,-35.3948,3.0,11.222719999999999,0.8757726999999998
-144.6892,-43.65205,3.0,11.37505,-0.01469597
-152.6006,-51.83783,3.0,17.07556,-0.15860639999999998
-163.3617,-55.15391999999999,3.0,13.50324,-0.2610561
-166.3757,-62.46598,3.0,10.077010000000001,-0.15574739999999998
-161.8782,-69.80163,3.0,15.76901,0.6049891
-148.0791,-71.91234,3.0,23.38512,0.568887
-128.6346,-76.13248,3.0,29.73129,-0.22352800000000003
-113.2004,-88.14134,3.0,23.96292,-0.3197578
-107.8381,-106.0957,3.0,28.51036,-0.44291260000000005
-113.3377,-124.0161,3.0,22.8381,-0.395868
-126.1687,-132.9952,3.0,23.3956,0.5229737
-141.5861,-128.2455,3.0,24.28831,0.8275453000000002
-148.5943,-107.9585,3.0,27.79115,-0.7398292
-161.6169,-104.6448,3.0,17.829179999999997,0.4478241
-167.2773,-118.9819,3.0,25.24464,0.6072265
-169.669,-140.4998,3.0,33.037620000000004,0.5083595999999999
-168.0441,-167.4814,3.0,40.106320000000004,0.2600985
-166.5156,-199.7373,3.0,46.84152,0.2311754
-163.9652,-235.8698,3.0,47.96268,-0.3990397
-150.0217,-258.9777,3.0,30.16085,-0.5347683000000001
-132.7769,-250.3733,3.0,29.581120000000002,0.5201125
-125.3497,-228.5031,3.0,34.3802,0.46186759999999993
-127.9956,-202.0358,3.0,34.71931,-0.2108835
-121.1382,-180.3745,3.0,25.165570000000002,-1.2206549999999998
-108.6654,-184.9972,3.0,21.07783,0.366534
-108.6159,-202.8613,3.0,27.88099,0.5655651999999999
-104.6767,-224.9684,3.0,30.255540000000003,-0.42501300000000003
-106.2698,-245.97799999999998,3.0,30.578090000000003,0.7021538
-95.96677,-268.9305,3.0,36.73121,-0.05984605
-70.06368,-268.7949,3.0,26.371159999999996,-1.32985
-57.99804,-267.8495,3.0,8.696686,-1.0013290000000001
-56.37899,-266.8462,3.0,2.5881529999999997,0.6038079000000001
-57.19882,-267.3865,3.0,0.443478,0.2783167
-55.332,-265.383,3.0,6.40831,0.24886529999999998
-50.99669,-262.2448,3.0,8.049539999999999,0.03785619
-48.17485,-263.7079,3.0,0.7313361999999999,0.6837928000000001
-49.82325,-260.1428,3.0,9.594174,0.5987355999999999
-48.76695,-250.1868,3.0,17.6716,0.2980038
-45.15034,-234.6631,3.0,25.30645,0.5432127
-42.67008,-213.3298,3.0,32.49194,0.4977823
-36.80985,-187.9237,3.0,37.46587,0.1839714
-16.07098,-166.56400000000002,3.0,40.03949,-2.0090380000000003
0.13981729999999998,-152.5688,3.0,22.5731,-0.35128390000000004
10.45859,-142.0155,3.0,17.57771,-0.348747
11.09901,-130.8593,3.0,14.72132,1.123709
3.8308419999999996,-119.3065,3.0,22.37164,0.5251269000000001
-5.457492,-102.6314,3.0,29.487740000000002,0.5019519
-10.32788,-78.76167,3.0,36.12243,0.48595600000000005
-8.575932,-49.6271,3.0,42.4945,0.21650909999999998
-3.950325,-16.69346,3.0,43.98531,-0.6924792
-4.003737,8.951945,3.0,19.48418,-2.073529
-4.860451,15.065010000000001,3.0,3.7936949999999996,0.3664409
-6.221467,21.777070000000002,3.0,13.61956,0.2995447
-11.29471,33.741659999999996,3.0,21.50903,0.5354719
-26.73068,43.483940000000004,3.0,28.51908,0.4907289000000001
-49.96979,44.61484,3.0,35.03217,0.4946975
-78.44547,44.05701,3.0,41.74368,0.24150729999999998
-111.5645,41.623999999999995,3.0,46.11656,-0.48829220000000007
-142.2235,35.332390000000004,3.0,38.720859999999995,-0.43875240000000004
-147.9928,13.07584,3.0,33.00047,0.44330920000000007
-144.7902,-12.10347,3.0,37.754540000000006,0.24057379999999998
-144.4718,-42.105979999999995,4.0,39.64836,-0.5582955
-156.9775,-54.26226,4.0,18.224829999999997,0.5787147
-168.2117,-60.47693,4.0,19.69859,0.22559479999999998
-157.9275,-71.78171999999999,4.0,25.04606,0.18951529999999997
-137.1632,-73.4628,4.0,31.3909,0.42478530000000003
-116.0087,-86.92918,4.0,37.07273,0.18952879999999997
-109.8287,-113.3393,4.0,37.39513,-0.0879516
-128.1853,-132.5191,4.0,35.64092,-0.253705
-145.2989,-120.3349,4.0,29.51353,0.03265266
-148.6397,-100.17200000000001,4.0,21.66434,-1.11846
-160.9527,-101.9565,4.0,21.00313,0.23280079999999997
-167.65099999999998,-118.3743,4.0,27.894140000000004,0.2750927
-170.5165,-141.5606,4.0,35.03247,0.23396999999999998
-168.3001,-169.9065,4.0,41.67163,0.46814040000000007
-165.3498,-203.0084,4.0,48.06005,0.46427609999999997
-162.9673,-238.7234,4.0,41.87138,-1.7275939999999999
-153.9894,-254.3673,4.0,18.99829,-0.15806810000000002
-138.8785,-258.0821,4.0,24.57828,0.1785524
-128.1377,-243.3342,4.0,29.05775,0.5139611
-125.9294,-219.5987,4.0,35.38329,0.4515505
-127.8968,-191.6087,4.0,40.14638,0.05983338
-108.4695,-176.9518,4.0,30.94918,-0.8312146999999999
-100.58200000000001,-191.2596,4.0,22.060010000000002,-0.4108582
-114.5097,-199.1314,4.0,13.78876,-1.360641
-114.5551,-201.5555,4.0,0.006534699000000001,-0.01286239
-114.4371,-201.5843,4.0,1.556246,0.5340795
-111.3288,-201.2608,4.0,6.570889,0.23544679999999998
-109.6805,-198.2244,4.0,0.8973553,-0.5265189
-109.4633,-200.3308,4.0,6.509633999999999,0.5075668
-108.0155,-207.6037,4.0,13.43994,0.4757965
-105.8088,-219.8237,4.0,19.908920000000002,0.2341607
-105.5713,-236.8353,4.0,25.91299,0.3368939
-103.1605,-257.5535,4.0,30.8143,0.3066016
-85.09612,-271.8054,4.0,33.42387,0.09543176
-60.15234,-265.9994,4.0,37.031890000000004,0.1824883
-49.22675,-242.05700000000002,4.0,38.08632,0.16945239999999998
-46.55816,-212.3755,4.0,42.43271,0.308712
-32.57748,-182.727,4.0,45.96562,0.1737021
-7.375746,-159.9146,4.0,40.82506,-1.093918
7.543096,-145.9616,4.0,20.54747,-0.2230849
12.72795,-134.4081,4.0,18.29167,1.185868
3.9333669999999996,-119.7152,4.0,26.507270000000002,0.4196438
-6.397953,-101.0799,4.0,31.619590000000002,0.183835
-10.51737,-76.05373,4.0,36.76401,0.358205
-8.136675,-47.15147,4.0,41.56901,0.3452987
-2.4806209999999997,-15.127979999999999,4.0,46.23138,0.154756
-5.080164,19.87414,4.0,47.34301,-0.4313245
-17.51634,38.699940000000005,4.0,29.321740000000002,0.3355367
-40.04688,43.91199,4.0,33.95044,0.1801021
-67.12808000000001,43.24418,4.0,39.119690000000006,0.3592825
-97.92367,42.37934,4.0,43.784659999999995,-0.04915574
-128.2829,39.04853,4.0,34.05073,-1.447746
-141.7045,34.52341,4.0,16.56302,0.407817
-147.7674,21.767889999999998,4.0,22.32767,0.3904373
-146.4203,3.217435,4.0,28.04488,0.4045669
-141.9317,-19.238410000000002,4.0,33.51489,0.344519
-145.5068,-43.14931,5.0,29.01284,-0.8297924999999999
-161.8634,-54.58011,5.0,29.199379999999998,0.3096236
-166.7818,-68.1228,5.0,18.55552,0.08743344
-154.4525,-70.01597,5.0,19.03283,1.371832
-137.8229,-73.53545,5.0,25.95662,0.2105127
-118.4308,-81.92734,5.0,31.1585,0.14653129999999998
-107.6826,-102.728,5.0,34.11626,0.1977448
-115.6322,-125.9879,5.0,31.86,-0.2787131
-134.6403,-132.404,5.0,24.00846,-0.8154866999999999
-143.25,-118.1068,5.0,26.102320000000002,0.380529
-155.0665,-101.5642,5.0,27.3702,-0.8545765
-165.5699,-106.4662,5.0,16.83682,0.3429479
-165.4598,-119.6431,5.0,22.28729,0.4416004
-167.7903,-139.4449,5.0,35.00633,0.6792661999999999
-167.6697,-171.2768,5.0,47.01981,0.139965
-164.2283,-207.8972,5.0,49.162659999999995,-1.3015809999999999
-163.8382,-232.3055,5.0,21.436510000000002,-0.47446689999999997
-161.9031,-246.017,5.0,15.96918,-0.20424589999999998
-155.0178,-255.32299999999998,5.0,19.56617,0.4582087
-138.5125,-259.1107,5.0,27.87313,0.5202204
-126.35,-239.4398,5.0,37.79468,0.3925614
-127.4041,-209.6944,5.0,38.08352,-1.245741
-127.7308,-190.9888,5.0,18.82206,-0.22695549999999998
-119.3559,-182.5342,5.0,18.98346,0.7094347
-104.6963,-188.2113,5.0,24.66432,0.113602
-102.7412,-208.8429,5.0,33.24989,0.2987185
-105.0645,-235.317,5.0,37.03686,-0.2720241
-103.338,-259.8936,5.0,29.295959999999997,-0.3660671
-85.55776999999999,-271.7249,5.0,32.10781,0.27375700000000003
-61.29496999999999,-266.8307,5.0,35.64362,0.09321625
-49.63623,-243.4331,5.0,38.16483,0.3535942
-45.66487,-213.4216,5.0,43.02302,0.1612203
-34.25608,-182.4135,5.0,46.44688,0.1728579
-9.536427,-160.2925,5.0,30.998440000000002,-1.996162
0.6495215,-153.7335,5.0,11.917530000000001,-0.1666693
6.385562999999999,-149.343,5.0,7.731107000000001,-0.27214520000000003
10.42276,-145.1017,5.0,10.49061,0.257154
13.170110000000001,-135.5375,5.0,16.82779,0.41150749999999997
6.953399,-122.4534,5.0,22.7535,0.43078649999999996
-3.5481309999999997,-106.7108,5.0,28.43017,0.3907231
-9.727527,-84.50301,5.0,33.76582,0.38160609999999995
-9.526475,-57.779090000000004,5.0,38.65869,0.3635756
-3.893556,-27.82235,5.0,43.50046,0.34128159999999996
-1.571257,4.816549,5.0,39.455020000000005,-1.012351
-6.039244,23.46671,5.0,10.30452,-0.15415220000000002
-10.127130000000001,31.74438,5.0,16.53419,0.226266
-20.849529999999998,41.11907,5.0,22.469089999999998,0.4166848
-38.92542,45.22237,5.0,28.032259999999997,0.4088252
-61.74426,45.04006,5.0,33.55599,0.1913494
-88.58,43.92792,5.0,38.77395,0.1794324
-118.2115,41.16178,5.0,37.06329,-0.5355474
-137.6395,37.700140000000005,5.0,20.495929999999998,0.28710890000000006
-146.9125,23.96876,5.0,25.600479999999997,0.361016
-146.5688,3.227958,5.0,30.794079999999997,0.18285829999999997
-141.9717,-21.11605,5.0,36.0052,0.1641895
-144.4442,-41.11612,6.0,13.445020000000001,-1.981816
-149.9859,-50.48312,6.0,19.85224,0.5934595
-161.7745,-56.2398,6.0,14.97954,-0.41373590000000005
-166.0978,-64.42723000000001,6.0,15.791170000000001,0.36168890000000004
-154.592,-72.89829,6.0,25.31534,1.036089
-131.1066,-74.2617,6.0,37.585159999999995,0.3104047
-109.6526,-93.95105,6.0,38.92161,-0.6574495
-115.315,-114.7683,6.0,15.669220000000001,-1.9630610000000002
-118.3725,-123.3578,6.0,15.61217,1.162824
-126.5476,-133.4975,6.0,17.1629,0.37034459999999997
-140.3304,-130.0466,6.0,22.934820000000002,0.3029509
-145.5449,-112.1848,6.0,26.613770000000002,-0.32959720000000003
-150.5161,-104.0506,6.0,7.469983999999999,0.20832350000000002
-157.7761,-100.6254,6.0,15.317420000000002,0.2731896
-166.2985,-107.3125,6.0,17.60799,0.5909964
-167.7078,-124.9036,6.0,30.742659999999997,0.9849232
-168.7752,-152.5255,6.0,43.179190000000006,0.8164178000000001
-166.9363,-188.3687,6.0,53.47044,0.3332315
-163.5851,-227.2095,6.0,47.80021,-0.4131531
-157.879,-255.0671,6.0,30.23129,-1.3093549999999998
-140.4659,-257.2457,6.0,20.67013,-0.4580407
-128.7265,-247.8498,6.0,24.33654,0.3716316
-124.913,-228.2822,6.0,29.69296,0.202312
-128.0462,-204.5149,6.0,34.95092,0.1804891
-125.2633,-184.1896,6.0,16.10385,-0.4906473
-111.8779,-183.8387,6.0,21.791999999999998,0.1524579
-103.19200000000001,-198.6173,6.0,26.46548,0.38814829999999995
-103.51100000000001,-220.22799999999998,6.0,31.907909999999998,0.1888727
-105.8585,-245.7045,6.0,37.100429999999996,0.3437315
-95.13101999999999,-270.389,6.0,36.7505,-0.1916195
-71.61945,-270.0223,6.0,28.301640000000003,-0.5443967
-54.85742,-263.2654,6.0,22.20782,0.3610868
-48.13743,-245.3206,6.0,29.92935,0.4105464
-44.6779,-221.3159,6.0,35.35791,0.38559709999999997
-40.73798,-193.5465,6.0,40.13392,0.24893339999999997
-21.63484,-170.8321,6.0,42.68698,0.168812
-2.038966,-156.1973,6.0,18.18925,-2.059351
5.784451,-150.1267,6.0,12.08296,-0.002947575
11.70973,-142.5335,6.0,15.271379999999999,0.2961446
10.80485,-128.5476,6.0,23.7302,0.6125276
-2.873247,-111.1391,6.0,36.89608,0.9884765
-9.511889,-79.69491,6.0,50.214909999999996,0.43805950000000005
-6.476957,-38.26815,6.0,60.32695,0.09496608
-1.7889849999999998,5.167663,6.0,49.49402,-3.7156160000000003
-7.884763,26.742820000000002,6.0,20.59328,-0.45554229999999996
-18.13954,39.9592,6.0,26.845370000000003,0.7465487
-41.59913,45.30178,6.0,39.40168,0.5561991999999999
-76.43398,44.173140000000004,6.0,54.15011,0.461243
-116.0297,41.42013,6.0,34.98808,-2.2338150000000003
-129.579,38.87788,6.0,12.627289999999999,-0.20024229999999998
-141.4857,34.97316,6.0,23.032410000000002,0.3099031
-147.6704,18.363210000000002,6.0,27.22635,0.19954879999999997
-144.9863,-3.668603,6.0,32.74673,0.4086683
-141.3326,-29.445840000000004,6.0,37.12573,0.09207334
-142.3066,-38.59838,7.0,11.40122,0.4833072
-146.9877,-48.20647,7.0,17.67149,0.20613829999999997
-160.5465,-54.80789,7.0,23.23374,0.2871305
-168.2312,-67.69585,7.0,17.5984,-0.5208202999999999
-160.8794,-76.37783,7.0,16.81175,0.2005242
-147.4871,-74.9903,7.0,20.11664,0.0189195
-132.3606,-73.53947,7.0,22.0986,0.12025050000000001
-116.2892,-82.35583000000001,7.0,29.27265,0.37656690000000004
-108.0429,-103.2939,7.0,33.07291,0.29511020000000004
-118.9746,-125.5355,7.0,35.961290000000005,0.2108716
-143.1546,-129.6394,7.0,28.52771,-2.695162
-145.5033,-118.8816,7.0,11.11191,-0.19197129999999998
-143.4049,-110.2594,7.0,17.72018,0.1366279
-152.1418,-101.819,7.0,16.83615,0.27911149999999996
-164.5918,-106.984,7.0,20.68807,-0.4686295999999999
-166.0235,-121.6687,7.0,21.66393,0.5239031
-167.3854,-141.0168,7.0,32.41315,1.105177
-169.6635,-170.113,7.0,45.99181,0.45781629999999995
-170.0453,-208.44099999999997,7.0,54.82315,-0.9026184000000002
-165.3679,-243.00599999999997,7.0,34.93705,-1.803323
-148.7271,-254.412,7.0,24.0889,-0.5371938
-132.6899,-251.2469,7.0,22.801779999999997,0.02122988
-125.7154,-235.0124,7.0,29.975379999999998,0.4002638
-126.1094,-210.7451,7.0,35.41807,0.37911269999999997
-123.9233,-184.3704,7.0,27.499990000000004,-2.822302
-113.6067,-181.1347,7.0,15.852920000000001,0.9493828000000001
-109.4129,-194.7341,7.0,22.76601,0.2185328
-108.8091,-213.826,7.0,28.65783,0.1963614
-108.4347,-237.1376,7.0,34.1644,0.3591946
-99.43828,-261.7956,7.0,37.71006,0.1878401
-73.9762,-272.8757,7.0,39.40044,0.009942636999999999
-51.94429,-256.2251,7.0,39.4435,0.02347018
-48.889309999999995,-226.0884,7.0,43.27673,0.343876
-37.77362,-195.5551,7.0,45.837959999999995,0.2809713
-13.49143,-169.3023,7.0,50.33957,0.3110937
7.354046,-140.3792,7.0,37.05579,-2.40081
5.880127,-121.2734,7.0,25.712889999999998,0.9653931
-5.254565,-102.3291,7.0,34.02554,0.8124174
-3.39549,-71.26080999999999,7.0,51.09746,1.2427709999999998
-0.5766523,-27.51349,7.0,66.79463,1.0392379999999999
-3.115723,20.14604,7.0,56.00642,-1.195093
-18.7225,41.93479,7.0,28.646390000000004,0.18635539999999998
-44.00858,40.66167,7.0,39.40763,0.3812636
-75.06499000000001,40.40404,7.0,44.269870000000004,0.3471458
-109.5612,41.22977,7.0,48.812529999999995,0.3210426
-142.3414,35.30612,7.0,32.370020000000004,-2.080621
-146.371,15.345070000000002,7.0,30.532329999999998,0.3909643
-145.1324,-9.292336,7.0,35.87597,0.35602459999999997
-146.5096,-37.67948,8.0,40.738859999999995,0.171184
-163.0649,-58.00266,8.0,29.594759999999997,-1.312508
-166.9032,-72.64485,8.0,24.49468,0.6710056999999999
-148.9955,-78.54504,8.0,29.27031,0.200292
-126.1369,-79.85969,8.0,32.88098,0.1795951
-111.40799999999999,-99.87012,8.0,35.96826,0.10244690000000001
-118.6253,-124.9378,8.0,37.34988,0.09669435
-142.5105,-130.5666,8.0,23.59254,-4.078718
-146.0737,-127.0765,8.0,3.976379,0.43940509999999994
-142.2542,-122.425,8.0,11.74488,0.47031080000000003
-143.9393,-111.8713,8.0,17.95739,0.4587772
-155.6026,-102.5369,8.0,23.04029,0.18733270000000002
-167.6644,-112.2099,8.0,24.69055,0.1476683
-166.5481,-132.4144,8.0,30.116220000000002,0.37927259999999996
-170.1387,-156.4239,8.0,35.35653,0.1791402
-170.2362,-184.4347,8.0,40.18535,0.3478976
-168.9184,-215.9371,8.0,44.95745,0.1564576
-162.6157,-248.7323,8.0,41.799859999999995,-1.193642
-139.2751,-254.8106,8.0,29.2143,-0.38922070000000003
-127.4568,-237.6802,8.0,31.43297,0.290116
-127.3958,-212.6131,8.0,36.5125,0.46610150000000006
-123.8005,-185.2204,8.0,33.74807,-1.55271
-111.6919,-180.9831,8.0,15.7845,0.5943941999999999
-107.1992,-193.9036,8.0,21.96159,0.4506107
-106.5897,-212.3768,8.0,27.911459999999998,0.41544430000000004
-105.8159,-235.1969,8.0,33.47568,0.4027077
-99.34143,-260.4603,8.0,37.291740000000004,0.1230598
-75.24309000000001,-272.9118,8.0,38.52745,-0.02162537
-52.02895,-257.7417,8.0,39.52469,0.004081284
-46.76163,-228.1526,8.0,43.09969,0.34738309999999994
-39.28737,-196.2417,8.0,45.36515,-0.04564097
-14.95033,-171.41,8.0,49.11555,0.1545417
6.620845,-141.871,8.0,44.63433,-0.8309264999999999
3.192627,-116.2594,8.0,34.968109999999996,0.9681493
-6.552314,-90.6768,8.0,39.43158,0.30312940000000005
-1.9486310000000002,-60.10528000000001,8.0,44.12858,0.3463527
-1.403168,-25.66037,8.0,48.62977,0.321421
-2.325805,11.92687,8.0,52.87215,0.2692114
-15.73396,40.76385,8.0,31.87139,-1.9527619999999999
-26.308020000000003,41.20687,8.0,4.59556,0.23534120000000003
-29.49588,37.0242,8.0,11.11231,0.46043199999999995
-38.06487,42.33222,8.0,17.483810000000002,0.4636025
-47.702220000000004,48.57076,8.0,4.790129,-2.2732080000000003
-48.01866,48.586909999999996,8.0,0.02908794,-0.01768632
-48.411559999999994,47.03448,8.0,4.406372,0.5600045
-47.42046,43.54602,8.0,4.168382,-0.8815529000000001
-48.3988,44.24705,8.0,6.548376,0.689156
-56.11381,46.41679,8.0,15.36687,0.31190959999999995
-70.59531,44.81641,8.0,23.78138,0.5732851999999999
-90.963,42.24694,8.0,31.587940000000003,0.2646603
-117.0068,44.04976,8.0,38.78722,0.2307144
-142.0954,33.16721,8.0,38.45897,-0.04727254
-144.2417,3.270777,8.0,44.98001,0.6284736
-147.0607,-31.663109999999996,8.0,45.6883,-0.6303733
-142.1497,-35.27608,9.0,2.465361,0.12435999999999998
-144.0594,-41.78333,9.0,14.440389999999999,0.8738394
-149.6593,-49.80209,9.0,11.904710000000001,-0.1997483
-158.3718,-53.40181,9.0,14.037729999999998,-0.1079326
-165.9802,-58.16358,9.0,10.91723,-0.19823570000000001
-165.7238,-66.69700999999999,9.0,17.06781,0.9819593000000001
-153.5999,-73.66727,9.0,18.42409,-0.15730539999999998
-141.265,-72.77937,9.0,14.97445,-0.2349263
-126.9096,-75.8919,9.0,25.15945,0.04347649
-112.3136,-87.8066,9.0,26.16212,0.05551181
-107.1762,-105.866,9.0,23.8014,-0.1931346
-109.2629,-116.6333,9.0,11.511289999999999,-0.09004551
-113.7283,-126.2007,9.0,21.02665,0.47908370000000006
-125.9453,-134.7527,9.0,18.64849,-0.3434893
-137.8793,-132.5566,9.0,15.56523,0.05914439999999999
-145.5105,-120.3427,9.0,24.696279999999998,0.3020941
-152.2674,-102.5744,9.0,19.21572,-1.510383
-162.1563,-100.5339,9.0,12.51713,-0.26350419999999997
-166.9637,-111.5633,9.0,23.751620000000003,1.1063
-168.6223,-134.416,9.0,37.64942,0.4605999
-168.7934,-165.8733,9.0,45.3637,0.332675
-165.3725,-200.455,9.0,46.711420000000004,-0.3181206
-162.9686,-231.6906,9.0,36.840920000000004,-1.1254879999999998
-158.1865,-251.9645,9.0,24.35526,-0.4257369000000001
-144.7675,-260.291,9.0,19.13822,-0.423676
-132.4548,-254.2893,9.0,23.84684,0.9983864
-124.963,-232.6607,9.0,36.31654,0.5018713
-127.8657,-206.3722,9.0,29.8215,-1.192124
-128.394,-191.4255,9.0,14.9037,-0.21682310000000002
-123.4733,-182.8003,9.0,15.406170000000001,0.33954559999999995
-110.3564,-183.345,9.0,17.979589999999998,-0.3014337
-103.2695,-192.3465,9.0,16.11564,0.9395203000000001
-102.7876,-209.8117,9.0,30.88512,0.9193125
-105.6503,-235.7124,9.0,37.97182,-0.03335024
-102.0804,-261.9151,9.0,34.56649,-0.24162729999999996
-81.60945,-273.1539,9.0,32.88839,-0.03687914
-59.2273,-265.6042,9.0,31.7928,0.0003817821
-49.06143,-243.6983,9.0,35.00934,0.08749357
-44.90031,-217.1847,9.0,36.79994,-0.10384059999999999
-39.50094,-191.604,9.0,33.31671,-0.4119175
-26.60515,-173.2611,9.0,27.398740000000004,-0.37317459999999997
-11.79652,-162.3303,9.0,22.52669,-0.3252232
1.1510690000000001,-153.7987,9.0,19.06382,-0.27833909999999995
10.95535,-144.1433,9.0,21.03133,0.5743394
9.943489,-127.3312,9.0,26.62019,0.45886530000000003
-3.209437,-110.8489,9.0,29.6199,-0.009729606
-9.874702000000001,-89.83946,9.0,30.185340000000004,0.021665599999999997
-10.97482,-66.62312,9.0,33.51083,0.3193066
-7.325730999999999,-41.10706,9.0,35.55291,0.09190103
-2.793091,-14.73926,9.0,36.60088,0.06112134
-2.95926,10.29532,9.0,28.21541,-0.48740950000000005
-7.306201,27.18191,9.0,19.85688,-0.3011287
-17.315160000000002,39.46595,9.0,26.2589,0.5404218000000001
-38.33331,45.28267,9.0,33.10775,0.23715920000000001
-65.48378000000001,43.895509999999994,9.0,40.31066,0.5317708999999999
-98.01104000000001,43.60555,9.0,47.07481,0.23295860000000002
-131.8445,39.6285,9.0,37.73834,-4.158628
-147.41,21.935470000000002,9.0,34.40211,0.1027346
-141.7798,-5.2127870000000005,9.0,40.71275,0.4400405
-143.4946,-33.043040000000005,9.0,24.1314,-2.266277
-147.6638,-45.65317,10.0,19.49306,0.5525905
-158.3063,-54.538019999999996,10.0,17.25669,-0.25871439999999996
-166.9123,-61.30027,10.0,13.088330000000001,-0.31057779999999996
-162.4152,-71.38315,10.0,18.73475,-0.2915791
-149.3525,-72.67898000000001,10.0,18.63705,0.11959639999999999
-136.1567,-73.34281999999999,10.0,18.4011,1.125836
-119.3824,-80.25363,10.0,28.583840000000002,0.233344
-107.4478,-99.65559,10.0,34.423190000000005,0.3796645
-112.7415,-124.4399,10.0,29.81342,-0.9779785
-127.3155,-133.5071,10.0,20.85527,-0.3792882
-140.192,-130.2847,10.0,17.58696,0.6416841999999999
-146.0351,-115.5646,10.0,25.281570000000002,-0.002771555
-150.6209,-104.3,10.0,4.123982,-0.07529869
-155.5215,-100.9278,10.0,12.51268,0.532764
-165.4529,-104.9455,10.0,18.77056,0.22216420000000003
-167.9817,-121.0879,10.0,25.73566,0.5238594
-168.8785,-142.7295,10.0,33.10714,0.24607270000000003
-168.3227,-168.80200000000002,10.0,37.304120000000005,0.1263874
-166.3688,-197.4913,10.0,40.001090000000005,0.1177271
-164.2025,-224.6163,10.0,32.89438,-0.5218876
-161.8787,-246.1981,10.0,25.8404,-0.5700930000000001
-150.7181,-258.1873,10.0,21.32473,0.5213955
-134.4607,-256.4106,10.0,23.73151,-0.019460299999999996
-126.0065,-239.7145,10.0,27.31833,0.231923
-125.7295,-218.5172,10.0,30.341920000000002,0.23958859999999998
-127.8016,-198.5764,10.0,18.810679999999998,-1.589446
-127.1563,-186.834,10.0,13.654589999999999,-0.3894415
-119.5411,-181.9217,10.0,15.0699,0.24734970000000003
-107.2588,-185.1595,10.0,18.06278,-0.07293867
-103.0031,-197.7337,10.0,19.7137,0.19421
-103.9021,-213.2695,10.0,21.77348,0.004388436
-105.1106,-229.6451,10.0,24.40421,0.5224404
-105.9389,-250.1091,10.0,29.8979,0.06021638
-96.61828,-269.0721,10.0,30.1809,0.3331687
-71.86906,-271.3744,10.0,37.605470000000004,0.48520100000000005
-51.28022,-254.325,10.0,38.077659999999995,0.15619360000000002
-46.66698,-224.0407,10.0,43.44471,0.1909789
-40.08467,-194.1091,10.0,37.15124,-0.6209712
-26.71378,-173.90599999999998,10.0,29.195870000000003,-0.49960390000000005
-11.34558,-162.4005,10.0,20.29089,-2.355412
-2.575805,-156.3022,10.0,16.208070000000003,0.5370659999999999
8.728978999999999,-147.3713,10.0,19.22113,-0.1268213
12.82082,-132.2726,10.0,26.55622,0.29567940000000004
-0.727298,-115.7239,10.0,31.96467,0.167454
-9.435589,-92.15477,10.0,34.100809999999996,-0.58575
-10.07737,-68.35415,10.0,33.7297,0.45642829999999995
-7.273874,-41.16429,10.0,40.07993,0.4536473
-2.41847,-9.594691000000001,10.0,45.93116,0.38281279999999995
-5.750241,25.16899,10.0,45.80294,-0.7378829
-29.81798,43.86775,10.0,43.848490000000005,0.1585075
-63.96385,44.163470000000004,10.0,48.80021,0.4134759
-102.0144,42.71611,10.0,54.05146,0.3827278
-136.1352,37.60638,10.0,39.258520000000004,0.1059869
-148.4175,15.13465,10.0,36.84292,0.197055
-141.3551,-13.19617,10.0,41.96547,0.31546779999999996
-146.4447,-40.12624,11.0,33.84557,0.214148
-163.9711,-59.57154,11.0,37.880109999999995,0.03299085
-167.7564,-78.6572,11.0,20.43985,-0.47271490000000005
-155.1338,-75.38852,11.0,22.71507,0.2660633
-138.6502,-70.50625,11.0,27.22198,0.3425174
-119.7684,-82.64200000000001,11.0,32.07181,-0.20072939999999997
-108.9601,-102.6324,11.0,33.65139,0.3223953
-116.6976,-125.671,11.0,29.00597,-0.283434
-135.0187,-132.2995,11.0,29.75072,0.3269059
-144.7793,-113.2902,11.0,32.82027,-0.5579357
-149.6386,-101.9735,11.0,12.31054,0.5681396
-162.7257,-103.3361,11.0,23.22524,0.2551649
-166.4302,-121.1402,11.0,28.49227,0.49864890000000006
-167.1891,-144.5981,11.0,34.98444,0.2244063
-167.7534,-172.7453,11.0,41.017720000000004,0.20527270000000003
-164.6323,-205.2253,11.0,46.90696,0.1791802
-161.975,-239.4963,11.0,40.95166,-1.2999479999999999
-149.4391,-258.625,11.0,28.888479999999998,0.1516241
-130.2046,-252.7849,11.0,29.85084,0.2229045
-125.2548,-229.0874,11.0,35.75935,0.20850149999999998
-127.8678,-201.1789,11.0,35.34554,-0.42097579999999996
-119.8689,-180.3475,11.0,26.86331,0.1859904
-107.0089,-189.0496,11.0,24.764039999999998,0.216006
-106.501,-209.7675,11.0,31.240340000000003,0.2212993
-106.8055,-235.037,11.0,37.39322,0.4431387
-101.2879,-263.3395,11.0,41.233540000000005,-0.04690066
-74.78442,-271.8174,11.0,40.71648,0.352713
-50.943999999999996,-255.0053,11.0,41.12355,0.07726052
-44.95213,-223.0809,11.0,46.60601,0.42161270000000006
-36.752109999999995,-187.8137,11.0,51.06413,0.1756376
-11.57981,-163.3687,11.0,39.674,-0.732797
7.836061,-148.0777,11.0,29.36164,-0.5631379
11.22202,-130.3911,11.0,23.50035,0.5071529
-0.10915060000000001,-114.3553,11.0,29.95311,0.2205766
-8.533818,-91.74287,11.0,35.871809999999996,0.2281447
-10.04477,-63.052890000000005,11.0,41.820809999999994,0.43438950000000004
-4.710062000000001,-30.313570000000002,11.0,47.55621,0.196568
-2.219888,6.612499000000001,11.0,52.48015,0.3023259
-16.879260000000002,40.13837,11.0,47.335029999999996,-0.3881619
-50.44304,44.07117,11.0,48.383309999999994,0.1916649
-88.20213000000001,41.795390000000005,11.0,53.79456,0.3911245
-127.8002,39.52128,11.0,47.160470000000004,-0.8429556
-149.8523,19.83683,11.0,40.454029999999996,-0.2093138
-143.1119,-10.123489999999999,11.0,43.90175,0.1606596
-145.5251,-41.788109999999996,12.0,37.0433,-1.439109
-162.6357,-54.257169999999995,12.0,28.812929999999998,0.01471034
-165.6065,-70.11555,12.0,23.81406,0.03747211
-147.1595,-71.14084,12.0,28.618059999999996,0.2344504
-124.6134,-76.63042,12.0,34.51858,0.32424959999999997
-107.6347,-96.96091,12.0,38.58484,0.10524639999999999
-112.7788,-121.26100000000001,12.0,28.28262,-0.8395388
-129.1387,-132.36,12.0,24.45129,-0.4920759
-144.0903,-127.3595,12.0,24.21495,0.2439669
-147.9933,-107.9042,12.0,28.770490000000002,-1.1708040000000002
-161.678,-101.0999,12.0,19.559520000000003,0.07194057
-167.7037,-115.5664,12.0,28.193640000000002,0.9642871999999999
-167.7997,-141.1117,12.0,37.98585,0.4399576
-167.8152,-171.2716,12.0,43.7104,0.4146715999999999
-165.5865,-205.8355,12.0,49.396190000000004,0.1905336
-162.767,-242.4608,12.0,44.20608,0.35504
-144.0532,-258.4555,12.0,28.318309999999997,-0.8167848000000001
-129.9084,-243.7456,12.0,31.0633,0.1366086
-125.5871,-218.9115,12.0,37.043240000000004,0.20255739999999997
-128.5477,-192.5366,12.0,33.251459999999994,0.056017899999999995
-113.4312,-180.0707,12.0,27.2177,-0.4720161
-107.9854,-195.5711,12.0,26.50655,0.249176
-110.3539,-217.2583,12.0,32.89309,0.46197570000000004
-107.792,-243.9361,12.0,39.24132,0.43899609999999994
-93.98483,-269.5225,12.0,39.93497,-0.3190943
-64.76256,-268.3612,12.0,42.46815,0.23635820000000005
-45.37166,-247.4709,12.0,36.32793,-0.5751885999999999
-53.87003000000001,-225.51,12.0,26.40655,-2.532477
-53.02372,-217.0049,12.0,5.5688830000000005,0.009220229
-53.328,-214.9673,12.0,1.556335,0.3316883
-50.656859999999995,-218.3253,12.0,9.987952,0.522626
-43.0461,-214.3318,12.0,15.72822,-0.3200091
-41.74327,-204.1925,12.0,13.1899,0.6092055000000001
-39.77302,-190.4609,12.0,22.87445,0.2520228
-29.385659999999998,-174.2552,12.0,29.45979,0.4863764
-9.478909,-160.6778,12.0,35.82858,0.2320925
10.385639999999999,-142.346,12.0,34.98483,-1.59107
6.979802,-121.5556,12.0,31.104,0.9406793
-7.488341999999999,-96.45503000000001,12.0,46.96167,0.6544042
-9.538412,-58.42479,12.0,54.39281,0.3383165
-2.877519,-16.880689999999998,12.0,59.225559999999994,0.31326909999999997
-5.552296,22.397389999999998,12.0,36.1889,-3.463547
-20.82456,41.86915,12.0,36.506890000000006,0.20013129999999998
-48.59867,44.818999999999996,12.0,40.85453,0.4377536
-80.95600999999999,44.50183,12.0,46.5956,0.4140818
-117.2271,41.05355,12.0,50.252590000000005,-0.2008078
-149.7382,29.87528,12.0,44.5462,-0.6370796999999999
-152.9501,13.21804,12.0,8.049299000000001,-0.8885854
-152.0134,12.75199,12.0,6.488925,0.27632009999999996
-146.9211,7.616538,12.0,14.33055,0.5421088000000001
-145.9694,-5.816907,12.0,21.82388,0.529447
-142.5252,-24.31543,12.0,28.872,0.46091400000000005
-142.1899,-35.653220000000005,13.0,7.887983,0.6003122
-145.3121,-43.82679,13.0,15.78031,0.541968
-156.42700000000002,-52.58942,13.0,22.93437,0.5188878
-167.3125,-65.5825,13.0,21.824920000000002,-0.619346
-159.2584,-75.72608000000001,13.0,17.9115,0.1253336
-144.5471,-73.70933000000001,13.0,20.735789999999998,-0.1974308
-130.0647,-72.95102,13.0,22.60886,0.5023322
-113.8896,-82.59615,13.0,28.76088,0.18908670000000002
-106.6619,-104.2537,13.0,33.99501,0.3102457
-119.1232,-126.8937,13.0,37.86637,0.1298128
-142.9634,-129.7158,13.0,24.03833,-2.207248
-144.2007,-122.6118,13.0,6.609189999999999,0.2924599
-138.2264,-122.2488,13.0,0.9218464,-0.0801688
-141.7824,-123.4176,13.0,8.908659,0.4763799
-145.516,-128.3699,13.0,4.933641000000001,-0.8527899
-145.414,-128.1262,13.0,5.133397,0.6581597
-142.3028,-121.7662,13.0,13.895270000000002,0.614118
-140.7185,-109.198,13.0,21.23914,0.48987759999999997
-153.39600000000002,-97.81567,13.0,26.36045,-0.05224859
-166.3632,-107.5086,13.0,24.10148,0.6467172
-167.7498,-129.115,13.0,32.78839,0.495292
-167.5547,-156.0559,13.0,39.58197,0.4778621
-167.9793,-187.7568,13.0,45.96561,0.2139254
-168.047,-224.0735,13.0,51.97047,0.4212782
-154.1587,-254.8609,13.0,43.46443,-0.3625962
-129.3678,-250.9152,13.0,28.89221,-0.1016211
-128.3964,-227.136,13.0,37.81808,0.7400439999999999
-127.654,-197.2227,13.0,38.19158,-2.585514
-122.6741,-183.2325,13.0,14.22755,-0.1156512
-111.166,-183.428,13.0,20.69374,0.3799832
-104.8437,-199.3663,13.0,27.207690000000003,0.5207834
-107.0328,-221.9637,13.0,34.19019,0.23532529999999996
-105.0864,-249.1124,13.0,39.80069,0.1913704
-84.92387,-271.268,13.0,42.64163,-0.01043663
-56.25172,-263.4904,13.0,42.51082,-0.002498256
-48.93265,-232.8473,13.0,45.891459999999995,0.441471
-43.19934,-200.7242,13.0,41.98847,0.3743723
-23.04403,-174.7358,13.0,47.53475,0.44277669999999997
2.347284,-147.2409,13.0,51.76393,-0.6072733
6.853732000000001,-115.4265,13.0,38.8999,-1.5343120000000001
-8.7618,-97.94151,13.0,27.74235,-0.18427179999999999
-6.465330000000001,-74.58547,13.0,35.49369,0.23894490000000002
-5.4797080000000005,-45.80121,13.0,42.14265,0.47091099999999997
-4.229493,-12.27058,13.0,48.38531,0.434184
-6.317321,24.8868,13.0,48.096990000000005,-1.469616
-26.129089999999998,41.80473,13.0,28.121309999999998,-1.7091509999999999
-34.50832,33.68916,13.0,14.032429999999998,0.05538597
-35.12011,32.588570000000004,13.0,0.0706459,0.007044463000000001
-35.166309999999996,32.59432,13.0,0.06361407,0.02080192
-34.46517,34.82463,13.0,7.306609,0.3056113
-32.81436,42.091879999999996,13.0,8.787969,-0.39478379999999996
-32.251540000000006,44.74792,13.0,1.092567,0.6199368000000001
-34.6187,41.8539,13.0,9.232237,0.6032122
-43.85429,42.80627,13.0,16.64751,0.5408871
-58.48579,45.35217,13.0,23.47749,0.47645649999999995
-78.12233,42.95195,13.0,29.955209999999997,0.2217564
-102.5226,42.63497,13.0,35.953720000000004,0.42953379999999997
-130.5346,39.193490000000004,13.0,40.4445,-0.08647178
-147.6026,17.988529999999997,13.0,38.545320000000004,0.1325951
-145.5045,-12.28395,13.0,43.76675,0.3734737
-147.0739,-45.34361,14.0,41.96132,-2.072603
-162.7986,-62.741009999999996,14.0,25.17349,-1.204752
-153.6204,-75.39688000000001,14.0,26.269759999999998,0.3593387
-132.04399999999998,-76.43552,14.0,31.91938,0.26816059999999997
-112.8047,-91.74486,14.0,35.97667,0.221086
-112.8877,-118.1473,14.0,38.281009999999995,0.15807839999999998
-135.7714,-131.9565,14.0,33.04425,-0.6996176
-146.1551,-121.2787,14.0,9.950785,-2.528418
-146.268,-119.5194,14.0,1.9444560000000002,-0.006683771
-147.1192,-118.4464,14.0,1.65425,0.06059757
-148.0322,-117.6882,14.0,2.668671,0.22912889999999997
-150.7504,-117.396,14.0,3.0293650000000003,-0.9388620000000001
-149.2946,-116.5936,14.0,6.803134,0.6481352
-144.7859,-110.0364,14.0,15.05369,0.5511215
-150.2169,-98.41339,14.0,21.675629999999998,0.4082572
-165.5923,-102.1183,14.0,25.59836,0.30339240000000006
-166.8887,-122.5337,14.0,31.55684,0.5084744999999999
-166.6603,-148.4151,14.0,38.40958,0.2323283
-166.8293,-179.3497,14.0,44.98202,0.2220764
-167.1743,-214.9632,14.0,51.14931,0.4336992
-158.737,-249.077,14.0,39.18223,-0.8648915
-142.22,-253.6199,14.0,9.543696,-1.998419
-141.4856,-250.2778,14.0,2.989439,-0.24707300000000001
-138.8727,-248.1374,14.0,8.01543,0.3451665
-130.4579,-250.5936,14.0,14.70099,-0.2633999
-121.9854,-249.9659,14.0,10.14189,-0.3371595
-122.1778,-240.9834,14.0,17.08309,0.7836094
-125.6912,-225.762,14.0,24.98331,0.5341215
-127.4753,-204.6126,14.0,32.328540000000004,0.2662
-122.0096,-181.4378,14.0,30.94864,-0.27325559999999993
-106.2859,-185.1018,14.0,24.476210000000002,0.4904372
-106.6945,-209.7325,14.0,43.44916,1.464332
-104.6534,-248.1811,14.0,57.376169999999995,0.02757737
-79.09071,-272.1634,14.0,45.07767,0.1664954
-50.79404,-258.3724,14.0,43.38662,-0.1209732
-49.52776,-225.93400000000003,14.0,46.82282,0.3192241
-37.38467,-192.8021,14.0,50.6901,0.3684625
-9.965277,-164.4959,14.0,56.05526999999999,0.2060192
10.04462,-131.8475,14.0,40.39927,-2.6288810000000002
0.2595382,-112.8112,14.0,25.55689,-0.13375410000000001
-5.888486,-92.14149,14.0,32.950559999999996,0.5120047999999999
-4.045012,-65.28309,14.0,39.76428,0.2553054
-2.4000049999999997,-33.37148,14.0,46.23925,0.2226958
-2.7371790000000003,3.145851,14.0,52.31312,0.45032920000000004
-13.52798,37.087070000000004,14.0,44.32175,-0.1981632
-44.572109999999995,41.32805,14.0,45.66932,0.4633331
-80.74361,40.23516,14.0,51.69099,0.197276
-120.5469,41.56086,14.0,51.32383,-1.641456
-144.5878,28.555059999999997,14.0,25.65705,-2.50382
-144.349,22.16469,14.0,3.466532,0.6903722
-141.6803,24.88782,14.0,4.805294,-0.3748587
-142.0623,24.32401,14.0,6.060904,0.5027191
-147.3581,21.401429999999998,14.0,9.091588,-0.5624784
-149.44299999999998,21.982429999999997,14.0,2.155192,0.6841868
-145.4222,19.00711,14.0,11.31783,0.6522831
-141.0526,8.611872,14.0,19.62797,0.5973035
-141.2545,-8.886362,14.0,27.60721,0.2757272
-141.7737,-33.94766,1.0,4.996931,0.7668592
-142.0495,-39.3814,1.0,11.38369,0.3259514
-146.4632,-49.89748,1.0,19.94996,0.5860199
-160.5959,-60.56561,1.0,27.36262,0.219538
-156.3863,-76.59036,1.0,24.67471,-0.14220120000000003
-140.7694,-68.47549000000001,1.0,25.64947,-0.1584665
-135.8701,-68.27773,1.0,0.02485035,-0.003943409
-135.8515,-68.28055,1.0,0.02569251,-4.5429579999999995e-05
-135.8333,-68.28298000000001,1.0,0.02278893,0.01712727
-135.9509,-68.74152,1.0,3.4266900000000002,0.5166492
-135.855,-72.0099,1.0,4.506146,-0.03865637
-135.8247,-75.0352,1.0,3.672501,-0.06023015
-136.8568,-76.49245,1.0,1.191195,0.6631348000000001
-132.8658,-74.96738,1.0,10.31627,0.6296039999999999
-122.5528,-77.54314000000001,1.0,18.40403,0.2296487
-113.8527,-91.29593,1.0,26.02899,0.5724183
-110.8258,-112.4969,1.0,32.41325,0.1980817
-126.4485,-131.9817,1.0,36.84817,0.3525902
-146.0832,-125.9439,1.0,22.68349,-0.778562
-139.0839,-112.2514,1.0,24.68246,-0.1376089
-138.4578,-108.7152,1.0,0.02356062,-0.02717746
-138.4586,-108.7331,1.0,0.02553498,-0.003091349
-139.1003,-108.4796,1.0,4.747871,0.3630226
-144.3018,-109.1918,1.0,7.946575,-0.06633417
-145.4805,-110.4183,1.0,3.4547550000000005,0.3309245
-144.4744,-104.7895,1.0,12.09502,0.5721701
-151.9446,-96.3226,1.0,18.799429999999997,-0.4131862
-162.9754,-98.83807,1.0,13.88536,-0.2758131
-166.7834,-112.7016,1.0,27.19098,0.4708326
-170.3114,-136.7338,1.0,37.25009,0.2822607
-162.9785,-164.4638,1.0,36.302240000000005,-0.6736578000000001
-167.3233,-188.226,1.0,29.932640000000003,0.2397862
-167.0878,-215.71,1.0,39.9132,-0.5792455
-164.3694,-242.1106,1.0,31.46994,-0.4387277
-147.6957,-251.0472,1.0,27.122759999999996,0.6153783
-126.3744,-244.5141,1.0,32.26713,-0.246515
-125.8118,-228.1975,1.0,24.29801,0.575509
-128.4166,-213.0667,1.0,22.91731,-0.026014099999999995
-123.1214,-199.9488,1.0,17.74608,0.29711529999999997
-124.1456,-187.7614,1.0,14.579939999999999,-0.1356576
-113.1539,-185.2874,1.0,19.37606,-0.2269453
-110.3629,-196.6599,1.0,14.4192,-0.09610059
-109.96700000000001,-207.6331,1.0,17.795939999999998,0.3018017
-108.4244,-223.7219,1.0,25.66837,0.2892686
-105.5909,-245.291,1.0,32.96516,0.4883722
-91.70317,-267.0427,1.0,37.85885,0.230002
-64.35600000000001,-267.9723,1.0,39.4836,-0.03569622
-51.96111,-242.8122,1.0,40.83599,0.4810856
-45.79365,-211.47099999999998,1.0,46.07093,0.4056749
-24.90053,-182.2495,1.0,51.45089,0.1976996
0.4336343,-151.0224,1.0,57.053430000000006,0.3752804
11.66842,-114.5099,1.0,35.15314,-4.425001
10.084480000000001,-104.3978,1.0,1.262039,-0.1513981
9.755098,-104.2413,1.0,0.1582617,-0.03451175
11.94667,-105.7048,1.0,6.609746,0.3369107
17.34777,-107.2182,1.0,5.769279,-0.7758456
17.97614,-107.0872,1.0,3.740674,0.6584466999999999
12.40877,-109.2249,1.0,12.28543,0.6012323
2.068987,-110.9174,1.0,16.97106,0.203068
0.8438359000000001,-96.94807,1.0,23.34233,0.4646675
-2.568606,-77.93507,1.0,29.92482,0.4876968
-5.603791,-53.5722,1.0,36.554,0.463656
-6.3903419999999995,-24.10258,1.0,42.99463,0.21196079999999998
-6.4707930000000005,10.03063,1.0,49.074040000000004,0.4294773
-13.926860000000001,40.68081,1.0,31.030459999999998,-3.846974
-24.49543,41.88395,1.0,15.15652,0.5557982
-37.23614,37.816520000000004,1.0,22.19305,0.5284222
-56.2224,39.87045,1.0,29.40911,0.5119969
-80.5979,39.5592,1.0,36.333859999999994,0.4821027
-109.9141,40.246340000000004,1.0,42.804429999999996,0.2274379
-139.4862,36.92593,1.0,32.44424,-1.7669650000000001
-142.5705,24.531879999999997,1.0,9.270242,-0.47626840000000004
-137.7517,24.27396,1.0,0.1344661,0.06222705
-137.7518,24.22612,1.0,0.05604113,0.0065494590000000005
-138.3293,24.39283,1.0,3.9077620000000004,0.30825929999999996
-143.6939,24.261999999999997,1.0,9.978114999999999,0.1659455
-150.3347,25.168210000000002,1.0,4.931036,-0.3826206
-150.5218,25.13811,1.0,4.161733,0.6328545999999999
-147.2029,20.299429999999997,1.0,12.099269999999999,0.2713489
-150.7476,9.586699000000001,1.0,19.05924,0.22361889999999998
-149.5818,-6.073993,1.0,25.02528,0.4983252
-146.184,-26.73522,1.0,31.496740000000003,0.44577100000000003
-153.0645,-48.91864,2.0,32.1647,-0.03007489
-166.9647,-65.27762,2.0,27.374909999999996,-0.4419589
-157.0469,-72.01683,2.0,10.05584,-1.013422
-155.7165,-68.52691999999999,2.0,0.05371143,0.00833241
-155.6805,-68.52812,2.0,0.0404278,-0.00217435
-156.0858,-70.22991999999999,2.0,5.074944,0.104673
-156.5696,-73.94077,2.0,4.757529,-0.01904583
-156.6562,-74.69946,2.0,3.8628430000000002,0.6810136999999999
-150.9035,-72.7895,2.0,12.9752,0.6313865
-140.504,-79.57666,2.0,21.2038,0.9413099
-126.7822,-83.45964000000001,2.0,17.58435,-0.02310201
-115.1441,-93.00129,2.0,27.72575,0.3633672
-112.5227,-114.4481,2.0,31.12412,0.09602071
-129.5672,-130.2095,2.0,32.5317,-0.08175094
-145.3702,-123.1033,2.0,20.36978,-0.2181714
-138.8578,-108.8051,2.0,20.88307,-1.021519
-149.3527,-101.5085,2.0,21.20186,0.27734159999999997
-160.8601,-108.1739,2.0,16.74096,-0.1983893
-162.105,-120.5178,2.0,17.830070000000003,0.28868320000000003
-165.2627,-135.9219,2.0,25.496579999999998,0.5744949
-165.2548,-157.7117,2.0,33.280190000000005,0.5490046
-165.58,-185.1736,2.0,40.59574,0.5192186
-165.9538,-217.7958,2.0,47.404720000000005,0.23812370000000002
-160.7598,-246.7757,2.0,22.73,-0.2965389
-144.5288,-252.032,2.0,27.35915,0.5854499
-125.7987,-244.1085,2.0,27.88485,-0.8502405000000001
-127.8281,-224.9096,2.0,30.717090000000002,0.4616606
-126.3861,-199.5648,2.0,38.37973,0.44649170000000005
-121.7125,-184.358,2.0,10.211889999999999,-0.08544201
-112.6031,-187.3031,2.0,17.3317,0.46377349999999995
-110.1551,-202.7169,2.0,25.24098,0.2929561
-108.066,-224.2451,2.0,33.06604,0.539199
-102.3735,-250.8102,2.0,40.04894,0.4074366
-80.96061999999999,-270.6838,2.0,40.70045,-0.3773573
-54.459880000000005,-258.4188,2.0,42.0926,0.097192
-49.54357,-228.0146,2.0,44.95904,0.1862328
-39.62174,-195.0231,2.0,49.15713,0.1572534
-13.28125,-166.7287,2.0,55.21921,0.4287758
8.359331,-134.7298,2.0,36.4021,-1.740276
3.068094,-120.3615,2.0,20.701060000000002,0.6127954999999999
-5.977494999999999,-105.227,2.0,27.87218,0.5305254
-6.653283,-81.82932,2.0,35.39689,0.5367656999999999
-6.783612,-52.92905,2.0,42.54623,0.23111439999999997
-7.108801,-18.87325,2.0,49.30625,0.48298630000000004
-7.437172,19.98304,2.0,54.32444,-1.5274940000000001
-20.299329999999998,45.26871,2.0,23.88674,-2.634205
-25.83717,45.35709,2.0,3.5211330000000003,0.3513745
-27.82495,40.40424,2.0,12.12215,0.5921413000000001
-38.92699,42.92603,2.0,20.22133,0.3127958
-55.82849,46.07439,2.0,27.35039,0.2815138
-78.76768,42.52687,2.0,35.029759999999996,0.5403531
-107.3449,41.35047,2.0,42.17606,0.24440689999999998
-139.9576,36.19598,2.0,42.65195,-1.068457
-150.3311,20.0653,2.0,11.318539999999999,-1.331174
-147.6505,19.45805,2.0,7.262150999999999,0.60702
-143.2059,13.35481,2.0,15.53147,0.5721705
-149.721,0.7772601,2.0,23.22571,0.4041426
-147.5388,-17.42841,2.0,29.077990000000003,0.5124661
-142.1459,-35.476620000000004,3.0,11.370989999999999,0.9012954
-144.7281,-43.72678,3.0,11.39348,0.1099907
-152.7144,-51.8963,3.0,17.02294,-0.30911750000000005
-163.4451,-55.202890000000004,3.0,13.458429999999998,-0.2788409
-166.3614,-62.53698000000001,3.0,10.05006,-0.168944
-161.7896,-69.87581,3.0,15.816089999999999,0.29181
-147.9025,-71.89694,3.0,23.43076,0.2722281
-128.4327,-76.21956999999999,3.0,29.65665,-0.4476917
-113.0906,-88.28494,3.0,23.91593,-0.288767
-107.8485,-106.31200000000001,3.0,28.43543,-0.4283942
-113.4362,-124.1525,3.0,22.804579999999998,-0.2122282
-126.3386,-133.048,3.0,23.481170000000002,0.5039861
-141.6725,-128.0941,3.0,24.35891,0.45100640000000003
-148.7362,-107.8095,3.0,27.73118,-0.3699386
-161.7254,-104.7202,3.0,17.86632,0.22924299999999997
-167.30200000000002,-119.1719,3.0,25.34168,0.5744107
-169.688,-140.7356,3.0,33.08028,0.27266640000000003
-168.0146,-167.7776,3.0,40.19338,0.5148667
-166.4801,-200.0909,3.0,46.9234,0.47556040000000005
-163.9581,-236.232,3.0,47.82274,-0.8002365
-149.8036,-259.0235,3.0,29.9867,-1.0093969999999999
-132.6312,-250.2101,3.0,29.623920000000002,0.2636587
-125.3982,-228.2529,3.0,34.416920000000005,0.22601679999999996
-127.969,-201.7726,3.0,34.70127,-0.1071404
-120.9946,-180.2667,3.0,24.95889,-1.28325
-108.6616,-185.1552,3.0,21.14184,0.3796395
-108.5464,-203.0559,3.0,27.92555,0.27301590000000003
-104.6877,-225.1844,3.0,30.21958,-0.22911710000000002
-106.2675,-246.2113,3.0,30.82263,1.425073
-95.7436,-269.074,3.0,36.711729999999996,-0.11668710000000002
-69.86525,-268.7924,3.0,26.14462,-1.308259
-57.93796999999999,-267.8256,3.0,8.534508,-0.9652075999999999
-56.39411,-266.8588,3.0,2.637084,0.2878183
-57.19611,-267.3847,3.0,0.46868190000000004,0.1515432
-55.303540000000005,-265.343,3.0,6.449333,0.2414681
-50.93554,-262.2439,3.0,8.055911,0.03765038
-48.17805,-263.703,3.0,0.8358235,0.6313816999999999
-49.84319,-260.0725,3.0,9.693521,0.5861371999999999
-48.72773,-250.0577,3.0,17.767310000000002,0.5579793000000001
-45.121190000000006,-234.4793,3.0,25.39431,0.532145
-42.641090000000005,-213.0854,3.0,32.57555,0.4930665
-36.64895,-187.6914,3.0,37.49807,0.1914799
-15.85356,-166.3423,3.0,39.700540000000004,-1.9299490000000001
0.27697150000000004,-152.4678,3.0,22.54266,-0.1901642
10.51322,-141.9012,3.0,17.548470000000002,-0.18399770000000001
11.069980000000001,-130.7578,3.0,14.796879999999998,0.48181440000000003
3.718869,-119.1793,3.0,22.45905,0.5147352
-5.531743,-102.43,3.0,29.528059999999996,0.2521662
-10.34088,-78.48787,3.0,36.20323,0.4789799
-8.532551,-49.31503,3.0,42.5687,0.4336266
-3.924707,-16.363139999999998,3.0,43.87612,-0.6330587
-4.019405,9.091880999999999,3.0,19.31111,-1.075779
-4.865345,15.09326,3.0,3.9269260000000004,0.7928321999999999
-6.2461150000000005,21.87784,3.0,13.72114,0.5883837
-11.39001,33.86677,3.0,21.595,0.5270773
-26.93054,43.552820000000004,3.0,28.59935,0.4840522
-50.22684,44.61557,3.0,35.071979999999996,0.2415549
-78.7543,44.03587,3.0,41.82689,0.4945138
-111.9014,41.58661,3.0,46.0361,-0.4866572
-142.4648,35.18217,3.0,38.63958,-0.49337829999999994
-147.8778,12.862739999999999,3.0,33.07788,0.47014709999999993
-144.8184,-12.382060000000001,3.0,37.83436,0.47337870000000004
-144.532,-42.40457,4.0,39.478320000000004,-0.9731097
-157.1154,-54.26704,4.0,18.32069,0.5686259
-168.2244,-60.617459999999994,4.0,19.76018,0.37607490000000005
-157.7503,-71.83746,4.0,25.11391,0.41887929999999995
-136.9372,-73.52342,4.0,31.4623,0.43144670000000007
-115.8334,-87.14995,4.0,37.13987,0.37939179999999995
-109.9349,-113.595,4.0,37.3709,-0.1452312
-128.4436,-132.56799999999998,4.0,35.55712,-0.497095
-145.3052,-120.1154,4.0,29.51803,0.027466900000000002
-148.7676,-100.0838,4.0,21.281779999999998,-2.3134740000000003
-161.0703,-102.0648,4.0,21.08304,0.46341750000000004
-167.68200000000002,-118.5822,4.0,27.98685,0.5389871999999999
-170.5255,-141.8263,4.0,35.11045,0.4500624
-168.2731,-170.2025,4.0,41.75176,0.5013936
-165.3126,-203.3595,4.0,48.0945,0.2145114
-162.9432,-239.0321,4.0,41.731590000000004,-0.8615424999999999
-153.8709,-254.4337,4.0,18.94495,-0.32888890000000004
-138.7008,-258.0502,4.0,24.59143,0.08139136
-128.0733,-243.1238,4.0,29.14351,0.49773
-125.9819,-219.3363,4.0,35.42058,0.22531320000000002
-127.8286,-191.3127,4.0,40.16406,0.1002036
-108.2411,-176.9972,4.0,30.814429999999998,-0.7997518
-100.6716,-191.3965,4.0,22.02609,-0.2084651
-114.5142,-199.2295,4.0,13.577,-1.337644
-114.5551,-201.5555,4.0,0.005340608,-0.007333135
-114.4254,-201.5876,4.0,1.6466580000000002,0.5327194000000001
-111.2871,-201.2351,4.0,6.590617,0.12372570000000001
-109.6804,-198.218,4.0,0.8497960999999999,-0.2906154
-109.4561,-200.3772,4.0,6.596014,0.5397393
-107.9947,-207.7028,4.0,13.52034,0.4768428
-105.7896,-219.9736,4.0,19.98471,0.4418465999999999
-105.5873,-237.0268,4.0,25.98368,0.42296880000000003
-103.0615,-257.7648,4.0,30.86478,0.298557
-84.85074,-271.8391,4.0,33.45771,0.2006807
-59.91986,-265.8491,4.0,37.061,0.17528829999999998
-49.22795,-241.7649,4.0,38.14699,0.3528549
-46.471070000000005,-212.085,4.0,42.485479999999995,0.3323804
-32.35483,-182.4694,4.0,45.99402,0.170998
-7.163212,-159.7152,4.0,40.44242,-2.3639360000000003
7.643299000000001,-145.8554,4.0,20.47215,-0.4608347
12.71292,-134.2735,4.0,18.38458,0.5667701
3.8012410000000005,-119.5698,4.0,26.541140000000002,0.2089761
-6.463897,-100.8599,4.0,31.6842,0.3876075
-10.52623,-75.78149,4.0,36.79227,0.17471389999999998
-8.077601,-46.85205,4.0,41.59478,0.1599111
-2.4352,-14.790420000000001,4.0,46.2856,0.32572090000000004
-5.1771910000000005,20.21762,4.0,47.034279999999995,-1.768675
-17.70625,38.81613,4.0,29.37725,0.3265397
-40.2987,43.90935,4.0,34.01378,0.3840534
-67.40414,43.24657,4.0,39.18042,0.379833
-98.24689000000001,42.35163,4.0,43.7753,-0.05619952
-128.5325,39.01573,4.0,33.930609999999994,-0.7565393
-141.7943,34.44535,4.0,16.63281,0.4371383
-147.789,21.61055,4.0,22.361079999999998,0.21315019999999998
-146.3801,3.0130630000000003,4.0,28.113640000000004,0.42095779999999994
-141.9051,-19.4834,4.0,33.57237,0.3477874
-145.6163,-43.3338,5.0,28.94785,-0.3989533
-162.0614,-54.67163000000001,5.0,29.253740000000004,0.32140029999999997
-166.672,-68.21155,5.0,18.58834,0.1911203
-154.3095,-70.03766999999999,5.0,19.14714,0.6917816999999999
-137.6259,-73.58398000000001,5.0,26.02822,0.4003833
-118.2481,-82.0686,5.0,31.20962,0.3061522
-107.6844,-102.9827,5.0,34.14911,0.1974435
-115.7745,-126.176,5.0,31.820090000000004,-0.24132060000000002
-134.8059,-132.3488,5.0,23.94431,-0.400443
-143.2993,-117.9168,5.0,26.13178,0.1762081
-155.2465,-101.4716,5.0,27.298040000000004,-0.44065200000000004
-165.5418,-106.5853,5.0,16.93725,0.6008972
-165.4976,-119.8064,5.0,22.410439999999998,0.7192534
-167.8022,-139.6967,5.0,35.24351,1.458544
-167.6132,-171.6207,5.0,47.07989,0.34527209999999997
-164.2303,-208.2457,5.0,49.03585,-0.8217416
-163.8261,-232.4636,5.0,21.398979999999998,-0.2305805
-161.8651,-246.1246,5.0,15.89991,-0.42054490000000005
-154.9019,-255.4152,5.0,19.72166,0.9039898999999999
-138.3296,-259.0315,5.0,27.961879999999997,0.5548353
-126.2916,-239.1655,5.0,37.9254,0.7723653
-127.4443,-209.4224,5.0,37.97388,-0.7003976
-127.6926,-190.8599,5.0,18.74353,-0.4686309
-119.2247,-182.5008,5.0,19.04145,0.3694645
-104.6096,-188.3683,5.0,24.710520000000002,0.2764007
-102.7512,-209.0909,5.0,33.34831,0.5793984999999999
-105.0922,-235.5903,5.0,36.98706,-0.3005078
-103.2461,-260.1024,5.0,29.179370000000002,-0.66075
-85.31721,-271.7603,5.0,32.1539,0.2675834
-61.08393,-266.6863,5.0,35.65081,0.04597666
-49.59584,-243.1539,5.0,38.192679999999996,0.1724086
-45.60752,-213.1079,5.0,43.07974,0.3371719
-34.01102,-182.0808,5.0,46.47607,0.1418054
-9.345543,-160.1674,5.0,30.3358,-3.8613230000000005
0.7219963,-153.6835,5.0,11.862219999999999,-0.33017759999999996
6.430822,-149.3037,5.0,7.68509,-0.2658139
10.46923,-145.039,5.0,10.573030000000001,0.483146
13.15805,-135.417,5.0,16.898039999999998,0.4388514
6.8487789999999995,-122.3242,5.0,22.82607,0.44462470000000004
-3.633843,-106.5208,5.0,28.462329999999998,0.19882270000000002
-9.764264,-84.25258000000001,5.0,33.82868,0.3647347
-9.481288000000001,-57.48843000000001,5.0,38.68716,0.16917190000000001
-3.845811,-27.50367,5.0,43.52675,0.1627925
-1.597974,5.118188,5.0,39.19275,-1.50265
-6.06647,23.53564,5.0,10.252839999999999,-0.3155236
-10.190760000000001,31.84413,5.0,16.61086,0.4724127
-20.99438,41.19197,5.0,22.540689999999998,0.44570730000000003
-39.132979999999996,45.23042,5.0,28.06499,0.2025369
-61.9952,45.03273,5.0,33.62122,0.3846368
-88.88141999999999,43.91194,5.0,38.83555,0.3495933
-118.4747,41.13454,5.0,36.97237,-0.5678245
-137.7702,37.628170000000004,5.0,20.581889999999998,0.5178099
-146.9607,23.77995,5.0,25.66628,0.42517390000000005
-146.5176,3.011558,5.0,30.86042,0.4098883
-141.9554,-21.39341,5.0,36.06282,0.3294869
-144.4792,-41.20728,6.0,13.15956,-1.782586
-150.0881,-50.58332,6.0,19.89939,0.29721129999999996
-161.8691,-56.28929,6.0,14.94454,-0.22354899999999997
-166.0716,-64.54178,6.0,15.91177,0.7121805999999999
-154.3939,-72.89921,6.0,25.48919,0.9994989
-130.8483,-74.38293,6.0,37.69331,0.6249024000000001
-109.574,-94.22648000000001,6.0,38.80858,-0.6933664
-115.3638,-114.8746,6.0,15.344879999999998,-1.91465
-118.4116,-123.4691,6.0,15.70646,0.5677279000000001
-126.6673,-133.5398,6.0,17.231479999999998,0.41469620000000007
-140.4505,-129.9206,6.0,22.95936,0.1468807
-145.5833,-111.9872,6.0,26.49975,-0.664669
-150.5602,-104.015,6.0,7.487464,0.10435330000000001
-157.886,-100.6134,6.0,15.41531,0.6129513000000001
-166.3301,-107.4325,6.0,17.71165,0.6723776
-167.7229,-125.1331,6.0,30.90574,0.9869601
-168.7664,-152.85299999999998,6.0,43.24458,0.3876735
-166.8943,-188.7677,6.0,53.59025,0.6977663000000001
-163.5771,-227.563,6.0,47.664590000000004,-0.8092444000000001
-157.7127,-255.2067,6.0,30.00474,-1.407357
-140.3238,-257.2052,6.0,20.59064,-0.5049399
-128.6447,-247.6877,6.0,24.36593,0.1790568
-124.9107,-228.062,6.0,29.7589,0.3874933
-128.0863,-204.2589,6.0,35.01285,0.3638349
-125.1759,-184.113,6.0,16.065379999999998,-0.2420279
-111.7341,-183.9179,6.0,21.842589999999998,0.295236
-103.1587,-198.8137,6.0,26.52996,0.3824765
-103.5382,-220.4636,6.0,31.974,0.3997612
-105.8544,-245.9816,6.0,37.15607,0.3345546
-94.90236999999999,-270.5151,6.0,36.68602,-0.39553649999999996
-71.42336999999999,-269.9732,6.0,28.2096,-0.574854
-54.73676,-263.1454,6.0,22.26951,0.3591995
-48.10159,-245.0964,6.0,29.961909999999996,0.1936321
-44.6498,-221.0622,6.0,35.389070000000004,0.1974611
-40.65483,-193.2724,6.0,40.15305,0.12156510000000001
-21.371270000000003,-170.6465,6.0,42.7454,0.3344417
-1.932391,-156.1182,6.0,18.01807,-1.055516
5.855432,-150.0641,6.0,12.083169999999999,0.001175259
11.75301,-142.4281,6.0,15.36716,0.5617644
10.71819,-128.392,6.0,23.828139999999998,0.5622984000000001
-2.995905,-110.8922,6.0,36.9737,0.4738795
-9.528528999999999,-79.30391999999999,6.0,50.36732,0.8652963
-6.388175,-37.84303,6.0,60.36985,0.2677833
-1.8387639999999998,5.531798,6.0,48.90235,-3.540714
-7.946019000000001,26.882859999999997,6.0,20.51847,-0.45495699999999994
-18.31406,40.063140000000004,6.0,26.90356,0.34792490000000004
-41.89723,45.30958,6.0,39.5929,1.106043
-76.84395,44.15485,6.0,54.31799,0.9745060999999999
-116.285,41.37965,6.0,34.24493,-4.39801
-129.6725,38.85987,6.0,12.59523,-0.1887141
-141.6264,34.87648,6.0,23.05418,0.13461489999999998
-147.6685,18.1494,6.0,27.29461,0.3897883
-144.9348,-3.911686,6.0,32.81118,0.3811854
-141.3703,-29.72245,6.0,37.15938,0.1954346
-142.3203,-38.684,7.0,11.44238,0.24706129999999998
-147.0798,-48.293929999999996,7.0,17.7424,0.4354143
-160.7003,-54.89411,7.0,23.28145,0.2807473
-168.2126,-67.82508,7.0,17.55601,-0.2622349
-160.7613,-76.41872,7.0,16.83106,0.1181872
-147.3417,-74.94296,7.0,20.124579999999998,0.0457243
-132.1946,-73.56445,7.0,22.13992,0.23999859999999998
-116.1347,-82.5224,7.0,29.335520000000002,0.36114559999999996
-108.0512,-103.5388,7.0,33.12124,0.2868103
-119.1842,-125.6999,7.0,35.97748,0.09962018
-143.3302,-129.5271,7.0,28.31833,-1.2912489999999999
-145.4416,-118.8259,7.0,11.0488,-0.37625929999999996
-143.4483,-110.131,7.0,17.75779,0.217236
-152.2638,-101.78299999999999,7.0,16.88381,0.2816588
-164.6644,-107.1198,7.0,20.6298,-0.3542671
-166.0142,-121.8329,7.0,21.70441,0.2423324
-167.4168,-141.2527,7.0,32.49796,0.5252104000000001
-169.6671,-170.4543,7.0,46.14655,0.9096815
-170.0414,-208.8466,7.0,54.67315,-0.9012849
-165.2602,-243.2405,7.0,34.79161,-0.8818039000000001
-148.5492,-254.4226,7.0,24.04549,-0.2687496
-132.5453,-251.1596,7.0,22.81034,0.05017368
-125.7179,-234.78400000000002,7.0,30.043540000000004,0.4148353
-126.1118,-210.4826,7.0,35.48103,0.3801983
-123.8276,-184.1925,7.0,27.036409999999997,-2.788838
-113.5161,-181.2098,7.0,15.931470000000001,0.4816619000000001
-109.4025,-194.9025,7.0,22.839579999999998,0.4371064
-108.8076,-214.032,7.0,28.727420000000002,0.4304599
-108.4235,-237.3953,7.0,34.22398,0.35272420000000004
-99.2485,-262.0093,7.0,37.72437,0.08552079
-73.68544,-272.851,7.0,39.39993,-0.003108487
-51.84047,-255.952,7.0,39.4542,0.06372602
-48.86298,-225.7688,7.0,43.33187,0.3365759
-37.55636,-195.2941,7.0,45.85946,0.1319214
-13.242329999999999,-169.0245,7.0,50.3902,0.3021914
7.453344,-140.1174,7.0,36.66117,-2.333574
5.769143,-121.113,7.0,25.87041,0.9228278
-5.299212000000001,-102.07799999999999,7.0,34.08999,0.38518800000000003
-3.343092,-70.88023000000001,7.0,51.197070000000004,0.6087132
-0.5900541,-27.01427,7.0,66.87331,0.4798326
-3.172645,20.564989999999998,7.0,55.57107,-2.493833
-18.93336,41.95937,7.0,28.69159,0.2807123
-44.30268,40.65844,7.0,39.4366,0.176873
-75.39976999999999,40.40443,7.0,44.29623,0.1578484
-109.9226,41.24221,7.0,48.83658,0.14676570000000003
-142.5318,35.15052,7.0,32.22704,-0.8419648999999999
-146.34,15.115920000000001,7.0,30.56397,0.1903069
-145.1311,-9.544527,7.0,35.93913,0.4093799
-146.5587,-37.983290000000004,8.0,40.74442,0.03356086
-163.2442,-58.126569999999994,8.0,29.15215,-2.625045
-166.8094,-72.80041999999999,8.0,24.5477,0.32787140000000004
-148.7752,-78.51441,8.0,29.33956,0.4062909
-125.9216,-79.98398,8.0,32.895070000000004,0.08400172
-111.3535,-100.1229,8.0,36.00581,0.22969389999999998
-118.82799999999999,-125.1254,8.0,37.35694,0.0436305
-142.6763,-130.4962,8.0,22.92888,-3.837572
-146.0472,-127.0606,8.0,4.1242589999999995,0.8576686
-142.2256,-122.3426,8.0,11.82329,0.474233
-144.0091,-111.7547,8.0,18.03179,0.44058230000000004
-155.7742,-102.5047,8.0,23.05505,0.08868483
-167.6847,-112.3848,8.0,24.7432,0.3273817
-166.5513,-132.6376,8.0,30.178690000000003,0.37391220000000003
-170.1782,-156.6786,8.0,35.41948,0.3781879
-170.2121,-184.7211,8.0,40.21374,0.1790846
-168.9115,-216.27900000000002,8.0,45.014109999999995,0.32763390000000003
-162.4256,-248.9857,8.0,41.70113,-0.5866795
-139.0858,-254.708,8.0,29.08608,-0.7639964
-127.4197,-237.4503,8.0,31.481559999999998,0.2938481
-127.3963,-212.3381,8.0,36.54164,0.1777205
-123.6746,-185.0042,8.0,33.15387,-3.5104290000000002
-111.5986,-181.055,8.0,15.98189,1.183052
-107.1893,-194.0732,8.0,22.03566,0.4310648
-106.5843,-212.5836,8.0,27.944840000000003,0.20635
-105.8092,-235.44799999999998,8.0,33.54038,0.3851001
-99.17448,-260.6967,8.0,37.31204,0.1172096
-74.96297,-272.8958,8.0,38.5222,-0.03167826
-51.88819,-257.485,8.0,39.52876,0.02409734
-46.74393,-227.8284,8.0,43.157109999999996,0.3406905
-39.09002,-195.9698,8.0,45.36092,-0.02673087
-14.69731,-171.1372,8.0,49.17153,0.32676350000000004
6.744228,-141.5698,8.0,44.353590000000004,-1.6766
3.0332790000000003,-116.0672,8.0,35.134879999999995,1.029211
-6.503844,-90.38228000000001,8.0,39.48336,0.3047608
-1.926133,-59.779090000000004,8.0,44.15466,0.1598205
-1.407959,-25.313879999999997,8.0,48.68347,0.3361429
-2.3540349999999997,12.3255,8.0,52.89176,0.11722300000000001
-15.946720000000001,40.8802,8.0,31.51967,-2.04622
-26.30207,41.17422,8.0,4.678767,0.511968
-29.576490000000003,37.011379999999996,8.0,11.1848,0.43781980000000004
-38.14911,42.43657,8.0,17.52168,0.2252074
-47.73705,48.569829999999996,8.0,4.591679,-1.223475
-48.018440000000005,48.58692,8.0,0.02615468,-0.01757618
-48.416000000000004,47.00278,8.0,4.4475739999999995,0.2534327
-47.39966,43.52394,8.0,4.098015,-0.4323856
-48.438109999999995,44.275290000000005,8.0,6.659917999999999,0.6780889
-56.22863,46.411840000000005,8.0,15.47085,0.6113293000000001
-70.77072,44.79896,8.0,23.827270000000002,0.2832893
-91.20135,42.2318,8.0,31.67925,0.5305375
-117.29299999999999,44.07835,8.0,38.86684,0.4704549
-142.2248,32.91349,8.0,38.45897,-4.597295e-05
-144.2681,2.9302900000000003,8.0,45.07806,0.578483
-147.063,-32.00195,8.0,45.6363,-0.32047370000000003
-142.153,-35.29423,9.0,2.492721,0.1675067
-144.1002,-41.88105,9.0,14.640139999999999,1.2165540000000001
-149.7299,-49.85814,9.0,11.88841,-0.09811869
-158.4686,-53.428090000000005,9.0,14.002460000000001,-0.2177035
-166.0201,-58.23605,9.0,10.88303,-0.20167929999999998
-165.6623,-66.81058,9.0,17.14757,0.47307840000000007
-153.4637,-73.6709,9.0,18.374670000000002,-0.2936902
-141.1534,-72.78008,9.0,14.95549,-0.11648239999999999
-126.7372,-75.96444,9.0,25.17608,0.09928745
-112.2073,-87.97153,9.0,26.16585,0.02258658
-107.1816,-106.0419,9.0,23.738670000000003,-0.3736368
-109.2892,-116.7142,9.0,11.4823,-0.170345
-113.8169,-126.3318,9.0,21.129279999999998,0.6197504
-126.0813,-134.7782,9.0,18.6214,-0.1661422
-137.9801,-132.4905,9.0,15.56966,0.02631185
-145.5674,-120.1645,9.0,24.79526,0.5796199000000001
-152.3625,-102.4649,9.0,18.96517,-1.4691379999999998
-162.2323,-100.5909,9.0,12.49503,-0.1350006
-166.9922,-111.7372,9.0,23.84052,0.5564677
-168.6274,-134.7105,9.0,37.807990000000004,0.8805559000000001
-168.7706,-166.2105,9.0,45.38832,0.1494544
-165.3402,-200.8065,9.0,46.605779999999996,-0.6125147
-162.9569,-231.9551,9.0,36.62315,-1.355459
-158.0784,-252.1,9.0,24.31928,-0.22880860000000003
-144.6241,-260.3093,9.0,19.06785,-0.4141924
-132.3426,-254.1479,9.0,24.01517,0.9973636999999999
-124.9502,-232.3919,9.0,36.35545,0.23876239999999999
-127.8991,-206.1588,9.0,29.72418,-0.6067793
-128.3782,-191.3198,9.0,14.8851,-0.11905750000000001
-123.3703,-182.7481,9.0,15.52002,0.6688179
-110.2381,-183.4018,9.0,17.927960000000002,-0.3158975
-103.2408,-192.4627,9.0,16.2737,0.9560856
-102.8023,-210.0402,9.0,30.95937,0.4600628
-105.6825,-235.9983,9.0,37.94166,-0.1745969
-101.9598,-262.1342,9.0,34.52408,-0.25895050000000003
-81.35386,-273.1565,9.0,32.87829,-0.05742695
-59.0373,-265.4419,9.0,31.792579999999997,-0.001301395
-49.01655,-243.4481,9.0,35.00925,-0.0005864578
-44.85756,-216.9161,9.0,36.77918,-0.1256572
-39.416,-191.3759,9.0,33.28255,-0.2123056
-26.45662,-173.1308,9.0,27.332829999999998,-0.41881660000000004
-11.657869999999999,-162.2377,9.0,22.50026,-0.1596911
1.267267,-153.7188,9.0,19.01833,-0.2729574
11.02262,-144.0082,9.0,21.07873,0.29620840000000004
9.847094,-127.1674,9.0,26.65865,0.24799539999999998
-3.32029,-110.65899999999999,9.0,29.61942,-0.002760211
-9.910802,-89.62725,9.0,30.195909999999998,0.06526417
-10.95354,-66.36936999999999,9.0,33.56211,0.3025501
-7.278314,-40.85279,9.0,35.5665,0.08306508
-2.761031,-14.48145,9.0,36.60503,0.02664398
-2.999654,10.504669999999999,9.0,28.05041,-0.9534594000000001
-7.366095,27.32033,9.0,19.80651,-0.29609509999999994
-17.47991,39.57764,9.0,26.300829999999998,0.2515574
-38.56981,45.27745,9.0,33.192,0.5249234
-65.77977,43.899359999999994,9.0,40.394740000000006,0.5131959
-98.35885999999999,43.57632,9.0,47.15722,0.4891892
-132.115,39.56815,9.0,37.07203,-4.044884
-147.4016,21.69002,9.0,34.41124,0.05723816
-141.7524,-5.5132330000000005,9.0,40.784490000000005,0.42974070000000003
-143.5217,-33.21875,9.0,23.9466,-1.140126
-147.7332,-45.77458,10.0,19.58628,0.5936233
-158.4271,-54.58614,10.0,17.23595,-0.1226077
-166.9375,-61.39597,10.0,13.03781,-0.299507
-162.2998,-71.46178,10.0,18.70625,-0.17550220000000002
-149.2152,-72.66494,10.0,18.64625,0.05479058
-136.023,-73.37053,10.0,18.49697,0.5877174
-119.2155,-80.37324,10.0,28.66491,0.49930230000000003
-107.4124,-99.91544,10.0,34.48632,0.3738411
-112.8707,-124.6254,10.0,29.55742,-1.468238
-127.4712,-133.5343,10.0,20.82456,-0.18271779999999999
-140.2868,-130.1951,10.0,17.6391,0.3240938
-146.0723,-115.3814,10.0,25.22651,-0.32350959999999995
-150.6412,-104.2773,10.0,4.099839,-0.1424241
-155.6078,-100.8983,10.0,12.556339999999999,0.2725838
-165.5208,-105.0667,10.0,18.84328,0.4365576
-167.9927,-121.2783,10.0,25.77686,0.24685149999999997
-168.8811,-142.9664,10.0,33.19959,0.5565765
-168.3188,-169.0784,10.0,37.35053,0.274277
-166.3378,-197.7747,10.0,40.01877,0.11060719999999999
-164.1918,-224.8595,10.0,32.80764,-0.5199968
-161.8119,-246.3761,10.0,25.793670000000002,-0.2998582
-150.5702,-258.251,10.0,21.36759,0.2650078
-134.3303,-256.2898,10.0,23.72883,-0.01570448
-125.9498,-239.5207,10.0,27.33618,0.1097875
-125.7638,-218.2914,10.0,30.38103,0.2378545
-127.8097,-198.4404,10.0,18.68045,-0.813004
-127.1191,-186.7401,10.0,13.62393,-0.18967079999999997
-119.4312,-181.9141,10.0,15.15585,0.5149224
-107.1586,-185.2428,10.0,18.04091,-0.1346101
-103.0068,-197.8831,10.0,19.74525,0.1865598
-103.9133,-213.4316,10.0,21.77692,0.0206468
-105.1264,-229.8233,10.0,24.490920000000003,0.5312343
-105.9212,-250.3298,10.0,29.90137,0.02127668
-96.43134,-269.2001,10.0,30.29781,0.6835178000000001
-71.59646,-271.3167,10.0,37.64123,0.2214455
-51.20149,-254.0551,10.0,38.13837,0.3619323
-46.62096,-223.7337,10.0,43.47437,0.1850759
-39.98607,-193.8536,10.0,37.04671,-0.6337399
-26.55322,-173.7605,10.0,29.15467,-0.2527833
-11.22136,-162.3134,10.0,20.109479999999998,-1.0921049999999999
-2.4767080000000004,-156.233,10.0,16.38689,1.0604
8.825058,-147.268,10.0,19.1988,-0.1367951
12.765039999999999,-132.0852,10.0,26.579590000000003,0.14546729999999997
-0.8688523000000001,-115.5401,10.0,32.024370000000005,0.36738200000000004
-9.475817999999999,-91.90737,10.0,34.00696,-0.5680624
-10.062289999999999,-68.11238,10.0,33.808859999999996,0.5034073
-7.234934,-40.867709999999995,10.0,40.114740000000005,0.2118386
-2.38436,-9.246178,10.0,45.96083,0.1759878
-5.868953,25.47604,10.0,45.74009,-0.39808059999999995
-30.13405,43.93354,10.0,43.90456,0.3331842
-64.3255,44.16338,10.0,48.86745,0.40760759999999996
-102.4218,42.66885,10.0,54.11431999999999,0.3592042
-136.4041,37.49998,10.0,39.26575,0.04409234
-148.3564,14.864820000000002,10.0,36.85876,0.09590898
-141.3481,-13.503470000000002,10.0,42.01815,0.3141965
-146.5356,-40.35801,11.0,33.92001,0.444532
-164.1877,-59.758140000000004,11.0,37.88281,0.01613776
-167.655,-78.76878,11.0,20.3201,-0.7069538000000001
-155.0229,-75.26165,11.0,22.80089,0.5062575
-138.4517,-70.58086,11.0,27.285709999999998,0.3965824
-119.5911,-82.79868,11.0,32.00853,-0.3771546
-108.9477,-102.8739,11.0,33.70732,0.3600355
-116.8372,-125.8338,11.0,28.91323,-0.5504882
-135.2219,-132.2297,11.0,29.777040000000003,0.1696796
-144.7792,-113.0521,11.0,32.77219,-0.30169450000000003
-149.7164,-101.9293,11.0,12.50336,1.179554
-162.8493,-103.4475,11.0,23.26965,0.2758647
-166.4132,-121.3507,11.0,28.532190000000003,0.24588020000000002
-167.2253,-144.8549,11.0,35.06279,0.46428230000000004
-167.7274,-173.0378,11.0,41.091840000000005,0.4462143
-164.6084,-205.5515,11.0,46.97388,0.4029495
-161.9303,-239.7853,11.0,40.73267,-1.3715540000000002
-149.2384,-258.6995,11.0,28.94122,0.3062453
-130.1062,-252.5965,11.0,29.86954,0.11787249999999999
-125.2476,-228.8224,11.0,35.83127,0.4183402
-127.883,-200.9117,11.0,35.225,-0.6982077
-119.6846,-180.2758,11.0,26.87524,0.07390974
-107.0034,-189.2376,11.0,24.83614,0.41796819999999996
-106.463,-209.982,11.0,31.320529999999998,0.5048832000000001
-106.8319,-235.3188,11.0,37.46753,0.4374786
-101.1083,-263.5948,11.0,41.221509999999995,-0.06968271
-74.48978000000001,-271.7684,11.0,40.74385,0.1695243
-50.8376,-254.7118,11.0,41.1556,0.18412620000000002
-44.91132,-222.738,11.0,46.67541,0.4233924
-36.5745,-187.4689,11.0,51.07737,0.08067974
-11.32371,-163.2126,11.0,39.42082,-1.471554
7.965106,-147.9113,11.0,29.26509,-0.602775
11.1649,-130.2228,11.0,23.53718,0.22356929999999997
-0.24251309999999998,-114.1776,11.0,30.028229999999997,0.4453213
-8.579880000000001,-91.48029,11.0,35.949090000000005,0.45633009999999996
-10.01882,-62.744009999999996,11.0,41.89151,0.43053500000000006
-4.644674,-29.966920000000002,11.0,47.62559,0.4109133
-2.271522,7.097106,11.0,52.52941,0.2384244
-17.158520000000003,40.34258,11.0,47.27109,-0.38509970000000004
-50.78771,44.03297,11.0,48.45436,0.4376871
-88.60016999999999,41.786190000000005,11.0,53.85868000000001,0.3866196
-128.1509,39.4612,11.0,46.88394,-1.613029
-149.8931,19.54668,11.0,40.437259999999995,-0.10543039999999998
-143.0505,-10.458689999999999,11.0,43.95862,0.32216490000000003
-145.6278,-42.04205,12.0,36.92897,-0.7070414
-162.83100000000002,-54.35633000000001,12.0,28.811429999999998,-0.008961548
-165.4702,-70.22746,12.0,23.816689999999998,0.01631688
-146.944,-71.13259000000001,12.0,28.69489,0.45202250000000005
-124.3902,-76.75542,12.0,34.54936,0.189341
-107.5571,-97.24072,12.0,38.6226,0.22218249999999998
-112.9195,-121.4272,12.0,28.21552,-0.3954468
-129.3182,-132.4051,12.0,24.36825,-0.4892654000000001
-144.178,-127.2076,12.0,24.25729,0.2619265
-148.0712,-107.7146,12.0,28.66215,-0.6992873000000001
-161.8108,-101.15799999999999,12.0,19.58719,0.1688473
-167.7018,-115.7728,12.0,28.35489,0.9423883
-167.8355,-141.3909,12.0,38.05937,0.43836220000000004
-167.7854,-171.5831,12.0,43.74474,0.2118074
-165.5619,-206.1954,12.0,49.46504,0.4144822
-162.6918,-242.7599,12.0,44.250809999999994,0.292238
-143.8426,-258.421,12.0,28.17623,-0.8607931000000001
-129.8269,-243.5002,12.0,31.10205,0.20418789999999998
-125.5761,-218.6375,12.0,37.110929999999996,0.40472600000000003
-128.5341,-192.2965,12.0,33.25392,0.01537876
-113.2375,-180.1261,12.0,27.17863,-0.2442613
-108.0485,-195.7613,12.0,26.5909,0.48969890000000005
-110.345,-217.4938,12.0,32.97215,0.4923646
-107.7435,-244.2291,12.0,39.312979999999996,0.41809840000000004
-93.71543,-269.6606,12.0,39.909079999999996,-0.1503464
-64.4688,-268.2714,12.0,42.52476,0.3406426
-45.36092,-247.2048,12.0,36.28114,-0.289769
-53.88389,-225.3142,12.0,25.96667,-2.652617
-53.028819999999996,-216.9629,12.0,5.569526000000001,0.003841551
-53.32425,-214.9789,12.0,1.6624729999999999,0.6258113000000001
-50.5924,-218.3582,12.0,10.02961,0.2614337
-43.00675,-214.2223,12.0,15.70225,-0.1605623
-41.73827,-204.0953,12.0,13.242,0.3296034
-39.72279,-190.3059,12.0,22.95917,0.5271564000000001
-29.228009999999998,-174.1043,12.0,29.49728,0.2304306
-9.233816000000001,-160.5386,12.0,35.90733,0.43926620000000005
10.50077,-142.1088,12.0,34.724109999999996,-1.565825
6.839853999999999,-121.3643,12.0,31.179270000000002,0.4510369000000001
-7.592735,-96.12301,12.0,47.02106,0.367044
-9.482958,-58.01688000000001,12.0,54.448719999999994,0.3184528
-2.839993,-16.44357,12.0,59.24925,0.1502078
-5.635239,22.64163,12.0,35.63899,-3.4209940000000003
-21.0592,42.003609999999995,12.0,36.52262,0.09763791
-48.89524,44.79045,12.0,40.92617,0.44615779999999994
-81.30711,44.49297,12.0,46.62632,0.18376629999999997
-117.602,41.0155,12.0,50.18792,-0.3773382
-149.9403,29.62592,12.0,44.49361,-0.3291241
-152.9825,13.1719,12.0,7.89341,-0.9813753000000001
-151.9654,12.74905,12.0,6.5889869999999995,0.5775372
-146.8966,7.515022,12.0,14.42351,0.571364
-145.9442,-5.980982,12.0,21.86652,0.2535087
-142.4996,-24.51984,12.0,28.91082,0.2476013
-142.2001,-35.71053,13.0,7.937016000000001,0.30409749999999997
-145.3775,-43.92672,13.0,15.82438,0.26345100000000005
-156.5805,-52.66226999999999,13.0,22.97643,0.26070079999999995
-167.3098,-65.74143000000001,13.0,21.77285,-0.32686940000000003
-159.1276,-75.76290999999999,13.0,17.96892,0.3310788
-144.3986,-73.66079,13.0,20.67284,-0.3642494
-129.9011,-72.98788,13.0,22.6918,0.501532
-113.7607,-82.7562,13.0,28.828709999999997,0.417756
-106.6753,-104.5071,13.0,34.046409999999995,0.30921909999999997
-119.3453,-127.0606,13.0,37.91297,0.28149120000000005
-143.1017,-129.6093,13.0,23.8545,-1.142988
-144.1548,-122.6241,13.0,6.709713000000001,0.6250108
-138.2314,-122.2511,13.0,0.9102661,-0.0732581
-141.8439,-123.4426,13.0,8.983736,0.45382429999999996
-145.5186,-128.4066,13.0,4.795484,-0.8220403000000001
-145.4072,-128.0884,13.0,5.244301999999999,0.6718797
-142.2518,-121.6766,13.0,13.993770000000001,0.5980840999999999
-140.7697,-109.0489,13.0,21.278470000000002,0.24148779999999997
-153.5957,-97.79938,13.0,26.35704,-0.02033707
-166.4072,-107.6813,13.0,24.320520000000002,1.289771
-167.7578,-129.3514,13.0,32.872440000000005,0.5174871
-167.5586,-156.3491,13.0,39.61972,0.2309667
-167.9796,-188.1008,13.0,46.04149,0.445659
-168.0431,-224.4586,13.0,52.03533,0.38751620000000003
-153.8822,-255.0101,13.0,43.43261,-0.204242
-129.256,-250.7328,13.0,28.88537,-0.04211396
-128.389,-226.8572,13.0,37.87785,0.37122150000000004
-127.6636,-196.9343,13.0,37.67109,-3.016282
-122.5873,-183.1728,13.0,14.207970000000001,-0.1170855
-111.0444,-183.5234,13.0,20.72488,0.1887247
-104.8325,-199.5676,13.0,27.248540000000002,0.24989099999999997
-107.0677,-222.2063,13.0,34.274440000000006,0.5196128
-104.9786,-249.3904,13.0,39.86872,0.40880429999999995
-84.62865,-271.3678,13.0,42.641000000000005,-0.0038317190000000004
-56.047940000000004,-263.2479,13.0,42.5099,-0.0056066119999999995
-48.919990000000006,-232.5177,13.0,45.92638,0.2220694
-43.068220000000004,-200.442,13.0,42.04874,0.3673917
-22.804170000000003,-174.4967,13.0,47.56997,0.2253474
2.574804,-146.9329,13.0,51.65963,-0.6306621
6.699921000000001,-115.1751,13.0,38.7756,-0.7397037
-8.795056,-97.73498000000001,13.0,27.72878,-0.08200613
-6.4459480000000005,-74.31853000000001,13.0,35.57656,0.48244970000000004
-5.475543,-45.49665,13.0,42.2228,0.49972829999999996
-4.2105120000000005,-11.88964,13.0,48.458290000000005,0.4154819
-6.426803,25.21973,13.0,47.981159999999996,-0.7256712
-26.33602,41.79102,13.0,27.8342,-1.723929
-34.5431,33.58935,13.0,14.029110000000001,-0.01963728
-35.12062,32.588640000000005,13.0,0.07083402,0.001114084
-35.16672,32.59437,13.0,0.05815145,-0.03523432
-34.45282,34.87996,13.0,7.405835000000001,0.5696101
-32.79521,42.152609999999996,13.0,8.654547,-0.7995366999999999
-32.25331,44.740190000000005,13.0,1.1405610000000002,0.30708670000000005
-34.6804,41.82233,13.0,9.327454,0.575526
-43.97255,42.849909999999994,13.0,16.69013,0.2547006
-58.663880000000006,45.351440000000004,13.0,23.51611,0.23133779999999998
-78.33438000000001,42.9195,13.0,30.032659999999996,0.4737081
-102.7944,42.65705,13.0,35.987829999999995,0.2051801
-130.7984,39.07803,13.0,40.40075,-0.270983
-147.6353,17.7054,13.0,38.59219,0.2744489
-145.4639,-12.59323,13.0,43.83033,0.4012354
-147.1919,-45.63021,14.0,41.636720000000004,-1.9594610000000001
-162.8627,-62.91576,14.0,25.080189999999998,-0.5759082
-153.4281,-75.4269,14.0,26.29975,0.183819
-131.8125,-76.49577,14.0,31.941159999999996,0.13362120000000002
-112.68,-91.9736,14.0,35.99408,0.11019080000000002
-113.0254,-118.3941,14.0,38.29299,0.07377057
-136.0051,-131.935,14.0,32.80402,-1.4769729999999999
-146.1347,-121.2108,14.0,9.524034,-2.616596
-146.2771,-119.5087,14.0,1.9438990000000003,-0.0034705709999999996
-147.1274,-118.4368,14.0,1.6489099999999999,-0.0310161
-148.0496,-117.6782,14.0,2.7431520000000003,0.440363
-150.7703,-117.4032,14.0,2.858107,-1.065194
-149.2522,-116.5661,14.0,6.907934,0.6383446
-144.7669,-109.9303,14.0,15.147520000000002,0.5901316
-150.3502,-98.3326,14.0,21.70891,0.2115518
-165.6922,-102.2724,14.0,25.62354,0.1617394
-166.861,-122.7563,14.0,31.598129999999998,0.2626956
-166.6664,-148.6889,14.0,38.49398,0.5209104999999999
-166.8365,-179.673,14.0,45.06057,0.48151700000000003
-167.1656,-215.342,14.0,51.22084,0.4349228
-158.5346,-249.2834,14.0,38.89273,-1.7051830000000001
-142.1691,-253.5709,14.0,9.230806,-1.877291
-141.4763,-250.2574,14.0,2.969471,-0.12039960000000001
-138.8143,-248.1239,14.0,8.046233,0.18857349999999998
-130.3633,-250.639,14.0,14.6551,-0.29011970000000004
-121.9402,-249.9055,14.0,10.115160000000001,-0.1642139
-122.2213,-240.8614,14.0,17.145210000000002,0.3752592
-125.7208,-225.5856,14.0,25.0274,0.2778715
-127.4909,-204.3673,14.0,32.41668,0.5139169
-121.8252,-181.3022,14.0,30.85659,-0.5609643
-106.2229,-185.2751,14.0,24.63821,0.9471231
-106.7219,-210.0509,14.0,43.56732,0.7337596
-104.51899999999999,-248.5951,14.0,57.39196,0.09109337
-78.76279,-272.2028,14.0,45.14053,0.3745127
-50.65892,-258.0946,14.0,43.36701,-0.12311660000000002
-49.5301,-225.58,14.0,46.87315,0.2992871
-37.16624,-192.4966,14.0,50.71727,0.16500320000000002
-9.653959,-164.2068,14.0,56.12693,0.41937759999999996
10.05958,-131.5498,14.0,39.96735,-2.594896
0.14298870000000002,-112.6604,14.0,25.55254,-0.02656455
-5.892417,-91.89733000000001,14.0,32.98985,0.23937129999999998
-4.018699,-64.98378000000001,14.0,39.84872,0.488325
-2.392111,-33.03454,14.0,46.31967,0.4850137
-2.757962,3.532952,14.0,52.38606,0.4390085
-13.77321,37.28951,14.0,44.25671,-0.4022188
-44.90084,41.292970000000004,14.0,45.74232,0.44716880000000003
-81.11579,40.23138,14.0,51.76461,0.445766
-120.9263,41.558640000000004,14.0,51.05384,-1.638498
-144.6542,28.375040000000002,14.0,25.45833,-1.206133
-144.3287,22.18186,14.0,3.520928,0.3246853
-141.6603,24.91548,14.0,4.776582,-0.1827043
-142.0893,24.28785,14.0,6.143981,0.5069899999999999
-147.4266,21.40723,14.0,9.037591,-0.3233027
-149.4286,21.97478,14.0,2.2698400000000003,0.6950010999999999
-145.3635,18.94574,14.0,11.369810000000001,0.315892
-141.03799999999998,8.467941,14.0,19.676170000000003,0.2967031
-141.2716,-9.085686,14.0,27.702270000000002,0.5748979999999999
-141.7749,-33.98503,1.0,5.059152,0.3755019
-142.0562,-39.46752,1.0,11.49554,0.6562061
-146.5648,-50.00508,1.0,20.04772,0.5944894000000001
-160.7243,-60.725680000000004,1.0,27.39555,0.1949119
-156.2015,-76.63768,1.0,24.62848,-0.2624705
-140.5861,-68.42116,1.0,25.5787,-0.4216646
-135.87,-68.27776,1.0,0.02438027,-0.002844203
-135.8513,-68.28057,1.0,0.02561788,-0.0004402342
-135.8331,-68.283,1.0,0.01873274,-0.02406123
-135.9567,-68.76657,1.0,3.513442,0.5178911
-135.8494,-72.04333000000001,1.0,4.499721,-0.03810387
-135.8333,-75.06164,1.0,3.6676839999999995,-0.0289236
-136.8493,-76.48697,1.0,1.303919,0.6833191999999999
-132.7911,-74.96113000000001,1.0,10.3681,0.325209
-122.4405,-77.62173,1.0,18.48091,0.4624678
-113.7779,-91.47375,1.0,26.07402,0.2774782
-110.8806,-112.7294,1.0,32.47932,0.3939658
-126.7027,-132.0811,1.0,36.878209999999996,0.1842885
-146.1558,-125.7879,1.0,22.620520000000003,-0.3768384
-138.9752,-112.1066,1.0,24.67161,-0.06729424
-138.4578,-108.7154,1.0,0.02124962,-0.01357825
-138.4586,-108.7332,1.0,0.02185173,-0.02334588
-139.1444,-108.4637,1.0,4.859541,0.5108862
-144.346,-109.227,1.0,7.941041,-0.03564813
-145.4682,-110.3957,1.0,3.5642690000000004,0.660597
-144.4893,-104.6994,1.0,12.19272,0.5823216
-152.0708,-96.27814000000001,1.0,18.76455,-0.2213136
-163.0429,-98.91034,1.0,13.86239,-0.1461338
-166.7902,-112.9035,1.0,27.35085,0.9355203999999999
-170.2821,-136.9982,1.0,37.29707,0.29619520000000005
-162.9924,-164.7384,1.0,36.24715,-0.3313906
-167.3521,-188.43900000000002,1.0,30.019209999999998,0.5343886999999999
-167.07,-216.0069,1.0,39.865359999999995,-0.29100909999999997
-164.2699,-242.3271,1.0,31.32265,-0.8448005
-147.4949,-251.0364,1.0,27.171999999999997,0.30249840000000006
-126.1809,-244.3569,1.0,32.1709,-0.5453644
-125.9456,-228.0768,1.0,24.34354,0.28248470000000003
-128.3067,-212.93200000000002,1.0,22.89537,-0.11135250000000001
-123.147,-199.8242,1.0,17.77084,0.1577646
-124.0955,-187.666,1.0,14.54822,-0.1862231
-113.0459,-185.3772,1.0,19.341929999999998,-0.2110952
-110.3519,-196.7661,1.0,14.41112,-0.04942136
-109.9615,-207.7653,1.0,17.89561,0.5902932
-108.4045,-223.916,1.0,25.76229,0.5393643
-105.5345,-245.5322,1.0,33.0454,0.47534560000000003
-91.47178000000001,-267.1942,1.0,37.89692,0.23242110000000002
-64.10141,-267.8131,1.0,39.48596,0.013849700000000001
-51.96076,-242.5097,1.0,40.87193,0.2200975
-45.64436,-211.1613,1.0,46.10252,0.191959
-24.6524,-181.9774,1.0,51.52418,0.44634709999999994
0.6763903,-150.6641,1.0,57.121080000000006,0.4438634
11.64771,-114.25200000000001,1.0,34.78872,-2.25671
10.075569999999999,-104.3943,1.0,1.278234,0.09805378
9.756289,-104.2421,1.0,0.19783199999999998,0.23386149999999997
11.98599,-105.7321,1.0,6.6383779999999994,0.1792767
17.389310000000002,-107.2109,1.0,5.705113,-0.3989802
17.94918,-107.0954,1.0,3.847357,0.6437435
12.326839999999999,-109.2661,1.0,12.33517,0.3049889
1.976158,-110.8384,1.0,17.0062,0.21890079999999998
0.8758448,-96.77402,1.0,23.420939999999998,0.46171769999999995
-2.637381,-77.71882,1.0,29.96378,0.2338883
-5.612931,-53.3092,1.0,36.5918,0.24223209999999998
-6.395675,-23.79203,1.0,43.07098,0.466883
-6.481562,10.4048,1.0,49.144059999999996,0.4082458
-14.08239,40.83667,1.0,30.708940000000002,-2.032734
-24.57425,41.80368,1.0,15.246839999999999,0.5463603
-37.395920000000004,37.83123,1.0,22.27946,0.5296898
-56.438,39.86776,1.0,29.450259999999997,0.25618070000000004
-80.86365,39.561809999999994,1.0,36.37267,0.2404826
-110.2324,40.259479999999996,1.0,42.882090000000005,0.45642479999999996
-139.679,36.78053,1.0,32.30279,-0.8580754999999999
-142.5082,24.50774,1.0,9.115561999999999,-0.9280126
-137.7518,24.27318,1.0,0.10302439999999999,-0.1703456
-137.7518,24.2257,1.0,0.05549293,-0.003256318
-138.3576,24.400479999999998,1.0,4.004413,0.5710084
-143.7868,24.24839,1.0,10.031189999999999,0.24928520000000004
-150.3689,25.17944,1.0,4.808467,-0.7282081
-150.4933,25.12405,1.0,4.211672,0.2996818
-147.1865,20.21271,1.0,12.18931,0.5424566
-150.8115,9.457133,1.0,19.1303,0.4039461
-149.5307,-6.252408999999999,1.0,25.10675,0.48674290000000003
-146.1702,-26.970959999999998,1.0,31.57071,0.4401277
-153.27200000000002,-49.0508,2.0,32.16393,-0.004618057
-166.9358,-65.46947,2.0,27.225609999999996,-0.9078454
-156.9973,-71.96445,2.0,9.887906,-1.042275
-155.7162,-68.52694,2.0,0.04829511,-0.03351355
-155.6802,-68.52814000000001,2.0,0.04163041,0.007156406999999999
-156.0916,-70.2671,2.0,5.1060099999999995,0.18504120000000002
-156.5775,-73.97437,2.0,4.75124,-0.03810364
-156.6369,-74.67662,2.0,3.977759,0.6723960999999999
-150.8076,-72.80118,2.0,13.07719,0.6135533000000001
-140.3701,-79.66549,2.0,21.28255,0.4704137
-126.6615,-83.49752,2.0,17.5821,-0.01429798
-115.0314,-93.16476,2.0,27.8552,0.8067033
-112.6232,-114.661,2.0,31.161009999999997,0.2141495
-129.8023,-130.2621,2.0,32.50503,-0.15730529999999998
-145.3924,-122.9502,2.0,20.33435,-0.20779920000000002
-138.8516,-108.65,2.0,20.70948,-1.059515
-149.5117,-101.5105,2.0,21.22428,0.137229
-160.8816,-108.2981,2.0,16.70983,-0.1857004
-162.1415,-120.6461,2.0,17.852870000000003,0.1384309
-165.2744,-136.1147,2.0,25.59159,0.5673389
-165.2549,-157.9601,2.0,33.32379,0.2654696
-165.5821,-185.4744,2.0,40.637440000000005,0.25725149999999997
-165.9492,-218.1484,2.0,47.48855,0.49833829999999996
-160.6404,-246.921,2.0,22.639029999999998,-0.4852442
-144.3244,-252.0319,2.0,27.45487,0.5742596999999999
-125.7234,-243.9152,2.0,27.75436,-0.7800592
-127.7879,-224.6879,2.0,30.86563,0.8912725
-126.4019,-199.2841,2.0,38.35435,-0.15170029999999998
-121.6431,-184.3358,2.0,10.18408,-0.17119160000000003
-112.5325,-187.4134,2.0,17.4116,0.4724276
-110.1404,-202.9043,2.0,25.33884,0.5828409999999999
-108.0363,-224.4954,2.0,33.1559,0.5288921999999999
-102.2662,-251.0804,2.0,40.11718,0.4205898
-80.66141999999999,-270.7196,2.0,40.68003,-0.1254923
-54.2636,-258.1683,2.0,42.09943,0.04077283
-49.54541,-227.6807,2.0,45.02557,0.3915026
-39.39934,-194.7315,2.0,49.2149,0.33136279999999996
-12.999789999999999,-166.4187,2.0,55.290690000000005,0.4187106
8.42491,-134.4628,2.0,35.83596,-3.294317
2.948381,-120.2585,2.0,20.80109,0.6027591
-6.011489,-105.0233,2.0,27.91468,0.2617821
-6.650069,-81.5697,2.0,35.43949,0.2635522
-6.784085,-52.62565,2.0,42.63204,0.5315513000000001
-7.114896000000001,-18.48625,2.0,49.38394,0.44169719999999996
-7.451189,20.39398,2.0,54.19478,-0.7916909000000001
-20.464660000000002,45.33911,2.0,23.68034,-1.238928
-25.82629,45.33285,2.0,3.6360080000000004,0.6823477
-27.904609999999998,40.3625,2.0,12.17062,0.2937317
-39.05738,43.00497,2.0,20.322770000000002,0.5902575
-56.03278,46.03875,2.0,27.446540000000002,0.5598633000000001
-79.02197,42.50383,2.0,35.07248,0.2654135
-107.6575,41.34364,2.0,42.2605,0.4975907
-140.2426,36.05022,2.0,42.30429,-1.9821779999999998
-150.3088,19.98613,2.0,10.884210000000001,-2.5673529999999998
-147.59799999999998,19.45834,2.0,7.366363000000001,0.6484463
-143.209,13.236870000000001,2.0,15.57845,0.2804278
-149.8022,0.6295826,2.0,23.25871,0.20678649999999998
-147.4809,-17.63595,2.0,29.11893,0.25179070000000003
-142.1599,-35.564679999999996,3.0,11.44412,0.4256456
-144.7674,-43.80149,3.0,11.41745,0.14016979999999998
-152.8263,-51.95256,3.0,16.99674,-0.1605499
-163.5324,-55.25545,3.0,13.4359,-0.1348568
-166.3463,-62.60981999999999,3.0,10.03657,-0.08225872
-161.6987,-69.95047,3.0,15.91247,0.5744816999999999
-147.7346,-71.88298,3.0,23.52521,0.5840666
-128.2293,-76.30824,3.0,29.582340000000002,-0.4453189
-112.9858,-88.42334,3.0,23.89248,-0.14695360000000002
-107.8592,-106.5138,3.0,28.398220000000002,-0.2380388
-113.536,-124.2884,3.0,22.73719,-0.4057644
-126.5,-133.0967,3.0,23.52224,0.2560717
-141.7579,-127.9389,3.0,24.50799,0.9033264000000001
-148.8829,-107.66,3.0,27.61069,-0.704888
-161.8347,-104.79899999999999,3.0,17.943479999999997,0.4487807
-167.3253,-119.3514,3.0,25.38864,0.2969053
-169.7073,-140.9842,3.0,33.17058,0.524699
-167.9851,-168.0818,3.0,40.2784,0.4908317
-166.4456,-200.4263,3.0,47.00284,0.48738050000000005
-163.95,-236.5754,3.0,47.68343,-0.8840521000000001
-149.5861,-259.0655,3.0,29.90127,-0.5371746000000001
-132.4856,-250.0453,3.0,29.713520000000003,0.5291645
-125.4484,-228.0026,3.0,34.496320000000004,0.4624374
-127.9439,-201.52599999999998,3.0,34.66437,-0.2256828
-120.8424,-180.1568,3.0,24.85774,-0.6105464
-108.6606,-185.3101,3.0,21.17429,0.20395539999999998
-108.4749,-203.2547,3.0,28.0191,0.5430255999999999
-104.6995,-225.4069,3.0,30.147609999999997,-0.42770909999999995
-106.2643,-246.4276,3.0,31.06336,1.382692
-95.51035999999999,-269.2192,3.0,36.7012,-0.06441397
-69.67979,-268.7896,3.0,26.01644,-0.8326614
-57.878519999999995,-267.8012,3.0,8.454761,-0.4746688
-56.40928,-266.8713,3.0,2.732982,0.5955038
-57.193130000000004,-267.3826,3.0,0.5041497,0.218335
-55.2767,-265.3053,3.0,6.469551,0.1276231
-50.87482,-262.244,3.0,8.059075,0.01887856
-48.18157,-263.6977,3.0,0.8939279,0.3549505
-49.86184,-260.0048,3.0,9.742025,0.3049698
-48.69081,-249.9367,3.0,17.862370000000002,0.5943293000000001
-45.09217,-234.2934,3.0,25.43694,0.2653818
-42.61375,-212.8546,3.0,32.61547,0.24995570000000003
-36.484,-187.4589,3.0,37.51409,0.09525684
-15.656320000000001,-166.1412,3.0,39.53471,-1.071698
0.40614179999999994,-152.3725,3.0,22.481289999999998,-0.3752926
10.56916,-141.7816,3.0,17.489320000000003,-0.3455032
11.039810000000001,-130.6541,3.0,14.91516,0.7113158
3.6130709999999997,-119.0583,3.0,22.501520000000003,0.26888720000000005
-5.606955999999999,-102.2244,3.0,29.61272,0.5015615
-10.35267,-78.22916,3.0,36.24159,0.2430897
-8.4886,-49.00039,3.0,42.64069,0.4239776
-3.8996269999999997,-16.03175,3.0,43.82188,-0.3265672
-4.034753,9.227348,3.0,18.9598,-2.169725
-4.870388,15.122320000000002,3.0,4.081109,0.9261403
-6.269612,21.97329,3.0,13.82185,0.6305228
-11.4907,33.99695,3.0,21.63665,0.2491467
-27.1313,43.62069,3.0,28.637790000000003,0.2377638
-50.48689,44.6167,3.0,35.15676,0.5107035
-79.06358,44.01457,3.0,41.90848,0.490317
-112.24,41.54858,3.0,45.995540000000005,-0.24967089999999997
-142.7053,35.02733,3.0,38.59604,-0.26937659999999997
-147.7489,12.62642,3.0,33.1554,0.4282762
-144.8458,-12.66205,3.0,37.91195,0.46214520000000003
-144.5911,-42.67853,4.0,39.32575,-0.9612328000000001
-157.248,-54.27113000000001,4.0,18.367620000000002,0.293004
-168.2343,-60.76104,4.0,19.800520000000002,0.2464451
-157.5721,-71.89149,4.0,25.18083,0.40040640000000005
-136.7123,-73.58555,4.0,31.49677,0.2104268
-115.6682,-87.36078,4.0,37.17215,0.20882060000000002
-110.0435,-113.8495,4.0,37.351620000000004,-0.1153624
-128.709,-132.6138,4.0,35.47343,-0.49349979999999993
-145.3078,-119.8926,4.0,29.5334,0.08985876
-148.8987,-99.99715,4.0,20.91076,-2.256596
-161.1798,-102.1678,4.0,21.162229999999997,0.4986021
-167.7119,-118.7844,4.0,28.078090000000003,0.5472708000000001
-170.5329,-142.0797,4.0,35.14785,0.2343417
-168.2443,-170.5176,4.0,41.78937,0.2212076
-165.275,-203.71400000000003,4.0,48.17007,0.44426679999999996
-162.9174,-239.343,4.0,41.45465,-1.6159219999999999
-153.7464,-254.5028,4.0,18.89203,-0.31461100000000003
-138.52200000000002,-258.0149,4.0,24.618170000000003,0.15439360000000002
-128.0118,-242.9219,4.0,29.18485,0.2597612
-126.0327,-219.0872,4.0,35.50079,0.4934674
-127.745,-190.9685,4.0,40.17692,0.06552833
-108.0223,-177.0445,4.0,30.74788,-0.4164474
-100.7659,-191.5335,4.0,21.9577,-0.39878959999999997
-114.5207,-199.331,4.0,13.412889999999999,-0.9280099
-114.5551,-201.5556,4.0,0.009167081,0.02279155
-114.414,-201.5909,4.0,1.683398,0.2322042
-111.24600000000001,-201.2089,4.0,6.631299,0.2430971
-109.6804,-198.21200000000002,4.0,0.7533986,-0.5741194000000001
-109.4486,-200.4257,4.0,6.638521000000001,0.2598227
-107.9748,-207.7973,4.0,13.560039999999999,0.251467
-105.7707,-220.1242,4.0,20.05985,0.4431608
-105.6036,-237.2216,4.0,26.05268,0.4140135999999999
-102.9661,-257.9648,4.0,30.888679999999997,0.1516244
-84.59631999999999,-271.8715,4.0,33.49219,0.20151870000000002
-59.6927,-265.6995,4.0,37.07372,0.07901943
-49.22947,-241.4921,4.0,38.20689,0.3685941
-46.38033,-211.7855,4.0,42.51005,0.1506106
-32.12614,-182.2083,4.0,46.00672,0.07622799
-6.950398,-159.5155,4.0,40.25939,-1.125848
7.745900999999999,-145.7462,4.0,20.43511,-0.23199499999999998
12.69508,-134.1304,4.0,18.5752,1.084803
3.6658410000000003,-119.4206,4.0,26.61188,0.4108666
-6.531191000000001,-100.6331,4.0,31.74802,0.3835976
-10.53452,-75.50887,4.0,36.85328,0.3491941
-8.017558,-46.54965,4.0,41.65147,0.3353538
-2.389943,-14.450470000000001,4.0,46.33846,0.31892529999999997
-5.274444,20.558529999999998,4.0,46.492,-3.196864
-17.88768,38.92543,4.0,29.403809999999996,0.1676947
-40.556059999999995,43.906079999999996,4.0,34.07646,0.3712144
-67.69575,43.249159999999996,4.0,39.20909,0.17792660000000002
-98.57811,42.32288,4.0,43.76947,-0.03477949
-128.7835,38.982279999999996,4.0,33.6845,-1.441535
-141.8866,34.363620000000004,4.0,16.66713,0.2104656
-147.8112,21.44181,4.0,22.43045,0.3970059
-146.3398,2.80916,4.0,28.14677,0.2025249
-141.8792,-19.73079,4.0,33.59956,0.16774029999999998
-145.731,-43.522059999999996,5.0,28.81235,-0.7890971
-162.2557,-54.7639,5.0,29.28153,0.17451689999999997
-166.5658,-68.29311,5.0,18.62205,0.2071826
-154.1586,-70.06107,5.0,19.38645,1.313186
-137.4486,-73.62796,5.0,26.098679999999998,0.4488101
-118.0644,-82.21262,5.0,31.259990000000002,0.30157990000000007
-107.6887,-103.2337,5.0,34.16457,0.09552121
-115.9245,-126.3696,5.0,31.80323,-0.09896018
-134.974,-132.2902,5.0,23.81315,-0.7739448
-143.3499,-117.7259,5.0,26.19272,0.3599211
-155.4294,-101.3811,5.0,27.146790000000003,-0.8997509
-165.5117,-106.7079,5.0,17.02051,0.5106265999999999
-165.5363,-119.9727,5.0,22.50119,0.5349748000000001
-167.8148,-139.9617,5.0,35.35927,0.6970416
-167.55599999999998,-171.9647,5.0,47.1138,0.215311
-164.2327,-208.6159,5.0,48.737120000000004,-1.7371400000000001
-163.8139,-232.6213,5.0,21.3229,-0.4489541
-161.8257,-246.2339,5.0,15.83123,-0.4236951
-154.7901,-255.5034,5.0,19.79664,0.4726741
-138.1424,-258.947,5.0,28.0045,0.26314879999999996
-126.2325,-238.8786,5.0,38.04887,0.7197701
-127.4856,-209.1425,5.0,37.72547,-1.450297
-127.6514,-190.7244,5.0,18.66558,-0.4585181
-119.0873,-182.4673,5.0,19.16197,0.7117034000000001
-104.5216,-188.5328,5.0,24.76108,0.3016466
-102.7614,-209.3424,5.0,33.44188,0.554928
-105.1197,-235.8649,5.0,36.96152,-0.154858
-103.1618,-260.2884,5.0,29.12183,-0.36491609999999997
-85.08969,-271.7921,5.0,32.175959999999996,0.1435039
-60.86424,-266.5322,5.0,35.6669,0.09393349
-49.55594,-242.8737,5.0,38.252720000000004,0.35706140000000003
-45.549609999999994,-212.794,5.0,43.13507,0.3318292
-33.79886,-181.7971,5.0,46.50315,0.1613435
-9.16044,-160.0466,5.0,29.671870000000002,-4.058008
0.7941569,-153.6337,5.0,11.80712,-0.33212240000000004
6.471936,-149.2679,5.0,7.6621179999999995,-0.1469026
10.51582,-144.9756,5.0,10.65415,0.4963768
13.144260000000001,-135.2904,5.0,16.93261,0.20788649999999997
6.742002,-122.1929,5.0,22.86123,0.21450189999999997
-3.7198910000000005,-106.3279,5.0,28.52954,0.3973793
-9.799613,-84.00731999999999,5.0,33.85837,0.1897681
-9.438025999999999,-57.21419,5.0,38.74818,0.3779026
-3.797971,-27.181390000000004,5.0,43.58443,0.33916240000000003
-1.6239540000000001,5.397166,5.0,38.93541,-1.600324
-6.094431,23.60625,5.0,10.20146,-0.3086978
-10.25579,31.94538,5.0,16.68736,0.4728581
-21.14637,41.267790000000005,5.0,22.57539,0.20985979999999999
-39.344559999999994,45.23818,5.0,28.1335,0.3926843
-62.24913000000001,45.02512,5.0,33.685629999999996,0.3794337
-89.1582,43.897079999999995,5.0,38.89604,0.3783514
-118.7538,41.10577,5.0,36.92705,-0.2698888
-137.9039,37.55304,5.0,20.65561,0.44780590000000003
-147.0053,23.601879999999998,5.0,25.69806,0.2036748
-146.4639,2.7865849999999996,5.0,30.92585,0.39047459999999995
-141.9413,-21.64996,5.0,36.119679999999995,0.3566842
-144.5144,-41.29795,6.0,13.106110000000001,-0.31759299999999996
-150.196,-50.686820000000004,6.0,19.9978,0.5751218000000001
-161.9689,-56.34256,6.0,14.87295,-0.4148395
-166.043,-64.65895,6.0,16.030160000000002,0.7037436
-154.2118,-72.89803,6.0,25.5752,0.5503265
-130.5961,-74.50317,6.0,37.80005,0.6361732
-109.4985,-94.50851999999999,6.0,38.7532,-0.3362156
-115.4098,-114.9759,6.0,15.18485,-1.006635
-118.45,-123.5776,6.0,15.89986,1.1613959999999999
-126.7883,-133.5807,6.0,17.26654,0.2136776
-140.5611,-129.8017,6.0,23.01258,0.33093320000000004
-145.6209,-111.8028,6.0,26.384829999999997,-0.7234401999999999
-150.6019,-103.9815,6.0,7.523005,0.21983930000000002
-158.0017,-100.602,6.0,15.511120000000002,0.5652493000000001
-166.3626,-107.5598,6.0,17.76226,0.3124325
-167.7382,-125.3597,6.0,30.98477,0.48913429999999997
-168.7578,-153.1751,6.0,43.3858,0.8607591999999998
-166.8531,-189.158,6.0,53.70438000000001,0.6992027
-163.5694,-227.9206,6.0,47.530429999999996,-0.7995866999999999
-157.5377,-255.3483,6.0,29.894209999999998,-0.6763745
-140.1743,-257.1616,6.0,20.5513,-0.2336824
-128.5651,-247.5269,6.0,24.42761,0.36861520000000003
-124.9091,-227.8415,6.0,29.82405,0.3902989
-128.1257,-204.0024,6.0,35.07399,0.3723781
-125.0854,-184.0361,6.0,16.00506,-0.3589087
-111.59200000000001,-183.9984,6.0,21.89245,0.2988357
-103.126,-199.0131,6.0,26.560959999999998,0.1882132
-103.5655,-220.6984,6.0,32.03934,0.3983523
-105.8493,-246.2547,6.0,37.18206,0.1594362
-94.65726,-270.6457,6.0,36.62288,-0.373839
-71.22086999999999,-269.9225,6.0,28.164240000000003,-0.2776584
-54.62516,-263.0316,6.0,22.29935,0.1907934
-48.06766,-244.8824,6.0,30.030479999999997,0.41887129999999995
-44.620709999999995,-220.7974,6.0,35.45503,0.37682129999999997
-40.56836,-192.9933,6.0,40.19442,0.24790979999999999
-21.11725,-170.4676,6.0,42.802620000000005,0.3523159
-1.8265810000000002,-156.0397,6.0,17.670720000000003,-2.0743419999999997
5.919763,-150.0073,6.0,12.083089999999999,-0.0005094574
11.79548,-142.3225,6.0,15.460729999999998,0.5730701
10.62862,-128.2346,6.0,23.92602,0.598035
-3.118862,-110.6396,6.0,37.13865,0.9537019
-9.54263,-78.94438000000001,6.0,50.514759999999995,0.9069527000000001
-6.294493,-37.39886,6.0,60.40943000000001,0.2377011
-1.890856,5.898713,6.0,48.61486,-1.718117
-8.008757000000001,27.02539,6.0,20.48141,-0.22058520000000004
-18.49023,40.16578,6.0,27.026670000000003,0.7143924
-42.18522,45.3164,6.0,39.779509999999995,1.146995
-77.22480999999999,44.138090000000005,6.0,54.480140000000006,1.033764
-116.5387,41.33911,6.0,33.530120000000004,-4.164413
-129.7614,38.842729999999996,6.0,12.57923,-0.1018924
-141.77200000000002,34.77348,6.0,23.09671,0.23708579999999999
-147.6662,17.95395,6.0,27.36197,0.4136061
-144.8855,-4.142326000000001,6.0,32.84185,0.193427
-141.4092,-29.99083,6.0,37.19278,0.2096593
-142.334,-38.76798,7.0,11.52324,0.4766544
-147.1759,-48.3838,7.0,17.8127,0.4219245
-160.8462,-54.97824,7.0,23.304779999999997,0.1471689
-168.1926,-67.95276,7.0,17.47024,-0.5099431999999999
-160.64,-76.4594,7.0,16.87244,0.2398433
-147.2047,-74.89851,7.0,20.1316,0.0441944
-132.0383,-73.58861999999999,7.0,22.179270000000002,0.24421170000000003
-115.9945,-82.67482,7.0,29.36569,0.1956008
-108.0616,-103.7901,7.0,33.14405,0.13819220000000002
-119.3986,-125.8651,7.0,36.01303,0.2079413
-143.5101,-129.4081,7.0,27.88555,-2.496517
-145.3823,-118.7715,7.0,10.9861,-0.379959
-143.4905,-110.0108,7.0,17.77281,0.09379798
-152.3819,-101.7496,7.0,16.90729,0.1471551
-164.7359,-107.2579,7.0,20.60934,-0.12415280000000001
-166.0056,-121.9893,7.0,21.790229999999998,0.522641
-167.4486,-141.4919,7.0,32.67767,1.064913
-169.6705,-170.7964,7.0,46.296440000000004,0.9095664000000001
-170.0368,-209.2512,7.0,54.59891999999999,-0.3888169
-165.1503,-243.4731,7.0,34.51958,-1.623687
-148.3717,-254.4323,7.0,23.957620000000002,-0.5190195
-132.4016,-251.071,7.0,22.81704,0.04081177
-125.7207,-234.5696,7.0,30.07582,0.20672220000000002
-126.1144,-210.2146,7.0,35.51088,0.18113410000000002
-123.7308,-184.0183,7.0,26.80964,-1.395026
-113.4231,-181.2893,7.0,16.09344,0.9300138000000001
-109.3922,-195.0716,7.0,22.9124,0.4362677
-108.806,-214.2449,7.0,28.796470000000003,0.4142664000000001
-108.4118,-237.6438,7.0,34.25197,0.1755815
-99.06586,-262.2112,7.0,37.75608,0.1940915
-73.39336,-272.8229,7.0,39.40123,0.007629708000000001
-51.738440000000004,-255.6754,7.0,39.46498,0.06486128
-48.83572,-225.4465,7.0,43.35731,0.1548828
-37.32489,-195.0184,7.0,45.908,0.2728076
-12.98742,-168.7397,7.0,50.41343,0.13975639999999998
7.545064999999999,-139.8701,7.0,36.46849,-1.213298
5.6611139999999995,-120.9596,7.0,25.94889,0.49570340000000007
-5.342842,-101.8222,7.0,34.2319,0.8239931
-3.290288,-70.49471,7.0,51.41044,1.235882
-0.6041350000000001,-26.523059999999997,7.0,67.04961,1.0580530000000001
-3.228136,20.9564,7.0,55.123509999999996,-2.862127
-19.14872,41.98146,7.0,28.717909999999996,0.15804300000000002
-44.592859999999995,40.65533,7.0,39.49912,0.3717772
-75.73531,40.404920000000004,7.0,44.35419,0.335406
-110.2907,41.25463,7.0,48.89074,0.3188404
-142.7075,35.0026,7.0,32.02128,-1.283199
-146.3109,14.898589999999999,7.0,30.63063,0.4094732
-145.1299,-9.820258,7.0,35.96901,0.1763404
-146.6064,-38.26603,8.0,40.754509999999996,0.06291401
-163.4187,-58.24951,8.0,28.71647,-2.656606
-166.71099999999998,-72.95754000000001,8.0,24.654729999999997,0.6226227
-148.5651,-78.48478,8.0,29.40809,0.4269077
-125.7161,-80.10547,8.0,32.92642,0.1932317
-111.2993,-100.3841,8.0,36.04234,0.22096300000000002
-119.0342,-125.3124,8.0,37.37386,0.09944714
-142.826,-130.4321,8.0,22.603279999999998,-2.086388
-146.0213,-127.0448,8.0,4.2840940000000005,0.9802904
-142.1975,-122.2588,8.0,11.86487,0.255143
-144.0771,-111.6429,8.0,18.068189999999998,0.22788139999999998
-155.9367,-102.4766,8.0,23.08533,0.1844251
-167.7041,-112.5671,8.0,24.796039999999998,0.3182897
-166.5555,-132.8629,8.0,30.20829,0.1816227
-170.2181,-156.9388,8.0,35.48126,0.37480979999999997
-170.1875,-185.015,8.0,40.27551,0.3716119
-168.9049,-216.5995,8.0,45.06951,0.34585759999999993
-162.2432,-249.2218,8.0,41.49743,-1.242928
-138.8979,-254.6036,8.0,28.9607,-0.7531139
-127.3844,-237.2198,8.0,31.504920000000002,0.1435461
-127.3966,-212.0717,8.0,36.60445,0.379309
-123.5513,-184.7975,8.0,32.54873,-3.6138160000000004
-111.5033,-181.1306,8.0,16.173779999999997,1.138291
-107.1804,-194.23,8.0,22.07156,0.2287176
-106.5787,-212.7907,8.0,28.014909999999997,0.41540889999999997
-105.8022,-235.7028,8.0,33.571259999999995,0.1839671
-99.02042,-260.9101,8.0,37.32112,0.05886810000000001
-74.67809,-272.8762,8.0,38.5163,-0.03552746
-51.75013,-257.2269,8.0,39.532920000000004,0.02510549
-46.72613,-227.50099999999998,8.0,43.183890000000005,0.158843
-38.88985,-195.7,8.0,45.35725,-0.02178418
-14.444410000000001,-170.864,8.0,49.225629999999995,0.30521970000000004
6.8657520000000005,-141.2654,8.0,44.07703,-1.6815939999999998
2.868431,-115.8711,8.0,35.216429999999995,0.5189357
-6.456588,-90.10221,8.0,39.50797,0.155998
-1.903952,-59.4526,8.0,44.21232,0.344907
-1.413049,-24.94332,8.0,48.70786,0.1458357
-2.39505,12.87926,8.0,52.95735,0.27352150000000003
-16.14535,40.9857,8.0,31.34552,-1.114943
-26.295959999999997,41.13993,8.0,4.720281,0.2544291
-29.65863,36.999959999999994,8.0,11.22021,0.2173833
-38.2281,42.53439,8.0,17.59897,0.4740242
-47.77082,48.56955,8.0,4.18708,-2.290841
-48.01822,48.586929999999995,8.0,0.0338401,0.04651597
-48.42025,46.97017,8.0,4.468229,0.1283617
-47.3791,43.502559999999995,8.0,3.9574730000000002,-0.8393053
-48.47844,44.30407,8.0,6.7147630000000005,0.3417934
-56.342769999999994,46.406290000000006,8.0,15.5738,0.6229668
-70.94664,44.78096,8.0,23.92276,0.5658741999999999
-91.42905,42.217909999999996,8.0,31.76898,0.5507098000000001
-117.5797,44.10581,8.0,38.94373,0.4673826
-142.3528,32.65319,8.0,38.46217,0.01936441
-144.2939,2.608128,8.0,45.12454,0.29348090000000004
-147.0656,-32.346990000000005,8.0,45.53152,-0.6040382
-142.1563,-35.31317,9.0,2.563555,0.4111572
-144.1425,-41.9812,9.0,14.70065,0.37235619999999997
-149.7973,-49.910959999999996,9.0,11.85572,-0.1970029
-158.5707,-53.45596999999999,9.0,13.967270000000001,-0.20819520000000002
-166.0563,-58.303369999999994,9.0,10.86592,-0.11067160000000001
-165.5988,-66.92466999999999,9.0,17.31107,0.9660083
-153.3222,-73.67369000000001,9.0,18.32584,-0.2786956
-141.0403,-72.78123000000001,9.0,14.9175,-0.22013270000000001
-126.5617,-76.03934,9.0,25.19096,0.08792174
-112.1047,-88.1331,9.0,26.17615,0.06228717
-107.1879,-106.2175,9.0,23.67643,-0.37327140000000003
-109.3155,-116.795,9.0,11.4534,-0.1743068
-113.9055,-126.461,9.0,21.17756,0.29623340000000004
-126.2198,-134.8029,9.0,18.56697,-0.3198998
-138.0727,-132.4287,9.0,15.58012,0.0647251
-145.6218,-119.9926,9.0,24.89319,0.5945513000000001
-152.4531,-102.363,9.0,18.84305,-0.773927
-162.303,-100.6456,9.0,12.45143,-0.26367540000000006
-167.0204,-111.9122,9.0,24.025579999999998,1.0921020000000001
-168.6317,-134.9803,9.0,37.96136,0.9795244000000001
-168.7467,-166.5529,9.0,45.44596,0.3371107
-165.3096,-201.1384,9.0,46.50071,-0.6579264
-162.9451,-232.2257,9.0,36.511379999999996,-0.6898291999999999
-157.9629,-252.2424,9.0,24.24758,-0.41708
-144.487,-260.325,9.0,19.032629999999997,-0.22210970000000002
-132.2304,-254.0041,9.0,24.097520000000003,0.4927009
-124.9386,-232.1113,9.0,36.44086,0.4891925999999999
-127.9331,-205.9394,9.0,29.523509999999998,-1.188813
-128.3614,-191.2094,9.0,14.8478,-0.22040639999999997
-123.2678,-182.6977,9.0,15.5748,0.3391136
-110.1205,-183.4594,9.0,17.902260000000002,-0.1606717
-103.2126,-192.5801,9.0,16.3515,0.48256279999999996
-102.8174,-210.2723,9.0,31.11713,0.9042029
-105.7127,-236.2704,9.0,37.89235,-0.295829
-101.8326,-262.3598,9.0,34.50237,-0.1338915
-81.11851999999999,-273.1573,9.0,32.86653,-0.07388449
-58.866330000000005,-265.293,9.0,31.795609999999996,0.0186819
-48.97104,-243.1929,9.0,35.01077,0.009184702
-44.814609999999995,-216.6472,9.0,36.766729999999995,-0.07687475
-39.32862,-191.1454,9.0,33.214729999999996,-0.402239
-26.302459999999996,-172.9963,9.0,27.3,-0.2015855
-11.51679,-162.1436,9.0,22.4473,-0.3124582
1.3866479999999999,-153.6364,9.0,18.99565,-0.1353447
11.09078,-143.868,9.0,21.17823,0.5948023
9.743406,-126.9942,9.0,26.741809999999997,0.48480680000000004
-3.429333,-110.4693,9.0,29.61777,-0.010656200000000001
-9.948628999999999,-89.40208,9.0,30.20485,0.05248618
-10.932789999999999,-66.12856,9.0,33.58643,0.1532593
-7.229719,-40.59312,9.0,35.57222,0.03500407
-2.726877,-14.20319,9.0,36.617309999999996,0.06999983
-3.0377919999999996,10.70059,9.0,27.888240000000003,-1.016356
-7.423106,27.45053,9.0,19.78146,-0.15339560000000002
-17.63731,39.68272,9.0,26.38819,0.5358691999999999
-38.81556,45.27094,9.0,33.27491,0.49599560000000004
-66.07906,43.90361,9.0,40.43457,0.24064290000000002
-98.70966,43.54627,9.0,47.23723,0.4766724
-132.3871,39.50524,9.0,36.75435,-1.9013099999999998
-147.3891,21.43062,9.0,34.4353,0.14171620000000001
-141.7266,-5.814276,9.0,40.8182,0.2100461
-143.549,-33.3924,10.0,23.57439,-1.743084
-147.8075,-45.90283,10.0,19.6315,0.271549
-158.5434,-54.63235,10.0,17.19432,-0.24911109999999997
-166.9601,-61.48753000000001,10.0,13.01308,-0.1556733
-162.1852,-71.53735,10.0,18.648229999999998,-0.3342706
-149.0716,-72.65059000000001,10.0,18.66662,0.1184931
-135.8882,-73.39888,10.0,18.694979999999997,1.171511
-119.0435,-80.49809,10.0,28.744840000000003,0.4771844
-107.381,-100.1618,10.0,34.51665,0.1901299
-113.0003,-124.8075,10.0,29.3549,-1.239638
-127.6194,-133.5588,10.0,20.76276,-0.3748884
-140.381,-130.1039,10.0,17.748070000000002,0.6380239000000001
-146.1181,-115.1584,10.0,25.16585,-0.3035075
-150.6623,-104.2539,10.0,4.075771,-0.14020829999999998
-155.6971,-100.8689,10.0,12.64447,0.5187444999999999
-165.5876,-105.1895,10.0,18.91553,0.4310969
-168.0038,-121.4699,10.0,25.862779999999997,0.5233631
-168.8839,-143.2175,10.0,33.29852,0.5974871999999999
-168.315,-169.3565,10.0,37.39346,0.25845500000000005
-166.3049,-198.0767,10.0,40.02621,0.04454571
-164.1812,-225.1053,10.0,32.764559999999996,-0.2615049
-161.7433,-246.554,10.0,25.698929999999997,-0.5605375
-150.4268,-258.3114,10.0,21.4575,0.5313069
-134.2043,-256.1702,10.0,23.72575,-0.01905254
-125.8938,-239.326,10.0,27.37578,0.2342607
-125.7969,-218.0724,10.0,30.399359999999998,0.1145162
-127.8178,-198.3001,10.0,18.45842,-1.250599
-127.0807,-186.6469,10.0,13.5613,-0.368642
-119.3183,-181.9072,10.0,15.24006,0.5111147
-107.0565,-185.3298,10.0,18.01914,-0.1314372
-103.0107,-198.02599999999998,10.0,19.76037,0.09512386
-103.9246,-213.5975,10.0,21.77937,0.01416967
-105.1424,-230.0037,10.0,24.53271,0.2570785
-105.9022,-250.5526,10.0,29.911009999999997,0.05680995
-96.23913,-269.3286,10.0,30.41475,0.6886484
-71.32368000000001,-271.2574,10.0,37.719809999999995,0.45329129999999995
-51.125809999999994,-253.78799999999998,10.0,38.19778,0.3664142
-46.57183,-223.4083,10.0,43.4873,0.07793114
-39.8867,-193.5993,10.0,36.99508,-0.3179208
-26.389609999999998,-173.6133,10.0,29.07157,-0.47887890000000005
-11.09793,-162.227,10.0,19.76755,-2.0229470000000003
-2.37677,-156.1633,10.0,16.56561,1.0743559999999999
8.926724,-147.1575,10.0,19.18732,-0.06446482
12.706389999999999,-131.8971,10.0,26.62867,0.29124859999999997
-1.013088,-115.3499,10.0,32.082570000000004,0.3508106
-9.515381,-91.65878000000001,10.0,33.96034,-0.2868864
-10.04613,-67.85735,10.0,33.84667,0.2269337
-7.1951529999999995,-40.56605,10.0,40.18976,0.4383741
-2.353357,-8.91942,10.0,46.025890000000004,0.4002983
-5.997346,25.80001,10.0,45.6095,-0.7484655
-30.44558,43.99678,10.0,43.95941,0.3394089
-64.68755,44.16398,10.0,48.898709999999994,0.1868854
-102.8066,42.623909999999995,10.0,54.14326,0.19062300000000001
-136.6732,37.38964,10.0,39.28117,0.09130186
-148.2942,14.6027,10.0,36.8963,0.22587240000000003
-141.3429,-13.81471,10.0,42.042590000000004,0.1533837
-146.6283,-40.59171,11.0,33.992940000000004,0.4271272
-164.3926,-59.93963000000001,11.0,37.88655,0.02280023
-167.5517,-78.87772,11.0,20.2055,-0.6930423000000001
-154.9099,-75.13287,11.0,22.84261,0.2517511
-138.2132,-70.67311,11.0,27.34974,0.3101127
-119.4055,-82.96431,11.0,31.9453,-0.36242409999999997
-108.9368,-103.1273,11.0,33.73373,0.1578594
-116.9774,-125.9952,11.0,28.82139,-0.5501191999999999
-135.4318,-132.154,11.0,29.83452,0.335515
-144.7803,-112.8098,11.0,32.671640000000004,-0.5953252
-149.7977,-101.884,11.0,12.69352,1.143255
-162.9725,-103.5618,11.0,23.29074,0.1328905
-166.3962,-121.5631,11.0,28.61559,0.49258640000000004
-167.2616,-145.1123,11.0,35.13981,0.46816199999999997
-167.701,-173.3336,11.0,41.16451,0.45492489999999997
-164.5823,-205.91400000000002,11.0,47.039609999999996,0.39937209999999995
-161.8828,-240.0828,11.0,40.62433,-0.6586451999999999
-149.0367,-258.7722,11.0,28.993640000000003,0.3225026
-130.003,-252.3935,11.0,29.911929999999998,0.24497359999999999
-125.2413,-228.5561,11.0,35.86575,0.2141978
-127.8965,-200.6609,11.0,35.13434,-0.5668416999999999
-119.4978,-180.207,11.0,26.894029999999997,0.1125627
-106.9995,-189.4169,11.0,24.90869,0.4501651
-106.4227,-210.2106,11.0,31.39937,0.47398779999999996
-106.8564,-235.5847,11.0,37.50282,0.2247712
-100.935,-263.8343,11.0,41.21324,-0.054206
-74.19211,-271.7171,11.0,40.80359,0.3438363
-50.73948,-254.4335,11.0,41.190459999999995,0.2181812
-44.86931,-222.3858,11.0,46.707640000000005,0.1939307
-36.405359999999995,-187.1459,11.0,51.10915,0.2012732
-11.08473,-163.0668,11.0,39.172470000000004,-1.549991
8.098775999999999,-147.7363,11.0,29.21714,-0.2877449
11.107619999999999,-130.0588,11.0,23.61177,0.4462130999999999
-0.37592070000000005,-113.9978,11.0,30.10173,0.4434932
-8.626553,-91.21075,11.0,36.02474,0.4343085
-9.992214,-62.43475,11.0,41.92468,0.2013379
-4.579711,-29.6204,11.0,47.69307,0.4056857
-2.315353,7.490105000000001,11.0,52.57583,0.27670279999999997
-17.4437,40.545429999999996,11.0,47.23923,-0.1985239
-51.137440000000005,43.99462,11.0,48.52277,0.41739030000000005
-88.99519000000001,41.777159999999995,11.0,53.887730000000005,0.1796151
-128.4821,39.402390000000004,11.0,46.61274,-1.674681
-149.9311,19.24634,11.0,40.40675,-0.17485920000000002
-142.9955,-10.767510000000001,11.0,44.01328,0.34315890000000004
-145.734,-42.29699,12.0,36.6903,-1.386941
-163.0124,-54.45233,12.0,28.805390000000003,-0.03738047
-165.3318,-70.33676,12.0,23.822779999999998,0.03502814
-146.7347,-71.12575,12.0,28.77041,0.46084079999999994
-124.1674,-76.88176999999999,12.0,34.61509,0.3906627
-107.4842,-97.51278,12.0,38.65879,0.22122060000000002
-113.0495,-121.5789,12.0,28.07787,-0.8579823000000001
-129.4873,-132.4461,12.0,24.32711,-0.261073
-144.2661,-127.0493,12.0,24.278010000000002,0.12560090000000002
-148.1617,-107.5037,12.0,28.42482,-1.288675
-161.9474,-101.2206,12.0,19.61354,0.1548631
-167.6994,-115.9836,12.0,28.433359999999997,0.5048622
-167.8727,-141.6769,12.0,38.094409999999996,0.2132496
-167.7541,-171.9125,12.0,43.81903,0.43590270000000003
-165.537,-206.5617,12.0,49.53199,0.4057485
-162.6078,-243.083,12.0,44.363409999999995,0.6518899
-143.6461,-258.3858,12.0,28.106790000000004,-0.44252470000000005
-129.7556,-243.28099999999998,12.0,31.144059999999996,0.25419539999999996
-125.5665,-218.3626,12.0,37.17722,0.3955902
-128.5163,-192.0495,12.0,33.25756,0.02143605
-113.0456,-180.1852,12.0,27.09978,-0.46561099999999994
-108.1085,-195.9421,12.0,26.67444,0.5229474000000001
-110.3354,-217.7379,12.0,33.009859999999996,0.2321402
-107.6954,-244.5154,12.0,39.3469,0.2069902
-93.45093,-269.7911,12.0,39.85905,-0.30509759999999997
-64.16315,-268.1762,12.0,42.54977,0.15465910000000002
-45.35365,-246.9366,12.0,36.18761,-0.5563809000000001
-53.894369999999995,-225.1246,12.0,25.746779999999998,-1.35449
-53.03395,-216.9211,12.0,5.570945,0.008245023
-53.320240000000005,-214.9913,12.0,1.7711700000000001,0.6371941999999999
-50.52536,-218.3911,12.0,10.1147,0.5035324000000001
-42.96837,-214.1127,12.0,15.65059,-0.3067499
-41.73337,-204.0002,12.0,13.35595,0.7087251999999999
-39.66972,-190.1441,12.0,23.04287,0.49921220000000005
-29.06622,-173.9505,12.0,29.57595,0.45742570000000005
-9.002445,-160.4071,12.0,35.98452,0.4685553
10.60833,-141.8817,12.0,34.59575,-0.8054021
6.708537,-121.1856,12.0,31.34473,1.0210270000000001
-7.695601,-95.78955,12.0,47.16386,0.8533565000000001
-9.429565,-57.631809999999994,12.0,54.474340000000005,0.17053220000000002
-2.801859,-15.986970000000001,12.0,59.304809999999996,0.3145334
-5.723756,22.89637,12.0,35.37928,-1.5494620000000001
-21.295379999999998,42.13577,12.0,36.557520000000004,0.2068091
-49.19786,44.761959999999995,12.0,40.95984,0.2098594
-81.64655,44.4837,12.0,46.69389,0.4059632
-117.9798,40.977340000000005,12.0,50.124970000000005,-0.3722861
-150.14600000000002,29.364990000000002,12.0,44.38857,-0.6139095
-153.017,13.1246,12.0,7.8130429999999995,-0.4882628
-151.9167,12.74547,12.0,6.712486999999999,0.7373243
-146.8723,7.410301,12.0,14.469439999999999,0.2818233
-145.9197,-6.13715,12.0,21.954439999999998,0.5339381
-142.4729,-24.73765,12.0,28.99195,0.42713670000000004
-142.2106,-35.76887,13.0,8.037818,0.5954851999999999
-145.444,-44.02691,13.0,15.9146,0.5218775999999999
-156.7372,-52.7366,13.0,23.06333,0.5076399
-167.3045,-65.90287,13.0,21.667170000000002,-0.6246413000000001
-159.0035,-75.79647,13.0,18.02964,0.38260659999999996
-144.256,-73.61456,13.0,20.61022,-0.387006
-129.7337,-73.02656,13.0,22.73218,0.23962960000000003
-113.6296,-82.92144,13.0,28.89589,0.41092429999999996
-106.6908,-104.7574,13.0,34.070679999999996,0.1499509
-119.5712,-127.2275,13.0,37.93492,0.13413370000000002
-143.2397,-129.4999,13.0,23.47462,-2.249196
-144.1069,-122.637,13.0,6.759083,0.30447670000000004
-138.2374,-122.2539,13.0,0.9677131,0.3413103
-141.9068,-123.4686,13.0,9.02013,0.2170451
-145.52100000000002,-128.4426,13.0,4.72635,-0.41328630000000005
-145.4,-128.0497,13.0,5.299015,0.33402790000000004
-142.1989,-121.5829,13.0,14.04236,0.28643
-140.8225,-108.9003,13.0,21.360120000000002,0.48657269999999997
-153.7838,-97.78703,13.0,26.355990000000002,-0.006423499
-166.4502,-107.8569,13.0,24.53829,1.3219459999999998
-167.7656,-129.5986,13.0,32.91264,0.2449413
-167.5627,-156.6574,13.0,39.701159999999994,0.4627376
-167.9797,-188.4387,13.0,46.11578,0.449585
-168.0381,-224.8609,13.0,52.0647,0.172994
-153.5974,-255.15900000000002,13.0,43.36854,-0.3780799
-129.1475,-250.5485,13.0,28.8881,0.01615841
-128.3803,-226.5685,13.0,38.00541,0.7378551
-127.6718,-196.6668,13.0,37.38923,-1.8361880000000002
-122.4991,-183.1135,13.0,14.197970000000002,-0.06180797
-110.9225,-183.6223,13.0,20.789579999999997,0.3805073
-104.822,-199.7721,13.0,27.33387,0.5014529999999999
-107.1044,-222.4639,13.0,34.35729,0.48208429999999997
-104.8715,-249.6624,13.0,39.93527,0.4022644
-84.32645,-271.466,13.0,42.639759999999995,-0.007639831
-55.84417,-262.9989,13.0,42.50846,-0.008595974000000001
-48.90672,-232.1775,13.0,46.00294,0.4526
-42.92989,-200.1488,13.0,42.07677,0.1649255
-22.54908,-174.2423,13.0,47.64718,0.4493755
2.809812,-146.6107,13.0,51.606609999999996,-0.314673
6.551923,-114.9414,13.0,38.52262,-1.5539459999999998
-8.824057,-97.53560999999999,13.0,27.706709999999998,-0.1345306
-6.427427,-74.05741,13.0,35.65791,0.4930125
-5.471285,-45.1814,13.0,42.260670000000005,0.22927070000000002
-4.1927650000000005,-11.53106,13.0,48.49205,0.2069976
-6.541295,25.55715,13.0,47.73174,-1.469482
-26.540940000000003,41.774359999999994,13.0,27.6923,-0.873193
-34.57803,33.49342,13.0,14.02534,-0.023755599999999998
-35.12112,32.58871,13.0,0.06776428,-0.01841341
-35.16715,32.59442,13.0,0.05901936,0.0052752319999999995
-34.441359999999996,34.93185,13.0,7.494828,0.5507947
-32.7762,42.21349,13.0,8.52295,-0.8032213
-32.25528,44.73175,13.0,1.2424899999999999,0.6159286999999999
-34.74386,41.790820000000004,13.0,9.374129,0.2789339
-44.086090000000006,42.89167,13.0,16.77682,0.533361
-58.83295,45.35008,13.0,23.5962,0.488785
-78.55622,42.88588,13.0,30.108959999999996,0.4563705
-103.054,42.67792,13.0,36.06046,0.4385239
-131.0688,38.95758,13.0,40.347359999999995,-0.3229052
-147.6662,17.42116,13.0,38.63945,0.2918923
-145.4227,-12.91273,13.0,43.86005,0.1840674
-147.3146,-45.91685,14.0,41.48186,-0.9298084000000001
-162.9229,-63.090790000000005,14.0,24.89176,-1.118211
-153.2348,-75.45510999999999,14.0,26.36325,0.3759566
-131.5866,-76.55685,14.0,31.98733,0.2692574
-112.5533,-92.21115,14.0,36.03182,0.2222991
-113.166,-118.6406,14.0,38.32055,0.1637899
-136.2452,-131.9095,14.0,32.56086,-1.473575
-146.1136,-121.1443,14.0,9.312736,-1.293862
-146.2865,-119.4977,14.0,1.9428,-0.006453165
-147.1351,-118.4279,14.0,1.633704,-0.09613256
-148.0675,-117.66799999999999,14.0,2.817381,0.44751019999999997
-150.7897,-117.4104,14.0,2.763958,-0.5764673
-149.2093,-116.5379,14.0,6.959594,0.3141546
-144.7484,-109.82,14.0,15.1942,0.2855341
-150.4906,-98.24991999999999,14.0,21.776870000000002,0.39772620000000003
-165.7949,-102.4361,14.0,25.676379999999998,0.30685290000000004
-166.833,-122.9863,14.0,31.68473,0.520209
-166.6726,-148.9809,14.0,38.57663,0.48780470000000004
-166.8441,-180.0117,14.0,45.13711,0.4540697
-167.15599999999998,-215.7377,14.0,51.2538,0.19412720000000003
-158.3308,-249.4861,14.0,38.74858,-0.9007617
-142.122,-253.5222,14.0,9.082469999999999,-0.9160018
-141.4669,-250.2372,14.0,2.930111,-0.2292373
-138.7541,-248.1111,14.0,8.127453,0.468841
-130.263,-250.6865,14.0,14.63217,-0.1359411
-121.8916,-249.838,14.0,10.06179,-0.2823949
-122.2632,-240.7438,14.0,17.27238,0.7704206
-125.7517,-225.3986,14.0,25.11893,0.5405955
-127.5055,-204.1365,14.0,32.50328,0.5384679
-121.6362,-181.1682,14.0,30.766240000000003,-0.5333253000000001
-106.1636,-185.4454,14.0,24.79919,0.9894228
-106.7494,-210.3739,14.0,43.816320000000005,1.480842
-104.3875,-248.9884,14.0,57.39577,0.02345935
-78.43024,-272.23900000000003,14.0,45.20434,0.3913092
-50.51843,-257.7961,14.0,43.35688,-0.06037144
-49.5302,-225.2399,14.0,46.895559999999996,0.1408429
-36.94143,-192.1849,14.0,50.778659999999995,0.358348
-9.34223,-163.9166,14.0,56.195640000000004,0.4046282
10.07075,-131.2484,14.0,39.75675,-1.278956
0.02556074,-112.506,14.0,25.56436,0.06860743
-5.895382,-91.65264,14.0,33.072990000000004,0.49893290000000007
-3.993432,-64.69502,14.0,39.93084,0.5070403
-2.384183,-32.68922,14.0,46.39804,0.4725361
-2.7792220000000003,3.9204849999999998,14.0,52.41982,0.2065841
-14.03549,37.50038,14.0,44.19315,-0.3735315
-45.243109999999994,41.257259999999995,14.0,45.776340000000005,0.20653229999999997
-81.50518000000001,40.22739,14.0,51.83595,0.4285325
-121.3039,41.55383,14.0,50.91984,-0.8250463
-144.7159,28.20112,14.0,25.04865,-2.449405
-144.3079,22.19943,14.0,3.630603,0.6395436999999999
-141.6397,24.94415,14.0,4.761524,-0.09137561
-142.11700000000002,24.25124,14.0,6.185082,0.2498723
-147.4908,21.41365,14.0,8.883158,-0.9415111999999999
-149.4134,21.96667,14.0,2.326805,0.346489
-145.3059,18.88491,14.0,11.47528,0.6236788000000001
-141.0239,8.322512,14.0,19.77528,0.5859586999999999
-141.2896,-9.292675,14.0,27.79615,0.5596645
-141.7762,-34.02316,1.0,5.184099,0.7506719000000001
-142.0627,-39.54997,1.0,11.60661,0.687389
-146.6677,-50.112359999999995,1.0,20.09554,0.2972732
-160.8472,-60.88409,1.0,27.41005,0.09021179
-156.0312,-76.6775,1.0,24.58299,-0.2862235
-140.4036,-68.37115,1.0,25.53981,-0.23683600000000002
-135.8698,-68.27779,1.0,0.02425155,-0.0007943599000000001
-135.8511,-68.28059,1.0,0.02558528,-0.00020688310000000003
-135.833,-68.28302,1.0,0.02047128,0.01110099
-135.9626,-68.7919,1.0,3.556806,0.2696145
-135.844,-72.07547,1.0,4.496274,-0.02166093
-135.8418,-75.08716,1.0,3.658303,-0.05598842
-136.8412,-76.48106999999999,1.0,1.3835110000000002,0.49516530000000003
-132.7132,-74.95525,1.0,10.47542,0.6249073
-122.3269,-77.70355,1.0,18.55721,0.44786590000000004
-113.7032,-91.65229000000001,1.0,26.168020000000002,0.5594351
-110.9376,-112.9633,1.0,32.54439,0.3939032
-126.9605,-132.1782,1.0,36.9427,0.3815849
-146.2209,-125.6407,1.0,22.52085,-0.6172376
-138.8683,-111.9585,1.0,24.65054,-0.1250346
-138.4578,-108.7156,1.0,0.02772972,0.03946201
-138.4586,-108.7334,1.0,0.01937103,-0.01473586
-139.1788,-108.4516,1.0,4.968448,0.6528555
-144.3927,-109.2649,1.0,7.930148,-0.06277949
-145.4554,-110.3722,1.0,3.6730949999999996,0.6531398
-144.5045,-104.6131,1.0,12.24109,0.3077747
-152.2015,-96.23399,1.0,18.69407,-0.42197109999999993
-163.1122,-98.98586,1.0,13.82988,-0.1931994
-166.7972,-113.1089,1.0,27.50667,0.9323725
-170.2481,-137.2689,1.0,37.31986,0.14003020000000002
-163.0074,-164.9977,1.0,36.136309999999995,-0.6796646
-167.3814,-188.6596,1.0,30.05955,0.24618800000000002
-167.0526,-216.2992,1.0,39.769040000000004,-0.5733786
-164.1286,-242.6221,1.0,31.17567,-0.6331071999999999
-147.2913,-251.0236,1.0,27.27723,0.6162673000000001
-126.0055,-244.2094,1.0,32.056740000000005,-0.6965946999999999
-126.0833,-227.9531,1.0,24.44096,0.5609519000000001
-128.2022,-212.8057,1.0,22.87472,-0.1586856
-123.1749,-199.6928,1.0,17.8238,0.3065216
-124.0439,-187.5715,1.0,14.5252,-0.1403957
-112.9377,-185.4721,1.0,19.326179999999997,-0.09623541
-110.34100000000001,-196.8734,1.0,14.39534,-0.0925596
-109.9556,-207.9011,1.0,17.99461,0.58417
-108.3846,-224.1104,1.0,25.85485,0.550337
-105.4766,-245.7754,1.0,33.08344,0.22791399999999998
-91.23425,-267.3461,1.0,37.91435,0.106994
-63.86455,-267.6607,1.0,39.4866,0.004172026
-51.96107,-242.2026,1.0,40.95035,0.460247
-45.49602,-210.8562,1.0,46.17177,0.418239
-24.39057,-181.6904,1.0,51.595259999999996,0.4219981
0.9192457,-150.3044,1.0,57.18536999999999,0.3784582
11.62761,-113.9989,1.0,34.044270000000004,-4.392291999999999
10.06731,-104.391,1.0,1.255824,-0.13725710000000002
9.757586,-104.243,1.0,0.227859,0.1825279
12.02718,-105.7606,1.0,6.695905000000001,0.34174840000000006
17.430310000000002,-107.2036,1.0,5.575794,-0.7664358
17.921979999999998,-107.1037,1.0,3.9003690000000004,0.32753059999999995
12.24296,-109.3085,1.0,12.435989999999999,0.5842371000000001
1.8809189999999998,-110.7532,1.0,17.02439,0.1097481
0.9055194,-96.60777,1.0,23.460160000000002,0.2496751
-2.702039,-77.51285,1.0,30.04556,0.49732709999999997
-5.622049,-53.038030000000006,1.0,36.67302,0.4802262
-6.400894,-23.46886,1.0,43.145720000000004,0.44340519999999994
-6.492563,10.77472,1.0,49.17645,0.1963042
-14.237960000000001,40.99055,1.0,30.04904,-4.046857
-24.655,41.72251,1.0,15.291129999999999,0.2689405
-37.562470000000005,37.8474,1.0,22.32173,0.25660520000000003
-56.65696,39.86461,1.0,29.53649,0.5077675
-81.13332,39.56452,1.0,36.45496,0.49113729999999994
-110.5567,40.27282,1.0,42.95802,0.4507179
-139.8655,36.6354,1.0,32.010040000000004,-1.7788970000000002
-142.4446,24.485210000000002,1.0,8.969256,-0.8774921999999998
-137.7518,24.27243,1.0,0.104466,0.008869108
-137.7518,24.225279999999998,1.0,0.05779313,0.01434755
-138.3876,24.40843,1.0,4.100776000000001,0.5632067
-143.8616,24.23765,1.0,10.08355,0.31200459999999997
-150.4034,25.19067,1.0,4.686766,-0.7140486
-150.4645,25.10953,1.0,4.313242,0.5888669
-147.1704,20.1228,1.0,12.278089999999999,0.5315937
-150.8719,9.332039,1.0,19.19965,0.4318599
-149.4797,-6.431406,1.0,25.14626,0.24418879999999998
-146.1574,-27.20184,1.0,31.60636,0.22284179999999998
-153.4681,-49.17175,2.0,32.16859,0.02862861
-166.9027,-65.66611,2.0,27.07672,-0.9136635000000001
-156.94799999999998,-71.90925,2.0,9.80697,-0.48874359999999994
-155.7158,-68.52695,2.0,0.05430343,0.034677099999999995
-155.6799,-68.52814000000001,2.0,0.03999835,-0.009892154
-156.0974,-70.30445,2.0,5.137628,0.1894844
-156.5856,-74.00856999999999,2.0,4.744966000000001,-0.03797105
-156.6182,-74.65471,2.0,4.034847,0.363869
-150.7089,-72.81441,2.0,13.1275,0.30116809999999994
-140.2405,-79.74968,2.0,21.36874,0.5236911
-126.5357,-83.53824,2.0,17.579060000000002,-0.01762015
-114.9127,-93.33904,2.0,27.980559999999997,0.7383945
-112.7211,-114.8646,2.0,31.196990000000003,0.22239879999999998
-130.0376,-130.3124,2.0,32.48789,-0.10582319999999999
-145.4099,-122.8047,2.0,20.31699,-0.11000660000000001
-138.849,-108.494,2.0,20.59609,-0.6790967
-149.6633,-101.5131,2.0,21.2729,0.2980316
-160.9013,-108.4228,2.0,16.69503,-0.0884776
-162.1788,-120.7764,2.0,17.90159,0.2829743
-165.2849,-136.2971,2.0,25.637629999999998,0.2913361
-165.2552,-158.2055,2.0,33.41618,0.5510116
-165.5842,-185.7771,2.0,40.72697,0.5275960999999999
-165.9442,-218.4992,2.0,47.57002,0.4912247
-160.5304,-247.0513,2.0,22.55133,-0.5167431
-144.1159,-252.0313,2.0,27.501240000000003,0.2780052
-125.6512,-243.7176,2.0,27.69302,-0.3697565
-127.7456,-224.4629,2.0,31.002679999999998,0.8264091999999998
-126.4191,-198.9674,2.0,38.31623,-0.2132459
-121.5715,-184.3136,2.0,10.15682,-0.1652992
-112.4663,-187.5211,2.0,17.4525,0.2574224
-110.1255,-203.09099999999998,2.0,25.4356,0.5811843000000001
-108.0079,-224.731,2.0,33.199090000000005,0.2763449
-102.154,-251.3579,2.0,40.1492,0.1952772
-80.3542,-270.752,2.0,40.62443,-0.320329
-54.069590000000005,-257.915,2.0,42.11667,0.1003622
-49.54548,-227.3478,2.0,45.089890000000004,0.3934925
-39.171490000000006,-194.4362,2.0,49.27197,0.34792399999999996
-12.73803,-166.1294,2.0,55.32346,0.213049
8.482951,-134.2144,2.0,35.55846,-1.763675
2.835985,-120.1617,2.0,20.84979,0.3090845
-6.045109,-104.8141,2.0,28.00355,0.5138389
-6.647007,-81.30615,2.0,35.53003,0.5342963000000001
-6.784585000000001,-52.301140000000004,2.0,42.71593,0.4932733
-7.120408,-18.1345,2.0,49.42026,0.23150170000000003
-7.467513,20.81648,2.0,53.91927,-1.532618
-20.62203,45.4035,2.0,23.255760000000002,-2.557843
-25.8153,45.30791,2.0,3.750367,0.6868995
-27.987029999999997,40.321090000000005,2.0,12.26934,0.5818866
-39.22507,43.10631,2.0,20.42296,0.4676169
-56.228930000000005,46.00418,2.0,27.541629999999998,0.586217
-79.283,42.48044,2.0,35.1634,0.5343306999999999
-107.9738,41.33641,2.0,42.34318,0.4957869000000001
-140.5123,35.90844,2.0,41.9656,-2.129263
-150.2859,19.909129999999998,2.0,10.67114,-1.307476
-147.5423,19.45784,2.0,7.417453999999999,0.3079221
-143.2134,13.12505,2.0,15.673879999999999,0.5899894
-149.8833,0.477275,2.0,23.32625,0.39823070000000005
-147.4231,-17.84735,2.0,29.20495,0.5012558
-142.1731,-35.64595,3.0,11.58274,0.8526950999999999
-144.8076,-43.876999999999995,3.0,11.42661,0.05736503
-152.9418,-52.00918,3.0,16.94381,-0.3091845
-163.6148,-55.30633,3.0,13.390089999999999,-0.277712
-166.3307,-62.68238,3.0,10.00954,-0.160795
-161.6069,-70.02454,3.0,16.008,0.5703291
-147.5607,-71.86918,3.0,23.61809,0.5554754
-128.0247,-76.39851999999999,3.0,29.54539,-0.22156689999999998
-112.8798,-88.56483,3.0,23.85039,-0.24499079999999998
-107.8719,-106.7292,3.0,28.323520000000002,-0.44643710000000003
-113.6382,-124.4252,3.0,22.67033,-0.3941578
-126.6703,-133.1465,3.0,23.60674,0.5030986
-141.8464,-127.7724,3.0,24.65785,0.8653026
-149.0245,-107.5196,3.0,27.49268,-0.7281227
-161.9398,-104.8772,3.0,18.021060000000002,0.47715680000000005
-167.3499,-119.5431,3.0,25.48667,0.5717441
-169.7254,-141.2257,3.0,33.259570000000004,0.54272
-167.9577,-168.3711,3.0,40.31855,0.2552105
-166.4093,-200.7727,3.0,47.03994,0.22499410000000003
-163.9399,-236.9347,3.0,47.61339,-0.42057440000000007
-149.3688,-259.1034,3.0,29.72695,-1.006968
-132.3389,-249.8778,3.0,29.80185,0.5310121999999999
-125.501,-227.7477,3.0,34.57594,0.48074120000000004
-127.91799999999999,-201.2749,3.0,34.62944,-0.213644
-120.6888,-180.0499,3.0,24.651889999999998,-1.195933
-108.6619,-185.4672,3.0,21.244020000000003,0.41467109999999996
-108.4054,-203.4463,3.0,28.111590000000003,0.5675931
-104.7118,-225.6296,3.0,30.111929999999997,-0.21931579999999998
-106.2597,-246.658,3.0,31.180020000000003,0.8011569000000001
-95.24248,-269.3798,3.0,36.680620000000005,-0.1070103
-69.48486,-268.7862,3.0,25.77065,-1.436316
-57.82343,-267.7779,3.0,8.293055,-0.9968559000000001
-56.42531999999999,-266.8844,3.0,2.841502,0.6513705
-57.189840000000004,-267.3804,3.0,0.5609932,0.3378954
-55.248219999999996,-265.2654,3.0,6.51031,0.23802179999999998
-50.81705,-262.2452,3.0,8.065429,0.03936905
-48.18565,-263.6913,3.0,1.019892,0.7211162
-49.88075,-259.9339,3.0,9.841307,0.5829995
-48.65202,-249.81,3.0,17.90921,0.2869764
-45.06292,-234.1029,3.0,25.52597,0.5173594
-42.58465,-212.6086,3.0,32.69989,0.4926096
-36.327040000000004,-187.2422,3.0,37.5525,0.2302775
-15.454279999999999,-165.9354,3.0,39.18913,-2.072873
0.5397153,-152.2735,3.0,22.42035,-0.3321422
10.622119999999999,-141.666,3.0,17.46002,-0.1836585
11.0084,-130.5478,3.0,15.01387,0.5906035
3.5011010000000002,-118.9292,3.0,22.58932,0.5119233
-5.683497,-102.0132,3.0,29.65385,0.245549
-10.36462,-77.95483,3.0,36.32318,0.4772751
-8.443581,-48.67971,3.0,42.6744,0.2015744
-3.876614,-15.719610000000001,3.0,43.712509999999995,-0.6850145000000001
-4.050602,9.365757,3.0,18.61224,-2.0995939999999997
-4.875612,15.152379999999999,3.0,4.162814,0.4919683
-6.294775,22.07485,3.0,13.87152,0.2940184
-11.58715,34.11971,3.0,21.72245,0.5278976
-27.337220000000002,43.68899999999999,3.0,28.71762,0.4635767
-50.75315,44.61826,3.0,35.24046,0.49891179999999996
-79.37337,43.9931,3.0,41.94703,0.2378156
-112.5838,41.50949,3.0,45.91922,-0.44791490000000006
-142.9427,34.86903,3.0,38.50351,-0.5492621999999999
-147.6021,12.35946,3.0,33.23215,0.3732574
-144.873,-12.94872,3.0,37.94877,0.22380879999999997
-144.6581,-42.96852,4.0,39.25821,-0.4059677
-157.386,-54.274930000000005,4.0,18.46576,0.5805244
-168.24099999999999,-60.9078,4.0,19.81624,0.09586298
-157.3901,-71.94447,4.0,25.213160000000002,0.1955646
-136.4823,-73.65104000000001,4.0,31.570109999999996,0.4176103
-115.4973,-87.58179,4.0,37.2413,0.40652309999999997
-110.1568,-114.1074,4.0,37.34277,-0.05323923
-128.9601,-132.6527,4.0,35.43172,-0.2612436
-145.3071,-119.679,4.0,29.551340000000003,0.11072539999999999
-149.0321,-99.91293,4.0,20.73153,-1.073441
-161.2956,-102.2791,4.0,21.200879999999998,0.23001190000000002
-167.7421,-118.9904,4.0,28.122009999999996,0.2752465
-170.5397,-142.3526,4.0,35.22726,0.45158869999999995
-168.2172,-170.8151,4.0,41.870509999999996,0.5067016
-165.2372,-204.0695,4.0,48.243759999999995,0.44737259999999995
-162.8908,-239.644,4.0,41.21788,-1.460357
-153.6258,-254.56900000000002,4.0,18.86573,-0.1641648
-138.3398,-257.9758,4.0,24.6429,0.14763010000000001
-127.9491,-242.7148,4.0,29.271959999999996,0.5262029
-126.0873,-218.8241,4.0,35.58018,0.4745313
-127.6685,-190.6697,4.0,40.18374,0.03939697
-107.7995,-177.0966,4.0,30.61263,-0.7929682
-100.8589,-191.662,4.0,21.88399,-0.45806949999999996
-114.5288,-199.4335,4.0,13.19273,-1.285614
-114.5551,-201.5556,4.0,0.004602386,-0.02672632
-114.4016,-201.5944,4.0,1.7715830000000001,0.5302005
-111.2049,-201.1818,4.0,6.672888,0.2520458
-109.6803,-198.2067,4.0,0.6728083,-0.4896394
-109.4406,-200.4767,4.0,6.7259649999999995,0.5001131
-107.9544,-207.8946,4.0,13.64057,0.4857391
-105.75299999999999,-220.2667,4.0,20.09657,0.2322612
-105.6199,-237.4176,4.0,26.085729999999998,0.199715
-102.866,-258.1708,4.0,30.939429999999998,0.2935664
-84.35837,-271.8996,4.0,33.50867,0.10324589999999999
-59.45135,-265.5372,4.0,37.10109,0.15344770000000002
-49.23151,-241.2025,4.0,38.235240000000005,0.1723874
-46.28817,-211.4842,4.0,42.56462,0.32581259999999995
-31.90397,-181.9583,4.0,46.0372,0.1852387
-6.733401,-159.3121,4.0,39.87771,-2.265398
7.849,-145.636,4.0,20.35979,-0.4461568
12.67694,-133.9976,4.0,18.76291,1.179492
3.5364430000000002,-119.2778,4.0,26.682240000000004,0.4306363
-6.597048,-100.40899999999999,4.0,31.77828,0.1878505
-10.54243,-75.23058,4.0,36.91328,0.3574638
-7.955871000000001,-46.240829999999995,4.0,41.70754,0.3315157
-2.344481,-14.10479,4.0,46.3627,0.1466162
-5.36575,20.8755,4.0,46.178709999999995,-2.050927
-18.07767,39.03795,4.0,29.4596,0.3278413
-40.81037,43.90226,4.0,34.10641,0.18155639999999998
-67.9948,43.25188,4.0,39.27102,0.3578221
-98.89258000000001,42.29526,4.0,43.75946,-0.06069125
-129.0358,38.948190000000004,4.0,33.45555,-1.354668
-141.9785,34.28082,4.0,16.737170000000003,0.40805240000000004
-147.8314,21.281270000000003,4.0,22.49935,0.43002219999999997
-146.2989,2.604462,4.0,28.21613,0.4153955
-141.8538,-19.98309,4.0,33.65783,0.3410006
-145.8399,-43.69713,5.0,28.68086,-0.8073664
-162.4507,-54.85932,5.0,29.340459999999997,0.34878059999999994
-166.4528,-68.37549,5.0,18.63972,0.10739189999999998
-154.0161,-70.08364,5.0,19.62132,1.442339
-137.261,-73.6748,5.0,26.13263,0.21011620000000003
-117.8792,-82.35999,5.0,31.283859999999997,0.14337579999999997
-107.6953,-103.4867,5.0,34.199009999999994,0.20479560000000002
-116.0661,-126.5484,5.0,31.78319,-0.1240007
-135.1383,-132.2302,5.0,23.6832,-0.7731335
-143.3991,-117.545,5.0,26.222490000000004,0.18726779999999998
-155.6084,-101.2959,5.0,26.99648,-0.9139125
-165.4807,-106.8297,5.0,17.05953,0.2327656
-165.57299999999998,-120.1289,5.0,22.53879,0.2382615
-167.8274,-140.2311,5.0,35.6007,1.4031209999999998
-167.4979,-172.3094,5.0,47.19534,0.48584079999999996
-164.2351,-208.9648,5.0,48.41623,-2.0009259999999998
-163.8018,-232.7785,5.0,21.24756,-0.45777429999999997
-161.7853,-246.3438,5.0,15.797429999999999,-0.2088978
-154.674,-255.5943,5.0,19.95177,0.9139451999999999
-137.9543,-258.8589,5.0,28.080640000000002,0.45357390000000003
-126.1678,-238.5531,5.0,38.168659999999996,0.6038631
-127.5272,-208.8612,5.0,37.47057,-1.5271629999999998
-127.6114,-190.5958,5.0,18.62688,-0.2550297
-118.9489,-182.435,5.0,19.2794,0.7111980999999999
-104.4391,-188.6927,5.0,24.78596,0.1562225
-102.7713,-209.584,5.0,33.486270000000005,0.27955840000000004
-105.1471,-236.1422,5.0,36.91168,-0.29034440000000006
-103.0705,-260.4832,5.0,29.00661,-0.6921501999999999
-84.8468,-271.824,5.0,32.2233,0.2759796
-60.643069999999994,-266.3734,5.0,35.682140000000004,0.0900375
-49.51616,-242.5901,5.0,38.311840000000004,0.35238579999999997
-45.49114,-212.4798,5.0,43.16072,0.1579388
-33.596940000000004,-181.5305,5.0,46.51478,0.07617898
-8.977288,-159.9274,5.0,29.342409999999997,-2.023175
0.8664775,-153.5836,5.0,11.78003,-0.1637031
6.515803,-149.2295,5.0,7.616148,-0.26678609999999997
10.563460000000001,-144.91,5.0,10.693589999999999,0.2347152
13.129760000000001,-135.1676,5.0,17.00337,0.4277863
6.634636,-122.0616,5.0,22.93441,0.43517170000000005
-3.8054069999999998,-106.1345,5.0,28.59618,0.4013808
-9.834772000000001,-83.75873,5.0,33.92138,0.37438190000000005
-9.392039,-56.92634,5.0,38.807590000000005,0.347696
-3.75141,-26.86505,5.0,43.640370000000004,0.3403758
-1.6525729999999998,5.690011,5.0,38.809020000000004,-0.7575935
-6.122898999999999,23.67793,5.0,10.17583,-0.15415910000000002
-10.32362,32.05012,5.0,16.725,0.2270634
-21.29557,41.341609999999996,5.0,22.64721,0.41969290000000004
-39.5494,45.2453,5.0,28.201590000000003,0.4227566
-62.4915,45.01765,5.0,33.716229999999996,0.19356279999999998
-89.44209000000001,43.881609999999995,5.0,38.92456,0.17756529999999998
-119.0168,41.078759999999996,5.0,36.83677,-0.5543501000000001
-138.036,37.47712,5.0,20.688660000000002,0.2044608
-147.0503,23.41797,5.0,25.76415,0.39351479999999994
-146.4109,2.56623,5.0,30.95733,0.19659400000000002
-141.9273,-21.9231,5.0,36.14647,0.1606723
-144.5505,-41.39004,6.0,13.049760000000001,-0.3334725
-150.3029,-50.78715,6.0,20.093220000000002,0.5823654
-162.0625,-56.393409999999996,6.0,14.837420000000002,-0.2210759
-166.0136,-64.77169,6.0,16.08825,0.3658788
-154.0248,-72.89480999999999,6.0,25.75475,1.086351
-130.3511,-74.62191999999999,6.0,37.8516,0.32933850000000003
-109.4269,-94.79286,6.0,38.642559999999996,-0.6401531
-115.4552,-115.0773,6.0,14.85975,-1.922536
-118.4897,-123.689,6.0,16.09046,1.136408
-126.9114,-133.6209,6.0,17.34521,0.4557877
-140.6757,-129.6753,6.0,23.03724,0.14689129999999997
-145.6626,-111.6072,6.0,26.32698,-0.3428835
-150.6452,-103.9469,6.0,7.540495,0.107998
-158.1144,-100.5924,6.0,15.557960000000001,0.29588309999999995
-166.3944,-107.6885,6.0,17.87285,0.6541383000000001
-167.7542,-125.5893,6.0,31.15082,0.9870011000000001
-168.7495,-153.4875,6.0,43.52236,0.8162543000000001
-166.8113,-189.5537,6.0,53.75795,0.33089209999999997
-163.5625,-228.2673,6.0,47.46405,-0.4128877
-157.3663,-255.4817,6.0,29.67042,-1.328858
-140.032,-257.1192,6.0,20.47152,-0.48895370000000005
-128.4859,-247.364,6.0,24.48917,0.37474070000000004
-124.9082,-227.61599999999999,6.0,29.85517,0.19049660000000002
-128.1643,-203.7454,6.0,35.10304,0.17912229999999998
-124.9941,-183.9608,6.0,15.96127,-0.264398
-111.45299999999999,-184.0793,6.0,21.9165,0.14689739999999998
-103.0962,-199.1999,6.0,26.62572,0.4027458
-103.5932,-220.9342,6.0,32.07063,0.1925562
-105.84299999999999,-246.5302,6.0,37.23778,0.2996324
-94.42159000000001,-270.7666,6.0,36.591590000000004,-0.1973841
-71.01895999999999,-269.8719,6.0,28.073259999999998,-0.5402340999999999
-54.51059,-262.9123,6.0,22.363120000000002,0.37230759999999996
-48.03307,-244.6624,6.0,30.09808,0.4078578
-44.59156,-220.5301,6.0,35.51965,0.3875417
-40.4781,-192.708,6.0,40.23393,0.2399721
-20.85568,-170.2836,6.0,42.82938,0.1650125
-1.720592,-155.9611,6.0,17.32698,-2.045408
5.987754,-149.9469,6.0,12.0828,-0.0017630520000000002
11.839360000000001,-142.2111,6.0,15.55396,0.535922
10.542589999999999,-128.08700000000002,6.0,23.97385,0.3031953
-3.233874,-110.3987,6.0,37.30053,1.015719
-9.55633,-78.56166,6.0,50.584379999999996,0.42280509999999993
-6.202706,-36.96784,6.0,60.42657,0.1067681
-1.94114,6.239908,6.0,48.01248,-3.720593
-8.068256,27.159670000000002,6.0,20.41599,-0.39711
-18.658479999999997,40.26189,6.0,27.14674,0.7550856
-42.48106,45.32263,6.0,39.86934,0.5487754
-77.64503,44.11992,6.0,54.55647,0.44739490000000004
-116.775,41.30105,6.0,33.191720000000004,-2.114115
-129.8528,38.825109999999995,6.0,12.54809,-0.18402220000000002
-141.9052,34.6767,6.0,23.13627,0.2481676
-147.6633,17.75621,6.0,27.39436,0.2071402
-144.8335,-4.384283,6.0,32.90703,0.37169759999999996
-141.451,-30.26345,6.0,37.208290000000005,0.09590759
-142.3477,-38.84995,7.0,11.60378,0.5042724000000001
-147.27700000000002,-48.476690000000005,7.0,17.847179999999998,0.2057319
-160.996,-55.066869999999994,7.0,23.3535,0.2856857
-168.1711,-68.08009,7.0,17.38553,-0.50705
-160.5182,-76.49893,7.0,16.91221,0.23540039999999998
-147.0628,-74.85265,7.0,20.13455,0.0180295
-131.8722,-73.6151,7.0,22.19809,0.1134125
-115.8428,-82.84121999999999,7.0,29.428829999999998,0.358848
-108.073,-104.0293,7.0,33.192809999999994,0.29763829999999997
-119.60799999999999,-126.0238,7.0,36.04788,0.214317
-143.6795,-129.2924,7.0,27.45944,-2.57045
-145.3227,-118.7159,7.0,10.95468,-0.19356070000000003
-143.5367,-109.8845,7.0,17.773970000000002,0.006922749000000001
-152.5036,-101.7165,7.0,16.95905,0.3048141
-164.8028,-107.3908,7.0,20.56991,-0.23896620000000002
-165.9956,-122.1789,7.0,21.873089999999998,0.42837390000000003
-167.481,-141.7359,7.0,32.85573,1.060586
-169.6737,-171.1412,7.0,46.36775,0.4332371
-170.0317,-209.6549,7.0,54.448069999999994,-1.0523799999999999
-165.0364,-243.7077,7.0,34.279109999999996,-1.41743
-148.1947,-254.4411,7.0,23.87095,-0.5211316
-132.2586,-250.9808,7.0,22.819589999999998,0.01576603
-125.7238,-234.3473,7.0,30.14333,0.3969498
-126.1168,-209.9565,7.0,35.57498,0.385452
-123.6315,-183.8459,7.0,26.34222,-2.729003
-113.3362,-181.36599999999999,7.0,16.25637,1.0118559999999999
-109.382,-195.2419,7.0,22.94801,0.2186616
-108.8044,-214.4621,7.0,28.829620000000002,0.2003912
-108.399,-237.8984,7.0,34.31154,0.35040720000000003
-98.87651,-262.4173,7.0,37.78711,0.1852164
-73.10484,-272.79200000000003,7.0,39.4018,0.0034427
-51.63808,-255.3943,7.0,39.46975,0.02887843
-48.80721,-225.1188,7.0,43.412929999999996,0.3220418
-37.113,-194.7679,7.0,45.9557,0.2964679
-12.74443,-168.4679,7.0,50.46597,0.3190398
7.637134,-139.6157,7.0,36.06733,-2.352465
5.548045,-120.8015,7.0,26.113789999999998,0.9678984
-5.382346,-101.5809,7.0,34.37407,0.8994213
-3.240625,-70.1302,7.0,51.61843,1.2971
-0.6192656999999999,-26.026329999999998,7.0,67.13224,0.5067826
-3.2867309999999996,21.35088,7.0,54.89938000000001,-1.405319
-19.35698,41.9999,7.0,28.780179999999998,0.3780832
-44.90143,40.65211,7.0,39.55995,0.3508106
-76.05226,40.40547,7.0,44.4106,0.350713
-110.6462,41.26637,7.0,48.9436,0.32232649999999996
-142.8839,34.85004,7.0,31.83095,-1.1613950000000002
-146.2815,14.67575,7.0,30.69616,0.3977937
-145.129,-10.07863,7.0,36.03309,0.3878606
-146.6585,-38.56335,8.0,40.7583,0.02300237
-163.5943,-58.37579,8.0,28.50255,-1.277081
-166.6092,-73.11426999999999,8.0,24.757939999999998,0.6109087
-148.3476,-78.45366,8.0,29.44117,0.1999495
-125.5073,-80.2316,8.0,32.958,0.190084
-111.2472,-100.646,8.0,36.0591,0.1030587
-119.243,-125.49799999999999,8.0,37.39034,0.0991656
-142.9814,-130.3653,8.0,21.939970000000002,-3.8369730000000004
-145.993,-127.0273,8.0,4.36931,0.5103154000000001
-142.1694,-122.1725,8.0,11.94407,0.454496
-144.1477,-111.52799999999999,8.0,18.14305,0.4426273
-156.1093,-102.4493,8.0,23.11439,0.1711259
-167.7218,-112.75,8.0,24.821920000000002,0.15925179999999997
-166.5609,-133.0921,8.0,30.27079,0.3621147
-170.2583,-157.2045,8.0,35.51047,0.17342520000000003
-170.1628,-185.3125,8.0,40.33645,0.3649034
-168.8978,-216.93200000000002,8.0,45.0951,0.1587731
-162.05,-249.4654,8.0,41.29593,-1.21128
-138.7117,-254.4976,8.0,28.89919,-0.3794132
-127.3507,-236.9887,8.0,31.555259999999997,0.2989587
-127.3965,-211.8002,8.0,36.6663,0.3749072
-123.4262,-184.5928,8.0,32.24953,-1.8753810000000002
-111.40799999999999,-181.2083,8.0,16.34959,1.0426739999999999
-107.1712,-194.3927,8.0,22.14594,0.445121
-106.5728,-213.0046,8.0,28.08403,0.4026941
-105.7954,-235.942,8.0,33.636540000000004,0.40394359999999996
-98.8508,-261.1405,8.0,37.34214,0.1209886
-74.38591,-272.8525,8.0,38.51229,-0.02381453
-51.61384,-256.9648,8.0,39.534079999999996,0.00710982
-46.70947,-227.1938,8.0,43.2426,0.3635565
-38.685159999999996,-195.4296,8.0,45.35525,-0.01183648
-14.20548,-170.6054,8.0,49.25007,0.16335260000000001
6.986188,-140.955,8.0,43.94065,-0.817125
2.69802,-115.6707,8.0,35.39059,1.0116379999999998
-6.406764,-89.81363,8.0,39.56207,0.31970240000000005
-1.882055,-59.125730000000004,8.0,44.26826,0.3356357
-1.4177879999999998,-24.59646,8.0,48.76274,0.336485
-2.425438,13.270370000000002,8.0,52.973290000000006,0.09973283
-16.35305,41.092420000000004,8.0,30.98423,-2.1162099999999997
-26.28973,41.103320000000004,8.0,4.805483000000001,0.4815589
-29.741390000000003,36.989909999999995,8.0,11.2947,0.44200609999999996
-38.31006,42.63583,8.0,17.67568,0.4665135
-47.79968,48.570029999999996,8.0,3.765192,-2.651818
-48.017990000000005,48.586929999999995,8.0,0.028777299999999995,-0.02996677
-48.42436,46.93631,8.0,4.511295,0.24810320000000002
-47.358540000000005,43.481559999999995,8.0,3.812736,-0.8561556
-48.51944,44.33311,8.0,6.826661,0.6602906999999999
-56.45814,46.40002,8.0,15.62469,0.3146812
-71.12307,44.76242,8.0,24.01752,0.5704398
-91.66834,42.203959999999995,8.0,31.81227,0.2624645
-117.8671,44.13199,8.0,38.97959,0.2194005
-142.4725,32.40044,8.0,38.480779999999996,0.1132621
-144.3217,2.268394,8.0,45.22613,0.598
-147.0683,-32.67589,8.0,45.47953,-0.32931350000000004
-142.1598,-35.33242,9.0,2.657696,0.5577867
-144.1863,-42.08375,9.0,14.746889999999999,0.2689725
-149.8667,-49.96465,9.0,11.8232,-0.1985415
-158.6724,-53.483959999999996,9.0,13.949639999999999,-0.1067565
-166.095,-58.377159999999996,9.0,10.83153,-0.1974092
-165.5376,-67.03156,9.0,17.4711,1.001247
-153.1915,-73.67538,9.0,18.30172,-0.155432
-140.9333,-72.78268,9.0,14.879760000000001,-0.23506129999999997
-126.3951,-76.1115,9.0,25.19763,0.04195231
-112.0012,-88.29833,9.0,26.18506,0.0537108
-107.1952,-106.3925,9.0,23.64546,-0.19154079999999998
-109.3419,-116.8759,9.0,11.439010000000001,-0.08796914
-113.9968,-126.5923,9.0,21.270229999999998,0.5417566
-126.3519,-134.8254,9.0,18.51295,-0.3303399
-138.1703,-132.3624,9.0,15.58999,0.058325199999999994
-145.6773,-119.8158,9.0,24.94077,0.29103140000000005
-152.5463,-102.2608,9.0,18.5916,-1.487523
-162.3763,-100.7039,9.0,12.40835,-0.2534081
-167.0481,-112.0884,9.0,24.20695,1.0745049999999998
-168.6359,-135.2576,9.0,38.0347,0.4516638
-168.7231,-166.88,9.0,45.49977,0.32274709999999995
-165.2781,-201.4811,9.0,46.44847,-0.3185175
-162.9329,-232.50400000000002,9.0,36.243959999999994,-1.507875
-157.8149,-252.4213,9.0,24.17717,-0.3298725
-144.3458,-260.3394,9.0,18.96085,-0.41992979999999996
-132.125,-253.8667,9.0,24.27297,1.084031
-124.9292,-231.8413,9.0,36.52277,0.49461590000000005
-127.96700000000001,-205.7195,9.0,29.31092,-1.2245629999999998
-128.3448,-191.1024,9.0,14.829270000000001,-0.1154259
-123.1628,-182.6479,9.0,15.688120000000001,0.6713539000000001
-110.0021,-183.5186,9.0,17.85045,-0.3076771
-103.1847,-192.6993,9.0,16.51556,0.9696825000000001
-102.8328,-210.5082,9.0,31.26475,0.8799868000000001
-105.7431,-236.5515,9.0,37.861290000000004,-0.1966068
-101.7065,-262.5779,9.0,34.46055,-0.2487018
-80.87912,-273.1566,9.0,32.86003,-0.04051334
-58.69425,-265.1407,9.0,31.796590000000002,0.006077300999999999
-48.9258,-242.9375,9.0,35.00975,-0.0062030259999999995
-44.771570000000004,-216.3785,9.0,36.740190000000005,-0.15740320000000002
-39.23838,-190.9113,9.0,33.14717,-0.3953682
-26.15166,-172.8655,9.0,27.234240000000003,-0.39372890000000005
-11.381260000000001,-162.0532,9.0,22.39462,-0.32372049999999997
1.504877,-153.5547,9.0,18.95017,-0.2640341
11.1582,-143.7261,9.0,21.259520000000002,0.4984107
9.643024,-126.8292,9.0,26.78104,0.248385
-3.5423449999999996,-110.2693,9.0,29.61722,-0.003117963
-9.985021000000001,-89.18236999999999,9.0,30.20849,0.02244009
-10.910810000000001,-65.87947,9.0,33.64038,0.3190608
-7.18124,-40.33487,9.0,35.58782,0.09365591
-2.693657,-13.92896,9.0,36.62757,0.06120419
-3.078409,10.90743,9.0,27.8084,-0.4759928
-7.483204,27.58607,9.0,19.73116,-0.3044048
-17.803079999999998,39.79186,9.0,26.474,0.5095944
-39.062,45.26324,9.0,33.31491,0.2467152
-66.37886,43.908229999999996,9.0,40.52063,0.5139629
-99.05579,43.51605,9.0,47.27449,0.23076420000000003
-132.643,39.443740000000005,9.0,36.16265,-3.578175
-147.3731,21.16912,9.0,34.46247,0.1602007
-141.7014,-6.126791000000001,9.0,40.89159,0.4197919
-143.577,-33.56714,10.0,23.20701,-3.0237979999999998
-147.8799,-46.02585,10.0,19.72618,0.5573228
-158.6616,-54.67926,10.0,17.152839999999998,-0.2557755
-166.9819,-61.58211,10.0,12.96397,-0.28777379999999997
-162.0691,-71.61169,10.0,18.59007,-0.3609259
-148.94,-72.63773,10.0,18.685879999999997,0.11845139999999998
-135.7454,-73.42939,10.0,18.889429999999997,1.105306
-118.87200000000001,-80.62442,10.0,28.78322,0.2368208
-107.3503,-100.42,10.0,34.58166,0.38268240000000003
-113.1199,-124.9719,10.0,28.94608,-2.574712
-127.773,-133.583,10.0,20.70139,-0.36916059999999995
-140.4792,-130.0071,10.0,17.85387,0.6150727
-146.1561,-114.9756,10.0,25.104779999999998,-0.36813609999999997
-150.6817,-104.2324,10.0,4.063794000000001,-0.07651412
-155.7882,-100.84,10.0,12.73183,0.5194575
-165.653,-105.3135,10.0,18.95114,0.2213641
-168.0149,-121.6625,10.0,25.94776,0.5083988
-168.8867,-143.4593,10.0,33.34983,0.3227
-168.3114,-169.6395,10.0,37.41344,0.11957449999999999
-166.274,-198.3615,10.0,40.04632,0.1241504
-164.171,-225.3442,10.0,32.67758,-0.5272886999999999
-161.6721,-246.7336,10.0,25.60502,-0.562237
-150.2771,-258.373,10.0,21.544729999999998,0.5309670999999999
-134.0786,-256.0475,10.0,23.724120000000003,-0.009826593
-125.8384,-239.1292,10.0,27.41279,0.22118569999999999
-125.8308,-217.8483,10.0,30.44036,0.24238160000000003
-127.8254,-198.1685,10.0,18.24067,-1.402463
-127.0405,-186.5524,10.0,13.499039999999999,-0.3681104
-119.206,-181.9011,10.0,15.28116,0.2543497
-106.9535,-185.4201,10.0,18.00825,-0.06464246
-103.0151,-198.174,10.0,19.793229999999998,0.18983470000000002
-103.9351,-213.7524,10.0,21.78025,0.005696789
-105.1584,-230.1851,10.0,24.62153,0.5250669
-105.8819,-250.7791,10.0,29.916929999999997,0.03476582
-96.05742,-269.4473,10.0,30.47144,0.35952470000000003
-71.04466,-271.1952,10.0,37.79428,0.45143370000000005
-51.02792,-253.4304,10.0,38.25805,0.27690159999999997
-46.52448,-223.0967,10.0,43.53322,0.2762125
-39.78604,-193.345,10.0,36.89073,-0.6247402
-26.2331,-173.4735,10.0,28.989320000000003,-0.5028957000000001
-10.983239999999999,-162.1466,10.0,19.43383,-2.0886970000000002
-2.275941,-156.0928,10.0,16.65338,0.5398504
9.016752,-147.0583,10.0,19.16487,-0.1467057
12.64433,-131.7061,10.0,26.67663,0.2847489
-1.154269,-115.1604,10.0,32.110209999999995,0.1704376
-9.554651,-91.40669,10.0,33.8661,-0.5477217
-10.03035,-67.61189,10.0,33.92635,0.4843825
-7.157233,-40.279720000000005,10.0,40.26318,0.4567593
-2.321355,-8.572017,10.0,46.08902,0.3738739
-6.12041,26.103189999999998,10.0,45.48052,-0.7998608
-30.767979999999998,44.06041,10.0,43.98474,0.1563155
-65.0612,44.16537,10.0,48.96747,0.398285
-103.205,42.57714,10.0,54.208059999999996,0.38174840000000004
-136.9439,37.27507,10.0,39.29309,0.07212222
-148.2287,14.337279999999998,10.0,36.93607,0.2409569
-141.3396,-14.12631,10.0,42.09661,0.30921659999999995
-146.7221,-40.82546,11.0,34.0276,0.21921439999999998
-164.60299999999998,-60.1312,11.0,37.857929999999996,-0.17082979999999998
-167.4466,-78.98392,11.0,20.15001,-0.3400114
-154.7947,-75.00235,11.0,22.92894,0.49928950000000005
-138.0205,-70.74963000000001,11.0,27.414040000000004,0.3691893
-119.2363,-83.11681999999999,11.0,31.91364,-0.2016759
-108.9283,-103.3734,11.0,33.79034,0.3430292
-117.1199,-126.1569,11.0,28.77582,-0.27754629999999997
-135.6454,-132.0733,11.0,29.88823,0.3052863
-144.7826,-112.5637,11.0,32.5684,-0.6112396999999999
-149.8806,-101.8388,11.0,12.78711,0.5683335999999999
-163.0981,-103.6823,11.0,23.33439,0.2578982
-166.37900000000002,-121.7793,11.0,28.69813,0.4876606
-167.2979,-145.3701,11.0,35.17665,0.22550229999999996
-167.6733,-173.6401,11.0,41.19879,0.21117049999999998
-164.5586,-206.24900000000002,11.0,47.070370000000004,0.1949484
-161.8342,-240.3788,11.0,40.39779,-1.234542
-148.8337,-258.8427,11.0,29.018629999999998,0.15352839999999998
-129.9076,-252.2005,11.0,29.93348,0.13761400000000001
-125.2361,-228.2836,11.0,35.9393,0.4277126
-127.9094,-200.4044,11.0,35.09575,-0.23794679999999999
-119.3068,-180.1406,11.0,26.902690000000003,0.05136082
-106.9971,-189.6015,11.0,24.94428,0.2195177
-106.3825,-210.4413,11.0,31.43699,0.2317489
-106.881,-235.858,11.0,37.57819,0.4418536
-100.7497,-264.0838,11.0,41.19538,-0.10317080000000001
-73.89441,-271.6642,11.0,40.86209,0.3696899
-50.64046,-254.1449,11.0,41.207770000000004,0.10551920000000001
-44.82927,-222.051,11.0,46.77854,0.4202425
-36.22315,-186.8035,11.0,51.13948,0.17703110000000002
-10.8312,-162.912,11.0,39.0499,-0.7358674
8.226301,-147.5667,11.0,29.11992,-0.5768592
11.04963,-129.8967,11.0,23.68508,0.4480981
-0.5072135999999999,-113.819,11.0,30.13669,0.2159552
-8.670241,-90.95515,11.0,36.06055,0.2322562
-9.96492,-62.125119999999995,11.0,41.99653,0.4271028
-4.511979,-29.256459999999997,11.0,47.72437,0.18399620000000003
-2.359568,7.870722,11.0,52.59635,0.12797719999999999
-17.73775,40.748909999999995,11.0,47.177279999999996,-0.3511719
-51.497240000000005,43.95562,11.0,48.55417,0.1898825
-89.39449,41.76812,11.0,53.953230000000005,0.39231370000000004
-128.8291,39.33852,11.0,46.47899,-0.8054262
-149.9654,18.9428,11.0,40.3784,-0.1683944
-142.9406,-11.0856,11.0,44.03837,0.1546982
-145.8391,-42.54289,12.0,36.45578,-1.4047319999999999
-163.2037,-54.55754,12.0,28.794559999999997,-0.06384633
-165.1912,-70.44341,12.0,23.82561,0.01802259
-146.5211,-71.11998,12.0,28.80667,0.2198768
-123.945,-77.00950999999999,12.0,34.679959999999994,0.3862993
-107.4126,-97.79074,12.0,38.67519,0.1001081
-113.1892,-121.7401,12.0,27.94305,-0.7896834
-129.6658,-132.4879,12.0,24.2438,-0.4856062
-144.3534,-126.887,12.0,24.322210000000002,0.2572856
-148.247,-107.3123,12.0,28.181240000000003,-1.467493
-162.0738,-101.2811,12.0,19.62612,0.08036523
-167.6964,-116.1943,12.0,28.59791,0.9780083
-167.9102,-141.963,12.0,38.169540000000005,0.4349665
-167.7248,-172.2242,12.0,43.89138,0.45606220000000003
-165.5116,-206.9388,12.0,49.563,0.182894
-162.5203,-243.4072,12.0,44.42203,0.3523054
-143.4424,-258.346,12.0,27.96698,-0.8394927
-129.6851,-243.0598,12.0,31.173709999999996,0.1777567
-125.5582,-218.0841,12.0,37.20838,0.19001600000000002
-128.4952,-191.8055,12.0,33.25614,-0.007823837
-112.8551,-180.2478,12.0,27.021559999999997,-0.47342029999999996
-108.1707,-196.12900000000002,12.0,26.714859999999998,0.24595970000000003
-110.3253,-217.9859,12.0,33.08965,0.4661316
-107.6478,-244.7951,12.0,39.419270000000004,0.45325119999999997
-93.17108,-269.9242,12.0,39.81043,-0.28047340000000004
-63.867490000000004,-268.0824,12.0,42.60358,0.32403590000000004
-45.34975,-246.6689,12.0,36.09397,-0.5643663000000001
-53.90223,-224.9357,12.0,25.26514,-2.838714
-53.03886,-216.8815,12.0,5.572346,0.008745373
-53.316269999999996,-215.0036,12.0,1.826628,0.3542092
-50.457370000000004,-218.4231,12.0,10.19764,0.49990390000000007
-42.930009999999996,-214.0003,12.0,15.599570000000002,-0.2986614
-41.72815,-203.8991,12.0,13.469879999999998,0.6697645999999999
-39.615790000000004,-189.9821,12.0,23.08338,0.2510677
-28.903840000000002,-173.7974,12.0,29.65356,0.45741390000000004
-8.767491,-160.2733,12.0,36.02145,0.22484610000000002
10.71541,-141.6496,12.0,34.33532,-1.537513
6.566783,-120.9934,12.0,31.50992,0.9578715
-7.797903,-95.45206999999999,12.0,47.30853,0.8501415000000001
-9.371945,-57.224090000000004,12.0,54.53292,0.3320729
-2.767506,-15.56448,12.0,59.35805,0.3355514
-5.808215000000001,23.13397,12.0,34.847609999999996,-3.267707
-21.533,42.26571,12.0,36.591640000000005,0.2047733
-49.50731,44.73344,12.0,41.03262,0.424612
-81.99334,44.47351,12.0,46.759679999999996,0.40001509999999996
-118.3365,40.94145,12.0,50.09317,-0.2004217
-150.3441,29.1069,12.0,44.28567,-0.6370543000000001
-153.0522,13.07799,12.0,7.641456,-0.9994059000000001
-151.8671,12.74111,12.0,6.775599000000001,0.40618790000000005
-146.849,7.305802000000001,12.0,14.56282,0.5421517
-145.8937,-6.29994,12.0,22.041729999999998,0.5247588000000001
-142.4483,-24.94314,12.0,29.031509999999997,0.28477600000000003
-142.2214,-35.82777,13.0,8.137276,0.5991719
-145.5069,-44.12066,13.0,16.00392,0.5650353
-156.889,-52.808769999999996,13.0,23.14939,0.5294071
-167.297,-66.06206999999999,13.0,21.562739999999998,-0.6322873999999999
-158.8756,-75.82964,13.0,18.06024,0.19069560000000002
-144.1107,-73.56795,13.0,20.579,-0.19278520000000002
-129.57299999999998,-73.06461999999999,13.0,22.81568,0.5146161
-113.4972,-83.09099,13.0,28.928359999999998,0.1991965
-106.709,-105.0157,13.0,34.1227,0.30128649999999996
-119.8035,-127.3959,13.0,37.98257,0.2759353
-143.3767,-129.388,13.0,23.267129999999998,-1.249802
-144.0581,-122.65,13.0,6.8603130000000005,0.5998049
-138.244,-122.257,13.0,1.074467,0.6462364
-141.9673,-123.4941,13.0,9.092994000000001,0.4454526
-145.523,-128.4755,13.0,4.585999,-0.8650074000000001
-145.3925,-128.011,13.0,5.410330999999999,0.6680149999999999
-142.1496,-121.4952,13.0,14.140720000000002,0.6105474
-140.8768,-108.7515,13.0,21.44115,0.48909830000000004
-153.9778,-97.77728,13.0,26.3608,0.02895393
-166.4918,-108.0343,13.0,24.64518,0.6538478
-167.7727,-129.8479,13.0,32.99731,0.48812659999999997
-167.5666,-156.9421,13.0,39.7814,0.4982964
-167.9798,-188.7803,13.0,46.15048,0.2143496
-168.0325,-225.231,13.0,52.129909999999995,0.401047
-153.3013,-255.3087,13.0,43.303329999999995,-0.38209109999999996
-129.0407,-250.3599,13.0,28.905240000000003,0.10188760000000001
-128.3713,-226.2984,13.0,38.12942,0.7796466999999999
-127.6794,-196.3943,13.0,36.72014,-3.924169
-122.4123,-183.0564,13.0,14.178510000000001,-0.11590410000000001
-110.8074,-183.7184,13.0,20.85426,0.3961354
-104.8125,-199.972,13.0,27.41835,0.5194376
-107.1389,-222.7081,13.0,34.396679999999996,0.2535014
-104.7614,-249.9378,13.0,39.96678,0.1923453
-84.02681,-271.5593,13.0,42.64,0.0013795970000000002
-55.65314,-262.7599,13.0,42.50863,0.001047731
-48.89266,-231.8233,13.0,46.0776,0.43390150000000005
-42.80045,-199.8785,13.0,42.13852,0.3722548
-22.306160000000002,-174.0,13.0,47.72197,0.459954
3.0232099999999997,-146.3142,13.0,51.49638,-0.6768316999999999
6.396414,-114.7031,13.0,38.27495,-1.4966629999999999
-8.850949,-97.33118,13.0,27.686490000000003,-0.12105039999999999
-6.409351,-73.79628000000001,13.0,35.69663,0.2398748
-5.467128,-44.870470000000005,13.0,42.342079999999996,0.48665119999999995
-4.1749410000000005,-11.16835,13.0,48.566790000000005,0.44007440000000003
-6.657021,25.888279999999998,13.0,47.48506,-1.489315
-26.743779999999997,41.75475,13.0,27.399959999999997,-1.746591
-34.6148,33.396209999999996,13.0,14.01629,-0.05394563
-35.12164,32.58879,13.0,0.07381446,0.03695464
-35.16758,32.59447,13.0,0.05941352,0.0023415289999999997
-34.429190000000006,34.987629999999996,13.0,7.5390820000000005,0.26715900000000004
-32.75763,42.273590000000006,13.0,8.458022999999999,-0.3994408
-32.25742,44.7226,13.0,1.2879,0.2760362
-34.80457,41.76147,13.0,9.470788,0.5933076
-44.20443,42.93504,13.0,16.86301,0.5134794
-59.011359999999996,45.348,13.0,23.675639999999998,0.4719195
-78.78206999999999,42.85202,13.0,30.14552,0.2205984
-103.3237,42.699329999999996,13.0,36.131890000000006,0.43209899999999996
-131.3409,38.83416,13.0,40.31981,-0.17089110000000002
-147.6949,17.13638,13.0,38.66222,0.1388855
-145.3818,-13.23523,13.0,43.92477,0.38359970000000004
-147.4397,-46.19872,14.0,41.175,-1.7912130000000002
-162.9802,-63.268840000000004,14.0,24.70713,-1.09342
-153.0367,-75.48222,14.0,26.426809999999996,0.37494190000000005
-131.3453,-76.62456999999999,14.0,32.0321,0.260631
-112.431,-92.44559,14.0,36.06834,0.22209310000000002
-113.3109,-118.8891,14.0,38.3477,0.1620994
-136.4841,-131.8799,14.0,32.439209999999996,-0.7488727
-146.092,-121.0796,14.0,8.876902000000001,-2.531666
-146.296,-119.4865,14.0,1.9417779999999998,-0.006093595
-147.1432,-118.4186,14.0,1.6281809999999999,-0.03214551
-148.0862,-117.6574,14.0,2.854414,0.22227280000000002
-150.8079,-117.4173,14.0,2.558389,-1.221682
-149.166,-116.5092,14.0,7.065285,0.6312310999999999
-144.7307,-109.7085,14.0,15.288960000000001,0.5649148
-150.629,-98.17056,14.0,21.84335,0.4089723
-165.8966,-102.6032,14.0,25.72851,0.3075966
-166.8051,-123.2199,14.0,31.76975,0.5143747999999999
-166.6785,-149.2731,14.0,38.61567,0.23385079999999997
-166.8519,-180.3538,14.0,45.173140000000004,0.2127474
-167.1467,-216.1109,14.0,51.32724,0.442741
-158.1167,-249.69299999999998,14.0,38.44672,-1.690784
-142.0779,-253.4737,14.0,8.768707000000001,-1.8399159999999999
-141.458,-250.2184,14.0,2.890816,-0.2467069
-138.6968,-248.0996,14.0,8.267209,0.8763078000000001
-130.1679,-250.731,14.0,14.587,-0.27734169999999997
-121.8492,-249.7769,14.0,10.009780000000001,-0.31615809999999994
-122.3062,-240.6225,14.0,17.39742,0.7570453
-125.7805,-225.2209,14.0,25.16358,0.2825125
-127.5205,-203.89700000000002,14.0,32.5448,0.25616479999999997
-121.4509,-181.0419,14.0,30.7218,-0.2793815
-106.1057,-185.6207,14.0,24.87879,0.48671909999999996
-106.7764,-210.6951,14.0,44.05983,1.4755129999999999
-104.2465,-249.3972,14.0,57.38828,-0.04564381
-78.08986999999999,-272.2721,14.0,45.23511,0.1842932
-50.38935,-257.5118,14.0,43.33968,-0.102474
-49.52805,-224.8899,14.0,46.94475,0.290609
-36.72514,-191.8875,14.0,50.83828,0.37041209999999997
-9.049027,-163.643,14.0,56.226659999999995,0.1975981
10.0779,-130.96200000000002,14.0,39.318490000000004,-2.6401470000000002
-0.08429711,-112.3593,14.0,25.591070000000002,0.16670639999999998
-5.8974910000000005,-91.40616999999999,14.0,33.154540000000004,0.48795770000000005
-3.96759,-64.39819,14.0,39.96951,0.2339301
-2.376504,-32.34762,14.0,46.43472,0.2246895
-2.801405,4.315355,14.0,52.49436,0.43014090000000005
-14.29752,37.70498,14.0,44.16175,-0.1894118
-45.593990000000005,41.221470000000004,14.0,45.85092,0.4190964
-81.88329,40.22348,14.0,51.86895,0.2070069
-121.6797,41.54642,14.0,50.63828,-1.66805
-144.7754,28.02638,14.0,24.84554,-1.2343790000000001
-144.2879,22.21639,14.0,3.7400029999999997,0.680717
-141.6193,24.972720000000002,14.0,4.732817,-0.1726936
-142.1455,24.21369,14.0,6.267384,0.47817529999999997
-147.5555,21.42097,14.0,8.687111,-1.186207
-149.3974,21.95811,14.0,2.441459,0.6537801
-145.2477,18.82265,14.0,11.580060000000001,0.6387535
-141.0101,8.174709,14.0,19.87365,0.5884264
-141.3082,-9.502987,14.0,27.841459999999998,0.27105559999999995
-141.7775,-34.06293,1.0,5.308516,0.7342088999999999
-142.0695,-39.63436,1.0,11.6615,0.34643720000000006
-146.7991,-50.2473,1.0,20.19389,0.4628460999999999
-160.9691,-61.046580000000006,1.0,27.43928,0.1724521
-155.8541,-76.71513,1.0,24.5605,-0.13945510000000003
-140.2219,-68.32703000000001,1.0,25.42215,-0.7109094
-135.8696,-68.27781999999999,1.0,0.02408783,-0.000967269
-135.8509,-68.28063,1.0,0.02566068,0.000440022
-135.8329,-68.28304,1.0,0.02324259,0.01616131
-135.9684,-68.81789,1.0,3.641365,0.4994255999999999
-135.8384,-72.10855,1.0,4.4892769999999995,-0.04090896
-135.8502,-75.11194,1.0,3.6490489999999998,-0.05752361
-136.8324,-76.47466,1.0,1.497348,0.6527066
-132.634,-74.94986999999999,1.0,10.58113,0.6313745
-122.219,-77.78345,1.0,18.5947,0.2370018
-113.6288,-91.83147,1.0,26.26065,0.5566300000000001
-110.9967,-113.1971,1.0,32.575559999999996,0.1905518
-127.2244,-132.2738,1.0,36.96587,0.1348051
-146.2856,-125.4872,1.0,22.44365,-0.4674594
-138.762,-111.8058,1.0,24.62291,-0.1632574
-138.4578,-108.7158,1.0,0.02083589,-0.04237036
-138.4586,-108.7335,1.0,0.01570116,-0.02250986
-139.2139,-108.4395,1.0,5.074606,0.6395847
-144.4367,-109.3014,1.0,7.9193229999999994,-0.0671602
-145.4422,-110.3475,1.0,3.7271300000000003,0.32532659999999997
-144.5215,-104.522,1.0,12.33953,0.5733656
-152.3329,-96.19131,1.0,18.62422,-0.42076959999999997
-163.1807,-99.06192,1.0,13.81555,-0.08818322
-166.8044,-113.3116,1.0,27.5821,0.4710566
-170.2098,-137.5428,1.0,37.37195,0.30259020000000003
-163.0246,-165.2645,1.0,36.08212,-0.3304949
-167.4099,-188.8808,1.0,30.145670000000003,0.5123978
-167.0355,-216.5929,1.0,39.67338,-0.5837554
-164.0254,-242.8279,1.0,31.02893,-0.8806924999999999
-147.0838,-251.00900000000001,1.0,27.37953,0.6054844
-125.8224,-244.0502,1.0,31.9964,-0.3734381
-126.215,-227.8352,1.0,24.53523,0.5886024000000001
-128.0913,-212.6731,1.0,22.81444,-0.3504604
-123.2024,-199.5678,1.0,17.84892,0.1585335
-123.9883,-187.4738,1.0,14.514320000000001,-0.06266797
-112.8331,-185.5686,1.0,19.29103,-0.2100152
-110.3302,-196.982,1.0,14.379560000000001,-0.09307501
-109.9495,-208.0376,1.0,18.092270000000003,0.5707388000000001
-108.3659,-224.2937,1.0,25.89954,0.2888502
-105.4186,-246.0138,1.0,33.16372,0.4813483
-90.99716,-267.4945,1.0,37.952709999999996,0.22908960000000003
-63.61526,-267.496,1.0,39.481159999999996,-0.03091098
-51.96199,-241.8933,1.0,41.02776,0.45722290000000004
-45.34541,-210.549,1.0,46.23943,0.40737049999999997
-24.13743,-181.41299999999998,1.0,51.62812,0.2059395
1.146134,-149.9669,1.0,57.21406999999999,0.1840991
11.60798,-113.7487,1.0,33.31327,-4.380912
10.058760000000001,-104.3876,1.0,1.226919,-0.17325079999999998
9.759018,-104.2439,1.0,0.22454210000000002,-0.01998189
12.06909,-105.7895,1.0,6.75338,0.33743290000000004
17.47052,-107.1961,1.0,5.447309,-0.7757082
17.892429999999997,-107.1127,1.0,4.007126,0.5989807
12.16297,-109.3493,1.0,12.53604,0.6275496
1.7901790000000002,-110.66799999999999,1.0,17.062260000000002,0.22758670000000003
0.9352716999999999,-96.43629,1.0,23.533739999999998,0.43254960000000003
-2.769125,-77.2964,1.0,30.1256,0.47453609999999996
-5.630882,-52.766369999999995,1.0,36.752520000000004,0.47904670000000005
-6.405638,-23.15325,1.0,43.18097,0.217741
-6.503435,11.12818,1.0,49.247840000000004,0.43431640000000005
-14.39768,41.1467,1.0,29.39702,-3.899907
-24.73563,41.642520000000005,1.0,15.38139,0.5341116
-37.72518,37.86408,1.0,22.40931,0.5278044
-56.88118000000001,39.86098,1.0,29.62145,0.5000478
-81.40348,39.56728,1.0,36.53588,0.4870813
-110.8666,40.28549,1.0,42.993809999999996,0.22650570000000003
-140.0499,36.48746,1.0,31.714940000000002,-1.756461
-142.3802,24.46484,1.0,8.900767,-0.41450249999999994
-137.7517,24.27167,1.0,0.14215179999999997,0.22278449999999997
-137.7518,24.224870000000003,1.0,0.05799243,0.001174392
-138.4161,24.41581,1.0,4.14898,0.30445320000000003
-143.9357,24.22725,1.0,10.134139999999999,0.30435999999999996
-150.4352,25.200960000000002,1.0,4.626311,-0.3805854
-150.4368,25.09538,1.0,4.414059,0.6332629
-147.1549,20.03108,1.0,12.321489999999999,0.2612448
-150.9326,9.203294999999999,1.0,19.23285,0.2042276
-149.429,-6.611342999999999,1.0,25.22824,0.48683009999999993
-146.1452,-27.43587,1.0,31.6813,0.44094209999999995
-153.6765,-49.29657,2.0,32.17817,0.05654974
-166.8657,-65.8629,2.0,27.002940000000002,-0.4474095
-156.9025,-71.85506,2.0,9.646142,-0.9655374
-155.7154,-68.52699,2.0,0.05179103,-0.0161099
-155.6796,-68.52814000000001,2.0,0.04212189,0.01298088
-156.1032,-70.34235,2.0,5.154616000000001,0.1034489
-156.5942,-74.04373000000001,2.0,4.741841,-0.01845885
-156.5979,-74.63133,2.0,4.1500639999999995,0.6684296
-150.6151,-72.82804,2.0,13.22996,0.6272818
-140.1063,-79.83498,2.0,21.43287,0.3855726
-126.4094,-83.58033,2.0,17.5615,-0.1045059
-114.7945,-93.51501,2.0,28.04125,0.36533790000000005
-112.8228,-115.0721,2.0,31.21423,0.10585839999999998
-130.2737,-130.3605,2.0,32.45042,-0.2204027
-145.4245,-122.6525,2.0,20.28354,-0.1952499
-138.8513,-108.3387,2.0,20.40315,-1.116889
-149.8241,-101.5165,2.0,21.31971,0.27695970000000003
-160.9183,-108.5408,2.0,16.68287,-0.07502039
-162.2143,-120.8996,2.0,17.94888,0.2925724
-165.2955,-136.4924,2.0,25.73339,0.55316
-165.2556,-158.4532,2.0,33.507020000000004,0.5487986999999999
-165.5862,-186.0777,2.0,40.81443,0.5292137
-165.9387,-218.8516,2.0,47.60833,0.237794
-160.4231,-247.175,2.0,22.50836,-0.27206440000000004
-143.9182,-252.0303,2.0,27.59757,0.5926925000000001
-125.5866,-243.53,2.0,27.575709999999997,-0.7022957
-127.7016,-224.2373,2.0,31.06617,0.39156799999999997
-126.4337,-198.6844,2.0,38.229440000000004,-0.5148904000000001
-121.4995,-184.292,2.0,10.143460000000001,-0.08095489
-112.3994,-187.6341,2.0,17.53688,0.49477029999999994
-110.1104,-203.2789,2.0,25.48259,0.28957740000000004
-107.9765,-224.9883,2.0,33.29027,0.5136562
-102.0417,-251.6312,2.0,40.218509999999995,0.41516949999999997
-80.06260999999999,-270.7787,2.0,40.58607,-0.2416294
-53.88972,-257.6752,2.0,42.13413,0.1090547
-49.54359,-227.0138,2.0,45.12019,0.18600629999999999
-38.95355,-194.1571,2.0,49.29886,0.1699251
-12.4549,-165.8154,2.0,55.397059999999996,0.4220758
8.54006,-133.9554,2.0,34.986709999999995,-3.3482529999999997
2.718757,-120.0605,2.0,20.949920000000002,0.5852761
-6.076261,-104.6136,2.0,28.09133,0.5394158
-6.644092,-81.0365,2.0,35.61895,0.5248482
-6.785050999999999,-51.99631,2.0,42.75564,0.25283310000000003
-7.1262479999999995,-17.75977,2.0,49.50005,0.46340870000000006
-7.484724000000001,21.21446,2.0,53.63735,-1.6838540000000002
-20.78304,45.46692,2.0,22.83065,-2.535154
-25.80408,45.28196,2.0,3.8068720000000003,0.3435593
-28.067529999999998,40.282270000000004,2.0,12.36802,0.6067045
-39.354890000000005,43.18457,2.0,20.52178,0.5934244000000001
-56.432269999999995,45.968,2.0,27.58758,0.2787731
-79.54954000000001,42.45682,2.0,35.25298,0.5247066
-108.2942,41.32869,2.0,42.382220000000004,0.23737339999999998
-140.7868,35.759859999999996,2.0,41.80405,-0.9841464
-150.2629,19.836489999999998,2.0,10.23557,-2.59717
-147.4854,19.45639,2.0,7.521611999999999,0.6015828000000001
-143.2194,13.00671,2.0,15.76777,0.5536591
-149.9628,0.3236731,2.0,23.39176,0.3973011
-147.368,-18.05343,2.0,29.28993,0.5192642
-142.1875,-35.73336,3.0,11.71101,0.7574791999999999
-144.8473,-43.95082,3.0,11.45357,0.161841
-153.0512,-52.06165,3.0,16.891379999999998,-0.3149676
-163.6993,-55.359759999999994,3.0,13.34438,-0.27379709999999996
-166.3147,-62.754819999999995,3.0,9.982519,-0.1623852
-161.5137,-70.09815,3.0,16.05491,0.2855091
-147.3861,-71.8561,3.0,23.66304,0.2785994
-127.8315,-76.48467,3.0,29.47097,-0.45869390000000004
-112.7735,-88.70827,3.0,23.80849,-0.25472670000000003
-107.8849,-106.9316,3.0,28.24942,-0.45287440000000007
-113.7382,-124.5566,3.0,22.63711,-0.2017011
-126.8361,-133.1934,3.0,23.68944,0.504158
-141.9301,-127.6096,3.0,24.734720000000003,0.4781361
-149.1723,-107.3773,3.0,27.43488,-0.34812750000000003
-162.0463,-104.9595,3.0,18.05951,0.23573720000000004
-167.3732,-119.7258,3.0,25.58352,0.5949919
-169.7432,-141.4731,3.0,33.3025,0.2630141
-167.93,-168.6721,3.0,40.40461,0.5127185000000001
-166.3722,-201.1194,3.0,47.12043,0.4922077
-163.9281,-237.2953,3.0,47.46591,-0.8345121999999999
-149.1494,-259.1379,3.0,29.55442,-1.052964
-132.1957,-249.7127,3.0,29.844279999999998,0.2581601
-125.5554,-227.4912,3.0,34.65528,0.4685665
-127.8914,-201.0198,3.0,34.61156,-0.1098272
-120.5431,-179.952,3.0,24.44895,-1.267147
-108.6656,-185.6246,3.0,21.27907,0.2139248
-108.3341,-203.6421,3.0,28.15662,0.27652140000000003
-104.7249,-225.855,3.0,30.040329999999997,-0.4205714
-106.2539,-246.8912,3.0,31.42083,1.4211209999999999
-95.00723,-269.5154,3.0,36.658609999999996,-0.1317634
-69.30181999999999,-268.7827,3.0,25.51898,-1.5577809999999999
-57.766490000000005,-267.7532,3.0,8.133654,-0.9461569
-56.44214,-266.89799999999997,3.0,2.873227,0.1918062
-57.18623,-267.3778,3.0,0.6108981,0.2943564
-55.21946,-265.2251,3.0,6.550808999999999,0.2380011
-50.7562,-262.2475,3.0,8.071708000000001,0.03723731
-48.18969,-263.685,3.0,1.1217629999999998,0.6413744
-49.89888,-259.8637,3.0,9.93873,0.5909506999999999
-48.610929999999996,-249.6763,3.0,18.00535,0.5474611
-45.0341,-233.9123,3.0,25.61399,0.520062
-42.555640000000004,-212.363,3.0,32.78307,0.48717659999999996
-36.15827,-187.0137,3.0,37.592659999999995,0.23631439999999998
-15.251439999999999,-165.729,3.0,38.85131,-2.039641
0.6758162,-152.1724,3.0,22.39002,-0.20213989999999998
10.674760000000001,-141.5482,3.0,17.40051,-0.3526877
10.97633,-130.4412,3.0,15.06158,0.29677040000000005
3.395806,-118.807,3.0,22.63243,0.2731015
-5.756133,-101.8109,3.0,29.73998,0.522041
-10.37561,-77.69165,3.0,36.402840000000005,0.4846554
-8.399644,-48.36837,3.0,42.748090000000005,0.4476279
-3.8529150000000003,-15.39034,3.0,43.603970000000004,-0.630469
-4.066396,9.5021,3.0,18.44125,-1.0521969999999998
-4.881022,15.18346,3.0,4.331049,1.0183389999999999
-6.318873,22.17142,3.0,13.97281,0.6319985
-11.68759,34.24569,3.0,21.806810000000002,0.5092849
-27.535290000000003,43.75343,3.0,28.75575,0.23708720000000003
-51.01992,44.62021,3.0,35.28033,0.23803000000000002
-79.68365,43.97149,3.0,42.02977,0.4931563
-112.9157,41.471340000000005,3.0,45.8495,-0.42729490000000003
-143.1864,34.701209999999996,3.0,38.40775,-0.5542461
-147.4821,12.142619999999999,3.0,33.26895,0.2274636
-144.8978,-13.22112,3.0,38.02687,0.47719259999999997
-144.7294,-43.257690000000004,4.0,39.14458,-0.6510872
-157.5285,-54.27844,4.0,18.563979999999997,0.5671222
-168.2447,-61.059169999999995,4.0,19.8469,0.1794818
-157.2129,-71.99396999999999,4.0,25.28047,0.405479
-136.2528,-73.71817,4.0,31.64272,0.43964390000000003
-115.33200000000001,-87.7982,4.0,37.30943,0.41673590000000005
-110.2682,-114.3549,4.0,37.32951,-0.07990326
-129.2197,-132.6888,4.0,35.34772,-0.5024652000000001
-145.303,-119.4577,4.0,29.56105,0.05863717
-149.1584,-99.83711,4.0,20.366970000000002,-2.225822
-161.4051,-102.3865,4.0,21.28097,0.48852029999999996
-167.7729,-119.2021,4.0,28.21391,0.5372311
-170.5448,-142.6014,4.0,35.30545,0.4966201
-168.1885,-171.1307,4.0,41.94957,0.4694911
-165.1985,-204.4325,4.0,48.27793,0.19891389999999998
-162.862,-239.9488,4.0,41.12605,-0.5626869999999999
-153.5026,-254.636,4.0,18.81288,-0.3111763
-138.166,-257.9352,4.0,24.65409,0.07185549
-127.8865,-242.507,4.0,29.314390000000003,0.2600186
-126.1397,-218.5751,4.0,35.6184,0.2385942
-127.594,-190.3928,4.0,40.183640000000004,-0.0006807997
-107.5816,-177.1512,4.0,30.478479999999998,-0.809243
-100.9586,-191.7925,4.0,21.84344,-0.2459416
-114.5377,-199.5309,4.0,12.89213,-1.825305
-114.5551,-201.5556,4.0,0.003140946,-0.009146862
-114.3883,-201.5982,4.0,1.859679,0.5200214
-111.1633,-201.1535,4.0,6.6938830000000005,0.12628499999999998
-109.6803,-198.2018,4.0,0.6268678000000001,-0.2756872
-109.4331,-200.5244,4.0,6.8124970000000005,0.5427635000000001
-107.9335,-207.9942,4.0,13.680570000000001,0.2441953
-105.735,-220.4128,4.0,20.17207,0.45300470000000004
-105.6354,-237.604,4.0,26.154770000000003,0.4243763
-102.7601,-258.3846,4.0,30.98938,0.2978263
-84.10583000000001,-271.927,4.0,33.54526,0.21621420000000002
-59.23248,-265.3871,4.0,37.126290000000004,0.1577262
-49.233779999999996,-240.9257,4.0,38.29637,0.3692453
-46.192409999999995,-211.1739,4.0,42.61847,0.3132218
-31.67584,-181.7047,4.0,46.06693,0.17923050000000001
-6.512341,-159.1051,4.0,39.50526,-2.228582
7.95154,-145.5258,4.0,20.28509,-0.4494062
12.656989999999999,-133.8626,4.0,18.854789999999998,0.5723720999999999
3.403814,-119.1312,4.0,26.716140000000003,0.2085939
-6.662853,-100.1828,4.0,31.842609999999997,0.382554
-10.549489999999999,-74.96247,4.0,36.94165,0.1829514
-7.896248,-45.9441,4.0,41.73392,0.1656981
-2.300932,-13.769420000000002,4.0,46.416540000000005,0.3241518
-5.463303,21.210620000000002,4.0,45.50328,-3.908379
-18.26391,39.14655,4.0,29.514429999999997,0.3329091
-41.05584,43.898070000000004,4.0,34.17024,0.380458
-68.29144000000001,43.25462,4.0,39.331990000000005,0.35868690000000003
-99.21805,42.26637,4.0,43.750029999999995,-0.05717035
-129.2723,38.91574,4.0,33.35265,-0.6560569
-142.0705,34.19645,4.0,16.771929999999998,0.21520340000000002
-147.8516,21.11402,4.0,22.53302,0.20495259999999998
-146.2572,2.397174,4.0,28.25,0.20561
-141.8301,-20.22689,4.0,33.71506,0.3498281
-145.9537,-43.87617,5.0,28.61641,-0.3988801
-162.6487,-54.95901,5.0,29.40173,0.3638563
-166.3405,-68.45275,5.0,18.68029,0.2440693
-153.8719,-70.10689,5.0,19.733810000000002,0.681712
-137.07299999999998,-73.72208,5.0,26.20339,0.420789
-117.6945,-82.50922,5.0,31.334509999999998,0.2931292
-107.7041,-103.7399,5.0,34.233309999999996,0.2078395
-116.2129,-126.7298,5.0,31.777390000000004,-0.03581577
-135.3019,-132.1676,5.0,23.61885,-0.40596679999999996
-143.4513,-117.3577,5.0,26.28401,0.36921190000000004
-155.7903,-101.2132,5.0,26.92158,-0.4662698
-165.4457,-106.9641,5.0,17.07895,0.1082882
-165.6122,-120.2952,5.0,22.61761,0.4612173
-167.8393,-140.4864,5.0,35.83915,1.4907299999999999
-167.4393,-172.65400000000002,5.0,47.275040000000004,0.4811549
-164.2378,-209.3227,5.0,48.24995,-0.8216372999999999
-163.7892,-232.9407,5.0,21.210279999999997,-0.2201745
-161.7443,-246.4531,5.0,15.728810000000001,-0.40794240000000004
-154.5556,-255.6865,5.0,20.10324,0.9117674000000001
-137.7642,-258.7665,5.0,28.11275,0.1928754
-126.1145,-238.2752,5.0,38.22585,0.35982909999999996
-127.5665,-208.5957,5.0,37.34537,-0.7805529999999999
-127.5691,-190.4631,5.0,18.54821,-0.45862559999999997
-118.8075,-182.4038,5.0,19.3367,0.3493604
-104.35700000000001,-188.8571,5.0,24.84106,0.3239815
-102.7816,-209.8356,5.0,33.58242,0.560818
-105.1727,-236.4056,5.0,36.86119,-0.3138734
-102.9769,-260.6769,5.0,28.89487,-0.6635369000000001
-84.61729,-271.8525,5.0,32.27061,0.2908442
-60.43846,-266.223,5.0,35.68843,0.04022579
-49.47772,-242.3118,5.0,38.33979,0.17370139999999998
-45.430659999999996,-212.1579,5.0,43.21713,0.326353
-33.3871,-181.2571,5.0,46.54305,0.1628034
-8.793992,-159.8084,5.0,28.657940000000004,-3.99082
0.9394519,-153.5329,5.0,11.72507,-0.3220278
6.556421,-149.1939,5.0,7.570335000000001,-0.28609450000000003
10.6086,-144.8473,5.0,10.77594,0.5034842
13.113920000000002,-135.0422,5.0,17.07376,0.42485680000000003
6.526731,-121.9301,5.0,23.006999999999998,0.43700079999999997
-3.890365,-105.9403,5.0,28.628109999999996,0.1963733
-9.870138,-83.50407,5.0,33.98339,0.365787
-9.3468,-56.6468,5.0,38.835370000000005,0.1752614
-3.7046059999999996,-26.54423,5.0,43.66632,0.1582035
-1.6808619999999999,5.965816,5.0,38.54659,-1.622441
-6.151229,23.74907,5.0,10.124419999999999,-0.2995198
-10.39086,32.15318,5.0,16.80196,0.4658349
-21.44949,41.41713,5.0,22.71811,0.42763379999999995
-39.75913,45.252159999999996,5.0,28.23428,0.2013555
-62.741330000000005,45.00975,5.0,33.78132,0.38528140000000005
-89.73024000000001,43.86569,5.0,38.986290000000004,0.3610882
-119.2929,41.0505,5.0,36.74689,-0.5361954000000001
-138.1683,37.399429999999995,5.0,20.75283,0.38070709999999996
-147.0948,23.232210000000002,5.0,25.82927,0.3965671
-146.3569,2.343127,5.0,31.0237,0.3882786
-141.915,-22.184060000000002,5.0,36.1757,0.1769498
-144.5854,-41.47797,6.0,13.02445,-0.15813339999999998
-150.4127,-50.88782,6.0,20.13961,0.28486
-162.1575,-56.44621,6.0,14.765070000000001,-0.4433873
-165.9817,-64.88704,6.0,16.21128,0.7258438
-153.8319,-72.88958000000001,6.0,25.93321,1.064537
-130.095,-74.74781999999999,6.0,37.961690000000004,0.6430587
-109.3635,-95.06097,6.0,38.53246,-0.6870288
-115.5006,-115.1798,6.0,14.53695,-1.839084
-118.5302,-123.8018,6.0,16.18421,0.5852908
-127.0328,-133.6591,6.0,17.38304,0.2382804
-140.7887,-129.5471,6.0,23.09045,0.32234619999999997
-145.7038,-111.4238,6.0,26.11954,-1.2508629999999998
-150.6891,-103.9121,6.0,7.5758350000000005,0.2068027
-158.2302,-100.5839,6.0,15.65422,0.5697594
-166.4252,-107.81700000000001,6.0,17.9809,0.6454604
-167.7709,-125.8241,6.0,31.31261,0.9358615
-168.74099999999999,-153.8142,6.0,43.58735,0.4056679
-166.7684,-189.9594,6.0,53.8769,0.6889675999999999
-163.5561,-228.6188,6.0,47.329440000000005,-0.7939983
-157.1905,-255.6138,6.0,29.451890000000002,-1.351365
-139.8851,-257.0746,6.0,20.392570000000003,-0.4718278
-128.4064,-247.1973,6.0,24.51912,0.1790591
-124.9081,-227.3991,6.0,29.9205,0.3942123
-128.2021,-203.4879,6.0,35.164809999999996,0.3683059
-124.9018,-183.8871,6.0,15.94256,-0.1144153
-111.31,-184.1649,6.0,21.96629,0.2931817
-103.0653,-199.3997,6.0,26.69002,0.37578059999999996
-103.6214,-221.1721,6.0,32.13694,0.39186259999999995
-105.8354,-246.8101,6.0,37.29208,0.3645741
-94.17653,-270.8877,6.0,36.52968,-0.36316809999999994
-70.81591,-269.8209,6.0,27.98333,-0.5409669
-54.39205,-262.7861,6.0,22.42447,0.36314159999999995
-47.99745,-244.4341,6.0,30.13049,0.1934965
-44.56426,-220.2779,6.0,35.55028,0.19398529999999997
-40.386790000000005,-192.4258,6.0,40.2514,0.10747609999999999
-20.5983,-170.1025,6.0,42.887890000000006,0.342063
-1.61979,-155.8865,6.0,17.157970000000002,-1.051554
6.0523940000000005,-149.8893,6.0,12.082939999999999,0.0009014159
11.87915,-142.1076,6.0,15.599639999999999,0.2898118
10.45168,-127.9341,6.0,24.075120000000002,0.6001089
-3.35335,-110.1434,6.0,37.378440000000005,0.46107529999999997
-9.568027,-78.20036,6.0,50.73701,0.9260684000000001
-6.1052669999999996,-36.51437,6.0,60.47129,0.256266
-1.995614,6.597703999999999,6.0,47.42552,-3.452929
-8.130614999999999,27.299540000000004,6.0,20.36911,-0.2820058
-18.8377,40.36221,6.0,27.2052,0.3499618
-42.77604,45.32813,6.0,40.05969,1.139923
-78.03551,44.10329,6.0,54.72331,1.033342
-117.0149,41.26212,6.0,32.52644,-3.954111
-129.9459,38.807109999999994,6.0,12.516869999999999,-0.1854109
-142.0418,34.574690000000004,6.0,23.15438,0.11441780000000001
-147.6596,17.55175,6.0,27.461990000000004,0.3921917
-144.7827,-4.6187830000000005,6.0,32.97144,0.4049147
-141.495,-30.535759999999996,6.0,37.2434,0.2076151
-142.3625,-38.93629,7.0,11.64288,0.23562289999999997
-147.3718,-48.56245,7.0,17.91778,0.4325365
-161.1444,-55.15695,7.0,23.4024,0.29132659999999994
-168.1481,-68.20663,7.0,17.34379,-0.2565221
-160.4023,-76.53529,7.0,16.931279999999997,0.12037919999999999
-146.9208,-74.80696,7.0,20.1422,0.04540659
-131.7137,-73.64108,7.0,22.23847,0.24556060000000002
-115.7015,-82.99750999999999,7.0,29.49113,0.39097009999999993
-108.0865,-104.2749,7.0,33.216159999999995,0.14367979999999997
-119.8229,-126.1837,7.0,36.06394,0.09807431
-143.8467,-129.1747,7.0,27.251309999999997,-1.250851
-145.2644,-118.6604,7.0,10.89071,-0.3792242
-143.5822,-109.764,7.0,17.77133,-0.01603145
-152.6246,-101.685,7.0,17.01933,0.3644852
-164.8705,-107.5293,7.0,20.53094,-0.22816079999999997
-165.987,-122.3483,7.0,21.95591,0.4776153
-167.5123,-141.9737,7.0,32.9422,0.5377846
-169.6766,-171.4836,7.0,46.52192,0.9192705
-170.0259,-210.0591,7.0,54.29854,-0.9158431999999999
-164.9207,-243.9399,7.0,34.0816,-1.163008
-148.0181,-254.4489,7.0,23.82807,-0.261798
-132.1163,-250.8889,7.0,22.826439999999998,0.04034964
-125.7273,-234.1239,7.0,30.21007,0.4038864
-126.1193,-209.6909,7.0,35.63819,0.3789881
-123.5299,-183.6754,7.0,25.884870000000003,-2.689326
-113.2455,-181.4489,7.0,16.33973,0.5016844
-109.3717,-195.4158,7.0,23.02161,0.42665379999999997
-108.8028,-214.6823,7.0,28.8992,0.40067990000000003
-108.3853,-238.1514,7.0,34.36985,0.3549992
-98.68139000000001,-262.626,7.0,37.801159999999996,0.08466933
-72.81506,-272.7576,7.0,39.4009,-0.005494593000000001
-51.54544,-255.1263,7.0,39.48277,0.07903455
-48.779509999999995,-224.8084,7.0,43.46685,0.33610209999999996
-36.89752,-194.5149,7.0,45.97757,0.1380465
-12.493030000000001,-168.1863,7.0,50.51725,0.3062611
7.727958999999999,-139.3587,7.0,35.674859999999995,-2.3192
5.432019,-120.6418,7.0,26.27662,0.9675063
-5.422683999999999,-101.3228,7.0,34.4431,0.41027470000000005
-3.188151,-69.74271,7.0,51.717490000000005,0.5984765000000001
-0.6357786999999999,-25.51699,7.0,67.31421,1.058745
-3.349228,21.754189999999998,7.0,54.42504,-2.708584
-19.570729999999998,42.016220000000004,7.0,28.84383,0.3814926
-45.184259999999995,40.649229999999996,7.0,39.588429999999995,0.1798138
-76.37894,40.40612,7.0,44.43653,0.1632657
-111.0086,41.27802,7.0,48.96753,0.1477973
-143.0598,34.6935,7.0,31.73842,-0.5694554000000001
-146.2522,14.45019,7.0,30.72758,0.1938592
-145.1282,-10.34441,7.0,36.096070000000005,0.38461009999999995
-146.713,-38.86023,8.0,40.75577,-0.015628700000000002
-163.759,-58.49698000000001,8.0,28.05681,-2.708151
-166.5106,-73.26106999999999,8.0,24.80704,0.31429759999999995
-148.1274,-78.42172,8.0,29.51049,0.4024433
-125.2972,-80.36138000000001,8.0,32.972809999999996,0.08947071
-111.1969,-100.91,8.0,36.095620000000004,0.21443920000000002
-119.4488,-125.677,8.0,37.39758,0.04517743
-143.1249,-130.3034,8.0,21.615,-2.063409
-145.9657,-127.0104,8.0,4.546925,1.083799
-142.1438,-122.09100000000001,8.0,12.02271,0.492806
-144.2184,-111.4144,8.0,18.18016,0.2282236
-156.2825,-102.4248,8.0,23.127760000000002,0.08111133
-167.7376,-112.9334,8.0,24.87681,0.3237682
-166.5668,-133.3094,8.0,30.332520000000002,0.3818732
-170.298,-157.4705,8.0,35.57301,0.3678563
-170.1381,-185.6135,8.0,40.365140000000004,0.1755236
-168.8905,-217.2661,8.0,45.15169,0.33637290000000003
-161.8596,-249.6988,8.0,41.196459999999995,-0.6178848000000001
-138.5208,-254.3861,8.0,28.77504,-0.7125491
-127.3185,-236.7562,8.0,31.60537,0.303079
-127.3961,-211.5288,8.0,36.6956,0.1777146
-123.2976,-184.3877,8.0,31.633440000000004,-3.5101379999999995
-111.3193,-181.2829,8.0,16.42821,0.5052433
-107.1621,-194.5566,8.0,22.1827,0.2245276
-106.5671,-213.2063,8.0,28.117379999999997,0.2106134
-105.7881,-236.1911,8.0,33.66814,0.1936938
-98.69035,-261.3541,8.0,37.352059999999994,0.06279804
-74.11014,-272.8266,8.0,38.50607,-0.03786386
-51.47822,-256.697,8.0,39.53982,0.03302359
-46.69218,-226.8751,8.0,43.30011,0.3493926
-38.48188,-195.1664,8.0,45.35406,-0.007433866999999999
-13.960870000000002,-170.3401,8.0,49.30482,0.3267074
7.0981190000000005,-140.6581,8.0,43.67243,-1.6240700000000001
2.5232810000000003,-115.4675,8.0,35.56258,1.031547
-6.355919999999999,-89.52493,8.0,39.61615,0.32641290000000006
-1.860255,-58.79553000000001,8.0,44.29398,0.15625329999999998
-1.422808,-24.22693,8.0,48.81609,0.3164114
-2.45863,13.681120000000002,8.0,53.01019,0.20919690000000002
-16.55726,41.194179999999996,8.0,30.62064,-2.18656
-26.284240000000004,41.06946,8.0,4.890402,0.5332332
-29.828429999999997,36.980940000000004,8.0,11.36772,0.42544269999999995
-38.39244,42.73774,8.0,17.7133,0.2303962
-47.82697,48.57131,8.0,3.5729019999999996,-1.176217
-48.01778,48.586940000000006,8.0,0.0303182,0.009450041999999999
-48.428059999999995,46.90397,8.0,4.561775,0.3128557
-47.33846,43.46141,8.0,3.732478,-0.483729
-48.56108,44.36238,8.0,6.937595,0.6671121
-56.57411,46.39307,8.0,15.728539999999999,0.6170584
-71.30241,44.74299,8.0,24.0636,0.28232470000000004
-91.89965,42.1911,8.0,31.903340000000004,0.554983
-118.1603,44.157270000000004,8.0,39.05585,0.45291800000000004
-142.5917,32.140029999999996,8.0,38.51083,0.1788391
-144.3493,1.940737,8.0,45.273990000000005,0.2971867
-147.0717,-33.01508,8.0,45.37449,-0.6191593000000001
-142.1632,-35.35137,9.0,2.721532,0.4028099
-144.2285,-42.181670000000004,9.0,14.705639999999999,-0.2541146
-149.9363,-50.017720000000004,9.0,11.80702,-0.09782591
-158.7685,-53.51067,9.0,13.914129999999998,-0.2173614
-166.1302,-58.445809999999994,9.0,10.79733,-0.20798029999999998
-165.4698,-67.14646,9.0,17.54941,0.46740740000000003
-153.0569,-73.67624,9.0,18.25368,-0.2874665
-140.8214,-72.78458,9.0,14.86096,-0.1121769
-126.2242,-76.18658,9.0,25.213620000000002,0.09428155
-111.8969,-88.46749,9.0,26.188679999999998,0.02152656
-107.2035,-106.5681,9.0,23.583289999999998,-0.3676768
-109.3682,-116.9559,9.0,11.41013,-0.1719181
-114.0894,-126.7238,9.0,21.33517,0.3860575
-126.4884,-134.8475,9.0,18.48612,-0.164403
-138.2621,-132.2988,9.0,15.594560000000001,0.02880682
-145.7322,-119.6397,9.0,25.039460000000002,0.5904837
-152.6398,-102.1607,9.0,18.34443,-1.487007
-162.4461,-100.76100000000001,9.0,12.38723,-0.1371088
-167.0755,-112.2671,9.0,24.29502,0.5409716
-168.6399,-135.5406,9.0,38.19151,0.9170963
-168.6981,-167.2161,9.0,45.52453,0.1561808
-165.2466,-201.8233,9.0,46.34337,-0.6241915
-162.9216,-232.7625,9.0,35.96218,-1.802113
-157.6996,-252.5579,9.0,24.10789,-0.41927129999999996
-144.2073,-260.3519,9.0,18.88907,-0.4337561
-132.014,-253.7199,9.0,24.44983,1.0319200000000002
-124.9211,-231.5654,9.0,36.561690000000006,0.2324943
-128.0005,-205.5007,9.0,29.19828,-0.6934319
-128.3276,-190.9939,9.0,14.792029999999999,-0.2192922
-123.0571,-182.5994,9.0,15.798729999999999,0.6652051
-109.8815,-183.58,9.0,17.7988,-0.30373649999999996
-103.1576,-192.8182,9.0,16.597620000000003,0.48801059999999996
-102.8476,-210.7311,9.0,31.331120000000002,0.4268005
-105.7732,-236.83599999999998,9.0,37.79766,-0.36977859999999996
-101.5765,-262.7974,9.0,34.41713,-0.25505259999999996
-80.63582,-273.1542,9.0,32.84995,-0.06016075
-58.51671999999999,-264.9808,9.0,31.796159999999997,-0.002638135
-48.879940000000005,-242.67700000000002,9.0,35.01089,0.006505948
-44.7268,-216.0998,9.0,36.7114,-0.16730599999999998
-39.1468,-190.6775,9.0,33.11347,-0.2037251
-25.989929999999998,-172.7261,9.0,27.16895,-0.36908179999999996
-11.24213,-161.9606,9.0,22.36835,-0.1604013
1.6157629999999998,-153.4779,9.0,18.90493,-0.28067620000000004
11.22798,-143.5754,9.0,21.28968,0.1757535
9.539367,-126.6617,9.0,26.865,0.5005066
-3.645198,-110.0844,9.0,29.615170000000003,-0.01283935
-10.021139999999999,-88.96154,9.0,30.21899,0.06254030000000001
-10.8885,-65.63231999999999,9.0,33.691559999999996,0.3090657
-7.130603999999999,-40.065940000000005,9.0,35.60137,0.07846726
-2.66277,-13.67056,9.0,36.63156,0.02534506
-3.117061,11.10271,9.0,27.67584,-0.819242
-7.542114999999999,27.71743,9.0,19.681179999999998,-0.3047808
-17.96537,39.89716,9.0,26.515390000000004,0.25863200000000003
-39.31255,45.25428,9.0,33.39969,0.4954332
-66.67916,43.91318,9.0,40.6049,0.5107952
-99.40488,43.48498,9.0,47.35593,0.4869268
-132.9034,39.378840000000004,9.0,35.73044,-2.606384
-147.3551,20.9236,9.0,34.476690000000005,0.09089518
-141.6794,-6.418728,9.0,40.96294,0.44475950000000003
-143.6051,-33.73892,10.0,23.02696,-1.08408
-147.9552,-46.15217,10.0,19.81803,0.5700406
-158.7829,-54.72728000000001,10.0,17.13215,-0.1218279
-167.0025,-61.677690000000005,10.0,12.94367,-0.1204776
-161.9506,-71.68509,10.0,18.56106,-0.178619
-148.8022,-72.6246,10.0,18.69485,0.05666992
-135.6153,-73.45761,10.0,18.98457,0.6316043
-118.7002,-80.75279,10.0,28.86415,0.47728149999999997
-107.3225,-100.6706,10.0,34.64555,0.38758590000000004
-113.2511,-125.1486,10.0,28.57302,-2.152725
-127.9286,-133.6061,10.0,20.6709,-0.1818489
-140.5681,-129.9174,10.0,17.90568,0.3352675
-146.1952,-114.7898,10.0,25.07416,-0.18251070000000003
-150.7024,-104.2096,10.0,4.03978,-0.1338633
-155.8802,-100.8119,10.0,12.774610000000001,0.2560927
-165.717,-105.4388,10.0,19.024620000000002,0.43380870000000005
-168.0263,-121.859,10.0,25.98893,0.24837240000000002
-168.8896,-143.7067,10.0,33.46862,0.7075699000000001
-168.3082,-169.9093,10.0,37.45932,0.27875679999999997
-166.2424,-198.6537,10.0,40.06385,0.10560439999999999
-164.1608,-225.58599999999998,10.0,32.63467,-0.2626117
-161.6016,-246.9062,10.0,25.55852,-0.29137870000000005
-150.1314,-258.4314,10.0,21.587,0.2636117
-133.9544,-255.9232,10.0,23.724829999999997,0.004223376
-125.7831,-238.9288,10.0,27.43011,0.10360699999999999
-125.8644,-217.6255,10.0,30.45898,0.11381430000000001
-127.833,-198.0326,10.0,18.13486,-0.63853
-127.0013,-186.4634,10.0,13.468079999999999,-0.19579620000000003
-119.0925,-181.8959,10.0,15.367189999999999,0.5057633
-106.8576,-185.5066,10.0,17.987820000000003,-0.1259663
-103.0197,-198.3191,10.0,19.82474,0.1898109
-103.9461,-213.9176,10.0,21.78358,0.01936006
-105.1747,-230.37,10.0,24.707710000000002,0.511941
-105.8605,-251.005,10.0,29.919529999999998,0.01520972
-95.86695999999999,-269.5685,10.0,30.59324,0.7245769
-70.77251,-271.133,10.0,37.82901,0.21248649999999997
-50.95466,-253.15400000000002,10.0,38.32031,0.371516
-46.4757,-222.7779,10.0,43.581,0.2901384
-39.68311,-193.088,10.0,36.78764,-0.6042082
-26.07115,-173.3299,10.0,28.948590000000003,-0.2524413
-10.86342,-162.0626,10.0,19.27137,-0.9676646999999999
-2.172266,-156.0203,10.0,16.83495,1.057431
9.113107000000001,-146.951,10.0,19.14199,-0.1359413
12.58203,-131.5221,10.0,26.699409999999997,0.141625
-1.294965,-114.9684,10.0,32.16871,0.3470293
-9.593309,-91.15311,10.0,33.77262,-0.5512588
-10.01385,-67.35883000000001,10.0,34.00462,0.45677159999999994
-7.1172,-39.978840000000005,10.0,40.29764,0.2068329
-2.291728,-8.239718,10.0,46.11831,0.1844527
-6.25225,26.419590000000003,10.0,45.415729999999996,-0.3936671
-31.08517,44.12133,10.0,44.04071,0.3331808
-65.41292,44.16728,10.0,49.0345,0.4273438
-103.6231,42.527809999999995,10.0,54.270880000000005,0.3645114
-137.2079,37.15978,10.0,39.296479999999995,0.02093332
-148.1592,14.066629999999998,10.0,36.95567,0.1169029
-141.3381,-14.438229999999999,10.0,42.14956,0.3299169
-146.8206,-41.068220000000004,11.0,34.10094,0.4202942
-164.8114,-60.32669,11.0,37.82273,-0.2075339
-167.3376,-79.08905,11.0,20.047,-0.6022179
-154.6862,-74.88003,11.0,23.01393,0.5380853
-137.8281,-70.82786999999999,11.0,27.44548,0.1895654
-119.0577,-83.2794,11.0,31.85065,-0.35103090000000003
-108.9217,-103.6243,11.0,33.8457,0.32867009999999997
-117.2602,-126.3139,11.0,28.68342,-0.5554467
-135.8437,-131.9948,11.0,29.91357,0.1643174
-144.7863,-112.3272,11.0,32.51542,-0.3331812
-149.9648,-101.7938,11.0,12.97846,1.1474209999999998
-163.2243,-103.8071,11.0,23.376820000000002,0.2502221
-166.3627,-121.9852,11.0,28.73791,0.2504638
-167.3342,-145.6284,11.0,35.254979999999996,0.462604
-167.646,-173.9415,11.0,41.27295,0.4407076
-164.5346,-206.5942,11.0,47.1385,0.41250020000000004
-161.7845,-240.6733,11.0,40.175909999999995,-1.46783
-148.6298,-258.9113,11.0,29.071959999999997,0.3177551
-129.81,-251.9969,11.0,29.9812,0.278391
-125.2322,-228.0247,11.0,36.011559999999996,0.4335362
-127.9214,-200.1451,11.0,35.02778,-0.41081990000000007
-119.113,-180.0773,11.0,26.902459999999998,-0.00140716
-106.9961,-189.78799999999998,11.0,25.01926,0.43880059999999993
-106.34299999999999,-210.6696,11.0,31.51628,0.46928240000000004
-106.9054,-236.1357,11.0,37.65204,0.45659390000000005
-100.57,-264.3196,11.0,41.17218,-0.1423335
-73.59142,-271.6086,11.0,40.88947,0.1610406
-50.54391,-253.8552,11.0,41.24923,0.2459482
-44.787409999999994,-221.7018,11.0,46.84753,0.42262970000000005
-36.04712,-186.4786,11.0,51.15256,0.08391938
-10.5924,-162.7661,11.0,38.796279999999996,-1.522714
8.354931,-147.3929,11.0,29.023459999999996,-0.5912235
10.98905,-129.7319,11.0,23.7206,0.2174945
-0.6384243000000001,-113.63799999999999,11.0,30.20986,0.43236779999999997
-8.715799,-90.68484000000001,11.0,36.13701,0.442564
-9.936775,-61.812630000000006,11.0,42.06658,0.4211513
-4.449851,-28.92036,11.0,47.7935,0.429608
-2.406217,8.257634,11.0,52.644040000000004,0.2820821
-18.032320000000002,40.94726,11.0,47.11683,-0.3632663
-51.85268,43.917559999999995,11.0,48.623329999999996,0.4193854
-89.79413000000001,41.75914,11.0,54.016009999999994,0.376745
-129.1733,39.27251,11.0,46.19879,-1.618826
-149.9945,18.645229999999998,11.0,40.36444,-0.0877827
-142.8855,-11.416210000000001,11.0,44.09343,0.3176988
-145.9478,-42.789640000000006,12.0,36.33961,-0.7283413000000001
-163.3842,-54.66117,12.0,28.78677,-0.04870273
-165.0482,-70.54706999999999,12.0,23.83212,0.03859852
-146.3024,-71.11543,12.0,28.882929999999998,0.438208
-123.721,-77.13986,12.0,34.71075,0.1906227
-107.3438,-98.06822,12.0,38.71076,0.21319169999999998
-113.3286,-121.8992,12.0,27.876440000000002,-0.3974881
-129.8374,-132.5267,12.0,24.16123,-0.4966056
-144.4338,-126.7322,12.0,24.36673,0.2783712
-148.3343,-107.1234,12.0,27.938709999999997,-1.4497389999999999
-162.2039,-101.3461,12.0,19.654220000000002,0.1651506
-167.6929,-116.4065,12.0,28.761290000000002,0.9557608
-167.9459,-142.2336,12.0,38.24364,0.4696924
-167.6949,-172.5457,12.0,43.9251,0.2113617
-165.4879,-207.2936,12.0,49.631640000000004,0.4231263
-162.4345,-243.7135,12.0,44.54486,0.7590449
-143.2297,-258.3012,12.0,27.83039,-0.7866771
-129.6146,-242.8346,12.0,31.18323,0.05711701
-125.5513,-217.8012,12.0,37.27525,0.3886146
-128.4705,-191.5604,12.0,33.251979999999996,-0.02879943
-112.6649,-180.3145,12.0,26.98272,-0.23704070000000002
-108.2333,-196.317,12.0,26.79905,0.506065
-110.315,-218.2275,12.0,33.128240000000005,0.2404419
-107.5972,-245.0875,12.0,39.49015,0.41906859999999996
-92.91377,-270.0421,12.0,39.78627,-0.1522782
-63.567119999999996,-267.9854,12.0,42.6556,0.31481129999999996
-45.349509999999995,-246.3732,12.0,36.04737,-0.2579399
-53.90696,-224.7462,12.0,25.00999,-1.546157
-53.04408000000001,-216.8398,12.0,5.572919000000001,0.0034429609999999996
-53.3119,-215.017,12.0,1.929772,0.6065756
-50.38835,-218.4542,12.0,10.23754,0.24490920000000002
-42.89455,-213.8935,12.0,15.574520000000001,-0.1586217
-41.72309,-203.8013,12.0,13.52687,0.35692379999999996
-39.560340000000004,-189.8178,12.0,23.167289999999998,0.4917196
-28.74843,-173.65200000000002,12.0,29.69098,0.23823490000000003
-8.538742,-160.1428,12.0,36.09993,0.4666183
10.81902,-141.41899999999998,12.0,34.10028,-1.41914
6.432485,-120.81200000000001,12.0,31.59119,0.5221178
-7.897981,-95.11596999999999,12.0,47.37829,0.43526970000000004
-9.315564,-56.83217,12.0,54.5896,0.35902090000000003
-2.73316,-15.12987,12.0,59.38195,0.1488217
-5.897485,23.379820000000002,12.0,34.32497,-3.078057
-21.77214,42.39325,12.0,36.60751,0.09808844
-49.802279999999996,44.70687,12.0,41.10345,0.42505829999999994
-82.33856999999999,44.46257,12.0,46.7903,0.18656520000000001
-118.7046,40.90453,12.0,50.02805,-0.38860859999999997
-150.54,28.84358,12.0,44.235079999999996,-0.30741779999999996
-153.0858,13.03538,12.0,7.339386999999999,-1.848329
-151.8166,12.73602,12.0,6.902209,0.7456073000000001
-146.8263,7.200100999999999,12.0,14.65518,0.5778031
-145.8678,-6.459164,12.0,22.08418,0.26392550000000004
-142.4233,-25.15705,12.0,29.11405,0.48894090000000007
-142.2325,-35.88722,13.0,8.186043,0.3025892
-145.5736,-44.21877,13.0,16.04782,0.27102309999999996
-157.0452,-52.88315,13.0,23.19138,0.25445039999999997
-167.2869,-66.22237,13.0,21.51146,-0.3135574
-158.7454,-75.86185,13.0,18.130110000000002,0.41462330000000003
-143.9624,-73.52089000000001,13.0,20.51579,-0.3632163
-129.4073,-73.10476,13.0,22.898310000000002,0.494965
-113.3636,-83.26461,13.0,28.997020000000003,0.39879899999999996
-106.7283,-105.26100000000001,13.0,34.17337,0.3129145
-120.0281,-127.5559,13.0,38.02905,0.28764509999999993
-143.5035,-129.2813,13.0,22.92135,-2.093008
-144.0078,-122.6635,13.0,6.9608039999999995,0.5968813000000001
-138.2524,-122.2609,13.0,1.148933,0.3899947
-142.03,-123.5211,13.0,9.16514,0.43010349999999997
-145.525,-128.51,13.0,4.446806,-0.8158046
-145.3846,-127.9713,13.0,5.520534,0.6611121999999999
-142.0986,-121.4036,13.0,14.18926,0.2968568
-140.9336,-108.6008,13.0,21.480620000000002,0.2412904
-154.1729,-97.7709,13.0,26.36468,0.02416954
-166.5327,-108.2179,13.0,24.86654,1.284262
-167.77900000000002,-130.0835,13.0,33.08031,0.5242558
-167.5708,-157.2425,13.0,39.819590000000005,0.23057689999999997
-167.9797,-189.1224,13.0,46.22664,0.451586
-168.0255,-225.6262,13.0,52.1922,0.3690491
-153.0231,-255.4449,13.0,43.26978,-0.21323989999999998
-128.9397,-250.1742,13.0,28.918470000000003,0.08145315
-128.3607,-226.0086,13.0,38.18813,0.3490213
-127.6861,-196.1242,13.0,36.022420000000004,-4.196809
-122.3241,-182.9995,13.0,14.162410000000001,-0.09732712
-110.6902,-183.8192,13.0,20.8861,0.19702089999999997
-104.8037,-200.1751,13.0,27.45928,0.24952529999999998
-107.1748,-222.9642,13.0,34.48044,0.4889998
-104.6477,-250.218,13.0,40.03459,0.3971507
-83.70728000000001,-271.6545,13.0,42.63945,-0.003180212
-55.4562,-262.5077,13.0,42.50822,-0.002459611
-48.87918,-231.4907,13.0,46.11252,0.2196072
-42.66435,-199.59799999999998,13.0,42.19891,0.3689785
-22.050810000000002,-173.7451,13.0,47.75675,0.2114098
3.244035,-146.0036,13.0,51.38694,-0.6649281
6.238258999999999,-114.4684,13.0,38.15435,-0.7370688
-8.87539,-97.12223,13.0,27.67732,-0.05451773
-6.39151,-73.53214,13.0,35.779090000000004,0.49106990000000006
-5.462961,-44.55665,13.0,42.42139,0.4863764
-4.157357,-10.80797,13.0,48.63955,0.43841759999999996
-6.776138,26.218690000000002,13.0,47.3628,-0.7509151
-26.95301,41.731390000000005,13.0,27.10752,-1.6875060000000002
-34.65475,33.29445,13.0,14.00805,-0.04668162
-35.12215,32.58885,13.0,0.06615032,-0.04607877
-35.16803,32.59452,13.0,0.05682303,-0.0156564
-34.41768,35.041,13.0,7.628778,0.5511406999999999
-32.7394,42.33324,13.0,8.325667999999999,-0.7788825
-32.25979,44.712540000000004,13.0,1.388818,0.5852729999999999
-34.86967,41.73085,13.0,9.565502,0.5600147
-44.32036,42.977309999999996,13.0,16.9052,0.2605659
-59.182990000000004,45.34534,13.0,23.71431,0.24426620000000002
-78.9962,42.82029,13.0,30.221890000000002,0.46647120000000003
-103.5873,42.71994,13.0,36.16568,0.2082976
-131.6171,38.70655,13.0,40.26362,-0.32591770000000003
-147.7227,16.840970000000002,13.0,38.71268,0.28949359999999996
-145.3414,-13.55815,13.0,43.95537,0.1874843
-147.564,-46.46952,14.0,40.875,-1.882656
-163.0315,-63.4408,14.0,24.616970000000002,-0.5682210999999999
-152.8471,-75.50655,14.0,26.45784,0.1957378
-131.1306,-76.68713000000001,14.0,32.053259999999995,0.1394253
-112.3097,-92.68366,14.0,36.08504,0.1028295
-113.4601,-119.139,14.0,38.36014,0.07423468
-136.7253,-131.8464,14.0,32.18703,-1.46727
-146.0703,-121.0176,14.0,8.424016,-2.6680509999999997
-146.305,-119.4758,14.0,1.941214,-0.00356263
-147.1514,-118.4093,14.0,1.622692,-0.03267424
-148.1044,-117.6473,14.0,2.928229,0.4492825
-150.825,-117.4239,14.0,2.3420009999999998,-1.303113
-149.1223,-116.4799,14.0,7.170134,0.6319898
-144.7139,-109.595,14.0,15.383339999999999,0.5610086
-150.7707,-98.09187,14.0,21.87514,0.19525479999999998
-165.99,-102.7612,14.0,25.75356,0.1601204
-166.7772,-123.4586,14.0,31.810509999999997,0.2437131
-166.6839,-149.5495,14.0,38.69951,0.5160968
-166.8594,-180.6774,14.0,45.2515,0.49148959999999997
-167.137,-216.4813,14.0,51.36179,0.21712910000000002
-157.9181,-249.8799,14.0,38.141999999999996,-1.90828
-142.0362,-253.4247,14.0,8.618342,-0.9348957
-141.4486,-250.1988,14.0,2.871109,-0.11806660000000002
-138.6353,-248.0881,14.0,8.335155,0.4054011
-130.0687,-250.77700000000002,14.0,14.54253,-0.26282849999999996
-121.8081,-249.7154,14.0,9.984288000000001,-0.1568547
-122.3491,-240.5012,14.0,17.457539999999998,0.37014790000000003
-125.8105,-225.0327,14.0,25.256439999999998,0.5392806
-127.5354,-203.6561,14.0,32.63262,0.5238513
-121.2607,-180.9172,14.0,30.63311,-0.5262085
-106.0502,-185.7963,14.0,25.04821,1.005313
-106.8049,-211.0379,14.0,44.176970000000004,0.6822982
-104.1012,-249.8053,14.0,57.368019999999994,-0.1179771
-77.76278,-272.2998,14.0,45.3042,0.41821379999999997
-50.260290000000005,-257.218,14.0,43.32273,-0.10410370000000001
-49.523559999999996,-224.5339,14.0,46.99045,0.2687781
-36.49366,-191.5718,14.0,50.8658,0.1620895
-8.738091,-163.3519,14.0,56.29623,0.4026265
10.081710000000001,-130.6696,14.0,38.88916,-2.5522400000000003
-0.1967504,-112.2066,14.0,25.60644,0.09394772
-5.8987419999999995,-91.15475,14.0,33.1935,0.2350268
-3.942215,-64.10497,14.0,40.05258,0.5000281
-2.368947,-32.00346,14.0,46.514520000000005,0.47124259999999996
-2.8232939999999997,4.696832,14.0,52.56606,0.38032849999999996
-14.54858,37.89578,14.0,44.10067,-0.3745776
-45.91433,41.18951,14.0,45.92348,0.4681827
-82.26916999999999,40.21949,14.0,51.94251,0.4326424
-122.05799999999999,41.53629,14.0,50.359590000000004,-1.521443
-144.8315,27.8534,14.0,24.426779999999997,-2.517194
-144.2668,22.2342,14.0,3.794292,0.339972
-141.5989,25.0014,14.0,4.7313339999999995,-0.008867184
-142.1747,24.175629999999998,14.0,6.349321,0.48399709999999996
-147.6193,21.429029999999997,14.0,8.582309,-0.6350644
-149.3817,21.94973,14.0,2.5556240000000003,0.7279001
-145.1881,18.758229999999998,14.0,11.63162,0.31162890000000004
-140.9973,8.029711,14.0,19.92185,0.2984158
-141.3259,-9.701222999999999,14.0,27.936390000000003,0.5880526
-141.7787,-34.101290000000006,1.0,5.370375,0.3940895
-142.0767,-39.721509999999995,1.0,11.772969999999999,0.6530133
-146.9047,-50.353840000000005,1.0,20.2914,0.5875219
-161.0913,-61.214969999999994,1.0,27.4654,0.155558
-155.6756,-76.74879,1.0,24.51599,-0.263048
-140.0382,-68.28777,1.0,25.315070000000002,-0.6473441
-135.8694,-68.27785,1.0,0.02413862,0.0003070125
-135.8507,-68.28065,1.0,0.02555723,-0.0006425112
-135.8327,-68.28305,1.0,0.01942013,-0.02249833
-135.9743,-68.84441,1.0,3.6825910000000004,0.2545986
-135.8329,-72.14104,1.0,4.4826239999999995,-0.04067617
-135.8593,-75.13784,1.0,3.6445220000000003,-0.02741371
-136.8233,-76.46807,1.0,1.610062,0.6980062
-132.5536,-74.94506,1.0,10.633189999999999,0.31110509999999997
-122.1077,-77.86835,1.0,18.672520000000002,0.4566045999999999
-113.5545,-92.01141,1.0,26.30548,0.2754699
-111.0579,-113.4307,1.0,32.641740000000006,0.39447329999999997
-127.4744,-132.3606,1.0,36.941590000000005,-0.1558003
-146.347,-125.3329,1.0,22.412570000000002,-0.1903214
-138.6624,-111.6574,1.0,24.61732,-0.03490819
-138.4578,-108.7159,1.0,0.02766244,0.03982884
-138.4586,-108.7336,1.0,0.01823783,0.015090000000000001
-139.2496,-108.4274,1.0,5.126247,0.3210396
-144.482,-109.3398,1.0,7.913987,-0.03239604
-145.4293,-110.3234,1.0,3.8362550000000004,0.6639103
-144.5388,-104.4336,1.0,12.43747,0.6024246999999999
-152.4667,-96.14976,1.0,18.58965,-0.2033546
-163.2491,-99.13936,1.0,13.794120000000001,-0.1240826
-166.8119,-113.5218,1.0,27.740879999999997,0.9237360000000001
-170.1667,-137.8225,1.0,37.42174,0.30556350000000004
-163.0442,-165.5361,1.0,35.973259999999996,-0.6361358
-167.4382,-189.1048,1.0,30.22829,0.4883362
-167.0183,-216.891,1.0,39.625820000000004,-0.2846741
-163.9188,-243.0335,1.0,30.88219,-0.8616799
-146.8886,-250.9937,1.0,27.42912,0.31359309999999996
-125.6525,-243.8969,1.0,31.85527,-0.8619357
-126.3529,-227.71200000000002,1.0,24.5808,0.2733052
-127.9847,-212.5469,1.0,22.7842,-0.1901399
-123.2316,-199.4386,1.0,17.90268,0.32019190000000003
-123.9358,-187.3848,1.0,14.495070000000002,-0.12006520000000001
-112.7306,-185.6678,1.0,19.20491,-0.518393
-110.3202,-197.0843,1.0,14.37145,-0.05152391
-109.9436,-208.1653,1.0,18.14009,0.3135864
-108.3467,-224.4824,1.0,25.99278,0.5595621999999999
-105.3564,-246.2652,1.0,33.24216,0.4475089
-90.7574,-267.6413,1.0,37.9897,0.2211002
-63.37849,-267.3356,1.0,39.482690000000005,0.009763625
-51.96338,-241.5993,1.0,41.064640000000004,0.235048
-45.19084,-210.2365,1.0,46.270959999999995,0.1909138
-23.877570000000002,-181.1283,1.0,51.7015,0.43068950000000006
1.378897,-149.6194,1.0,57.27952,0.3912036
11.58863,-113.4981,1.0,32.95471,-2.164592
10.05055,-104.3843,1.0,1.185395,-0.2548992
9.760557,-104.2449,1.0,0.2893389,0.3916156
12.10891,-105.8169,1.0,6.781807000000001,0.1811344
17.5099,-107.1885,1.0,5.383846,-0.38957379999999997
17.864910000000002,-107.1211,1.0,4.113663,0.6730924
12.07824,-109.3927,1.0,12.5854,0.29438759999999997
1.699848,-110.5794,1.0,17.099610000000002,0.22583209999999998
0.9642405999999999,-96.26425,1.0,23.60662,0.44533900000000004
-2.833211,-77.08662,1.0,30.163990000000002,0.23888890000000002
-5.639435,-52.49309,1.0,36.79036,0.2312362
-6.410113,-22.8332,1.0,43.257290000000005,0.456967
-6.5151639999999995,11.49837,1.0,49.31713,0.4155423
-14.557070000000001,41.30061,1.0,29.0781,-1.910251
-24.81619,41.56364,1.0,15.470999999999998,0.5477616
-37.89048,37.8818,1.0,22.49635,0.5217503
-57.10471,39.857,1.0,29.662390000000002,0.2482556
-81.67416,39.57011,1.0,36.57435,0.2376219
-111.1904,40.29866,1.0,43.071459999999995,0.45021120000000003
-140.2332,36.33524,1.0,31.568209999999997,-0.8945420000000001
-142.3189,24.44755,1.0,8.770178,-0.7946106
-137.7516,24.27092,1.0,0.1362162,-0.0351907
-137.7518,24.22448,1.0,0.05458006,-0.02013542
-138.4462,24.42343,1.0,4.245107,0.5759691
-144.0119,24.21685,1.0,10.15882,0.14807420000000002
-150.4673,25.21125,1.0,4.504058000000001,-0.7317424
-150.4077,25.08032,1.0,4.463931,0.3074406
-147.141,19.94322,1.0,12.40967,0.5400991999999999
-150.99200000000002,9.073514,1.0,19.30013,0.39665159999999994
-149.3778,-6.79478,1.0,25.309,0.48060290000000006
-146.1333,-27.67527,1.0,31.75514,0.43955740000000004
-153.8883,-49.41936,2.0,32.18497,0.04033042
-166.8251,-66.05799,2.0,26.85185,-0.9054754
-156.8584,-71.79948,2.0,9.49192,-0.9385325000000001
-155.715,-68.52702,2.0,0.05484182,0.01781764
-155.6793,-68.52815,2.0,0.03943765,-0.01526613
-156.1088,-70.37975,2.0,5.187169,0.1948991
-156.6024,-74.07674,2.0,4.735682,-0.03798771
-156.5777,-74.60831999999999,2.0,4.264696,0.7058353
-150.5168,-72.84336,2.0,13.33151,0.600493
-139.9679,-79.92081,2.0,21.4683,0.21068979999999995
-126.2909,-83.62094,2.0,17.54788,-0.08623596
-114.6832,-93.68301,2.0,28.16947,0.7854131999999999
-112.9262,-115.2791,2.0,31.25439,0.2374235
-130.509,-130.4062,2.0,32.410920000000004,-0.2393998
-145.4354,-122.4995,2.0,20.25144,-0.18954300000000002
-138.8577,-108.1961,2.0,20.21718,-1.182237
-149.9826,-101.5207,2.0,21.342010000000002,0.13552039999999999
-160.9344,-108.6629,2.0,16.68372,0.00517936
-162.2513,-121.0274,2.0,17.97164,0.1404961
-165.3051,-136.6764,2.0,25.779989999999998,0.2962807
-165.2561,-158.7016,2.0,33.55064,0.2656565
-165.5882,-186.3802,2.0,40.855920000000005,0.2536819
-165.9325,-219.2149,2.0,47.691390000000006,0.4702581
-160.3125,-247.2991,2.0,22.42209,-0.5054156
-143.7097,-252.0288,2.0,27.69265,0.5593979
-125.5226,-243.3329,2.0,27.520090000000003,-0.3397491
-127.6564,-224.0112,2.0,31.192009999999996,0.7423268
-126.4475,-198.4019,2.0,38.13908,-0.5371267
-121.4266,-184.2709,2.0,10.11717,-0.15559089999999998
-112.3337,-187.7491,2.0,17.62259,0.5042643
-110.0949,-203.4695,2.0,25.58033,0.5730377
-107.9474,-225.2251,2.0,33.380179999999996,0.5589384
-101.9268,-251.9062,2.0,40.28597,0.4066389
-79.75921,-270.802,2.0,40.56684,-0.1163482
-53.70066,-257.4169,2.0,42.14199,0.04702401
-49.53992,-226.6754,2.0,45.18659,0.3867403
-38.72258,-193.8645,2.0,49.36012,0.351436
-12.189039999999999,-165.5196,2.0,55.46825,0.44608690000000006
8.591532,-133.7083,2.0,34.42042,-3.482128
2.6011319999999998,-119.9587,2.0,21.04901,0.6051221999999999
-6.1082339999999995,-104.4,2.0,28.13393,0.2548654
-6.641547999999999,-80.77971,2.0,35.66155,0.2698107
-6.7855300000000005,-51.681340000000006,2.0,42.84138,0.5092123
-7.131683,-17.409029999999998,2.0,49.577729999999995,0.4888865
-7.504035000000001,21.61682,2.0,53.493030000000005,-0.8843605
-20.93872,45.525690000000004,2.0,22.6287,-1.25651
-25.79255,45.254690000000004,2.0,3.921102,0.6543002
-28.15154,40.24362,2.0,12.41716,0.2969585
-39.4853,43.26299,2.0,20.57002,0.2960432
-56.63146999999999,45.93224,2.0,27.68362,0.5760196
-79.80093000000001,42.434779999999996,2.0,35.29602,0.27779509999999996
-108.5984,41.321000000000005,2.0,42.46671,0.515871
-141.0626,35.60602,2.0,41.48258,-1.803246
-150.2381,19.76209,2.0,9.806401,-2.462699
-147.4313,19.45423,2.0,7.624797999999999,0.6447148
-143.2266,12.89208,2.0,15.813920000000001,0.2888981
-150.0406,0.1686967,2.0,23.42291,0.190547
-147.3131,-18.26352,2.0,29.330740000000002,0.2494172
-142.2013,-35.8152,3.0,11.772969999999999,0.3993565
-144.8877,-44.02544,3.0,11.467319999999999,0.08463384
-153.1667,-52.11572,3.0,16.86538,-0.1619489
-163.7839,-55.41463,3.0,13.3214,-0.13795610000000003
-166.2984,-62.82675,3.0,9.969003,-0.08313095
-161.4186,-70.17192,3.0,16.150679999999998,0.575236
-147.21,-71.84376,3.0,23.75535,0.5413663000000001
-127.6295,-76.57576,3.0,29.39697,-0.4391778
-112.6705,-88.84877,3.0,23.7874,-0.13084880000000002
-107.8994,-107.1402,3.0,28.21262,-0.2288766
-113.8412,-124.6898,3.0,22.5704,-0.40478800000000004
-127.0055,-133.2397,3.0,23.729110000000002,0.24342629999999998
-142.0128,-127.4423,3.0,24.89912,0.9539565999999999
-149.319,-107.2401,3.0,27.3189,-0.6987598
-162.1534,-105.045,3.0,18.13938,0.4498964
-167.3972,-119.9153,3.0,25.63058,0.28867990000000004
-169.7605,-141.7242,3.0,33.39302,0.5283187
-167.9025,-168.9789,3.0,40.48814,0.49133459999999995
-166.3342,-201.4678,3.0,47.19831,0.46862539999999997
-163.9154,-237.6319,3.0,47.31678,-0.9661546999999998
-148.9286,-259.1689,3.0,29.38318,-0.9931669
-132.0515,-249.5446,3.0,29.93352,0.5424953
-125.60799999999999,-227.2495,3.0,34.69365,0.2427328
-127.8646,-200.7651,3.0,34.56767,-0.26038520000000004
-120.3876,-179.8514,3.0,24.349729999999997,-0.59395
-108.6719,-185.7824,3.0,21.35424,0.4446076
-108.2602,-203.8441,3.0,28.25082,0.5441022
-104.7383,-226.0753,3.0,29.96926,-0.4269418
-106.24700000000001,-247.1228,3.0,31.53773,0.720607
-94.75934000000001,-269.6535,3.0,36.63474,-0.1387038
-69.07087,-268.7778,3.0,25.26237,-1.2541280000000001
-57.71045,-267.7282,3.0,8.055005,-0.47114700000000004
-56.45835,-266.911,3.0,2.896517,0.1423963
-57.182480000000005,-267.3752,3.0,0.6553034000000001,0.2783472
-55.19226999999999,-265.1872,3.0,6.570156,0.12354389999999998
-50.69865,-262.2506,3.0,8.074833,0.01994595
-48.1944,-263.6776,3.0,1.195977,0.43998000000000004
-49.91677,-259.7921,3.0,9.986403,0.2948813
-48.57294,-249.553,3.0,18.10066,0.5938991
-45.00718,-233.7313,3.0,25.656879999999997,0.273549
-42.52863,-212.1337,3.0,32.8228,0.2621989
-35.995329999999996,-186.7977,3.0,37.612629999999996,0.1315456
-15.04566,-165.5198,3.0,38.68603,-0.989691
0.8116230999999999,-152.0712,3.0,22.32892,-0.3514244
10.72754,-141.4274,3.0,17.34133,-0.335996
10.94326,-130.3331,3.0,15.158660000000001,0.5730309
3.286864,-118.6795,3.0,22.721529999999998,0.5344251
-5.830786,-101.6012,3.0,29.824890000000003,0.5116313
-10.38645,-77.41988,3.0,36.44061,0.23127379999999997
-8.356316,-48.06278,3.0,42.82049,0.4553376
-3.830975,-15.07758,3.0,43.55005,-0.3478849
-4.082314,9.638048,3.0,18.09454,-2.035494
-4.886605,15.21548,3.0,4.498645,1.013374
-6.344802,22.274639999999998,3.0,14.07332,0.5916061
-11.78933,34.37131,3.0,21.847939999999998,0.2522059
-27.73985,43.81843,3.0,28.834979999999998,0.4737437
-51.27182,44.62236,3.0,35.36544,0.5141581000000001
-79.99441999999999,43.94975,3.0,42.11015,0.47885690000000003
-113.2533,41.43208,3.0,45.81641,-0.2015856
-143.41,34.5421,3.0,38.35761,-0.31852759999999997
-147.3631,11.92825,3.0,33.347590000000004,0.46682529999999994
-144.9228,-13.50642,3.0,38.10304,0.43976940000000003
-144.8,-43.52778,4.0,39.046440000000004,-0.622622
-157.6591,-54.28131,4.0,18.6132,0.31904970000000005
-168.245,-61.20836,4.0,19.877779999999998,0.1798023
-157.0314,-72.04262,4.0,25.34698,0.3970744
-136.0354,-73.78336999999999,4.0,31.67772,0.2212614
-115.1655,-88.01899999999999,4.0,37.34178,0.1986321
-110.3846,-114.6074,4.0,37.32022,-0.05622855
-129.4904,-132.722,4.0,35.26417,-0.4769406
-145.2955,-119.2412,4.0,29.5867,0.1548591
-149.2896,-99.76175,4.0,20.01345,-2.102267
-161.5166,-102.4982,4.0,21.35988,0.4762041
-167.8022,-119.4039,4.0,28.30422,0.5619196
-170.5491,-142.8629,4.0,35.34261,0.22916660000000003
-168.16099999999997,-171.4337,4.0,41.9869,0.23450589999999996
-165.1614,-204.7802,4.0,48.35324,0.4695736
-162.8315,-240.2527,4.0,40.96546,-0.9407242
-153.3773,-254.7033,4.0,18.7604,-0.3108307
-137.9861,-257.8898,4.0,24.67724,0.1348964
-127.8202,-242.2857,4.0,29.4036,0.5008529
-126.1959,-218.3119,4.0,35.70032,0.4769371
-127.5112,-190.0989,4.0,40.18152,-0.01198857
-107.3639,-177.2097,4.0,30.412190000000002,-0.4094042
-101.0584,-191.9165,4.0,21.763379999999998,-0.48172929999999997
-114.5441,-199.6271,4.0,12.53508,-2.165718
-114.5551,-201.5557,4.0,0.003118832,-0.0001321293
-114.3746,-201.602,4.0,1.909834,0.3013557
-111.1233,-201.1253,4.0,6.737062,0.25973470000000004
-109.6803,-198.1976,4.0,0.5290630999999999,-0.5713227
-109.4249,-200.5757,4.0,6.854771,0.2511869
-107.9128,-208.0932,4.0,13.761870000000002,0.4851347
-105.7171,-220.5612,4.0,20.20927,0.2296607
-105.6517,-237.8018,4.0,26.223229999999997,0.40149409999999996
-102.6604,-258.5825,4.0,31.01316,0.1498141
-83.86433000000001,-271.9511,4.0,33.58211,0.2254096
-59.012519999999995,-265.2334,4.0,37.13686,0.0635932
-49.23643,-240.6393,4.0,38.32592,0.180053
-46.10136,-210.8814,4.0,42.64363,0.1597419
-31.43993,-181.446,4.0,46.08024,0.07936484
-6.30659,-158.9125,4.0,39.323409999999996,-1.156974
8.053486999999999,-145.4156,4.0,20.248079999999998,-0.22911839999999997
12.63467,-133.7238,4.0,19.042279999999998,1.107975
3.271077,-118.984,4.0,26.786790000000003,0.4216508
-6.72818,-99.95596,4.0,31.905920000000002,0.38116890000000003
-10.556189999999999,-74.68732,4.0,37.00275,0.3635445
-7.834789999999999,-45.63977,4.0,41.79202,0.34350790000000003
-2.257022,-13.42689,4.0,46.46882,0.3163469
-5.554514,21.52071,4.0,44.83197,-4.174214
-18.45368,39.25546,4.0,29.5405,0.1602179
-41.31337,43.89318,4.0,34.23346,0.3855272
-68.57245999999999,43.25725,4.0,39.36057,0.1831471
-99.53806999999999,42.23761,4.0,43.74419,-0.03609023
-129.5219,38.88097,4.0,33.1843,-0.9736019
-142.161,34.11185,4.0,16.84271,0.42027380000000003
-147.8705,20.9496,4.0,22.60248,0.41554440000000004
-146.2146,2.18663,4.0,28.320870000000003,0.4013828
-141.8069,-20.476860000000002,4.0,33.742309999999996,0.1669735
-146.0734,-44.060159999999996,5.0,28.48193,-0.7520553000000001
-162.8475,-55.06224,5.0,29.43015,0.1684757
-166.2245,-68.52841,5.0,18.72287,0.2589459
-153.727,-70.13071,5.0,19.948829999999997,1.285082
-136.8846,-73.76977,5.0,26.273220000000002,0.4182099
-117.5213,-82.65115,5.0,31.384179999999997,0.3125015
-107.7154,-103.9933,5.0,34.24951,0.09908123
-116.3633,-126.911,5.0,31.79622,0.1123021
-135.4639,-132.1029,5.0,23.48751,-0.7770971999999999
-143.505,-117.17,5.0,26.34453,0.3528408
-155.9766,-101.132,5.0,26.764229999999998,-0.9132743000000001
-165.4119,-107.0909,5.0,17.07556,-0.01916082
-165.65,-120.4549,5.0,22.69388,0.46823679999999995
-167.8516,-140.7505,5.0,35.95467,0.7127741
-167.38,-172.9993,5.0,47.3126,0.2279321
-164.2408,-209.6923,5.0,47.87477,-2.765761
-163.7774,-233.0917,5.0,21.13456,-0.4668104
-161.7013,-246.5656,5.0,15.660879999999999,-0.39338140000000005
-154.4349,-255.7797,5.0,20.2536,0.8883006
-137.5811,-258.6739,5.0,28.17887,0.4007908
-126.0619,-237.9903,5.0,38.34955,0.7215389
-127.6067,-208.3233,5.0,37.079409999999996,-1.5979510000000001
-127.5271,-190.3342,5.0,18.47018,-0.47834560000000004
-118.6668,-182.3741,5.0,19.45576,0.7067383
-104.2744,-189.0281,5.0,24.89497,0.30725640000000004
-102.7921,-210.0868,5.0,33.675129999999996,0.5567036999999999
-105.1993,-236.6831,5.0,36.835440000000006,-0.1546316
-102.8819,-260.8676,5.0,28.83959,-0.3471729
-84.37983,-271.8801,5.0,32.29313,0.1372908
-60.22889,-266.0651,5.0,35.70252,0.08253407
-49.43933,-242.0302,5.0,38.40043,0.3591877
-45.36975,-211.8364,5.0,43.272490000000005,0.32853740000000003
-33.17557,-180.9849,5.0,46.57078,0.170663
-8.620942,-159.6965,5.0,27.98426,-4.149443
1.008608,-153.4848,5.0,11.67025,-0.34048579999999995
6.599411,-149.156,5.0,7.547476,-0.1369977
10.65575,-144.7811,5.0,10.8571,0.4860728
13.09652,-134.9138,5.0,17.108620000000002,0.2076837
6.417408,-121.7975,5.0,23.04225,0.20814610000000003
-3.9747190000000003,-105.7455,5.0,28.6948,0.3975092
-9.903375,-83.26021,5.0,34.0127,0.1841803
-9.300089,-56.36189,5.0,38.8954,0.3554981
-3.6571239999999996,-26.215759999999996,5.0,43.723259999999996,0.3333449
-1.7115740000000002,6.252953,5.0,38.28796,-1.529488
-6.178113,23.81642,5.0,10.073269999999999,-0.3177236
-10.45929,32.25731,5.0,16.84016,0.23434029999999997
-21.59604,41.48837,5.0,22.752570000000002,0.2180941
-39.96755,45.258590000000005,5.0,28.303140000000003,0.40803049999999996
-63.000980000000006,45.00134,5.0,33.84578,0.3714797
-90.0254,43.84915,5.0,39.04697,0.3651972
-119.5705,41.02219,5.0,36.7018,-0.2685398
-138.30200000000002,37.31927,5.0,20.81355,0.36067340000000003
-147.1405,23.03663,5.0,25.86066,0.1830392
-146.3019,2.117368,5.0,31.08949,0.3958129
-141.9032,-22.454829999999998,5.0,36.177929999999996,0.01339581
-144.6212,-41.567809999999994,6.0,12.96567,-0.3481745
-150.524,-50.98765,6.0,20.23623,0.5723583000000001
-162.2524,-56.5,6.0,14.69311,-0.4336911
-165.9479,-65.00262,6.0,16.3339,0.7362244000000001
-153.6362,-72.88221999999999,6.0,26.0213,0.5335
-129.8373,-74.87633000000001,6.0,38.07018,0.6424806
-109.3025,-95.33855,6.0,38.47818,-0.33654709999999993
-115.5424,-115.2753,6.0,14.37699,-1.043134
-118.5712,-123.9149,6.0,16.37602,1.126211
-127.1565,-133.6964,6.0,17.46765,0.5057941
-140.9002,-129.4173,6.0,23.14166,0.3129685
-145.7486,-111.2331,6.0,25.80013,-1.884738
-150.7339,-103.8767,6.0,7.610933999999999,0.2112093
-158.3484,-100.5766,6.0,15.74705,0.5503076
-166.4566,-107.9529,6.0,18.03354,0.3105643
-167.7876,-126.0512,6.0,31.390909999999998,0.5034569999999999
-168.7325,-154.1451,6.0,43.72766,0.8206334999999999
-166.7274,-190.3472,6.0,53.99041999999999,0.6983603
-163.55,-228.9763,6.0,47.19631,-0.7887131
-157.0147,-255.7408,6.0,29.345670000000002,-0.6536314999999999
-139.743,-257.0305,6.0,20.35349,-0.2431516
-128.3307,-247.0355,6.0,24.58175,0.3791899
-124.9087,-227.1759,6.0,29.984809999999996,0.38384209999999996
-128.2396,-203.2264,6.0,35.22527,0.360823
-124.8067,-183.8135,6.0,15.91714,-0.14691629999999997
-111.1764,-184.2471,6.0,22.01533,0.3041702
-103.0367,-199.5899,6.0,26.72095,0.1930198
-103.6505,-221.4147,6.0,32.20256,0.3842508
-105.82700000000001,-247.0822,6.0,37.31751,0.1571241
-93.9347,-271.0028,6.0,36.47009,-0.3573712
-70.6105,-269.7691,6.0,27.938509999999997,-0.2608838
-54.283930000000005,-262.6682,6.0,22.454060000000002,0.18310410000000002
-47.9643,-244.2202,6.0,30.19868,0.41725109999999993
-44.53546,-220.0098,6.0,35.61522,0.37887459999999995
-40.288140000000006,-192.1277,6.0,40.28934,0.2154844
-20.33836,-169.9196,6.0,42.94535,0.35215359999999996
-1.518948,-155.8119,6.0,16.8162,-2.030235
6.120279,-149.8286,6.0,12.08281,-0.0007892368
11.9211,-141.9961,6.0,15.694360000000001,0.552076
10.35907,-127.7815,6.0,24.12322,0.2961803
-3.466797,-109.896,6.0,37.54432,1.009279
-9.579299,-77.81427,6.0,50.88459,0.8877494
-6.013619,-36.09108,6.0,60.51249,0.25614570000000003
-2.0510509999999997,6.949946000000001,6.0,47.140640000000005,-1.702157
-8.19149,27.43518,6.0,20.349339999999998,-0.1231421
-19.07281,40.4907,6.0,27.38839,0.8123794
-43.07314,45.33299,6.0,40.24605,1.1284020000000001
-78.43769,44.08641,6.0,54.80155,0.4805538
-117.251,41.22354,6.0,31.888309999999997,-3.912642
-130.0349,38.78991,6.0,12.50146,-0.09668896
-142.1779,34.47011,6.0,23.19112,0.21766910000000003
-147.6553,17.343529999999998,6.0,27.52897,0.3997372
-144.7306,-4.858247,6.0,33.002159999999996,0.1889049
-141.5421,-30.813290000000002,6.0,37.27803,0.2043672
-142.3772,-39.02002,7.0,11.72405,0.48766090000000006
-147.4705,-48.65041,7.0,17.987779999999997,0.4226536
-161.29,-55.2477,7.0,23.42636,0.1511183
-168.1234,-68.33362,7.0,17.25925,-0.4979057
-160.2798,-76.5724,7.0,16.9717,0.2367346
-146.7782,-74.76128,7.0,20.14896,0.04053949
-131.5501,-73.66861999999999,7.0,22.27714,0.23204989999999998
-115.5527,-83.16364,7.0,29.52092,0.1804313
-108.1018,-104.5207,7.0,33.26617,0.2943191
-120.0378,-126.34100000000001,7.0,36.0993,0.2101404
-144.0124,-129.054,7.0,26.8429,-2.382967
-145.2066,-118.6044,7.0,10.82742,-0.3826771
-143.6307,-109.6402,7.0,17.76805,-0.019732299999999998
-152.747,-101.6544,7.0,17.05224,0.20367190000000002
-164.9366,-107.669,7.0,20.511670000000002,-0.1185377
-165.9793,-122.5042,7.0,21.99586,0.2557386
-167.5449,-142.221,7.0,33.1244,1.057212
-169.6793,-171.8285,7.0,46.67091,0.8990667
-170.0193,-210.4691,7.0,54.22459,-0.4453206
-164.8048,-244.1656,7.0,34.00547,-0.46356800000000004
-147.8423,-254.4559,7.0,23.74128,-0.5181262
-131.9725,-250.794,7.0,22.83164,0.03085024
-125.7312,-233.8969,7.0,30.24202,0.1955659
-126.1218,-209.4215,7.0,35.66816,0.18135220000000002
-123.4336,-183.519,7.0,25.661360000000002,-1.4431370000000001
-113.1586,-181.5309,7.0,16.51233,1.045771
-109.3607,-195.6046,7.0,23.09464,0.3951281
-108.8012,-214.8885,7.0,28.933120000000002,0.2166849
-108.3706,-238.4056,7.0,34.39723,0.16847779999999998
-98.49242,-262.8246,7.0,37.83266,0.1917495
-72.52119,-272.7194,7.0,39.40139,0.0028496470000000003
-51.45081,-254.8438,7.0,39.49599,0.07834873
-48.749520000000004,-224.4807,7.0,43.4916,0.14786960000000002
-36.67398,-194.2543,7.0,46.02705,0.2910972
-12.24644,-167.9097,7.0,50.54064,0.1463491
7.810919999999999,-139.1181,7.0,35.48338,-1.223757
5.319316000000001,-120.4892,7.0,26.35618,0.505438
-5.459544,-101.0763,7.0,34.59595,0.8851527
-3.138209,-69.37148,7.0,51.93008,1.2844959999999999
-0.6531469,-25.0084,7.0,67.48531,1.008704
-3.414999,22.16031,7.0,53.957530000000006,-2.782269
-19.78942,42.03017,7.0,28.875529999999998,0.1897416
-45.47211,40.646370000000005,7.0,39.649840000000005,0.3752528
-76.71236,40.406890000000004,7.0,44.49371,0.32898940000000004
-111.3713,41.28938,7.0,49.021370000000005,0.3186553
-143.2324,34.53523,7.0,31.549940000000003,-1.1172520000000001
-146.2234,14.224160000000001,7.0,30.793740000000003,0.39108740000000003
-145.1277,-10.61183,7.0,36.125840000000004,0.1810856
-146.7697,-39.15668,8.0,40.74629,-0.056017599999999994
-163.9252,-58.62195,8.0,27.61833,-2.635205
-166.403,-73.41532,8.0,24.90628,0.5699305
-147.9168,-78.39084,8.0,29.578870000000002,0.42726670000000005
-125.09299999999999,-80.49039,8.0,33.00567,0.1968721
-111.1479,-101.1783,8.0,36.13115,0.210221
-119.6599,-125.8571,8.0,37.414970000000004,0.1023836
-143.2689,-130.241,8.0,20.97306,-3.7657019999999997
-145.9366,-126.9922,8.0,4.737127,1.143926
-142.1173,-122.00399999999999,8.0,12.058760000000001,0.2179974
-144.2904,-111.3002,8.0,18.25595,0.4522509
-156.4449,-102.4043,8.0,23.15502,0.1689108
-167.7519,-113.1172,8.0,24.9323,0.33779640000000005
-166.5761,-133.6003,8.0,30.3923,0.2789193
-170.335,-157.7217,8.0,35.63422,0.3837151
-170.1141,-185.9086,8.0,40.42712,0.3709035
-168.88299999999998,-217.6006,8.0,45.20728,0.3345585
-161.6635,-249.9324,8.0,40.99114,-1.216161
-138.3447,-254.2809,8.0,28.653309999999998,-0.7616649000000001
-127.2883,-236.5249,8.0,31.62939,0.14704520000000001
-127.3954,-211.2436,8.0,36.758390000000006,0.3553335
-123.1553,-184.1664,8.0,31.040159999999997,-3.219013
-111.2264,-181.3632,8.0,16.56533,0.8068119
-107.1531,-194.72099999999998,8.0,22.25822,0.4494495
-106.5611,-213.4146,8.0,28.18722,0.4185539000000001
-105.7804,-236.4407,8.0,33.73529,0.4022025
-98.52203,-261.5735,8.0,37.3748,0.134968
-73.82658,-272.7966,8.0,38.49912,-0.04222518
-51.35302,-256.4434,8.0,39.545390000000005,0.03505931
-46.67481,-226.5548,8.0,43.32692,0.1643768
-38.27402,-194.9025,8.0,45.3571,0.01791308
-13.71355,-170.0712,8.0,49.35745,0.31706799999999996
7.2133970000000005,-140.3432,8.0,43.41728,-1.483171
2.354879,-115.2737,8.0,35.646390000000004,0.5297447
-6.303995,-89.23569,8.0,39.64161,0.156164
-1.8384330000000002,-58.45997,8.0,44.35082,0.3301261
-1.427576,-23.87369,8.0,48.84049,0.15271679999999999
-2.490275,14.057939999999999,8.0,53.044219999999996,0.2130529
-16.75785,41.291109999999996,8.0,30.44043,-1.126609
-26.278740000000003,41.03363,8.0,4.93241,0.262246
-29.909159999999996,36.97419,8.0,11.4064,0.24818579999999998
-38.47514,42.83999,8.0,17.79058,0.457259
-47.85178,48.573209999999996,8.0,3.2382009999999997,-1.996201
-48.017540000000004,48.58695,8.0,0.02654523,-0.02284584
-48.43166,46.87035,8.0,4.587184,0.1551499
-47.32002,43.44325,8.0,3.567303,-1.010904
-48.603390000000005,44.391909999999996,8.0,6.992249,0.3385636
-56.69067,46.38548,8.0,15.831660000000001,0.6223642
-71.48396,44.72278,8.0,24.15972,0.5572467
-92.13734000000001,42.17848,8.0,31.992820000000002,0.5329883000000001
-118.4435,44.18031,8.0,39.12914,0.4465348
-142.7062,31.88017,8.0,38.52661,0.09780669
-144.3783,1.6043209999999999,8.0,45.37748,0.6089956999999999
-141.8894,-33.31453,9.0,3.2035259999999997,-0.45802209999999993
-142.1668,-35.37141,9.0,2.8667830000000003,0.8738543
-144.27200000000002,-42.28145,9.0,14.6868,-0.116472
-150.0061,-50.07027,9.0,11.774560000000001,-0.1951559
-158.8699,-53.539069999999995,9.0,13.87868,-0.20877470000000004
-166.1665,-58.51882,9.0,10.78024,-0.1052576
-165.4042,-67.25480999999999,9.0,17.7106,0.9824755999999999
-152.9218,-73.67628,9.0,18.20605,-0.2878401
-140.7134,-72.78681999999999,9.0,14.82327,-0.22985229999999998
-126.0536,-76.2626,9.0,25.22802,0.08628308
-111.7992,-88.62828,9.0,26.19923,0.06437291
-107.213,-106.7464,9.0,23.52158,-0.3638485
-109.396,-117.0403,9.0,11.38134,-0.1668021
-114.1778,-126.8478,9.0,21.35839,0.14821070000000003
-126.6223,-134.868,9.0,18.43222,-0.3218851
-138.3565,-132.2323,9.0,15.60511,0.06219224
-145.7898,-119.4535,9.0,25.1368,0.5624493
-152.7334,-102.0629,9.0,18.22405,-0.739688
-162.5165,-100.8204,9.0,12.36175,-0.1486512
-167.10299999999998,-112.4498,9.0,24.47945,1.0813270000000001
-168.6437,-135.8302,9.0,38.34319,0.9256236999999999
-168.6724,-167.5525,9.0,45.58213,0.3328696
-165.2148,-202.1683,9.0,46.23885,-0.626184
-162.91,-233.0275,9.0,35.81981,-0.8768826999999999
-157.5818,-252.6956,9.0,24.03943,-0.40558449999999996
-144.0679,-260.3625,9.0,18.85322,-0.2218987
-131.909,-253.5788,9.0,24.53998,0.5768571
-124.915,-231.2997,9.0,36.64782,0.5111785
-128.031,-205.2993,9.0,28.941470000000002,-1.6171959999999999
-128.3097,-190.8834,9.0,14.75496,-0.21892089999999997
-122.95,-182.5518,9.0,15.852970000000001,0.3348016
-109.7675,-183.6393,9.0,17.77307,-0.1620834
-103.131,-192.9391,9.0,16.77135,1.050331
-102.8635,-210.9683,9.0,31.459120000000002,0.7472262
-105.8011,-237.1061,9.0,37.73291,-0.40406759999999997
-101.4443,-263.0152,9.0,34.39481,-0.1413594
-80.38710999999999,-273.1501,9.0,32.838359999999994,-0.0682922
-58.337990000000005,-264.8167,9.0,31.8022,0.03477183
-48.83616,-242.4268,9.0,35.01891,0.049087900000000004
-44.68513,-215.8412,9.0,36.69632,-0.09515271
-39.05932,-190.458,9.0,33.046659999999996,-0.40948920000000005
-25.84329,-172.6003,9.0,27.136459999999996,-0.20675059999999998
-11.10558,-161.8697,9.0,22.31567,-0.3129078
1.7289560000000002,-153.3993,9.0,18.88237,-0.14223570000000002
11.29078,-143.4364,9.0,21.33848,0.2917513
9.433380999999999,-126.493,9.0,26.94622,0.48363999999999996
-3.753044,-109.8875,9.0,29.6135,-0.009967272
-10.057319999999999,-88.73739,9.0,30.227829999999997,0.05114606
-10.86551,-65.38378,9.0,33.71547,0.1471897
-7.083392,-39.81596,9.0,35.607009999999995,0.03591046
-2.631371,-13.40424,9.0,36.64378,0.07319169
-3.157051,11.30338,9.0,27.54693,-0.7621434
-7.602396000000001,27.850270000000002,9.0,19.65629,-0.1524141
-18.13247,40.00393,9.0,26.601809999999997,0.5103707000000001
-39.56518,45.244170000000004,9.0,33.48381,0.4974701
-66.9822,43.9185,9.0,40.64476,0.24390660000000003
-99.76057,43.45275,9.0,47.43483,0.4677321
-133.1569,39.31325,9.0,35.56589,-1.0233700000000001
-147.3333,20.67156,9.0,34.512,0.2054194
-141.6582,-6.720775,9.0,40.9966,0.2065681
-143.6336,-33.909890000000004,10.0,22.65684,-2.068062
-148.0335,-46.28153,10.0,19.86272,0.26522049999999997
-158.8975,-54.77267,10.0,17.09056,-0.260144
-167.0207,-61.768919999999994,10.0,12.93452,-0.05690912
-161.8344,-71.75464000000001,10.0,18.50296,-0.344903
-148.6643,-72.61182,10.0,18.71459,0.1165441
-135.4773,-73.48801,10.0,19.181379999999997,1.159776
-118.5256,-80.88506,10.0,28.943720000000003,0.46976049999999997
-107.2964,-100.9267,10.0,34.67622,0.18852249999999998
-113.3747,-125.3112,10.0,28.371309999999998,-1.280176
-128.0741,-133.6264,10.0,20.60952,-0.3750942
-140.661,-129.8218,10.0,18.01332,0.6356890000000001
-146.2329,-114.6129,10.0,25.01245,-0.37440840000000003
-150.7219,-104.1882,10.0,4.015871,-0.153528
-155.968,-100.7862,10.0,12.861469999999999,0.5281534999999999
-165.7815,-105.569,10.0,19.09773,0.4248615
-168.037,-122.045,10.0,26.074939999999998,0.5176491
-168.8925,-143.9581,10.0,33.600359999999995,0.7839448
-168.305,-170.1904,10.0,37.502309999999994,0.2581386
-166.2107,-198.9488,10.0,40.07124,0.04557589
-164.1508,-225.8268,10.0,32.54795,-0.5145294
-161.5284,-247.0809,10.0,25.4643,-0.5396211
-149.9786,-258.4913,10.0,21.67592,0.5135004
-133.8317,-255.7974,10.0,23.73815,0.08093439999999999
-125.7319,-238.7387,10.0,27.46825,0.23546639999999996
-125.8978,-217.4034,10.0,30.49982,0.23667489999999997
-127.8405,-197.8949,10.0,17.9853,-0.8521456000000001
-126.9598,-186.3724,10.0,13.405120000000002,-0.3713903
-118.9773,-181.8914,10.0,15.45106,0.5063095000000001
-106.7598,-185.5969,10.0,17.96731,-0.1225197
-103.0246,-198.4659,10.0,19.83986,0.09422614
-103.9564,-214.0742,10.0,21.78615,0.01579911
-105.1911,-230.5559,10.0,24.74954,0.25121020000000005
-105.8394,-251.2165,10.0,29.91987,0.0022239
-95.67419,-269.6884,10.0,30.71351,0.7213736
-70.49240999999999,-271.0673,10.0,37.89573,0.38039759999999995
-50.883959999999995,-252.87900000000002,10.0,38.3503,0.1852792
-46.42651,-222.4589,10.0,43.60342,0.1364349
-39.58232,-192.8394,10.0,36.7366,-0.3247021
-25.912010000000002,-173.1897,10.0,28.8664,-0.4898089
-10.74752,-161.9813,10.0,18.934839999999998,-1.966279
-2.0672770000000003,-155.9469,10.0,17.01298,1.050225
9.209059,-146.8428,10.0,19.13031,-0.07026596
12.515939999999999,-131.3349,10.0,26.74703,0.2845835
-1.436943,-114.7714,10.0,32.22589,0.33182829999999996
-9.628807,-90.91481,10.0,33.726240000000004,-0.29603779999999996
-9.996858999999999,-67.10200999999999,10.0,34.04205,0.23160570000000003
-7.076746000000001,-39.676359999999995,10.0,40.37231,0.4356081
-2.262247,-7.897657000000001,10.0,46.18285,0.3804781
-6.381712,26.72277,10.0,45.28109,-0.8125743000000001
-31.40591,44.18125,10.0,44.09509,0.32730729999999997
-65.77618000000001,44.16983,10.0,49.06535,0.1886491
-104.007,42.48229,10.0,54.299580000000006,0.1821526
-137.47299999999998,37.039840000000005,10.0,39.30279,0.03766001
-148.0901,13.807570000000002,10.0,37.00148,0.2778954
-141.3385,-14.75252,10.0,42.17427,0.149014
-146.9128,-41.29309,11.0,34.17286,0.45422529999999994
-165.0059,-60.51465,11.0,37.73356,-0.5226486
-167.2307,-79.18768,11.0,19.96143,-0.5269639
-154.5699,-74.74945,11.0,23.05515,0.24457420000000002
-137.6473,-70.9029,11.0,27.512690000000003,0.42538580000000004
-118.8904,-83.43304,11.0,31.787609999999997,-0.41277700000000006
-108.9171,-103.8744,11.0,33.87186,0.16228320000000002
-117.4025,-126.4713,11.0,28.591720000000002,-0.5553038
-136.0473,-131.9107,11.0,29.96813,0.3277407
-144.7917,-112.086,11.0,32.40442,-0.6445401
-150.0523,-101.7482,11.0,13.16665,1.094186
-163.3414,-103.9266,11.0,23.397070000000003,0.1287661
-166.3461,-122.1977,11.0,28.82106,0.494489
-167.3708,-145.8892,11.0,35.33208,0.46552609999999994
-167.6181,-174.2461,11.0,41.3456,0.4361335
-164.5108,-206.9426,11.0,47.17083,0.19713789999999998
-161.7319,-240.9752,11.0,40.066179999999996,-0.6538305
-148.4249,-258.9778,11.0,29.12482,0.3042129
-129.7178,-251.7991,11.0,30.03108,0.3044563
-125.2288,-227.7037,11.0,36.08161,0.3557187
-127.9328,-199.8803,11.0,34.96694,-0.3582821
-118.9293,-180.0211,11.0,26.89511,-0.04553069999999999
-106.9964,-189.9721,11.0,25.09427,0.45683490000000004
-106.3037,-210.8998,11.0,31.594140000000003,0.47355959999999997
-106.9292,-236.4133,11.0,37.68692,0.2157535
-100.3791,-264.563,11.0,41.157779999999995,-0.08862758
-73.28645999999999,-271.5507,11.0,40.949259999999995,0.35140920000000003
-50.449259999999995,-253.5637,11.0,41.29258,0.26360959999999994
-44.74503,-221.3498,11.0,46.87965,0.1925414
-35.86356,-186.1451,11.0,51.18397,0.1848029
-10.34297,-162.6136,11.0,38.54744,-1.503717
8.484124000000001,-147.2157,11.0,28.9756,-0.2890041
10.925410000000001,-129.5633,11.0,23.79428,0.4315266
-0.7708156999999999,-113.4532,11.0,30.281270000000003,0.4145447
-8.760595,-90.41547,11.0,36.2119,0.4442399
-9.908455,-61.50476999999999,11.0,42.09937,0.1975135
-4.384677,-28.56533,11.0,47.860659999999996,0.3943967
-2.4545619999999997,8.644615,11.0,52.689930000000004,0.2781329
-18.31316,41.13113,11.0,47.086909999999996,-0.1937901
-52.21107,43.87965,11.0,48.6898,0.4021252
-90.19417,41.75023,11.0,54.044630000000005,0.1750358
-129.4955,39.20847,11.0,45.92264,-1.7516080000000003
-150.0196,18.3474,11.0,40.3391,-0.1481516
-142.8349,-11.730030000000001,11.0,44.14654,0.3335228
-146.0583,-43.03389,12.0,36.09742,-1.422187
-163.5753,-54.77526999999999,12.0,28.76793,-0.1076213
-164.8995,-70.65053,12.0,23.8382,0.03578128
-146.0938,-71.11225999999999,12.0,28.95761,0.47041279999999996
-123.5012,-77.26933000000001,12.0,34.776790000000005,0.3927145
-107.2774,-98.34718000000001,12.0,38.744640000000004,0.2029673
-113.4582,-122.0453,12.0,27.74407,-0.8344154
-130.0121,-132.5646,12.0,24.12031,-0.2575876
-144.5159,-126.5678,12.0,24.388560000000002,0.13103199999999998
-148.4238,-106.9367,12.0,27.820870000000003,-0.7302054
-162.3331,-101.4133,12.0,19.6809,0.161646
-167.6888,-116.6218,12.0,28.84282,0.5111205
-167.9842,-142.5211,12.0,38.27885,0.2105145
-167.6651,-172.87,12.0,43.99819,0.4303384
-165.4631,-207.666,12.0,49.6982,0.39763350000000003
-162.3429,-244.0293,12.0,44.59787,0.32007579999999997
-143.0358,-258.2574,12.0,27.76356,-0.4254662
-129.5486,-242.6199,12.0,31.21371,0.1866955
-125.5462,-217.5352,12.0,37.340559999999996,0.4084551
-128.4414,-191.3122,12.0,33.23914,-0.07323108
-112.4743,-180.3858,12.0,26.904429999999998,-0.4543937
-108.2966,-196.5074,12.0,26.84008,0.24821970000000002
-110.3042,-218.4731,12.0,33.21001,0.46676000000000006
-107.5455,-245.3825,12.0,39.523379999999996,0.1962823
-92.64719000000001,-270.1595,12.0,39.74009,-0.27965270000000003
-63.26701,-267.8865,12.0,42.67991,0.149929
-45.3532,-246.1067,12.0,35.95303,-0.5610543
-53.907959999999996,-224.567,12.0,24.515639999999998,-2.949092
-53.049130000000005,-216.8002,12.0,5.575758,0.01743658
-53.30732,-215.0309,12.0,2.038072,0.6471022
-50.31834,-218.4843,12.0,10.31954,0.4853778
-42.85902,-213.78400000000002,12.0,15.52406,-0.29861859999999996
-41.71783,-203.7001,12.0,13.65794,0.7732872
-39.50339,-189.6514,12.0,23.25035,0.48569529999999994
-28.5882,-173.5033,12.0,29.76955,0.4694241
-8.306104,-160.0099,12.0,36.176759999999994,0.46934560000000003
10.919960000000001,-141.1879,12.0,33.99292,-0.6602857
6.290197,-120.6205,12.0,31.766759999999998,0.9917389999999999
-7.997933,-94.77339,12.0,47.53113,0.887849
-9.256468,-56.428869999999996,12.0,54.61561999999999,0.1555758
-2.6994830000000003,-14.69116,12.0,59.43739,0.326994
-5.984018,23.6127,12.0,34.06991,-1.606231
-22.02219,42.523340000000005,12.0,36.64302,0.2038558
-50.10987,44.67992,12.0,41.136759999999995,0.2006792
-82.68515,44.45086,12.0,46.85783,0.401275
-119.0731,40.8677,12.0,49.96457,-0.3840499
-150.7327,28.5773,12.0,44.13459,-0.6003533000000001
-153.1208,12.99354,12.0,7.180563,-0.9719384
-151.7645,12.730139999999999,12.0,7.019191999999999,0.6880702
-146.804,7.092103999999999,12.0,14.70064,0.2757832
-145.841,-6.62126,12.0,22.172079999999998,0.5230554000000001
-142.3978,-25.38167,12.0,29.19533,0.46976019999999996
-142.2438,-35.94778,13.0,8.286506,0.5861074000000001
-145.6413,-44.31694,13.0,16.13782,0.5303223000000001
-157.2031,-52.95853,13.0,23.27818,0.5071495
-167.2747,-66.37963,13.0,21.408179999999998,-0.6134786
-158.6117,-75.89347,13.0,18.19806,0.4000243
-143.8209,-73.47646999999999,13.0,20.45291,-0.39088809999999996
-129.2438,-73.14526,13.0,22.93856,0.24876410000000002
-113.2372,-83.4315,13.0,29.065240000000003,0.4241979
-106.7505,-105.5132,13.0,34.197309999999995,0.14529360000000002
-120.2604,-127.7186,13.0,38.05042,0.1291558
-143.6326,-129.1688,13.0,22.6678,-1.511516
-143.9586,-122.6765,13.0,7.010519,0.3107422
-138.2605,-122.2645,13.0,1.233641,0.5137102
-142.0917,-123.5481,13.0,9.200667999999999,0.2203763
-145.5266,-128.5417,13.0,4.377554,-0.4398124
-145.3762,-127.9302,13.0,5.574967,0.3267386
-142.045,-121.3066,13.0,14.28795,0.5569267
-140.9904,-108.4541,13.0,21.56289,0.49413720000000005
-154.3682,-97.76758000000001,13.0,26.3786,0.08220534
-166.5887,-108.4835,13.0,25.18629,1.301094
-167.785,-130.3343,13.0,33.11987,0.23699009999999998
-167.5748,-157.5274,13.0,39.90163,0.5046138
-167.9796,-189.465,13.0,46.30113,0.4505523
-168.0177,-226.0026,13.0,52.220209999999994,0.1769453
-152.7273,-255.5847,13.0,43.20191,-0.3924562
-128.8286,-249.9604,13.0,28.95604,0.2028049
-128.3498,-225.7342,13.0,38.31173,0.7530069
-127.6919,-195.8539,13.0,35.673629999999996,-2.1446400000000003
-122.2334,-182.9423,13.0,14.154539999999999,-0.04705926
-110.5694,-183.9265,13.0,20.95265,0.3762509
-104.7955,-200.3847,13.0,27.54495,0.495149
-107.2107,-223.2234,13.0,34.56289,0.48598320000000006
-104.53200000000001,-250.4986,13.0,40.10088,0.39080240000000005
-83.41386,-271.7382,13.0,42.63799,-0.009316922
-55.268809999999995,-262.2612,13.0,42.50701,-0.007486301999999999
-48.86527,-231.1544,13.0,46.18869,0.4604915
-42.526270000000004,-199.3175,13.0,42.2272,0.17670650000000002
-21.80545,-173.5,13.0,47.83307,0.4589015
3.462452,-145.6922,13.0,51.331309999999995,-0.3444397
6.075993,-114.2354,13.0,37.90981,-1.453001
-8.895711,-96.92475,13.0,27.674940000000003,-0.01456
-6.374048999999999,-73.2675,13.0,35.86016,0.4931674
-5.458734,-44.23687,13.0,42.45874,0.22446010000000002
-4.140159,-10.45266,13.0,48.673190000000005,0.20930059999999998
-6.899888000000001,26.551640000000003,13.0,47.10707,-1.496743
-27.14435,41.70713,13.0,26.963009999999997,-0.9257433
-34.6917,33.20369,13.0,14.00729,-0.004931001
-35.12263,32.58893,13.0,0.07159958,0.03289368
-35.168490000000006,32.594570000000004,13.0,0.06613925,0.05568175
-34.405640000000005,35.097390000000004,13.0,7.718286,0.5278096
-32.721709999999995,42.391740000000006,13.0,8.195121,-0.7924458000000001
-32.262209999999996,44.70239,13.0,1.5043870000000001,0.7124879
-34.935629999999996,41.70081,13.0,9.611964,0.2789207
-44.438359999999996,43.0201,13.0,16.99119,0.5120332000000001
-59.36048,45.34192,13.0,23.79457,0.47202740000000004
-79.22166,42.787259999999996,13.0,30.297209999999996,0.4446727
-103.8629,42.741170000000004,13.0,36.2379,0.41664700000000005
-131.8815,38.58226,13.0,40.20868,-0.3377648
-147.7477,16.556420000000003,13.0,38.76332,0.3066745
-145.3004,-13.894079999999999,13.0,44.02155,0.3799431
-147.694,-46.74238,14.0,40.72777,-0.9078188
-163.0801,-63.61656,14.0,24.434929999999998,-1.0704200000000001
-152.6501,-75.52998000000001,14.0,26.5227,0.3774274
-130.9031,-76.7557,14.0,32.09822,0.2651539
-112.1882,-92.92779,14.0,36.121390000000005,0.21114360000000001
-113.6025,-119.3723,14.0,38.38862,0.1761726
-136.9562,-131.8107,14.0,32.06108,-0.7953549
-146.0498,-120.962,14.0,8.209196,-1.37653
-146.3142,-119.4648,14.0,1.940119,-0.00647361
-147.1591,-118.4007,14.0,1.632516,0.06243701
-148.1239,-117.6366,14.0,3.0018279999999997,0.43617100000000003
-150.8406,-117.4301,14.0,2.226186,-0.7099388000000001
-149.0782,-116.4499,14.0,7.221753,0.31824709999999995
-144.69799999999998,-109.4792,14.0,15.429929999999999,0.2791294
-150.9603,-97.99006999999999,14.0,21.9404,0.2924894
-166.0841,-102.9258,14.0,25.80595,0.31168850000000003
-166.7499,-123.6986,14.0,31.89606,0.49907340000000006
-166.6893,-149.8432,14.0,38.78151,0.48166309999999996
-166.8674,-181.0201,14.0,45.32786,0.4515505
-167.1267,-216.8634,14.0,51.43812,0.4503607
-157.6997,-250.08,14.0,37.83498,-1.7565819999999999
-141.9968,-253.3752,14.0,8.324552,-1.7116689999999999
-141.4394,-250.1801,14.0,2.8319400000000003,-0.23436579999999999
-138.5722,-248.0769,14.0,8.472199,0.7909683000000001
-129.9721,-250.8212,14.0,14.52064,-0.1378303
-121.7682,-249.6534,14.0,9.933301,-0.30014209999999997
-122.3921,-240.3788,14.0,17.57798,0.7115119000000001
-125.8389,-224.8513,14.0,25.34808,0.5617420999999999
-127.5503,-203.4147,14.0,32.675129999999996,0.2609915
-121.0649,-180.7937,14.0,30.547909999999998,-0.4968269
-105.9966,-185.9743,14.0,25.22073,1.0232299999999999
-106.8309,-211.354,14.0,44.4245,1.520233
-103.9604,-250.1895,14.0,57.33054,-0.2356303
-77.42797,-272.3246,14.0,45.37357,0.4171544
-50.13505,-256.9226,14.0,43.31358,-0.05663732
-49.516999999999996,-224.1966,14.0,47.01055,0.1281621
-36.26413,-191.2615,14.0,50.92743,0.3590481
-8.44517,-163.077,14.0,56.36253000000001,0.4162098
10.08162,-130.3845,14.0,38.67966,-1.31341
-0.30823659999999997,-112.0529,14.0,25.67541,0.40759120000000004
-5.8990480000000005,-90.91551,14.0,33.27608,0.49979880000000004
-3.9167669999999997,-63.809169999999995,14.0,40.13337,0.4896518
-2.361542,-31.658790000000003,14.0,46.591879999999996,0.46780299999999997
-2.846518,5.0930860000000004,14.0,52.598980000000005,0.2386294
-14.808520000000001,38.08827,14.0,44.04121,-0.3626232
-46.26025,41.15586,14.0,45.957370000000004,0.20453310000000002
-82.66384000000001,40.21542,14.0,52.01393,0.41845379999999993
-122.43799999999999,41.52304,14.0,50.22152,-0.9104652
-144.8856,27.678959999999996,14.0,24.01277,-2.456875
-144.245,22.252679999999998,14.0,3.903773,0.6441339
-141.5789,25.02972,14.0,4.683979,-0.2918882
-142.2025,24.139789999999998,14.0,6.389897,0.2593626
-147.6808,21.43768,14.0,8.355713,-1.346549
-149.3645,21.9405,14.0,2.6123439999999998,0.3356478
-145.1309,18.69562,14.0,11.73667,0.6344773
-140.9848,7.881872,14.0,20.02143,0.5918584
-141.345,-9.912353999999999,14.0,28.030009999999997,0.5455395000000001
-141.7801,-34.14233,1.0,5.49464,0.6453893
-142.0841,-39.80794,1.0,11.82815,0.3424096
-147.0136,-50.462140000000005,1.0,20.38772,0.5583522
-161.2105,-61.38536,1.0,27.476670000000002,0.06524777
-155.4967,-76.77868000000001,1.0,24.47221,-0.266723
-139.85399999999998,-68.25381999999999,1.0,25.262539999999998,-0.2999115
-135.8693,-68.27788000000001,1.0,0.02422622,0.0005322329
-135.8505,-68.28068,1.0,0.0254613,-0.0005803287
-135.8325,-68.28308,1.0,0.02389772,0.02868136
-135.9801,-68.87146,1.0,3.76221,0.4719893
-135.8274,-72.17376999999999,1.0,4.479292,-0.02049799
-135.8683,-75.16277,1.0,3.635754,-0.05250943
-136.8124,-76.46016,1.0,1.722531,0.6139765
-132.4773,-74.9411,1.0,10.74044,0.6568825
-121.9957,-77.95615,1.0,18.75007,0.44506809999999997
-113.4805,-92.19205,1.0,26.39909,0.5533385999999999
-111.12100000000001,-113.6643,1.0,32.70725,0.3951078
-127.7395,-132.4489,1.0,36.87701,-0.37669009999999997
-146.4055,-125.1765,1.0,22.361420000000003,-0.2999746
-138.5627,-111.5042,1.0,24.60677,-0.06267027
-138.4578,-108.7161,1.0,0.027633099999999997,-0.00018029139999999999
-138.4586,-108.7337,1.0,0.01823326,-2.8453249999999997e-05
-139.2861,-108.4152,1.0,5.229111,0.6059044
-144.5274,-109.3791,1.0,7.903485000000001,-0.06052632
-145.4157,-110.2976,1.0,3.9450190000000003,0.6429382
-144.5577,-104.3427,1.0,12.48595,0.295431
-152.6012,-96.10988,1.0,18.51999,-0.41907
-163.3152,-99.2157,1.0,13.78452,-0.0592264
-166.8193,-113.7208,1.0,27.8954,0.9451061
-170.1216,-138.0899,1.0,37.44616,0.1521637
-163.0647,-165.7957,1.0,35.86642,-0.6578919
-167.4662,-189.3323,1.0,30.26779,0.2392734
-167.0019,-217.1787,1.0,39.53001,-0.5798981
-163.8118,-243.2328,1.0,30.80923,-0.4641156
-146.6865,-250.9762,1.0,27.53538,0.6305390999999999
-125.4804,-243.7364,1.0,31.6742,-1.0758590000000001
-126.4866,-227.5925,1.0,24.67671,0.5833427
-127.875,-212.418,1.0,22.72356,-0.3563126
-123.2617,-199.3093,1.0,17.955389999999998,0.31902270000000005
-123.8785,-187.2912,1.0,14.47626,-0.11082660000000001
-112.6299,-185.7707,1.0,19.13095,-0.4468276
-110.3101,-197.19,1.0,14.35578,-0.09323459
-109.9372,-208.2999,1.0,18.238,0.5767369999999999
-108.3272,-224.6742,1.0,26.08481,0.5537211999999999
-105.2985,-246.4949,1.0,33.279540000000004,0.2179198
-90.51586,-267.7857,1.0,38.0066,0.10407839999999999
-63.136759999999995,-267.16700000000003,1.0,39.48874,0.03520692
-51.96524,-241.2879,1.0,41.14478,0.4635549
-45.04047,-209.935,1.0,46.34049,0.41762559999999993
-23.6212,-180.8475,1.0,51.77256,0.43275020000000003
1.6144459999999998,-149.2665,1.0,57.3096,0.1845104
11.57109,-113.2661,1.0,32.13742,-5.0111669999999995
10.04237,-104.381,1.0,1.153278,-0.1916771
9.762332,-104.2461,1.0,0.332368,0.256269
12.151530000000001,-105.8462,1.0,6.8390320000000004,0.3307292
17.54845,-107.1809,1.0,5.255681,-0.7574509
17.83491,-107.1303,1.0,4.16633,0.31482350000000003
11.9969,-109.4346,1.0,12.685830000000001,0.6122354
1.611759,-110.4885,1.0,17.11822,0.1147672
0.9923504999999999,-96.09124,1.0,23.64226,0.21756489999999998
-2.897974,-76.87154,1.0,30.244609999999998,0.4775432
-5.647629,-52.22152,1.0,36.871359999999996,0.4837977
-6.414358999999999,-22.50497,1.0,43.33193,0.43621190000000004
-6.526675,11.85083,1.0,49.34932,0.20437
-14.70602,41.44267,1.0,28.42407,-4.008652
-24.89874,41.48397,1.0,15.515120000000001,0.2696989
-38.06002,37.90082,1.0,22.53886,0.2556176
-57.316669999999995,39.85289,1.0,29.74861,0.5309754
-81.94858,39.57301,1.0,36.65632,0.4787729
-111.5039,40.31133,1.0,43.14713,0.46924570000000004
-140.4141,36.18011,1.0,31.26375,-1.761845
-142.2561,24.43187,1.0,8.651774000000001,-0.714147
-137.7515,24.270329999999998,1.0,0.1145966,-0.13591989999999998
-137.7518,24.22409,1.0,0.05501797,0.002760382
-138.4769,24.43104,1.0,4.341009,0.5772469
-144.0838,24.2073,1.0,10.20903,0.3089226
-150.5,25.22165,1.0,4.382981,-0.6958504
-150.3781,25.06469,1.0,4.564888,0.5971273
-147.1272,19.85029,1.0,12.49692,0.5160248
-151.0504,8.942791999999999,1.0,19.36538,0.4012187
-149.3287,-6.972011,1.0,25.34788,0.2426487
-146.1227,-27.905409999999996,1.0,31.79058,0.22342060000000002
-154.0876,-49.531620000000004,2.0,32.205940000000005,0.1309646
-166.7811,-66.25146,2.0,26.70103,-0.9042711999999999
-156.8158,-71.74216,2.0,9.419034,-0.4343315
-155.7146,-68.52707,2.0,0.05930414,0.02645608
-155.679,-68.52816,2.0,0.04092049,0.009291179
-156.1145,-70.41769000000001,2.0,5.209179,0.1320419
-156.6111,-74.11072,2.0,4.732636,-0.01864426
-156.5564,-74.58448,2.0,4.321368,0.34685459999999996
-150.4205,-72.85956,2.0,13.38155,0.312638
-139.8358,-80.0009,2.0,21.46106,-0.04475711
-126.1653,-83.66525,2.0,17.515539999999998,-0.18798410000000002
-114.5703,-93.85553,2.0,28.293670000000002,0.7582951
-113.0325,-115.4886,2.0,31.2928,0.2296015
-130.7449,-130.4498,2.0,32.3906,-0.1255458
-145.4422,-122.3552,2.0,20.23599,-0.09812773
-138.8693,-108.0472,2.0,20.129189999999998,-0.5415989999999999
-150.1369,-101.5254,2.0,21.36536,0.14285920000000002
-160.9489,-108.7856,2.0,16.68543,0.01049902
-162.2893,-121.1584,2.0,18.020220000000002,0.2832196
-165.3146,-136.8713,2.0,25.87704,0.5653078
-165.2567,-158.9526,2.0,33.64295,0.5439227
-165.5901,-186.6832,2.0,40.94469,0.5215042000000001
-165.9263,-219.558,2.0,47.7718,0.5049899999999999
-160.2008,-247.4216,2.0,22.33762,-0.5143285
-143.5082,-252.0269,2.0,27.738529999999997,0.2893932
-125.4649,-243.1415,2.0,27.39878,-0.7388831
-127.6098,-223.7846,2.0,31.309109999999997,0.7061111
-126.4605,-198.12,2.0,38.09355,-0.2827535
-121.3553,-184.2509,2.0,10.11196,-0.0320156
-112.2727,-187.8601,2.0,17.66575,0.2753839
-110.0795,-203.6565,2.0,25.67703,0.5932301999999999
-107.9161,-225.4758,2.0,33.42337,0.2600966
-101.8072,-252.1875,2.0,40.317679999999996,0.1902851
-79.46333,-270.8206,2.0,40.521,-0.2720887
-53.52451,-257.1709,2.0,42.161229999999996,0.1185002
-49.53461,-226.3447,2.0,45.218140000000005,0.19619
-38.49929,-193.5845,2.0,49.38933,0.1870275
-11.90985,-165.2078,2.0,55.500969999999995,0.1959671
8.64055,-133.4583,2.0,34.143359999999994,-1.683295
2.483374,-119.8564,2.0,21.097179999999998,0.29741090000000003
-6.136933999999999,-104.20100000000001,2.0,28.22345,0.5479925
-6.639124000000001,-80.51268,2.0,35.75184,0.5322796999999999
-6.786034,-51.34794,2.0,42.92512,0.48360010000000003
-7.137339,-17.04176,2.0,49.613929999999996,0.2229138
-7.5256490000000005,22.01849,2.0,53.18001999999999,-1.8307740000000001
-21.103279999999998,45.58521,2.0,22.18944,-2.461252
-25.78173,45.22858,2.0,4.0344809999999995,0.7131711
-28.23538,40.20668,2.0,12.51753,0.5988266
-39.6211,43.344359999999995,2.0,20.66937,0.5683398000000001
-56.8345,45.89552,2.0,27.77825,0.565481
-80.06633000000001,42.41176,2.0,35.38711,0.5309116
-108.9196,41.312490000000004,2.0,42.54935,0.4853053
-141.3372,35.44833,2.0,41.161429999999996,-1.9444169999999998
-150.2153,19.69686,2.0,9.595363,-1.3374219999999999
-147.3733,19.45101,2.0,7.675203,0.3051012
-143.2354,12.77486,2.0,15.90807,0.5601324000000001
-150.1175,0.009871149000000001,2.0,23.48659,0.37543590000000004
-147.2594,-18.4742,2.0,29.41664,0.5143656
-142.2166,-35.90443,3.0,11.9001,0.7308819999999999
-144.9293,-44.10138,3.0,11.49323,0.1510366
-153.2829,-52.16873,3.0,16.81308,-0.3041225
-163.8634,-55.46756,3.0,13.27467,-0.28875850000000003
-166.2816,-62.89853000000001,3.0,9.941884,-0.1608177
-161.3233,-70.24432,3.0,16.24532,0.5708655
-147.0351,-71.83234,3.0,23.84608,0.5492405
-127.4266,-76.66833000000001,3.0,29.360129999999998,-0.22046759999999999
-112.5671,-88.9913,3.0,23.747729999999997,-0.2345506
-107.9156,-107.3559,3.0,28.138759999999998,-0.42302510000000004
-113.9437,-124.8202,3.0,22.50421,-0.4026921
-127.1758,-133.2845,3.0,23.81056,0.4728126
-142.0915,-127.2778,3.0,25.064239999999998,1.004056
-149.4727,-107.1001,3.0,27.20536,-0.6670896
-162.2541,-105.1279,3.0,18.21935,0.5152028000000001
-167.4207,-120.1026,3.0,25.72852,0.5840155
-169.7764,-141.9651,3.0,33.4819,0.5457565
-167.8775,-169.2664,3.0,40.52755,0.24721410000000002
-166.2956,-201.8142,3.0,47.234629999999996,0.2236755
-163.8999,-237.9904,3.0,47.23937,-0.46310470000000004
-148.7198,-259.1942,3.0,29.298790000000004,-0.5483576
-131.9045,-249.3717,3.0,30.02099,0.5159060999999999
-125.6649,-226.993,3.0,34.77626,0.48198909999999995
-127.8376,-200.5107,3.0,34.516659999999995,-0.3064058
-120.2395,-179.7592,3.0,24.17362,-1.085876
-108.6802,-185.9406,3.0,21.43044,0.4608938
-108.1901,-204.0349,3.0,28.34385,0.5809542
-104.75200000000001,-226.295,3.0,29.93395,-0.22065300000000002
-106.2386,-247.3575,3.0,31.779420000000002,1.432099
-94.52975,-269.7769,3.0,36.62172,-0.08298846
-68.88303,-268.7736,3.0,25.12388,-0.8234802
-57.658730000000006,-267.7046,3.0,7.894698,-0.9819388000000001
-56.47543,-266.9247,3.0,2.92528,0.1712091
-57.17821,-267.3722,3.0,0.7174193,0.3626638
-55.16404,-265.1478,3.0,6.6080429999999994,0.2256837
-50.63771,-262.255,3.0,8.080998,0.03564926
-48.19915,-263.67,3.0,1.2981,0.6275210999999999
-49.9345,-259.7183,3.0,10.084430000000001,0.5716863
-48.53405,-249.42700000000002,3.0,18.14771,0.29480259999999997
-44.97903,-233.5389,3.0,25.74598,0.5186247
-42.49907,-211.8825,3.0,32.907,0.4835714
-35.82304,-186.5733,3.0,37.658809999999995,0.2699047
-14.849910000000001,-165.321,3.0,38.34187,-2.062373
0.9434879,-151.9725,3.0,22.26824,-0.3751102
10.77667,-141.3123,3.0,17.311870000000003,-0.1929805
10.91013,-130.2266,3.0,15.25481,0.5857463
3.175599,-118.5483,3.0,22.809739999999998,0.5214479000000001
-5.906306,-101.387,3.0,29.865820000000003,0.24234029999999998
-10.39697,-77.14229,3.0,36.52117,0.4690775
-8.311010000000001,-47.74485,3.0,42.85474,0.20859770000000002
-3.8087150000000003,-14.7516,3.0,43.44135,-0.6254706
-4.097746,9.768526,3.0,17.751260000000002,-2.088018
-4.8925,15.249239999999999,3.0,4.582164,0.5017903
-6.369987,22.37418,3.0,14.1228,0.3070632
-11.89252,34.49673,3.0,21.932570000000002,0.4978317
-27.942829999999997,43.88149,3.0,28.91211,0.4648666
-51.54072,44.62494,3.0,35.44895,0.5024109999999999
-80.30816,43.92771,3.0,42.14821,0.2338303
-113.601,41.39119,3.0,45.75615,-0.34930559999999994
-143.6442,34.36978,3.0,38.25338,-0.6015397
-147.243,11.71218,3.0,33.42508,0.47392650000000003
-144.9461,-13.78324,3.0,38.13923,0.23283009999999998
-144.8785,-43.812259999999995,4.0,38.96727,-0.4718156
-157.798,-54.28409,4.0,18.71614,0.5989401
-168.24200000000002,-61.353469999999994,4.0,19.893320000000003,0.09911986
-156.8422,-72.09105,4.0,25.37908,0.192904
-135.8066,-73.85378,4.0,31.75197,0.4330575
-115.0003,-88.24113,4.0,37.41108,0.40843979999999996
-110.505,-114.8623,4.0,37.316109999999995,-0.02477211
-129.7405,-132.7482,4.0,35.22263,-0.27063400000000004
-145.2849,-119.0222,4.0,29.61482,0.17061010000000001
-149.4272,-99.68654000000001,4.0,19.667820000000003,-1.964078
-161.6312,-102.6156,4.0,21.39819,0.22674229999999998
-167.8324,-119.6142,4.0,28.34787,0.2575852
-170.5523,-143.125,4.0,35.42199,0.4709304
-168.1325,-171.7467,4.0,42.06734,0.47529309999999997
-165.123,-205.14,4.0,48.42654,0.4357101
-162.7997,-240.5507,4.0,40.44397,-2.852338
-153.2581,-254.7668,4.0,18.73432,-0.16398210000000002
-137.8123,-257.8429,4.0,24.69901,0.1315624
-127.7603,-242.0843,4.0,29.49219,0.5575810999999999
-126.2507,-218.0582,4.0,35.78156,0.5060757
-127.4293,-189.8209,4.0,40.16989,-0.07275593
-107.14399999999999,-177.2729,4.0,30.27727,-0.7902481
-101.1829,-192.0623,4.0,21.68691,-0.3859482
-114.5492,-199.7164,4.0,12.289480000000001,-1.49706
-114.5551,-201.5557,4.0,0.0006451655999999999,-0.01447486
-114.3613,-201.6058,4.0,1.995829,0.5329499
-111.0828,-201.0958,4.0,6.780766000000001,0.2646413
-109.6804,-198.19400000000002,4.0,0.43294350000000004,-0.601522
-109.4171,-200.6247,4.0,6.9418429999999995,0.5357541
-107.8919,-208.1933,4.0,13.84246,0.4905724
-105.6989,-220.7137,4.0,20.28575,0.44236909999999996
-105.6671,-237.9909,4.0,26.256320000000002,0.20799220000000002
-102.556,-258.7858,4.0,31.06328,0.3000959
-83.61395999999999,-271.9738,4.0,33.599909999999994,0.10825739999999999
-58.78657,-265.0723,4.0,37.15975,0.1405055
-49.23943,-240.3488,4.0,38.38945,0.36873
-46.00504,-210.5744,4.0,42.69925,0.325471
-31.21432,-181.2018,4.0,46.111909999999995,0.19408689999999998
-6.091933999999999,-158.7117,4.0,38.94448,-2.2034830000000003
8.154793,-145.3056,4.0,20.17276,-0.441543
12.60999,-133.5811,4.0,19.22701,1.094182
3.1307169999999998,-118.8279,4.0,26.856790000000004,0.4011858
-6.793003999999999,-99.72861999999999,4.0,31.936120000000003,0.1862245
-10.56245,-74.40765,4.0,37.06306,0.3536783
-7.773452000000001,-45.33745,4.0,41.84925,0.34565759999999995
-2.212776,-13.07643,4.0,46.49282,0.14297079999999998
-5.64887,21.8378,4.0,44.50108,-2.03797
-18.64936,39.36582,4.0,29.59542,0.31887709999999997
-41.56256,43.88795,4.0,34.26348,0.18813339999999998
-68.87084,43.260059999999996,4.0,39.422290000000004,0.3518435
-99.86066,42.20833,4.0,43.73421,-0.05927727
-129.7593,38.847359999999995,4.0,33.05632,-0.7822109
-142.2515,34.02567,4.0,16.91301,0.42642640000000004
-147.8887,20.783,4.0,22.6713,0.41772120000000007
-146.1741,1.9883060000000001,4.0,28.39113,0.4518718
-141.7842,-20.73179,4.0,33.8005,0.3396259
-146.1856,-44.22903,5.0,28.351059999999997,-0.8424756
-163.0316,-55.16112,5.0,29.466440000000002,0.22469
-166.1064,-68.60126,5.0,18.74532,0.135739
-153.5807,-70.15511,5.0,20.137520000000002,1.129699
-136.696,-73.81788,5.0,26.3068,0.2073786
-117.3383,-82.80336,5.0,31.40775,0.14064839999999998
-107.7288,-104.2467,5.0,34.28539,0.2089326
-116.5182,-127.0933,5.0,31.81645,0.11977950000000001
-135.6304,-132.0335,5.0,23.357029999999998,-0.7596414
-143.5611,-116.9783,5.0,26.37367,0.1798444
-156.1551,-101.0577,5.0,26.687790000000003,-0.48323370000000004
-165.38,-107.2086,5.0,17.04842,-0.17539549999999998
-165.6892,-120.62,5.0,22.730620000000002,0.2233143
-167.864,-141.0177,5.0,36.19514,1.431036
-167.3195,-173.3493,5.0,47.39762,0.49814440000000004
-164.2438,-210.049,5.0,47.50223,-2.17636
-163.765,-233.2509,5.0,21.05968,-0.4427991
-161.6607,-246.6696,5.0,15.62735,-0.2131556
-154.3197,-255.8679,5.0,20.3272,0.4697675
-137.3946,-258.5763,5.0,28.240340000000003,0.3677617
-126.0111,-237.7054,5.0,38.46861,0.6991961
-127.6474,-208.0478,5.0,36.80304,-1.64011
-127.4838,-190.2046,5.0,18.43159,-0.23502849999999997
-118.5272,-182.3462,5.0,19.51308,0.3567229
-104.199,-189.19,5.0,24.92137,0.17323829999999998
-102.8024,-210.3304,5.0,33.719409999999996,0.27817020000000003
-105.2253,-236.9598,5.0,36.7853,-0.294044
-102.7822,-261.0612,5.0,28.72715,-0.6461559
-84.14188,-271.9061,5.0,32.34162,0.2920227
-60.0194,-265.9037,5.0,35.71533,0.07870429
-49.400459999999995,-241.7415,5.0,38.4602,0.35187609999999997
-45.31231,-211.53599999999997,5.0,43.29807,0.164508
-32.96222,-180.7138,5.0,46.58307,0.07618093
-8.447147,-159.5843,5.0,27.65332,-2.0332790000000003
1.080452,-153.4347,5.0,11.6432,-0.1627442
6.640196,-149.12,5.0,7.501733,-0.2774455
10.70144,-144.7163,5.0,10.89696,0.248173
13.077960000000001,-134.7854,5.0,17.17964,0.4133615
6.305662,-121.6623,5.0,23.115270000000002,0.42846990000000007
-4.060872,-105.5444,5.0,28.760640000000002,0.38666059999999997
-9.936955000000001,-83.00887,5.0,34.075070000000004,0.3578426
-9.251863,-56.07122,5.0,38.9542,0.34146190000000004
-3.6100879999999997,-25.88749,5.0,43.77872,0.3170155
-1.74252,6.530232,5.0,38.15829,-0.8103883000000001
-6.206376000000001,23.88703,5.0,10.04778,-0.1530259
-10.53021,32.364329999999995,5.0,16.9182,0.44684709999999994
-21.751479999999997,41.56328,5.0,22.82347,0.413445
-40.17725,45.26469,5.0,28.371240000000004,0.41394390000000003
-63.24256,44.993320000000004,5.0,33.876529999999995,0.1982766
-90.3074,43.8331,5.0,39.075390000000006,0.17862139999999999
-119.8297,40.99583,5.0,36.612140000000004,-0.5564422
-138.4318,37.23972,5.0,20.84261,0.18158529999999998
-147.1832,22.84959,5.0,25.92601,0.387371
-146.2477,1.8959540000000001,5.0,31.12105,0.1985786
-141.8924,-22.72939,5.0,36.16899,-0.0533771
-144.6579,-41.658809999999995,6.0,12.90737,-0.34378909999999996
-150.6383,-51.08791,6.0,20.3243,0.5274416999999999
-162.3465,-56.55441999999999,6.0,14.65744,-0.2189739
-165.9121,-65.11839,6.0,16.39467,0.37743940000000004
-153.4481,-72.87331,6.0,26.20549,1.10604
-129.5953,-74.99883,6.0,38.12247,0.33620279999999997
-109.2455,-95.61735999999999,6.0,38.36972,-0.6485526
-115.5842,-115.3718,6.0,14.05292,-1.911664
-118.6129,-124.0293,6.0,16.565360000000002,1.151943
-127.281,-133.7324,6.0,17.55009,0.4995528
-141.0125,-129.283,6.0,23.16638,0.14823329999999998
-145.7933,-111.0514,6.0,25.615029999999997,-1.142544
-150.7794,-103.84100000000001,6.0,7.628232000000001,0.1003581
-158.4679,-100.571,6.0,15.791739999999999,0.2666111
-166.4848,-108.0794,6.0,18.143420000000003,0.6777731
-167.8055,-126.289,6.0,31.555870000000002,0.9544799999999999
-168.7247,-154.4572,6.0,43.86308,0.8311154000000001
-166.6854,-190.745,6.0,54.04334,0.3280232
-163.5447,-229.3177,6.0,47.13044,-0.4138111
-156.8326,-255.8673,6.0,29.13158,-1.252294
-139.5996,-256.9851,6.0,20.274060000000002,-0.47242159999999994
-128.2542,-246.8694,6.0,24.64418,0.3765777
-124.9101,-226.9479,6.0,30.015590000000003,0.1854541
-128.2753,-202.9714,6.0,35.25375,0.17571420000000001
-124.7098,-183.7409,6.0,15.9036,-0.08044544
-111.039,-184.3338,6.0,22.03889,0.1459503
-103.0079,-199.7887,6.0,26.785659999999996,0.3865422
-103.6782,-221.6437,6.0,32.233909999999995,0.1992031
-105.8172,-247.3591,6.0,37.37212,0.327685
-93.68911,-271.1149,6.0,36.44103,-0.18050239999999998
-70.41649,-269.7202,6.0,27.84747,-0.5770485
-54.17345,-262.5453,6.0,22.525920000000003,0.43830410000000003
-47.9304,-244.0,6.0,30.266,0.4017735
-44.507509999999996,-219.7478,6.0,35.67893,0.3868881
-40.19613,-191.8557,6.0,40.325179999999996,0.2228926
-20.07817,-169.7366,6.0,42.97215,0.1658277
-1.4196799999999998,-155.7384,6.0,16.47786,-2.060254
6.1884239999999995,-149.7675,6.0,12.082310000000001,-0.0029604329999999997
11.9607,-141.8884,6.0,15.73955,0.2807978
10.26463,-127.6293,6.0,24.22482,0.6022736
-3.585411,-109.6323,6.0,37.70662,0.9521691999999999
-9.588778,-77.44743000000001,6.0,50.95466,0.44302759999999997
-5.9183959999999995,-35.65436,6.0,60.530280000000005,0.10913710000000001
-2.104653,7.2797160000000005,6.0,46.54311,-3.6847519999999996
-8.253765,27.572979999999998,6.0,20.34346,-0.03482411
-19.25195,40.5863,6.0,27.44574,0.3587478
-43.37549,45.33717,6.0,40.33528,0.5356914
-78.84406,44.06966,6.0,54.97091999999999,1.008032
-117.4844,41.18508,6.0,31.58442,-1.879486
-130.1266,38.77213,6.0,12.47429,-0.1590043
-142.3128,34.3636,6.0,23.22665,0.2101738
-147.6506,17.14562,6.0,27.56125,0.20506079999999996
-144.6769,-5.103347,6.0,33.0674,0.3744355
-141.5918,-31.09145,6.0,37.29435,0.09769622
-142.3925,-39.10603,7.0,11.8048,0.48370690000000005
-147.5758,-48.74263,7.0,18.02209,0.20154489999999997
-161.4363,-55.341190000000005,7.0,23.47628,0.29192809999999997
-168.0979,-68.45730999999999,7.0,17.175639999999998,-0.5104241
-160.1634,-76.60648,7.0,17.01057,0.24176220000000004
-146.6366,-74.71614,7.0,20.15185,0.01787031
-131.3829,-73.69763,7.0,22.29542,0.1091221
-115.4104,-83.32393,7.0,29.58333,0.377775
-108.1187,-104.7666,7.0,33.31528,0.29897340000000006
-120.2653,-126.5045,7.0,36.133990000000004,0.1985304
-144.1646,-128.9395,7.0,26.465559999999996,-2.3582650000000003
-145.1488,-118.5472,7.0,10.79585,-0.1931553
-143.6814,-109.515,7.0,17.76611,-0.01155425
-152.8722,-101.6247,7.0,17.12862,0.4417346
-164.9981,-107.8028,7.0,20.47427,-0.2292199
-165.9714,-122.6724,7.0,22.084670000000003,0.5110461
-167.5775,-142.47,7.0,33.30276,1.05873
-169.6819,-172.1798,7.0,46.74177,0.43214220000000003
-170.0123,-210.8603,7.0,54.07414,-0.9129661
-164.6877,-244.388,7.0,33.85406,-0.8965328000000001
-147.6667,-254.46200000000002,7.0,23.65544,-0.5191802
-131.8354,-250.7014,7.0,22.833460000000002,0.01141058
-125.7353,-233.6675,7.0,30.30953,0.3860502
-126.1243,-209.1644,7.0,35.73252,0.39312600000000003
-123.3331,-183.361,7.0,25.20131,-2.705761
-113.0703,-181.6168,7.0,16.68531,1.044229
-109.3508,-195.7772,7.0,23.130129999999998,0.21863160000000004
-108.7995,-215.1082,7.0,29.004209999999997,0.4116531
-108.3548,-238.6601,7.0,34.45543,0.3455656
-98.29609,-263.0277,7.0,37.863440000000004,0.18382220000000002
-72.22559,-272.6776,7.0,39.40126,-0.0007936891999999999
-51.36242,-254.5706,7.0,39.50206,0.03828308
-48.71935,-224.1598,7.0,43.54596,0.32568590000000003
-36.45284,-193.9981,7.0,46.07543,0.2925316
-11.99741,-167.6299,7.0,50.5937,0.31460040000000006
7.894075999999999,-138.8707,7.0,35.08441,-2.354695
5.201912,-120.3325,7.0,26.52283,0.8926120000000001
-5.496108,-100.8205,7.0,34.74825,0.9703652
-3.086642,-68.98564,7.0,52.13754,1.2455180000000001
-0.6703456,-24.526970000000002,7.0,67.56068,0.48326140000000006
-3.4796910000000003,22.54124,7.0,53.72855,-1.494742
-19.996879999999997,42.04085,7.0,28.9463,0.4269598
-45.76775,40.64347,7.0,39.70993,0.35786
-77.04899999999999,40.40777,7.0,44.549640000000004,0.3349207
-111.7343,41.30042,7.0,49.07375,0.3173406
-143.4021,34.37532,7.0,31.364520000000002,-1.127077
-146.195,13.997710000000001,7.0,30.859040000000004,0.39485290000000006
-145.1274,-10.8828,7.0,36.18963,0.37439870000000003
-146.8287,-39.45258,8.0,40.73796,-0.05076965
-164.0854,-58.74515,8.0,27.403409999999997,-1.336185
-166.2974,-73.56181,8.0,25.001929999999998,0.5932472
-147.6959,-78.35812,8.0,29.611720000000002,0.1975112
-124.8875,-80.62288000000001,8.0,33.03877,0.20066889999999998
-111.1032,-101.4352,8.0,36.1473,0.10248499999999999
-119.8722,-126.0346,8.0,37.43206,0.10319829999999999
-143.4093,-130.1798,8.0,20.36336,-3.6932449999999997
-145.9069,-126.9733,8.0,4.834841,0.6056136
-142.0925,-121.9196,8.0,12.13757,0.47330020000000006
-144.3646,-111.1839,8.0,18.33135,0.4461755
-156.6211,-102.3847,8.0,23.18122,0.153351
-167.7645,-113.3015,8.0,24.95935,0.16634849999999998
-166.5849,-133.8362,8.0,30.450309999999998,0.3338423
-170.3724,-157.9803,8.0,35.66337,0.1804981
-170.0886,-186.2249,8.0,40.48775,0.3470328
-168.875,-217.9476,8.0,45.232890000000005,0.1515058
-161.4663,-250.1613,8.0,40.79329,-1.183619
-138.1598,-254.1679,8.0,28.593529999999998,-0.35814640000000003
-127.2595,-236.2922,8.0,31.680640000000004,0.3064068
-127.3944,-210.9818,8.0,36.82038,0.3951042
-123.0259,-183.9707,8.0,30.47117,-3.2870550000000005
-111.1325,-181.4466,8.0,16.62165,0.3402103
-107.1441,-194.8858,8.0,22.33319,0.4488719
-106.5547,-213.6273,8.0,28.221320000000002,0.2062444
-105.7725,-236.6906,8.0,33.801190000000005,0.397268
-98.34343,-261.8015,8.0,37.39711,0.12959949999999998
-73.53271,-272.7619,8.0,38.494679999999995,-0.02607716
-51.22421,-256.1748,8.0,39.547509999999996,0.01281995
-46.657090000000004,-226.2287,8.0,43.38565,0.3419107
-38.06,-194.6357,8.0,45.36221,0.03033016
-13.4663,-169.8018,8.0,49.381209999999996,0.1467436
7.316966000000001,-140.05100000000002,8.0,43.29422,-0.780648
2.1783759999999996,-115.0724,8.0,35.82501,1.035423
-6.249943,-88.93984,8.0,39.69769,0.32450809999999997
-1.8181029999999998,-58.143,8.0,44.40611,0.3460656
-1.432434,-23.5118,8.0,48.8952,0.3262183
-2.525299,14.457670000000002,8.0,53.058659999999996,0.0869654
-16.973010000000002,41.39143,8.0,30.06614,-2.076843
-26.273529999999997,40.99705,8.0,5.018095,0.5060583
-29.99588,36.96841,8.0,11.48213,0.4335946
-38.55815,42.94255,8.0,17.867379999999997,0.4648423
-47.87495,48.57567,8.0,2.950366,-1.7477330000000002
-48.01732,48.58696,8.0,0.03342969,0.04234817
-48.43505,46.83638,8.0,4.636557,0.2935732
-47.301520000000004,43.42532,8.0,3.397697,-1.0364200000000001
-48.646390000000004,44.42167,8.0,7.103625999999999,0.6544057
-56.807809999999996,46.37722,8.0,15.882420000000002,0.31192759999999997
-71.65553,44.70319,8.0,24.25525,0.5951515
-92.37259,42.16669,8.0,32.03589,0.26869309999999996
-118.7341,44.20238,8.0,39.163090000000004,0.2083583
-142.8176,31.617390000000004,8.0,38.551140000000004,0.14567449999999998
-144.4077,1.271043,8.0,45.47748,0.6110779000000001
-141.8914,-33.33812,9.0,3.198142,-0.03896905
-142.1707,-35.393240000000006,9.0,3.0298700000000003,0.9486856
-144.316,-42.38127,9.0,14.64974,-0.2179396
-150.0777,-50.123509999999996,9.0,11.74226,-0.19104839999999998
-158.9709,-53.56768,9.0,13.860920000000002,-0.1063306
-166.2006,-58.589009999999995,9.0,10.74587,-0.2091107
-165.3334,-67.36849000000001,9.0,17.8684,0.9451345999999999
-152.7871,-73.67545,9.0,18.182470000000002,-0.1440867
-140.6034,-72.78947,9.0,14.78576,-0.2174625
-125.8832,-76.33969,9.0,25.23443,0.03993371
-111.698,-88.79732,9.0,26.208270000000002,0.05413884
-107.2228,-106.9152,9.0,23.490879999999997,-0.19357670000000002
-109.4211,-117.1161,9.0,11.36701,-0.09221686
-114.2706,-126.9761,9.0,21.39536,0.21748679999999998
-126.7577,-134.8876,9.0,18.378729999999997,-0.3237343
-138.4505,-132.1649,9.0,15.615229999999999,0.06133073
-145.8418,-119.2841,9.0,25.1841,0.30637309999999995
-152.8293,-101.9653,9.0,17.976010000000002,-1.446116
-162.5853,-100.88,9.0,12.33591,-0.1582284
-167.1285,-112.6242,9.0,24.56825,0.5608346
-168.6472,-136.1076,9.0,38.41604,0.45395459999999993
-168.6457,-167.8918,9.0,45.63606,0.33388579999999995
-165.1834,-202.5099,9.0,46.18687,-0.3199537
-162.898,-233.3035,9.0,35.5017,-1.8007060000000001
-157.4618,-252.8333,9.0,24.00548,-0.2025869
-143.9265,-260.3715,9.0,18.78027,-0.4279840999999999
-131.7799,-253.4024,9.0,24.72985,0.9440956
-124.9102,-231.0258,9.0,36.73033,0.4964615
-128.0628,-205.088,9.0,28.68085,-1.552657
-128.2916,-190.7729,9.0,14.717989999999999,-0.218554
-122.8402,-182.5049,9.0,15.965829999999999,0.6586939
-109.6502,-183.7014,9.0,17.72109,-0.30488000000000004
-103.1045,-193.0629,9.0,16.942079999999997,1.029752
-102.8788,-211.1959,9.0,31.515459999999997,0.35319409999999996
-105.829,-237.3841,9.0,37.70021,-0.1994725
-101.3043,-263.2402,9.0,34.35212,-0.2434312
-80.14948000000001,-273.1446,9.0,32.83207,-0.03956014
-58.17266,-264.6622,9.0,31.811740000000004,0.06014926
-48.79172,-242.1712,9.0,35.0286,0.06174371
-44.64184,-215.5734,9.0,36.6686,-0.16670739999999998
-38.96578,-190.2267,9.0,32.98,-0.3934026
-25.69373,-172.4728,9.0,27.07136,-0.39300159999999995
-10.9681,-161.7783,9.0,22.263270000000002,-0.3180748
1.843709,-153.3195,9.0,18.83711,-0.2679578
11.356010000000001,-143.2885,9.0,21.3842,0.27628990000000003
9.323719,-126.3211,9.0,26.98552,0.2348904
-3.853709,-109.7005,9.0,29.61318,-0.001947385
-10.09199,-88.51949,9.0,30.231559999999998,0.02402719
-10.84201,-65.13499,9.0,33.76937,0.3177509
-7.032331,-39.5463,9.0,35.62257,0.08909477
-2.600014,-13.13466,9.0,36.65382,0.06099973
-3.197453,11.50473,9.0,27.483340000000002,-0.3923679
-7.662964,27.98215,9.0,19.60634,-0.2982154
-18.29908,40.10887,9.0,26.6867,0.5124085999999999
-39.81923,45.23292,9.0,33.52442,0.2425981
-67.2813,43.92406,9.0,40.73089,0.5067859
-100.1044,43.42107,9.0,47.4715,0.2295401
-133.4101,39.24504,9.0,35.354,-1.2393100000000001
-147.3085,20.41708,9.0,34.550540000000005,0.23966220000000002
-141.6384,-7.024046,9.0,41.069379999999995,0.43391579999999996
-143.6604,-34.06805,10.0,22.29185,-2.166836
-148.108,-46.40282,10.0,19.95594,0.5764836999999999
-159.0166,-54.81981999999999,10.0,17.04911,-0.2451988
-167.0385,-61.865730000000006,10.0,12.96579,0.1826793
-161.716,-71.8233,10.0,18.43754,-0.3877073
-148.5262,-72.59940999999999,10.0,18.73316,0.1127351
-135.3382,-73.51907,10.0,19.37417,1.165792
-118.3604,-81.01215,10.0,28.982190000000003,0.2432012
-107.2718,-101.1886,10.0,34.74212,0.3848
-113.5044,-125.4785,10.0,27.81213,-3.2929699999999995
-128.2292,-133.6468,10.0,20.54857,-0.36248020000000003
-140.7553,-129.7228,10.0,18.11835,0.6174125
-146.2725,-114.4295,10.0,24.950779999999998,-0.370639
-150.7422,-104.166,10.0,4.003955,-0.07282357
-156.0622,-100.7597,10.0,12.94781,0.5152563
-165.8409,-105.6928,10.0,19.1338,0.230344
-168.0482,-122.238,10.0,26.11693,0.2606867
-168.8955,-144.2039,10.0,33.66817,0.41330900000000004
-168.30200000000002,-170.4646,10.0,37.52221,0.12364960000000001
-166.1787,-199.2477,10.0,40.09118,0.11716739999999999
-164.1408,-226.0674,10.0,32.46198,-0.5151055
-161.4522,-247.25799999999998,10.0,25.37086,-0.5637145
-149.8321,-258.5472,10.0,21.76216,0.5177438
-133.7106,-255.6699,10.0,23.75234,0.08777328
-125.6791,-238.5385,10.0,27.503970000000002,0.2121529
-125.9329,-217.1693,10.0,30.53827,0.227573
-127.8475,-197.7657,10.0,17.86971,-0.7281379
-126.9166,-186.2807,10.0,13.34281,-0.3678801
-118.86399999999999,-181.8878,10.0,15.49208,0.2540317
-106.662,-185.6898,10.0,17.956970000000002,-0.06278550000000001
-103.0297,-198.6128,10.0,19.87267,0.19663270000000002
-103.96700000000001,-214.2371,10.0,21.78687,0.004365042
-105.2065,-230.7323,10.0,24.83809,0.5467401
-105.8159,-251.4425,10.0,29.92357,0.021371099999999997
-95.47707,-269.8078,10.0,30.77154,0.3532987
-70.22978,-271.0041,10.0,37.95407,0.3751727
-50.81499,-252.6032,10.0,38.41982,0.41076949999999995
-46.37695,-222.1396,10.0,43.655879999999996,0.31387659999999995
-39.47855,-192.5864,10.0,36.63365,-0.60528
-25.75131,-173.0491,10.0,28.785059999999998,-0.49567259999999996
-10.63079,-161.8995,10.0,18.60312,-2.0016700000000003
-1.9676349999999998,-155.8771,10.0,17.10056,0.5546465
9.298828,-146.7402,10.0,19.10751,-0.1405745
12.44796,-131.1494,10.0,26.793640000000003,0.2829295
-1.5722559999999999,-114.5801,10.0,32.25306,0.1745224
-9.665688000000001,-90.66156,10.0,33.63252,-0.5456198
-9.980469,-66.85764,10.0,34.12148,0.4862785
-7.038360000000001,-39.39073,10.0,40.44554,0.44301080000000004
-2.233961,-7.558139,10.0,46.24561,0.3789267
-6.51661,27.0312,10.0,45.14816,-0.8039126
-31.73416,44.24066,10.0,44.12042,0.1540336
-66.15521,44.1731,10.0,49.13378,0.39120679999999997
-104.4026,42.4352,10.0,54.357380000000006,0.348903
-137.7368,36.91675,10.0,39.30447,0.01009125
-148.017,13.54145,10.0,37.04979,0.2865917
-141.3408,-15.07344,10.0,42.22902,0.320778
-147.0122,-41.5325,11.0,34.20686,0.20289200000000002
-165.2083,-60.715680000000006,11.0,37.63042,-0.6463571
-167.1157,-79.28914,11.0,19.92492,-0.21423920000000002
-154.4585,-74.6254,11.0,23.14003,0.5219987
-137.4608,-70.98182,11.0,27.58029,0.4101666
-118.71799999999999,-83.59314,11.0,31.75605,-0.1947086
-108.9146,-104.1378,11.0,33.92777,0.3157211
-117.5456,-126.6272,11.0,28.54614,-0.2809572
-136.2513,-131.8229,11.0,30.0195,0.31374440000000003
-144.7988,-111.8473,11.0,32.29067,-0.696821
-150.1376,-101.7046,11.0,13.259620000000002,0.5801824999999999
-163.463,-104.0547,11.0,23.43882,0.23458310000000002
-166.3297,-122.4107,11.0,28.903059999999996,0.48859220000000003
-167.408,-146.1548,11.0,35.36877,0.2186375
-167.5895,-174.5572,11.0,41.38004,0.20893789999999998
-164.4874,-207.2915,11.0,47.242340000000006,0.4209085999999999
-161.6812,-241.2572,11.0,39.83735,-1.394092
-148.219,-259.0423,11.0,29.15008,0.1627637
-129.6258,-251.5964,11.0,30.05575,0.1514481
-125.2271,-227.4326,11.0,36.11464,0.20297079999999998
-127.9427,-199.6274,11.0,34.9362,-0.1921609
-118.7384,-179.9664,11.0,26.87763,-0.10360019999999999
-106.99799999999999,-190.1581,11.0,25.130779999999998,0.22334810000000002
-106.2641,-211.1351,11.0,31.63121,0.2219728
-106.9525,-236.6918,11.0,37.7617,0.44040280000000004
-100.1908,-264.7969,11.0,41.12619,-0.18657120000000002
-73.00041,-271.4949,11.0,41.00735,0.3585284
-50.354820000000004,-253.2652,11.0,41.31377,0.1269044
-44.70483,-221.0173,11.0,46.95008,0.4321886
-35.67934,-185.8157,11.0,51.19804,0.08526957
-10.09485,-162.4616,11.0,38.42508,-0.7392749
8.60575,-147.046,11.0,28.87852,-0.5714836999999999
10.86331,-129.4028,11.0,23.866670000000003,0.4485509
-0.8985163,-113.2728,11.0,30.31525,0.2178884
-8.802394999999999,-90.16076,11.0,36.24733,0.22274629999999998
-9.879259,-61.194019999999995,11.0,42.170759999999994,0.4359142
-4.323275,-28.22818,11.0,47.89176,0.1993323
-2.504771,9.031656,11.0,52.710519999999995,0.1266784
-18.60644,41.31795,11.0,47.0292,-0.3379568
-52.56977,43.84217,11.0,48.72055,0.18490689999999999
-90.5946,41.74136,11.0,54.10946,0.38323779999999996
-129.8608,39.13303,11.0,45.64362,-1.522449
-150.0409,18.04666,11.0,40.314679999999996,-0.14746789999999999
-142.784,-12.05756,11.0,44.1708,0.14550739999999998
-146.1708,-43.27571,12.0,35.85941,-1.461777
-163.7501,-54.88372,12.0,28.743679999999998,-0.1519372
-164.7566,-70.74583,12.0,23.84076,0.01609069
-145.8759,-71.11018,12.0,28.993570000000002,0.21847049999999998
-123.2799,-77.40131,12.0,34.842009999999995,0.39729699999999996
-107.2127,-98.63136,12.0,38.75971,0.09119213
-113.595,-122.1981,12.0,27.61422,-0.7717475
-130.1881,-132.6013,12.0,24.03749,-0.48595559999999993
-144.5964,-126.4006,12.0,24.435129999999997,0.2705377
-148.5148,-106.7536,12.0,27.594079999999998,-1.34663
-162.4624,-101.4835,12.0,19.693360000000002,0.0759735
-167.6838,-116.8568,12.0,29.01851,0.9323473
-168.0206,-142.7933,12.0,38.35445,0.4653375
-167.6357,-173.1948,12.0,44.06897,0.4312727
-165.4393,-208.0279,12.0,49.72911,0.19332560000000001
-162.248,-244.3456,12.0,44.58937,-0.05247822
-142.8401,-258.2102,12.0,27.628940000000004,-0.8086554
-129.4803,-242.3945,12.0,31.28247,0.40622329999999995
-125.5422,-217.2586,12.0,37.371320000000004,0.1890944
-128.4095,-191.0719,12.0,33.21813,-0.1301724
-112.2945,-180.4569,12.0,26.82688,-0.47554769999999996
-108.3586,-196.6946,12.0,26.925040000000003,0.5117442
-110.29299999999999,-218.71900000000002,12.0,33.290420000000005,0.5009975999999999
-107.4958,-245.6612,12.0,39.595009999999995,0.44754279999999996
-92.3763,-270.2745,12.0,39.69585,-0.26988540000000005
-62.96715,-267.7859,12.0,42.73303,0.31343990000000005
-45.360279999999996,-245.8409,12.0,35.8574,-0.5705682
-53.90594,-224.3864,12.0,24.03794,-2.9306810000000003
-53.05444,-216.7592,12.0,5.578512,0.01658364
-53.302530000000004,-215.0456,12.0,2.109156,0.4425572
-50.24739,-218.5133,12.0,10.39997,0.48682429999999993
-42.82438,-213.6745,12.0,15.499220000000001,-0.1536671
-41.7126,-203.5994,12.0,13.7911,0.8035561
-39.44891,-189.4944,12.0,23.29068,0.2571125
-28.425959999999996,-173.3537,12.0,29.8076,0.2322435
-8.068526,-159.8738,12.0,36.21342,0.2187801
11.01782,-140.957,12.0,33.79163,-1.192731
6.1524849999999995,-120.4356,12.0,31.940040000000003,1.103739
-8.097515,-94.42549,12.0,47.68075,0.8850131999999999
-9.197283,-56.03179,12.0,54.674980000000005,0.3585337
-2.6667400000000003,-14.25205,12.0,59.490759999999995,0.3216652
-6.0728860000000005,23.84658,12.0,33.5603,-3.010136
-22.255329999999997,42.64177,12.0,36.677859999999995,0.2173693
-50.42122,44.65335,12.0,41.20852,0.4256428
-83.04228,44.43801,12.0,46.92369,0.3896799
-119.4411,40.83101,12.0,49.93204,-0.1995713
-150.9743,28.231920000000002,12.0,44.03653,-0.457664
-153.1641,12.944460000000001,12.0,6.9310529999999995,-1.178564
-151.7115,12.723419999999999,12.0,7.073643,0.3263861
-146.7831,6.986447999999999,12.0,14.79306,0.5547059
-145.8138,-6.7829999999999995,12.0,22.25899,0.5218622
-142.3747,-25.59076,12.0,29.23442,0.246258
-142.2556,-36.0097,13.0,8.385382,0.5830709
-145.7097,-44.41515,13.0,16.22707,0.5381876999999999
-157.3629,-53.035109999999996,13.0,23.36421,0.5057772
-167.2602,-66.53721,13.0,21.30678,-0.6124571
-158.483,-75.92248000000001,13.0,18.23141,0.21007039999999996
-143.6752,-73.43128,13.0,20.42162,-0.1909409
-129.0788,-73.18709,13.0,23.0219,0.4858635
-113.1067,-83.60647,13.0,29.09798,0.1973552
-106.7749,-105.7655,13.0,34.2483,0.3047736
-120.4986,-127.8821,13.0,38.09665,0.27063000000000004
-143.755,-129.0582,13.0,22.53959,-0.8028408
-143.9076,-122.6899,13.0,7.111966000000001,0.5961970999999999
-138.2688,-122.2683,13.0,1.287269,0.335177
-142.1542,-123.57600000000001,13.0,9.270197,0.4104863
-145.5282,-128.5742,13.0,4.2371989999999995,-0.8158188
-145.3677,-127.8902,13.0,5.685647,0.6758153
-141.9962,-121.2173,13.0,14.38605,0.6217640999999999
-141.0531,-108.2966,13.0,21.64416,0.46458679999999997
-154.5636,-97.76734,13.0,26.386740000000003,0.04998986
-166.6259,-108.6708,13.0,25.28514,0.6079912
-167.7902,-130.5742,13.0,33.20345,0.5083555999999999
-167.579,-157.8226,13.0,39.98219,0.4874482
-167.9794,-189.8114,13.0,46.33597,0.21053029999999998
-168.0083,-226.3954,13.0,52.28264,0.36604040000000004
-152.4428,-255.7147,13.0,43.13262,-0.43236090000000005
-128.731,-249.7641,13.0,29.0028,0.2709548
-128.3374,-225.4446,13.0,38.43026,0.7097111
-127.6964,-195.5974,13.0,34.94555,-4.384097
-122.1422,-182.8862,13.0,14.140310000000001,-0.08279578
-110.4591,-184.0271,13.0,21.01877,0.41552700000000004
-104.7885,-200.5826,13.0,27.629509999999996,0.5292441
-107.2443,-223.4685,13.0,34.60229,0.2509187
-104.4218,-250.7622,13.0,40.132,0.19932139999999998
-83.10289,-271.8227,13.0,42.637809999999995,-0.00101313
-55.080180000000006,-262.0073,13.0,42.50757,0.0033153040000000003
-48.850809999999996,-230.8118,13.0,46.22459,0.21583070000000001
-42.38493,-199.0344,13.0,42.28954,0.364526
-21.552989999999998,-173.2477,13.0,47.90675,0.4433965
3.68246,-145.3741,13.0,51.215759999999996,-0.6684747
5.911089,-114.0058,13.0,37.67132,-1.407154
-8.914156,-96.72061,13.0,27.6817,0.04076381
-6.356653,-72.99714,13.0,35.89893,0.2333739
-5.454491,-43.9156,13.0,42.53897,0.4653673
-4.122818,-10.091389999999999,13.0,48.74771,0.4411772
-7.026857000000001,26.883309999999998,13.0,46.85586,-1.465028
-27.33965,41.67937,13.0,26.665840000000003,-1.768663
-34.73186,33.10823,13.0,14.00079,-0.03848229
-35.12316,32.589,13.0,0.0673179,-0.02569406
-35.16899,32.59463,13.0,0.05704732,-0.04659782
-34.39397,35.15255,13.0,7.762419,0.2763142
-32.704409999999996,42.449709999999996,13.0,8.130521,-0.3939048
-32.26488,44.69125,13.0,1.552706,0.2939819
-34.99864,41.672909999999995,13.0,9.70776,0.5954552
-44.56086,43.064240000000005,13.0,17.076420000000002,0.49863820000000003
-59.541509999999995,45.33778,13.0,23.87404,0.46417129999999995
-79.44927,42.75434,13.0,30.33342,0.21847529999999998
-104.1223,42.76079,13.0,36.27262,0.22088899999999997
-132.1523,38.45256,13.0,40.180820000000004,-0.16967739999999998
-147.7714,16.26288,13.0,38.787259999999996,0.1431618
-145.263,-14.20555,13.0,44.08595,0.405404
-147.8283,-47.0151,14.0,40.42302,-1.7485259999999998
-163.1256,-63.79489,14.0,24.25627,-1.060102
-152.4567,-75.5514,14.0,26.587459999999997,0.4002325
-130.6761,-76.82648,14.0,32.141999999999996,0.2612944
-112.0688,-93.17362,14.0,36.1564,0.2067478
-113.7564,-119.6193,14.0,38.4164,0.1623181
-137.1894,-131.7705,14.0,31.8001,-1.543423
-146.029,-120.9082,14.0,7.763839,-2.6751560000000003
-146.3235,-119.4538,14.0,1.939022,-0.006668174
-147.167,-118.3917,14.0,1.6270799999999999,-0.03227459
-148.1439,-117.6257,14.0,3.0385240000000002,0.2224216
-150.8548,-117.4358,14.0,1.984947,-1.435478
-149.0338,-116.4194,14.0,7.327984,0.6259859
-144.6839,-109.3696,14.0,15.52452,0.58136
-151.1049,-97.91535999999999,14.0,22.00402,0.381678
-166.1769,-103.09299999999999,14.0,25.85722,0.3079495
-166.7247,-123.9251,14.0,31.979870000000002,0.5206481
-166.6942,-150.1204,14.0,38.82026,0.2474248
-166.8751,-181.3467,14.0,45.36378,0.2280391
-167.1161,-217.2429,14.0,51.512170000000005,0.4516826
-157.5025,-250.2556,14.0,37.68303,-1.005467
-141.9611,-253.3273,14.0,8.047407000000002,-1.7156080000000002
-141.4303,-250.1617,14.0,2.805238,-0.163516
-138.5087,-248.0664,14.0,8.602864,0.7758595
-129.8684,-250.868,14.0,14.47625,-0.2474163
-121.7295,-249.5909,14.0,9.883239999999999,-0.3045717
-122.4358,-240.2542,14.0,17.646079999999998,0.40679309999999996
-125.8678,-224.6627,14.0,25.392529999999997,0.26991529999999997
-127.565,-203.1727,14.0,32.76471,0.5318998
-120.8758,-180.6793,14.0,30.507070000000002,-0.2608094
-105.9453,-186.1542,14.0,25.306179999999998,0.5350948
-106.85700000000001,-211.6764,14.0,44.66721,1.492812
-103.8074,-250.5951,14.0,57.3034,-0.1626325
-77.09246,-272.3456,14.0,45.4069,0.2045055
-50.01378,-256.6257,14.0,43.29813,-0.08914798
-49.50763,-223.8415,14.0,47.05506,0.2588687
-36.033120000000004,-190.9518,14.0,50.98742,0.3534866
-8.141672,-162.7912,14.0,56.39233,0.1833642
10.0781,-130.0996,14.0,38.24405,-2.5785
-0.4193128,-111.8973,14.0,25.76217,0.5235017
-5.898556,-90.66501,14.0,33.357620000000004,0.48776670000000005
-3.891438,-63.512859999999996,14.0,40.1715,0.23319629999999997
-2.3542959999999997,-31.313670000000002,14.0,46.62792,0.2225236
-2.870378,5.49087,14.0,52.671890000000005,0.42464769999999996
-15.073310000000001,38.27856,14.0,44.01186,-0.180575
-46.59129,41.12445,14.0,46.03151,0.44813000000000003
-83.03787,40.2116,14.0,52.04684,0.20839499999999997
-122.7967,41.50773,14.0,49.93096,-1.7831869999999999
-144.935,27.512390000000003,14.0,23.80707,-1.28473
-144.2226,22.27156,14.0,4.0129410000000005,0.6576388000000001
-141.5593,25.05763,14.0,4.558833,-0.7422563
-142.2315,24.10262,14.0,6.4715,0.4883982
-147.7412,21.44693,14.0,8.123130999999999,-1.413873
-149.347,21.93113,14.0,2.726684,0.6847135
-145.0721,18.630570000000002,14.0,11.84127,0.6281859000000001
-140.9728,7.734315,14.0,20.07035,0.3022862
-141.3645,-10.12435,14.0,28.075159999999997,0.272966
-141.7815,-34.18437,1.0,5.6184080000000005,0.8281643
-142.0921,-39.90064,1.0,11.940380000000001,0.6322048000000001
-147.1194,-50.56586,1.0,20.434820000000002,0.30248400000000003
-161.3201,-61.547940000000004,1.0,27.49917,0.1444481
-155.3152,-76.80504,1.0,24.45051,-0.1310654
-139.6665,-68.22842,1.0,23.03116,-13.5329
-135.8691,-68.2779,1.0,0.02426517,0.00022494869999999998
-135.8503,-68.28071,1.0,0.02557164,0.0006623267999999999
-135.8324,-68.2831,1.0,0.02028606,-0.02089175
-135.9858,-68.8992,1.0,3.8391879999999996,0.4589218
-135.8218,-72.20706,1.0,4.472551999999999,-0.03932448
-135.8777,-75.18816,1.0,3.6271129999999996,-0.05240212
-136.8016,-76.45231,1.0,1.7662069999999999,0.2593327
-132.399,-74.9376,1.0,10.846680000000001,0.6536086999999999
-121.8918,-78.03984,1.0,18.788529999999998,0.252443
-113.4054,-92.37634,1.0,26.49131,0.5513100999999999
-111.1878,-113.9031,1.0,32.73853,0.18722660000000002
-127.9937,-132.53,1.0,36.80918,-0.4181537
-146.4618,-125.0168,1.0,22.32328,-0.22442240000000002
-138.4705,-111.3483,1.0,16.27789,-47.122409999999995
-138.4578,-108.7163,1.0,0.02023147,-0.04547491
-138.4586,-108.7339,1.0,0.01633668,-0.0112095
-139.3234,-108.40299999999999,1.0,5.331453,0.6134377
-144.5695,-109.4164,1.0,7.893136,-0.06494218
-145.4017,-110.2711,1.0,3.99893,0.32517229999999997
-144.5774,-104.2526,1.0,12.58442,0.5841301
-152.7281,-96.07388,1.0,18.45102,-0.4238969
-163.3813,-99.29346,1.0,13.780420000000001,-0.02522858
-166.8275,-113.9315,1.0,27.970340000000004,0.4581181
-170.0713,-138.3649,1.0,37.50308,0.3294798
-163.0874,-166.0609,1.0,35.813959999999994,-0.32243249999999996
-167.49200000000002,-189.548,1.0,30.373209999999997,0.6475297
-166.9855,-217.4727,1.0,39.43484,-0.5695213000000001
-163.7012,-243.4316,1.0,30.6593,-0.8807216
-146.4734,-250.9562,1.0,27.6385,0.5986491
-125.3051,-243.5673,1.0,31.57406,-0.5996815999999999
-126.6229,-227.4704,1.0,24.76888,0.5551038
-127.7661,-212.291,1.0,22.66377,-0.3659223
-123.2929,-199.1786,1.0,17.98096,0.1560195
-123.8228,-187.2035,1.0,14.46677,-0.05980535
-112.5315,-185.8763,1.0,18.97273,-0.9236120999999999
-110.2997,-197.3008,1.0,14.3399,-0.09194043
-109.9306,-208.435,1.0,18.286179999999998,0.296599
-108.3078,-224.8666,1.0,26.129360000000002,0.2739041
-105.238,-246.7304,1.0,33.35844,0.5087672999999999
-90.27175,-267.9283,1.0,38.04394,0.2210699
-62.90074,-266.9981,1.0,39.49328,0.02771941
-51.96733,-240.9901,1.0,41.18319,0.24328720000000004
-44.88558,-209.6269,1.0,46.40848,0.4053538
-23.34945,-180.5497,1.0,51.80553,0.19330379999999997
1.8548310000000001,-148.9047,1.0,57.37753000000001,0.3942429
11.553230000000001,-113.0315,1.0,31.295379999999998,-5.071505
10.03439,-104.3778,1.0,1.123035,-0.1840404
9.764946,-104.2478,1.0,0.3796369,0.2355004
12.19253,-105.8742,1.0,6.896078999999999,0.35201309999999997
17.58646,-107.1731,1.0,5.128467,-0.7692640000000001
17.80611,-107.1391,1.0,4.2731129999999995,0.6593858
11.91277,-109.4782,1.0,12.78559,0.5963941999999999
1.522066,-110.3915,1.0,17.15748,0.2208272
1.0194370000000001,-95.91829,1.0,23.716929999999998,0.4423153
-2.961502,-76.65746,1.0,30.32372,0.4796619000000001
-5.655571,-51.94838,1.0,36.95111,0.4829883
-6.418064,-22.191689999999998,1.0,43.367129999999996,0.2222507
-6.5389610000000005,12.2156,1.0,49.42048,0.42302870000000004
-14.86096,41.588840000000005,1.0,27.778029999999998,-3.81472
-24.982229999999998,41.404509999999995,1.0,15.60537,0.5361461999999999
-38.22238,37.91983,1.0,22.62743,0.5443422
-57.53553,39.84837,1.0,29.833540000000003,0.5171412000000001
-82.22654,39.576,1.0,36.73697,0.4771192
-111.8244,40.32417,1.0,43.18285,0.217288
-140.58,36.03366,1.0,30.956770000000002,-1.9110060000000002
-142.1937,24.4185,1.0,8.598544,-0.32719240000000005
-137.7514,24.26973,1.0,0.08090235,-0.1975296
-137.7517,24.22366,1.0,0.05721628,0.01302308
-138.5087,24.43872,1.0,4.388897,0.2910257
-144.1607,24.19742,1.0,10.25889,0.2938378
-150.5296,25.23098,1.0,4.323112999999999,-0.3822986
-150.3475,25.04833,1.0,4.665184,0.5927689
-147.1143,19.75647,1.0,12.53997,0.257748
-151.1074,8.81108,1.0,19.3967,0.1914285
-149.279,-7.153428,1.0,25.42882,0.48358329999999994
-146.1124,-28.14263,1.0,31.86515,0.43809209999999993
-154.2955,-49.64564,2.0,32.23264,0.1607825
-166.7333,-66.44426,2.0,26.626279999999998,-0.45835829999999994
-156.7768,-71.68633,2.0,9.277797,-0.8502941999999999
-155.7142,-68.52708,2.0,0.052965099999999994,-0.04037067
-155.6787,-68.52815,2.0,0.041172900000000005,0.001555102
-156.1202,-70.4558,2.0,5.2194519999999995,0.06357671
-156.6201,-74.14504000000001,2.0,4.726596,-0.0353438
-156.5341,-74.55985,2.0,4.43586,0.6631573000000001
-150.3224,-72.87715,2.0,13.4829,0.5899209
-139.6971,-80.0832,2.0,21.38962,-0.4215629
-126.0468,-83.70815,2.0,17.48367,-0.19701760000000001
-114.4566,-94.03181,2.0,28.35335,0.3658552
-113.1414,-115.6995,2.0,31.310959999999998,0.1086444
-130.984,-130.4915,2.0,32.30381,-0.5100100999999999
-145.4456,-122.2059,2.0,20.20723,-0.1726998
-138.8854,-107.8996,2.0,19.98284,-0.8717444999999999
-150.2951,-101.5309,2.0,21.379179999999998,0.08346845
-160.9621,-108.9102,2.0,16.692510000000002,0.04130195
-162.3276,-121.2896,2.0,18.06735,0.27777609999999997
-165.3232,-137.0594,2.0,25.973129999999998,0.5883427
-165.2575,-159.2038,2.0,33.733779999999996,0.5473078
-165.5919,-186.9987,2.0,41.03112,0.5057305999999999
-165.9194,-219.9118,2.0,47.80934,0.23206849999999998
-160.0879,-247.5423,2.0,22.2962,-0.2550076
-143.3009,-252.0244,2.0,27.8338,0.5608984
-125.4101,-242.9467,2.0,27.22077,-1.064552
-127.5615,-223.5548,2.0,31.3639,0.33293690000000004
-126.4725,-197.8385,2.0,38.001259999999995,-0.5505777
-121.28299999999999,-184.2314,2.0,10.119819999999999,0.04809703
-112.2098,-187.9787,2.0,17.7545,0.5180766
-110.0637,-203.8462,2.0,25.72393,0.2857038
-107.8849,-225.7229,2.0,33.51478,0.5396041
-101.6914,-252.4552,2.0,40.38612,0.4192776
-79.16311999999999,-270.8355,2.0,40.476690000000005,-0.267049
-53.34276,-256.9113,2.0,42.1699,0.05242238
-49.52731,-226.0095,2.0,45.287409999999994,0.41392700000000004
-38.26877,-193.2985,2.0,49.45517,0.3878336
-11.64105,-164.9066,2.0,55.5744,0.4470406
8.68644,-133.207,2.0,33.57432,-3.3326379999999998
2.361663,-119.7503,2.0,21.19633,0.5656469
-6.166497,-103.9889,2.0,28.311759999999996,0.5234255
-6.63697,-80.25034000000001,2.0,35.79549,0.26677280000000003
-6.786498,-51.04027,2.0,42.96447,0.2492805
-7.143003,-16.67146,2.0,49.693870000000004,0.4714858
-7.548072,22.396739999999998,2.0,52.862030000000004,-1.9810439999999998
-21.251360000000002,45.636540000000004,2.0,21.7547,-2.72802
-25.77051,45.20085,2.0,4.090634,0.3463887
-28.322390000000002,40.169990000000006,2.0,12.617280000000001,0.5952241
-39.74805,43.42015,2.0,20.76786,0.6174829000000001
-57.040890000000005,45.857929999999996,2.0,27.824040000000004,0.2769511
-80.33556,42.388659999999994,2.0,35.47658,0.5210342
-109.2282,41.30392,2.0,42.58847,0.24544169999999998
-141.602,35.29184,2.0,41.00226,-0.9360632
-150.1919,19.6336,2.0,9.165907,-2.607693
-147.3181,19.447039999999998,2.0,7.778353,0.6276081
-143.2459,12.654110000000001,2.0,16.001910000000002,0.5534893
-150.1932,-0.1517464,2.0,23.54836,0.3586003
-147.2066,-18.68577,2.0,29.4583,0.2544825
-142.2322,-35.99395,3.0,12.02544,0.7374494
-144.9698,-44.17459,3.0,11.51914,0.15982620000000003
-153.3914,-52.21706,3.0,16.76139,-0.3265533
-163.9445,-55.52288000000001,3.0,13.228,-0.28087979999999996
-166.2644,-62.97006,3.0,9.914738,-0.16296960000000002
-161.2274,-70.31566,3.0,16.29165,0.2812232
-146.8587,-71.82179000000001,3.0,23.88993,0.2699688
-127.2364,-76.75609,3.0,29.2859,-0.45806729999999996
-112.4625,-89.13719,3.0,23.710520000000002,-0.2213143
-107.9317,-107.5557,3.0,28.065490000000004,-0.4606107
-114.0477,-124.9503,3.0,22.47137,-0.2010342
-127.34700000000001,-133.3279,3.0,23.88995,0.482318
-142.1697,-127.1085,3.0,25.14578,0.5014425
-149.619,-106.9706,3.0,27.149890000000003,-0.3512571
-162.3569,-105.2155,3.0,18.25914,0.24250639999999998
-167.4443,-120.2919,3.0,25.82525,0.5847604000000001
-169.7921,-142.2156,3.0,33.524609999999996,0.2583854
-167.8524,-169.5656,3.0,40.61186,0.5089762999999999
-166.2562,-202.1621,3.0,47.31398,0.4718268
-163.8832,-238.3296,3.0,47.06811,-1.024134
-148.4999,-259.2173,3.0,29.12643,-1.0032299999999998
-131.7644,-249.2053,3.0,30.063000000000002,0.2645805
-125.7214,-226.7431,3.0,34.81667,0.2499387
-127.81,-200.2544,3.0,34.49096,-0.1569471
-120.0862,-179.6673,3.0,24.051679999999998,-0.729528
-108.6909,-186.1002,3.0,21.468429999999998,0.2330486
-108.1164,-204.2353,3.0,28.38893,0.2690369
-104.7664,-226.5159,3.0,29.863059999999997,-0.4204477
-106.2288,-247.5963,3.0,32.01725,1.422112
-94.29056,-269.9008,3.0,36.59653,-0.1502331
-68.69530999999999,-268.7693,3.0,24.861810000000002,-1.572064
-57.60657,-267.6801,3.0,7.736491,-0.9521705
-56.49224,-266.938,3.0,2.9571240000000003,0.1984293
-57.173680000000004,-267.3689,3.0,0.8109684,0.5764706
-55.1348,-265.1072,3.0,6.625916999999999,0.10789449999999999
-50.5795,-262.2601,3.0,8.087125,0.03779421
-48.205890000000004,-263.6591,3.0,1.419789,0.5713231
-49.951809999999995,-259.6434,3.0,10.181239999999999,0.5706509
-48.49426,-249.2982,3.0,18.24383,0.5633674
-44.95245,-233.3546,3.0,25.834139999999998,0.5396048999999999
-42.47161,-211.6488,3.0,32.99003,0.5161277
-35.64682,-186.34799999999998,3.0,37.706579999999995,0.2818541
-14.64971,-165.118,3.0,38.00543,-2.049556
1.0687,-151.8786,3.0,22.23807,-0.1931295
10.826260000000001,-141.1931,3.0,17.2522,-0.3511998
10.87599,-130.1187,3.0,15.302179999999998,0.2912352
3.064225,-118.4159,3.0,22.85262,0.2555369
-5.976738,-101.1853,3.0,29.9517,0.5337347
-10.40639,-76.88125,3.0,36.599940000000004,0.48880340000000005
-8.266514,-47.43422,3.0,42.92974,0.4509194
-3.7868739999999996,-14.423110000000001,3.0,43.33344,-0.6302131999999999
-4.113391,9.899412,3.0,17.5824,-1.030473
-4.898349,15.28268,3.0,4.753091,1.025001
-6.3957559999999996,22.475279999999998,3.0,14.22369,0.6081814
-11.99664,34.62137,3.0,22.016189999999998,0.5068560000000001
-28.147859999999998,43.94372,3.0,28.948490000000003,0.2236705
-51.79482,44.62766,3.0,35.48894,0.2527029
-80.62685,43.90525,3.0,42.2297,0.46146190000000004
-113.926,41.352579999999996,3.0,45.69917,-0.35452940000000005
-143.863,34.203759999999996,3.0,38.14689,-0.6641964
-147.1208,11.49211,3.0,33.46167,0.21942110000000004
-144.9688,-14.065610000000001,3.0,38.21625,0.45232619999999996
-144.9562,-44.07837,4.0,38.67754,-1.803092
-157.9402,-54.28669,4.0,18.81653,0.6054927
-168.2358,-61.50114,4.0,19.92643,0.19548139999999997
-156.666,-72.13409,4.0,25.4465,0.41283690000000006
-135.5901,-73.92194,4.0,31.82535,0.45905150000000006
-114.8287,-88.47471999999999,4.0,37.47892,0.39453509999999997
-110.6218,-115.1048,4.0,37.31179,-0.02620767
-129.9992,-132.7713,4.0,35.139359999999996,-0.49802060000000004
-145.2707,-118.7981,4.0,29.629820000000002,0.09022406
-149.559,-99.61825999999999,4.0,19.50064,-0.9989913
-161.7369,-102.7262,4.0,21.47687,0.48496140000000004
-167.8618,-119.8198,4.0,28.438990000000004,0.5599314999999999
-170.5545,-143.3929,4.0,35.49973,0.46007879999999995
-168.1037,-172.06400000000002,4.0,42.14607,0.4541259
-165.0853,-205.4932,4.0,48.460640000000005,0.21438320000000002
-162.7663,-240.8471,4.0,40.07759,-2.536731
-153.1333,-254.8326,4.0,18.68184,-0.3078242
-137.627,-257.789,4.0,24.70883,0.0573663
-127.6998,-241.88,4.0,29.535040000000002,0.269848
-126.3078,-217.7969,4.0,35.820370000000004,0.229489
-127.3405,-189.5333,4.0,40.159259999999996,-0.06441605
-106.9339,-177.3371,4.0,30.143240000000002,-0.8205078000000001
-101.2916,-192.1826,4.0,21.65161,-0.2154573
-114.5555,-199.808,4.0,12.12827,-0.9589103000000001
-114.5551,-201.5557,4.0,0.0029178090000000004,0.01388713
-114.3463,-201.61,4.0,2.0808590000000002,0.4974186
-111.0416,-201.0646,4.0,6.8029779999999995,0.1324142
-109.6804,-198.1907,4.0,0.3809465,-0.2898996
-109.4087,-200.6765,4.0,7.027989,0.512599
-107.8706,-208.2952,4.0,13.8824,0.24181479999999997
-105.6817,-220.8596,4.0,20.361639999999998,0.45733240000000003
-105.68299999999999,-238.1868,4.0,26.32553,0.4094421
-102.4495,-258.9898,4.0,31.1125,0.30028330000000003
-83.36063,-271.9944,4.0,33.63902,0.22256020000000004
-58.56589,-264.9119,4.0,37.18026,0.1256026
-49.24252,-240.0733,4.0,38.45227,0.3932193
-45.90762,-210.2662,4.0,42.7541,0.3238395
-30.981040000000004,-180.9522,4.0,46.1431,0.18641029999999997
-5.885356,-158.5187,4.0,38.57399,-2.2670220000000003
8.255498,-145.1956,4.0,20.09804,-0.45229490000000006
12.584610000000001,-133.4439,4.0,19.31765,0.5675085999999999
3.001868,-118.6842,4.0,26.89048,0.2122802
-6.859897,-99.49155,4.0,32.0002,0.36420749999999996
-10.5679,-74.14005,4.0,37.09169,0.1809094
-7.711532000000001,-45.03368,4.0,41.87631,0.16632020000000003
-2.171579,-12.74492,4.0,46.546009999999995,0.3274861
-5.747821,22.1663,4.0,43.781859999999995,-4.049181
-18.83615,39.46951,4.0,29.649309999999996,0.33120720000000003
-41.81648,43.88217,4.0,34.32779,0.3742502
-69.15481,43.26274,4.0,39.482929999999996,0.3833798
-100.1891,42.17821,4.0,43.72466,-0.05656624
-130.0038,38.81216,4.0,32.88109,-1.072338
-142.343,33.93701,4.0,16.9477,0.21042729999999996
-147.9065,20.61228,4.0,22.704729999999998,0.2012529
-146.1318,1.782212,4.0,28.42489,0.20603779999999997
-141.7636,-20.97438,4.0,33.85803,0.351589
-146.303,-44.402120000000004,5.0,28.28671,-0.39578979999999997
-163.2214,-55.26622,5.0,29.426479999999998,-0.2419676
-165.9861,-68.67115,5.0,18.79691,0.30825959999999997
-153.4323,-70.18021999999999,5.0,20.21937,0.5031779000000001
-136.5043,-73.86714,5.0,26.377029999999998,0.41164120000000004
-117.1681,-82.94704,5.0,31.45745,0.3070507
-107.7447,-104.50299999999999,5.0,34.321220000000004,0.2204393
-116.6704,-127.2684,5.0,31.82545,0.05640186
-135.7827,-131.967,5.0,23.29255,-0.40592459999999997
-143.6161,-116.7956,5.0,26.43419,0.3631601
-156.3401,-100.9846,5.0,26.5274,-0.9207263000000001
-165.3459,-107.3332,5.0,17.0292,-0.11541710000000001
-165.7278,-120.7827,5.0,22.8023,0.4300991
-167.8764,-141.2889,5.0,36.43221,1.417168
-167.26,-173.6911,5.0,47.47874,0.5013463
-164.2469,-210.4,5.0,47.13109,-2.226071
-163.7525,-233.4095,5.0,21.02252,-0.21525370000000002
-161.6171,-246.7795,5.0,15.559579999999999,-0.39414970000000005
-154.1971,-255.9612,5.0,20.4799,0.8845685999999999
-137.21200000000002,-258.4773,5.0,28.269370000000002,0.1797104
-125.9648,-237.4354,5.0,38.52547,0.3683527
-127.6865,-207.7833,5.0,36.66324,-0.8588154
-127.4388,-190.0732,5.0,18.35292,-0.4542282
-118.3846,-182.3193,5.0,19.6319,0.708969
-104.1216,-189.3615,5.0,24.97944,0.3388191
-102.8131,-210.5826,5.0,33.80133,0.4780058
-105.2493,-237.2197,5.0,36.73445,-0.3215538
-102.6795,-261.2548,5.0,28.615270000000002,-0.6662113000000001
-83.90312,-271.9304,5.0,32.39,0.2910795
-59.809059999999995,-265.7379,5.0,35.72033,0.03007712
-49.36381,-241.4658,5.0,38.48838,0.1767062
-45.25152,-211.2209,5.0,43.35467,0.3289301
-32.746320000000004,-180.4429,5.0,46.61303,0.17355
-8.273106,-159.4723,5.0,26.97118,-3.943578
1.149913,-153.3861,5.0,11.588560000000001,-0.3285752
6.681939,-149.083,5.0,7.4561649999999995,-0.2747211
10.747860000000001,-144.6499,5.0,10.97959,0.4889117
13.059330000000001,-134.6635,5.0,17.25067,0.44512170000000006
6.199468,-121.5342,5.0,23.18781,0.46084079999999994
-4.141749,-105.3537,5.0,28.7922,0.1983151
-9.970555000000001,-82.75246,5.0,34.13649,0.3705042
-9.205277,-55.79375,5.0,38.98165,0.17655179999999998
-3.566339,-25.57951,5.0,43.80441,0.16974479999999997
-1.775119,6.810637,5.0,37.8895,-1.5946360000000002
-6.2330879999999995,23.95359,5.0,9.996582,-0.31668409999999997
-10.59811,32.466029999999996,5.0,16.995620000000002,0.48016980000000004
-21.90072,41.63454,5.0,22.85827,0.218094
-40.3908,45.27052,5.0,28.40397,0.1961078
-63.493190000000006,44.9848,5.0,33.94211,0.39099259999999997
-90.59955,43.81623,5.0,39.13691,0.3617555
-120.0991,40.96852,5.0,36.52212,-0.5439655
-138.563,37.15753,5.0,20.9021,0.3485995
-147.2254,22.6602,5.0,25.99062,0.38474109999999995
-146.1904,1.6636099999999998,5.0,31.18781,0.3828239
-141.8831,-22.98858,5.0,36.113409999999995,-0.34182340000000005
-144.6928,-41.74471,6.0,12.87801,-0.1849537
-150.7513,-51.18452,6.0,20.36308,0.2423214
-162.4395,-56.60951,6.0,14.58416,-0.435039
-165.8745,-65.23438,6.0,16.52027,0.7440366
-153.2538,-72.8624,6.0,26.38843,1.122374
-129.344,-75.12769,6.0,38.23429,0.6576608
-109.1927,-95.89631999999999,6.0,38.316179999999996,-0.3217778
-115.6262,-115.4699,6.0,13.730260000000001,-1.873232
-118.6555,-124.1447,6.0,16.65806,0.5748848000000001
-127.4089,-133.7679,6.0,17.59052,0.24359229999999998
-141.1187,-129.1524,6.0,23.219839999999998,0.32278
-145.8402,-110.8694,6.0,25.04639,-3.321486
-150.8223,-103.8076,6.0,7.663355,0.2256893
-158.5794,-100.5672,6.0,15.88367,0.5716767
-166.5129,-108.2094,6.0,18.250320000000002,0.6470826
-167.8231,-126.51700000000001,6.0,31.63522,0.49961459999999996
-168.7165,-154.7893,6.0,43.92733,0.3875278
-166.6429,-191.1464,6.0,54.16186,0.6907496
-163.5396,-229.6706,6.0,46.996829999999996,-0.7705159
-156.6582,-255.9841,6.0,28.9236,-1.276146
-139.4569,-256.9391,6.0,20.19547,-0.47157559999999993
-128.1773,-246.699,6.0,24.67451,0.1824421
-124.9122,-226.7326,6.0,30.08015,0.3900591
-128.3106,-202.7124,6.0,35.314370000000004,0.3605453
-124.6182,-183.6745,6.0,15.898539999999999,-0.03223844
-110.895,-184.4273,6.0,22.087870000000002,0.2783255
-102.9806,-199.9827,6.0,26.850109999999997,0.3926751
-103.7071,-221.8809,6.0,32.30019,0.3926422
-105.8063,-247.6353,6.0,37.42541,0.3153797
-93.44216,-271.2232,6.0,36.38518,-0.331387
-70.21324,-269.6688,6.0,27.75705,-0.5356441
-54.063280000000006,-262.4198,6.0,22.56031,0.2125156
-47.89495,-243.7684,6.0,30.2983,0.19212020000000002
-44.479079999999996,-219.4794,6.0,35.70906,0.177091
-40.09993,-191.5776,6.0,40.34115,0.10011239999999999
-19.80698,-169.5458,6.0,42.98457,0.07145237
-1.322058,-155.6663,6.0,16.31144,-1.013225
6.252471,-149.7098,6.0,12.082419999999999,0.0006865905999999999
11.99943,-141.7804,6.0,15.83885,0.5968834
10.1674,-127.4756,6.0,24.323629999999998,0.5887901999999999
-3.6939589999999995,-109.38600000000001,6.0,37.78471,0.49786
-9.597443,-77.06577,6.0,51.107690000000005,0.8822636999999999
-5.8222830000000005,-35.21627,6.0,60.57656,0.2766071
-2.160844,7.615892999999999,6.0,45.96676,-3.484925
-8.317028,27.712040000000002,6.0,20.34672,0.01943782
-19.43246,40.6808,6.0,27.570590000000003,0.7426543999999999
-43.67089,45.34062,6.0,40.525220000000004,1.131445
-79.25143,44.05314,6.0,55.1325,0.9705855999999999
-117.7114,41.147420000000004,6.0,30.99063,-3.517964
-130.2162,38.75473,6.0,12.44789,-0.1604634
-142.4467,34.25468,6.0,23.243479999999998,0.1057157
-147.645,16.937520000000003,6.0,27.628759999999996,0.3924895
-144.6257,-5.335849,6.0,33.13216,0.3968665
-141.6407,-31.35398,6.0,37.330870000000004,0.2236395
-142.4082,-39.19181,7.0,11.84539,0.2519599
-147.6738,-48.827090000000005,7.0,18.09226,0.4290357
-161.5845,-55.43821,7.0,23.52599,0.3005703
-168.0706,-68.58165,7.0,17.13455,-0.2524551
-160.0426,-76.64052,7.0,17.02931,0.11536669999999999
-146.4943,-74.67105,7.0,20.1593,0.04413789
-131.2258,-73.72565,7.0,22.33502,0.2428068
-115.2645,-83.48971999999999,7.0,29.644940000000002,0.3664148
-108.1378,-105.0174,7.0,33.33854,0.13712370000000002
-120.4755,-126.6529,7.0,36.149879999999996,0.1027354
-144.3212,-128.8181,7.0,26.28674,-1.085202
-145.0937,-118.4914,7.0,10.73198,-0.37746690000000005
-143.7303,-109.3981,7.0,17.76409,-0.01248917
-152.9941,-101.59700000000001,7.0,17.20795,0.4845554
-165.0599,-107.9412,7.0,20.43711,-0.2189466
-165.9643,-122.83,7.0,22.12949,0.2864613
-167.6082,-142.705,7.0,33.38893,0.5476061
-169.6841,-172.5212,7.0,46.8951,0.9211596
-170.0045,-211.266,7.0,53.92508,-0.8901614
-164.5685,-244.6091,7.0,33.70525,-0.8979401
-147.4895,-254.4672,7.0,23.613020000000002,-0.25548560000000003
-131.6948,-250.6042,7.0,22.83914,0.03353456
-125.7395,-233.4511,7.0,30.37613,0.42452799999999996
-126.1268,-208.8946,7.0,35.796079999999996,0.3774087
-123.2314,-183.2061,7.0,24.75112,-2.744421
-112.9809,-181.7068,7.0,16.77317,0.5277581
-109.3409,-195.9516,7.0,23.20374,0.43032370000000003
-108.7978,-215.3158,7.0,29.074479999999998,0.44027780000000005
-108.3376,-238.9188,7.0,34.51207,0.33363259999999995
-98.09437,-263.2329,7.0,37.87748,0.08438551
-71.94756,-272.635,7.0,39.400079999999996,-0.007427736
-51.27445,-254.2897,7.0,39.51773,0.09236686
-48.68906,-223.8456,7.0,43.59875,0.32477740000000005
-36.229,-193.7405,7.0,46.09796,0.1392475
-11.74813,-167.3494,7.0,50.64535,0.3110611
7.974659,-138.6249,7.0,34.69401,-2.343553
5.0828809999999995,-120.1758,7.0,26.68652,1.0970280000000001
-5.531553,-100.5592,7.0,34.82235,0.4436035
-3.0363729999999998,-68.60668000000001,7.0,52.236290000000004,0.6156505
-0.6895165,-24.01429,7.0,67.72144,0.9253540000000001
-3.550012,22.93843,7.0,53.24606,-2.7873229999999998
-20.21451,42.04967,7.0,29.01645,0.4216566
-46.0601,40.64066,7.0,39.73799,0.1740202
-77.36802,40.4087,7.0,44.5754,0.1648332
-112.0976,41.3111,7.0,49.097590000000004,0.1470213
-143.5703,34.21196,7.0,31.27337,-0.5513866999999999
-146.1671,13.77077,7.0,30.89037,0.19252679999999997
-145.1273,-11.14777,7.0,36.22036,0.19357660000000002
-146.8903,-39.74783,8.0,40.71972,-0.10868039999999998
-164.2433,-58.86959,8.0,26.9965,-2.405972
-166.1866,-73.71038,8.0,25.04778,0.28210209999999997
-147.4743,-78.32497,8.0,29.68058,0.3983665
-124.6787,-80.76041,8.0,33.05431,0.09272442
-111.059,-101.7024,8.0,36.18248,0.20469890000000002
-120.0867,-126.2101,8.0,37.4396,0.04636361
-143.5464,-130.1193,8.0,20.04443,-1.9618229999999999
-145.8741,-126.9523,8.0,5.043957,1.1679030000000001
-142.0677,-121.8324,8.0,12.21602,0.4692481
-144.4398,-111.0673,8.0,18.405720000000002,0.44127089999999997
-156.7864,-102.3691,8.0,23.19308,0.07531319
-167.7755,-113.4863,8.0,25.01669,0.3376772
-166.5939,-134.0539,8.0,30.47778,0.17644939999999998
-170.4097,-158.24200000000002,8.0,35.72541,0.3654478
-170.0657,-186.5121,8.0,40.51612,0.1813874
-168.8672,-218.2711,8.0,45.289609999999996,0.3481767
-161.2554,-250.399,8.0,40.70005,-0.5519403
-137.9846,-254.0584,8.0,28.472490000000004,-0.733915
-127.2319,-236.0553,8.0,31.731920000000002,0.3029426
-127.3929,-210.7006,8.0,36.84967,0.17391210000000001
-122.9001,-183.7855,8.0,30.196579999999997,-1.7198630000000001
-111.0438,-181.5277,8.0,16.71423,0.5632771
-107.1351,-195.0523,8.0,22.36973,0.22414479999999998
-106.5481,-213.8416,8.0,28.292720000000003,0.40961800000000004
-105.7642,-236.94099999999997,8.0,33.83254,0.193471
-98.17679,-262.0101,8.0,37.407090000000004,0.0636634
-73.24434000000001,-272.724,8.0,38.4876,-0.04109133
-51.09964,-255.9079,8.0,39.554759999999995,0.04249742
-46.6392,-225.9006,8.0,43.44292,0.33934640000000005
-37.84187,-194.36900000000003,8.0,45.36457,0.01415578
-13.20865,-169.5205,8.0,49.43439,0.30195370000000005
7.420266000000001,-139.7501,8.0,43.04971,-1.450448
1.997855,-114.8681,8.0,36.00162,1.016882
-6.197637,-88.65778,8.0,39.753440000000005,0.3436522
-1.7969009999999999,-57.80752,8.0,44.43157,0.1529306
-1.437443,-23.13653,8.0,48.92086,0.1513556
-2.559756,14.83557,8.0,53.058930000000004,0.001611094
-17.16706,41.47895,8.0,29.689870000000003,-2.380171
-26.268559999999997,40.95932,8.0,5.103001,0.5042111
-30.0784,36.96432,8.0,11.52153,0.25041149999999995
-38.64152,43.04549,8.0,17.90503,0.2298393
-47.89731,48.57887,8.0,2.823284,-0.7434776999999999
-48.01708,48.58697,8.0,0.03122547,-0.01303342
-48.43824,46.80198,8.0,4.685677,0.29444240000000005
-47.2831,43.40777,8.0,3.312751,-0.5035774000000001
-48.6919,44.45292,8.0,7.214046000000001,0.6425852
-56.92556,46.3683,8.0,15.9861,0.6117079000000001
-71.83407,44.68223,8.0,24.30206,0.2865074
-92.62228,42.15485,8.0,32.12669,0.5118937
-119.0222,44.22268,8.0,39.23526,0.42801320000000004
-142.9256,31.3531,8.0,38.533809999999995,-0.10488510000000001
-144.4378,0.9354004000000001,8.0,45.52453,0.28940429999999995
-141.8935,-33.36282,9.0,3.187394,-0.06154957
-142.1748,-35.41557,9.0,3.112777,0.5166976
-144.3599,-42.479929999999996,9.0,14.63129,-0.1143327
-150.1483,-50.17522,9.0,11.726189999999999,-0.0975672
-159.0658,-53.59483,9.0,13.82504,-0.22092420000000002
-166.235,-58.66171,9.0,10.71172,-0.2051169
-165.2631,-67.47801,9.0,17.94523,0.4813300999999999
-152.6526,-73.67383000000001,9.0,18.13543,-0.2782947
-140.4913,-72.79256,9.0,14.76707,-0.1164613
-125.7091,-76.41959,9.0,25.24991,0.08828082
-111.6008,-88.9619,9.0,26.21207,0.0237149
-107.2338,-107.0881,9.0,23.28555,-1.214125
-109.4477,-117.1958,9.0,11.33822,-0.17137320000000003
-114.3643,-127.104,9.0,21.42732,0.1903361
-126.89200000000001,-134.9059,9.0,18.35216,-0.16174029999999998
-138.5439,-132.0967,9.0,15.6198,0.02811341
-145.8962,-119.1052,9.0,25.282329999999998,0.5863388
-152.9256,-101.8696,9.0,17.74319,-1.366104
-162.6535,-100.9407,9.0,12.32352,-0.07642149
-167.1544,-112.8052,9.0,24.75246,1.096414
-168.6505,-136.3943,9.0,38.57184,0.9173764000000001
-168.6178,-168.2373,9.0,45.660790000000006,0.14771729999999997
-165.1524,-202.8459,9.0,46.08232,-0.6235539000000001
-162.8869,-233.5573,9.0,35.1801,-2.003563
-157.3489,-252.9611,9.0,23.93751,-0.41933760000000003
-143.7846,-260.3786,9.0,18.70774,-0.42791019999999996
-131.666,-253.2441,9.0,24.917289999999998,1.0579049999999999
-124.9071,-230.7559,9.0,36.76978,0.2482169
-128.0956,-204.8681,9.0,28.55307,-0.7590194
-128.2742,-190.6695,9.0,14.699520000000001,-0.11765170000000001
-122.7319,-182.4601,9.0,16.07604,0.6738576000000001
-109.5323,-183.7651,9.0,17.6693,-0.3052356
-103.0783,-193.1893,9.0,17.11595,1.017118
-102.8949,-211.4312,9.0,31.63237,0.6899018
-105.8561,-237.6617,9.0,37.635329999999996,-0.3855361
-101.1727,-263.4466,9.0,34.307790000000004,-0.27915290000000004
-79.90646,-273.1373,9.0,32.82229,-0.05780869
-57.99745,-264.4955,9.0,31.815890000000003,0.02476869
-48.74751,-241.9154,9.0,35.05466,0.15300350000000001
-44.59841,-215.3054,9.0,36.63986,-0.1738874
-38.87587,-190.0079,9.0,32.9467,-0.2130313
-25.53932,-172.3417,9.0,27.006709999999998,-0.39461540000000006
-10.830860000000001,-161.6871,9.0,22.23714,-0.1606775
1.958174,-153.2397,9.0,18.7921,-0.2722065
11.41625,-143.1482,9.0,21.40621,0.1404636
9.212141,-126.149,9.0,27.070009999999996,0.5017563
-3.958162,-109.5035,9.0,29.6115,-0.01022822
-10.12678,-88.29799,9.0,30.241979999999998,0.06167085
-10.81707,-64.87644,9.0,33.82042,0.2972157
-6.985272999999999,-39.29837,9.0,35.62856,0.0379561
-2.568356,-12.85829,9.0,36.657740000000004,0.02348012
-3.237303,11.702169999999999,9.0,27.35336,-0.7809567
-7.7240649999999995,28.11372,9.0,19.556720000000002,-0.29752080000000003
-18.47114,40.21561,9.0,26.727659999999997,0.2439312
-40.05885,45.221340000000005,9.0,33.6107,0.5327758
-67.58315,43.92994,9.0,40.81517,0.5008284000000001
-100.4564,43.38807,9.0,47.55199,0.4746719
-133.6658,39.17358,9.0,35.22652,-0.7642018
-147.2801,20.158360000000002,9.0,34.57029,0.1190978
-141.6201,-7.32782,9.0,41.140609999999995,0.43238990000000005
-143.6884,-34.229420000000005,10.0,22.11315,-1.209834
-148.1862,-46.52845,10.0,20.000410000000002,0.2711028
-159.1369,-54.867490000000004,10.0,17.02842,-0.1240904
-167.0546,-61.9618,10.0,12.99789,0.1904689
-161.597,-71.88998000000001,10.0,18.40188,-0.2227422
-148.3879,-72.58740999999999,10.0,18.7417,0.05299801
-135.1954,-73.55148,10.0,19.46882,0.5689039
-118.1884,-81.14636,10.0,29.06287,0.46792870000000003
-107.2503,-101.4384,10.0,34.80717,0.4004483
-113.62899999999999,-125.6359,10.0,27.25378,-3.4336849999999997
-128.3762,-133.6648,10.0,20.518320000000003,-0.19131979999999998
-140.8446,-129.6269,10.0,18.16958,0.3246078
-146.313,-114.2451,10.0,24.91986,-0.18597260000000002
-150.7627,-104.1437,10.0,3.980085,-0.1384787
-156.15200000000002,-100.7355,10.0,12.99032,0.2688494
-165.9007,-105.8216,10.0,19.20823,0.4415203
-168.0597,-122.4347,10.0,26.20461,0.5112196
-168.8984,-144.4538,10.0,33.79548,0.7681226
-168.2992,-170.7438,10.0,37.56787,0.2708571
-166.1477,-199.5392,10.0,40.099000000000004,0.04875415
-164.1308,-226.3139,10.0,32.376290000000004,-0.5074531
-161.3725,-247.4381,10.0,25.324579999999997,-0.26610209999999995
-149.6809,-258.6035,10.0,21.803729999999998,0.26447940000000003
-133.58700000000002,-255.5365,10.0,23.77861,0.15183829999999998
-125.6269,-238.3356,10.0,27.520770000000002,0.1005472
-125.9662,-216.9455,10.0,30.576140000000002,0.2290669
-127.8544,-197.6346,10.0,17.81737,-0.3220499
-126.8746,-186.1946,10.0,13.31206,-0.19410120000000003
-118.7489,-181.8849,10.0,15.57806,0.5104069999999999
-106.5648,-185.7847,10.0,17.93751,-0.1134248
-103.0352,-198.7601,10.0,19.904239999999998,0.1904668
-103.9777,-214.4018,10.0,21.79022,0.01909821
-105.2226,-230.9157,10.0,24.92372,0.5195853
-105.7928,-251.6543,10.0,29.9239,0.00213365
-95.28271,-269.9225,10.0,30.894990000000004,0.7420211999999999
-69.95866,-270.9373,10.0,37.98064,0.1632178
-50.746959999999994,-252.3237,10.0,38.487559999999995,0.40022329999999995
-46.32675,-221.8184,10.0,43.678999999999995,0.14119189999999998
-39.37362,-192.3334,10.0,36.5318,-0.6093246
-25.58725,-172.9065,10.0,28.74472,-0.2427065
-10.52293,-161.8238,10.0,18.441470000000002,-1.034846
-1.860917,-155.8023,10.0,17.280910000000002,1.058883
9.393512,-146.6307,10.0,19.08444,-0.1355916
12.3773,-130.9639,10.0,26.81578,0.13566389999999998
-1.7094189999999998,-114.3829,10.0,32.31086,0.3390275
-9.701358,-90.41083,10.0,33.53958,-0.5517274
-9.963017,-66.60074,10.0,34.199529999999996,0.4619394
-6.99728,-39.086729999999996,10.0,40.47997,0.2121353
-2.206569,-7.216639,10.0,46.27469,0.1786521
-6.652885,27.33455,10.0,45.08167,-0.4073463
-32.04936,44.29602,10.0,44.17579,0.3322991
-66.50532,44.17658,10.0,49.20013,0.4083511
-104.8024,42.38742,10.0,54.37786,0.1254089
-137.9991,36.79043,10.0,39.302620000000005,-0.01149247
-147.9426,13.279110000000001,10.0,37.07378,0.1517396
-141.3447,-15.37589,10.0,42.28283,0.33259440000000007
-147.1081,-41.76077,11.0,34.27899,0.44162070000000003
-165.3983,-60.91039,11.0,37.55808,-0.4505531
-167.0072,-79.38027,11.0,19.88428,-0.25116700000000003
-154.342,-74.4964,11.0,23.22346,0.4966072
-137.2732,-71.0629,11.0,27.6135,0.2040069
-118.5466,-83.75381,11.0,31.6932,-0.373596
-108.9141,-104.3809,11.0,33.98247,0.3454634
-117.6894,-126.7817,11.0,28.453570000000003,-0.5467883000000001
-136.4541,-131.7316,11.0,30.04358,0.1459145
-144.8078,-111.6086,11.0,32.23256,-0.3581775
-150.2269,-101.6602,11.0,13.45106,1.15415
-163.5785,-104.1802,11.0,23.47942,0.2597502
-166.3133,-122.6254,11.0,28.94261,0.2445424
-167.4502,-146.4585,11.0,35.447070000000004,0.4003153
-167.5619,-174.8566,11.0,41.4544,0.44991620000000004
-164.4641,-207.6455,11.0,47.31248,0.42390140000000004
-161.6269,-241.551,11.0,39.613040000000005,-1.353536
-148.0087,-259.1058,11.0,29.203609999999998,0.3138011
-129.5338,-251.3876,11.0,30.11003,0.31032009999999993
-125.2266,-227.1582,11.0,36.185140000000004,0.4099209
-127.9519,-199.3671,11.0,34.87301,-0.37251940000000006
-118.5367,-179.9128,11.0,26.86491,-0.0758889
-107.001,-190.3478,11.0,25.20753,0.44966480000000003
-106.2249,-211.3716,11.0,31.70952,0.4535751
-106.9754,-236.97400000000002,11.0,37.8348,0.43140609999999996
-99.99641,-265.0321,11.0,41.08879,-0.22875389999999998
-72.69382,-271.4333,11.0,41.03435,0.1642077
-50.26706,-252.9803,11.0,41.36306,0.2985455
-44.66196,-220.6643,11.0,46.98343,0.1975305
-35.49168,-185.4861,11.0,51.231429999999996,0.1998126
-9.862261,-162.319,11.0,38.1711,-1.533234
8.730595,-146.869,11.0,28.781940000000002,-0.5895085
10.79738,-129.2366,11.0,23.90175,0.2115264
-1.027268,-113.0884,11.0,30.386159999999997,0.42044620000000005
-8.845064,-89.89709,11.0,36.32292,0.457162
-9.849468,-60.88293,11.0,42.24038,0.4177343
-4.258814,-27.87162,11.0,47.96021,0.3956092
-2.557314,9.423155,11.0,52.758390000000006,0.27898540000000005
-18.91859,41.51122,11.0,46.97332,-0.3246659
-52.92896,43.80513,11.0,48.788109999999996,0.41061990000000004
-90.99540999999999,41.73253,11.0,54.171730000000004,0.3799918
-130.1928,39.061659999999996,11.0,45.50434,-0.8481028
-150.058,17.74173,11.0,40.30218,-0.07405402
-142.7361,-12.37694,11.0,44.22441,0.32122470000000003
-146.2866,-43.51747,12.0,35.74185,-0.7081454
-163.9334,-55.00238,12.0,28.72897,-0.08812056
-164.606,-70.84167,12.0,23.84671,0.03495349
-145.6564,-71.10944,12.0,29.06891,0.4395821
-123.0589,-77.53482,12.0,34.87304,0.1901539
-107.1504,-98.91763,12.0,38.7925,0.1915292
-113.7326,-122.3498,12.0,27.55007,-0.3958198
-130.3658,-132.637,12.0,23.9554,-0.4883924
-144.67,-126.2425,12.0,24.45849,0.14831529999999998
-148.6082,-106.5724,12.0,27.39746,-1.182059
-162.5892,-101.5551,12.0,19.721410000000002,0.1622318
-167.6787,-117.0746,12.0,29.19365,1.0718370000000002
-168.0593,-143.0812,12.0,38.428909999999995,0.4387844
-167.6065,-173.5199,12.0,44.102,0.2036139
-165.4149,-208.4013,12.0,49.797509999999996,0.3968119
-162.1484,-244.6652,12.0,44.54027,-0.2855643
-142.6291,-258.156,12.0,27.49715,-0.7299204
-129.4129,-242.168,12.0,31.338040000000003,0.3324953
-125.5397,-216.9816,12.0,37.43732,0.3939856
-128.3723,-190.8204,12.0,33.20395,-0.08440229
-112.10799999999999,-180.5349,12.0,26.788390000000003,-0.2355024
-108.4212,-196.8842,12.0,27.008909999999997,0.5017693
-110.2813,-218.9655,12.0,33.32882,0.2377822
-107.4425,-245.956,12.0,39.665,0.4129569
-92.09772,-270.3879,12.0,39.67403,-0.1308973
-62.665259999999996,-267.6828,12.0,42.78435,0.3062429
-45.3712,-245.5658,12.0,35.76113,-0.5687923
-53.900969999999994,-224.2101,12.0,23.8108,-1.399006
-53.05984,-216.7183,12.0,5.579805,0.007911902
-53.29752,-215.0608,12.0,2.215938,0.6294960999999999
-50.17405,-218.5418,12.0,10.43886,0.23617620000000003
-42.79063,-213.565,12.0,15.449329999999998,-0.293377
-41.70713,-203.4945,12.0,13.85733,0.3974993
-39.39156,-189.3314,12.0,23.37422,0.49837659999999995
-28.26046,-173.2025,12.0,29.887620000000002,0.46359040000000007
-7.830151,-159.7369,12.0,36.29122,0.4530479
11.11623,-140.7176,12.0,33.603120000000004,-1.080007
6.009474,-120.2443,12.0,32.0243,0.5128864000000001
-8.189166,-94.09921,12.0,47.75354,0.46424030000000005
-9.136627,-55.63126,12.0,54.73271999999999,0.3418753
-2.6345419999999997,-13.80596,12.0,59.51471,0.14545020000000003
-6.165513,24.08488,12.0,33.10582,-2.6594700000000002
-22.50452,42.76513,12.0,36.69428,0.09858648
-50.71482,44.62896,12.0,41.24277,0.21943720000000003
-83.37941,44.4251,12.0,46.9543,0.1937356
-119.8208,40.79325,12.0,49.865790000000004,-0.3827257
-151.157,27.962059999999997,12.0,43.94031,-0.5600463999999999
-153.1983,12.90761,12.0,6.701834,-1.3930639999999999
-151.661,12.71636,12.0,7.1750110000000005,0.6246946
-146.7623,6.876914,12.0,14.8844,0.5427727
-145.7859,-6.945612,12.0,22.30126,0.2602457
-142.352,-25.80224,12.0,29.31612,0.4898123
-142.267,-36.06908,13.0,8.433977,0.3097815
-145.7823,-44.51781,13.0,16.27093,0.2592627
-157.5109,-53.106269999999995,13.0,23.40596,0.2720132
-167.2434,-66.69391999999999,13.0,21.25689,-0.309871
-158.3496,-75.95100000000001,13.0,18.301379999999998,0.41170779999999996
-143.5275,-73.38606999999999,13.0,20.35835,-0.36711059999999995
-128.9135,-73.22984,13.0,23.10463,0.508976
-112.9762,-83.78405,13.0,29.1674,0.3973488
-106.8015,-106.0178,13.0,34.29829,0.3057011
-120.7253,-128.0351,13.0,38.14107,0.27509770000000006
-143.8758,-128.9447,13.0,22.27956,-1.550035
-143.8566,-122.7031,13.0,7.212269999999999,0.6136273
-138.2778,-122.2724,13.0,1.390126,0.6136086
-142.2169,-123.6046,13.0,9.338407,0.4130839
-145.5295,-128.6046,13.0,4.098343,-0.8571013000000001
-145.3586,-127.8484,13.0,5.795114,0.6563952
-141.944,-121.1211,13.0,14.482970000000002,0.5678983
-141.1103,-108.15700000000001,13.0,21.68378,0.25678870000000004
-154.76,-97.77058000000001,13.0,26.4078,0.1242153
-166.6617,-108.8601,13.0,25.48341,1.144304
-167.7949,-130.8223,13.0,33.285379999999996,0.48854929999999996
-167.5833,-158.1188,13.0,40.020379999999996,0.23453939999999998
-167.9792,-190.1626,13.0,46.412459999999996,0.4467499
-167.9981,-226.7767,13.0,52.342240000000004,0.3660629
-152.1486,-255.8443,13.0,43.0971,-0.2166313
-128.6404,-249.5743,13.0,29.05482,0.3224614
-128.3248,-225.1659,13.0,38.486509999999996,0.3508314
-127.6999,-195.3395,13.0,34.23254,-4.241223000000001
-122.0557,-182.8341,13.0,14.1259,-0.09000424
-110.3459,-184.1334,13.0,21.05125,0.201121
-104.7818,-200.7954,13.0,27.6705,0.2405437
-107.2797,-223.7286,13.0,34.686040000000006,0.4850281
-104.3025,-251.0431,13.0,40.19917,0.3830447
-82.80905,-271.899,13.0,42.63668,-0.007128475
-54.88553,-261.7385,13.0,42.5075,-0.0003917957
-48.836009999999995,-230.47,13.0,46.302859999999995,0.474303
-42.24507,-198.7578,13.0,42.35058,0.3654756
-21.30376,-172.9985,13.0,47.94108,0.2121424
3.8918760000000003,-145.0669,13.0,51.10054,-0.7063977
5.736604,-113.7705,13.0,37.55553,-0.6800014
-8.930454,-96.50854,13.0,27.688470000000002,0.04039228
-6.339575,-72.72493,13.0,35.98127,0.4729342000000001
-5.450456,-43.61063,13.0,42.61685,0.4869562
-4.105233999999999,-9.721783,13.0,48.82022,0.42741809999999997
-7.149452,27.19408,13.0,46.73198,-0.8059863
-27.533920000000002,41.648920000000004,13.0,26.36825,-1.7936299999999998
-34.7731,33.01315,13.0,13.995410000000001,-0.03244725
-35.12364,32.589040000000004,13.0,0.06723614,-0.000490345
-35.16943,32.59468,13.0,0.06084884,0.02279456
-34.38213,35.20917,13.0,7.851571000000001,0.5282541000000001
-32.68734,42.50772,13.0,7.999425,-0.7644209
-32.26767,44.67971,13.0,1.653661,0.6047079000000001
-35.06442,41.64462,13.0,9.754004,0.28726399999999996
-44.676140000000004,43.10548,13.0,17.11826,0.2655538
-59.72218,45.33297,13.0,23.91249,0.23223920000000003
-79.66349,42.72376,13.0,30.40938,0.466286
-104.3961,42.781040000000004,13.0,36.34641,0.43178469999999997
-132.4251,38.319559999999996,13.0,40.1236,-0.3283034
-147.792,15.987689999999999,13.0,38.84068,0.3302198
-145.2241,-14.537360000000001,13.0,44.14738,0.3611462
-147.9665,-47.28629,14.0,40.12254,-1.824473
-163.1652,-63.96549,14.0,24.16883,-0.546802
-152.2607,-75.57151999999999,14.0,26.618959999999998,0.191871
-130.4495,-76.8997,14.0,32.16265,0.1289778
-111.958,-93.40749,14.0,36.17237,0.1014432
-113.9058,-119.8536,14.0,38.4291,0.08046436
-137.4194,-131.7272,14.0,31.5368,-1.584194
-146.0081,-120.8562,14.0,7.329992999999999,-2.613842
-146.3327,-119.4427,14.0,1.938422,-0.0036432440000000003
-147.175,-118.3828,14.0,1.621705,-0.0326274
-148.1634,-117.6154,14.0,3.111718,0.4500175
-150.8677,-117.4411,14.0,1.7964689999999999,-1.1415959999999998
-148.989,-116.3883,14.0,7.433216000000001,0.6299832
-144.6702,-109.2529,14.0,15.61845,0.5603968
-151.2573,-97.83910999999999,14.0,22.06557,0.3574236
-166.2692,-103.265,14.0,25.88172,0.14799579999999998
-166.6995,-124.1586,14.0,32.01999,0.24938089999999996
-166.699,-150.414,14.0,38.903240000000004,0.48383580000000004
-166.8832,-181.6874,14.0,45.44216,0.44539090000000003
-167.105,-217.6245,14.0,51.54633,0.20807150000000002
-157.2824,-250.4465,14.0,37.36773,-1.7747080000000002
-141.9271,-253.2788,14.0,7.916347,-0.8004014
-141.4211,-250.1431,14.0,2.791636,-0.08346091
-138.4442,-248.0564,14.0,8.664882,0.37182059999999995
-129.7765,-250.90900000000002,14.0,14.431770000000002,-0.285447
-121.6911,-249.5266,14.0,9.858552,-0.1467318
-122.4782,-240.1323,14.0,17.69504,0.3055114
-125.8954,-224.4791,14.0,25.48489,0.5531881
-127.5797,-202.9299,14.0,32.85266,0.5252899999999999
-120.6785,-180.5646,14.0,30.428459999999998,-0.4624103
-105.8943,-186.3423,14.0,25.48605,1.025541
-106.8835,-212.0078,14.0,44.78329,0.7117543000000001
-103.6571,-250.9817,14.0,57.17043,-0.8036936
-76.74141999999999,-272.3635,14.0,45.48061,0.42305249999999994
-49.89423,-256.3223,14.0,43.282759999999996,-0.09364358
-49.49629,-223.5,14.0,47.09619,0.2518882
-35.81149,-190.6572,14.0,51.01495,0.1733931
-7.837896000000001,-162.5042,14.0,56.45908000000001,0.3938493
10.071,-129.8124,14.0,37.81722,-2.523906
-0.5313681,-111.7375,14.0,25.80852,0.2797084
-5.89721,-90.41206,14.0,33.39653,0.2323482
-3.86625,-63.21605,14.0,40.25334,0.48440379999999994
-2.3471509999999998,-30.96472,14.0,46.706340000000004,0.458313
-2.893368,5.866409,14.0,52.74208,0.42494079999999995
-15.34575,38.46906,14.0,43.955220000000004,-0.32966409999999996
-46.93179,41.092940000000006,14.0,46.10382,0.4367626
-83.42896,40.20766,14.0,52.120329999999996,0.4300986
-123.17200000000001,41.48873,14.0,49.644709999999996,-1.6960439999999999
-144.9822,27.344179999999998,14.0,23.37284,-2.564156
-144.1998,22.290879999999998,14.0,4.067058,0.3336317
-141.5399,25.085420000000003,14.0,4.432511,-0.7494456
-142.2613,24.06469,14.0,6.552569,0.48855870000000007
-147.8,21.45669,14.0,8.005752000000001,-0.7244510999999999
-149.3284,21.92114,14.0,2.840423,0.6739385
-145.0124,18.5636,14.0,11.89287,0.3076783
-140.9612,7.5826970000000005,14.0,20.171129999999998,0.583733
-141.3831,-10.32404,14.0,28.16977,0.5851425
-141.7828,-34.22465,1.0,5.6798459999999995,0.3914376
-142.0996,-39.98422,1.0,12.051839999999999,0.7056859000000001
-147.22899999999998,-50.67185,1.0,20.53219,0.5718473000000001
-161.4303,-61.717169999999996,1.0,27.51847,0.116198
-155.1379,-76.82663000000001,1.0,24.407770000000003,-0.2565645
-139.5183,-68.22844,1.0,18.05281,-31.401670000000003
-135.8689,-68.27793,1.0,0.024452,0.001173632
-135.8502,-68.28073,1.0,0.02550686,-0.0003896533
-135.8322,-68.28312,1.0,0.02553228,0.03321279
-135.9915,-68.92729,1.0,3.876636,0.2297125
-135.8164,-72.2391,1.0,4.466049,-0.04002997
-135.8875,-75.21377,1.0,3.622935,-0.02511532
-136.7908,-76.44449,1.0,1.883573,0.7136263
-132.3186,-74.93463,1.0,10.89875,0.31843390000000005
-121.7845,-78.12872,1.0,18.86855,0.47538379999999997
-113.3299,-92.56315,1.0,26.53593,0.2653215
-111.2535,-114.1309,1.0,32.805170000000004,0.40798690000000004
-128.2543,-132.6093,1.0,36.77502,-0.2087534
-146.5118,-124.8645,1.0,22.31071,-0.08007859
-138.4918,-111.2302,1.0,16.28784,0.06503344
-138.4578,-108.7165,1.0,0.02364055,0.01971881
-138.4586,-108.734,1.0,0.01396274,-0.01405961
-139.3619,-108.3906,1.0,5.382495,0.30625290000000005
-144.6129,-109.4556,1.0,7.8880479999999995,-0.03132239
-145.3884,-110.2454,1.0,4.1076559999999995,0.6676736
-144.5983,-104.1615,1.0,12.68189,0.5896388000000001
-152.8632,-96.03735,1.0,18.41691,-0.2063695
-163.44799999999998,-99.37347,1.0,13.79835,0.10434380000000001
-166.83599999999998,-114.1434,1.0,28.127879999999998,0.9147139999999999
-170.018,-138.6356,1.0,37.55856,0.3482842
-163.1117,-166.3237,1.0,35.7086,-0.6290119000000001
-167.5181,-189.7718,1.0,30.48746,0.691629
-166.9695,-217.7622,1.0,39.38755,-0.2927534
-163.5884,-243.6281,1.0,30.50907,-0.9098917999999999
-146.2794,-250.9365,1.0,27.68863,0.32220659999999995
-125.1471,-243.4093,1.0,31.36285,-1.276781
-126.7595,-227.3478,1.0,24.813229999999997,0.2715425
-127.6504,-212.157,1.0,22.604329999999997,-0.33753829999999996
-123.3243,-199.0504,1.0,18.0094,0.16953629999999997
-123.764,-187.114,1.0,14.449060000000001,-0.10554389999999998
-112.4419,-185.9771,1.0,18.815920000000002,-0.9773556999999999
-110.2903,-197.4025,1.0,14.33174,-0.05184692
-109.9236,-208.5737,1.0,18.38478,0.573086
-108.2884,-225.0595,1.0,26.22198,0.5519328
-105.1708,-246.9873,1.0,33.43562,0.44539399999999996
-90.02803,-268.0676,1.0,38.07998,0.2180638
-62.652469999999994,-266.8158,1.0,39.49604,0.01581435
-51.96973,-240.6822,1.0,41.266090000000005,0.48576499999999995
-44.73076,-209.3216,1.0,46.44027,0.19726129999999997
-23.0996,-180.2759,1.0,51.87891,0.4488428
2.084162,-148.5582,1.0,57.442809999999994,0.4077127
11.53585,-112.8021,1.0,30.8868,-2.497113
10.026660000000001,-104.3747,1.0,1.128888,0.03547385
9.767468,-104.2494,1.0,0.4367356,0.34779390000000004
12.23525,-105.9033,1.0,6.924297999999999,0.1710826
17.624129999999997,-107.1653,1.0,5.065538,-0.380802
17.7757,-107.1484,1.0,4.3260629999999995,0.3247663
11.8268,-109.523,1.0,12.83464,0.29637199999999997
1.441136,-110.3001,1.0,17.19851,0.26218400000000003
1.0456159999999999,-95.74441999999999,1.0,23.79175,0.45484350000000007
-3.0252209999999997,-76.43914000000001,1.0,30.36158,0.2302167
-5.663199,-51.67471,1.0,36.989129999999996,0.231675
-6.421579,-21.86656,1.0,43.44365,0.4497349
-6.552261,12.59892,1.0,49.48958,0.39868020000000004
-15.00642,41.72449,1.0,27.461959999999998,-1.984058
-25.06666,41.32526,1.0,15.695229999999999,0.5413578
-38.39111,37.94034,1.0,22.7156,0.5223987
-57.75659,39.84352,1.0,29.874409999999997,0.24909139999999996
-82.48911,39.57886,1.0,36.77531,0.24436079999999996
-112.1519,40.33718,1.0,43.26015,0.44073959999999995
-140.7492,35.87917,1.0,30.80368,-0.958091
-142.1312,24.407120000000003,1.0,8.501207,-0.5689746
-137.7514,24.26913,1.0,0.08216427,0.007362253000000001
-137.7518,24.223229999999997,1.0,0.05805416,0.004940671
-138.5414,24.44645,1.0,4.4845809999999995,0.555782
-144.2344,24.18833,1.0,10.2835,0.15559389999999998
-150.5596,25.24035,1.0,4.2018889999999995,-0.7273843000000001
-150.3163,25.03136,1.0,4.714907,0.30297090000000004
-147.1031,19.66714,1.0,12.62681,0.5379060999999999
-151.1631,8.678339,1.0,19.460420000000003,0.3779493
-149.2296,-7.335408,1.0,25.50862,0.48232479999999994
-146.1026,-28.38417,1.0,31.938740000000003,0.4342537
-154.5134,-49.761720000000004,2.0,32.24762,0.09010211
-166.6812,-66.63817,2.0,26.47325,-0.8860950000000001
-156.7387,-71.6283,2.0,9.147739,-0.7778967
-155.7139,-68.52711,2.0,0.04939616,-0.0211082
-155.6785,-68.52816999999999,2.0,0.03543957,-0.03381256
-156.1259,-70.49481,2.0,5.237586,0.10564739999999999
-156.6293,-74.1796,2.0,4.720543,-0.03613697
-156.5121,-74.53596,2.0,4.549862999999999,0.7069044
-150.2221,-72.89627,2.0,13.58288,0.5980223000000001
-139.5623,-80.16127,2.0,21.35419,-0.2215232
-125.9238,-83.75391,2.0,17.46774,-0.09620642
-114.34100000000001,-94.21370999999999,2.0,28.47983,0.7339932
-113.2452,-115.8972,2.0,31.3528,0.2587207
-131.2214,-130.5307,2.0,32.19927,-0.6269296999999999
-145.4454,-122.0493,2.0,20.18078,-0.15140510000000001
-138.9066,-107.7505,2.0,19.787229999999997,-1.148935
-150.4588,-101.5374,2.0,21.38413,0.02930627
-160.9735,-109.0316,2.0,16.69612,0.02237934
-162.3638,-121.4135,2.0,18.09008,0.14409729999999998
-165.3316,-137.253,2.0,26.0199,0.28849990000000003
-165.2583,-159.4497,2.0,33.77731,0.27369829999999995
-165.5937,-187.2914,2.0,41.07199,0.261523
-165.9117,-220.2825,2.0,47.891020000000005,0.4590501
-159.9738,-247.6611,2.0,22.21324,-0.4898269
-143.096,-252.0215,2.0,27.92773,0.5712951000000001
-125.3593,-242.752,2.0,27.115479999999998,-0.6553773
-127.5134,-223.33,2.0,31.47581,0.6734667
-126.4837,-197.5548,2.0,37.90865,-0.5545543000000001
-121.2103,-184.2125,2.0,10.17357,0.3175759
-112.1484,-188.0986,2.0,17.843770000000003,0.5244503
-110.0474,-204.0408,2.0,25.8217,0.5685356
-107.8547,-225.96,2.0,33.60475,0.562807
-101.5704,-252.7307,2.0,40.452709999999996,0.3966958
-78.86421999999999,-270.8458,2.0,40.4589,-0.10994389999999998
-53.1623,-256.6467,2.0,42.190909999999995,0.1211521
-49.51828,-225.674,2.0,45.35477,0.405058
-38.03127,-193.0068,2.0,49.52039,0.3820865
-11.364230000000001,-164.5952,2.0,55.64524,0.42117659999999996
8.726839,-132.9699,2.0,33.01266,-3.455204
2.2469509999999997,-119.6499,2.0,21.29405,0.610402
-6.193783,-103.7858,2.0,28.35465,0.2705837
-6.635049,-79.98479,2.0,35.88795,0.5531567
-6.786989999999999,-50.71398,2.0,43.0498,0.497724
-7.148555,-16.30584,2.0,49.77187,0.4739196
-7.574052,22.79579,2.0,52.70369,-0.9508053
-21.40295,45.686690000000006,2.0,21.54174,-1.319009
-25.759220000000003,45.17225,2.0,4.203737,0.6731045999999999
-28.407870000000003,40.135709999999996,2.0,12.66718,0.3115731
-39.88042,43.49884,2.0,20.81566,0.2894244
-57.25043,45.819520000000004,2.0,27.919620000000002,0.5520765000000001
-80.58743,42.36727,2.0,35.519420000000004,0.2752407
-109.546,41.29469,2.0,42.67292,0.49611459999999996
-141.8572,35.13645,2.0,40.672579999999996,-2.046643
-150.1678,19.57164,2.0,8.742811999999999,-2.489657
-147.2599,19.44199,2.0,7.880389999999999,0.6106633
-143.2572,12.53908,2.0,16.048,0.2881397
-150.2624,-0.3049825,2.0,23.57788,0.191333
-147.1545,-18.90033,2.0,29.545740000000002,0.5164206
-142.2472,-36.07812,3.0,12.087019999999999,0.39641620000000005
-145.0116,-44.24947,3.0,11.53106,0.07249857
-153.5083,-52.26791,3.0,16.73582,-0.15208210000000003
-164.03799999999998,-55.588440000000006,3.0,13.18136,-0.24052590000000001
-166.2467,-63.0413,3.0,9.901142,-0.08319258
-161.1297,-70.38695,3.0,16.386129999999998,0.5700297
-146.6785,-71.81204,3.0,23.980339999999998,0.5255668000000001
-127.0351,-76.85,3.0,29.211940000000002,-0.43531329999999996
-112.3583,-89.28425,3.0,23.69174,-0.11196220000000001
-107.9494,-107.7627,3.0,28.02908,-0.2232169
-114.1526,-125.0792,3.0,22.40533,-0.3940478
-127.5219,-133.3705,3.0,23.92792,0.2336532
-142.2476,-126.9333,3.0,25.31816,1.0066680000000001
-149.7708,-106.8399,3.0,26.947779999999998,-1.192591
-162.4952,-105.3376,3.0,18.34144,0.359756
-167.4678,-120.4819,3.0,25.87235,0.2883013
-169.8068,-142.461,3.0,33.61446,0.5404399000000001
-167.8268,-169.8792,3.0,40.693690000000004,0.4706718
-166.21599999999998,-202.5105,3.0,47.39082,0.46440509999999996
-163.8638,-238.6816,3.0,46.89248,-1.075329
-148.29,-259.2358,3.0,29.04143,-0.5349954
-131.6202,-249.0323,3.0,30.150859999999998,0.5141317
-125.7806,-226.4859,3.0,34.903040000000004,0.5030917
-127.7818,-199.9943,3.0,34.43779,-0.31006690000000003
-119.9259,-179.5755,3.0,24.00454,-0.2711025
-108.7035,-186.25799999999998,3.0,21.54852,0.47512
-108.0448,-204.4297,3.0,28.483659999999997,0.5735996
-104.7815,-226.74099999999999,3.0,29.79267,-0.4161166
-106.2178,-247.8308,3.0,32.13247,0.7197505999999999
-94.04815,-270.0219,3.0,36.57012,-0.1602711
-68.51524,-268.7654,3.0,24.53323,-2.034267
-57.555209999999995,-267.6553,3.0,7.658073,-0.48570640000000004
-56.50959,-266.9517,3.0,2.925061,-0.1879151
-57.16867,-267.3653,3.0,0.8487902,0.23234760000000002
-55.106590000000004,-265.0681,3.0,6.660912,0.2120194
-50.51936,-262.2665,3.0,8.090174000000001,0.01851452
-48.213229999999996,-263.6472,3.0,1.527792,0.5104883
-49.96761,-259.5724,3.0,10.22867,0.3027327
-48.4543,-249.1688,3.0,18.339170000000003,0.5788831999999999
-44.92518,-233.1623,3.0,25.87704,0.2610939
-42.4425,-211.4007,3.0,33.02983,0.23505660000000003
-35.4795,-186.138,3.0,37.730140000000006,0.1496691
-14.44728,-164.9131,3.0,37.840720000000005,-0.9829568000000001
1.2000819999999999,-151.7796,3.0,22.17726,-0.36511709999999997
10.87545,-141.0719,3.0,17.1928,-0.3484202
10.84113,-130.0105,3.0,15.39882,0.573207
2.9597279999999997,-118.2905,3.0,22.94144,0.5408849
-6.050987999999999,-100.9707,3.0,30.03602,0.48164480000000004
-10.41585,-76.60504,3.0,36.63725,0.2241203
-8.221188,-47.11932,3.0,43.003640000000004,0.44434300000000004
-3.766932,-14.1148,3.0,43.27989,-0.3483133
-4.129147,10.02996,3.0,17.24034,-2.001815
-4.904568,15.31819,3.0,4.932242,1.068914
-6.422612,22.57992,3.0,14.32404,0.5903341
-12.102269999999999,34.74577,3.0,22.05685,0.24990460000000003
-28.35385,44.00452,3.0,29.023640000000004,0.44471689999999997
-52.05791,44.63069,3.0,35.57423,0.5067752999999999
-80.9296,43.88387,3.0,42.30918,0.504473
-114.2619,41.31223,3.0,45.6701,-0.1789578
-144.0881,34.027359999999994,3.0,38.093090000000004,-0.3259656
-146.9977,11.26989,3.0,33.53884,0.44638409999999995
-144.991,-14.354370000000001,3.0,38.29139,0.43352879999999994
-145.0415,-44.356629999999996,4.0,38.27131,-2.369122
-158.0757,-54.28896999999999,4.0,18.86524,0.3059698
-168.2266,-61.648140000000005,4.0,19.95988,0.2024249
-156.4834,-72.17674,4.0,25.51318,0.4035362
-135.36,-73.99604000000001,4.0,31.860670000000002,0.2097393
-114.6718,-88.69098000000001,4.0,37.51079,0.20242620000000003
-110.7437,-115.3528,4.0,37.3106,-0.007251222
-130.2642,-132.7907,4.0,35.0983,-0.24661799999999998
-145.2542,-118.5843,4.0,29.66634,0.2220755
-149.6902,-99.55355,4.0,19.1607,-1.9837240000000003
-161.8479,-102.8446,4.0,21.5542,0.4556192
-167.8916,-120.0286,4.0,28.52839,0.5411581999999999
-170.5555,-143.6507,4.0,35.536840000000005,0.2322654
-168.0765,-172.3652,4.0,42.1833,0.2402494
-165.0472,-205.8504,4.0,48.536229999999996,0.44633149999999994
-162.7311,-241.1438,4.0,39.31197,-4.472273
-153.0084,-254.8978,4.0,18.62971,-0.30698070000000005
-137.4618,-257.7377,4.0,24.7293,0.1280394
-127.6373,-241.6675,4.0,29.624859999999998,0.5108885999999999
-126.3646,-217.5397,4.0,35.90382,0.5059604999999999
-127.2468,-189.2434,4.0,40.13197,-0.1602035
-106.7208,-177.4061,4.0,30.07695,-0.4051108
-101.40100000000001,-192.297,4.0,21.58321,-0.4110839
-114.5633,-199.8993,4.0,12.06104,-0.4039281
-114.5551,-201.5558,4.0,0.0074095409999999995,0.027794
-114.3318,-201.614,4.0,2.121044,0.2563207
-111.0029,-201.0343,4.0,6.848337,0.2768705
-109.6805,-198.1883,4.0,0.27008990000000005,-0.6565704000000001
-109.4004,-200.7272,4.0,7.070137,0.2634692
-107.8492,-208.398,4.0,13.963270000000001,0.4629794
-105.6642,-221.0106,4.0,20.39883,0.232796
-105.6991,-238.3865,4.0,26.39452,0.4044099
-102.3393,-259.197,4.0,31.13567,0.1400114
-83.11984,-272.0121,4.0,33.6783,0.2497811
-58.332730000000005,-264.7387,4.0,37.18846,0.04723927
-49.246,-239.7831,4.0,38.48183,0.1778795
-45.81478,-209.9747,4.0,42.77977,0.1625022
-30.74326,-180.701,4.0,46.15708,0.08512117
-5.675461,-158.3228,4.0,38.39297,-1.104619
8.355589,-145.0856,4.0,20.06099,-0.2281708
12.55664,-133.3026,4.0,19.50446,1.1051360000000001
2.872547,-118.5394,4.0,26.96012,0.4182857
-6.92128,-99.27186999999999,4.0,32.06349,0.398002
-10.57305,-73.86081,4.0,37.153059999999996,0.3591275
-7.648509,-44.72567,4.0,41.935590000000005,0.3466527
-2.129723,-12.402619999999999,4.0,46.59742,0.30821609999999994
-5.837880999999999,22.4617,4.0,43.06134,-4.5176739999999995
-19.03134,39.57611,4.0,29.674770000000002,0.15616570000000002
-42.07861,43.87576,4.0,34.39113,0.3798203
-69.44363,43.26547,4.0,39.51127,0.1762871
-100.5056,42.14887,4.0,43.719120000000004,-0.03457811
-130.2474,38.77657,4.0,32.26489,-3.575155
-142.4311,33.84993,4.0,17.0183,0.4230818
-147.9226,20.448220000000003,4.0,22.77381,0.4147082
-146.089,1.5757370000000002,4.0,28.4954,0.41700550000000003
-141.7431,-21.22849,4.0,33.88535,0.1658635
-146.4221,-44.57371,5.0,28.15268,-0.7894189
-163.4104,-55.37451,5.0,29.3976,-0.1781064
-165.864,-68.73829,5.0,18.832910000000002,0.218506
-153.2851,-70.20551,5.0,20.36168,0.8472864999999999
-136.3176,-73.91545,5.0,26.44622,0.42149790000000004
-116.986,-83.10285999999999,5.0,31.50648,0.2892759
-107.7625,-104.7538,5.0,34.33813,0.104005
-116.8278,-127.4448,5.0,31.844829999999998,0.1140575
-135.9393,-131.89600000000002,5.0,23.1609,-0.7851366
-143.6746,-116.6055,5.0,26.49312,0.3591522
-156.5215,-100.9165,5.0,26.368509999999997,-0.9821576999999999
-165.3134,-107.4515,5.0,16.984,-0.2731832
-165.7668,-120.9472,5.0,22.8478,0.2702193
-167.8892,-141.5665,5.0,36.54674,0.6834478
-167.1995,-174.0376,5.0,47.51684,0.2332592
-164.25,-210.7484,5.0,46.9494,-1.1481649999999999
-163.7407,-233.5592,5.0,20.94725,-0.47974880000000003
-161.575,-246.8836,5.0,15.49235,-0.4160897
-154.0781,-256.051,5.0,20.554000000000002,0.4662576
-137.0292,-258.3746,5.0,28.33205,0.373911
-125.91799999999999,-237.1514,5.0,38.64796,0.7101359
-127.7261,-207.515,5.0,36.35078,-1.8481310000000002
-127.3948,-189.9476,5.0,18.31411,-0.24926710000000002
-118.2373,-182.2931,5.0,19.74779,0.6710498
-104.04899999999999,-189.5282,5.0,25.00711,0.1739425
-102.8242,-210.8392,5.0,33.87471,0.4354499
-105.2739,-237.4917,5.0,36.70864,-0.15596729999999998
-102.5822,-261.4328,5.0,28.559790000000003,-0.3526748
-83.65934,-271.9533,5.0,32.413090000000004,0.1385369
-59.6059,-265.5736,5.0,35.73174,0.06876186
-49.324870000000004,-241.1698,5.0,38.549479999999996,0.3491091
-45.19017,-210.9056,5.0,43.40996,0.3436758
-32.53035,-180.1752,5.0,46.6428,0.18565050000000002
-8.111506,-159.3685,5.0,26.29985,-4.10324
1.220308,-153.3368,5.0,11.534089999999999,-0.32624050000000004
6.724098,-149.0455,5.0,7.433426,-0.13602
10.79536,-144.5812,5.0,11.060780000000001,0.47678400000000004
13.03925,-134.5391,5.0,17.285829999999997,0.2194803
6.089607,-121.402,5.0,23.222929999999998,0.21503930000000002
-4.225452,-105.1542,5.0,28.85799,0.3849537
-10.00347,-82.49605,5.0,34.1656,0.1684538
-9.156157,-55.50456,5.0,39.04122,0.34890920000000003
-3.5215699999999996,-25.26156,5.0,43.861090000000004,0.341438
-1.81267,7.12093,5.0,37.62547,-1.4211610000000001
-6.260669,24.02215,5.0,9.945753,-0.30534859999999997
-10.66845,32.5706,5.0,17.0338,0.2348417
-22.05489,41.707390000000004,5.0,22.93005,0.4238903
-40.60614,45.27604,5.0,28.472959999999997,0.39265300000000003
-63.74459,44.97607,5.0,34.00665,0.3896289
-90.88889,43.79927,5.0,39.19746,0.3652955
-120.3734,40.94078,5.0,36.47696,-0.2696364
-138.6963,37.07227,5.0,20.96048,0.3452058
-147.2675,22.46668,5.0,26.0216,0.1868132
-146.1369,1.447108,5.0,31.254,0.4131803
-141.8746,-23.25412,5.0,36.0732,-0.24965210000000002
-144.7295,-41.83415,6.0,12.82029,-0.338459
-150.8678,-51.28197,6.0,20.42334,0.353587
-162.5318,-56.665240000000004,6.0,14.511020000000002,-0.44265429999999995
-165.8343,-65.35223,6.0,16.64314,0.731036
-153.0585,-72.84956,6.0,26.47775,0.5465472
-129.0799,-75.26486,6.0,38.34434,0.6330435999999999
-109.14399999999999,-96.17961,6.0,38.20847,-0.6332524
-115.6643,-115.5599,6.0,13.57105,-0.9880361999999999
-118.6994,-124.2627,6.0,16.848110000000002,1.105933
-127.5388,-133.8022,6.0,17.675179999999997,0.49040829999999996
-141.2261,-129.0168,6.0,23.27099,0.307422
-145.8889,-110.6881,6.0,24.4209,-3.8942360000000003
-150.8686,-103.7718,6.0,7.698164,0.2050768
-158.6972,-100.5647,6.0,15.92692,0.2655031
-166.5405,-108.3419,6.0,18.30285,0.3249844
-167.8419,-126.7533,6.0,31.800759999999997,0.9754555
-168.7087,-155.108,6.0,44.06691,0.8563673
-166.601,-191.5426,6.0,54.2746,0.6884670999999999
-163.535,-230.0253,6.0,46.86469,-0.787764
-156.4772,-256.1003,6.0,28.82295,-0.6146560000000001
-139.3128,-256.8917,6.0,20.156489999999998,-0.2342571
-128.0854,-246.4911,6.0,24.73742,0.29626149999999996
-124.9151,-226.5097,6.0,30.143829999999998,0.39165320000000003
-128.3459,-202.4464,6.0,35.37327,0.3482856
-124.5226,-183.6073,6.0,15.911129999999998,0.07419015
-110.7656,-184.5134,6.0,22.13644,0.3011522
-102.9538,-200.1798,6.0,26.881190000000004,0.1905034
-103.7375,-222.1283,6.0,32.365840000000006,0.38094520000000004
-105.7941,-247.9123,6.0,37.450340000000004,0.15658329999999998
-93.18347,-271.332,6.0,36.33363,-0.30007399999999995
-70.01764,-269.6193,6.0,27.7121,-0.2811866
-53.9543,-262.2927,6.0,22.63364,0.4271165
-47.86227,-243.5537,6.0,30.36625,0.4179569
-44.45232,-219.225,6.0,35.77324,0.40198470000000003
-40.00002,-191.2951,6.0,40.37597,0.20648720000000004
-19.55521,-169.3687,6.0,42.96521,-0.12061240000000001
-1.224536,-155.5943,6.0,15.97495,-1.9691169999999998
6.318979,-149.6496,6.0,12.082139999999999,-0.001685018
12.03863,-141.6684,6.0,15.94045,0.6117121999999999
10.070780000000001,-127.3259,6.0,24.37172,0.3014088
-3.807907,-109.1223,6.0,37.9513,0.9641392
-9.60506,-76.67753,6.0,51.255340000000004,0.8866780000000001
-5.725645,-34.778079999999996,6.0,60.61886,0.2533567
-2.218429,7.950417999999999,6.0,45.690529999999995,-1.7036209999999998
-8.378679,27.84662,6.0,20.34925,0.01575054
-19.61627,40.77523,6.0,27.696590000000004,0.7567335000000001
-43.97222,45.343509999999995,6.0,40.710879999999996,1.136354
-79.67478,44.03625,6.0,55.28949,0.8970398
-117.9363,41.10982,6.0,30.41532,-3.4972790000000002
-130.3067,38.737140000000004,6.0,12.434560000000001,-0.08243429
-142.5817,34.14157,6.0,23.27877,0.2009084
-147.6391,16.7366,6.0,27.695759999999996,0.4035863
-144.5719,-5.578777,6.0,33.163090000000004,0.19169579999999997
-141.6947,-31.631840000000004,6.0,37.367329999999995,0.2173958
-142.4253,-39.28288,7.0,11.92656,0.45668739999999997
-147.7743,-48.9124,7.0,18.12699,0.2173083
-161.7333,-55.538230000000006,7.0,23.55035,0.1442825
-168.0412,-68.70836,7.0,17.05111,-0.4815456
-159.9147,-76.67518000000001,7.0,17.06931,0.22752329999999998
-146.3519,-74.62617,7.0,20.16329,0.02383958
-131.0604,-73.75591999999999,7.0,22.37276,0.22471129999999997
-115.1212,-83.65405,7.0,29.674359999999997,0.1830662
-108.1589,-105.2695,7.0,33.38753,0.2880062
-120.6936,-126.8043,7.0,36.18502,0.2087141
-144.4756,-128.694,7.0,25.984820000000003,-1.7457479999999999
-145.0384,-118.4343,7.0,10.66892,-0.38578
-143.7836,-109.2743,7.0,17.76129,-0.01640151
-153.1192,-101.5701,7.0,17.24793,0.24840789999999996
-165.1225,-108.0861,7.0,20.41873,-0.1109039
-165.9572,-122.9942,7.0,22.22426,0.5610387
-167.641,-142.9577,7.0,33.57065,1.052715
-169.6864,-172.8829,7.0,47.04373,0.862405
-169.9958,-211.6722,7.0,53.85131,-0.4434862
-164.4442,-244.8329,7.0,33.63175,-0.43959490000000007
-147.3113,-254.4717,7.0,23.52705,-0.5032507
-131.558,-250.5076,7.0,22.84339,0.02593804
-125.7441,-233.2205,7.0,30.40802,0.19023410000000002
-126.1293,-208.6344,7.0,35.82609,0.1865223
-123.1279,-183.0533,7.0,24.53102,-1.317978
-112.8934,-181.7978,7.0,16.9553,1.0715940000000002
-109.331,-196.1271,7.0,23.27682,0.42983000000000005
-108.7961,-215.5313,7.0,29.108320000000003,0.2080989
-108.3199,-239.1699,7.0,34.53884,0.16813870000000003
-97.90257,-263.4247,7.0,37.90872,0.1908164
-71.65276999999999,-272.5865,7.0,39.3999,-0.001068605
-51.18784,-254.0036,7.0,39.53389,0.09521515
-48.65726,-223.5242,7.0,43.62317,0.1498766
-36.00025,-193.4788,7.0,46.14873,0.295084
-11.493910000000001,-167.063,7.0,50.66881,0.14191070000000003
8.053249000000001,-138.3786,7.0,34.503209999999996,-1.162692
4.961885,-120.0189,7.0,26.766370000000002,0.4957108
-5.565485,-100.2962,7.0,34.98021,0.9107893
-2.98576,-68.22225999999999,7.0,52.44801,1.24055
-0.7084210999999999,-23.5274,7.0,67.86939,0.9280596999999999
-3.6232699999999998,23.33445,7.0,52.7711,-2.785915
-20.42621,42.05587,7.0,29.050790000000003,0.2155333
-46.35464,40.637859999999996,7.0,39.79872,0.3615784
-77.69839,40.40977,7.0,44.63248,0.336421
-112.4613,41.32144,7.0,49.15105,0.3162815
-143.7371,34.0451,7.0,31.08695,-1.085688
-146.1391,13.53905,7.0,30.9565,0.38254429999999995
-145.1274,-11.417710000000001,7.0,36.28618,0.38589309999999993
-146.9544,-40.04244,8.0,40.69895,-0.1259265
-164.3979,-58.99439,8.0,26.612370000000002,-2.299815
-166.0729,-73.85750999999999,8.0,25.14027,0.5498964
-147.2651,-78.29342,8.0,29.74832,0.42791179999999995
-124.4798,-80.89413,8.0,33.08885,0.21151869999999998
-111.0177,-101.9642,8.0,36.216609999999996,0.20991639999999998
-120.305,-126.3851,8.0,37.45753,0.10603210000000002
-143.6794,-130.0588,8.0,19.56567,-2.843323
-145.8434,-126.9324,8.0,5.258724,1.350164
-142.0432,-121.7428,8.0,12.257769999999999,0.25292939999999997
-144.5118,-110.95700000000001,8.0,18.44197,0.2310089
-156.961,-102.3552,8.0,23.21653,0.13616170000000002
-167.7849,-113.6715,8.0,25.07414,0.348884
-166.604,-134.2781,8.0,30.536559999999998,0.34941700000000003
-170.4465,-158.5041,8.0,35.755140000000004,0.18424129999999997
-170.0418,-186.8145,8.0,40.57764,0.3591472
-168.8588,-218.6155,8.0,45.34507,0.3258337
-161.0635,-250.6093,8.0,40.51786,-1.1350850000000001
-137.8056,-253.9441,8.0,28.353590000000004,-0.7101803000000001
-127.2068,-235.8254,8.0,31.75637,0.152605
-127.3912,-210.4231,8.0,36.9125,0.3610797
-122.7766,-183.6082,8.0,29.6459,-3.356482
-110.9519,-181.614,8.0,16.78565,0.4234168
-107.1264,-195.2169,8.0,22.44505,0.4481877
-106.5418,-214.0438,8.0,28.36335,0.4482276
-105.7555,-237.1917,8.0,33.89873,0.3879838
-98.00336999999999,-262.2227,8.0,37.43003,0.13723670000000002
-72.97268000000001,-272.6851,8.0,38.48005,-0.04836871
-50.98115,-255.6472,8.0,39.56244,0.04755179
-46.62227,-225.5918,8.0,43.46969,0.1720767
-37.63565,-194.1213,8.0,45.37527,0.06659931
-12.970130000000001,-169.2595,8.0,49.48583,0.3227949
7.520538,-139.44799999999998,8.0,42.823840000000004,-1.377621
1.826974,-114.6761,8.0,36.08818,0.5741453000000001
-6.143197,-88.36836,8.0,39.779759999999996,0.1630728
-1.776298,-57.476530000000004,8.0,44.48825,0.33505100000000004
-1.442077,-22.78708,8.0,48.97818,0.3526347
-2.597716,15.23559,8.0,53.027530000000006,-0.1841285
-17.36295,41.56452,8.0,29.50325,-1.175178
-26.26408,40.92223,8.0,5.144622,0.25972510000000004
-30.16535,36.9616,8.0,11.599160000000001,0.455458
-38.72678,43.1506,8.0,17.98199,0.44992479999999996
-47.9169,48.58155,8.0,2.6109709999999997,-1.298399
-48.01684,48.58698,8.0,0.02521734,-0.03636095
-48.44126,46.76661,8.0,4.710262,0.1490279
-47.266220000000004,43.391940000000005,8.0,3.142773,-1.034306
-48.73467,44.48206,8.0,7.268447,0.34819570000000005
-57.04628,46.35856,8.0,16.08905,0.6113853
-72.01312,44.660709999999995,8.0,24.39953,0.581849
-92.84781,42.144740000000006,8.0,32.1706,0.2786294
-119.3123,44.2415,8.0,39.30395,0.4126518
-143.0314,31.08258,8.0,38.51072,-0.1390429
-144.4691,0.5931065,8.0,45.62747,0.5943038
-141.8954,-33.3855,9.0,3.176684,-0.06704608
-142.1791,-35.43935,9.0,3.278231,0.9717848
-144.4043,-42.578559999999996,9.0,14.59405,-0.22136479999999997
-150.2163,-50.22448,9.0,11.69392,-0.2000484
-159.1624,-53.62279,9.0,13.789220000000002,-0.2196545
-166.2677,-58.732890000000005,9.0,10.69468,-0.10499180000000001
-165.1897,-67.58946999999999,9.0,18.10439,0.9306716
-152.5182,-73.67146,9.0,18.08877,-0.2749687
-140.3798,-72.79608,9.0,14.739189999999999,-0.1619568
-125.5438,-76.49651,9.0,25.26379,0.08798795
-111.5032,-89.12984,9.0,26.22302,0.06453867
-107.2461,-107.266,9.0,22.98076,-1.7831599999999999
-109.4743,-117.2754,9.0,11.309510000000001,-0.17338800000000001
-114.46,-127.2328,9.0,21.4423,0.092407
-127.03299999999999,-134.9239,9.0,18.298779999999997,-0.3058504
-138.64,-132.0252,9.0,15.633820000000002,0.07854021
-145.9505,-118.9257,9.0,25.37908,0.5693012
-153.0158,-101.7821,9.0,17.63006,-0.7202849
-162.7217,-101.0031,9.0,12.29893,-0.14313470000000003
-167.1799,-112.9874,9.0,24.93206,1.073851
-168.6536,-136.6789,9.0,38.72276,0.9116002000000001
-168.5904,-168.5677,9.0,45.71849,0.3481298
-165.1211,-203.1855,9.0,45.97835,-0.6251628
-162.8757,-233.8127,9.0,35.02233,-0.978656
-157.2277,-253.0962,9.0,23.87009,-0.39677740000000006
-143.6514,-260.3834,9.0,18.671770000000002,-0.22776390000000002
-131.5631,-253.09900000000002,9.0,25.10354,1.186123
-124.9054,-230.4832,9.0,36.85674,0.5177772
-128.1247,-204.6701,9.0,28.27202,-1.7213759999999998
-128.2561,-190.5637,9.0,14.662420000000001,-0.22306910000000002
-122.6208,-182.4159,9.0,16.12989,0.3304361
-109.4214,-183.8262,9.0,17.64344,-0.1647342
-103.0543,-193.3089,9.0,17.20402,0.5655140999999999
-102.9108,-211.6634,9.0,31.74437,0.6791356
-105.8825,-237.94,9.0,37.569959999999995,-0.39532940000000005
-100.9832,-263.7356,9.0,34.26316,-0.19535450000000001
-79.6589,-273.1283,9.0,32.81112,-0.06636167
-57.8336,-264.3367,9.0,31.835820000000002,0.1222728
-48.70353,-241.6595,9.0,35.07882,0.1469906
-44.553909999999995,-215.0317,9.0,36.62484,-0.09010357
-38.78201,-189.783,9.0,32.88049,-0.394262
-25.38824,-172.2143,9.0,26.97454,-0.1980208
-10.69384,-161.5961,9.0,22.184739999999998,-0.3004902
2.075027,-153.158,9.0,18.76964,-0.13397979999999998
11.4772,-143.0026,9.0,21.44826,0.2501923
9.106776,-125.9888,9.0,27.140309999999996,0.4367899
-4.057511,-109.3131,9.0,29.61001,-0.009371456
-10.16199,-88.07081,9.0,30.250870000000003,0.05246114
-10.78915,-64.59335,9.0,33.844429999999996,0.13030830000000002
-6.9344850000000005,-39.031459999999996,9.0,35.64423,0.09165482
-2.538666,-12.595130000000001,9.0,36.66962,0.07215105
-3.2775190000000003,11.90039,9.0,27.225340000000003,-0.7753813
-7.786142,28.24584,9.0,19.53199,-0.15154479999999998
-18.6354,40.31593,9.0,26.8132,0.5277069999999999
-40.314640000000004,45.208059999999996,9.0,33.696059999999996,0.5023326
-67.89158,43.93625,9.0,40.85519,0.2473714
-100.8139,43.35402,9.0,47.62989,0.4585001
-133.9122,39.1021,9.0,35.16656,-0.37430890000000006
-147.2498,19.908279999999998,9.0,34.61643,0.27703740000000004
-141.6035,-7.632142999999999,9.0,41.17422,0.2052511
-143.7167,-34.38912,10.0,21.74653,-2.088273
-148.2691,-46.659259999999996,10.0,20.093,0.5322751
-159.2496,-54.912240000000004,10.0,16.9868,-0.2581041
-167.0688,-62.05576,10.0,13.01355,0.09773657
-161.4774,-71.9547,10.0,18.33001,-0.4242844
-148.2445,-72.57545,10.0,18.760720000000003,0.108332
-135.0568,-73.58337,10.0,19.66444,1.180582
-118.0152,-81.28339,10.0,29.14252,0.47284620000000005
-107.2303,-101.6961,10.0,34.83847,0.19190279999999998
-113.7562,-125.7927,10.0,26.99125,-1.612284
-128.528,-133.6821,10.0,20.45747,-0.3562828
-140.9363,-129.5264,10.0,18.27652,0.6290765
-146.3516,-114.0717,10.0,24.85742,-0.3818196
-150.7819,-104.1229,10.0,3.9563129999999997,-0.148097
-156.2473,-100.7111,10.0,13.07633,0.5033383
-165.9617,-105.95700000000001,10.0,19.28269,0.42372380000000004
-168.0708,-122.6256,10.0,26.291220000000003,0.5333664
-168.9014,-144.7103,10.0,33.86547,0.4141194
-168.2964,-171.021,10.0,37.58826,0.12488969999999999
-166.1164,-199.8347,10.0,40.08709,-0.06998436
-164.1209,-226.5593,10.0,32.333659999999995,-0.2540343
-161.295,-247.6085,10.0,25.23095,-0.5533071999999999
-149.5287,-258.6586,10.0,21.89176,0.5195433
-133.4312,-255.3635,10.0,23.8063,0.1258841
-125.5791,-238.145,10.0,27.558059999999998,0.22996399999999997
-125.9995,-216.7214,10.0,30.59405,0.10965889999999999
-127.8611,-197.503,10.0,17.76711,-0.3008437
-126.8294,-186.105,10.0,13.249989999999999,-0.3616081
-118.6307,-181.8828,10.0,15.662420000000001,0.49248690000000006
-106.4739,-185.8757,10.0,17.917839999999998,-0.12304589999999999
-103.041,-198.9109,10.0,19.919220000000003,0.08956283
-103.9876,-214.5576,10.0,21.79265,0.01546209
-105.2388,-231.1022,10.0,24.9654,0.25132350000000003
-105.7678,-251.8731,10.0,29.927229999999998,0.02008788
-95.08405,-270.0368,10.0,31.01405,0.7140104
-69.68571,-270.8683,10.0,38.03671,0.3341261
-50.6801,-252.0406,10.0,38.52002,0.1966901
-46.27663,-221.5002,10.0,43.73183,0.3138982
-39.2709,-192.0884,10.0,36.48138,-0.31442459999999994
-25.42288,-172.7646,10.0,28.66338,-0.45505290000000004
-10.413110000000001,-161.7468,10.0,18.10695,-1.9861330000000001
-1.758745,-155.7306,10.0,17.45834,1.099942
9.483089999999999,-146.5258,10.0,19.07273,-0.07387749
12.30294,-130.7759,10.0,26.86236,0.2699239
-1.8439189999999999,-114.1862,10.0,32.36759,0.3446608
-9.734267,-90.17368,10.0,33.4935,-0.2912772
-9.945925,-66.3525,10.0,34.23675,0.22842670000000004
-6.955914,-38.7824,10.0,40.55447,0.4302241
-2.179801,-6.869628,10.0,46.33883,0.37560140000000003
-6.792236999999999,27.63735,10.0,44.94242,-0.8350046999999998
-32.37392,44.35132,10.0,44.2296,0.32663400000000004
-66.87988,44.18077,10.0,49.23067,0.1855126
-105.211,42.33842,10.0,54.393130000000006,0.07210153
-138.2622,36.65927,10.0,39.29818,-0.02608993
-147.8657,13.01529,10.0,37.12831,0.321837
-141.3507,-15.693489999999999,10.0,42.3081,0.1548764
-147.2089,-41.99796,11.0,34.3494,0.41839679999999996
-165.5909,-61.113569999999996,11.0,37.33336,-1.33426
-166.8868,-79.47697,11.0,19.86574,-0.10675309999999999
-154.2234,-74.36608000000001,11.0,23.26371,0.24022310000000002
-137.082,-71.14714000000001,11.0,27.684409999999996,0.41393040000000003
-118.3742,-83.91694,11.0,31.63035,-0.3681056
-108.9157,-104.6382,11.0,34.00832,0.1562208
-117.8347,-126.9356,11.0,28.361390000000004,-0.5538684
-136.6557,-131.6371,11.0,30.09576,0.3129789
-144.8188,-111.3711,11.0,31.9667,-1.580699
-150.3195,-101.6151,11.0,13.64205,1.124026
-163.6953,-104.3113,11.0,23.49879,0.11710899999999999
-166.297,-122.8439,11.0,29.02536,0.4801907999999999
-167.4862,-146.7192,11.0,35.52425,0.4643572
-167.5333,-175.1642,11.0,41.52748,0.4331148
-164.4408,-208.005,11.0,47.34538,0.1951596
-161.5727,-241.8347,11.0,39.50223,-0.6899409000000001
-147.8044,-259.1653,11.0,29.256459999999997,0.32015240000000006
-129.4479,-251.1875,11.0,30.16538,0.34840820000000006
-125.2272,-226.8999,11.0,36.25399,0.43275649999999993
-127.9599,-199.1111,11.0,34.81174,-0.3743377
-118.3507,-179.8672,11.0,26.833109999999998,-0.1959296
-107.0051,-190.5313,11.0,25.28473,0.47482520000000006
-106.1886,-211.5948,11.0,31.786179999999998,0.4854465
-106.9971,-237.2501,11.0,37.86929,0.218712
-99.79436,-265.2694,11.0,41.067479999999996,-0.12908499999999998
-72.38828000000001,-271.37,11.0,41.09325,0.3319605
-50.17755,-252.6828,11.0,41.41325,0.3010297
-44.62068,-220.3263,11.0,47.056259999999995,0.44901899999999995
-35.30165,-185.1576,11.0,51.26305,0.18839360000000002
-9.622909,-162.172,11.0,37.92275,-1.518712
8.850319,-146.6965,11.0,28.73387,-0.3017243
10.73071,-129.0728,11.0,23.974420000000002,0.4326876
-1.1581629999999998,-112.8986,11.0,30.45535,0.4084578
-8.889650999999999,-89.61774,11.0,36.39718,0.4285143
-9.819063,-60.57148000000001,11.0,42.27308,0.20133370000000003
-4.19739,-27.52918,11.0,47.99256,0.20348470000000002
-2.612361,9.819794,11.0,52.80478000000001,0.27480920000000003
-19.20491,41.68333,11.0,46.94569,-0.1729362
-53.293659999999996,43.76797,11.0,48.85348,0.3860746
-91.40231,41.72359,11.0,54.20004,0.1706862
-130.5276,38.986940000000004,11.0,45.21634,-1.6741990000000002
-150.0703,17.453329999999998,11.0,40.28003,-0.13442010000000001
-142.6892,-12.70204,11.0,44.27623,0.31549309999999997
-146.4018,-43.75148,12.0,35.49808,-1.4252479999999998
-164.1035,-55.1167,12.0,28.695759999999996,-0.20302160000000002
-164.4511,-70.93605,12.0,23.8523,0.03250236
-145.4486,-71.10989000000001,12.0,29.143,0.4560392
-122.8384,-77.6697,12.0,34.93945,0.3877866
-107.094,-99.18894,12.0,38.82338,0.1934448
-113.8733,-122.5034,12.0,27.424690000000002,-0.7299669
-130.5352,-132.6694,12.0,23.91473,-0.2570046
-144.7457,-126.073,12.0,24.50836,0.29011190000000003
-148.7056,-106.3908,12.0,27.30432,-0.5640105
-162.7184,-101.6309,12.0,19.74788,0.15728440000000002
-167.6732,-117.2886,12.0,29.27999,0.5414300999999999
-168.09799999999998,-143.3686,12.0,38.46414,0.21096579999999998
-167.5776,-173.8472,12.0,44.17373,0.42596709999999993
-165.3915,-208.7638,12.0,49.82972,0.2017682
-162.0487,-244.9743,12.0,44.406929999999996,-0.8210354999999999
-142.4328,-258.1026,12.0,27.432609999999997,-0.41102209999999995
-129.3499,-241.9522,12.0,31.45532,0.7258821
-125.5386,-216.6968,12.0,37.50159,0.37676659999999995
-128.3336,-190.5862,12.0,33.17017,-0.2091779
-111.9228,-180.61700000000002,12.0,26.710929999999998,-0.44894140000000005
-108.4838,-197.0744,12.0,27.04924,0.2484163
-110.2692,-219.2144,12.0,33.41005,0.475826
-107.3908,-246.2374,12.0,39.69792,0.20902880000000001
-91.83065,-270.4921,12.0,39.63281,-0.24772310000000003
-62.3592,-267.5759,12.0,42.80784,0.1420652
-45.38493,-245.3112,12.0,35.71304,-0.30382909999999996
-53.892990000000005,-224.0362,12.0,23.35612,-2.689611
-53.06541,-216.6765,12.0,5.58252,0.01570872
-53.29225,-215.0768,12.0,2.329151,0.6876496999999999
-50.102579999999996,-218.56799999999998,12.0,10.519,0.4829147
-42.757690000000004,-213.4556,12.0,15.39954,-0.2993913
-41.7019,-203.3942,12.0,14.00944,0.9268002000000001
-39.33336,-189.1682,12.0,23.457160000000002,0.4999809
-28.09222,-173.0499,12.0,29.96665,0.4697878
-7.605967999999999,-159.6079,12.0,36.367470000000004,0.47859399999999996
11.204989999999999,-140.4946,12.0,33.51001,-0.5983708999999999
5.863239,-120.0492,12.0,32.2021,1.029636
-8.283155,-93.75745,12.0,47.91814,0.9785292999999999
-9.073887,-55.22388,12.0,54.759280000000004,0.1614575
-2.604246,-13.37261,12.0,59.570409999999995,0.3346447
-6.252837,24.304270000000002,12.0,32.89553,-1.33251
-22.75524,42.88608,12.0,36.730740000000004,0.2111214
-51.02598,44.60394,12.0,41.31653,0.4306313
-83.73456999999999,44.41075,12.0,47.02185,0.39207929999999996
-120.1761,40.75796,12.0,49.80141,-0.4015459
-151.339,27.685029999999998,12.0,43.89301,-0.29212990000000005
-153.2324,12.87275,12.0,6.446371,-1.542152
-151.6074,12.70818,12.0,7.269617,0.5611459
-146.7422,6.766103,12.0,14.929329999999998,0.2675782
-145.7573,-7.1105789999999995,12.0,22.38898,0.5163371
-142.3295,-26.01845,12.0,29.39623,0.4787835999999999
-142.2797,-36.13434,13.0,8.533883,0.5598571999999999
-145.8499,-44.61213,13.0,16.36061,0.5547866
-157.6732,-53.18467,13.0,23.49256,0.49779090000000004
-167.2243,-66.84976,13.0,21.15631,-0.5917884
-158.213,-75.97876,13.0,18.36944,0.39996090000000006
-143.3879,-73.34385999999999,13.0,20.29554,-0.3884433
-128.7411,-73.2754,13.0,23.14477,0.2362058
-112.8538,-83.95306,13.0,29.23582,0.43581859999999994
-106.8311,-106.2756,13.0,34.32176,0.14061379999999998
-120.965,-128.1939,13.0,38.16152,0.12408039999999998
-143.9962,-128.8274,13.0,22.01794,-1.522119
-143.8047,-122.7165,13.0,7.261564999999999,0.301277
-138.2872,-122.2766,13.0,1.5013459999999998,0.6741102
-142.2823,-123.6351,13.0,9.372096,0.197487
-145.5307,-128.6348,13.0,4.0292959999999995,-0.4230894
-145.3492,-127.8067,13.0,5.849172,0.33265690000000003
-141.8948,-121.0296,13.0,14.530520000000001,0.2997247
-141.1725,-108.0086,13.0,21.76578,0.48634350000000004
-154.9546,-97.7769,13.0,26.42212,0.08664362
-166.6941,-109.04,13.0,25.67114,1.179942
-167.799,-131.0748,13.0,33.3246,0.2345649
-167.5878,-158.4175,13.0,40.10249,0.48297929999999994
-167.9788,-190.4953,13.0,46.486959999999996,0.46062299999999995
-167.9862,-227.1656,13.0,52.36902,0.1636805
-151.8571,-255.968,13.0,43.02518,-0.4276202
-128.5507,-249.3775,13.0,29.081459999999996,0.1652099
-128.311,-224.8798,13.0,38.60665,0.7062742
-127.7022,-195.0879,13.0,33.88596,-2.163721
-121.9635,-182.7798,13.0,14.11842,-0.04477942
-110.2335,-184.24200000000002,13.0,21.11903,0.3968966
-104.7762,-201.0017,13.0,27.75631,0.50725
-107.3147,-223.9892,13.0,34.768229999999996,0.4892722
-104.1886,-251.3077,13.0,40.26433,0.4137817
-82.50372,-271.9743,13.0,42.63503,-0.01016638
-54.711009999999995,-261.491,13.0,42.50647,-0.006593887
-48.82083,-230.1272,13.0,46.3791,0.4606262
-42.10192,-198.4786,13.0,42.37928,0.18045550000000002
-21.05261,-172.7471,13.0,48.01634,0.4462465
4.103798,-144.7513,13.0,51.04206,-0.3563241
5.56799,-113.5507,13.0,37.32175,-1.372649
-8.943106,-96.31130999999999,13.0,27.71462,0.1611278
-6.323873000000001,-72.46873000000001,13.0,36.0622,0.5091623
-5.446178,-43.288759999999996,13.0,42.65341,0.2204675
-4.088673,-9.370205,13.0,48.85382,0.2101449
-7.282433999999999,27.52148,13.0,46.47387,-1.489994
-27.730320000000003,41.61497,13.0,26.221,-0.8851575999999999
-34.81525,32.91907,13.0,13.99722,0.01101992
-35.124109999999995,32.5891,13.0,0.06467975,-0.01544283
-35.16985,32.59473,13.0,0.05695796,-0.02368269
-34.37028,35.26631,13.0,7.939788,0.5314969
-32.6711,42.563629999999996,13.0,7.935042999999999,-0.4052624
-32.27066,44.66746,13.0,1.754432,0.6148169
-35.13155,41.6167,13.0,9.849666000000001,0.5603001
-44.79871,43.14897,13.0,17.20349,0.4937195
-59.89291,45.3278,13.0,23.99248,0.49196090000000003
-79.8919,42.691590000000005,13.0,30.483990000000002,0.44251940000000006
-104.6593,42.800090000000004,13.0,36.41878,0.44413729999999996
-132.6834,38.191520000000004,13.0,40.067609999999995,-0.3487717
-147.8114,15.70549,13.0,38.86654,0.16194779999999998
-145.1871,-14.86104,13.0,44.17552,0.174479
-148.1008,-47.54052,14.0,39.97534,-0.93322
-163.2021,-64.13998000000001,14.0,23.99159,-1.048645
-152.0641,-75.59004,14.0,26.685240000000004,0.3942717
-130.192,-76.98586,14.0,32.206790000000005,0.2291801
-111.8427,-93.65674,14.0,36.20734,0.20282579999999997
-114.0629,-120.0951,14.0,38.4578,0.1683471
-137.6477,-131.6806,14.0,31.40578,-0.8084602
-145.987,-120.8056,14.0,7.128286,-1.209393
-146.3419,-119.4317,14.0,1.937213,-0.007163246999999999
-147.1832,-118.3738,14.0,1.606365,-0.09273555
-148.1839,-117.6046,14.0,3.14823,0.22358240000000001
-150.8804,-117.4464,14.0,1.7347869999999999,-0.36029829999999996
-148.9438,-116.3566,14.0,7.485155000000001,0.3247853
-144.6574,-109.1344,14.0,15.66461,0.27323959999999997
-151.398,-97.771,14.0,22.095029999999998,0.19011689999999998
-166.356,-103.4321,14.0,25.9329,0.31194879999999997
-166.6747,-124.3948,14.0,32.10463,0.5026278000000001
-166.7034,-150.6966,14.0,38.984390000000005,0.4970126
-166.8915,-182.0319,14.0,45.51856,0.4660805
-167.0934,-218.0108,14.0,51.62175,0.44555059999999996
-157.0803,-250.6171,14.0,37.21175,-1.00839
-141.8959,-253.2309,14.0,7.661646000000001,-1.4964790000000001
-141.4116,-250.1243,14.0,2.764596,-0.1569006
-138.3829,-248.0476,14.0,8.790398,0.7789344
-129.6787,-250.952,14.0,14.40976,-0.1358934
-121.6559,-249.4652,14.0,9.809191,-0.3031402
-122.5212,-240.0077,14.0,17.79495,0.5814646
-125.9231,-224.2916,14.0,25.57613,0.5524518
-127.5941,-202.6869,14.0,32.894729999999996,0.2609578
-120.4842,-180.4561,14.0,30.35878,-0.42535730000000005
-105.8488,-186.5188,14.0,25.574279999999998,0.5643536
-106.9095,-212.3383,14.0,45.03005,1.468342
-103.5004,-251.3744,14.0,56.97441,-1.189632
-76.41953000000001,-272.3765,14.0,45.554140000000004,0.46240790000000004
-49.782540000000004,-256.0278,14.0,43.27422,-0.05338009999999999
-49.48202,-223.1494,14.0,47.11414,0.1100452
-35.583009999999994,-190.3559,14.0,51.07685,0.3658185
-7.52941,-162.2116,14.0,56.522259999999996,0.3791119
10.06048,-129.5382,14.0,37.608540000000005,-1.3086950000000002
-0.6373453,-111.5839,14.0,25.9404,0.7982486
-5.8951199999999995,-90.17348,14.0,33.47934,0.5040584
-3.841096,-62.91755,14.0,40.333220000000004,0.48224340000000004
-2.3402950000000002,-30.621959999999998,14.0,46.782270000000004,0.4665815
-2.918711,6.271976,14.0,52.77415,0.1952669
-15.620829999999998,38.656040000000004,14.0,43.90044,-0.3217377
-47.28017,41.061609999999995,14.0,46.13755,0.2028469
-83.82345,40.20377,14.0,52.19157,0.4224277
-123.5476,41.46632,14.0,49.502990000000004,-0.8522401
-145.0275,27.174259999999997,14.0,22.94354,-2.5447029999999997
-144.17600000000002,22.31099,14.0,4.176404,0.6439812
-141.5208,25.1128,14.0,4.369079,-0.3811941
-142.2921,24.02582,14.0,6.5927039999999995,0.2410766
-147.8573,21.466929999999998,14.0,7.756098,-1.478939
-149.3105,21.91145,14.0,2.896974,0.3602088
-144.9525,18.49561,14.0,11.99773,0.6156313
-140.9499,7.429852,14.0,20.27099,0.592283
-141.4025,-10.529580000000001,14.0,28.215729999999997,0.2833462
-141.7843,-34.26835,1.0,5.803446,0.7200546
-142.1077,-40.07334,1.0,12.10688,0.34111640000000004
-147.3423,-50.7798,1.0,20.62859,0.5671982
-161.5385,-61.88993000000001,1.0,27.526320000000002,0.04876417
-154.9582,-76.84476,1.0,24.36572,-0.25267870000000003
-139.4013,-68.26377,1.0,14.77861,-19.56693
-135.8687,-68.27795,1.0,0.02444535,-4.087815e-05
-135.85,-68.28076999999999,1.0,0.02560391,0.0005830165000000001
-135.832,-68.28314,1.0,0.01998339,-0.03255492
-135.9972,-68.95644,1.0,3.9488,0.4224204000000001
-135.8109,-72.27184,1.0,4.46264,-0.02073457
-135.8971,-75.23803000000001,1.0,3.614866,-0.04898141
-136.7792,-76.43602,1.0,1.9996509999999998,0.6884824
-132.2374,-74.93224000000001,1.0,11.006680000000001,0.6415251000000001
-121.6778,-78.21934,1.0,18.94835,0.4765667
-113.2594,-92.73889,1.0,26.62908,0.5762355
-111.3237,-114.3673,1.0,32.87075,0.3863764
-128.5243,-132.6874,1.0,36.70752,-0.3846699
-146.5602,-124.7066,1.0,22.3001,-0.06303123
-138.4897,-111.1089,1.0,15.99257,-1.7460200000000001
-138.4578,-108.7166,1.0,0.02506812,0.008802599
-138.4586,-108.7341,1.0,0.02132978,0.04412141
-139.3993,-108.3789,1.0,5.482316,0.6122057
-144.6558,-109.4952,1.0,7.878063,-0.05935379
-145.3743,-110.2181,1.0,4.21585,0.6549215
-144.6203,-104.07,1.0,12.730260000000001,0.2951156
-152.9915,-96.00441,1.0,18.34818,-0.41970219999999997
-163.5115,-99.45104,1.0,13.82213,0.1463458
-166.8445,-114.3437,1.0,28.2808,0.9553007
-169.9604,-138.9078,1.0,37.586059999999996,0.16629059999999998
-163.1377,-166.5866,1.0,35.605129999999996,-0.6174386
-167.5441,-190.0004,1.0,30.543259999999997,0.33519970000000004
-166.9538,-218.0531,1.0,39.29225,-0.5676794
-163.4678,-243.8307,1.0,30.434420000000003,-0.4388833
-146.0668,-250.9134,1.0,27.795890000000004,0.6103373000000001
-124.9817,-243.2384,1.0,31.14974,-1.273785
-126.8963,-227.2245,1.0,24.90615,0.5508319
-127.5469,-212.0377,1.0,22.57444,-0.1961351
-123.3567,-198.9209,1.0,18.0353,0.1566344
-123.7039,-187.0255,1.0,14.43162,-0.1057038
-112.3523,-186.0835,1.0,18.73901,-0.4737355
-110.2806,-197.511,1.0,14.31604,-0.09046391
-109.9163,-208.7135,1.0,18.482670000000002,0.5771805999999999
-108.26899999999999,-225.253,1.0,26.31314,0.5433604999999999
-105.1066,-247.2278,1.0,33.51056,0.4520366
-89.78161,-268.2049,1.0,38.096470000000004,0.1012969
-62.43139,-266.649,1.0,39.4958,-0.001533925
-51.97226,-240.3788,1.0,41.34747,0.495497
-44.57408,-209.0151,1.0,46.510040000000004,0.4146316
-22.84479,-179.9966,1.0,51.95012,0.4391394
2.321448,-148.1982,1.0,57.47244,0.1784914
11.51902,-112.5767,1.0,29.85983,-6.046239
10.01877,-104.3715,1.0,1.0938430000000001,-0.19931970000000002
9.770531,-104.2515,1.0,0.5170340999999999,0.4614433
12.27755,-105.9319,1.0,6.981133,0.3410189
17.66116,-107.1573,1.0,4.938395,-0.7303775
17.74255,-107.1586,1.0,4.433102,0.5893501999999999
11.744480000000001,-109.5661,1.0,12.93464,0.6024391
1.357161,-110.2002,1.0,17.21988,0.1286628
1.071017,-95.56754000000001,1.0,23.82837,0.220002
-3.088966,-76.2171,1.0,30.44135,0.4633197
-5.670547,-51.40054,1.0,37.07035,0.4836805
-6.424706,-21.54834,1.0,43.51852,0.45432740000000005
-6.5648979999999995,12.95249,1.0,49.52163,0.203396
-15.155679999999998,41.862140000000004,1.0,26.814529999999998,-3.783034
-25.1526,41.24585,1.0,15.73947,0.2701507
-38.56227,37.961940000000006,1.0,22.75885,0.2593463
-57.98036,39.83833,1.0,29.96054,0.5071974
-82.76773,39.58194,1.0,36.85733,0.4765213
-112.4634,40.34944,1.0,43.29701,0.23896729999999997
-140.9179,35.72034,1.0,30.48684,-1.815146
-142.0693,24.39776,1.0,8.416378,-0.5215356
-137.7515,24.26858,1.0,0.07827395,-0.02507938
-137.7518,24.22283,1.0,0.05247619,-0.03533288
-138.5729,24.4537,1.0,4.580014,0.5937465000000001
-144.3102,24.17935,1.0,10.33372,0.2880658
-150.589,25.249470000000002,1.0,4.08204,-0.7198814
-150.2864,25.014770000000002,1.0,4.815414,0.6087668
-147.0921,19.5722,1.0,12.71284,0.5092460999999999
-151.2179,8.543486,1.0,19.52311,0.3743462
-149.1806,-7.518014999999999,1.0,25.547179999999997,0.23744679999999999
-146.0941,-28.61335,1.0,31.973909999999997,0.22336199999999998
-154.7183,-49.868140000000004,2.0,32.284859999999995,0.22714949999999998
-166.6285,-66.82087,2.0,26.32021,-0.9524043
-156.7026,-71.5694,2.0,9.088139,-0.3555223
-155.7135,-68.52713,2.0,0.05870549,0.05731428
-155.6782,-68.52818,2.0,0.04031219,0.02930225
-156.1315,-70.53307,2.0,5.256511,0.11456969999999998
-156.6381,-74.21216,2.0,4.717564,-0.01882399
-156.4888,-74.51089,2.0,4.606258,0.341493
-150.1256,-72.91589,2.0,13.631789999999999,0.3064524
-139.4242,-80.23943,2.0,21.2826,-0.4234529
-125.8048,-83.79939,2.0,17.43665,-0.18805270000000002
-114.2315,-94.38846,2.0,28.601779999999998,0.7523956999999999
-113.3566,-116.1063,2.0,31.39263,0.23500410000000002
-131.452,-130.5665,2.0,32.145920000000004,-0.3337246
-145.4416,-121.9056,2.0,20.16911,-0.07481261
-138.9316,-107.6098,2.0,19.71235,-0.47516679999999994
-150.6116,-101.5442,2.0,21.396060000000002,0.07272402
-160.9837,-109.1547,2.0,16.66561,-0.182562
-162.4025,-121.5453,2.0,18.13839,0.2810123
-165.3394,-137.4447,2.0,26.116870000000002,0.5780234000000001
-165.2593,-159.7015,2.0,33.86959,0.5410206
-165.5954,-187.6028,2.0,41.15953,0.5074145
-165.9041,-220.6226,2.0,47.97003,0.5024407
-159.8536,-247.7834,2.0,22.13177,-0.4757373
-142.889,-252.018,2.0,27.97307,0.2807415
-125.31299999999999,-242.5578,2.0,26.8968,-1.298343
-127.4639,-223.1019,2.0,31.583920000000003,0.6568999
-126.4937,-197.2773,2.0,37.86224,-0.283152
-121.1369,-184.1941,2.0,10.281410000000001,0.654366
-112.0903,-188.2162,2.0,17.888170000000002,0.2754056
-110.0316,-204.2272,2.0,25.91827,0.6008453
-107.8221,-226.2125,2.0,33.647940000000006,0.2559241
-101.4452,-253.0107,2.0,40.48393,0.1868161
-78.56493,-270.8522,2.0,40.4049,-0.3208643
-52.994780000000006,-256.3953,2.0,42.21163,0.1304289
-49.5075,-225.3381,2.0,45.3863,0.19523239999999997
-37.79267,-192.7165,2.0,49.58429,0.3749119
-11.084589999999999,-164.2795,2.0,55.67776,0.19656189999999998
8.765431,-132.7256,2.0,32.73735,-1.671859
2.128434,-119.5456,2.0,21.34158,0.292163
-6.2210540000000005,-103.5754,2.0,28.44473,0.524044
-6.633331,-79.71335,2.0,35.97873,0.5355595999999999
-6.7874550000000005,-50.40696,2.0,43.09053,0.2599298
-7.154109,-15.93714,2.0,49.80822,0.2232172
-7.601333,23.17442,2.0,52.37082,-2.005087
-21.551479999999998,45.733579999999996,2.0,21.09444,-2.6879939999999998
-25.74775,45.14248,2.0,4.316219,0.6695230999999999
-28.49622,40.10184,2.0,12.768419999999999,0.5972095000000001
-40.0135,43.577529999999996,2.0,20.91461,0.5898634
-57.44602,45.78349,2.0,28.01411,0.5905501
-80.85584,42.34471,2.0,35.61032,0.523455
-109.8694,41.284859999999995,2.0,42.75562,0.49033279999999996
-142.1117,34.97728,2.0,40.343109999999996,-1.973711
-150.1437,19.51235,2.0,8.534533999999999,-1.303618
-147.2021,19.43603,2.0,7.930221,0.3104044
-143.2705,12.41901,2.0,16.1429,0.5593146999999999
-150.3319,-0.46470209999999995,2.0,23.6383,0.3579203
-147.1028,-19.118479999999998,2.0,29.63162,0.5024995
-142.263,-36.16517,3.0,12.150139999999999,0.3802576
-145.0546,-44.32577,3.0,11.57131,0.23440909999999998
-153.619,-52.31475,3.0,16.684620000000002,-0.3131203
-164.1171,-55.6455,3.0,13.157729999999999,-0.145315
-166.2287,-63.1123,3.0,9.873872,-0.1629119
-161.0289,-70.45891999999999,3.0,16.47928,0.5515685
-146.4965,-71.80328,3.0,24.06919,0.5240948000000001
-126.8455,-76.9395,3.0,29.1751,-0.23336550000000003
-112.2626,-89.42090999999999,3.0,23.65935,-0.2030824
-107.9682,-107.9691,3.0,27.95598,-0.43275749999999996
-114.2581,-125.20700000000001,3.0,22.33986,-0.3922001
-127.6986,-133.4117,3.0,24.00618,0.45243140000000004
-142.3198,-126.7653,3.0,25.48787,1.045883
-149.9231,-106.712,3.0,26.703459999999996,-1.4707700000000001
-162.5957,-105.4297,3.0,18.42388,0.4939535
-167.4913,-120.6724,3.0,25.97022,0.5846249
-169.8209,-142.7101,3.0,33.70263,0.5370205
-167.8039,-170.1686,3.0,40.732459999999996,0.23880189999999998
-166.1752,-202.8592,3.0,47.426809999999996,0.22049760000000002
-163.8425,-239.0236,3.0,46.801390000000005,-0.5659594
-148.0752,-259.2507,3.0,28.86805,-1.004905
-131.4744,-248.8554,3.0,30.2372,0.5005371
-125.8374,-226.2432,3.0,34.98894,0.5385509
-127.7549,-199.7495,3.0,34.38673,-0.3203385
-119.7761,-179.4936,3.0,23.94396,-0.3856839
-108.7183,-186.4172,3.0,21.628420000000002,0.48092700000000005
-107.9683,-204.6371,3.0,28.57722,0.5419123
-104.7964,-226.9563,3.0,29.757659999999998,-0.2201336
-106.2051,-248.0704,3.0,32.371,1.416898
-93.80067,-270.1407,3.0,36.55603,-0.08515639
-68.32715,-268.762,3.0,24.41089,-0.7126239999999999
-57.50421,-267.6301,3.0,7.498857000000001,-0.933585
-56.52628000000001,-266.9648,3.0,2.871732,-0.3244577
-57.16319,-267.3614,3.0,0.9420993000000001,0.5399050999999999
-55.07756,-265.028,3.0,6.6958720000000005,0.21059009999999997
-50.458659999999995,-262.2741,3.0,8.096264,0.03560188
-48.219609999999996,-263.6367,3.0,1.641161,0.64257
-49.9839,-259.4959,3.0,10.32648,0.5611201
-48.41236,-249.0331,3.0,18.3859,0.27412
-44.89901,-232.9748,3.0,25.96627,0.5289391
-42.41472,-211.1636,3.0,33.11412,0.5209448
-35.3039,-185.9209,3.0,37.783359999999995,0.3166828
-14.25736,-164.7212,3.0,37.49797,-2.069773
1.331001,-151.6807,3.0,22.14718,-0.1848703
10.92062,-140.9577,3.0,17.16318,-0.1900044
10.80511,-129.9004,3.0,15.49439,0.5681205
2.85195,-118.1601,3.0,23.02909,0.5382353
-6.1214900000000005,-100.765,3.0,30.07643,0.2621491
-10.42483,-76.32635,3.0,36.717079999999996,0.46571239999999997
-8.175559,-46.803999999999995,3.0,43.03883,0.21590949999999998
-3.746889,-13.79606,3.0,43.17181,-0.6419154
-4.144051,10.15235,3.0,16.90182,-2.103614
-4.910864,15.35406,3.0,5.023861,0.5735694
-6.4485410000000005,22.6802,3.0,14.373460000000001,0.3131433
-12.20918,34.86972,3.0,22.140729999999998,0.49894700000000003
-28.56066,44.06398,3.0,29.09627,0.43657070000000003
-52.322959999999995,44.63397,3.0,35.61518,0.25014410000000004
-81.2423,43.86173,3.0,42.34644,0.2305387
-114.6104,41.26993,3.0,45.61108,-0.33646170000000003
-144.3042,33.85243,3.0,37.982490000000006,-0.6625622
-146.8815,11.059330000000001,3.0,33.61395,0.4713103
-145.0121,-14.643889999999999,3.0,38.327040000000004,0.21933930000000001
-145.1263,-44.620290000000004,4.0,38.05506,-1.370206
-158.2182,-54.29126,4.0,18.96718,0.5894139
-168.2132,-61.8026,4.0,19.97636,0.09626009
-156.2988,-72.21766,4.0,25.54551,0.20017000000000001
-135.1417,-74.06792,4.0,31.935879999999997,0.4616036
-114.5111,-88.91545,4.0,37.5791,0.4093691
-110.8679,-115.6005,4.0,37.31007,-0.0032531440000000003
-130.517,-132.8046,4.0,35.01607,-0.4757749
-145.2344,-118.3654,4.0,29.706590000000002,0.2424158
-149.8128,-99.49586,4.0,18.83091,-2.0768299999999997
-161.9537,-102.9601,4.0,21.59181,0.2367734
-167.9213,-120.238,4.0,28.571509999999996,0.26341970000000003
-170.5554,-143.9172,4.0,35.61574,0.4621675
-168.0483,-172.6767,4.0,42.26361,0.4781403
-165.0083,-206.2151,4.0,48.60966,0.4309469
-162.6961,-241.4259,4.0,38.56222,-4.611498
-152.8905,-254.9587,4.0,18.6038,-0.16478589999999999
-137.2878,-257.6804,4.0,24.74824,0.11592260000000001
-127.5763,-241.4589,4.0,29.71361,0.5585769
-126.4224,-217.28,4.0,35.98614,0.5082448
-127.1553,-188.9722,4.0,40.09568,-0.2206884
-106.5056,-177.48,4.0,29.942090000000004,-0.783315
-101.5142,-192.4096,4.0,21.52102,-0.37123259999999997
-114.5722,-199.9847,4.0,11.94403,-0.7205632
-114.5551,-201.5558,4.0,0.001339184,-0.03575446
-114.3163,-201.6183,4.0,2.206591,0.5030916
-110.9629,-201.0018,4.0,6.901437,0.31722480000000003
-109.6805,-198.1864,4.0,0.198973,-0.42915690000000006
-109.3919,-200.7793,4.0,7.156961999999999,0.5018371
-107.8279,-208.5008,4.0,14.04375,0.48565329999999995
-105.6471,-221.16,4.0,20.47516,0.45493019999999995
-105.7141,-238.5753,4.0,26.427979999999998,0.2118847
-102.2313,-259.3962,4.0,31.184520000000003,0.2898182
-82.8664,-272.0284,4.0,33.6972,0.1143052
-58.1211,-264.5781,4.0,37.20623,0.10974660000000001
-49.24957,-239.5031,4.0,38.54557,0.3860095
-45.71541,-209.6648,4.0,42.836420000000004,0.3296022
-30.50948,-180.4571,4.0,46.19036,0.1994464
-5.470388,-158.1316,4.0,38.016009999999994,-2.2450080000000003
8.454985,-144.9757,4.0,19.985529999999997,-0.4394508
12.525789999999999,-133.156,4.0,19.6898,1.087112
2.738811,-118.389,4.0,27.02879,0.4146545
-7.008185000000001,-98.95702,4.0,32.12523,0.269646
-10.57755,-73.58985,4.0,37.21363,0.36789440000000007
-7.586833,-44.42525,4.0,41.9941,0.3565107
-2.0871619999999997,-12.04763,4.0,46.6209,0.1394154
-5.933829,22.7723,4.0,42.701440000000005,-2.1737740000000003
-19.22939,39.682359999999996,4.0,29.728920000000002,0.3134761
-42.32547,43.86929,4.0,34.42131,0.19077460000000002
-69.73961,43.26825,4.0,39.57285,0.36087179999999996
-100.8309,42.11843,4.0,43.7091,-0.05915079
-130.4745,38.74292,4.0,31.60231,-4.135749
-142.5205,33.76007,4.0,17.08832,0.41605240000000004
-147.9384,20.27892,4.0,22.84225,0.41259359999999995
-146.0455,1.366849,4.0,28.56493,0.4182709
-141.7243,-21.47488,4.0,33.943670000000004,0.35313649999999996
-146.5435,-44.74532,5.0,28.02197,-0.7819756
-163.6011,-55.48757,5.0,29.339370000000002,-0.3399926
-165.7366,-68.80441,5.0,18.84449,0.06805358
-153.1362,-70.23138,5.0,20.47355,0.67953
-136.128,-73.96495,5.0,26.479779999999998,0.20797829999999998
-116.8148,-83.25169,5.0,31.52947,0.1455753
-107.7832,-105.0137,5.0,34.3754,0.2122462
-116.9901,-127.6225,5.0,31.86305,0.10804870000000001
-136.102,-131.8192,5.0,23.0309,-0.7465961999999999
-143.735,-116.4142,5.0,26.521259999999998,0.1690092
-156.7151,-100.8477,5.0,26.20712,-0.9296568999999999
-165.2799,-107.5727,5.0,16.9616,-0.13754539999999998
-165.8066,-121.1151,5.0,22.85988,0.07405318
-167.9019,-141.8442,5.0,36.78582,1.389361
-167.1371,-174.3928,5.0,47.60732,0.5150465999999999
-164.2534,-211.1028,5.0,46.57035,-2.180238
-163.7282,-233.7174,5.0,20.8727,-0.4407412
-161.5305,-246.9916,5.0,15.45924,-0.2010402
-153.9552,-256.1431,5.0,20.70655,0.8940060999999999
-136.8477,-258.2691,5.0,28.39037,0.3480511
-125.8735,-236.8703,5.0,38.763329999999996,0.7084696
-127.765,-207.2506,5.0,36.02754,-1.9836880000000001
-127.3487,-189.8192,5.0,18.23485,-0.46311499999999994
-118.0966,-182.2695,5.0,19.80428,0.3608135
-103.9755,-189.7029,5.0,25.06705,0.3438145
-102.8348,-211.0813,5.0,33.909009999999995,0.21710660000000004
-105.2983,-237.7686,5.0,36.654270000000004,-0.31465490000000007
-102.4766,-261.6202,5.0,28.45716,-0.588783
-83.42523,-271.9736,5.0,32.46265,0.29639299999999996
-59.38936999999999,-265.3944,5.0,35.741820000000004,0.05678692
-49.28968,-240.8997,5.0,38.60968,0.3811051
-45.12712,-210.5845,5.0,43.43568,0.1540528
-32.311809999999994,-179.9076,5.0,46.65645,0.08367657
-7.945788,-159.2623,5.0,25.97045,-1.983854
1.289917,-153.2878,5.0,11.50718,-0.1678286
6.765975,-149.0081,5.0,7.387934,-0.2645078
10.84275,-144.5119,5.0,11.10016,0.2357693
13.01776,-134.4126,5.0,17.35772,0.425849
5.976807,-121.2666,5.0,23.29577,0.4213656
-4.309394,-104.95200000000001,5.0,28.92298,0.3843281
-10.03388,-82.25401,5.0,34.22764,0.398556
-9.107942999999999,-55.22373,5.0,39.09977,0.3487157
-3.4766220000000003,-24.93966,5.0,43.9165,0.3326187
-1.849018,7.409828,5.0,37.36162,-1.51355
-6.288569,24.09132,5.0,9.920374,-0.1528747
-10.74188,32.67886,5.0,17.11138,0.44531329999999997
-22.20813,41.7791,5.0,23.001160000000002,0.4329835999999999
-40.80941,45.28092,5.0,28.54141,0.44237040000000005
-63.99864,44.96706,5.0,34.03747,0.18649770000000002
-91.18554,43.7816,5.0,39.22586,0.1711471
-120.6354,40.91434,5.0,36.38694,-0.5475757
-138.8232,36.98914,5.0,20.9887,0.1751444
-147.306,22.28492,5.0,26.086270000000003,0.39817270000000005
-146.0799,1.2177879999999999,5.0,31.285709999999998,0.1858638
-141.8672,-23.52035,5.0,35.906940000000006,-0.9784521
-144.7651,-41.92037,6.0,12.7628,-0.3529781
-150.9873,-51.379670000000004,6.0,20.45516,0.18675039999999998
-162.6255,-56.72314,6.0,14.4747,-0.2143071
-165.7917,-65.47121,6.0,16.70371,0.363713
-152.8621,-72.83497,6.0,26.664309999999997,1.1019219999999998
-128.8396,-75.39139,6.0,38.39735,0.3301952
-109.1009,-96.45456999999999,6.0,38.10095,-0.6674524000000001
-115.7034,-115.6532,6.0,13.25189,-1.9135520000000001
-118.7448,-124.3831,6.0,17.03554,1.1048280000000001
-127.6608,-133.8332,6.0,17.75754,0.5179169
-141.3458,-128.8614,6.0,23.32225,0.27323359999999997
-145.938,-110.512,6.0,24.11038,-1.863218
-150.9125,-103.7379,6.0,7.715371,0.1058875
-158.8158,-100.564,6.0,16.01553,0.5300491
-166.5673,-108.4753,6.0,18.42484,0.7298664
-167.8614,-126.9942,6.0,31.96162,0.9483277
-168.701,-155.4346,6.0,44.20187,0.8142163
-166.5587,-191.9425,6.0,54.32722,0.3221382
-163.5311,-230.3609,6.0,46.79936,-0.417008
-156.2916,-256.2149,6.0,28.62078,-1.173589
-139.1737,-256.8451,6.0,20.077270000000002,-0.4809831
-128.0125,-246.3227,6.0,24.79986,0.382519
-124.9188,-226.2864,6.0,30.174259999999997,0.1870134
-128.3786,-202.19299999999998,6.0,35.40102,0.1743221
-124.4251,-183.541,6.0,15.93477,0.14549479999999998
-110.6282,-184.6072,6.0,22.16013,0.1458926
-102.9273,-200.3821,6.0,26.94637,0.38070770000000004
-103.7658,-222.3565,6.0,32.39719,0.2002081
-105.7807,-248.1895,6.0,37.50399,0.3142475
-92.94283,-271.4287,6.0,36.309540000000005,-0.1539969
-69.81765,-269.5685,6.0,27.620929999999998,-0.5364576
-53.846430000000005,-262.1641,6.0,22.70459,0.4343705
-47.82781,-243.3263,6.0,30.433320000000002,0.39622240000000003
-44.42411,-218.9552,6.0,35.83627,0.3724465
-39.8958,-191.0068,6.0,40.40889,0.1949557
-19.28886,-169.1811,6.0,42.945159999999994,-0.1201382
-1.128142,-155.5231,6.0,15.64221,-1.9692479999999999
6.384869,-149.5898,6.0,12.081669999999999,-0.002930227
12.07654,-141.5574,6.0,15.990570000000002,0.3091554
9.971277,-127.1747,6.0,24.47778,0.6292048000000001
-3.9150150000000004,-108.8696,6.0,38.11432,1.007363
-9.611108999999999,-76.31094,6.0,51.325,0.44429709999999994
-5.6278760000000005,-34.336890000000004,6.0,60.637330000000006,0.11402269999999999
-2.277876,8.286226,6.0,45.11412,-3.3861760000000003
-8.441866000000001,27.983590000000003,6.0,20.38352,0.2032895
-19.79775,40.86658,6.0,27.758020000000002,0.3771645
-44.28103,45.34578,6.0,40.799659999999996,0.5355168
-80.06975,44.020790000000005,6.0,55.36355,0.4847076
-118.1608,41.07201,6.0,30.133329999999997,-1.669431
-130.39700000000002,38.71954,6.0,12.414489999999999,-0.11758060000000001
-142.7091,34.031909999999996,6.0,23.31341,0.22031520000000002
-147.6324,16.53057,6.0,27.728140000000003,0.2045197
-144.5191,-5.815519,6.0,33.22883,0.3934886
-141.7478,-31.89367,6.0,37.38435,0.1075299
-142.4412,-39.3666,7.0,12.00714,0.508188
-147.8796,-49.000209999999996,7.0,18.19814,0.41534970000000004
-161.8704,-55.63264,7.0,23.601860000000002,0.3182292
-168.0123,-68.82715999999999,7.0,16.96872,-0.5113449000000001
-159.7968,-76.70589,7.0,17.1077,0.2387596
-146.2093,-74.58157,7.0,20.16355,0.001575969
-130.8927,-73.78754,7.0,22.390539999999998,0.10543
-114.9774,-83.82052,7.0,29.73613,0.3667508
-108.1804,-105.507,7.0,33.435590000000005,0.3037262
-120.9158,-126.9558,7.0,36.20173,0.1021138
-144.6175,-128.5761,7.0,25.70551,-1.740975
-144.9831,-118.3758,7.0,10.63759,-0.18612
-143.8357,-109.1571,7.0,17.759629999999998,-0.01055753
-153.2476,-101.544,7.0,17.33118,0.48395829999999995
-165.1787,-108.2202,7.0,20.38286,-0.2194643
-165.9505,-123.15899999999999,7.0,22.31614,0.5520205
-167.6721,-143.1975,7.0,33.658,0.5567629
-169.6884,-173.2391,7.0,47.11443,0.4237358
-169.9869,-212.0574,7.0,53.701319999999996,-0.9143962
-164.325,-245.0424,7.0,33.48137,-0.9087618000000001
-147.1432,-254.4751,7.0,23.44197,-0.5299484999999999
-131.4209,-250.4085,7.0,22.8447,0.008025703
-125.7487,-233.0008,7.0,30.47536,0.4101247
-126.1318,-208.3679,7.0,35.89031,0.3809606
-123.0224,-182.9029,7.0,24.0935,-2.573271
-112.8105,-181.8868,7.0,17.137,1.134789
-109.3218,-196.293,7.0,23.31232,0.22533910000000001
-108.7942,-215.7516,7.0,29.179090000000002,0.4092667
-108.3007,-239.4252,7.0,34.59517,0.334557
-97.70222,-263.6219,7.0,37.93934,0.1863279
-71.37299,-272.5374,7.0,39.39921,-0.004260575
-51.10808,-253.7302,7.0,39.541309999999996,0.04651399
-48.624340000000004,-223.2001,7.0,43.67658,0.31628779999999995
-35.77841,-193.2264,7.0,46.1987,0.306253
-11.25036,-166.7881,7.0,50.72203,0.32012870000000004
8.127757,-138.1383,7.0,34.14377,-2.163193
4.837007,-119.859,7.0,26.934109999999997,0.96616
-5.595708,-100.0502,7.0,35.135670000000005,0.9711655
-2.93425,-67.82796,7.0,52.6544,1.2347540000000001
-0.7295661999999999,-23.00135,7.0,68.00938000000001,0.8069413000000001
-3.6950589999999996,23.70477,7.0,52.539069999999995,-1.497908
-20.64165,42.05984,7.0,29.127,0.4520951
-46.65433,40.63503,7.0,39.85836,0.35307890000000003
-78.02911,40.41095,7.0,44.688340000000004,0.33773790000000004
-112.8272,41.33145,7.0,49.176190000000005,0.15369979999999997
-143.8919,33.88573,7.0,30.90261,-1.1481940000000002
-146.1125,13.315560000000001,7.0,31.021720000000002,0.4018
-145.1277,-11.68529,7.0,36.35079,0.3949487
-147.0247,-40.35248,8.0,40.673559999999995,-0.14575239999999998
-164.5492,-59.11959,8.0,26.42742,-1.139242
-165.953,-74.00758,8.0,25.22849,0.5176312
-147.0473,-78.26035,8.0,29.780859999999997,0.19950510000000002
-124.2776,-81.03273,8.0,33.12368,0.2091321
-110.9782,-102.2296,8.0,36.231970000000004,0.09409891
-120.5283,-126.5605,8.0,37.4754,0.10517670000000001
-143.8097,-129.9982,8.0,19.12829,-2.6499770000000002
-145.8112,-126.9113,8.0,5.3554379999999995,0.6081916
-142.0208,-121.6574,8.0,12.33646,0.47935829999999996
-144.5891,-110.8399,8.0,18.5164,0.4299697
-157.1366,-102.3441,8.0,23.23886,0.13076120000000002
-167.7929,-113.8585,8.0,25.10218,0.1706441
-166.615,-134.5025,8.0,30.565240000000003,0.17483800000000002
-170.4826,-158.7668,8.0,35.818740000000005,0.3731251
-170.0191,-187.1052,8.0,40.63767,0.3755679
-168.8505,-218.9417,8.0,45.37075,0.1627056
-160.8587,-250.8279,8.0,40.34745,-1.024087
-137.6268,-253.8273,8.0,28.295140000000004,-0.3531154
-127.1828,-235.5906,8.0,31.8088,0.31078890000000003
-127.3891,-210.1596,8.0,36.97429,0.389922
-122.6479,-183.4285,8.0,29.11331,-3.123832
-110.8638,-181.6991,8.0,16.81733,0.1964569
-107.1176,-195.3832,8.0,22.51945,0.4510234
-106.5323,-214.3362,8.0,28.43212,0.2979398
-105.7462,-237.4474,8.0,33.96326,0.3831162
-97.8261,-262.4359,8.0,37.452659999999995,0.13626870000000002
-72.68431,-272.6403,8.0,38.4754,-0.02751038
-50.86193,-255.377,8.0,39.56562,0.01942111
-46.604040000000005,-225.2616,8.0,43.52827,0.3376936
-37.41277,-193.8579,8.0,45.3884,0.07684899
-12.72511,-168.9907,8.0,49.50902,0.1438816
7.618458,-139.1414,8.0,42.71967,-0.6263555000000001
1.644397,-114.47200000000001,8.0,36.27214,1.053328
-6.086188,-88.06918,8.0,39.83743,0.3324893
-1.7566849999999998,-57.15696,8.0,44.54358,0.3423192
-1.446971,-22.4161,8.0,49.03398,0.32838449999999997
-2.635613,15.617479999999999,8.0,53.00636,-0.134714
-17.56522,41.64967,8.0,29.115779999999997,-2.268103
-26.259940000000004,40.88391,8.0,5.229296,0.5026617999999999
-30.25018,36.96035,8.0,11.67628,0.470016
-38.813109999999995,43.25685,8.0,18.05839,0.44481000000000004
-47.93554,48.58441,8.0,2.5222689999999997,-0.5544195
-48.01662,48.58699,8.0,0.03384407,0.05303766
-48.443909999999995,46.73251,8.0,4.7582699999999996,0.2918914
-47.24933,43.37632,8.0,2.973234,-1.019739
-48.779340000000005,44.512229999999995,8.0,7.379598,0.6589550000000001
-57.16777,46.34814,8.0,16.13964,0.30504050000000005
-72.19268000000001,44.63863,8.0,24.44717,0.2922091
-93.08633,42.13478,8.0,32.26307,0.5525468000000001
-119.603,44.25854,8.0,39.33556,0.1954114
-143.1297,30.82055,8.0,38.47012,-0.2432317
-144.4999,0.2623702,8.0,45.72665,0.6132545
-141.8974,-33.408590000000004,9.0,3.171316,-0.03337489
-142.1833,-35.46313,9.0,3.4434139999999998,1.004678
-144.4497,-42.678309999999996,9.0,14.556939999999999,-0.22062870000000004
-150.2878,-50.27555,9.0,11.67784,-0.09698471
-159.2606,-53.65152,9.0,13.77131,-0.1100673
-166.3,-58.80505,9.0,10.66043,-0.2042649
-165.113,-67.70286,9.0,18.18114,0.4658788
-152.3807,-73.66821,9.0,18.06565,-0.14268250000000002
-140.2747,-72.79975999999999,9.0,14.72311,-0.1013488
-125.3729,-76.5773,9.0,25.26997,0.03735649
-111.4041,-89.30259000000001,9.0,26.232590000000002,0.056453199999999995
-107.2583,-107.4296,9.0,22.81113,-1.075625
-109.5016,-117.3567,9.0,11.2952,-0.08614673
-114.5546,-127.3583,9.0,21.47498,0.1956744
-127.162,-134.9394,9.0,18.245820000000002,-0.3322605
-138.7292,-131.9578,9.0,15.64885,0.09764021
-146.006,-118.741,9.0,25.42592,0.2846575
-153.1092,-101.6938,9.0,17.41246,-1.303508
-162.7884,-101.0656,9.0,12.27495,-0.14379920000000002
-167.2049,-113.1707,9.0,25.019820000000003,0.5455852
-168.6565,-136.966,9.0,38.79503,0.44887150000000003
-168.5617,-168.9069,9.0,45.77258,0.3158681
-165.0893,-203.5308,9.0,45.92664,-0.31194859999999996
-162.8643,-234.0704,9.0,34.694759999999995,-1.956436
-157.1088,-253.2266,9.0,23.83662,-0.2078347
-143.5133,-260.3867,9.0,18.59911,-0.4329562
-131.4588,-252.9496,9.0,25.194570000000002,0.5706154999999999
-124.9052,-230.21,9.0,36.94003,0.48811509999999997
-128.1558,-204.4569,9.0,27.99635,-1.643003
-128.2375,-190.4566,9.0,14.643939999999999,-0.1127705
-122.509,-182.373,9.0,16.24721,0.6908979000000001
-109.3053,-183.8913,9.0,17.59112,-0.3037453
-103.0299,-193.4346,9.0,17.386570000000003,1.083869
-102.927,-211.8981,9.0,31.798140000000004,0.3306246
-105.9079,-238.2159,9.0,37.53696,-0.1997285
-100.8415,-263.94599999999997,9.0,34.21825,-0.2761866
-79.42085,-273.118,9.0,32.80491,-0.03883312
-57.665659999999995,-264.1711,9.0,31.85509,0.114791
-48.65976,-241.4034,9.0,35.08976,0.06758206
-44.50935,-214.7585,9.0,36.59731,-0.1596879
-38.68714,-189.5589,9.0,32.8143,-0.3958243
-25.23544,-172.08599999999998,9.0,26.91003,-0.3694496
-10.55611,-161.5047,9.0,22.13263,-0.3161097
2.185655,-153.0805,9.0,18.72458,-0.2745434
11.537239999999999,-142.8555,9.0,21.48806,0.23684650000000002
8.9952,-125.8215,9.0,27.165940000000003,0.1590977
-4.158333,-109.1166,9.0,29.61024,0.001320855
-10.19488,-87.85545,9.0,30.25455,0.02313806
-10.76315,-64.33535,9.0,33.898070000000004,0.3069518
-6.8849,-38.77142,9.0,35.657709999999994,0.08088094
-2.508365,-12.32253,9.0,36.67955,0.05924447
-3.31776,12.09773,9.0,27.16232,-0.38688920000000004
-7.849603999999999,28.379340000000003,9.0,19.48239,-0.2862476
-18.80573,40.418490000000006,9.0,26.8976,0.5100325
-40.55285,45.194829999999996,9.0,33.73705,0.26295009999999996
-68.20155,43.942859999999996,9.0,40.94157,0.5005556
-101.1568,43.32085,9.0,47.66632,0.2318656
-134.1624,39.02684,9.0,35.04557,-0.7136778
-147.2163,19.653979999999997,9.0,34.665409999999994,0.29629609999999995
-141.5884,-7.936996000000001,9.0,41.2471,0.433542
-143.7451,-34.54671,10.0,21.38477,-2.266193
-148.3467,-46.77995,10.0,20.18287,0.5625545
-159.3663,-54.95863000000001,10.0,16.94535,-0.2493008
-167.0817,-62.1514,10.0,13.046560000000001,0.1960093
-161.3561,-72.01817,10.0,18.2592,-0.42901999999999996
-148.111,-72.56477,10.0,18.77848,0.1115684
-134.9139,-73.61673,10.0,19.75903,0.5815901
-117.8528,-81.4139,10.0,29.180909999999997,0.2447982
-107.212,-101.9591,10.0,34.905390000000004,0.3922366
-113.882,-125.9444,10.0,26.5394,-2.654433
-128.6775,-133.6979,10.0,20.39716,-0.3671792
-141.0288,-129.4229,10.0,18.380489999999998,0.6107925999999999
-146.3932,-113.8881,10.0,24.79506,-0.3690055
-150.8022,-104.1009,10.0,3.944468,-0.0707192
-156.3438,-100.6875,10.0,13.16133,0.5007398000000001
-166.0167,-106.0832,10.0,19.31951,0.2389663
-168.0821,-122.821,10.0,26.33326,0.25661
-168.9043,-144.955,10.0,33.88609,0.12948800000000002
-168.2937,-171.2995,10.0,37.63413,0.272642
-166.0853,-200.1295,10.0,40.029540000000004,-0.34818150000000003
-164.1117,-226.7896,10.0,32.24773,-0.5300935999999999
-161.2143,-247.7816,10.0,25.13835,-0.5531896
-149.3692,-258.7149,10.0,21.97691,0.4951522
-133.3121,-255.2275,10.0,23.83527,0.17230020000000001
-125.5297,-237.94299999999998,10.0,27.592909999999996,0.2061242
-126.0331,-216.4932,10.0,30.634240000000002,0.2342701
-127.8678,-197.3691,10.0,17.71334,-0.3161698
-126.7851,-186.0199,10.0,13.18917,-0.3736821
-118.5144,-181.8815,10.0,15.70355,0.25420820000000005
-106.3794,-185.9729,10.0,17.907770000000003,-0.06034437
-103.0467,-199.0549,10.0,19.951929999999997,0.2005507
-103.9977,-214.7184,10.0,21.79345,0.004920094
-105.2546,-231.2843,10.0,25.053379999999997,0.5250621
-105.7416,-252.0932,10.0,29.9288,0.009120489
-94.87891,-270.1517,10.0,31.071209999999997,0.3444595
-69.41291,-270.7975,10.0,38.08271,0.2696908
-50.61801,-251.7708,10.0,38.5937,0.4538492
-46.22585,-221.1802,10.0,43.78065,0.2979726
-39.16503,-191.8387,10.0,36.37961,-0.6024656
-25.26786,-172.6317,10.0,28.582859999999997,-0.5273755
-10.304039999999999,-161.6702,10.0,17.776239999999998,-2.0154259999999997
-1.651215,-155.6551,10.0,17.54543,0.5257208999999999
9.575274,-146.4164,10.0,19.05019,-0.1318407
12.228760000000001,-130.5948,10.0,26.908179999999998,0.28167859999999995
-1.977502,-113.9871,10.0,32.39472,0.16798970000000002
-9.76833,-89.9222,10.0,33.40038,-0.5409866999999999
-9.928185000000001,-66.09808000000001,10.0,34.31577,0.4748999
-6.917216000000001,-38.49926,10.0,40.62742,0.46835470000000007
-2.154779,-6.532277,10.0,46.40121,0.3813787
-6.936191,27.942520000000002,10.0,44.80458,-0.818116
-32.7062,44.40593,10.0,44.25455,0.1492193
-67.24391999999999,44.18526,10.0,49.29842,0.4054337
-105.6022,42.29135,10.0,54.36756999999999,-0.2031675
-138.5184,36.527570000000004,10.0,39.2898,-0.05085707
-147.7856,12.74738,10.0,37.18455,0.3347186
-141.3586,-16.01425,10.0,42.36414,0.32733759999999995
-147.3116,-42.23655,11.0,34.38258,0.197876
-165.7824,-61.321780000000004,11.0,37.08214,-1.487587
-166.7662,-79.56931,11.0,19.86288,-0.01695366
-154.1108,-74.2435,11.0,23.346529999999998,0.5109777
-136.8986,-71.22939000000001,11.0,27.7559,0.4347253
-118.20700000000001,-84.0769,11.0,31.59887,-0.19834620000000003
-108.9193,-104.8809,11.0,34.06364,0.33874829999999995
-117.9791,-127.0864,11.0,28.315540000000002,-0.2822054
-136.8566,-131.5394,11.0,30.145609999999998,0.3024075
-144.8318,-111.1333,11.0,31.58858,-2.265229
-150.408,-101.5731,11.0,13.736229999999999,0.5948448000000001
-163.8119,-104.4465,11.0,23.538729999999997,0.2326596
-166.2816,-123.0529,11.0,29.1069,0.5030163
-167.5228,-146.986,11.0,35.59941,0.4459299
-167.50400000000002,-175.4772,11.0,41.5619,0.21115029999999996
-164.4194,-208.34099999999998,11.0,47.41747,0.4460831
-161.5162,-242.1218,11.0,39.27132,-1.3635700000000002
-147.5957,-259.2236,11.0,29.2817,0.1574094
-129.3617,-250.9813,11.0,30.1927,0.16756020000000002
-125.2289,-226.6254,11.0,36.286570000000005,0.1925339
-127.9668,-198.8535,11.0,34.78083,-0.18755339999999998
-118.1593,-179.8238,11.0,26.79373,-0.23492
-107.0104,-190.7195,11.0,25.32284,0.23086990000000002
-106.1505,-211.8332,11.0,31.822770000000002,0.21873099999999998
-107.0224,-237.5851,11.0,37.94307,0.3625949
-99.59955,-265.4922,11.0,41.021640000000005,-0.27308879999999996
-72.10094000000001,-271.3088,11.0,41.150420000000004,0.36192009999999997
-50.092209999999994,-252.3924,11.0,41.43744,0.1508148
-44.57784,-219.9772,11.0,47.127140000000004,0.4233389
-35.10613,-184.825,11.0,51.276720000000005,0.08422583
-9.372266999999999,-162.0177,11.0,37.80021,-0.7190273
8.970319,-146.5206,11.0,28.6359,-0.5659038000000001
10.6608,-128.9051,11.0,24.04622,0.41778809999999994
-1.282143,-112.7164,11.0,30.4883,0.2071651
-8.930183,-89.36023,11.0,36.432520000000004,0.2248509
-9.787789,-60.25716,11.0,42.34452,0.42250420000000005
-4.134652,-27.176270000000002,11.0,48.06345,0.4160955
-2.66597,10.193060000000001,11.0,52.825680000000006,0.1306978
-19.5124,41.86293,11.0,46.892990000000005,-0.3109757
-53.64872,43.73227,11.0,48.88362,0.1852127
-91.8158,41.714529999999996,11.0,54.26432,0.3637022
-130.8442,38.9137,11.0,44.94019,-1.726622
-150.0792,17.15522,11.0,40.258790000000005,-0.129667
-142.6432,-13.03378,11.0,44.30001,0.1422874
-146.5203,-43.98561,12.0,35.257059999999996,-1.494828
-164.2778,-55.238209999999995,12.0,28.677059999999997,-0.11514649999999998
-164.3042,-71.02161,12.0,23.854689999999998,0.01501783
-145.2326,-71.11155,12.0,29.17855,0.22004829999999997
-122.6175,-77.80646,12.0,35.00497,0.3978928
-107.0383,-99.47105,12.0,38.836999999999996,0.08332142
-114.0075,-122.6482,12.0,27.307959999999998,-0.7239732
-130.7114,-132.7017,12.0,23.83236,-0.47181670000000003
-144.8154,-125.9113,12.0,24.558629999999997,0.3140684
-148.80200000000002,-106.2178,12.0,27.130540000000003,-1.051049
-162.8393,-101.7047,12.0,19.76053,0.08238258
-167.6671,-117.5063,12.0,29.4625,1.058475
-168.1347,-143.6413,12.0,38.539809999999996,0.4664545
-167.5486,-174.1808,12.0,44.2435,0.4042294
-165.368,-209.1328,12.0,49.90068,0.4209883
-161.9442,-245.2867,12.0,44.32312,-0.5118537999999999
-142.2383,-258.0465,12.0,27.30252,-0.7676439
-129.2841,-241.7228,12.0,31.57007,0.6786371
-125.5389,-216.4189,12.0,37.5319,0.1855054
-128.29,-190.3445,12.0,33.13012,-0.239779
-111.7508,-180.6971,12.0,26.63425,-0.4743152
-108.5462,-197.2652,12.0,27.13285,0.49521409999999993
-110.2564,-219.4686,12.0,33.48969,0.47069340000000004
-107.336,-246.5313,12.0,39.76889,0.370962
-91.55371,-270.5958,12.0,39.59387,-0.23471199999999998
-62.06103,-267.4697,12.0,42.85902,0.3043048
-45.40292,-245.0407,12.0,35.6161,-0.5618199
-53.88225,-223.8621,12.0,22.91856,-2.602891
-53.07083000000001,-216.6363,12.0,5.585208000000001,0.016588099999999998
-53.28665,-215.0937,12.0,2.3614439999999997,0.1935809
-50.02779,-218.5941,12.0,10.59794,0.47252429999999995
-42.72546,-213.34599999999998,12.0,15.374889999999999,-0.152694
-41.6964,-203.2891,12.0,14.16591,0.9391243
-39.274229999999996,-189.0047,12.0,23.497510000000002,0.2478337
-27.93351,-172.9071,12.0,30.00465,0.2440739
-7.374550999999999,-159.4742,12.0,36.403729999999996,0.22450789999999998
11.293610000000001,-140.2644,12.0,33.33641,-1.049029
5.724538,-119.8647,12.0,32.37867,1.115422
-8.375665,-93.41429000000001,12.0,48.08784,1.031431
-9.011122,-54.82249,12.0,54.81966,0.3649139
-2.574287,-12.93017,12.0,59.624019999999994,0.3236819
-6.34583,24.5327,12.0,32.53302,-2.059382
-22.99233,42.99771,12.0,36.76668,0.22599699999999998
-51.323840000000004,44.58072,12.0,41.38855,0.4377833
-84.07517,44.39626,12.0,47.05362,0.1995966
-120.5513,40.72074,12.0,49.76827,-0.1975853
-151.5102,27.41648,12.0,43.79931,-0.5630339
-153.2665,12.84009,12.0,6.324133,-0.7498847
-151.5555,12.69956,12.0,7.316750999999999,0.29622919999999997
-146.724,6.660616,12.0,15.020439999999999,0.561453
-145.7278,-7.277157000000001,12.0,22.475620000000003,0.5121445
-142.3077,-26.23521,12.0,29.43464,0.2393785
-142.2915,-36.19416,13.0,8.632649,0.6179384
-145.9229,-44.712790000000005,13.0,16.44976,0.5257151999999999
-157.8247,-53.2581,13.0,23.53505,0.26975029999999994
-167.2027,-67.00702,13.0,21.05719,-0.5892735
-158.0834,-76.00369,13.0,18.40246,0.21023809999999998
-143.244,-73.30096,13.0,20.26435,-0.1926588
-128.58100000000002,-73.3186,13.0,23.22813,0.5062225
-112.7256,-84.133,13.0,29.268729999999998,0.1966404
-106.8616,-106.5227,13.0,34.37212,0.30594790000000005
-121.198,-128.3453,13.0,38.2055,0.26438809999999996
-144.1078,-128.7147,13.0,21.888170000000002,-0.8271738999999999
-143.7513,-122.7301,13.0,7.3627899999999995,0.5828576999999999
-138.2973,-122.2812,13.0,1.565574,0.3913089
-142.343,-123.6641,13.0,9.440005000000001,0.416335
-145.5317,-128.664,13.0,3.890325,-0.8225019
-145.3392,-127.7641,13.0,5.95905,0.6550264
-141.8441,-120.9343,13.0,14.627379999999999,0.5797026
-141.2368,-107.8592,13.0,21.84715,0.4887398
-155.1523,-97.78656,13.0,26.414820000000002,-0.04460973
-166.7268,-109.23100000000001,13.0,25.7599,0.5384376999999999
-167.8025,-131.3281,13.0,33.40781,0.486023
-167.5923,-158.7221,13.0,40.18264,0.47496359999999993
-167.9783,-190.8397,13.0,46.52176,0.21668310000000002
-167.9726,-227.5617,13.0,52.42842,0.34595240000000005
-151.5624,-256.0886,13.0,42.95232,-0.4348933
-128.4624,-249.1748,13.0,29.143259999999998,0.3547156
-128.2966,-224.5949,13.0,38.72374,0.7154713
-127.7033,-194.8276,13.0,33.175540000000005,-4.037662
-121.8758,-182.7294,13.0,14.109770000000001,-0.05349893
-110.1209,-184.3539,13.0,21.18669,0.4087307
-104.7714,-201.2118,13.0,27.840999999999998,0.5015213
-107.3475,-224.2359,13.0,34.807590000000005,0.2493699
-104.06700000000001,-251.5859,13.0,40.29484,0.1840991
-82.17969000000001,-272.05,13.0,42.634370000000004,-0.003672305
-54.53618,-261.2372,13.0,42.507059999999996,0.003564424
-48.80525,-229.7839,13.0,46.414840000000005,0.217802
-41.953790000000005,-198.1935,13.0,42.44227,0.36583990000000005
-20.80123,-172.4953,13.0,48.08928,0.4399919
4.316678,-144.4292,13.0,50.920190000000005,-0.7130029
5.394161,-113.3308,13.0,37.09458,-1.3558620000000001
-8.954155,-96.10119,13.0,27.752209999999998,0.221689
-6.307544999999999,-72.19561,13.0,36.10078,0.23126999999999998
-5.44204,-42.980270000000004,13.0,42.73238,0.4802066
-4.071638,-9.004761,13.0,48.92796,0.4375193
-7.411619,27.83075,13.0,46.22005,-1.575966
-27.92431,41.57832,13.0,25.91827,-1.7462919999999997
-34.85855,32.82547,13.0,13.97754,-0.1156971
-35.124590000000005,32.58917,13.0,0.06567154,0.006155417
-35.17028,32.59478,13.0,0.05990419,0.01811973
-34.35837,35.32428,13.0,7.982799000000001,0.26153000000000004
-32.65421,42.62273,13.0,7.803914,-0.7328114
-32.27385,44.65462,13.0,1.8165630000000001,0.38051240000000003
-35.199490000000004,41.58932,13.0,9.943429,0.5721499
-44.91618,43.1903,13.0,17.245260000000002,0.26294140000000005
-60.067409999999995,45.32196,13.0,24.07174,0.4856629
-80.10973,42.66134,13.0,30.51973,0.226431
-104.9294,42.81916,13.0,36.45284,0.2074496
-132.9521,38.05574,13.0,40.038940000000004,-0.1758214
-147.8295,15.4169,13.0,38.92308,0.3336898
-145.1499,-15.193679999999999,13.0,44.23721,0.3565653
-148.2441,-47.803490000000004,14.0,39.67057,-1.771155
-163.2355,-64.31493,14.0,23.90504,-0.5333928000000001
-151.8639,-75.60741,14.0,26.75171,0.396644
-129.9659,-77.06407,14.0,32.25026,0.2628797
-111.7299,-93.90700000000001,14.0,36.24107,0.1996589
-114.2187,-120.3295,14.0,38.47143,0.08466308
-137.8773,-131.6296,14.0,31.13513,-1.574082
-145.9673,-120.7602,14.0,6.710349000000001,-2.538414
-146.3515,-119.4201,14.0,1.9360060000000001,-0.00702002
-147.1911,-118.3651,14.0,1.600957,-0.03257481
-148.20600000000002,-117.5932,14.0,3.221031,0.4136769
-150.8913,-117.4509,14.0,1.612636,-0.743591
-148.8982,-116.3243,14.0,7.591951,0.6303454000000001
-144.6465,-109.023,14.0,15.75885,0.5826161999999999
-151.5465,-97.7016,14.0,22.15537,0.3565874
-166.4425,-103.6041,14.0,25.98313,0.3009733
-166.6506,-124.6316,14.0,32.18768,0.5030863
-166.7077,-150.9861,14.0,39.02268,0.23594299999999999
-166.8994,-182.3588,14.0,45.55446,0.2241991
-167.0814,-218.3972,14.0,51.69457,0.4366718
-156.8631,-250.7952,14.0,36.88889,-1.867509
-141.8668,-253.1831,14.0,7.423661999999999,-1.4543629999999999
-141.4026,-250.1067,14.0,2.737477,-0.168492
-138.3159,-248.0387,14.0,8.908911,0.6969063
-129.5793,-250.995,14.0,14.3641,-0.266375
-121.6208,-249.4017,14.0,9.760647,-0.290961
-122.5651,-239.8798,14.0,17.89114,0.5757827
-125.9508,-224.0996,14.0,25.620260000000002,0.2679333
-127.6088,-202.437,14.0,32.98368,0.5134919
-120.2859,-180.3503,14.0,30.328229999999998,-0.18687939999999997
-105.8039,-186.7037,14.0,25.75899,1.082152
-106.9353,-212.6714,14.0,45.27196,1.458701
-103.3403,-251.7644,14.0,56.87059,-0.6277674
-76.08218000000001,-272.3865,14.0,45.58909,0.2145125
-49.67179,-255.72400000000002,14.0,43.260059999999996,-0.08215045
-49.46535,-222.8027,14.0,47.15404,0.23663579999999998
-35.34385,-190.0431,14.0,51.13691,0.3452557
-7.231198,-161.9275,14.0,56.55053,0.17683629999999997
10.04643,-129.2595,14.0,37.17576,-2.549086
-0.7466993000000001,-111.4229,14.0,26.09248,0.9138287
-5.892118,-89.91911,14.0,33.56072,0.48104259999999993
-3.816296,-62.62092,14.0,40.37101,0.23271950000000002
-2.333533,-30.27543,14.0,46.81751,0.2161611
-2.942678,6.647158999999999,14.0,52.84541,0.440453
-15.88205,38.82829,14.0,43.87343,-0.1733308
-47.62239,41.03168,14.0,46.211490000000005,0.43566289999999996
-84.19745999999999,40.2002,14.0,52.2245,0.20963289999999998
-123.8999,41.44225,14.0,49.20929,-1.751539
-145.0699,27.00644,14.0,22.51513,-2.522
-144.1526,22.33084,14.0,4.285257,0.6636913000000001
-141.5034,25.13791,14.0,4.239612999999999,-0.7923551
-142.3223,23.98819,14.0,6.673439999999999,0.4905081
-147.9137,21.47768,14.0,7.493825999999999,-1.560675
-149.2913,21.90113,14.0,3.010972,0.6845585999999999
-144.8958,18.43058,14.0,12.10193,0.6397528
-140.9394,7.279963,14.0,20.36956,0.5936347
-141.4235,-10.75025,14.0,28.31178,0.5392759
-141.7857,-34.31044,1.0,5.922525,0.6832071999999999
-142.116,-40.16317,1.0,12.21884,0.6542595999999999
-147.4502,-50.88114,1.0,20.675710000000002,0.30202249999999997
-161.6462,-62.06887,1.0,27.54172,0.08912751
-154.7742,-76.85935,1.0,24.344820000000002,-0.12668030000000002
-139.2976,-68.30699,1.0,14.87168,0.5423195
-135.8686,-68.27798,1.0,0.02440192,-0.0002588882
-135.8498,-68.28079,1.0,0.02563071,0.000153644
-135.8319,-68.28316,1.0,0.01845394,-0.008992722
-136.0025,-68.98451999999999,1.0,4.018283,0.43305249999999995
-135.8053,-72.30529,1.0,4.455637,-0.040636
-135.9072,-75.26317,1.0,3.6068849999999997,-0.04691792
-136.7671,-76.42730999999999,1.0,2.057131,0.3567238
-132.1556,-74.9304,1.0,11.11311,0.6438971
-121.5708,-78.31276,1.0,18.98783,0.24264429999999998
-113.1865,-92.92149,1.0,26.720959999999998,0.555276
-111.3966,-114.6052,1.0,32.90215,0.1904815
-128.7776,-132.7572,1.0,36.64017,-0.4228362
-146.6072,-124.541,1.0,22.302570000000003,0.01422747
-138.4848,-110.9931,1.0,15.778229999999999,-1.3088819999999999
-138.4579,-108.7168,1.0,0.02252227,-0.01542748
-138.4586,-108.7343,1.0,0.02204189,0.0043679059999999995
-139.439,-108.3667,1.0,5.579353,0.5757456
-144.6985,-109.5355,1.0,7.868169,-0.05933122
-145.36,-110.1902,1.0,4.269346,0.32886340000000003
-144.6433,-103.9782,1.0,12.828510000000001,0.5910572
-153.1233,-95.97216999999999,1.0,18.280079999999998,-0.4077728
-163.5758,-99.53115,1.0,13.833620000000002,0.07043803
-166.8538,-114.5532,1.0,28.354640000000003,0.45591099999999996
-169.8978,-139.1849,1.0,37.65032,0.37111079999999996
-163.1653,-166.8486,1.0,35.55426,-0.31413959999999996
-167.5685,-190.2219,1.0,30.67496,0.796689
-166.9382,-218.3434,1.0,39.1976,-0.5687956999999999
-163.3539,-244.0156,1.0,30.28098,-0.9313536
-145.869,-250.8905,1.0,27.900159999999996,0.6556271
-124.8286,-243.0747,1.0,31.04397,-0.6657765999999999
-127.0331,-227.1006,1.0,24.99454,0.5364574000000001
-127.4373,-211.9117,1.0,22.514770000000002,-0.34983059999999994
-123.3902,-198.7896,1.0,18.046960000000002,0.07031165
-123.64200000000001,-186.9377,1.0,14.42266,-0.0541616
-112.2659,-186.1914,1.0,18.58533,-0.9136627
-110.2717,-197.6127,1.0,14.300329999999999,-0.09904369
-109.9092,-208.8449,1.0,18.53057,0.3084308
-108.2495,-225.44799999999998,1.0,26.35721,0.2715499
-105.0398,-247.4734,1.0,33.54605,0.21144290000000002
-89.53096,-268.3412,1.0,38.13275,0.21300270000000002
-62.199940000000005,-266.4702,1.0,39.4963,0.003006934
-51.97488,-240.0724,1.0,41.385909999999996,0.2364258
-44.41623,-208.7088,1.0,46.57825,0.41199369999999996
-22.58439,-179.71099999999998,1.0,51.98305,0.20127060000000002
2.565099,-147.8267,1.0,57.538959999999996,0.37705890000000003
11.50334,-112.3612,1.0,28.996920000000003,-5.2745940000000004
10.01169,-104.3686,1.0,1.056314,-0.2407047
9.773648,-104.2535,1.0,0.5846237,0.42359179999999996
12.32061,-105.9609,1.0,7.037663,0.3456895
17.69524,-107.1498,1.0,4.812248,-0.7905569
17.7128,-107.1677,1.0,4.539352,0.6988755999999999
11.65944,-109.6109,1.0,13.03383,0.6014550000000001
1.279073,-110.1032,1.0,17.26621,0.2793604
1.0955549999999998,-95.38814,1.0,23.90522,0.4461494000000001
-3.147975,-76.00820999999999,1.0,30.51963,0.4878106
-5.678043,-51.10884,1.0,37.15014,0.4542764
-6.427526,-21.225939999999998,1.0,43.55368,0.2178848
-6.5787070000000005,13.32771,1.0,49.59292,0.41279670000000007
-15.304210000000001,41.997659999999996,1.0,26.174329999999998,-3.759213
-25.2411,41.1653,1.0,15.829629999999998,0.5214963
-38.72359,37.98301,1.0,22.84841,0.5503918999999999
-58.207480000000004,39.832809999999995,1.0,30.045679999999997,0.5034962000000001
-83.03487,39.58493,1.0,36.89679,0.2471239
-112.7886,40.36208,1.0,43.37664,0.4658956
-141.0758,35.56718,1.0,30.32906,-1.000688
-142.0075,24.39047,1.0,8.37855,-0.23286929999999997
-137.7515,24.26801,1.0,0.08956204,0.06721137
-137.7518,24.22243,1.0,0.05544071,0.01706049
-138.607,24.46134,1.0,4.627503,0.2837015
-144.3882,24.17055,1.0,10.38333,0.30254549999999997
-150.6177,25.25827,1.0,4.022546,-0.36694740000000003
-150.2544,24.996760000000002,1.0,4.915443,0.5933298
-147.0825,19.480729999999998,1.0,12.755239999999999,0.2618217
-151.2705,8.4094,1.0,19.5534,0.1881711
-149.1308,-7.705472,1.0,25.62758,0.4656467000000001
-146.0858,-28.85424,1.0,32.04848,0.4370772
-154.9362,-49.97868,2.0,32.32662,0.2455228
-166.571,-67.00681,2.0,26.24435,-0.47153149999999994
-156.6709,-71.51411,2.0,8.97745,-0.6887835
-155.7131,-68.52715,2.0,0.05558029,-0.01865293
-155.6779,-68.52818,2.0,0.03737167,-0.01831838
-156.1369,-70.57096,2.0,5.266678,0.06360573
-156.6477,-74.24654,2.0,4.711672,-0.03429291
-156.4652,-74.48598,2.0,4.720322,0.6879515
-150.0255,-72.93739000000001,2.0,13.730889999999999,0.5877209
-139.2835,-80.31715,2.0,21.211370000000002,-0.4200597
-125.6844,-83.84652,2.0,17.40308,-0.202001
-114.1193,-94.57033,2.0,28.6608,0.3610595
-113.47,-116.3159,2.0,31.411479999999997,0.11254460000000001
-131.6892,-130.6009,2.0,32.035709999999995,-0.6479684
-145.4338,-121.75200000000001,2.0,20.14965,-0.1083364
-138.9614,-107.4662,2.0,19.5799,-0.7747658000000001
-150.7699,-101.5519,2.0,21.40685,0.0650269
-160.9929,-109.2806,2.0,16.63596,-0.1744493
-162.439,-121.6698,2.0,18.16114,0.14504389999999998
-165.3471,-137.6479,2.0,26.212429999999998,0.5485263000000001
-165.2605,-159.9579,2.0,33.96022,0.5366892
-165.5971,-187.9004,2.0,41.245,0.5249936
-165.8956,-220.9868,2.0,48.00667,0.22083930000000002
-159.7418,-247.8943,2.0,22.09157,-0.25232960000000004
-142.6814,-252.0141,2.0,28.067690000000002,0.5597345
-125.2701,-242.3618,2.0,26.679570000000002,-1.278041
-127.4125,-222.8688,2.0,31.635209999999997,0.3051458
-126.5026,-196.9975,2.0,37.7678,-0.5684321999999999
-121.0627,-184.1762,2.0,10.35029,0.42238739999999997
-112.0298,-188.3428,2.0,17.97993,0.5175406
-110.0149,-204.4212,2.0,25.9653,0.28327140000000006
-107.7897,-226.4604,2.0,33.73937,0.5469094
-101.3246,-253.27599999999998,2.0,40.55142,0.4147215
-78.26579,-270.8545,2.0,40.37628,-0.1727588
-52.821000000000005,-256.1285,2.0,42.22039,0.05273129
-49.494820000000004,-225.0019,2.0,45.45517,0.40166890000000005
-37.56763,-192.4453,2.0,49.61391,0.19088360000000001
-10.821010000000001,-163.9809,2.0,55.75082,0.4488789000000001
8.799174,-132.4922,2.0,32.17403,-3.3663440000000002
2.0083990000000003,-119.4394,2.0,21.43948,0.5760948
-6.2470349999999994,-103.3679,2.0,28.53377,0.5482640000000001
-6.631917,-79.45206,2.0,36.02217,0.273925
-6.7879380000000005,-50.08882,2.0,43.178309999999996,0.5197425
-7.159763000000001,-15.55845,2.0,49.88834,0.4615844
-7.631794,23.56211,2.0,52.042629999999996,-1.970578
-21.700029999999998,45.77833,2.0,20.65261,-2.680511
-25.736639999999998,45.112829999999995,2.0,4.371861,0.34508590000000006
-28.58695,40.068690000000004,2.0,12.868910000000001,0.5956084
-40.14725,43.65619,2.0,21.012320000000003,0.5917725
-57.646980000000006,45.7463,2.0,28.059720000000002,0.2858883
-81.11054,42.32351,2.0,35.6994,0.5621206
-110.1765,41.275090000000006,2.0,42.7945,0.2455159
-142.3642,34.81487,2.0,40.18128,-1.001579
-150.1196,19.456229999999998,2.0,8.112049,-2.5131189999999997
-147.1433,19.42898,2.0,8.032544999999999,0.6056431
-143.2848,12.30157,2.0,16.23701,0.5718835
-150.3997,-0.626304,2.0,23.69641,0.351977
-147.055,-19.325770000000002,2.0,29.67302,0.2646992
-142.2794,-36.25397,3.0,12.17117,0.126028
-145.0982,-44.40233,3.0,11.61996,0.2861242
-153.7331,-52.36186,3.0,16.63415,-0.30332950000000003
-164.1969,-55.70454,3.0,13.10971,-0.27987870000000004
-166.2098,-63.18496999999999,3.0,9.846661,-0.1578787
-160.9263,-70.53044,3.0,16.52455,0.2701317
-146.3248,-71.79608,3.0,24.11202,0.2736363
-126.6508,-77.03246999999999,3.0,29.10081,-0.43892129999999996
-112.1629,-89.5649,3.0,23.64291,-0.10108400000000001
-107.9879,-108.175,3.0,27.883440000000004,-0.4291656
-114.3645,-125.3335,3.0,22.307370000000002,-0.1987619
-127.8657,-133.4489,3.0,24.08261,0.48334170000000004
-142.3933,-126.5882,3.0,25.57094,0.505273
-150.0764,-106.5869,3.0,26.580040000000004,-0.7512734999999999
-162.6976,-105.5259,3.0,18.50481,0.48244849999999995
-167.5148,-120.8654,3.0,26.066779999999998,0.5805613000000001
-169.8343,-142.9593,3.0,33.74472,0.2579767
-167.7805,-170.477,3.0,40.81539,0.48774979999999996
-166.1335,-203.2091,3.0,47.50595,0.4688708
-163.8186,-239.36900000000003,3.0,46.601259999999996,-1.168795
-147.8634,-259.2618,3.0,28.696109999999997,-1.05877
-131.3375,-248.6879,3.0,30.278470000000002,0.2666515
-125.8968,-225.9921,3.0,35.03049,0.2577009
-127.7262,-199.49099999999999,3.0,34.360859999999995,-0.1540317
-119.6156,-179.4096,3.0,23.9082,-0.21223699999999998
-108.7352,-186.5788,3.0,21.667720000000003,0.23896810000000002
-107.8975,-204.8289,3.0,28.62265,0.2880822
-104.8121,-227.1769,3.0,29.68737,-0.41245420000000005
-106.1907,-248.3159,3.0,32.60375,1.324746
-93.54895,-270.2567,3.0,36.52857,-0.1589402
-68.15406,-268.7589,3.0,24.18194,-1.381561
-57.45389,-267.6046,3.0,7.341457000000001,-0.9280832
-56.54295,-266.9778,3.0,2.843482,-0.1749856
-57.15748000000001,-267.3573,3.0,1.002094,0.37130759999999996
-55.04832,-264.9879,3.0,6.713158,0.10661179999999999
-50.39778,-262.2827,3.0,8.102262,0.03526292
-48.22602,-263.6261,3.0,1.7507990000000002,0.6716532
-49.99876,-259.4231,3.0,10.42304,0.6097838000000001
-48.37344,-248.9069,3.0,18.48154,0.5922844
-44.87276,-232.7841,3.0,26.054489999999998,0.5416112
-42.38584,-210.9169,3.0,33.19725,0.49895
-35.12619,-185.7046,3.0,37.80972,0.1618321
-14.05918,-164.5213,3.0,37.16316,-2.03557
1.461409,-151.5817,3.0,22.0865,-0.3585824
10.96618,-140.8394,3.0,17.103070000000002,-0.3559422
10.76794,-129.7888,3.0,15.541329999999999,0.2772168
2.7437869999999998,-118.02799999999999,3.0,23.07151,0.2628995
-6.193656,-100.5524,3.0,30.161109999999997,0.4960621
-10.43277,-76.06555,3.0,36.79529,0.49124359999999995
-8.129633,-46.48826,3.0,43.115320000000004,0.4549735
-3.727392,-13.47724,3.0,43.06455,-0.6311215
-4.159534,10.278310000000001,3.0,16.73483,-1.005163
-4.917444000000001,15.39149,3.0,5.213552,1.1312950000000002
-6.475798,22.784860000000002,3.0,14.4744,0.5893151999999999
-12.32098,34.9973,3.0,22.22325,0.4746785
-28.768340000000002,44.12203,3.0,29.13065,0.21236079999999996
-52.58568,44.637440000000005,3.0,35.70235,0.5060044
-81.5555,43.839529999999996,3.0,42.42686,0.4792384
-114.9343,41.23023,3.0,45.55399,-0.3549212
-144.5199,33.67241,3.0,37.87059,-0.6764277
-146.7594,10.83683,3.0,33.6493,0.21424179999999995
-145.0308,-14.91576,3.0,38.403220000000005,0.4716822
-145.2163,-44.88743,4.0,37.598209999999995,-2.673581
-158.3565,-54.293409999999994,4.0,19.06631,0.6107816999999999
-168.1982,-61.9427,4.0,20.011779999999998,0.21857470000000004
-156.1101,-72.25739,4.0,25.613410000000002,0.3950325
-134.9146,-74.14416999999999,4.0,32.01025,0.4457759
-114.3503,-89.14288,4.0,37.64542,0.4035088
-110.9931,-115.8459,4.0,37.31261,0.01501016
-130.7794,-132.815,4.0,34.935340000000004,-0.5066314000000001
-145.2118,-118.1465,4.0,29.727590000000003,0.1283905
-149.939,-99.43959,4.0,18.67239,-0.9797265
-162.0631,-103.0821,4.0,21.669710000000002,0.45364129999999997
-167.9509,-120.4479,4.0,28.661790000000003,0.5269179
-170.5542,-144.1878,4.0,35.69318,0.4571449000000001
-168.0189,-173.0022,4.0,42.34193,0.4533557
-164.9693,-206.5816,4.0,48.64398,0.207499
-162.6589,-241.7092,4.0,38.20066,-2.1950060000000002
-152.7681,-255.0213,4.0,18.551679999999998,-0.3044085
-137.114,-257.6194,4.0,24.756629999999998,0.05083891
-127.5149,-241.2474,4.0,29.75641,0.26238629999999996
-126.4817,-217.0158,4.0,36.02551,0.2381849
-127.0544,-188.6861,4.0,40.07327,-0.1394683
-106.2991,-177.5548,4.0,29.80803,-0.8114614
-101.6299,-192.519,4.0,21.49304,-0.1742256
-114.5833,-200.0723,4.0,11.90247,-0.25458379999999997
-114.5551,-201.5558,4.0,0.0043008809999999995,0.01868131
-114.3003,-201.6228,4.0,2.291276,0.5191998
-110.9243,-200.9692,4.0,6.929924000000001,0.17777839999999998
-109.6806,-198.1851,4.0,0.1572229,-0.24476489999999998
-109.383,-200.8332,4.0,7.242831,0.5155554
-107.8075,-208.5992,4.0,14.083479999999998,0.2521527
-105.6301,-221.3109,4.0,20.55077,0.4589237
-105.7293,-238.7699,4.0,26.49815,0.41762559999999993
-102.1196,-259.5991,4.0,31.232229999999998,0.29167209999999993
-82.62154,-272.0422,4.0,33.73827,0.2425165
-57.8986,-264.4059,4.0,37.22202,0.09306991
-49.253440000000005,-239.2137,4.0,38.60799,0.371039
-45.62106,-209.3724,4.0,42.89222,0.3454488
-30.271309999999996,-180.2114,4.0,46.22309,0.1986513
-5.265193,-157.9405,4.0,37.64772,-2.237743
8.553749,-144.8658,4.0,19.91056,-0.4609826
12.49504,-133.0179,4.0,19.78085,0.581647
2.6027080000000002,-118.2352,4.0,27.061690000000002,0.1981136
-7.0708649999999995,-98.72729,4.0,32.18505,0.3622035
-10.58158,-73.314,4.0,37.24232,0.17709860000000002
-7.524075999999999,-44.12055,4.0,42.02158,0.1693723
-2.048289,-11.7168,4.0,46.67256,0.3186935
-6.024280999999999,23.06123,4.0,41.93735,-4.7104610000000005
-19.41765,39.78175,4.0,29.78215,0.33494809999999997
-42.58409,43.862120000000004,4.0,34.48558,0.37461859999999997
-70.02965999999999,43.270959999999995,4.0,39.602340000000005,0.1829728
-101.1514,42.08817,4.0,43.70446,-0.02866562
-130.71,38.70747,4.0,31.27579,-1.9618659999999999
-142.6087,33.66976,4.0,17.12265,0.21513220000000002
-147.9559,20.07747,4.0,22.90942,0.33787870000000003
-146.0011,1.155425,4.0,28.5983,0.1978446
-141.7059,-21.72935,4.0,34.001290000000004,0.34183020000000003
-146.6637,-44.91155,5.0,27.95787,-0.3917011
-163.7827,-55.598690000000005,5.0,29.288159999999998,-0.31231149999999996
-165.6149,-68.86381999999999,5.0,18.813779999999998,-0.19023510000000002
-152.9867,-70.25766999999999,5.0,20.51995,0.2776546
-135.9381,-74.01489000000001,5.0,26.54955,0.4120034000000001
-116.6395,-83.40626999999999,5.0,31.57837,0.2914426
-107.805,-105.2612,5.0,34.41263,0.2363599
-117.1552,-127.7989,5.0,31.87975,0.09619045
-136.249,-131.7467,5.0,22.96687,-0.4110607
-143.7935,-116.2336,5.0,26.57978,0.3474104
-156.8923,-100.7885,5.0,26.1262,-0.5145595000000001
-165.2465,-107.6935,5.0,16.916079999999997,-0.266995
-165.8463,-121.2833,5.0,22.842570000000002,-0.10041649999999999
-167.9139,-142.1082,5.0,37.021370000000005,1.477252
-167.0774,-174.7321,5.0,47.70029,0.586758
-164.2566,-211.4389,5.0,46.38864,-1.153404
-163.7157,-233.8746,5.0,20.8358,-0.2209297
-161.4872,-247.0949,5.0,15.39192,-0.39435490000000006
-153.8289,-256.2371,5.0,20.85576,0.8688273000000001
-136.6013,-258.1201,5.0,28.4448,0.2418631
-125.8305,-236.5863,5.0,38.81504,0.31722649999999997
-127.8037,-206.9872,5.0,35.86473,-1.013582
-127.3027,-189.6938,5.0,18.15619,-0.4806776
-117.9511,-182.2468,5.0,19.92601,0.7182055
-103.9042,-189.8786,5.0,25.12518,0.34673899999999996
-102.8463,-211.3375,5.0,33.98408,0.43825159999999996
-105.321,-238.0314,5.0,36.598279999999995,-0.3484914
-102.3744,-261.7964,5.0,28.375290000000003,-0.5209473
-83.1839,-271.993,5.0,32.5117,0.29989770000000004
-59.194219999999994,-265.2292,5.0,35.74544,0.02345187
-49.25268,-240.6129,5.0,38.63799,0.1721427
-45.06561,-210.2742,5.0,43.492329999999995,0.3422814
-32.09158,-179.6411,5.0,46.68946,0.19075029999999998
-7.7887699999999995,-159.1619,5.0,25.29276,-4.11411
1.359431,-153.2389,5.0,11.452860000000001,-0.3201489
6.805217,-148.9729,5.0,7.342611,-0.28347009999999995
10.88672,-144.4469,5.0,11.182360000000001,0.5147277
12.99469,-134.283,5.0,17.429170000000003,0.4223732
5.8687,-121.137,5.0,23.3682,0.4510884
-4.390441,-104.7547,5.0,28.954109999999996,0.1915682
-10.064910000000001,-82.00206999999999,5.0,34.28881,0.3702144
-9.056635,-54.92815,5.0,39.12717,0.16528420000000002
-3.4320269999999997,-24.61741,5.0,43.9424,0.1597566
-1.8836490000000001,7.675096000000001,5.0,37.23172,-0.8224208000000001
-6.315658,24.15831,5.0,9.869530000000001,-0.305028
-10.811119999999999,32.78018,5.0,17.188589999999998,0.4825022
-22.36283,41.85076,5.0,23.03556,0.2101835
-41.02604,45.28575,5.0,28.57415,0.194493
-64.25674000000001,44.95771,5.0,34.10305,0.3833292
-91.46609000000001,43.76464,5.0,39.287440000000004,0.37649970000000005
-120.9033,40.88736,5.0,36.29667,-0.5452695
-138.9539,36.901759999999996,5.0,21.0464,0.3443381
-147.3459,22.0915,5.0,26.15043,0.37984609999999996
-146.025,0.9976567,5.0,31.352890000000002,0.41562340000000003
-141.8609,-23.785510000000002,5.0,35.69932,-1.246068
-144.8014,-42.00755,6.0,12.73462,-0.1722634
-151.1027,-51.47173,6.0,20.45889,0.02375835
-162.7134,-56.77871999999999,6.0,14.40015,-0.4490018
-165.7497,-65.58353000000001,6.0,16.82943,0.7729803000000001
-152.6602,-72.81829,6.0,26.846840000000004,1.074651
-128.5897,-75.52450999999999,6.0,38.51035,0.6985380999999999
-109.0613,-96.73379,6.0,38.0477,-0.3276332
-115.74,-115.7413,6.0,12.93529,-1.9294220000000002
-118.788,-124.4965,6.0,17.12765,0.5833513000000001
-127.7921,-133.865,6.0,17.79769,0.2383605
-141.4524,-128.7189,6.0,23.34713,0.14710610000000002
-145.9849,-110.3508,6.0,23.48784,-3.86065
-150.9587,-103.7026,6.0,7.758021,0.2516519
-158.9372,-100.5649,6.0,16.10088,0.4960576
-166.5946,-108.6163,6.0,18.5516,0.7241207
-167.8804,-127.2229,6.0,32.038990000000005,0.48647429999999997
-168.6931,-155.7733,6.0,44.26575,0.37462199999999996
-166.5163,-192.343,6.0,54.4446,0.6989046
-163.5273,-230.7159,6.0,46.66682,-0.7721128
-156.1156,-256.3194,6.0,28.425040000000003,-1.221553
-139.0329,-256.797,6.0,19.9987,-0.4732042
-127.9406,-246.1535,6.0,24.86084,0.3655751
-124.9233,-226.0619,6.0,30.23824,0.37917270000000003
-128.4116,-201.9295,6.0,35.46001,0.3457338
-124.3265,-183.4762,6.0,15.948229999999999,0.08310431
-110.4956,-184.7002,6.0,22.20897,0.29315640000000004
-102.9029,-200.5756,6.0,27.01093,0.3935945
-103.7956,-222.5948,6.0,32.46373,0.3950371
-105.7656,-248.4764,6.0,37.55664,0.3079622
-92.68689,-271.5273,6.0,36.26645,-0.2495978
-69.61556,-269.5171,6.0,27.531159999999996,-0.5281023
-53.739090000000004,-262.0332,6.0,22.7389,0.21061649999999998
-47.79528,-243.1107,6.0,30.465640000000004,0.2037078
-44.39761,-218.6999,6.0,35.86593,0.1893719
-39.79477,-190.7338,6.0,40.423390000000005,0.08975619
-19.03756,-169.0041,6.0,42.88616,-0.29041669999999997
-1.03883,-155.4572,6.0,15.477979999999999,-1.043367
6.450863,-149.5295,6.0,12.081560000000001,-0.0006301925
12.11405,-141.4446,6.0,16.09359,0.6123973
9.870161999999999,-127.0238,6.0,24.5837,0.6349064
-4.0245940000000004,-108.6058,6.0,38.19295,0.47934849999999996
-9.616299,-75.93025,6.0,51.47779,0.8878275999999999
-5.530953,-33.90116,6.0,60.68453,0.2802862
-2.336388,8.60839,6.0,44.55328,-3.4085129999999997
-8.507267,28.124370000000003,6.0,20.42663,0.2540569
-19.98251,40.957879999999996,6.0,27.8889,0.7732388000000001
-44.57606,45.347359999999995,6.0,40.98923,1.140174
-80.47931,44.00499,6.0,55.526559999999996,0.9620094000000001
-118.384,41.03412,6.0,29.55472,-3.40539
-130.4911,38.701159999999994,6.0,12.39378,-0.12025910000000001
-142.8395,33.91622,6.0,23.32987,0.09925947
-147.6251,16.32016,6.0,27.79591,0.3925192
-144.4652,-6.056488,6.0,33.29368,0.3911053
-141.8058,-32.16973,6.0,37.42236,0.22406060000000003
-142.4587,-39.45625,7.0,12.0471,0.2333181
-147.9821,-49.0843,7.0,18.268710000000002,0.4334292
-162.0134,-55.73335,7.0,23.62796,0.16128570000000003
-167.981,-68.94873,7.0,16.92825,-0.2488208
-159.6738,-76.73659,7.0,17.12645,0.1158219
-146.0666,-74.53721999999999,7.0,20.16036,-0.01885489
-130.7364,-73.81781,7.0,22.42919,0.2400266
-114.8314,-83.99113,7.0,29.79678,0.3577411
-108.2051,-105.7596,7.0,33.458059999999996,0.1351121
-121.13799999999999,-127.1045,7.0,36.23837,0.2193786
-144.7652,-128.4491,7.0,25.56446,-0.8500183000000001
-144.9286,-118.3169,7.0,10.57461,-0.368498
-143.8909,-109.0365,7.0,17.75806,-0.009247901
-153.377,-101.5191,7.0,17.41229,0.476826
-165.2352,-108.3591,7.0,20.364729999999998,-0.1125174
-165.94400000000002,-123.3256,7.0,22.36102,0.2753556
-167.704,-143.4456,7.0,33.84106,1.088235
-169.6902,-173.5671,7.0,47.26699,0.9640886000000001
-169.9771,-212.4546,7.0,53.55265,-0.9017924999999999
-164.2003,-245.2564,7.0,33.407309999999995,-0.46412539999999997
-146.9698,-254.4778,7.0,23.39992,-0.2587773
-131.2819,-250.3056,7.0,22.84916,0.0258442
-125.7537,-232.7719,7.0,30.542070000000002,0.39678709999999995
-126.1343,-208.1029,7.0,35.95369,0.3823072
-122.9224,-182.7644,7.0,23.67822,-2.600172
-112.7236,-181.9834,7.0,17.2263,0.53241
-109.3124,-196.4637,7.0,23.38597,0.4419816
-108.7924,-215.9635,7.0,29.248820000000002,0.43289300000000003
-108.2803,-239.6808,7.0,34.65011,0.33270700000000003
-97.50048000000001,-263.8171,7.0,37.953179999999996,0.08490631
-71.08625,-272.4836,7.0,39.39784,-0.008424238
-51.02713,-253.44299999999998,7.0,39.559979999999996,0.1093724
-48.591,-222.8798,7.0,43.7286,0.3143297
-35.55107,-192.9693,7.0,46.221920000000004,0.143757
-11.001330000000001,-166.5067,7.0,50.773740000000004,0.31330690000000005
8.204676,-137.88299999999998,7.0,33.802690000000005,-1.9350169999999998
4.710063,-119.6986,7.0,27.0989,0.9777454
-5.625356,-99.7946,7.0,35.21164,0.4750925999999999
-2.885247,-67.44958000000001,7.0,52.75254,0.6163255999999999
-0.7497294,-22.51652,7.0,68.07401999999999,0.4075212
-3.773186,24.09187,7.0,52.04978,-2.84166
-20.85809,42.061659999999996,7.0,29.20283,0.4571919
-46.94482,40.6323,7.0,39.88627,0.1742898
-78.36015,40.41225,7.0,44.714209999999994,0.1584773
-113.1992,41.34114,7.0,49.232079999999996,0.3245613
-144.0517,33.71608,7.0,30.811740000000004,-0.5486403
-146.0857,13.084610000000001,7.0,31.05295,0.1916915
-145.1283,-11.95463,7.0,36.38142,0.1886826
-147.0917,-40.63465,8.0,40.65826,-0.09646621
-164.6981,-59.24613000000001,8.0,26.05932,-2.1469400000000003
-165.8375,-74.14744,8.0,25.27019,0.2664568
-146.8289,-78.22702,8.0,29.849159999999998,0.4050543
-124.0766,-81.17336,8.0,33.14031,0.1024848
-110.94,-102.5017,8.0,36.2657,0.194884
-120.7414,-126.7243,8.0,37.48325,0.04991098
-143.938,-129.9367,8.0,18.98471,-0.8692956000000001
-145.7773,-126.8889,8.0,5.513347,0.9351886
-141.9979,-121.5671,8.0,12.41447,0.46168580000000004
-144.66299999999998,-110.7291,8.0,18.55309,0.2319502
-157.3027,-102.3365,8.0,23.24875,0.06360036
-167.7995,-114.04899999999999,8.0,25.16122,0.3427518
-166.6272,-134.7288,8.0,30.626640000000002,0.36866370000000004
-170.5182,-159.0299,8.0,35.88115,0.3814091
-169.9959,-187.4054,8.0,40.66563,0.1705926
-168.8415,-219.282,8.0,45.427409999999995,0.3309263
-160.6514,-251.0427,8.0,40.26591,-0.49073130000000004
-137.4577,-253.7145,8.0,28.17657,-0.7264465999999999
-127.1605,-235.3566,8.0,31.83438,0.1581244
-127.3867,-209.8911,8.0,37.0036,0.1841385
-122.5173,-183.2513,8.0,28.8525,-1.58245
-110.7752,-181.7871,8.0,16.87892,0.3657146
-107.1089,-195.5499,8.0,22.55561,0.22169339999999998
-106.5252,-214.5469,8.0,28.49901,0.4032196
-105.7368,-237.6943,8.0,33.99374,0.18906779999999998
-97.64650999999999,-262.6476,8.0,37.46285,0.06251683
-72.41283,-272.5945,8.0,38.46826,-0.04345625
-50.74729,-255.1099,8.0,39.57553,0.05895823
-46.58659,-224.9482,8.0,43.55594,0.1753095
-37.199909999999996,-193.6107,8.0,45.39477,0.04033712
-12.47826,-168.7193,8.0,49.56138,0.3106173
7.713209,-138.8333,8.0,42.53205,-1.0944209999999999
1.468418,-114.2763,8.0,36.45355,1.131748
-6.032176,-87.78885,8.0,39.894659999999995,0.35876979999999997
-1.736537,-56.823530000000005,8.0,44.5693,0.1565368
-1.451632,-22.06097,8.0,49.05952,0.1611525
-2.675944,16.00775,8.0,52.95338,-0.3137906
-17.76115,41.72934,8.0,28.725890000000003,-2.382845
-26.2562,40.84512,8.0,5.31325,0.5073906
-30.33705,36.96054,8.0,11.70841,0.1971598
-38.89454,43.3568,8.0,18.09584,0.24159429999999998
-47.95279,48.5874,8.0,2.2957389999999998,-1.339984
-48.0164,48.58699,8.0,0.02584549,-0.04663676
-48.446459999999995,46.69659,8.0,4.805858,0.2823251
-47.23349,43.36187,8.0,2.888737,-0.5174993
-48.825,44.542840000000005,8.0,7.489673,0.6692628
-57.28292,46.33768,8.0,16.24336,0.6349849
-72.37478,44.6157,8.0,24.54658,0.5859684000000001
-93.3259,42.12543,8.0,32.35392,0.5566475000000001
-119.9054,44.27433,8.0,39.40195,0.3787864
-143.2264,30.55169,8.0,38.43665,-0.19920120000000002
-144.5318,-0.07587864,8.0,45.77345,0.2869374
-141.8995,-33.43195,9.0,3.160627,-0.06335605
-142.188,-35.48858,9.0,3.525698,0.5026005
-144.4945,-42.77567,9.0,14.538470000000002,-0.11388410000000002
-150.3574,-50.324490000000004,9.0,11.65743,-0.12125410000000002
-159.358,-53.680409999999995,9.0,13.7352,-0.21086529999999998
-166.3322,-58.8788,9.0,10.626430000000001,-0.1995056
-165.037,-67.81191,9.0,18.3398,0.9666016
-152.2511,-73.66444,9.0,18.019389999999998,-0.2741272
-140.1673,-72.8039,9.0,14.71621,-0.04290871
-125.2058,-76.65736,9.0,25.28529,0.09190002
-111.3111,-89.46741,9.0,26.236759999999997,0.02643469
-107.2717,-107.5992,9.0,22.36717,-2.600519
-109.5277,-117.4339,9.0,11.26648,-0.1704443
-114.6512,-127.4847,9.0,21.505670000000002,0.1794947
-127.2996,-134.9546,9.0,18.21951,-0.1577894
-138.821,-131.887,9.0,15.65585,0.0427146
-146.0586,-118.5647,9.0,25.52339,0.5898055999999999
-153.2035,-101.6068,9.0,17.21302,-1.209013
-162.8526,-101.1275,9.0,12.26317,-0.07413235
-167.2299,-113.3593,9.0,25.20221,1.0610760000000001
-168.6594,-137.2584,9.0,38.950179999999996,0.9111372999999999
-168.5318,-169.252,9.0,45.79742,0.1537935
-165.0573,-203.8775,9.0,45.82264,-0.6075425999999999
-162.8528,-234.331,9.0,34.37445,-1.894959
-156.987,-253.3582,9.0,23.76934,-0.3902808
-143.3762,-260.3881,9.0,18.56335,-0.21949839999999998
-131.3515,-252.7937,9.0,25.38488,1.119475
-124.9066,-229.9298,9.0,36.9797,0.24096610000000002
-128.1844,-204.2586,9.0,27.860970000000002,-0.8510101999999999
-128.2181,-190.3478,9.0,14.606729999999999,-0.21755589999999997
-122.3958,-182.3312,9.0,16.36686,0.7285135
-109.1947,-183.9546,9.0,17.56498,-0.1645235
-103.006,-193.5615,9.0,17.475360000000002,0.5487116
-102.9435,-212.1336,9.0,31.91321,0.6826791
-105.93299999999999,-238.4996,9.0,37.4714,-0.38702309999999995
-100.6955,-264.1572,9.0,34.195029999999996,-0.1402379
-79.17820999999999,-273.1059,9.0,32.795590000000004,-0.05476586
-57.49228000000001,-263.9969,9.0,31.86373,0.05116737
-48.61603,-241.146,9.0,35.11613,0.1506398
-44.46716,-214.5006,9.0,36.56879,-0.1793566
-38.59078,-189.3348,9.0,32.7812,-0.202701
-25.08265,-171.9583,9.0,26.84597,-0.38895799999999997
-10.41643,-161.4121,9.0,22.10665,-0.158402
2.300976,-152.9995,9.0,18.67973,-0.26890879999999995
11.595889999999999,-142.7075,9.0,21.507070000000002,0.1179137
8.878685,-125.6494,9.0,27.2202,0.3062675
-4.256464,-108.9222,9.0,29.60925,-0.005960895999999999
-10.22874,-87.63078,9.0,30.264979999999998,0.06130383
-10.73837,-64.09376999999999,9.0,33.9491,0.32081529999999997
-6.836930000000001,-38.52032,9.0,35.66337,0.0359415
-2.47914,-12.05514,9.0,36.683370000000004,0.023718299999999998
-3.358028,12.29435,9.0,27.048640000000002,-0.6767344
-7.910036,28.5051,9.0,19.43306,-0.304332
-18.97929,40.52135,9.0,26.93838,0.2474087
-40.80049,45.18026,9.0,33.824940000000005,0.5260463000000001
-68.49378,43.94931,9.0,41.02629,0.5272998000000001
-101.5132,43.28586,9.0,47.74599,0.46546629999999994
-134.4086,38.95023,9.0,34.92566,-0.6984369
-147.1801,19.39971,9.0,34.6901,0.149264
-141.5745,-8.248228,9.0,41.31844,0.4197675
-143.7737,-34.70189,10.0,21.20779,-1.029601
-148.4282,-46.90473,10.0,20.22648,0.2631766
-159.4828,-55.005069999999996,10.0,16.92465,-0.12494949999999999
-167.0933,-62.247440000000005,10.0,13.07922,0.1990858
-161.2324,-72.08054,10.0,18.22447,-0.20725120000000002
-147.9693,-72.55393000000001,10.0,18.786739999999998,0.04983363
-134.7712,-73.65055,10.0,19.96525,1.21865
-117.6859,-81.54999000000001,10.0,29.26158,0.4815742
-107.1959,-102.219,10.0,34.9714,0.3827016
-114.0118,-126.0974,10.0,26.19472,-2.025244
-128.8277,-133.7124,10.0,20.36729,-0.17848599999999998
-141.1162,-129.3229,10.0,18.43141,0.32314299999999996
-146.4335,-113.7135,10.0,24.76391,-0.1778889
-150.8226,-104.079,10.0,3.920754,-0.1387017
-156.4353,-100.6663,10.0,13.20323,0.2666462
-166.0736,-106.2181,10.0,19.39549,0.44560920000000004
-168.0937,-123.0207,10.0,26.42052,0.4937228
-168.9071,-145.2061,10.0,33.92648,0.23585019999999998
-168.291,-171.5899,10.0,37.67694,0.2486748
-166.0544,-200.4242,10.0,39.98343,-0.28493470000000004
-164.1024,-227.0243,10.0,32.20528,-0.2642756
-161.1321,-247.9534,10.0,25.09265,-0.27661990000000003
-149.2205,-258.7658,10.0,22.01851,0.2604268
-133.2001,-255.0967,10.0,23.84929,0.08717404
-125.4837,-237.7497,10.0,27.60942,0.10365739999999998
-126.0655,-216.2726,10.0,30.67203,0.2299203
-127.8741,-197.2408,10.0,17.68659,-0.1681453
-126.7379,-185.9319,10.0,13.15945,-0.177946
-118.395,-181.88099999999997,10.0,15.78955,0.5020733000000001
-106.288,-186.0694,10.0,17.88875,-0.1127951
-103.0529,-199.2071,10.0,19.98335,0.1801526
-104.0077,-214.8795,10.0,21.79691,0.02060451
-105.2707,-231.47,10.0,25.13893,0.5144345
-105.7139,-252.3167,10.0,29.9288,-1.191289e-05
-94.68091,-270.2595,10.0,31.192559999999997,0.7349498999999999
-69.13956999999999,-270.7249,10.0,38.102990000000005,0.1274516
-50.55543,-251.4918,10.0,38.66523,0.4325027
-46.17305,-220.8498,10.0,43.82832,0.2772441
-39.059470000000005,-191.5923,10.0,36.27887,-0.6071840999999999
-25.10772,-172.4952,10.0,28.5429,-0.246437
-10.19482,-161.5936,10.0,17.61579,-0.9595775
-1.541599,-155.578,10.0,17.72498,1.0387
9.664282,-146.3094,10.0,19.0329,-0.105728
12.150830000000001,-130.4113,10.0,26.92997,0.13401429999999998
-2.111788,-113.7833,10.0,32.452529999999996,0.33591950000000004
-9.800684,-89.67735,10.0,33.30807,-0.5578609
-9.909911,-65.83924,10.0,34.393679999999996,0.4615903
-6.87587,-38.19865,10.0,40.66199,0.2095081
-2.128953,-6.167919,10.0,46.43019,0.1674317
-7.081473,28.242209999999996,10.0,44.73536,-0.4198372
-33.01915,44.4557,10.0,44.309329999999996,0.33503190000000005
-67.59859,44.18997,10.0,49.36421,0.40431490000000003
-106.0051,42.24277,10.0,54.34084,-0.16537420000000003
-138.7895,36.38365,10.0,39.283429999999996,-0.03691728
-147.7063,12.48823,10.0,37.21205,0.1717042
-141.3678,-16.31866,10.0,42.4192,0.3339954
-147.4099,-42.46198,11.0,34.45286,0.43576000000000004
-165.9648,-61.52625,11.0,36.95686,-0.7733482
-166.65099999999998,-79.65303,11.0,19.87215,0.05694400000000001
-153.9907,-74.11378,11.0,23.4272,0.48020329999999994
-136.7103,-71.31549,11.0,27.79076,0.2123277
-118.0388,-84.2393,11.0,31.5362,-0.3737861
-108.9251,-105.139,11.0,34.11787,0.31957379999999996
-118.1249,-127.2366,11.0,28.22216,-0.5518573
-137.0636,-131.4342,11.0,30.16995,0.13970220000000003
-144.8467,-110.9028,11.0,31.385140000000003,-1.2607780000000002
-150.5027,-101.5293,11.0,13.929210000000001,1.094263
-163.92,-104.5758,11.0,23.57784,0.24343879999999998
-166.266,-123.26799999999999,11.0,29.14627,0.24257289999999998
-167.5576,-147.2411,11.0,35.63498,0.22321359999999998
-167.476,-175.7755,11.0,41.636509999999994,0.45480950000000003
-164.3975,-208.6917,11.0,47.48764,0.4240371
-161.4572,-242.4126,11.0,39.04482,-1.3362459999999998
-147.386,-259.2799,11.0,29.33516,0.31373870000000004
-129.2751,-250.7688,11.0,30.25222,0.3476302
-125.2318,-226.3496,11.0,36.35624,0.4043224
-127.9727,-198.5962,11.0,34.71712,-0.3808062
-117.965,-179.7838,11.0,26.77143,-0.13942770000000002
-107.0167,-190.9064,11.0,25.40307,0.4789090999999999
-106.115,-212.0597,11.0,31.89963,0.4714236
-107.04299999999999,-237.8682,11.0,38.0148,0.4360429
-99.39432,-265.7207,11.0,40.99672,-0.15291649999999998
-71.80951999999999,-271.2452,11.0,41.17698,0.1707865
-50.00735,-252.0967,11.0,41.49218,0.3232813
-44.53402,-219.6224,11.0,47.160270000000004,0.1994211
-34.90569,-184.4899,11.0,51.3091,0.18795720000000002
-9.144264,-161.8771,11.0,37.5465,-1.544988
9.090527,-146.3412,11.0,28.5378,-0.5910569
10.5929,-128.7461,11.0,24.08117,0.22421910000000003
-1.4091989999999999,-112.5271,11.0,30.557409999999997,0.40601240000000005
-8.972496000000001,-89.08748,11.0,36.507870000000004,0.4269679
-9.755339999999999,-59.93674,11.0,42.41431,0.4117459
-4.073276,-26.82808,11.0,48.1323,0.4183977
-2.724444,10.58784,11.0,52.874309999999994,0.2875213
-19.80217,42.02754,11.0,46.84232,-0.3111715
-54.00926,43.6965,11.0,48.9506,0.4034179
-92.21596,41.70577,11.0,54.32665,0.38778290000000004
-131.1719,38.83487,11.0,44.80413,-0.8174859
-150.0837,16.85714,11.0,40.24798,-0.06746349
-142.6011,-13.35155,11.0,44.35304,0.3219838
-146.6407,-44.216809999999995,12.0,35.13807,-0.7282911999999999
-164.4522,-55.3651,12.0,28.63615,-0.23762510000000003
-164.1465,-71.10911999999999,12.0,23.860570000000003,0.03503082
-145.0162,-71.11449,12.0,29.25313,0.43243009999999993
-122.39200000000001,-77.94794,12.0,35.036190000000005,0.1866379
-106.9853,-99.75388000000001,12.0,38.86694,0.17794179999999998
-114.1472,-122.7974,12.0,27.25232,-0.33561640000000004
-130.8835,-132.7318,12.0,23.79177,-0.2567452
-144.8851,-125.7432,12.0,24.58351,0.1518102
-148.9024,-106.0442,12.0,26.980209999999996,-0.9152546999999999
-162.9631,-101.7829,12.0,19.78872,0.16607679999999997
-167.6606,-117.7258,12.0,29.64248,1.098684
-168.1735,-143.9306,12.0,38.61398,0.43917219999999996
-167.5084,-174.6516,12.0,44.31013,0.2820248
-165.3448,-209.5016,12.0,49.96963,0.340984
-161.8342,-245.6039,12.0,44.13953,-1.046317
-142.0426,-257.9872,12.0,27.1749,-0.7638779
-129.2211,-241.4988,12.0,31.62378,0.3298571
-125.5408,-216.1353,12.0,37.59705,0.3793086
-128.2426,-190.1039,12.0,33.10723,-0.1420418
-111.5741,-180.7837,12.0,26.59627,-0.237698
-108.611,-197.4648,12.0,27.215059999999998,0.4765276
-110.2441,-219.7076,12.0,33.52779,0.24083429999999997
-107.2819,-246.8163,12.0,39.838359999999994,0.47845299999999996
-91.27197,-270.6966,12.0,39.57482,-0.1153219
-61.77109,-267.3643,12.0,42.88333,0.15493579999999998
-45.42326,-244.7851,12.0,35.56795,-0.30452049999999997
-53.86897,-223.6901,12.0,22.70094,-1.3056649999999999
-53.07643,-216.5952,12.0,5.586479,0.00783227
-53.281119999999994,-215.1104,12.0,2.473935,0.6891472
-49.9515,-218.61900000000003,12.0,10.63596,0.22681929999999997
-42.69413,-213.2368,12.0,15.32514,-0.29281809999999997
-41.69077,-203.1814,12.0,14.244470000000002,0.4676932
-39.21423,-188.84099999999998,12.0,23.5812,0.49294449999999995
-27.76373,-172.7555,12.0,30.084290000000003,0.4616866
-7.1410149999999994,-159.339,12.0,36.48084,0.4573889
11.37955,-140.0334,12.0,33.190979999999996,-0.8598903
5.5770919999999995,-119.6691,12.0,32.467259999999996,0.5190096
-8.467953,-93.06466,12.0,48.17041,0.4946874
-8.945944,-54.411680000000004,12.0,54.878,0.3347236
-2.545651,-12.4916,12.0,59.647909999999996,0.1465266
-6.440153,24.75927,12.0,32.1233,-2.486016
-23.245739999999998,43.11385,12.0,36.7836,0.100438
-51.63439,44.55729,12.0,41.422309999999996,0.20828400000000002
-84.42466999999999,44.380559999999996,12.0,47.1237,0.4164134
-120.9253,40.683640000000004,12.0,49.701,-0.3917488
-151.6808,27.140959999999996,12.0,43.70797,-0.5632437
-153.3005,12.80958,12.0,6.110945,-1.264232
-151.501,12.68982,12.0,7.412965,0.558944
-146.7055,6.548261,12.0,15.110420000000001,0.5348549
-145.6986,-7.440224000000001,12.0,22.5179,0.25925360000000003
-142.2861,-26.4569,12.0,29.51506,0.470243
-142.3039,-36.25605,13.0,8.680984,0.3031705
-145.993,-44.80818,13.0,16.49341,0.277422
-157.9851,-53.336290000000005,13.0,23.62278,0.5047757
-167.1796,-67.1587,13.0,21.00834,-0.3064369
-157.9465,-76.02852,13.0,18.472520000000003,0.4037192
-143.0936,-73.25681,13.0,20.20113,-0.35919309999999993
-128.416,-73.36398,13.0,23.310570000000002,0.5019271
-112.5977,-84.31504,13.0,29.338459999999998,0.4061195
-106.8952,-106.7778,13.0,34.42143,0.2946094
-121.4371,-128.4978,13.0,38.24743,0.2542376
-144.2201,-128.5967,13.0,21.6216,-1.562232
-143.6989,-122.7433,13.0,7.462928,0.6238828000000001
-138.3085,-122.2862,13.0,1.7216639999999999,0.9182109
-142.409,-123.6963,13.0,9.507327,0.3908467
-145.5325,-128.6924,13.0,3.752542,-0.8370025999999999
-145.3289,-127.7209,13.0,6.0671,0.6514837
-141.7914,-120.8342,13.0,14.675120000000001,0.2809993
-141.3038,-107.7074,13.0,21.88675,0.2366448
-155.352,-97.79999000000001,13.0,26.36,-0.3164818
-166.7566,-109.4143,13.0,25.936429999999998,0.9677648999999999
-167.8052,-131.5671,13.0,33.48942,0.5046821
-167.5967,-159.0103,13.0,40.22061,0.2376203
-167.9778,-191.2011,13.0,46.59812,0.4299215
-167.9575,-227.9592,13.0,52.48471,0.3280327
-151.2606,-256.2072,13.0,42.91535,-0.22673220000000002
-128.3817,-248.9815,13.0,29.207420000000003,0.3996441
-128.2814,-224.3084,13.0,38.77981,0.3435862
-127.7031,-194.5956,13.0,32.51853,-4.046944
-121.7848,-182.6781,13.0,14.10754,-0.01343155
-110.0084,-184.4687,13.0,21.21994,0.19739779999999998
-104.7673,-201.4227,13.0,27.88193,0.2455882
-107.3806,-224.4881,13.0,34.89127,0.5036957999999999
-103.9481,-251.8541,13.0,40.360659999999996,0.3966737
-81.88372,-272.1155,13.0,42.63268,-0.01091159
-54.36065,-260.9759,13.0,42.506679999999996,-0.002354373
-48.789229999999996,-229.4402,13.0,46.492309999999996,0.45963230000000005
-41.81068,-197.9215,13.0,42.50418,0.3796359
-20.53899,-172.2323,13.0,48.12307,0.1991841
4.5164290000000005,-144.1222,13.0,50.79882,-0.7454786999999999
5.220329,-113.1176,13.0,36.98455,-0.6796644000000001
-8.962612,-95.89148,13.0,27.77651,0.14591289999999998
-6.292425,-71.93646,13.0,36.18315,0.5013936
-5.437691,-42.6594,13.0,42.80923,0.45577629999999997
-4.054581,-8.634647,13.0,49.00019,0.42559079999999994
-7.547803,28.147140000000004,13.0,46.09516,-0.7635411999999999
-28.10472,41.54153,13.0,25.614620000000002,-1.920291
-34.90526,32.73205,13.0,13.88035,-0.5776803
-35.12508,32.589240000000004,13.0,0.06298605,-0.01553859
-35.17069,32.59483,13.0,0.05502504,-0.02886796
-34.34655,35.382290000000005,13.0,8.070802,0.5266812
-32.63923,42.67592,13.0,7.674459,-0.8131121
-32.27731,44.64092,13.0,1.9190330000000002,0.5980963
-35.26829,41.562509999999996,13.0,9.988762,0.2768963
-45.038920000000005,43.23303,13.0,17.33111,0.5012182
-60.2463,45.315329999999996,13.0,24.110210000000002,0.23567510000000003
-80.33795,42.63013,13.0,30.595340000000004,0.4406191
-105.1982,42.837590000000006,13.0,36.52571,0.3694612
-133.2117,37.922340000000005,13.0,39.98001,-0.3509292
-147.8463,15.122670000000001,13.0,38.97971,0.33468709999999996
-145.1158,-15.507670000000001,13.0,44.26611,0.1840935
-148.3857,-48.055009999999996,14.0,39.52248,-0.9287049999999999
-163.2653,-64.49343,14.0,23.747770000000003,-0.9044970999999999
-151.6694,-75.62286,14.0,26.784259999999996,0.20145710000000003
-129.7414,-77.1442,14.0,32.27084,0.1238525
-111.62799999999999,-94.13916,14.0,36.256409999999995,0.1004374
-114.3789,-120.5653,14.0,38.50172,0.179801
-138.0968,-131.5772,14.0,30.862990000000003,-1.669397
-145.9475,-120.7156,14.0,6.304918,-2.38789
-146.3602,-119.4097,14.0,1.935343,-0.004286812
-147.1991,-118.3563,14.0,1.595582,-0.03227019
-148.2266,-117.5827,14.0,3.2892660000000005,0.4288023
-150.9018,-117.4552,14.0,1.491919,-0.7453088999999999
-148.8523,-116.2914,14.0,7.697392999999999,0.6389391
-144.6362,-108.9078,14.0,15.805320000000002,0.288056
-151.6999,-97.63237,14.0,22.21446,0.345588
-166.5284,-103.7811,14.0,26.00712,0.1446721
-166.6272,-124.869,14.0,32.22742,0.2426944
-166.7116,-151.2747,14.0,39.10501,0.48608559999999995
-166.9077,-182.7021,14.0,45.63273,0.4558026
-167.0694,-218.7716,14.0,51.72801,0.209558
-156.6571,-250.9595,14.0,36.56723,-2.008649
-141.8398,-253.1358,14.0,7.310569999999999,-0.6951975
-141.3931,-250.0885,14.0,2.723936,-0.0818255
-138.2524,-248.0309,14.0,8.965152999999999,0.35579079999999996
-129.4831,-251.03599999999997,14.0,14.317960000000001,-0.2841953
-121.587,-249.338,14.0,9.736772,-0.1477236
-122.6066,-239.7576,14.0,17.93802,0.295184
-125.9768,-223.9161,14.0,25.71201,0.5546956999999999
-127.6225,-202.1994,14.0,33.07052,0.538546
-120.0822,-180.2461,14.0,30.2777,-0.29358059999999997
-105.7609,-186.8902,14.0,25.94195,1.1170209999999998
-106.961,-213.0102,14.0,45.388020000000004,0.7063505999999999
-103.1769,-252.1515,14.0,56.65218,-1.310838
-75.74426,-272.3929,14.0,45.66594,0.4566348
-49.56342,-255.4148,14.0,43.2457,-0.08536795
-49.44605,-222.454,14.0,47.19092,0.22353579999999998
-35.12084,-189.7538,14.0,51.16465,0.1785683
-6.926763,-161.6363,14.0,56.614230000000006,0.37518779999999996
10.028780000000001,-128.9799,14.0,36.751129999999996,-2.502338
-0.8566806999999999,-111.2579,14.0,26.16948,0.45504629999999996
-5.888502,-89.67708,14.0,33.59953,0.24670949999999997
-3.791564,-62.3226,14.0,40.452420000000004,0.48362079999999996
-2.32694,-29.928409999999996,14.0,46.894709999999996,0.4601832
-2.9687259999999998,7.047028999999999,14.0,52.91421999999999,0.3998402
-16.15417,39.00292,14.0,43.82213,-0.3041002
-47.952890000000004,41.00352,14.0,46.283609999999996,0.44991620000000004
-84.59303,40.19655,14.0,52.2976,0.42112040000000006
-124.2592,41.41468,14.0,48.91878,-1.828591
-145.1063,26.85333,14.0,22.30498,-1.366977
-144.1282,22.35149,14.0,4.33925,0.3315062
-141.4853,25.16402,14.0,4.107488,-0.7730445
-142.3537,23.949270000000002,14.0,6.753647999999999,0.4836692
-147.9668,21.48845,14.0,7.360963000000001,-0.8307916999999999
-149.2715,21.89038,14.0,3.124588,0.6878092
-144.8383,18.363670000000003,14.0,12.15352,0.3270013
-140.9297,7.134861999999999,14.0,20.417820000000003,0.3065256
-141.4429,-10.95115,14.0,28.40672,0.5989416
-141.7872,-34.35505,1.0,5.96877,0.30589320000000003
-142.1248,-40.2548,1.0,12.33025,0.6677715
-147.5628,-50.98547,1.0,20.77316,0.5763365
-161.7459,-62.24115,1.0,27.554059999999996,0.07556354
-154.59,-76.86966,1.0,24.30387,-0.2370385
-139.2002,-68.34821,1.0,14.969120000000002,0.6130356
-135.8684,-68.278,1.0,0.02449039,0.0005252194
-135.8496,-68.28081999999999,1.0,0.02558783,-0.00027615669999999997
-135.8318,-68.28317,1.0,0.01490586,-0.02264366
-136.00799999999998,-69.01462,1.0,4.0509260000000005,0.1944473
-135.8001,-72.33681,1.0,4.448627,-0.04367672
-135.9173,-75.28754,1.0,3.6030620000000004,-0.024208900000000002
-136.7544,-76.41811,1.0,2.17061,0.6711908000000001
-132.0724,-74.92917,1.0,11.16533,0.3187062
-121.46700000000001,-78.40578000000001,1.0,19.069229999999997,0.483835
-113.1136,-93.10563,1.0,26.76554,0.27528509999999995
-111.4673,-114.8297,1.0,32.96929,0.4100312
-129.0448,-132.8267,1.0,36.60595,-0.2074218
-146.6475,-124.3871,1.0,22.3102,0.04897068
-138.47799999999998,-110.87700000000001,1.0,15.596929999999999,-1.125916
-138.4579,-108.71700000000001,1.0,0.02488677,0.01376831
-138.4586,-108.7344,1.0,0.01917732,-0.01738327
-139.4796,-108.3545,1.0,5.627648000000001,0.2908124
-144.7413,-109.5768,1.0,7.863278,-0.029376999999999997
-145.3454,-110.1612,1.0,4.3781870000000005,0.6319429
-144.6674,-103.88600000000001,1.0,12.92587,0.5887157
-153.2551,-95.94167,1.0,18.24636,-0.2091161
-163.6391,-99.61153,1.0,13.87156,0.22481820000000002
-166.8636,-114.7635,1.0,28.510209999999997,0.9189937
-169.8342,-139.4509,1.0,37.71107,0.380817
-163.195,-167.115,1.0,35.452290000000005,-0.5935271
-167.5929,-190.4493,1.0,30.812829999999998,0.8242936
-166.923,-218.6332,1.0,39.15056,-0.289555
-163.2352,-244.2023,1.0,30.127840000000003,-0.9403226
-145.6594,-250.8648,1.0,27.95093,0.3056304
-124.6721,-242.9016,1.0,30.8254,-1.2783440000000001
-127.1699,-226.9757,1.0,25.03656,0.2588638
-127.3269,-211.7852,1.0,22.48479,-0.1805895
-123.4235,-198.662,1.0,18.07265,0.15430639999999998
-123.5775,-186.8493,1.0,14.41125,-0.0668596
-112.1827,-186.3006,1.0,18.43534,-0.9050971
-110.2627,-197.7182,1.0,14.29234,-0.04914244
-109.9017,-208.9813,1.0,18.62869,0.5830081
-108.2302,-225.6417,1.0,26.44925,0.5487564
-104.9754,-247.706,1.0,33.62167,0.4670765
-89.27515,-268.4771,1.0,38.16771,0.20643670000000003
-61.96979,-266.2879,1.0,39.49358,-0.01643264
-51.97753,-239.7602,1.0,41.4685,0.4807759
-44.255390000000006,-208.3993,1.0,46.60993,0.1921868
-22.32601,-179.4274,1.0,52.05632,0.4338255999999999
2.785113,-147.4898,1.0,57.60232,0.4090377
11.48804,-112.1482,1.0,28.715670000000003,-1.7245419999999998
10.00433,-104.3656,1.0,1.034946,-0.1254914
9.777389999999999,-104.256,1.0,0.6275679,0.26393740000000004
12.36403,-105.9899,1.0,7.065722999999999,0.1709058
17.72926,-107.1422,1.0,4.7499519999999995,-0.3890625
17.68045,-107.1777,1.0,4.591948,0.3202968
11.57194,-109.6572,1.0,13.08278,0.29597340000000005
1.199786,-110.0002,1.0,17.31429,0.2870737
1.11754,-95.21902,1.0,23.9822,0.4872338
-3.209661,-75.78571,1.0,30.55704,0.2261379
-5.684392,-50.85076,1.0,37.18802,0.2476558
-6.430094,-20.89656,1.0,43.630390000000006,0.44338590000000005
-6.5921270000000005,13.68259,1.0,49.6623,0.43041599999999997
-15.4423,42.122279999999996,1.0,25.860789999999998,-2.019448
-25.3306,41.08509,1.0,15.91885,0.5290745
-38.89574,38.006190000000004,1.0,22.9374,0.5221354
-58.42284,39.82735,1.0,30.0866,0.2564251
-83.3085,39.58802,1.0,36.98083,0.5010995
-113.1055,40.37426,1.0,43.45445,0.46859290000000003
-141.2347,35.40773,1.0,30.001590000000004,-1.8911779999999998
-141.9449,24.38489,1.0,8.309505,-0.40135390000000004
-137.7514,24.26744,1.0,0.07694093,-0.07614221
-137.7518,24.22203,1.0,0.05864431,0.01965365
-138.6416,24.46892,1.0,4.722835,0.5502967
-144.4629,24.1626,1.0,10.40795,0.1547664
-150.6469,25.267129999999998,1.0,3.9027800000000004,-0.6800480999999999
-150.2234,24.97905,1.0,4.964812,0.3110849
-147.0735,19.3851,1.0,12.84127,0.5104442
-151.32299999999998,8.270539999999999,1.0,19.61563,0.3615242
-149.0836,-7.885007000000001,1.0,25.70713,0.4907849
-146.0785,-29.087670000000003,1.0,32.084559999999996,0.22491860000000002
-155.1462,-50.082570000000004,2.0,32.34896,0.1287797
-166.5077,-67.19827,2.0,26.088829999999998,-0.8753155999999999
-156.6386,-71.4537,2.0,8.879288,-0.5730185
-155.7126,-68.52718,2.0,0.05409212,-0.008768164
-155.6776,-68.52818,2.0,0.03830086,0.005482539
-156.1424,-70.60979,2.0,5.279673000000001,0.07621844
-156.657,-74.2793,2.0,4.7057400000000005,-0.03623657
-156.4407,-74.46051,2.0,4.833923,0.6841316
-149.9272,-72.95968,2.0,13.77965,0.3012034
-139.1417,-80.3934,2.0,21.17597,-0.2097909
-125.5623,-83.89563000000001,2.0,17.38556,-0.1049599
-114.0056,-94.75735,2.0,28.78489,0.7163417
-113.5784,-116.5132,2.0,31.454559999999997,0.2669567
-131.9219,-130.6324,2.0,31.923920000000003,-0.6809271
-145.4231,-121.6091,2.0,20.13498,-0.09528629
-138.9952,-107.3221,2.0,19.48582,-0.5515431
-150.9282,-101.5604,2.0,21.41149,0.02887889
-161.0005,-109.4006,2.0,16.621879999999997,-0.08846123
-162.4778,-121.8015,2.0,18.209239999999998,0.2790805
-165.3537,-137.8355,2.0,26.25872,0.2943421
-165.2617,-160.2029,2.0,34.00379,0.27512329999999996
-165.5988,-188.2106,2.0,41.28522,0.2458688
-165.887,-221.3354,2.0,48.08723,0.48085
-159.6252,-248.0072,2.0,22.010479999999998,-0.47694369999999997
-142.4669,-252.0095,2.0,28.160759999999996,0.5416849
-125.2309,-242.1636,2.0,26.57297,-0.643163
-127.3625,-222.6442,2.0,31.741229999999998,0.6466718000000001
-126.5105,-196.7182,2.0,37.67268,-0.5718776999999999
-120.9842,-184.1582,2.0,10.54842,1.114733
-111.9769,-188.4572,2.0,18.07018,0.5731664000000001
-109.9979,-204.6177,2.0,26.06319,0.5702888
-107.758,-226.7007,2.0,33.829440000000005,0.5638111
-101.1987,-253.5489,2.0,40.616929999999996,0.3917962
-77.9668,-270.8524,2.0,40.36374,-0.07745232
-52.657619999999994,-255.8709,2.0,42.24129,0.126582
-49.48042,-224.6654,2.0,45.52211,0.4061567
-37.33484,-192.167,2.0,49.6809,0.4039649
-10.54822,-163.6707,2.0,55.82147,0.4253071
8.830368,-132.2566,2.0,31.619670000000003,-3.34904
1.890971,-119.3348,2.0,21.53584,0.5887725
-6.272628,-103.1558,2.0,28.576990000000002,0.2615429
-6.630725999999999,-79.18274,2.0,36.114059999999995,0.5403134
-6.788434,-49.76342,2.0,43.26417,0.5129319
-7.165331,-15.182229999999999,2.0,49.96651,0.4636635
-7.665507000000001,23.95536,2.0,51.881479999999996,-0.9677343
-21.84645,45.82011,2.0,20.4372,-1.31218
-25.72541,45.082,2.0,4.48434,0.6652070999999999
-28.675009999999997,40.03822,2.0,12.91889,0.3152109
-40.28176,43.7348,2.0,21.05985,0.29446540000000004
-57.85204,45.7082,2.0,28.15539,0.5649122
-81.38074,42.30128,2.0,35.74207,0.2541389
-110.4995,41.26437,2.0,42.87883,0.49295340000000004
-142.6093,34.652570000000004,2.0,39.85201,-1.969137
-150.0955,19.40265,2.0,7.696656,-2.504132
-147.0834,19.42083,2.0,8.133071000000001,0.5942509
-143.3008,12.18222,2.0,16.28315,0.2846513
-150.4663,-0.7918819,2.0,23.72354,0.16305250000000002
-147.0068,-19.54025,2.0,29.759829999999997,0.5156396
-142.2959,-36.342459999999996,3.0,12.18405,0.07924703
-145.1395,-44.47419,3.0,11.641760000000001,0.13877899999999999
-153.8473,-52.40781,3.0,16.60921,-0.1545735
-164.2726,-55.7619,3.0,13.061860000000001,-0.2941829
-166.1909,-63.25538,3.0,9.833071,-0.08408993
-160.8286,-70.59704,3.0,16.61676,0.5678238
-146.1424,-71.7896,3.0,24.20061,0.5147364000000001
-126.4568,-77.12614,3.0,29.06393,-0.228106
-112.0642,-89.70934,3.0,23.61054,-0.1915473
-108.0089,-108.3814,3.0,27.84742,-0.2263163
-114.4743,-125.462,3.0,22.24209,-0.37686329999999996
-128.0403,-133.486,3.0,24.11926,0.22086370000000002
-142.4652,-126.4079,3.0,25.74543,1.020493
-150.2328,-106.4624,3.0,26.276329999999998,-1.781523
-162.7935,-105.619,3.0,18.54417,0.24838739999999998
-167.5378,-121.0553,3.0,26.11366,0.2890831
-169.8469,-143.2093,3.0,33.833870000000005,0.5245175
-167.75900000000001,-170.7691,3.0,40.8964,0.5149189999999999
-166.0911,-203.56,3.0,47.58258,0.4598451
-163.7916,-239.7204,3.0,46.40253,-1.191074
-147.6513,-259.2691,3.0,28.61154,-0.5164545
-131.1935,-248.5096,3.0,30.377470000000002,0.5829439000000001
-125.9605,-225.7259,3.0,35.11915,0.4993723
-127.6969,-199.2322,3.0,34.30733,-0.3110962
-119.4606,-179.3326,3.0,23.89846,-0.06078402
-108.7537,-186.7364,3.0,21.75011,0.4960335
-107.8225,-205.0325,3.0,28.71743,0.5537736999999999
-104.8281,-227.3948,3.0,29.61754,-0.4231719
-106.1753,-248.5553,3.0,32.71543,0.7132291000000001
-93.31044,-270.3625,3.0,36.50011,-0.17807779999999998
-67.97655,-268.7562,3.0,23.958070000000003,-1.3836950000000001
-57.40769,-267.5806,3.0,7.263178999999999,-0.49749319999999997
-56.55939,-266.9905,3.0,2.784795,-0.34601609999999994
-57.151230000000005,-267.3527,3.0,1.062902,0.3703284
-55.018840000000004,-264.9477,3.0,6.748061999999999,0.20601689999999998
-50.34082,-262.2919,3.0,8.105288,0.01935679
-48.23288,-263.6146,3.0,1.7950709999999999,0.267855
-50.013870000000004,-259.3456,3.0,10.47035,0.2821405
-48.33215,-248.7728,3.0,18.57631,0.5560404999999999
-44.84616,-232.5876,3.0,26.097179999999998,0.2548719
-42.35759,-210.6754,3.0,33.237109999999994,0.2462402
-34.94446,-185.487,3.0,37.86877,0.34694759999999997
-13.868620000000002,-164.3296,3.0,36.999309999999994,-1.018809
1.59136,-151.4827,3.0,22.02625,-0.3541831
11.010580000000001,-140.721,3.0,17.04305,-0.3618656
10.73209,-129.6829,3.0,15.63708,0.5995036
2.6352290000000003,-117.8941,3.0,23.15975,0.5181355
-6.266585,-100.3354,3.0,30.244670000000003,0.4989095
-10.44064,-75.78947,3.0,36.832359999999994,0.21569549999999998
-8.083416,-46.172109999999996,3.0,43.19079,0.45665029999999995
-3.708308,-13.1554,3.0,43.01133,-0.32629250000000004
-4.174345,10.39777,3.0,16.39704,-2.026466
-4.924352,15.430710000000001,3.0,5.410801,1.170807
-6.503711,22.89128,3.0,14.574629999999999,0.5923196
-12.42741,35.11674,3.0,22.26349,0.2593649
-28.976909999999997,44.178470000000004,3.0,29.201890000000002,0.42443859999999994
-52.8643,44.6413,3.0,35.7882,0.5105592999999999
-81.87279000000001,43.817029999999995,3.0,42.50523,0.4679066
-115.2762,41.1879,3.0,45.52487,-0.17512550000000002
-144.7322,33.48941,3.0,37.81451,-0.34387740000000006
-146.637,10.6119,3.0,33.723209999999995,0.4252599
-145.0498,-15.2081,3.0,38.47762,0.4348124
-145.3107,-45.15583,4.0,37.14563,-2.664559
-158.4982,-54.295590000000004,4.0,19.11476,0.29796269999999997
-168.1788,-62.09466,4.0,20.04735,0.2058484
-155.9196,-72.29539,4.0,25.68103,0.3945563
-134.6912,-74.22073,4.0,32.045970000000004,0.2189292
-114.1907,-89.37161,4.0,37.6768,0.1933152
-111.1268,-116.1035,4.0,37.3176,0.02875825
-131.0441,-132.821,4.0,34.8957,-0.22537390000000002
-145.1856,-117.92,4.0,29.776390000000003,0.28104650000000003
-150.0653,-99.38600000000001,4.0,18.38481,-1.709864
-162.1667,-103.2,4.0,21.708070000000003,0.2411375
-167.9807,-120.6598,4.0,28.750740000000004,0.5427289000000001
-170.5521,-144.4427,4.0,35.72998,0.2354125
-167.9919,-173.3011,4.0,42.37888,0.23256020000000002
-164.9326,-206.92700000000002,4.0,48.71954,0.4678935
-162.6199,-241.9922,4.0,37.47906,-4.240637
-152.6456,-255.0833,4.0,18.49992,-0.3167844
-136.9429,-257.5558,4.0,24.77414,0.1045969
-127.4525,-241.0314,4.0,29.846190000000004,0.5223165
-126.5419,-216.7491,4.0,36.10967,0.4872246
-126.9091,-188.2946,4.0,39.99628,-0.31724559999999996
-106.0882,-177.6353,4.0,29.74178,-0.3985438
-101.7482,-192.6251,4.0,21.44089,-0.3096027
-114.5974,-200.1608,4.0,11.82231,-0.46690240000000005
-114.5551,-201.5558,4.0,0.0014114720000000002,-0.01694649
-114.2836,-201.6273,4.0,2.333018,0.25130549999999996
-110.8854,-200.9353,4.0,6.988825,0.3460163
-109.6807,-198.1844,4.0,0.05443519,-0.6333701999999999
-109.3745,-200.8849,4.0,7.284845,0.2650787
-107.7864,-208.7008,4.0,14.16416,0.48041190000000006
-105.6129,-221.46599999999998,4.0,20.58761,0.22034810000000002
-105.7444,-238.9658,4.0,26.56762,0.41595740000000003
-102.0065,-259.8004,4.0,31.254459999999998,0.1364215
-82.37188,-272.0543,4.0,33.77967,0.25636509999999996
-57.68995,-264.2408,4.0,37.227940000000004,0.03776518
-49.257509999999996,-238.9218,4.0,38.63746,0.1774144
-45.522909999999996,-209.0701,4.0,42.91814,0.1592973
-30.02698,-179.9623,4.0,46.23806,0.08978613
-5.0581190000000005,-157.7479,4.0,37.46743,-1.082681
8.652727,-144.7549,4.0,19.87335,-0.2268865
12.46123,-132.8745,4.0,19.969620000000003,1.115
2.474391,-118.0894,4.0,27.129820000000002,0.41301720000000003
-7.133025999999999,-98.49709,4.0,32.21352,0.17462660000000002
-10.58517,-73.03192,4.0,37.30397,0.359912
-7.459289,-43.80676,4.0,42.08148,0.3481635
-2.007833,-11.365160000000001,4.0,46.7225,0.292879
-6.117593,23.35548,4.0,41.185590000000005,-4.525223
-19.61705,39.88528,4.0,29.807509999999997,0.15196579999999998
-42.84584,43.85448,4.0,34.54903,0.36715990000000004
-70.32325,43.27366,4.0,39.66595,0.3735915
-101.4802,42.05679,4.0,43.69689,-0.04397141
-130.9679,38.66796,4.0,30.59852,-3.5487559999999996
-142.701,33.57338,4.0,17.1929,0.3947
-147.9697,19.90822,4.0,22.94202,0.20209820000000003
-145.9585,0.9542065000000001,4.0,28.66783,0.43269300000000005
-141.6887,-21.98339,4.0,34.02859,0.1660067
-146.7862,-45.07763,5.0,27.82467,-0.7997911999999999
-163.9663,-55.71499,5.0,29.26332,-0.15217229999999998
-165.4865,-68.9231,5.0,18.69925,-0.6812478
-152.8367,-70.28432,5.0,20.603170000000002,0.4983593
-135.7478,-74.06532,5.0,26.6186,0.4155753
-116.4652,-83.56229,5.0,31.626170000000002,0.290058
-107.8297,-105.5149,5.0,34.43038,0.1086711
-117.3131,-127.9633,5.0,31.887040000000002,0.04684914
-136.3981,-131.6705,5.0,22.83679,-0.7764047
-143.8572,-116.0418,5.0,26.63689,0.3487579
-157.07299999999998,-100.7315,5.0,25.9558,-1.0305520000000001
-165.2131,-107.8148,5.0,16.870520000000003,-0.278248
-165.8836,-121.4421,5.0,22.81717,-0.1590503
-167.926,-142.375,5.0,37.13511,0.7167252
-167.0155,-175.0834,5.0,47.74483,0.2698813
-164.26,-211.7804,5.0,46.00391,-2.2820169999999997
-163.7039,-234.0221,5.0,20.76091,-0.4640397
-161.4424,-247.1999,5.0,15.3252,-0.410364
-153.7078,-256.3264,5.0,20.928720000000002,0.4702576
-136.4228,-258.0079,5.0,28.49868,0.3264402
-125.7885,-236.2961,5.0,38.92418,0.64071
-127.8425,-206.7223,5.0,35.49695,-2.066369
-127.2554,-189.5681,5.0,18.11721,-0.236433
-117.7989,-182.2246,5.0,20.05043,0.7267804
-103.8379,-190.0476,5.0,25.153660000000002,0.1783567
-102.8578,-211.5921,5.0,34.061659999999996,0.4531978
-105.3441,-238.3062,5.0,36.56994,-0.17296240000000002
-102.2647,-261.9801,5.0,28.339029999999998,-0.21879120000000002
-82.94526,-272.0103,5.0,32.53515,0.14405479999999998
-58.99984,-265.0605,5.0,35.75432,0.05243439
-49.21675,-240.332,5.0,38.69943,0.3684146
-45.00195,-209.9558,5.0,43.54755,0.33315659999999997
-31.86229,-179.3669,5.0,46.7225,0.19756479999999998
-7.632047,-159.0618,5.0,24.62604,-4.086227
1.429462,-153.1895,5.0,11.398660000000001,-0.3270688
6.846589999999999,-148.9357,5.0,7.319997,-0.13331099999999999
10.93288,-144.3779,5.0,11.221739999999999,0.24219139999999997
12.97151,-134.1588,5.0,17.46444,0.2209998
5.756598,-121.0028,5.0,23.40333,0.21161100000000002
-4.468729,-104.56200000000001,5.0,29.019379999999998,0.39817440000000004
-10.09482,-81.75369,5.0,34.317859999999996,0.18093589999999998
-9.0083,-54.65266,5.0,39.186679999999996,0.3701624
-3.3877610000000002,-24.29476,5.0,43.99924,0.33608150000000003
-1.9197650000000002,7.943109,5.0,36.96228,-1.6292879999999998
-6.343219,24.22629,5.0,9.818946,-0.3062606
-10.88485,32.88726,5.0,17.22658,0.2288984
-22.52085,41.92311,5.0,23.1063,0.41474799999999995
-41.23222,45.29002,5.0,28.643179999999997,0.4248217000000001
-64.5011,44.9487,5.0,34.16752,0.4026128
-91.76245,43.74646,5.0,39.347770000000004,0.35667709999999997
-121.1805,40.85948,5.0,36.2515,-0.26629749999999996
-139.0829,36.813629999999996,5.0,21.07465,0.1731425
-147.3851,21.89709,5.0,26.181179999999998,0.182772
-145.968,0.7701633000000001,5.0,31.419340000000002,0.3995408
-141.8553,-24.05931,5.0,35.450379999999996,-1.464677
-144.8395,-42.09843,6.0,12.67707,-0.32809829999999995
-151.2238,-51.56615,6.0,20.3671,-0.5386963
-162.8037,-56.83709,6.0,14.32608,-0.44952129999999996
-165.7033,-65.7027,6.0,16.95232,0.7220454000000001
-152.4666,-72.80066,6.0,26.93559,0.5626364
-128.3384,-75.65994,6.0,38.56474,0.3310547
-109.0264,-97.0128,6.0,37.94072,-0.6360437
-115.7766,-115.8301,6.0,12.779060000000001,-0.9686878000000001
-118.8338,-124.6154,6.0,17.31602,1.124385
-127.9167,-133.8937,6.0,17.881439999999998,0.5185648
-141.5513,-128.5831,6.0,23.40108,0.3292433
-146.0365,-110.1801,6.0,22.90719,-3.323115
-151.0039,-103.6683,6.0,7.802694,0.27681120000000004
-159.0539,-100.5675,6.0,16.14208,0.2625587
-166.6187,-108.7458,6.0,18.61401,0.39968400000000004
-167.90099999999998,-127.4642,6.0,32.20248,0.9555693999999999
-168.6859,-156.0902,6.0,44.4043,0.8448263
-166.4723,-192.7588,6.0,54.5568,0.6532812
-163.524,-231.0678,6.0,46.50594,-0.9490779
-155.9329,-256.4233,6.0,28.33023,-0.5847924
-138.8896,-256.747,6.0,19.95975,-0.23337779999999997
-127.8697,-245.9835,6.0,24.89033,0.1829811
-124.9287,-225.8322,6.0,30.30145,0.3728126
-128.4438,-201.6628,6.0,35.517179999999996,0.33686659999999996
-124.2267,-183.4127,6.0,15.98949,0.2419927
-110.3618,-184.7965,6.0,22.25743,0.2941855
-102.8785,-200.7764,6.0,27.04222,0.1918058
-103.8257,-222.8336,6.0,32.529379999999996,0.3944018
-105.7502,-248.7454,6.0,37.5812,0.1567154
-92.44171999999999,-271.6176,6.0,36.232479999999995,-0.2120083
-69.42365,-269.4681,6.0,27.486829999999998,-0.2814026
-53.634240000000005,-261.9022,6.0,22.8164,0.45975340000000003
-47.75584,-242.8481,6.0,30.5336,0.3401966
-44.36987,-218.43099999999998,6.0,35.92947,0.3692672
-39.6888,-190.4536,6.0,40.455009999999994,0.190782
-18.77305,-168.8176,6.0,42.80661,-0.6193485
-0.9480291999999999,-155.3902,6.0,15.144420000000002,-1.9696790000000002
6.516817,-149.4691,6.0,12.0812,-0.002164459
12.15088,-141.3309,6.0,16.19432,0.6047252
9.767395,-126.8733,6.0,24.63695,0.3284568
-4.1303730000000005,-108.3462,6.0,38.36031,1.0142930000000001
-9.620586,-75.53121999999999,6.0,51.62565,0.8675209999999999
-5.433065,-33.46241,6.0,60.727669999999996,0.26174980000000003
-2.39711,8.934042,6.0,44.28047,-1.640066
-8.569656,28.2577,6.0,20.44878,0.1393701
-20.1702,41.04894,6.0,28.01704,0.7739596
-44.883109999999995,45.34843,6.0,41.173809999999996,1.1119379999999999
-80.89052,43.98939,6.0,55.603030000000004,0.4745702
-118.5909,40.998740000000005,6.0,28.98323,-3.579908
-130.5778,38.68417,6.0,12.38354,-0.06581482
-142.9702,33.79674,6.0,23.364,0.194444
-147.6176,16.12009,6.0,27.863259999999997,0.41284499999999996
-144.4099,-6.3020830000000005,6.0,33.32462,0.18723420000000002
-141.8663,-32.44709,6.0,37.460370000000005,0.2218
-142.4755,-39.54087,7.0,12.128639999999999,0.5126847999999999
-148.0883,-49.1701,7.0,18.3033,0.21105100000000002
-162.1555,-55.835969999999996,7.0,23.68439,0.3373065
-167.9471,-69.07448000000001,7.0,16.846020000000003,-0.46789899999999995
-159.5518,-76.76576,7.0,17.171229999999998,0.2435694
-145.9241,-74.49325999999999,7.0,20.15146,-0.05375686
-130.5742,-73.85005,7.0,22.44695,0.10929489999999999
-114.6914,-84.15633000000001,7.0,29.82555,0.1813757
-108.2302,-105.9987,7.0,33.50608,0.2933074
-121.3624,-127.25200000000001,7.0,36.27442,0.2168897
-144.9014,-128.3277,7.0,25.27189,-1.784976
-144.8781,-118.2611,7.0,10.5126,-0.38735959999999997
-143.9463,-108.9184,7.0,17.75574,-0.01402105
-153.4976,-101.4973,7.0,17.45169,0.2527469
-165.2903,-108.4993,7.0,20.3295,-0.2053637
-165.938,-123.4903,7.0,22.454829999999998,0.5600932
-167.7372,-143.7043,7.0,34.01892,1.033113
-169.692,-173.9175,7.0,47.415209999999995,0.8897991
-169.9664,-212.8508,7.0,53.47911,-0.4491552
-164.0683,-245.4766,7.0,33.25542,-0.8518921
-146.7968,-254.4797,7.0,23.314610000000002,-0.508709
-131.1499,-250.2058,7.0,22.85206,0.01797824
-125.7587,-232.5487,7.0,30.57406,0.19643139999999998
-126.1368,-207.8366,7.0,35.98377,0.1851031
-122.818,-182.6244,7.0,23.47597,-1.223606
-112.6415,-182.0775,7.0,17.40472,1.088001
-109.3026,-196.6432,7.0,23.45905,0.42928370000000005
-108.7905,-216.1823,7.0,29.282320000000002,0.2029731
-108.2586,-239.9365,7.0,34.67582,0.156296
-97.29677,-264.01099999999997,7.0,37.98434,0.18343020000000002
-70.80008000000001,-272.4266,7.0,39.397259999999996,-0.0034279479999999997
-50.951640000000005,-253.1656,7.0,39.57952,0.1206004
-48.55666,-222.5586,7.0,43.75267,0.1479945
-35.32421,-192.71400000000003,7.0,46.274390000000004,0.31147090000000005
-10.74393,-166.2154,7.0,50.7972,0.138809
8.271929,-137.653,7.0,33.63604,-1.071242
4.590041,-119.5489,7.0,27.178929999999998,0.5160724
-5.654038,-99.53383000000001,7.0,35.37887,1.003224
-2.8349029999999997,-67.05756,7.0,52.963269999999994,1.233791
-0.7718974000000001,-21.997329999999998,7.0,68.21982,0.8486085999999999
-3.85015,24.45749,7.0,51.81428,-1.467122
-21.07398,42.06129,7.0,29.24012,0.22840570000000002
-47.24165,40.629529999999995,7.0,39.94686,0.3600576
-78.69306999999999,40.41367,7.0,44.77134,0.33880820000000006
-113.5735,41.35041,7.0,49.2862,0.31842259999999994
-144.2021,33.55149,7.0,30.625290000000003,-1.1267909999999999
-146.0593,12.85206,7.0,31.11897,0.382194
-145.1291,-12.229000000000001,7.0,36.446670000000005,0.3766797
-147.1625,-40.92167,8.0,40.624959999999994,-0.20118229999999998
-164.8456,-59.37477,8.0,25.722579999999997,-2.013217
-165.7135,-74.29259,8.0,25.35401,0.4869232
-146.6102,-78.19346,8.0,29.916520000000002,0.4089326
-123.8766,-81.31596,8.0,33.17737,0.2205313
-110.9056,-102.7618,8.0,36.298390000000005,0.2029969
-120.9679,-126.8949,8.0,37.501979999999996,0.10749790000000001
-144.061,-129.8759,8.0,18.567999999999998,-2.503795
-145.7433,-126.8663,8.0,5.603507,0.5460765000000001
-141.9765,-121.4791,8.0,12.45087,0.2285444
-144.7414,-110.6129,8.0,18.628339999999998,0.4396277
-157.47899999999998,-102.3311,8.0,23.26902,0.11711120000000001
-167.8044,-114.2296,8.0,25.22034,0.36232420000000004
-166.6405,-134.9597,8.0,30.68781,0.363642
-170.5534,-159.2952,8.0,35.91077,0.1789511
-169.972,-187.718,8.0,40.726420000000005,0.3480336
-168.8325,-219.6143,8.0,45.4828,0.3376285
-160.4369,-251.2585,8.0,40.10861,-0.9397211
-137.2821,-253.5949,8.0,28.05985,-0.6882705
-127.1398,-235.1215,8.0,31.8891,0.323038
-127.3839,-209.6151,8.0,37.06626,0.3634805
-122.3944,-183.0891,8.0,28.329179999999997,-3.154331
-110.6877,-181.8765,8.0,16.93896,0.3633837
-107.1002,-195.7171,8.0,22.63034,0.4434697
-106.51799999999999,-214.75799999999998,8.0,28.530920000000002,0.1967813
-105.7266,-237.9474,8.0,34.058040000000005,0.3856425
-97.46083,-262.862,8.0,37.48579,0.13295539999999997
-72.1357,-272.5446,8.0,38.46115,-0.04357291
-50.63438,-254.8394,8.0,39.58044,0.03020311
-46.56819,-224.6216,8.0,43.61658,0.35529429999999995
-36.97466,-193.3531,8.0,45.413779999999996,0.1104797
-12.22676,-168.4422,8.0,49.61201,0.29842579999999996
7.799169999999999,-138.5429,8.0,42.3811,-0.9359527
1.285839,-114.074,8.0,36.54173,0.5352255
-5.975683,-87.49875,8.0,39.92175,0.1649465
-1.717166,-56.4979,8.0,44.6262,0.33938509999999994
-1.456424,-21.69395,8.0,49.11649,0.3349468
-2.7193009999999997,16.4097,8.0,52.89346999999999,-0.3507973
-17.958479999999998,41.80672,8.0,28.5329,-1.185315
-26.25272,40.80368,8.0,5.3543959999999995,0.2390141
-30.42387,36.962270000000004,8.0,11.7836,0.44918
-38.98117,43.462759999999996,8.0,18.172079999999998,0.4424822
-47.96873,48.58987,8.0,2.1093900000000003,-1.124121
-48.0162,48.586999999999996,8.0,0.02958393,0.02306152
-48.448679999999996,46.66169,8.0,4.829754,0.1497152
-47.218140000000005,43.34807,8.0,2.719801,-1.00484
-48.89,44.586000000000006,8.0,7.599423,0.4726826
-57.40602,46.32594,8.0,16.34618,0.607156
-72.55348000000001,44.59274,8.0,24.64491,0.5978912
-93.57043,42.11658,8.0,32.44269,0.5215929
-120.1869,44.28723,8.0,39.46482,0.39167820000000003
-143.3185,30.28339,8.0,38.42207,-0.09151786
-144.565,-0.4218507000000001,8.0,45.87539,0.5886336
-141.9016,-33.45563,9.0,3.14997,-0.06348246
-142.1929,-35.51563,9.0,3.69045,0.9623898000000001
-144.5394,-42.87213,9.0,14.50133,-0.22152039999999998
-150.4283,-50.3738,9.0,11.63942,-0.1086254
-159.4554,-53.709630000000004,9.0,13.69919,-0.2172413
-166.3636,-58.953140000000005,9.0,10.60951,-0.10235599999999999
-164.9575,-67.92317,9.0,18.49466,0.9263538
-152.1163,-73.65983,9.0,17.97342,-0.2840592
-140.0582,-72.80854000000001,9.0,14.74145,0.1495047
-125.0374,-76.7392,9.0,25.29148,0.03785941
-111.2152,-89.63965999999999,9.0,26.248409999999996,0.06800704
-107.2859,-107.7673,9.0,21.93646,-2.526094
-109.5549,-117.5141,9.0,11.23782,-0.17384349999999998
-114.7489,-127.6106,9.0,21.520229999999998,0.09281064
-127.4293,-134.968,9.0,18.16669,-0.32339009999999996
-138.9123,-131.8154,9.0,15.67174,0.09430588
-146.1129,-118.3815,9.0,25.61935,0.5777315
-153.3001,-101.52,9.0,17.11583,-0.5825986
-162.9174,-101.1915,9.0,12.25361,-0.05654827
-167.2534,-113.541,9.0,25.380770000000002,1.059461
-168.6621,-137.5429,9.0,39.10078,0.911122
-168.5027,-169.5811,9.0,45.85517,0.3509806
-165.0276,-204.2006,9.0,45.77113,-0.32891279999999995
-162.8417,-234.5801,9.0,34.217620000000004,-0.9813321
-156.871,-253.4819,9.0,23.73612,-0.2105522
-143.2391,-260.3875,9.0,18.49137,-0.4145021
-131.2467,-252.6393,9.0,25.571379999999998,1.141239
-124.9093,-229.662,9.0,37.06752,0.538161
-128.2139,-204.0515,9.0,27.580920000000003,-1.62722
-128.1984,-190.239,9.0,14.56959,-0.2183313
-122.2813,-182.2905,9.0,16.42567,0.3628511
-109.0816,-184.0207,9.0,17.511870000000002,-0.3123539
-102.9825,-193.6913,9.0,17.65781,1.067866
-102.9601,-212.3706,9.0,32.024370000000005,0.6630408
-105.9571,-238.7828,9.0,37.4133,-0.341533
-100.5467,-264.3678,9.0,34.15013,-0.2554766
-78.93279,-273.0921,9.0,32.78476,-0.06346135
-57.33427,-263.8351,9.0,31.8851,0.1324837
-48.57172,-240.8837,9.0,35.14045,0.14816410000000002
-44.42233,-214.2274,9.0,36.55387,-0.08856951
-38.49152,-189.1075,9.0,32.715270000000004,-0.3830234
-24.92375,-171.8262,9.0,26.81408,-0.19313829999999998
-10.278410000000001,-161.3206,9.0,22.05453,-0.308261
2.416611,-152.9181,9.0,18.65736,-0.1331062
11.65323,-142.5587,9.0,21.54818,0.24492080000000002
8.768184,-125.4883,9.0,27.27175,0.3277822
-4.354029,-108.7259,9.0,29.608159999999998,-0.006698966
-10.262310000000001,-87.40491999999999,9.0,30.26878,0.02282784
-10.711739999999999,-63.83857,9.0,33.972970000000004,0.14288910000000002
-6.786498,-38.25683,9.0,35.67882,0.08991011
-2.450091,-11.784980000000001,9.0,36.69502,0.06966588
-3.3985510000000003,12.49146,9.0,26.9376,-0.6585029
-7.974106,28.63692,9.0,19.40845,-0.14734470000000002
-19.14985,40.62086,9.0,27.02375,0.5065003
-41.06205,45.16404,9.0,33.91169,0.503087
-68.79564,43.95621,9.0,41.06641,0.2462145
-101.8606,43.25127,9.0,47.82362,0.46824269999999996
-134.6546,38.87101,9.0,34.8662,-0.380267
-147.1414,19.1455,9.0,34.74655,0.3361493
-141.5628,-8.548192,9.0,41.352140000000006,0.2117518
-143.8034,-34.86002,10.0,20.8448,-2.221775
-148.5112,-47.02995,10.0,20.317999999999998,0.5554057
-159.6005,-55.052130000000005,10.0,16.883029999999998,-0.2479541
-167.1034,-62.3438,10.0,13.09468,0.09342518
-161.1156,-72.13734000000001,10.0,18.15521,-0.4282003
-147.8336,-72.54406999999999,10.0,18.7655,-0.12771110000000002
-134.6267,-73.68528,10.0,20.17385,1.2719260000000001
-117.5187,-81.68818,10.0,29.340999999999998,0.4757717000000001
-107.1825,-102.4701,10.0,35.003029999999995,0.2064522
-114.1355,-126.2396,10.0,26.044320000000003,-0.9608454
-128.9805,-133.7259,10.0,20.3073,-0.361415
-141.2048,-129.2194,10.0,18.537570000000002,0.6286111
-146.4757,-113.5335,10.0,24.70107,-0.3976203
-150.8416,-104.0587,10.0,3.897111,-0.1481303
-156.5307,-100.6453,10.0,13.2883,0.5066015
-166.1266,-106.3476,10.0,19.47125,0.4677918
-168.1048,-123.2109,10.0,26.50654,0.5484923
-168.9099,-145.4657,10.0,33.96246,0.2145435
-168.2885,-171.8575,10.0,37.6967,0.1260231
-166.0233,-200.7214,10.0,39.88368,-0.5853286
-164.0932,-227.2623,10.0,32.11958,-0.5122654999999999
-161.0536,-248.1133,10.0,25.000329999999998,-0.5524474
-149.0617,-258.8187,10.0,22.105529999999998,0.5116738000000001
-133.0867,-254.9611,10.0,23.88205,0.1940259
-125.4367,-237.5471,10.0,27.64586,0.21386770000000002
-126.0983,-216.0477,10.0,30.689740000000004,0.1107749
-127.8804,-197.1096,10.0,17.632479999999997,-0.3197095999999999
-126.6919,-185.8489,10.0,13.09993,-0.36100909999999997
-118.2819,-181.8812,10.0,15.87389,0.5247675
-106.2009,-186.16400000000002,10.0,17.88338,-0.03314642
-103.059,-199.3506,10.0,19.99839,0.09733108
-104.0177,-215.0418,10.0,21.79944,0.01518927
-105.287,-231.6593,10.0,25.18021,0.2513006
-105.6859,-252.533,10.0,29.93164,0.01712826
-94.47459,-270.369,10.0,31.30923,0.6903944000000001
-68.86785,-270.6507,10.0,38.14837,0.2704775
-50.49178,-251.1996,10.0,38.69961,0.1984283
-46.1203,-220.5222,10.0,43.85025,0.1311935
-38.950309999999995,-191.3401,10.0,36.22893,-0.2975732
-24.946679999999997,-172.3588,10.0,28.46231,-0.478883
-10.09104,-161.5207,10.0,17.282770000000003,-2.018553
-1.437814,-155.505,10.0,17.90105,1.1112790000000001
9.753724,-146.2005,10.0,19.026239999999998,-0.04089642
12.0705,-130.2285,10.0,26.975920000000002,0.27177740000000006
-2.245516,-113.5767,10.0,32.50947,0.3320571
-9.831167,-89.44038,10.0,33.26232,-0.28860399999999997
-9.892185000000001,-65.59134,10.0,34.430890000000005,0.23479470000000002
-6.826247,-37.84032,10.0,40.73664,0.37243709999999997
-2.107173,-5.846069,10.0,46.494040000000005,0.4025927
-7.225810000000001,28.532809999999998,10.0,44.590340000000005,-0.8810617000000001
-33.34365,44.50557,10.0,44.33511,0.1591832
-67.97046999999999,44.195209999999996,10.0,49.39448,0.1840568
-106.40100000000001,42.19491,10.0,54.25499,-0.5124873
-139.0304,36.25137,10.0,39.270109999999995,-0.08379098
-147.6237,12.224210000000001,10.0,37.27335,0.3543898
-141.3792,-16.63834,10.0,42.445029999999996,0.1595633
-147.5151,-42.70023,11.0,34.52106,0.4020205
-166.1431,-61.7324,11.0,36.69703,-1.520717
-166.5276,-79.73875,11.0,19.89442,0.132349
-153.8745,-73.98962,11.0,23.46564,0.2395315
-136.5247,-71.40183,11.0,27.86477,0.44697200000000004
-117.8684,-84.40550999999999,11.0,31.473470000000002,-0.3700776
-108.9326,-105.3859,11.0,34.143440000000005,0.16096989999999997
-118.2737,-127.3875,11.0,28.12906,-0.5589076999999999
-137.2533,-131.3342,11.0,30.22707,0.3613863
-144.8637,-110.6732,11.0,30.82494,-3.3238269999999996
-150.5953,-101.4875,11.0,14.11878,1.206253
-164.0316,-104.7135,11.0,23.59645,0.1122728
-166.2508,-123.4837,11.0,29.22898,0.49546140000000005
-167.5933,-147.5056,11.0,35.7111,0.449111
-167.4464,-176.0892,11.0,41.70945,0.4305602
-164.3759,-209.0428,11.0,47.52016,0.199285
-161.3993,-242.6881,11.0,38.93282,-0.7109065999999999
-147.1756,-259.3343,11.0,29.3611,0.15692709999999999
-129.1944,-250.5656,11.0,30.31285,0.3711649
-125.2356,-226.0905,11.0,36.42488,0.43610730000000003
-127.9775,-198.3393,11.0,34.6475,-0.4163848
-117.766,-179.7467,11.0,26.7228,-0.28025809999999995
-107.024,-191.0946,11.0,25.48334,0.48899729999999997
-106.0792,-212.2934,11.0,31.936729999999997,0.227309
-107.06299999999999,-238.1549,11.0,38.08377,0.3988824
-99.18316999999999,-265.9487,11.0,40.94402,-0.3057468
-71.51019000000001,-271.178,11.0,41.23478,0.3313667
-49.92435,-251.8012,11.0,41.54716,0.32815409999999995
-44.49228,-219.2867,11.0,47.23237,0.4349738
-34.71626,-184.1781,11.0,51.33912,0.1837095
-8.901138000000001,-161.7269,11.0,37.298590000000004,-1.4813180000000001
9.204062,-146.1688,11.0,28.48875,-0.309521
10.52017,-128.5798,11.0,24.1538,0.4283913
-1.537158,-112.3337,11.0,30.62497,0.4007587
-9.011949000000001,-88.82967,11.0,36.58201,0.4720134
-9.724224000000001,-59.63482,11.0,42.447379999999995,0.209418
-4.011904,-26.47683,11.0,48.16441,0.1972897
-2.784989,10.9841,11.0,52.921459999999996,0.27753459999999996
-20.105970000000003,42.194829999999996,11.0,46.817209999999996,-0.1568977
-54.3778,43.66039,11.0,49.01559,0.3836246
-92.60415,41.69727,11.0,54.35527,0.181927
-131.4884,38.75591,11.0,44.5363,-1.621557
-150.0844,16.55679,11.0,40.22983,-0.1067083
-142.5589,-13.68242,11.0,44.40456,0.3088955
-146.7631,-44.44539,12.0,34.89117,-1.447251
-164.6185,-55.490719999999996,12.0,28.59143,-0.2743857
-163.9936,-71.19015999999999,12.0,23.86671,0.03773403
-144.7971,-71.11865999999999,12.0,29.326559999999997,0.44659
-122.1793,-78.08301999999999,12.0,35.10269,0.4051088
-106.935,-100.0373,12.0,38.88053,0.08317139999999999
-114.2842,-122.9419,12.0,27.16287,-0.5251619000000001
-131.0562,-132.7605,12.0,23.70944,-0.49073820000000007
-144.9525,-125.5738,12.0,24.63691,0.31832540000000004
-149.0055,-105.8732,12.0,26.90617,-0.44955829999999997
-163.0905,-101.8665,12.0,19.81551,0.15595520000000002
-167.6536,-117.9447,12.0,29.730990000000002,0.5409248000000001
-168.2104,-144.2065,12.0,38.6492,0.2227817
-167.481,-174.9789,12.0,44.374140000000004,0.3849686
-165.3206,-209.8896,12.0,50.03553,0.48024259999999996
-161.7218,-245.9164,12.0,43.94919,-1.150599
-141.8537,-257.927,12.0,27.112379999999998,-0.38856799999999997
-129.1587,-241.2726,12.0,31.73207,0.6472397
-125.5439,-215.8621,12.0,37.66101,0.3968751
-128.1818,-189.8216,12.0,33.05751,-0.2498839
-111.3994,-180.8738,12.0,26.51987,-0.44078890000000004
-108.6705,-197.6496,12.0,27.25427,0.2513308
-110.2306,-219.9604,12.0,33.6082,0.47149979999999997
-107.2261,-247.1061,12.0,39.870909999999995,0.2021576
-90.91968,-270.8163,12.0,39.53983,-0.1615861
-61.46929,-267.2521,12.0,42.936609999999995,0.3109132
-45.447829999999996,-244.5233,12.0,35.46478,-0.5961394
-53.8541,-223.5308,12.0,22.28961,-2.49097
-53.08218000000001,-216.5532,12.0,5.589156,0.01562675
-53.27505,-215.1285,12.0,2.58067,0.6301079
-49.87847,-218.6414,12.0,10.71481,0.4863808
-42.66259,-213.1242,12.0,15.275479999999998,-0.2928188
-41.68541,-203.0792,12.0,14.41485,1.053102
-39.15337,-188.6771,12.0,23.66408,0.5083143
-27.60053,-172.6109,12.0,30.16256,0.48279920000000004
-6.902971000000001,-159.2007,12.0,36.556459999999994,0.44711080000000003
11.46326,-139.7998,12.0,33.1195,-0.4438201
5.428511,-119.4724,12.0,32.6639,1.161182
-8.559232000000002,-92.71063000000001,12.0,48.35455,1.081045
-8.88382,-54.02579,12.0,54.904680000000006,0.17577220000000002
-2.51784,-12.05049,12.0,59.703790000000005,0.3306665
-6.529895,24.9702,12.0,31.858009999999997,-1.694923
-23.48627,43.22128,12.0,36.8213,0.23333800000000002
-51.93595,44.5354,12.0,41.49508,0.43965470000000006
-84.77249,44.36419,12.0,47.19181,0.40983420000000004
-121.2776,40.64867,12.0,49.63558,-0.4093492
-151.8513,26.85652,12.0,43.66282,-0.2697498
-153.3349,12.78097,12.0,5.874812,-1.43289
-151.4477,12.67964,12.0,7.460033,0.2971371
-146.6886,6.439915,12.0,15.154910000000001,0.27876540000000005
-145.6678,-7.60929,12.0,22.60516,0.5070245
-142.2661,-26.670409999999997,12.0,29.5939,0.47740309999999997
-142.3168,-36.31977,13.0,8.780624000000001,0.5867624
-146.0671,-44.90773,13.0,16.58266,0.5217734
-158.1384,-53.41141999999999,13.0,23.70942,0.5384561
-167.1538,-67.31206,13.0,20.90977,-0.5845299
-157.8139,-76.0512,13.0,18.540860000000002,0.4222602
-142.95600000000002,-73.217,13.0,20.13825,-0.3895473
-128.2496,-73.41066,13.0,23.35054,0.24710700000000002
-112.4788,-84.48689,13.0,29.40728,0.4278911
-106.9307,-107.0277,13.0,34.44461,0.1431483
-121.6768,-128.6478,13.0,38.26644,0.1160458
-144.3265,-128.4809,13.0,21.354229999999998,-1.6266180000000001
-143.6451,-122.7566,13.0,7.512058000000001,0.3024138
-138.3203,-122.2916,13.0,1.8970349999999998,1.076014
-142.4697,-123.7266,13.0,9.54059,0.2134761
-145.5332,-128.7203,13.0,3.6840559999999996,-0.41835059999999996
-145.3179,-127.6771,13.0,6.1202879999999995,0.3283707
-141.7428,-120.7407,13.0,14.77191,0.5917848000000001
-141.3685,-107.5643,13.0,21.9687,0.5049766
-155.5393,-97.81560999999999,13.0,26.29162,-0.42548100000000005
-166.7861,-109.6045,13.0,26.10202,1.115618
-167.8074,-131.8099,13.0,33.52845,0.24781430000000002
-167.6013,-159.3084,13.0,40.30214,0.48870969999999997
-167.9772,-191.5428,13.0,46.67264,0.4555883
-167.9417,-228.3324,13.0,52.50959,0.1592367
-150.9693,-256.317,13.0,42.84109,-0.44854940000000004
-128.3007,-248.7772,13.0,29.23902,0.19182190000000002
-128.2656,-224.0211,13.0,38.89992,0.7098983
-127.7014,-194.3557,13.0,32.2134,-1.915298
-121.689,-182.6256,13.0,14.106729999999999,-0.004727438
-109.9038,-184.5786,13.0,21.28945,0.43375509999999995
-104.7643,-201.6217,13.0,27.9677,0.5262139
-107.414,-224.7447,13.0,34.973620000000004,0.4977747
-103.8249,-252.1281,13.0,40.42473,0.3848473
-81.56742,-272.1815,13.0,42.63069,-0.01189343
-54.183069999999994,-260.7041,13.0,42.50887,0.01251019
-48.77271,-229.0943,13.0,46.56728,0.4537871
-41.661590000000004,-197.6419,13.0,42.53324,0.1785331
-20.296889999999998,-171.9893,13.0,48.19766,0.45914799999999995
4.722564,-143.7999,13.0,50.73744,-0.3732699
5.048108,-112.9132,13.0,36.76361,-1.2126860000000002
-8.968355,-95.69321,13.0,27.844179999999998,0.41772079999999995
-6.277154,-71.66872,13.0,36.26435,0.49543009999999993
-5.433393,-42.34645,13.0,42.84518,0.2244794
-4.0386120000000005,-8.283708,13.0,49.03363,0.21420830000000002
-7.684533999999999,28.456020000000002,13.0,45.835359999999994,-1.533603
-28.29375,41.49992,13.0,25.46416,-0.8960063
-34.954370000000004,32.64437,13.0,13.72354,-0.9974370000000001
-35.12555,32.58931,13.0,0.06340978,0.002495138
-35.1711,32.59487,13.0,0.05502968,2.853355e-05
-34.33468,35.44108,13.0,8.157848,0.5294614000000001
-32.62382,42.73149,13.0,7.545653999999999,-0.7663889
-32.28098,44.62656,13.0,2.021069,0.6001094
-35.338409999999996,41.53621,13.0,10.08173,0.5513209
-45.1588,43.274370000000005,13.0,17.41628,0.5265814999999999
-60.42926,45.30791,13.0,24.18996,0.46345810000000004
-80.56735,42.59923,13.0,30.66967,0.4346147
-105.4683,42.855579999999996,13.0,36.596579999999996,0.5205770000000001
-133.4744,37.78498,13.0,39.92165,-0.35200909999999996
-147.8611,14.834320000000002,13.0,39.0066,0.1658073
-145.0815,-15.83234,13.0,44.32929,0.37264359999999996
-148.5324,-48.30684,14.0,39.20422,-1.8506939999999998
-163.2898,-64.66145,14.0,23.60241,-0.9050604999999999
-151.4692,-75.63728,14.0,26.8534,0.406931
-129.5169,-77.22686999999999,14.0,32.31555,0.2685651
-111.5181,-94.39591999999999,14.0,36.28996,0.1910967
-114.5452,-120.8049,14.0,38.53119,0.17291310000000001
-138.3177,-131.5208,14.0,30.7275,-0.8360267
-145.9279,-120.6728,14.0,6.107228,-1.191057
-146.3694,-119.3985,14.0,1.934004,-0.007890286
-147.2074,-118.3474,14.0,1.6056620000000001,0.06058699
-148.2483,-117.5718,14.0,3.323075,0.2072953
-150.9118,-117.4593,14.0,1.4322,-0.3658406
-148.8046,-116.2569,14.0,7.749242,0.30874009999999996
-144.627,-108.7907,14.0,15.89964,0.555656
-151.8472,-97.56833,14.0,22.2428,0.1779105
-166.6123,-103.9602,14.0,26.05721,0.2890432
-166.6044,-125.1087,14.0,32.31106,0.4902995
-166.7153,-151.5646,14.0,39.185629999999996,0.48897479999999993
-166.9158,-183.0321,14.0,45.66979,0.2349363
-167.0565,-219.1591,14.0,51.801970000000004,0.4304191
-156.4404,-251.1276,14.0,36.40875,-0.9583457000000001
-141.8142,-253.0872,14.0,7.090298,-1.258393
-141.3839,-250.071,14.0,2.696682,-0.1645794
-138.1847,-248.0231,14.0,9.082849000000001,0.6873791
-129.3839,-251.0775,14.0,14.295010000000001,-0.13762960000000002
-121.5542,-249.2737,14.0,9.689105,-0.280735
-122.6512,-239.6249,14.0,18.03203,0.5323604000000001
-126.00299999999999,-223.7272,14.0,25.80234,0.5468323
-127.6364,-201.9547,14.0,33.112140000000004,0.2538571
-119.8766,-180.1454,14.0,30.245759999999997,-0.1895339
-105.7196,-187.0799,14.0,26.03179,0.5484903
-106.9858,-213.3423,14.0,45.63395,1.4640030000000002
-103.0074,-252.5426,14.0,56.43159,-1.302599
-75.39990999999999,-272.3958,14.0,45.74198,0.4528827
-49.46461,-255.1209,14.0,43.237790000000004,-0.05058071
-49.42361,-222.1008,14.0,47.20704,0.09693735
-34.88926,-189.4557,14.0,51.22695,0.372368
-6.617322,-161.3388,14.0,56.674580000000006,0.3543804
10.008510000000001,-128.7168,14.0,36.54367,-1.317004
-0.9595812,-111.1008,14.0,26.35128,1.118591
-5.8840010000000005,-89.42793,14.0,33.6825,0.4930731
-3.766688,-62.02,14.0,40.53183,0.4722965
-2.320235,-29.566190000000002,14.0,46.96949,0.43209709999999996
-2.9939560000000003,7.426602000000001,14.0,52.94566,0.19918110000000003
-16.43552,39.17835,14.0,43.79717,-0.15145179999999997
-48.29461,40.97532,14.0,46.317190000000004,0.2062632
-84.98846,40.19307,14.0,52.36872,0.4217565
-124.6197,41.38346,14.0,48.77547,-0.8757263000000001
-145.1428,26.691359999999996,14.0,21.86518,-2.554157
-144.1026,22.37321,14.0,4.448588,0.6343664000000001
-141.4687,25.1882,14.0,4.041283,-0.4234036
-142.3862,23.9094,14.0,6.79332,0.23703539999999998
-148.0192,21.49971,14.0,7.09053,-1.584268
-149.2505,21.87903,14.0,3.180997,0.33677209999999996
-144.7796,18.294629999999998,14.0,12.25843,0.6174036
-140.9198,6.980016,14.0,20.51716,0.5797269
-141.463,-11.15669,14.0,28.45265,0.28730029999999995
-141.7887,-34.39868,1.0,5.9720949999999995,0.01986086
-142.1336,-40.3447,1.0,12.38514,0.34553390000000006
-147.6815,-51.0939,1.0,20.869770000000003,0.5522465999999999
-161.8455,-62.42086,1.0,27.55848,0.02712973
-154.4182,-76.87573,1.0,24.26364,-0.254445
-139.1,-68.39143,1.0,14.974229999999999,0.03171604
-135.8682,-68.27803,1.0,0.02448963,-4.69499e-06
-135.8494,-68.28085,1.0,0.02545156,-0.0008167485
-135.8316,-68.28319,1.0,0.02455324,0.05706994
-136.0131,-69.04375999999999,1.0,4.113102,0.37656999999999996
-135.7946,-72.36993000000001,1.0,4.444996,-0.02185862
-135.9276,-75.31208000000001,1.0,3.5957800000000004,-0.04311707
-136.7409,-76.4083,1.0,2.283938,0.6738361999999999
-131.99,-74.92853000000001,1.0,11.27528,0.6563317
-121.3629,-78.50146,1.0,19.14976,0.4891597
-113.0402,-93.29259,1.0,26.85823,0.538547
-111.5441,-115.0668,1.0,33.03536,0.3897968
-129.3143,-132.8927,1.0,36.536840000000005,-0.3937104
-146.6859,-124.2269,1.0,22.33624,0.1557762
-138.4699,-110.7622,1.0,15.38512,-1.2441659999999999
-138.4579,-108.7172,1.0,0.02379257,-0.006823615999999999
-138.4586,-108.7346,1.0,0.01995488,0.00483413
-139.5185,-108.3431,1.0,5.719849,0.5667058
-144.7817,-109.6164,1.0,7.853652,-0.05863447
-145.3304,-110.1313,1.0,4.48621,0.6426852
-144.6932,-103.7913,1.0,12.9739,0.2873385
-153.3884,-95.91253,1.0,18.17827,-0.399154
-163.702,-99.69289,1.0,13.92128,0.3017039
-166.87400000000002,-114.9748,1.0,28.661270000000002,0.9203781999999999
-169.7648,-139.7241,1.0,37.74025,0.1782249
-163.225,-167.3702,1.0,35.35217,-0.6185656999999999
-167.6164,-190.6754,1.0,30.88355,0.43568270000000003
-166.908,-218.9254,1.0,39.05575,-0.5583168000000001
-163.1055,-244.3992,1.0,30.05204,-0.4443076
-145.4592,-250.8389,1.0,28.059540000000002,0.6631224
-124.525,-242.7333,1.0,30.6066,-1.344798
-127.3066,-226.8499,1.0,25.12361,0.5171226999999999
-127.2183,-211.6609,1.0,22.42475,-0.3661709
-123.4577,-198.5325,1.0,18.09071,0.10927750000000001
-123.5153,-186.7666,1.0,14.40252,-0.05419789
-112.1031,-186.4112,1.0,18.36221,-0.45078320000000005
-110.25399999999999,-197.8237,1.0,14.276979999999998,-0.09051704
-109.8939,-209.1194,1.0,18.726020000000002,0.5900463
-108.2108,-225.8369,1.0,26.54018,0.5476434
-104.9071,-247.9482,1.0,33.65785,0.21703070000000002
-89.03311,-268.6023,1.0,38.18372,0.101378
-61.74364,-266.1041,1.0,39.49061,-0.01774628
-51.9801,-239.4445,1.0,41.54893,0.4748188
-44.096779999999995,-208.0966,1.0,46.67998,0.419271
-22.053539999999998,-179.1281,1.0,52.12753,0.40845729999999997
3.027617,-147.1167,1.0,57.63066,0.1672386
11.470930000000001,-111.9283,1.0,28.251070000000002,-2.638378
9.997442,-104.3628,1.0,1.002507,-0.19816029999999998
9.781625,-104.2588,1.0,0.7168574000000001,0.5252199000000001
12.407860000000001,-106.01899999999999,1.0,7.12217,0.3357393
17.76303,-107.1344,1.0,4.623882,-0.7535972
17.64742,-107.1878,1.0,4.698476,0.6354747
11.483880000000001,-109.704,1.0,13.182579999999998,0.5752965
1.125159,-109.8983,1.0,17.33907,0.1539203
1.1395110000000002,-95.0391,1.0,24.019460000000002,0.2219451
-3.267934,-75.57165,1.0,30.635720000000003,0.4750637
-5.6909089999999996,-50.575109999999995,1.0,37.269290000000005,0.484221
-6.43227,-20.579810000000002,1.0,43.70518,0.46393850000000003
-6.6067029999999995,14.05715,1.0,49.69449,0.1950772
-15.58642,42.25099,1.0,25.21939,-3.7109970000000003
-25.41611,41.00972,1.0,15.962629999999999,0.2778773
-39.06723,38.03001,1.0,22.98079,0.2622113
-58.6503,39.82135,1.0,30.17268,0.5087337000000001
-83.58264,39.59115,1.0,37.06326,0.4959157
-113.4273,40.38645,1.0,43.49100000000001,0.22744770000000003
-141.3869,35.250409999999995,1.0,29.671909999999997,-2.061644
-141.8825,24.38115,1.0,8.249831,-0.3524182
-137.7514,24.266920000000002,1.0,0.06581452,-0.0683457
-137.7517,24.221610000000002,1.0,0.05259679,-0.03734949
-138.6747,24.47596,1.0,4.769344,0.3000958
-144.5406,24.15479,1.0,10.45792,0.29393059999999993
-150.6732,25.27506,1.0,3.78404,-0.7430296
-150.1907,24.959989999999998,1.0,5.065104,0.5841238000000001
-147.0657,19.29129,1.0,12.92649,0.5228989
-151.3715,8.13763,1.0,19.67708,0.3788402
-149.0354,-8.070631,1.0,25.74556,0.2332803
-146.0718,-29.32645,1.0,32.16063,0.44655390000000006
-155.3635,-50.18804,2.0,32.40221,0.3376303
-166.4462,-67.37339,2.0,25.93337,-0.9727948000000001
-156.6104,-71.39709,2.0,8.83568,-0.27940770000000004
-155.7123,-68.5272,2.0,0.05162095,-0.015505700000000002
-155.6773,-68.5282,2.0,0.03947555,0.00714685
-156.1478,-70.64833,2.0,5.287685,0.04888683
-156.6668,-74.31311,2.0,4.702782,-0.01822611
-156.415,-74.43421,2.0,4.890176,0.34117390000000003
-149.8275,-72.9836,2.0,13.87861,0.5870441
-139.0087,-80.46316999999999,2.0,21.104570000000002,-0.4444729
-125.4405,-83.94577,2.0,17.3356,-0.2904148
-113.8999,-94.93385,2.0,28.911859999999997,0.7965683000000001
-113.6905,-116.7144,2.0,31.49574,0.2494446
-132.1702,-130.6633,2.0,31.867240000000002,-0.3259437
-145.4079,-121.4576,2.0,20.12971,-0.03178493
-139.0301,-107.1871,2.0,19.44404,-0.2678184
-151.0928,-101.57,2.0,21.42279,0.06468382
-161.0072,-109.5245,2.0,16.658160000000002,0.19490639999999998
-162.5152,-121.9286,2.0,18.25593,0.2882376
-165.36,-138.0273,2.0,26.355240000000002,0.5787174
-165.263,-160.4551,2.0,34.096,0.5506087
-165.6005,-188.5234,2.0,41.37178,0.5039445
-165.8779,-221.6885,2.0,48.16522,0.4821735
-159.507,-248.1191,2.0,21.93009,-0.4966143
-142.2583,-252.0045,2.0,28.20573,0.27622240000000003
-125.198,-241.9774,2.0,26.35732,-1.330963
-127.3105,-222.4126,2.0,31.84352,0.6083414
-126.5171,-196.4395,2.0,37.624790000000004,-0.2973925
-120.9103,-184.1421,2.0,10.78248,1.486687
-111.9216,-188.5807,2.0,18.11415,0.2685183
-109.9817,-204.8031,2.0,26.159660000000002,0.6021025999999999
-107.7242,-226.954,2.0,33.872640000000004,0.2603736
-101.0708,-253.8212,2.0,40.64777,0.19073489999999999
-77.66521,-270.8463,2.0,40.34126,-0.13237290000000002
-52.490919999999996,-255.6018,2.0,42.26051,0.11391880000000001
-49.46419,-224.3266,2.0,45.553129999999996,0.1896773
-37.08868,-191.8752,2.0,49.71245,0.18733470000000002
-10.26266,-163.3448,2.0,55.85386,0.18923810000000002
8.858592,-132.0202,2.0,31.34941,-1.624651
1.771716,-119.2279,2.0,21.58286,0.2891212
-6.296888,-102.9474,2.0,28.667820000000003,0.5451252
-6.629791,-78.91709,2.0,36.20391,0.5450559
-6.788919,-49.448190000000004,2.0,43.30477,0.25199279999999996
-7.170552000000001,-14.82599,2.0,50.00292,0.2325547
-7.700114999999999,24.324370000000002,2.0,51.54663,-1.9924680000000001
-21.99087,45.85921,2.0,19.98454,-2.680301
-25.71361,45.04864,2.0,4.59575,0.6417348
-28.7662,40.00813,2.0,13.02139,0.608793
-40.41703,43.81327,2.0,21.15802,0.5811670999999999
-58.061580000000006,45.669140000000006,2.0,28.249959999999998,0.5570215999999999
-81.63835,42.28029,2.0,35.83279,0.5545174
-110.8245,41.25311,2.0,42.9613,0.48446469999999997
-142.8526,34.487109999999994,2.0,39.53516,-1.919225
-150.0712,19.35117,2.0,7.491824,-1.2478069999999999
-147.0244,19.41179,2.0,8.182558,0.31165329999999997
-143.3183,12.06248,2.0,16.377860000000002,0.5552036
-150.5308,-0.9593101999999999,2.0,23.77818,0.3192324
-146.9574,-19.76676,2.0,29.844859999999997,0.48622150000000003
-142.3128,-36.43098,3.0,12.16315,-0.1230104
-145.1823,-44.54792,3.0,11.730039999999999,0.5348629
-153.9623,-52.45284,3.0,16.559379999999997,-0.2925983
-164.3493,-55.821659999999994,3.0,13.037989999999999,-0.1463203
-166.1708,-63.328559999999996,3.0,9.805826,-0.1574803
-160.7264,-70.66525,3.0,16.6616,0.2767653
-145.9676,-71.78451,3.0,24.28774,0.5434477
-126.2631,-77.2209,3.0,28.989359999999998,-0.44000670000000003
-111.9664,-89.85414,3.0,23.57776,-0.19663599999999998
-108.0306,-108.5851,3.0,27.775029999999997,-0.42764979999999997
-114.5796,-125.5831,3.0,22.17734,-0.4026032
-128.2157,-133.5213,3.0,24.19515,0.4614014
-142.5336,-126.2301,3.0,25.91716,1.033616
-150.3822,-106.3466,3.0,25.964779999999998,-1.905587
-162.8918,-105.7175,3.0,18.62494,0.4740387
-167.56099999999998,-121.2479,3.0,26.211370000000002,0.5811158000000001
-169.8587,-143.4598,3.0,33.92105,0.5297998
-167.7375,-171.0713,3.0,40.93461,0.23389169999999998
-166.0484,-203.9078,3.0,47.618559999999995,0.22132689999999997
-163.7631,-240.0545,3.0,46.30473,-0.6153991999999999
-147.4403,-259.2726,3.0,28.43945,-1.026989
-131.0556,-248.3371,3.0,30.508340000000004,0.8012123000000001
-126.0193,-225.4826,3.0,35.20677,0.5491406
-127.6692,-198.9898,3.0,34.25563,-0.32541359999999997
-119.2992,-179.25599999999997,3.0,23.90181,0.01988189
-108.7742,-186.8964,3.0,21.83365,0.5073622
-107.7515,-205.2257,3.0,28.811320000000002,0.5873345
-104.8446,-227.6134,3.0,29.5828,-0.2135926
-106.15799999999999,-248.7982,3.0,32.9429,1.343029
-93.06243,-270.4679,3.0,36.485240000000005,-0.09137645
-67.79993,-268.7538,3.0,23.84403,-0.7150270000000001
-57.36082,-267.5557,3.0,7.104665,-0.9459599
-56.575630000000004,-267.003,3.0,2.729146,-0.334879
-57.1446,-267.3479,3.0,1.1562940000000002,0.5601318000000001
-54.98791,-264.9057,3.0,6.782868,0.2029815
-50.28183,-262.3024,3.0,8.105757,0.002798717
-48.23985,-263.603,3.0,1.907929,0.6762388
-50.0284,-259.2673,3.0,10.56809,0.5621128000000001
-48.29316,-248.6458,3.0,18.622529999999998,0.2922322
-44.8201,-232.392,3.0,26.18639,0.5202608
-42.32897,-210.4306,3.0,33.32158,0.5045881
-34.758829999999996,-185.2679,3.0,37.92929,0.3580729
-13.67513,-164.1354,3.0,36.65842,-1.98725
1.7208259999999997,-151.3837,3.0,21.9963,-0.1889573
11.05376,-140.6025,3.0,17.01309,-0.1836625
10.69365,-129.5712,3.0,15.732029999999998,0.5575102
2.528292,-117.7611,3.0,23.246879999999997,0.5259658
-6.37638,-100.0046,3.0,30.325979999999998,0.3098973
-10.44774,-75.52133,3.0,36.91187,0.4996244000000001
-8.035292,-45.8447,3.0,43.22634,0.2064447
-3.689626,-12.83038,3.0,42.90388,-0.6243014
-4.189355,10.51789,3.0,16.06247,-2.0225720000000003
-4.9312309999999995,15.469679999999999,3.0,5.511474,0.6323306
-6.530339,22.992070000000002,3.0,14.623970000000002,0.31493940000000004
-12.538889999999999,35.23985,3.0,22.34621,0.4882925
-29.197259999999996,44.23623,3.0,29.27102,0.39514720000000003
-53.118919999999996,44.64497,3.0,35.82928,0.26113020000000003
-82.18327,43.795,3.0,42.54202,0.22683899999999999
-115.6015,41.14723,3.0,45.46607,-0.3593699
-144.9512,33.29443,3.0,37.69992,-0.6557019000000001
-146.5245,10.40357,3.0,33.79501,0.45586179999999993
-145.0666,-15.484379999999998,3.0,38.5129,0.22432979999999997
-145.4021,-45.40467,4.0,36.923840000000006,-1.404376
-158.6437,-54.29792,4.0,19.215310000000002,0.588022
-168.1573,-62.23665,4.0,20.0651,0.11479249999999999
-155.7395,-72.32928000000001,4.0,25.71409,0.21356509999999998
-134.4621,-74.30083,4.0,32.12195,0.44394940000000005
-114.0323,-89.60167,4.0,37.74386,0.3956117
-111.2512,-116.3394,4.0,37.31981,0.01406302
-131.3294,-132.8222,4.0,34.81746,-0.4393706
-145.1587,-117.7087,4.0,29.82862,0.32610609999999995
-150.191,-99.33529,4.0,18.24942,-0.8216437
-162.2729,-103.3236,4.0,21.78738,0.46554170000000006
-168.011,-120.8758,4.0,28.7937,0.2560639
-170.5487,-144.7129,4.0,35.808640000000004,0.45659979999999994
-167.9637,-173.614,4.0,42.45903,0.48159350000000006
-164.8935,-207.2963,4.0,48.79319,0.4321625
-162.5811,-242.2586,4.0,36.819179999999996,-4.056265
-152.5231,-255.1446,4.0,18.47419,-0.1588908
-136.77200000000002,-257.48900000000003,4.0,24.7901,0.09663691
-127.3899,-240.813,4.0,29.93461,0.5234595000000001
-126.59899999999999,-216.4976,4.0,36.19228,0.506155
-126.8014,-188.0188,4.0,39.96585,-0.19119860000000002
-105.8913,-177.7146,4.0,29.606859999999998,-0.8330620999999999
-101.8697,-192.7289,4.0,21.39591,-0.2624723
-114.6169,-200.2633,4.0,11.74726,-0.378017
-114.5551,-201.5559,4.0,0.00588325,0.02663549
-114.2662,-201.6321,4.0,2.416079,0.48245129999999997
-110.84700000000001,-200.9005,4.0,7.028233999999999,0.23850949999999999
-109.6807,-198.1842,4.0,0.03481438,-0.1185204
-109.3655,-200.9391,4.0,7.371397,0.5078876
-107.764,-208.8094,4.0,14.24415,0.46412659999999994
-105.5967,-221.6142,4.0,20.6631,0.45802429999999994
-105.7596,-239.1653,4.0,26.601390000000002,0.2065063
-101.8916,-260.0015,4.0,31.30159,0.2790675
-82.11476,-272.0646,4.0,33.799440000000004,0.1177346
-57.47036,-264.0633,4.0,37.24106,0.07584868
-49.2615,-238.645,4.0,38.700520000000004,0.38783229999999996
-45.422290000000004,-208.7622,4.0,42.97529,0.33291770000000004
-29.79025,-179.7238,4.0,46.27304,0.2105071
-4.850941000000001,-157.5554,4.0,37.09235,-2.173181
8.749191999999999,-144.6459,4.0,19.79751,-0.4531754
12.42553,-132.7304,4.0,20.15792,1.131649
2.341932,-117.9381,4.0,27.19683,0.40533509999999995
-7.195933999999999,-98.26176,4.0,32.274390000000004,0.35731640000000003
-10.58812,-72.76173,4.0,37.36466,0.3708598
-7.397939999999999,-43.51023,4.0,42.14051,0.36416740000000003
-1.970163,-11.02937,4.0,46.74488,0.14166420000000002
-6.210679,23.64471,4.0,40.820029999999996,-2.250547
-19.810370000000002,39.98386,4.0,29.86102,0.3125806
-43.091840000000005,43.846940000000004,4.0,34.57929,0.1974935
-70.62086,43.27637,4.0,39.72844,0.3760458
-101.7945,42.02657,4.0,43.68993,-0.04272097
-131.1895,38.633379999999995,4.0,29.93477,-4.017721
-142.7852,33.483909999999995,4.0,17.2622,0.437913
-147.9825,19.73851,4.0,23.00967,0.39653979999999994
-145.9143,0.7463251000000001,4.0,28.73654,0.4145289000000001
-141.6724,-22.24178,4.0,34.08688,0.338958
-146.9099,-45.24195,5.0,27.695040000000002,-0.7799925999999999
-164.1516,-55.83639,5.0,29.18512,-0.4563981
-165.3619,-68.97736,5.0,18.63778,-0.3765594
-152.6854,-70.31139,5.0,20.676920000000003,0.4484577
-135.5553,-74.11679000000001,5.0,26.651740000000004,0.2027349
-116.2913,-83.72044,5.0,31.648659999999996,0.1360299
-107.8564,-105.7686,5.0,34.46917,0.2278917
-117.4767,-128.1298,5.0,31.90509,0.1095248
-136.5473,-131.5913,5.0,22.773139999999998,-0.3894046
-143.91899999999998,-115.8601,5.0,26.664,0.1705999
-157.2587,-100.6765,5.0,25.872239999999998,-0.5088431
-165.1794,-107.9382,5.0,16.82485,-0.2698685
-165.9219,-121.6057,5.0,22.804270000000002,-0.07933459
-167.9386,-142.6531,5.0,37.37249,1.396527
-166.9524,-175.4409,5.0,47.8375,0.5335664999999999
-164.2634,-212.1198,5.0,45.61371,-2.374789
-163.6913,-234.1792,5.0,20.68676,-0.4364706
-161.3973,-247.3035,5.0,15.29238,-0.20219089999999998
-153.5798,-256.4201,5.0,21.079639999999998,0.8711032
-136.2415,-257.8903,5.0,28.5244,0.1536894
-125.7497,-236.0155,5.0,39.02749,0.6172941999999999
-127.8798,-206.4669,5.0,35.11076,-2.446494
-127.2063,-189.4409,5.0,18.03755,-0.4683670999999999
-117.6571,-182.2053,5.0,20.11161,0.38929250000000004
-103.773,-190.2191,5.0,25.215770000000003,0.3731306
-102.8694,-211.8443,5.0,34.10374,0.263804
-105.3657,-238.5711,5.0,36.51419,-0.33536859999999996
-102.152,-262.163,5.0,28.27212,-0.3862061
-82.70464,-272.0261,5.0,32.585570000000004,0.2995986
-58.79948,-264.8827,5.0,35.76188,0.04645603
-49.18065,-240.0476,5.0,38.72896,0.1801539
-44.93858,-209.642,5.0,43.57327,0.15697220000000003
-31.646259999999998,-179.1115,5.0,46.73785,0.09732889
-7.479419,-158.9646,5.0,24.29888,-1.984146
1.497475,-153.1414,5.0,11.371960000000001,-0.1649009
6.885103,-148.9009,5.0,7.274773,-0.2820782
10.98161,-144.3041,5.0,11.3062,0.47172890000000006
12.94656,-134.0307,5.0,17.53664,0.4267184
5.642123000000001,-120.866,5.0,23.47617,0.4143448
-4.550248000000001,-104.3594,5.0,29.083779999999997,0.38803390000000004
-10.12461,-81.5007,5.0,34.37976,0.3681157
-8.957656,-54.3667,5.0,39.245259999999995,0.3445209
-3.343807,-23.97171,5.0,44.05485,0.3352961
-1.957571,8.214983,5.0,36.83125,-0.8011571
-6.37108,24.29482,5.0,9.793742,-0.15236470000000002
-10.95636,32.99024,5.0,17.303739999999998,0.4665893
-22.67434,41.99265,5.0,23.17619,0.4223082
-41.44447,45.294090000000004,5.0,28.711340000000003,0.4095172
-64.75932,44.93899999999999,5.0,34.198209999999996,0.18299229999999997
-92.04758000000001,43.72868,5.0,39.37597,0.1766931
-121.4532,40.83208,5.0,36.16117,-0.5280800999999999
-139.2095,36.72503,5.0,21.13264,0.3421845
-147.4211,21.713179999999998,5.0,26.24545,0.3965714
-145.91,0.5392236,5.0,31.45113,0.1909594
-141.8513,-24.31148,5.0,35.31953,-0.8382533999999999
-144.8745,-42.1814,6.0,12.619810000000001,-0.35857140000000004
-151.3421,-51.65644,6.0,20.32132,-0.283967
-162.8912,-56.894890000000004,6.0,14.28934,-0.23031060000000003
-165.6573,-65.8161,6.0,17.01285,0.38141440000000004
-152.265,-72.78076,6.0,27.120790000000003,1.08627
-128.0839,-75.79889,6.0,38.68039,0.6574373
-108.9957,-97.29171,6.0,37.83361,-0.6285485
-115.8127,-115.9187,6.0,12.45112,-1.902966
-118.8805,-124.7353,6.0,17.5012,1.108974
-128.0497,-133.9229,6.0,17.96276,0.47953370000000006
-141.6517,-128.4416,6.0,23.453020000000002,0.3144956
-146.0856,-110.025,6.0,22.63424,-1.77467
-151.0502,-103.6333,6.0,7.824841,0.135543
-159.1749,-100.5721,6.0,16.226229999999997,0.49595379999999994
-166.6437,-108.8853,6.0,18.74825,0.7801263
-167.922,-127.7063,6.0,32.36184,0.9541369000000001
-168.6785,-156.4261,6.0,44.53833,0.8096837
-166.4314,-193.1466,6.0,54.609069999999996,0.3334712
-163.5211,-231.3985,6.0,46.400940000000006,-0.6698719
-155.7494,-256.5235,6.0,28.14067,-1.107107
-138.7544,-256.699,6.0,19.880489999999998,-0.4838817
-127.7997,-245.8127,6.0,24.95188,0.36173140000000004
-124.9347,-225.6142,6.0,30.33165,0.1901884
-128.4735,-201.4097,6.0,35.5442,0.1729703
-124.1255,-183.3504,6.0,16.030070000000002,0.2462508
-110.2259,-184.8968,6.0,22.28094,0.1413033
-102.8554,-200.9735,6.0,27.10785,0.39514970000000005
-103.8565,-223.0762,6.0,32.56078,0.1911563
-105.7331,-249.0228,6.0,37.63456,0.3167665
-92.18434,-271.7078,6.0,36.21917,-0.0794534
-69.22395,-269.4171,6.0,27.397779999999997,-0.5135609999999999
-53.529869999999995,-261.769,6.0,22.894070000000003,0.4668960999999999
-47.72234,-242.6242,6.0,30.600620000000003,0.40900190000000003
-44.34315,-218.1705,6.0,35.99177,0.3772747
-39.58064,-190.1739,6.0,40.48452,0.1768509
-18.51919,-168.6385,6.0,42.76163,-0.2807186
-0.858979,-155.3245,6.0,14.726989999999999,-2.545502
6.5834220000000006,-149.4077,6.0,12.08055,-0.003944678
12.188419999999999,-141.2118,6.0,16.24375,0.2915663
9.662916000000001,-126.723,6.0,24.75692,0.7128968000000001
-4.236008999999999,-108.08200000000001,6.0,38.524229999999996,0.9807245000000001
-9.623441999999999,-75.16614,6.0,51.69556,0.4443752
-5.3348830000000005,-33.02343,6.0,60.74641,0.1150625
-2.45778,9.251572999999999,6.0,43.709759999999996,-3.478619
-8.635097,28.39655,6.0,20.50773,0.3444211
-20.35616,41.137370000000004,6.0,28.079290000000004,0.3898574
-45.1852,45.34887,6.0,41.262370000000004,0.5495933000000001
-81.30761,43.97383,6.0,55.76942,0.9704834999999999
-118.8062,40.96167,6.0,28.703440000000004,-1.6852099999999999
-130.6672,38.66663,6.0,12.374189999999999,-0.05579704
-143.0922,33.682159999999996,6.0,23.397660000000002,0.2086974
-147.6093,15.9138,6.0,27.8957,0.20088979999999998
-144.3566,-6.537463,6.0,33.390370000000004,0.4000312
-141.9254,-32.70851,6.0,37.47827,0.1143809
-142.4937,-39.63073,7.0,12.20951,0.4773325
-148.1939,-49.25395,7.0,18.37414,0.4227436
-162.2974,-55.94081,7.0,23.74557,0.3638712
-167.9147,-69.18933,7.0,16.76481,-0.514725
-159.4277,-76.7942,7.0,17.2146,0.2887175
-145.7809,-74.44948000000001,7.0,20.14665,-0.02921987
-130.4112,-73.88343,7.0,22.484920000000002,0.22441190000000003
-114.5484,-84.32658,7.0,29.885920000000002,0.3538657
-108.2584,-106.2498,7.0,33.552859999999995,0.2767318
-121.5882,-127.3977,7.0,36.29119,0.102799
-145.0404,-128.1997,7.0,24.979860000000002,-1.731343
-144.8271,-118.2035,7.0,10.48192,-0.19019570000000002
-144.0036,-108.8,7.0,17.75425,-0.009216403
-153.6254,-101.4757,7.0,17.5452,0.5561658
-165.3445,-108.6414,7.0,20.29431,-0.21301289999999998
-165.9323,-123.6568,7.0,22.546110000000002,0.5516807
-167.768,-143.9458,7.0,34.10456,0.5410556
-169.6937,-174.2721,7.0,47.48516,0.41779279999999996
-169.955,-213.2502,7.0,53.329480000000004,-0.8847671999999999
-163.9446,-245.678,7.0,33.10461,-0.9591268000000001
-146.6231,-254.4809,7.0,23.272779999999997,-0.2540498
-131.0155,-250.1017,7.0,22.852610000000002,0.0033837890000000003
-125.7642,-232.30900000000003,7.0,30.64162,0.383318
-126.1393,-207.5669,7.0,36.04811,0.37622790000000006
-122.713,-182.4882,7.0,23.059379999999997,-2.507174
-112.5569,-182.1776,7.0,17.488960000000002,0.512757
-109.2935,-196.8114,7.0,23.494629999999997,0.2239272
-108.7885,-216.3975,7.0,29.35218,0.41796490000000003
-108.2357,-240.1925,7.0,34.730270000000004,0.32541129999999996
-97.0872,-264.2072,7.0,38.015,0.1823233
-70.50464000000001,-272.3643,7.0,39.3962,-0.006176892
-50.87705,-252.8803,7.0,39.58853,0.05531466
-48.52129,-222.2362,7.0,43.80545,0.3125375
-35.09584,-192.4583,7.0,46.32632,0.3113768
-10.50093,-165.94,7.0,50.85037,0.3236604
8.338213,-137.4192,7.0,33.2897,-2.101039
4.458856,-119.3871,7.0,27.347309999999997,0.9539931
-5.687514,-99.20828,7.0,35.54914,0.8231293
-2.785773,-66.67168000000001,7.0,53.168380000000006,1.253207
-0.7932015,-21.51086,7.0,68.28689,0.4252177
-3.9339150000000003,24.83804,7.0,51.32043,-2.9093169999999997
-21.29628,42.05878,7.0,29.32429,0.48990150000000005
-47.53647,40.62677,7.0,40.00633,0.3566998
-79.02325,40.4152,7.0,44.82741,0.3386905
-113.9251,41.35866,7.0,49.310959999999994,0.15829010000000002
-144.3533,33.381159999999994,7.0,30.44009,-1.1179219999999999
-146.0344,12.62932,7.0,31.1841,0.404273
-145.1301,-12.49452,7.0,36.51048,0.39223220000000003
-147.2379,-41.214940000000006,8.0,40.6069,-0.110677
-164.9832,-59.498059999999995,8.0,25.56718,-0.9857478000000001
-165.5866,-74.43647,8.0,25.43437,0.4772817
-146.3893,-78.15941,8.0,29.948829999999997,0.1966954
-123.6777,-81.46038,8.0,33.21505,0.22616950000000002
-110.8724,-103.0316,8.0,36.313109999999995,0.08995137
-121.1865,-127.0563,8.0,37.52041,0.1145578
-144.1822,-129.8144,8.0,18.15332,-2.516101
-145.7087,-126.8431,8.0,5.647387999999999,0.2696996
-141.9554,-121.3883,8.0,12.52932,0.46085059999999994
-144.8178,-110.5006,8.0,18.70288,0.4582459
-157.6546,-102.3287,8.0,23.27864,0.05799616
-167.808,-114.4198,8.0,25.24904,0.17517729999999998
-166.6542,-135.1824,8.0,30.71739,0.18270260000000002
-170.5886,-159.5662,8.0,35.97368,0.3654932
-169.9501,-188.0077,8.0,40.78567,0.3732605
-168.8227,-219.9612,8.0,45.50837,0.1532033
-160.2298,-251.4614,8.0,39.95995,-0.9072658000000001
-137.115,-253.4787,8.0,28.002470000000002,-0.35919559999999995
-127.1202,-234.8822,8.0,31.943620000000003,0.3220906
-127.3808,-209.3422,8.0,37.0965,0.19101070000000003
-122.2662,-182.9246,8.0,27.83489,-3.050131
-110.6011,-181.9674,8.0,16.96828,0.1816376
-107.0916,-195.8853,8.0,22.7042,0.4457847
-106.5106,-214.9698,8.0,28.59825,0.39518709999999996
-105.71600000000001,-238.1983,8.0,34.121,0.37771409999999994
-97.2812,-263.0655,8.0,37.508309999999994,0.1397622
-71.85603,-272.4907,8.0,38.45683,-0.026805700000000002
-50.52216,-254.5619,8.0,39.59407,0.07933178
-46.54935,-224.2914,8.0,43.675959999999996,0.3482774
-36.75525,-193.106,8.0,45.43517,0.13187870000000002
-11.984919999999999,-168.1749,8.0,49.635040000000004,0.14484070000000002
7.8847179999999994,-138.2411,8.0,42.32107,-0.3731192
1.10533,-113.8745,8.0,36.7304,1.132951
-5.918222,-87.20639,8.0,39.98069,0.3472933
-1.6977650000000002,-56.16673,8.0,44.68155,0.3361051
-1.461282,-21.320339999999998,8.0,49.171409999999995,0.3184038
-2.761907,16.7867,8.0,52.86196999999999,-0.1993001
-18.15444,41.880590000000005,8.0,28.13281,-2.362631
-26.250020000000003,40.7653,8.0,5.437937000000001,0.5166189999999999
-30.51564,36.96562,8.0,11.857510000000001,0.42595779999999994
-39.06439,43.56414,8.0,18.24752,0.47173820000000005
-47.98357,48.58938,8.0,1.929875,-1.094674
-48.016000000000005,48.58701,8.0,0.02573504,-0.02361688
-48.45069,46.625609999999995,8.0,4.876622,0.2766387
-47.20317,43.33477,8.0,2.551184,-1.004492
-48.93892,44.61821,8.0,7.708867999999999,0.6385334
-57.52945,46.313559999999995,8.0,16.396639999999998,0.30284190000000005
-72.73465999999999,44.568979999999996,8.0,24.69298,0.2965708
-93.8053,42.1088,8.0,32.48515,0.26695040000000003
-120.4854,44.29875,8.0,39.49342,0.17322520000000002
-143.4113,30.00015,8.0,38.40844,-0.07611713
-144.597,-0.751363,8.0,45.97376,0.606588
-141.9043,-33.48527,9.0,3.139334,-0.05030723
-142.1977,-35.541990000000006,9.0,3.7757680000000002,0.541625
-144.5851,-42.96921,9.0,14.46435,-0.22232770000000002
-150.4993,-50.42241,9.0,11.62985,-0.05923168
-159.5537,-53.739540000000005,9.0,13.681239999999999,-0.11122930000000002
-166.3923,-59.02308000000001,9.0,10.575569999999999,-0.2086681
-164.87400000000002,-68.03679,9.0,18.57059,0.4546968
-151.9802,-73.65442,9.0,17.95056,-0.1363546
-139.9464,-72.81371,9.0,14.77472,0.1963017
-124.8657,-76.82394000000001,9.0,25.30648,0.08622289
-111.1229,-89.80766,9.0,26.25875,0.0627399
-107.2998,-107.9218,9.0,21.72591,-1.340709
-109.5814,-117.5915,9.0,11.22356,-0.08901183
-114.8492,-127.7379,9.0,21.55208,0.1869006
-127.5656,-134.9809,9.0,18.114320000000003,-0.3108438
-139.0046,-131.7418,9.0,15.68699,0.09082775
-146.1678,-118.1949,9.0,25.665960000000002,0.2795323
-153.3929,-101.4388,9.0,16.96151,-0.9413127
-162.9826,-101.2576,9.0,12.24965,-0.0232635
-167.2774,-113.73100000000001,9.0,25.46787,0.5489994
-168.6647,-137.8333,9.0,39.17261,0.4438067
-168.4719,-169.9238,9.0,45.88088,0.15730999999999998
-164.9958,-204.5453,9.0,45.66738,-0.6016488
-162.8303,-234.8331,9.0,33.8916,-1.9277970000000002
-156.7509,-253.6079,9.0,23.669179999999997,-0.4030869
-143.1006,-260.3852,9.0,18.42069,-0.43532529999999997
-131.1414,-252.4816,9.0,25.66199,0.551743
-124.9135,-229.3874,9.0,37.15149,0.5082784
-128.2417,-203.8536,9.0,27.44608,-0.8499051999999999
-128.1795,-190.1369,9.0,14.551029999999999,-0.118725
-122.1636,-182.2504,9.0,16.54791,0.6921538
-108.9713,-184.0864,9.0,17.45879,-0.32180349999999996
-102.9593,-193.8235,9.0,17.83923,1.074449
-102.977,-212.6082,9.0,32.077740000000006,0.332106
-105.9788,-239.0479,9.0,37.3905,-0.1454778
-100.4033,-264.5659,9.0,34.102990000000005,-0.30235609999999996
-78.69346999999999,-273.0769,9.0,32.77871,-0.03898191
-57.170730000000006,-263.6647,9.0,31.90568,0.1246147
-48.52975,-240.6339,9.0,35.15128,0.06819901
-44.379709999999996,-213.9684,9.0,36.52648,-0.1689962
-38.39287,-188.8848,9.0,32.64931,-0.39555229999999997
-24.77639,-171.7043,9.0,26.750090000000004,-0.3977843
-10.14758,-161.234,9.0,22.00269,-0.32404299999999997
2.525067,-152.8415,9.0,18.61243,-0.275658
11.70928,-142.4091,9.0,21.587329999999998,0.2316493
8.650681,-125.3194,9.0,27.29627,0.147299
-4.45029,-108.5288,9.0,29.60919,0.005996865
-10.29373,-87.19028,9.0,30.279290000000003,0.06475469
-10.68567,-63.59315,9.0,34.026759999999996,0.32899120000000004
-6.735689,-37.99176,9.0,35.69211,0.07877523
-2.420941,-11.50923,9.0,36.70466,0.05692266
-3.438594,12.6855,9.0,26.88271,-0.3365504
-8.038983,28.768859999999997,9.0,19.35908,-0.292105
-19.32469,40.72137,9.0,27.10789,0.5076444
-41.3037,45.1483,9.0,33.95341,0.2636362
-69.10004,43.96338,9.0,41.15294,0.5225294
-102.2131,43.21568,9.0,47.85995,0.2245451
-134.903,38.78823,9.0,34.74456,-0.7124752
-147.0996,18.88755,9.0,34.80516,0.3535054
-141.5522,-8.856796000000001,9.0,41.4253,0.42789350000000004
-143.8313,-35.0056,10.0,20.48682,-2.203148
-148.5964,-47.15651,10.0,20.40695,0.5259182
-159.7195,-55.099880000000006,10.0,16.84153,-0.24544760000000002
-167.1125,-62.445319999999995,10.0,13.128020000000001,0.19202679999999997
-160.9911,-72.19583,10.0,18.08735,-0.3998502
-147.6935,-72.53439,10.0,18.74014,-0.15134579999999997
-134.4787,-73.72135,10.0,20.27648,0.6180256
-117.3496,-81.83015999999999,10.0,29.379479999999997,0.2311427
-107.1704,-102.7342,10.0,35.071,0.39507040000000004
-114.2649,-126.3848,10.0,25.83491,-1.2360280000000001
-129.1275,-133.7377,10.0,20.247870000000002,-0.36248959999999997
-141.2931,-129.114,10.0,18.64055,0.6253287
-146.519,-113.3522,10.0,24.63843,-0.3798552
-150.8611,-104.0379,10.0,3.8927449999999997,-0.02707303
-156.6324,-100.6243,10.0,13.372520000000002,0.48609259999999993
-166.1805,-106.484,10.0,19.508770000000002,0.22485990000000003
-168.1164,-123.4102,10.0,26.548070000000003,0.2511846
-168.9124,-145.709,10.0,33.9791,0.10571749999999999
-168.2858,-172.1459,10.0,37.73126,0.2003789
-165.9921,-201.0222,10.0,39.78221,-0.5949003
-164.0837,-227.5056,10.0,32.03461,-0.5005854999999999
-160.9713,-248.2773,10.0,24.90914,-0.5605291
-148.9107,-258.8676,10.0,22.14663,0.2600052
-132.9746,-254.8241,10.0,23.91365,0.19222
-125.3925,-237.3505,10.0,27.66198,0.1006457
-126.1308,-215.8226,10.0,30.72965,0.23571910000000001
-127.8866,-196.9758,10.0,17.57873,-0.3151572
-126.6436,-185.7641,10.0,13.041260000000001,-0.3533146
-118.1656,-181.8821,10.0,15.915270000000001,0.2557697
-106.1112,-186.2639,10.0,17.88541,0.012455500000000001
-103.0655,-199.5004,10.0,20.031010000000002,0.1857519
-104.0274,-215.2018,10.0,21.80022,0.004812723
-105.3026,-231.8411,10.0,25.26807,0.5344943
-105.6559,-252.7558,10.0,29.932920000000003,0.007683545
-94.27023,-270.4743,10.0,31.36522,0.351878
-68.59566,-270.5746,10.0,38.18958,0.2492677
-50.43441,-250.9296,10.0,38.7765,0.48327829999999994
-46.07002,-220.2123,10.0,43.89362,0.2624585
-38.84565,-191.1008,10.0,36.128040000000006,-0.6131207
-24.783079999999998,-172.2211,10.0,28.38252,-0.464021
-9.986516,-161.4473,10.0,16.953889999999998,-1.9728400000000001
-1.329433,-155.4287,10.0,17.98772,0.5284816
9.844374,-146.0887,10.0,19.03268,0.03747692
11.98639,-130.0434,10.0,27.02125,0.2688296
-2.37761,-113.3686,10.0,32.53669,0.16465839999999998
-9.862345,-89.19173,10.0,33.16985,-0.5400839
-9.873762,-65.33669,10.0,34.50998,0.46349589999999996
-6.784522,-37.54124,10.0,40.80962,0.44430290000000006
-2.084923,-5.502297,10.0,46.55627,0.37197929999999996
-7.376562,28.82892,10.0,44.519690000000004,-0.4300468
-33.66871,44.553540000000005,10.0,44.39208,0.3358752
-68.33033,44.20055,10.0,49.4621,0.4065527
-106.7996,42.146640000000005,10.0,54.13625,-0.722102
-139.2836,36.10828,10.0,39.25365,-0.0999309
-147.5401,11.961789999999999,10.0,37.335840000000005,0.3836852
-141.392,-16.944689999999998,10.0,42.5022,0.3444691
-147.6222,-42.93918,11.0,34.55301,0.18752879999999997
-166.3189,-61.94161999999999,11.0,36.436679999999996,-1.5788309999999999
-166.3616,-79.84745,11.0,19.9267,0.1447025
-153.7536,-73.86183,11.0,23.54397,0.45019490000000006
-136.338,-71.49016,11.0,27.901090000000003,0.2237201
-117.7058,-84.56586,11.0,31.44205,-0.1943921
-108.9424,-105.6388,11.0,34.19833,0.32495440000000003
-118.4187,-127.5324,11.0,28.08264,-0.290693
-137.4499,-131.2269,11.0,30.254859999999997,0.170942
-144.8829,-110.4428,11.0,30.256840000000004,-3.3315349999999997
-150.6924,-101.4449,11.0,14.212110000000001,0.5649948
-164.1378,-104.8492,11.0,23.63544,0.23356500000000002
-166.2358,-123.6998,11.0,29.310779999999998,0.4912915
-167.6291,-147.7735,11.0,35.78593,0.4396557
-167.4167,-176.4029,11.0,41.74373,0.20501770000000002
-164.3545,-209.3989,11.0,47.59132,0.34391279999999996
-161.3378,-242.97299999999998,11.0,38.699040000000004,-1.363286
-146.9623,-259.3868,11.0,29.41589,0.3301249
-129.1124,-250.354,11.0,30.342470000000002,0.181674
-125.2406,-225.8233,11.0,36.45743,0.201773
-127.98100000000001,-198.0811,11.0,34.60818,-0.2415071
-117.5752,-179.7147,11.0,26.670240000000003,-0.3278164
-107.0325,-191.2862,11.0,25.522579999999998,0.23561839999999998
-106.0438,-212.5301,11.0,32.014359999999996,0.45533559999999995
-107.0812,-238.4281,11.0,38.116170000000004,0.2101021
-98.97363,-266.1686,11.0,40.88748,-0.3370785
-71.20544,-271.1077,11.0,41.29057,0.32844709999999994
-49.84279,-251.5044,11.0,41.57347,0.1632128
-44.44807,-218.9333,11.0,47.30227,0.4213995
-34.51726,-183.8557,11.0,51.35172,0.07942227
-8.674045,-161.5862,11.0,37.176159999999996,-0.7745432
9.319591,-145.9899,11.0,28.388309999999997,-0.583264
10.44825,-128.41899999999998,11.0,24.22565,0.4390867
-1.6571669999999998,-112.1498,11.0,30.65707,0.2026965
-9.052269,-88.56237,11.0,36.61727,0.2179335
-9.690813,-59.31609,11.0,42.519059999999996,0.4200844
-3.951036,-26.12503,11.0,48.23438,0.4152099
-2.84403,11.35839,11.0,52.942809999999994,0.1356663
-20.426820000000003,42.366279999999996,11.0,46.76988,-0.26216540000000005
-54.747640000000004,43.62465,11.0,49.0457,0.18032820000000002
-93.01663,41.68822,11.0,54.4199,0.36672459999999996
-131.8073,38.67345,11.0,44.29462,-1.4553
-150.08100000000002,16.251839999999998,11.0,40.21295,-0.09681229
-142.5199,-14.0041,11.0,44.42844,0.1487002
-146.8882,-44.6729,12.0,34.64788,-1.473993
-164.7863,-55.622319999999995,12.0,28.56744,-0.14660879999999998
-163.8339,-71.27081,12.0,23.86983,0.01893297
-144.5747,-71.12415,12.0,29.361729999999998,0.2141212
-121.9576,-78.22553,12.0,35.13474,0.1931507
-106.8861,-100.3319,12.0,38.91044,0.17190350000000001
-114.4233,-123.0872,12.0,27.09536,-0.41800829999999994
-131.2407,-132.7895,12.0,23.62791,-0.4488324000000001
-145.018,-125.4031,12.0,24.69053,0.3228308
-149.1109,-105.7048,12.0,26.75662,-0.8908815000000001
-163.2077,-101.9464,12.0,19.828429999999997,0.08210092
-167.6461,-118.1656,12.0,29.9246,1.155949
-168.2487,-144.495,12.0,38.724540000000005,0.4396454000000001
-167.4534,-175.3147,12.0,44.40374,0.17764720000000003
-165.2988,-210.2458,12.0,50.065509999999996,0.1911629
-161.6122,-246.2106,12.0,43.85342,-0.606445
-141.6638,-257.8635,12.0,26.98607,-0.7526178000000001
-129.0964,-241.0424,12.0,31.83245,0.5912145000000001
-125.5485,-215.5809,12.0,37.69121,0.18240599999999998
-128.1259,-189.5835,12.0,33.003190000000004,-0.3271191
-111.2267,-180.9671,12.0,26.444340000000004,-0.4594544
-108.7316,-197.8412,12.0,27.335520000000002,0.4810265
-110.2173,-220.2047,12.0,33.68708,0.4848835999999999
-107.1692,-247.3964,12.0,39.94125,0.416717
-90.63524,-270.9076,12.0,39.5078,-0.192351
-61.1649,-267.1365,12.0,42.988820000000004,0.30622109999999997
-45.47576,-244.2625,12.0,35.35566,-0.6783766
-53.836459999999995,-223.364,12.0,21.85272,-2.615409
-53.0877,-216.5133,12.0,5.591793,0.01639228
-53.26871,-215.1472,12.0,2.644239,0.3799342
-49.80002,-218.66400000000002,12.0,10.79313,0.4615694
-42.63369,-213.0186,12.0,15.250810000000001,-0.15527190000000002
-41.6797,-202.9701,12.0,14.583420000000002,0.9967343000000001
-39.0904,-188.5099,12.0,23.70433,0.2410616
-27.43266,-172.4633,12.0,30.20017,0.23305549999999997
-6.673307,-159.0667,12.0,36.59228,0.2250439
11.54472,-139.5632,12.0,32.972609999999996,-0.8500063
5.2875440000000005,-119.2863,12.0,32.761829999999996,0.607232
-8.643808,-92.37541,12.0,48.538129999999995,1.148519
-8.818563000000001,-53.62563000000001,12.0,54.9656,0.35581740000000006
-2.490726,-11.60438,12.0,59.757290000000005,0.3214307
-6.6249460000000004,25.18913,12.0,31.577740000000002,-1.6295110000000002
-23.74251,43.33285,12.0,36.858470000000004,0.2192849
-52.242779999999996,44.513909999999996,12.0,41.56564,0.41456940000000003
-85.12169,44.347,12.0,47.22347,0.1946118
-121.6412,40.61252,12.0,49.60204,-0.2072339
-152.0089,26.583820000000003,12.0,43.58575,-0.4643242
-153.3698,12.75432,12.0,5.764384,-0.6633031999999999
-151.3931,12.66849,12.0,7.556698,0.570096
-146.6719,6.327464,12.0,15.245679999999998,0.5304371
-145.6382,-7.769448,12.0,22.69166,0.54052
-142.2465,-26.888840000000002,12.0,29.631429999999998,0.2323123
-142.3302,-36.38525,13.0,8.879052,0.5847241
-146.143,-45.00844,13.0,16.671310000000002,0.5208329
-158.2982,-53.49012,13.0,23.75134,0.2547428
-167.1254,-67.46783,13.0,20.81249,-0.570549
-157.6779,-76.07302,13.0,18.57405,0.20561999999999997
-142.8089,-73.17514,13.0,20.10691,-0.1913217
-128.0805,-73.45903,13.0,23.433320000000002,0.4844843
-112.3568,-84.66582,13.0,29.4404,0.20847220000000002
-106.98200000000001,-107.3659,13.0,34.4943,0.2214464
-121.9185,-128.7961,13.0,38.30754,0.24478029999999998
-144.4367,-128.3562,13.0,21.22147,-0.7728524
-143.5891,-122.7703,13.0,7.612626,0.5793017
-138.3333,-122.2974,13.0,1.983384,0.5238128
-142.5342,-123.7597,13.0,9.608022,0.39257509999999995
-145.5338,-128.7477,13.0,3.5465139999999997,-0.790864
-145.3065,-127.6326,13.0,6.229071,0.6402593000000001
-141.6915,-120.6407,13.0,14.86811,0.5662451999999999
-141.4381,-107.4137,13.0,22.04986,0.479525
-155.7394,-97.8356,13.0,26.256809999999998,-0.2093718
-166.81400000000002,-109.796,13.0,26.17923,0.4739945
-167.80900000000003,-132.0599,13.0,33.61169,0.49095900000000003
-167.6062,-159.62,13.0,40.381879999999995,0.4604875
-167.9765,-191.8761,13.0,46.70755,0.22245610000000002
-167.9237,-228.7174,13.0,52.564840000000004,0.3330344
-150.6686,-256.426,13.0,42.76702,-0.4428036
-128.2251,-248.5776,13.0,29.306759999999997,0.40720890000000004
-128.2491,-223.7333,13.0,39.017109999999995,0.7106536
-127.6982,-194.1194,13.0,31.601059999999997,-3.637925
-121.6005,-182.5782,13.0,14.108139999999999,0.00876127
-109.794,-184.6969,13.0,21.35869,0.4042712
-104.7618,-201.8344,13.0,28.05217,0.4964826
-107.4478,-225.0087,13.0,35.01291,0.23370990000000003
-103.7011,-252.3994,13.0,40.45465,0.18475999999999998
-81.26839,-272.2402,13.0,42.629490000000004,-0.0073377930000000004
-54.01922,-260.4469,13.0,42.51072,0.01159059
-48.7559,-228.7514,13.0,46.60225,0.21364450000000001
-41.50801,-197.3574,13.0,42.59714,0.3694894
-20.03869,-171.7299,13.0,48.27022,0.42797799999999997
4.925987999999999,-143.4762,13.0,50.60901,-0.7485972
4.868996,-112.7067,13.0,36.550540000000005,-1.425322
-8.972265,-95.48173,13.0,27.9347,0.5324236999999999
-6.262065,-71.39745,13.0,36.303129999999996,0.23505120000000002
-5.4289510000000005,-42.02855,13.0,42.92337,0.4621696
-4.022002,-7.913745,13.0,49.107479999999995,0.430522
-7.824812,28.764429999999997,13.0,45.579640000000005,-1.5578040000000002
-28.469820000000002,41.45834,13.0,25.15573,-1.909864
-35.0,32.57342,13.0,3.260975,-59.18544
-35.126,32.58937,13.0,0.06545863,0.01307969
-35.1715,32.59492,13.0,0.05528871,0.001520646
-34.32262,35.50132,13.0,8.200676,0.2583759
-32.60973,42.78326,13.0,7.4821100000000005,-0.4045417
-32.28463,44.6125,13.0,2.062234,0.263011
-35.40845,41.510870000000004,13.0,10.172080000000001,0.547288
-45.28139,43.31619,13.0,17.45795,0.25513379999999997
-60.6036,45.300270000000005,13.0,24.26905,0.4900248
-80.78516,42.57038,13.0,30.705309999999997,0.22798279999999999
-105.7389,42.873020000000004,13.0,36.629909999999995,0.20591120000000002
-133.7418,37.64236,13.0,39.89184,-0.1805773
-147.8739,14.55265,13.0,39.06517,0.352695
-145.0479,-16.159129999999998,13.0,44.39051,0.37175490000000005
-148.6813,-48.5546,14.0,38.872820000000004,-2.01025
-163.3119,-64.83713,14.0,23.53272,-0.42562209999999995
-151.2726,-75.6502,14.0,26.92261,0.4241839
-129.2906,-77.31259,14.0,32.35978,0.26940640000000005
-111.4182,-94.63575,14.0,36.305690000000006,0.09957701
-114.7064,-121.0326,14.0,38.54459,0.08519939
-138.5411,-131.4597,14.0,30.448090000000004,-1.611308
-145.9101,-120.6348,14.0,5.729878,-2.3508080000000002
-146.3784,-119.3875,14.0,1.9326720000000002,-0.008067755
-147.2156,-118.3385,14.0,1.600335,-0.03056445
-148.2707,-117.5608,14.0,3.390428,0.4053377
-150.9211,-117.4632,14.0,1.3175290000000002,-0.6780411
-148.7593,-116.2238,14.0,7.8555600000000005,0.6471439999999999
-144.6188,-108.6729,14.0,15.99284,0.5623220999999999
-152.0013,-97.50391,14.0,22.30113,0.3441534
-166.688,-104.1275,14.0,26.10654,0.3134217
-166.5827,-125.3454,14.0,32.39347,0.5033926
-166.7187,-151.8582,14.0,39.2239,0.23194360000000003
-166.9241,-183.3706,14.0,45.75031,0.4793894
-167.043,-219.5509,14.0,51.87307,0.4210317
-156.2295,-251.2865,14.0,36.08312,-1.942402
-141.7921,-253.0423,14.0,6.881912,-1.30441
-141.3744,-250.0531,14.0,2.6693849999999997,-0.16170610000000002
-138.1157,-248.0158,14.0,9.197734,0.6746888000000001
-129.2876,-251.1169,14.0,14.24717,-0.2901147
-121.5229,-249.2095,14.0,9.656077,-0.200227
-122.6919,-239.5026,14.0,18.12477,0.5783387
-126.0287,-223.5377,14.0,25.84592,0.26779759999999997
-127.6502,-201.7057,14.0,33.19972,0.5179739999999999
-119.6811,-180.0541,14.0,30.2353,-0.06697379
-105.6812,-187.2681,14.0,26.22038,1.1276760000000001
-107.0106,-213.68,14.0,45.8748,1.4579389999999999
-102.8405,-252.9174,14.0,56.322269999999996,-0.6839390000000001
-75.06696,-272.395,14.0,45.778009999999995,0.2247902
-49.36486,-254.8114,14.0,43.22517,-0.07244482
-49.39905,-221.7563,14.0,47.243159999999996,0.21960410000000002
-34.65419,-189.1556,14.0,51.28732,0.3596635
-6.324089,-161.0554,14.0,56.70145,0.16968770000000002
9.98419,-128.4443,14.0,36.11327,-2.508273
-1.067983,-110.9326,14.0,26.549559999999996,1.18223
-5.878559,-89.16943,14.0,33.764070000000004,0.4745705
-3.7426129999999995,-61.72445,14.0,40.56937,0.2349313
-2.314204,-29.23149,14.0,47.00437,0.21983779999999997
-3.020523,7.818132,14.0,53.0161,0.4189098
-16.7066,39.34198,14.0,43.750659999999996,-0.2778792
-48.64415,40.9473,14.0,46.39114,0.42959529999999996
-85.3642,40.18996,14.0,52.401540000000004,0.20902579999999998
-125.1728,41.32914,14.0,48.33553,-1.664759
-145.17700000000002,26.52925,14.0,21.65268,-1.275611
-144.078,22.39411,14.0,4.556996,0.6651093000000001
-141.4519,25.21283,14.0,3.90895,-0.7744847
-142.4173,23.87152,14.0,6.87316,0.48961270000000007
-148.0708,21.51132,14.0,6.912257,-1.059088
-149.2298,21.8678,14.0,3.294716,0.6893425999999999
-144.7196,18.223129999999998,14.0,12.362810000000001,0.6155715
-140.9108,6.832545,14.0,20.565839999999998,0.30720159999999996
-141.484,-11.36806,14.0,28.548140000000004,0.5624374
-141.7902,-34.442859999999996,1.0,5.959047,-0.07926045
-142.1427,-40.43649,1.0,12.496939999999999,0.6604189
-147.7922,-51.19355,1.0,20.91694,0.3042262
-161.9436,-62.60565,1.0,27.56689,0.04860954
-154.2329,-76.87836,1.0,24.24369,-0.1183751
-138.9975,-68.43639,1.0,15.08874,0.6762715
-135.868,-68.27805,1.0,0.02442722,-0.0003508594
-135.8492,-68.28088000000001,1.0,0.02552318,0.0004087082
-135.8315,-68.28321,1.0,0.0216861,-0.01734087
-136.0183,-69.07415999999999,1.0,4.170382,0.3455256
-135.7894,-72.40177,1.0,4.437494,-0.04554416
-135.9412,-75.34322,1.0,3.588893,-0.03263281
-136.7273,-76.39846999999999,1.0,2.3405720000000003,0.35542379999999996
-131.9032,-74.92846999999999,1.0,11.38183,0.6221111
-121.2572,-78.6012,1.0,19.18929,0.23689549999999998
-112.9657,-93.48338000000001,1.0,26.94987,0.5414919
-111.6232,-115.3041,1.0,33.06693,0.1910315
-129.5681,-132.9513,1.0,36.467079999999996,-0.43556530000000004
-146.7212,-124.0656,1.0,22.36915,0.198106
-138.4606,-110.6487,1.0,15.378070000000001,-0.0432444
-138.4579,-108.7173,1.0,0.02557294,0.01057936
-138.4587,-108.7347,1.0,0.0215704,0.009400169
-139.5594,-108.3314,1.0,5.833846,0.6901379
-144.8233,-109.6582,1.0,7.8489119999999994,-0.02864781
-145.3161,-110.1025,1.0,4.5395900000000005,0.33875720000000004
-144.7202,-103.6963,1.0,13.07136,0.5626515999999999
-153.5185,-95.8857,1.0,18.11071,-0.41194769999999997
-163.7656,-99.77672,1.0,13.94694,0.1538026
-166.8852,-115.1894,1.0,28.73425,0.4412289000000001
-169.6909,-140.0004,1.0,37.80829,0.3943151
-163.2572,-167.6309,1.0,35.302890000000005,-0.3007027
-167.6394,-190.9037,1.0,31.04382,0.9600266
-166.8929,-219.2223,1.0,38.96161,-0.5509754
-162.9878,-244.5719,1.0,29.897109999999998,-0.9727091
-145.2495,-250.8105,1.0,28.1652,0.62187
-124.3759,-242.5567,1.0,30.498490000000004,-0.6562353
-127.4455,-226.7208,1.0,25.20571,0.4842647
-127.1091,-211.5361,1.0,22.36479,-0.35990170000000005
-123.4925,-198.4031,1.0,18.09885,0.05036176
-123.4497,-186.6825,1.0,14.3983,-0.0259726
-112.0235,-186.5277,1.0,18.21704,-0.8297726000000001
-110.2454,-197.9296,1.0,14.261610000000001,-0.09210754
-109.8858,-209.25799999999998,1.0,18.77361,0.2924374
-108.1914,-226.0327,1.0,26.58418,0.2694552
-104.8387,-248.18599999999998,1.0,33.73489,0.4631659000000001
-88.78056,-268.7298,1.0,38.21907,0.209858
-61.518809999999995,-265.9171,1.0,39.48684,-0.02251661
-51.98234,-239.1489,1.0,41.58664,0.2409152
-43.93531,-207.7907,1.0,46.74815,0.4145886
-21.79575,-178.8448,1.0,52.1604,0.2054801
3.25078,-146.7715,1.0,57.6947,0.39134359999999996
11.453489999999999,-111.7214,1.0,27.76871,-2.907108
9.990521000000001,-104.3599,1.0,0.9738851000000001,-0.1723308
9.786242999999999,-104.2618,1.0,0.7932569,0.46346590000000004
12.45228,-106.0482,1.0,7.178394,0.33851240000000005
17.796770000000002,-107.1265,1.0,4.498798000000001,-0.7307883000000001
17.61384,-107.1982,1.0,4.804255,0.638262
11.40075,-109.7484,1.0,13.281479999999998,0.6218982
1.0512270000000001,-109.7929,1.0,17.39175,0.3100786
1.159426,-94.8656,1.0,24.097820000000002,0.47395859999999995
-3.3269480000000002,-75.35084,1.0,30.71288,0.46677799999999997
-5.697238,-50.296170000000004,1.0,37.34935,0.47713549999999993
-6.434179,-20.25416,1.0,43.74021,0.2132255
-6.621125,14.417679999999999,1.0,49.76582,0.4354883
-15.72386,42.37251,1.0,24.581999999999997,-3.886194
-25.50406,40.933409999999995,1.0,16.05209,0.5421996
-39.22987,38.053290000000004,1.0,23.07045,0.5550589
-58.869530000000005,39.81538,1.0,30.25784,0.5224314
-83.85873000000001,39.59434,1.0,37.10268,0.2410527
-113.7578,40.398790000000005,1.0,43.56993,0.45826239999999996
-141.5368,35.090509999999995,1.0,29.507890000000003,-0.9997661
-141.8236,24.37945,1.0,8.223538000000001,-0.1686539
-137.7514,24.26635,1.0,0.07719226,0.06503274
-137.7517,24.2212,1.0,0.05169554,-0.005151895
-138.7104,24.48333,1.0,4.861916000000001,0.5397485
-144.61700000000002,24.14761,1.0,10.48243,0.1515889
-150.6998,25.28296,1.0,3.7251519999999996,-0.3632876
-150.1575,24.9403,1.0,5.164802,0.5934479
-147.0588,19.19566,1.0,12.96856,0.25613320000000006
-151.4205,7.997808999999999,1.0,19.707,0.18104510000000001
-148.9882,-8.254416,1.0,25.825789999999998,0.4815798
-146.0657,-29.56393,1.0,32.23575,0.4587169
-155.5786,-50.29063,2.0,32.45985,0.3580062
-166.3779,-67.55651,2.0,25.8562,-0.4691888
-156.5826,-71.33747,2.0,8.755713,-0.4622050999999999
-155.7119,-68.52721,2.0,0.05238204,0.004503102
-155.67700000000002,-68.5282,2.0,0.03573373,-0.02310064
-156.1532,-70.68713000000001,2.0,5.29217,0.02733728
-156.6766,-74.34612,2.0,4.69689,-0.03508778
-156.3897,-74.40866,2.0,5.004268,0.6840695999999999
-149.7254,-73.00935,2.0,13.976460000000001,0.5671315
-138.8711,-80.53354,2.0,21.0693,-0.2194306
-125.32700000000001,-83.99358000000001,2.0,17.28673,-0.30745259999999996
-113.7891,-95.1221,2.0,28.9793,0.4048437
-113.8053,-116.9177,2.0,31.51506,0.11881489999999999
-132.4041,-130.6897,2.0,31.749190000000002,-0.6989892
-145.3887,-121.3054,2.0,20.12558,-0.023774599999999996
-139.0687,-107.0488,2.0,19.35838,-0.5072117
-151.2457,-101.5796,2.0,21.43274,0.06185964
-161.0127,-109.647,2.0,16.696939999999998,0.26116910000000004
-162.5535,-122.0584,2.0,18.278489999999998,0.1390632
-165.3661,-138.2231,2.0,26.45053,0.5747852
-165.2645,-160.7187,2.0,34.186370000000004,0.5135666
-165.6021,-188.81900000000002,2.0,41.45628,0.5247918
-165.8681,-222.0452,2.0,48.201440000000005,0.22197070000000002
-159.3857,-248.2312,2.0,21.89013,-0.2416723
-142.049,-251.9989,2.0,28.29968,0.5602136
-125.1679,-241.7856,2.0,26.14503,-1.2873459999999999
-127.259,-222.1844,2.0,31.891990000000003,0.3033895
-126.5223,-196.1585,2.0,37.5099,-0.6657147
-120.8301,-184.1254,2.0,10.898610000000001,0.7058355
-111.8687,-188.703,2.0,18.20488,0.5431429
-109.9643,-204.9998,2.0,26.20649,0.28274590000000005
-107.6899,-227.2089,2.0,33.96397,0.529974
-100.941,-254.0932,2.0,40.714079999999996,0.3897013
-77.36950999999999,-270.8362,2.0,40.31902,-0.1338474
-52.33092,-255.3371,2.0,42.26826,0.04876638
-49.44632,-223.9913,2.0,45.62161,0.4094083
-36.85883,-191.6049,2.0,49.78337,0.4363523
-9.999958,-163.0438,2.0,55.9264,0.4491867
8.882113,-131.7979,2.0,30.80078,-3.3476209999999997
1.6501549999999998,-119.1182,2.0,21.6797,0.5636026999999999
-6.320654,-102.7362,2.0,28.75783,0.5425246
-6.629092,-78.64879,2.0,36.246790000000004,0.2636123
-6.78942,-49.12679,2.0,43.39193,0.5167932
-7.175899,-14.45761,2.0,50.08302,0.4791188
-7.7384699999999995,24.703129999999998,2.0,51.21703,-2.043472
-22.13443,45.896029999999996,2.0,19.53789,-2.681954
-25.70291,45.017379999999996,2.0,4.650572,0.3479509
-28.8626,39.97797,2.0,13.122860000000001,0.5872875
-40.555690000000006,43.89308,2.0,21.254739999999998,0.5742748000000001
-58.26278000000001,45.63152,2.0,28.29557,0.2886893
-81.90414,42.25887,2.0,35.92176,0.5376654000000001
-111.1307,41.24204,2.0,43.00012,0.2484799
-143.0971,34.315870000000004,2.0,39.38171,-0.9065174000000001
-150.0477,19.30386,2.0,7.077114999999999,-2.458016
-146.9642,19.40152,2.0,8.283686,0.5967463000000001
-143.3381,11.93624,2.0,16.471610000000002,0.5418544
-150.5895,-1.11873,2.0,23.82948,0.3212018
-146.9133,-19.97425,2.0,29.88563,0.2635022
-142.3299,-36.51936,3.0,12.14593,-0.10411849999999999
-145.2264,-44.62319,3.0,11.82322,0.5621355
-154.0791,-52.49739,3.0,16.510189999999998,-0.28994899999999996
-164.4247,-55.881859999999996,3.0,12.98939,-0.2886344
-166.15200000000002,-63.39578,3.0,9.778708,-0.1697953
-160.6202,-70.73436,3.0,16.75348,0.5348561
-145.7855,-71.78050999999999,3.0,24.33009,0.2547484
-126.0661,-77.3184,3.0,28.91497,-0.43593859999999995
-111.8652,-90.00587,3.0,23.54502,-0.189782
-108.0534,-108.7893,3.0,27.70322,-0.4308219
-114.689,-125.70700000000001,3.0,22.14518,-0.1975613
-128.3939,-133.5554,3.0,24.269560000000002,0.44044040000000007
-142.6006,-126.0498,3.0,26.001260000000002,0.5216670999999999
-150.5372,-106.2295,3.0,25.81279,-0.9335188
-162.9903,-105.819,3.0,18.70427,0.4704353
-167.5845,-121.4446,3.0,26.3078,0.5685486
-169.8699,-143.7123,3.0,33.962740000000004,0.2560299
-167.71599999999998,-171.3871,3.0,41.01696,0.4725143
-166.0049,-204.2581,3.0,47.69771,0.4720735
-163.7307,-240.3999,3.0,46.10733,-1.043612
-147.2283,-259.2723,3.0,28.26966,-1.011941
-130.9154,-248.1597,3.0,30.55878,0.3085002
-126.0826,-225.2226,3.0,35.24879,0.2503557
-127.6401,-198.7396,3.0,34.22961,-0.1592395
-119.1337,-179.1814,3.0,23.92719,0.14914439999999998
-108.79700000000001,-187.0602,3.0,21.875329999999998,0.2477444
-107.676,-205.4311,3.0,28.856379999999998,0.2703354
-104.8616,-227.8321,3.0,29.51306,-0.41481320000000005
-106.139,-249.0457,3.0,33.16189,1.317394
-92.81229,-270.5697,3.0,36.45687,-0.1683714
-67.62250999999999,-268.752,3.0,23.6423,-1.176787
-57.314919999999994,-267.5308,3.0,6.9479630000000006,-0.9489703000000002
-56.59177,-267.0153,3.0,2.7013689999999997,-0.1699616
-57.137130000000006,-267.3424,3.0,1.2479770000000001,0.5267808
-54.958909999999996,-264.8666,3.0,6.80018,0.1097693
-50.21962,-262.3145,3.0,8.093584,-0.06956384
-48.24726,-263.5905,3.0,2.020189,0.6789301999999999
-50.04157,-259.1927,3.0,10.665,0.5953076
-48.25177,-248.5105,3.0,18.71754,0.5553701999999999
-44.79504,-232.2014,3.0,26.274620000000002,0.5374803000000001
-42.29977,-210.1808,3.0,33.40498,0.49285959999999995
-34.58217,-185.062,3.0,37.95879,0.1865588
-13.480089999999999,-163.9401,3.0,36.49493,-0.9787078000000001
1.8497860000000002,-151.2847,3.0,21.93586,-0.355811
11.096969999999999,-140.4802,3.0,16.952379999999998,-0.35043270000000004
10.65596,-129.4635,3.0,15.778720000000002,0.2940069
2.420986,-117.6263,3.0,23.28931,0.2617764
-6.446431,-99.7908,3.0,30.40515,0.4889795
-10.45448,-75.24781999999999,3.0,36.989779999999996,0.46842209999999995
-7.990044999999999,-45.538470000000004,3.0,43.30389,0.4808643
-3.672557,-12.52437,3.0,42.80141,-0.6531596
-4.204523,10.63821,3.0,15.897670000000002,-0.9826341999999999
-4.938526,15.51092,3.0,5.725129,1.248408
-6.558286,23.09712,3.0,14.724770000000001,0.5848058
-12.65001,35.36063,3.0,22.42809,0.4959303
-29.39655,44.28678,3.0,29.30368,0.212964
-53.38126,44.6489,3.0,35.91625,0.524489
-82.49803,43.77267,3.0,42.621959999999994,0.47757780000000005
-115.9403,41.104490000000006,3.0,45.40915,-0.33645040000000004
-145.1494,33.11253,3.0,37.58481,-0.723358
-146.4065,10.18272,3.0,33.82877,0.20754740000000002
-145.0829,-15.76948,3.0,38.58855,0.44823609999999997
-145.5009,-45.66299,4.0,36.461940000000006,-2.7094970000000003
-158.7899,-54.300369999999994,4.0,19.29331,0.4579567
-168.1316,-62.386959999999995,4.0,20.103089999999998,0.2224676
-155.5524,-72.36251,4.0,25.78349,0.4065468
-134.2442,-74.37836999999999,4.0,32.19701,0.46365
-113.8743,-89.83398000000001,4.0,37.80908,0.3911894
-111.3797,-116.5794,4.0,37.32776,0.04797869
-131.5948,-132.8186,4.0,34.742309999999996,-0.432752
-145.1278,-117.4853,4.0,29.855159999999998,0.15505870000000002
-150.3162,-99.28761,4.0,18.031470000000002,-1.296735
-162.3758,-103.4459,4.0,21.86619,0.47631260000000003
-168.0397,-121.0809,4.0,28.88375,0.5460555
-170.5444,-144.97299999999998,4.0,35.88592,0.4705202
-167.9356,-173.9274,4.0,42.537409999999994,0.4698569
-164.8569,-207.6432,4.0,48.82761,0.2186154
-162.5371,-242.5431,4.0,36.51632,-1.7627279999999999
-152.4001,-255.2056,4.0,18.422420000000002,-0.30476970000000003
-136.5995,-257.4174,4.0,24.797079999999998,0.04177309
-127.3313,-240.6074,4.0,29.97715,0.27215759999999994
-126.66,-216.23,4.0,36.23178,0.2402487
-126.6871,-187.7379,4.0,39.90055,-0.3797725
-105.6918,-177.7986,4.0,29.47288,-0.8183754
-101.9953,-192.8309,4.0,21.37733,-0.11521089999999999
-114.6365,-200.3508,4.0,11.67377,-0.43129179999999995
-114.5551,-201.5559,4.0,0.001184674,-0.0281192
-114.2493,-201.6368,4.0,2.498431,0.5179138
-110.809,-200.8648,4.0,7.0378289999999994,0.05926266
-109.6808,-198.1846,4.0,0.07817644,0.2717108
-109.3563,-200.9944,4.0,7.456881,0.5072213
-107.7351,-208.9489,4.0,14.32341,0.3553852
-105.5801,-221.7683,4.0,20.738000000000003,0.4472028
-105.7746,-239.3661,4.0,26.671540000000004,0.40814290000000003
-101.7735,-260.2044,4.0,31.347459999999998,0.27483070000000004
-81.87148,-272.0724,4.0,33.842209999999994,0.2633061
-57.263769999999994,-263.8929,4.0,37.25196,0.06794173
-49.265840000000004,-238.3519,4.0,38.76227,0.3655315
-45.32323,-208.4608,4.0,43.0313,0.3413295
-29.54745,-179.4818,4.0,46.30761,0.2076877
-4.657496,-157.3759,4.0,36.71895,-2.3383990000000003
8.845868,-144.536,4.0,19.72208,-0.45839650000000004
12.387830000000001,-132.5855,4.0,20.25102,0.5760341999999999
2.203002,-117.7783,4.0,27.22878,0.1886877
-7.2586699999999995,-98.02473,4.0,32.33513,0.3573277
-10.59062,-72.48135,4.0,37.39314,0.1733014
-7.333846,-43.201,4.0,42.16814,0.1672101
-1.9320810000000002,-10.68131,4.0,46.79472,0.29268679999999997
-6.303552,23.92926,4.0,40.06325,-4.48045
-20.0186,40.08827,4.0,29.913840000000004,0.3139628
-43.354659999999996,43.83856,4.0,34.64371,0.3746415
-70.91158,43.27895,4.0,39.75784,0.18369349999999998
-102.1209,41.994890000000005,4.0,43.68533,-0.02793462
-131.4071,38.59883,4.0,29.609,-1.995109
-142.871,33.39114,4.0,17.29637,0.2140654
-147.9948,19.56426,4.0,23.07658,0.3990207
-145.8679,0.529675,4.0,28.769440000000003,0.18826600000000002
-141.658,-22.48461,4.0,34.14436,0.3548594
-147.0347,-45.40442,5.0,27.631459999999997,-0.39521409999999996
-164.3255,-55.95415,5.0,29.01271,-1.064703
-165.2342,-69.02969,5.0,18.5149,-0.7391575
-152.5312,-70.33919,5.0,20.71262,0.2146573
-135.3664,-74.16771999999999,5.0,26.721259999999997,0.41543240000000003
-116.1149,-83.8833,5.0,31.69629,0.27565490000000004
-107.8852,-106.0223,5.0,34.50826,0.23667889999999997
-117.6444,-128.2962,5.0,31.914509999999996,0.05790119999999999
-136.7217,-131.4948,5.0,22.64392,-0.6555979000000001
-143.9841,-115.6734,5.0,26.72075,0.3350929
-157.4462,-100.625,5.0,25.696279999999998,-1.032967
-165.1461,-108.0609,5.0,16.80188,-0.1376203
-165.9601,-121.7701,5.0,22.779220000000002,-0.149397
-167.9514,-142.9364,5.0,37.606640000000006,1.376336
-166.8929,-175.778,5.0,47.907309999999995,0.4450188
-164.2668,-212.4567,5.0,45.41845,-1.185107
-163.6794,-234.3255,5.0,20.650029999999997,-0.2332478
-161.3494,-247.412,5.0,15.22565,-0.3762514
-153.4503,-256.5141,5.0,21.22717,0.8797811
-136.0632,-257.7707,5.0,28.580959999999997,0.3283031
-125.7121,-235.7288,5.0,39.0766,0.3074369
-127.9173,-206.2093,5.0,34.9176,-1.1842
-127.1582,-189.3193,5.0,17.95841,-0.4867258
-117.5052,-182.1864,5.0,20.239,0.7411518
-103.7086,-190.3953,5.0,25.276239999999998,0.36842800000000003
-102.8813,-212.097,5.0,34.19722,0.5586721
-105.3871,-238.8405,5.0,36.45794,-0.3385546
-102.0444,-262.3329,5.0,28.2062,-0.4051479
-82.46165,-272.0405,5.0,32.635459999999995,0.29127309999999995
-58.59865,-264.7002,5.0,35.76442,0.01522468
-49.14416,-239.7576,5.0,38.79268,0.37297759999999996
-44.87409,-209.3256,5.0,43.629690000000004,0.33870459999999997
-31.42114,-178.8484,5.0,46.77394,0.21138890000000002
-7.3298309999999995,-158.8695,5.0,23.626720000000002,-4.046764
1.566282,-153.0926,5.0,11.31793,-0.3196478
6.925922999999999,-148.8639,5.0,7.229735000000001,-0.26786659999999995
11.02482,-144.2379,5.0,11.3867,0.5146153
12.920110000000001,-133.9002,5.0,17.60859,0.4248915
5.534551,-120.7374,5.0,23.5485,0.4569428
-4.628757,-104.1622,5.0,29.11468,0.19115610000000002
-10.1544,-81.24178,5.0,34.44072,0.3578672
-8.906462,-54.0805,5.0,39.27278,0.1719079
-3.298367,-23.6347,5.0,44.08082,0.1534625
-1.997123,8.489763,5.0,36.56261,-1.5640180000000001
-6.397729,24.3602,5.0,9.743164,-0.306469
-11.03045,33.096140000000005,5.0,17.38019,0.46031409999999995
-22.83813,42.06601,5.0,23.20983,0.19828610000000002
-41.65717,45.29782,5.0,28.7441,0.202376
-65.00739,44.92953,5.0,34.26368,0.3978816
-92.33884,43.71024,5.0,39.43716,0.3580562
-121.7086,40.80644,5.0,36.07079,-0.5714219
-139.33700000000002,36.63392,5.0,21.18996,0.35477459999999994
-147.4571,21.52382,5.0,26.308970000000002,0.38615229999999995
-145.8549,0.3202889,5.0,31.5184,0.410183
-141.8465,-24.73943,5.0,34.91032,-1.293847
-144.9123,-42.27026,6.0,12.591660000000001,-0.1672336
-151.4654,-51.74808,6.0,20.22785,-0.540285
-162.9785,-56.95405,6.0,14.213970000000002,-0.444979
-165.6081,-65.93265,6.0,17.13825,0.7418746
-152.0672,-72.75981999999999,6.0,27.3035,1.106243
-127.8361,-75.9357,6.0,38.79322,0.7040715999999999
-108.9691,-97.57276,6.0,37.78037,-0.3344804
-115.8457,-116.0002,6.0,12.22749,-1.398083
-118.9288,-124.8574,6.0,17.59233,0.5636434
-128.1767,-133.9493,6.0,18.00226,0.248556
-141.7543,-128.2929,6.0,23.47795,0.1467606
-146.1375,-109.868,6.0,22.10043,-3.184209
-151.0966,-103.5985,6.0,7.869667999999999,0.2665832
-159.2984,-100.5787,6.0,16.30708,0.4742388
-166.6668,-109.0182,6.0,18.8809,0.8301622999999999
-167.9433,-127.9453,6.0,32.43884,0.473192
-168.6716,-156.7493,6.0,44.60205,0.3984163
-166.3889,-193.5488,6.0,54.72578000000001,0.6943054
-163.5186,-231.7393,6.0,46.174,-1.349116
-155.5647,-256.6203,6.0,27.957790000000003,-1.1175389999999998
-138.6144,-256.6484,6.0,19.801779999999997,-0.4694513
-127.7303,-245.6398,6.0,25.01304,0.3681442
-124.9416,-225.3894,6.0,30.395390000000003,0.373066
-128.503,-201.1485,6.0,35.60168,0.3393941
-124.0236,-183.29,6.0,16.05009,0.12319480000000001
-110.0976,-184.99400000000003,6.0,22.32987,0.2954844
-102.8329,-201.1731,6.0,27.172940000000004,0.3926055
-103.8867,-223.3121,6.0,32.62737,0.4014236
-105.7147,-249.301,6.0,37.686659999999996,0.31355279999999996
-91.9247,-271.7944,6.0,36.20401,-0.08870818
-69.03043000000001,-269.3674,6.0,27.310270000000003,-0.5423913
-53.42491,-261.6318,6.0,22.93289,0.23526620000000004
-47.68849,-242.3972,6.0,30.666009999999996,0.3936794
-44.31606,-217.9046,6.0,36.02122,0.18145529999999999
-39.4674,-189.888,6.0,40.49733,0.07653783
-18.26041,-168.4557,6.0,42.64496,-0.6901248999999999
-0.7701871,-155.259,6.0,14.76002,0.1991213
6.6482660000000005,-149.3477,6.0,12.08038,-0.001023139
12.222560000000001,-141.1002,6.0,16.351,0.6607509
9.55686,-126.5731,6.0,24.87657,0.7173856
-4.3423739999999995,-107.8105,6.0,38.602959999999996,0.4735729
-9.62544,-74.78268,6.0,51.84839,0.9092642
-5.236488,-32.58422,6.0,60.79421,0.2832232
-2.519592,9.567846000000001,6.0,43.15387,-3.343211
-8.701808999999999,28.537090000000003,6.0,20.572879999999998,0.3799436
-20.555320000000002,41.23035,6.0,28.21436,0.7544441999999999
-45.49147,45.34879,6.0,41.45169,1.120941
-81.71606,43.95884,6.0,55.929390000000005,0.9752568000000001
-119.0078,40.92672,6.0,28.128690000000002,-3.476596
-130.7571,38.64894,6.0,12.375630000000001,0.008696469
-143.2196,33.558609999999994,6.0,23.41372,0.09621731
-147.6005,15.70713,6.0,27.96395,0.4057578
-144.30100000000002,-6.782260000000001,6.0,33.45521,0.3841413
-141.9881,-32.97672,6.0,37.51784,0.234837
-142.5116,-39.71735,7.0,12.24982,0.2541152
-148.30700000000002,-49.34232,7.0,18.44427,0.4026376
-162.4371,-56.046440000000004,7.0,23.77853,0.20441410000000002
-167.8796,-69.30830999999999,7.0,16.72481,-0.2445032
-159.3031,-76.82134,7.0,17.235529999999997,0.1305259
-145.6386,-74.40635,7.0,20.13801,-0.05187774
-130.2458,-73.91818,7.0,22.520979999999998,0.2150899
-114.4036,-84.50086,7.0,29.945190000000004,0.3513861
-108.2885,-106.5024,7.0,33.57475,0.1303653
-121.8223,-127.546,7.0,36.327490000000004,0.21094369999999998
-145.172,-128.0743,7.0,24.835539999999998,-0.9024576999999999
-144.7764,-118.1448,7.0,10.42056,-0.36444770000000004
-144.0631,-108.6801,7.0,17.75294,-0.007631524000000001
-153.7544,-101.4553,7.0,17.64095,0.5716182
-165.396,-108.7808,7.0,20.276770000000003,-0.10954970000000001
-165.9269,-123.8262,7.0,22.5906,0.26896970000000003
-167.8007,-144.203,7.0,34.28478,1.045284
-169.6954,-174.6335,7.0,47.63705,0.886632
-169.9427,-213.6527,7.0,53.181259999999995,-0.8772701999999999
-163.8108,-245.8905,7.0,32.95449,-0.8784843000000001
-146.4524,-254.4811,7.0,23.1878,-0.5102572
-130.8798,-249.9939,7.0,22.88115,0.1648085
-125.7692,-232.095,7.0,30.70865,0.42884079999999997
-126.1418,-207.3027,7.0,36.11138,0.38709940000000004
-122.6073,-182.3551,7.0,22.651139999999998,-2.4699310000000003
-112.4729,-182.28099999999998,7.0,17.64956,0.9314334000000001
-109.2839,-196.9904,7.0,23.56808,0.4242053
-108.7865,-216.61599999999999,7.0,29.42085,0.4139875
-108.2108,-240.4542,7.0,34.78342,0.31168640000000003
-96.88426,-264.394,7.0,38.02897,0.08784497
-70.22984,-272.3029,7.0,39.394690000000004,-0.009676776
-50.80574,-252.5976,7.0,39.61061,0.1313589
-48.48465,-221.9106,7.0,43.857040000000005,0.30843940000000003
-34.8637,-192.1997,7.0,46.35054,0.1472436
-10.25422,-165.6599,7.0,50.90175,0.3115025
8.403895,-137.1803,7.0,32.950359999999996,-2.022919
4.334326,-119.2351,7.0,27.428990000000002,0.5247399
-5.712745,-98.9458,7.0,35.72119,1.023522
-2.7364889999999997,-66.28071,7.0,53.265530000000005,0.5991644
-0.8163429,-20.99504,7.0,68.43209,0.8503715000000001
-4.016654,25.19894,7.0,50.836079999999995,-2.987412
-21.50824,42.05457,7.0,29.4105,0.5359783
-47.83286,40.624,7.0,40.03432,0.1728567
-79.35535,40.41686,7.0,44.85337,0.1594847
-114.2847,41.36654,7.0,49.365629999999996,0.32690759999999996
-144.499,33.21138,7.0,30.348329999999997,-0.5642003000000001
-146.0086,12.392000000000001,7.0,31.21524,0.18600279999999997
-145.1314,-12.765039999999999,7.0,36.54053,0.1860626
-147.3154,-41.50322,8.0,40.56498,-0.2501654
-165.1237,-59.627559999999995,8.0,25.262220000000003,-1.7510459999999999
-165.46400000000003,-74.57098,8.0,25.472839999999998,0.2422002
-146.1716,-78.12576,8.0,30.016959999999997,0.4084538
-123.4799,-81.60678,8.0,33.23333,0.1127566
-110.84100000000001,-103.3054,8.0,36.345209999999994,0.1865311
-121.4119,-127.219,8.0,37.52856,0.05040639
-144.303,-129.7513,8.0,17.882820000000002,-1.625726
-145.6733,-126.8191,8.0,5.736644,0.5250954000000001
-141.9353,-121.2982,8.0,12.60703,0.47049140000000006
-144.8965,-110.3862,8.0,18.73943,0.22502729999999996
-157.8207,-102.3293,8.0,23.29821,0.12084149999999999
-167.8102,-114.6115,8.0,25.30924,0.3512348
-166.6693,-135.4106,8.0,30.780179999999998,0.37387059999999994
-170.6211,-159.822,8.0,36.03492,0.3808908
-169.9271,-188.3167,8.0,40.8134,0.1662531
-168.8132,-220.2882,8.0,45.56495,0.34696509999999997
-160.0138,-251.6666,8.0,39.88693,-0.4512299
-136.945,-253.358,8.0,27.886020000000002,-0.687861
-127.1022,-234.6418,8.0,31.99693,0.3187638
-127.3772,-209.0671,8.0,37.1611,0.3776297
-122.1374,-182.7645,8.0,27.599829999999997,-1.4406940000000001
-110.5147,-182.0608,8.0,17.027479999999997,0.34848609999999997
-107.0831,-196.0528,8.0,22.740129999999997,0.222269
-106.50299999999999,-215.1813,8.0,28.66484,0.40292540000000004
-105.7048,-238.4509,8.0,34.15044,0.1827993
-97.09366999999999,-263.2738,8.0,37.51832,0.061131700000000004
-71.57063000000001,-272.4321,8.0,38.45062,-0.03602761
-50.41713,-254.2946,8.0,39.60844,0.08822695
-46.53136,-223.9801,8.0,43.703379999999996,0.1754706
-36.52955,-192.8556,8.0,45.445479999999996,0.06320662
-11.7379,-167.9013,8.0,49.686859999999996,0.3033289
7.966943,-137.9391,8.0,42.21301,-0.6387668000000001
0.9223687,-113.6725,8.0,36.9185,1.124388
-5.8610430000000004,-86.9178,8.0,40.03921,0.3568255
-1.6783139999999999,-55.82894,8.0,44.707229999999996,0.1531181
-1.465842,-20.96828,8.0,49.19641,0.16097170000000002
-2.807652,17.17526,8.0,52.79107,-0.41964579999999996
-18.349079999999997,41.95126,8.0,27.731659999999998,-2.436441
-26.24768,40.72533,8.0,5.521567,0.5122635
-30.60043,36.97012,8.0,11.913110000000001,0.3535256
-39.15047,43.66847,8.0,18.28422,0.22276289999999999
-47.99599,48.58859,8.0,1.520707,-2.4141790000000003
-48.01579,48.58708,8.0,0.05220341,0.15586960000000002
-48.45245,46.58965,8.0,4.922905,0.2792786
-47.18935,43.32266,8.0,2.460766,-0.559338
-48.98519,44.64848,8.0,7.763071000000001,0.3447877
-57.64611,46.3013,8.0,16.500239999999998,0.637567
-72.92381,44.54368,8.0,24.79241,0.5659517
-94.04899999999999,42.10138,8.0,32.57438,0.5244186
-120.7706,44.30774,8.0,39.553540000000005,0.36342090000000005
-143.493,29.73912,8.0,38.39974,-0.05542039
-144.6308,-1.094723,8.0,46.020070000000004,0.2849725
-141.9065,-33.50877,9.0,3.134002,-0.03207619
-142.2029,-35.57038,9.0,3.953586,1.052857
-144.632,-43.0679,9.0,14.445929999999999,-0.1115781
-150.5706,-50.47057,9.0,11.61328,-0.09645269999999999
-159.6491,-53.76895,9.0,13.64512,-0.2144897
-166.4216,-59.096680000000006,9.0,10.54193,-0.1990954
-164.7898,-68.14825,9.0,18.72786,0.9150966999999999
-151.8518,-73.64865999999999,9.0,17.904770000000003,-0.2820259
-139.8398,-72.81904,9.0,14.792320000000002,0.11072149999999999
-124.6939,-76.90992,9.0,25.320120000000003,0.08171625
-111.0304,-89.97873,9.0,26.26339,0.02792895
-107.3153,-108.0855,9.0,21.35343,-2.161356
-109.6083,-117.67,9.0,11.1949,-0.171259
-114.9513,-127.8657,9.0,21.58246,0.1757295
-127.6967,-134.9922,9.0,18.08833,-0.16232729999999998
-139.0963,-131.6674,9.0,15.69401,0.04205766
-146.2195,-118.0181,9.0,25.76294,0.5947561
-153.4888,-101.3569,9.0,16.83765,-0.7331814
-163.0438,-101.3212,9.0,12.24744,-0.01398118
-167.3008,-113.9222,9.0,25.64959,1.054884
-168.6673,-138.1236,9.0,39.32751,0.9246363999999999
-168.4412,-170.2581,9.0,45.93659,0.3337986
-164.96400000000003,-204.8911,9.0,45.56429,-0.6070960999999999
-162.8186,-235.0889,9.0,33.565540000000006,-1.9171610000000001
-156.6293,-253.7338,9.0,23.602970000000003,-0.40121799999999996
-142.9662,-260.3811,9.0,18.385939999999998,-0.21701460000000003
-131.0345,-252.3194,9.0,25.85162,1.109567
-124.9193,-229.1025,9.0,37.19165,0.23642689999999997
-128.2694,-203.6525,9.0,27.166629999999998,-1.627268
-128.1591,-190.0287,9.0,14.513620000000001,-0.2108065
-122.0441,-182.2112,9.0,16.66798,0.7218173000000001
-108.8609,-184.1534,9.0,17.43222,-0.1624369
-102.93799999999999,-193.9498,9.0,17.92962,0.5705899
-102.9943,-212.8509,9.0,32.19212,0.6619828000000001
-106.0008,-239.3302,9.0,37.35649,-0.1990275
-100.2529,-264.7687,9.0,34.07857,-0.14927639999999998
-78.45130999999999,-273.0601,9.0,32.7695,-0.05422984
-57.008759999999995,-263.4926,9.0,31.9162,0.06416322
-48.48628,-240.3737,9.0,35.18173,0.1773968
-44.33487,-213.6969,9.0,36.49807,-0.16774579999999997
-38.29707,-188.6717,9.0,32.61632,-0.2096877
-24.62421,-171.579,9.0,26.68652,-0.38505559999999994
-10.01233,-161.1445,9.0,21.97685,-0.1594274
2.639716,-152.7603,9.0,18.56768,-0.26676679999999997
11.76525,-142.2549,9.0,21.60595,0.1142749
8.536116999999999,-125.15700000000001,9.0,27.34992,0.31688130000000003
-4.545337,-108.3312,9.0,29.609140000000004,-0.000281968
-10.32578,-86.96831999999999,9.0,30.28815,0.05353581
-10.658619999999999,-63.34243000000001,9.0,34.07759,0.3052665
-6.687438,-37.74038,9.0,35.697590000000005,0.03496778
-2.392202,-11.2321,9.0,36.70832,0.02178659
-3.4788589999999995,12.88004,9.0,26.77085,-0.6741766
-8.100359,28.89237,9.0,19.30995,-0.3075806
-19.50279,40.8221,9.0,27.148529999999997,0.2452444
-41.55273,45.1314,9.0,34.042390000000005,0.5388609999999999
-69.40491,43.97077,9.0,41.23765,0.5119939
-102.5738,43.17876,9.0,47.9397,0.46591689999999997
-135.142,38.70599,9.0,34.62238,-0.7412774000000001
-147.0567,18.63714,9.0,34.83437,0.18186370000000002
-141.5432,-9.161324,9.0,41.46025,0.21784610000000001
-143.8609,-35.156859999999995,10.0,20.312170000000002,-1.066539
-148.6808,-47.27993,10.0,20.45008,0.26958000000000004
-159.83100000000002,-55.1448,10.0,16.8208,-0.13237870000000002
-167.1194,-62.5385,10.0,13.16063,0.2040779
-160.8722,-72.24961,10.0,18.05421,-0.20834339999999998
-147.5511,-72.52512,10.0,18.72615,-0.0834502
-134.3344,-73.75708,10.0,20.48938,1.270314
-117.1798,-81.97482,10.0,29.459809999999997,0.4717795
-107.1602,-102.9996,10.0,35.13783,0.3971905
-114.3919,-126.5241,10.0,25.66865,-1.0113020000000001
-129.2773,-133.7483,10.0,20.218420000000002,-0.18141
-141.3823,-129.0052,10.0,18.69112,0.3035943
-146.5608,-113.1802,10.0,24.6072,-0.19610070000000002
-150.8809,-104.0169,10.0,3.898114,0.03184732
-156.7246,-100.6064,10.0,13.414029999999999,0.2675031
-166.2335,-106.6226,10.0,19.58641,0.4522744000000001
-168.1277,-123.6038,10.0,26.63457,0.5072631
-168.9148,-145.9608,10.0,34.0381,0.3381847
-168.2831,-172.4312,10.0,37.754979999999996,0.1399974
-165.963,-201.3045,10.0,39.73158,-0.323142
-164.0749,-227.7366,10.0,31.9924,-0.2660936
-160.8868,-248.4412,10.0,24.86417,-0.2831391
-148.7515,-258.9175,10.0,22.23327,0.4911995
-132.8616,-254.6829,10.0,23.92906,0.09225038
-125.3485,-237.1491,10.0,27.698390000000003,0.21504369999999998
-126.1632,-215.5973,10.0,30.747459999999997,0.1101751
-127.8923,-196.8499,10.0,17.55206,-0.1697145
-126.5951,-185.6816,10.0,13.012089999999999,-0.1799251
-118.0474,-181.8837,10.0,16.00112,0.5138971999999999
-106.0253,-186.3623,10.0,17.89227,0.04075512
-103.072,-199.6469,10.0,20.06242,0.1980988
-104.0371,-215.3629,10.0,21.80366,0.02054691
-105.3187,-232.0291,10.0,25.3529,0.5063659
-105.6255,-252.9722,10.0,29.93265,-0.00166329
-94.06203000000001,-270.5784,10.0,31.48361,0.7001888000000001
-68.31969000000001,-270.4953,10.0,38.20787,0.11037449999999999
-50.37643,-250.6499,10.0,38.81239,0.20077579999999998
-46.0163,-219.8834,10.0,43.90483,0.06801377
-38.73643,-190.8536,10.0,36.02814,-0.599221
-24.61821,-172.0832,10.0,28.3429,-0.2429431
-9.881779,-161.3738,10.0,16.79403,-0.9446402
-1.220029,-155.3516,10.0,18.14479,0.9396625
9.930561,-145.981,10.0,19.045579999999998,0.08004475
11.90268,-129.8653,10.0,27.04293,0.13550929999999997
-2.4972369999999997,-113.1768,10.0,32.59497,0.3679074
-9.891392999999999,-88.95399,10.0,33.12429,-0.2878225
-9.854875999999999,-65.07866999999999,10.0,34.58778,0.47174269999999996
-6.7419899999999995,-37.23833,10.0,40.880390000000006,0.4163447
-2.0635779999999997,-5.154069,10.0,46.585,0.176879
-7.528055999999999,29.11826,10.0,44.37194,-0.8780634
-33.996320000000004,44.60007,10.0,44.44709,0.3336099
-68.69681,44.206179999999996,10.0,49.52776,0.39841950000000004
-107.208,42.09711,10.0,54.06483000000001,-0.4292873
-139.5352,35.96152,10.0,39.243559999999995,-0.06142138
-147.452,11.690539999999999,10.0,37.36614,0.1825157
-141.4068,-17.26295,10.0,42.55833,0.3258693
-147.7235,-43.16219,11.0,34.62,0.4245241
-166.4929,-62.1554,11.0,36.30808,-0.7597526
-166.2353,-79.92558000000001,11.0,19.9647,0.2280436
-153.6342,-73.73699,11.0,23.61972,0.4623184
-136.1479,-71.5818,11.0,27.97798,0.4498474
-117.5396,-84.73138,11.0,31.37947,-0.3724433
-108.9542,-105.89200000000001,11.0,34.25223,0.3301171
-118.5667,-127.6781,11.0,27.98803,-0.560262
-137.6449,-131.116,11.0,30.315,0.3574345
-144.9035,-110.2249,11.0,29.977390000000003,-1.7347099999999998
-150.7919,-101.4024,11.0,14.40354,1.11945
-164.2437,-104.9887,11.0,23.673939999999998,0.2340067
-166.2208,-123.9223,11.0,29.350109999999997,0.23621170000000002
-167.6635,-148.0332,11.0,35.821659999999994,0.2193844
-167.3885,-176.6992,11.0,41.81821,0.45375600000000005
-164.3338,-209.7464,11.0,47.660379999999996,0.5416696999999999
-161.2764,-243.2484,11.0,38.5866,-0.6940137
-146.745,-259.438,11.0,29.46981,0.3167076
-129.0336,-250.1457,11.0,30.406740000000003,0.3824913
-125.2472,-225.5393,11.0,36.52724,0.3874208
-127.9835,-197.8193,11.0,34.52666,-0.47478190000000003
-117.3772,-179.6856,11.0,26.64275,-0.16615660000000002
-107.0417,-191.4781,11.0,25.605079999999997,0.481811
-106.0088,-212.7713,11.0,32.0903,0.4473945
-107.0993,-238.7146,11.0,38.18568,0.4052384
-98.76881,-266.3779,11.0,40.85756,-0.1927836
-70.91624,-271.0393,11.0,41.31647,0.1680566
-49.76275,-251.2068,11.0,41.63235,0.34710959999999996
-44.40504,-218.5916,11.0,47.334559999999996,0.2014461
-34.304840000000006,-183.5173,11.0,51.3816,0.16921660000000002
-8.436131,-161.4384,11.0,36.92335,-1.475759
9.434916000000001,-145.808,11.0,28.287879999999998,-0.597743
10.3733,-128.2552,11.0,24.26067,0.20639549999999998
-1.782562,-111.9547,11.0,30.72461,0.38944270000000003
-9.09421,-88.28016,11.0,36.69315,0.43074399999999996
-9.656630999999999,-58.995259999999995,11.0,42.58932,0.39959570000000005
-3.8906449999999997,-25.77271,11.0,48.30202,0.4057551
-2.908227,11.753960000000001,11.0,52.992059999999995,0.28457129999999997
-20.72242,42.51965,11.0,46.72467,-0.29020609999999997
-55.096309999999995,43.5914,11.0,49.11253,0.4028967
-93.42785,41.67917,11.0,54.482440000000004,0.37907209999999997
-132.1235,38.58838,11.0,44.18247,-0.6841355
-150.0726,15.92516,11.0,40.20452,-0.04844742
-142.4821,-14.33115,11.0,44.48122,0.3129697
-147.0179,-44.90167,12.0,34.52772,-0.7130006999999999
-164.9487,-55.755,12.0,28.516509999999997,-0.3039409
-163.6712,-71.34874,12.0,23.878439999999998,0.05021942
-144.3644,-71.13054,12.0,29.4363,0.429258
-121.7422,-78.36588,12.0,35.202909999999996,0.417025
-106.8433,-100.6064,12.0,38.938829999999996,0.177093
-114.5657,-123.2343,12.0,27.064590000000003,-0.1843499
-131.4047,-132.814,12.0,23.58747,-0.2709885
-145.0829,-125.227,12.0,24.717029999999998,0.1581612
-149.2208,-105.5358,12.0,26.608890000000002,-0.8722934000000001
-163.3306,-102.03299999999999,12.0,19.85688,0.1653634
-167.638,-118.3915,12.0,30.12466,1.168593
-168.2857,-144.775,12.0,38.79811,0.4472044
-167.4276,-175.6346,12.0,44.46967,0.395025
-165.2767,-210.6113,12.0,50.1324,0.4005276
-161.4957,-246.5123,12.0,43.65376,-1.19582
-141.4756,-257.7977,12.0,26.86222,-0.7402759
-129.0369,-240.8175,12.0,31.877779999999998,0.28518140000000003
-125.5545,-215.3038,12.0,37.756409999999995,0.3900451
-128.0661,-189.3453,12.0,32.9448,-0.35145190000000004
-111.0504,-181.0671,12.0,26.407009999999996,-0.22287800000000002
-108.7941,-198.0394,12.0,27.414820000000002,0.4711653
-110.2032,-220.4556,12.0,33.724779999999996,0.2311647
-107.1101,-247.6931,12.0,40.00972,0.4041234
-90.36135999999999,-270.9914,12.0,39.47797,-0.1827292
-60.87876,-267.0255,12.0,43.01279,0.15311229999999998
-45.50781,-243.9974,12.0,35.30011,-0.32715190000000005
-53.817930000000004,-223.2085,12.0,21.63841,-1.35287
-53.093469999999996,-216.4718,12.0,5.593075,0.007746983000000001
-53.26246999999999,-215.1656,12.0,2.7532970000000003,0.6729824000000001
-49.72469,-218.6841,12.0,10.83159,0.2418034
-42.604040000000005,-212.9077,12.0,15.20084,-0.2928986
-41.67415,-202.8641,12.0,14.66629,0.5189216
-39.02887,-188.3486,12.0,23.78796,0.5041944
-27.262590000000003,-172.315,12.0,30.27882,0.4614677
-6.437364,-158.9286,12.0,36.66881,0.4496779
11.618839999999999,-139.3396,12.0,32.82568,-0.8994398000000001
5.136401,-119.0872,12.0,32.97116,1.137416
-8.733217,-92.01279,12.0,48.62704,0.5252916999999999
-8.74868,-53.20264,12.0,55.024640000000005,0.3336031
-2.465236,-11.16716,12.0,59.78122,0.14921529999999997
-6.717138,25.39708,12.0,31.464159999999996,-0.701291
-23.98715,43.4364,12.0,36.8759,0.1100896
-52.5566,44.49279,12.0,41.59868,0.1975235
-85.47586,44.32873,12.0,47.292770000000004,0.4021004
-122.0065,40.57612,12.0,49.53416,-0.3690325
-152.1688,26.2965,12.0,43.51324,-0.43360190000000004
-153.403,12.730830000000001,12.0,5.553821,-1.279833
-151.3366,12.656310000000001,12.0,7.652274,0.5642658
-146.6558,6.212919,12.0,15.336310000000001,0.5396632
-145.6069,-7.936597,12.0,22.73385,0.25252600000000003
-142.2271,-27.11425,12.0,29.70999,0.4554074000000001
-142.3432,-36.44807,13.0,8.927304,0.30505709999999997
-146.2153,-45.10304,13.0,16.7149,0.27797059999999996
-158.454,-53.56749,13.0,23.83716,0.5174397
-167.0963,-67.61486,13.0,20.76453,-0.3048131
-157.5419,-76.09340999999999,13.0,18.64479,0.41291000000000005
-142.6702,-73.13634,13.0,20.04324,-0.38773270000000004
-127.9098,-73.50882,13.0,23.51502,0.4811473
-112.2351,-84.84700000000001,13.0,29.51039,0.41269449999999996
-107.0231,-107.6182,13.0,34.54291,0.2935552
-122.1647,-128.9441,13.0,38.3465,0.232427
-144.5341,-128.2414,13.0,20.94959,-1.673759
-143.5355,-122.7833,13.0,7.712393,0.6161474
-138.3484,-122.304,13.0,2.103683,0.654532
-142.5951,-123.7917,13.0,9.675028999999999,0.41650600000000004
-145.5342,-128.7728,13.0,3.478481,-0.4342496
-145.2943,-127.5867,13.0,6.337087,0.6361414000000001
-141.6405,-120.5403,13.0,14.915429999999999,0.2862967
-141.5101,-107.2619,13.0,22.08938,0.2360056
-155.9257,-97.85763,13.0,26.18734,-0.42698420000000004
-166.8431,-110.0072,13.0,26.331999999999997,0.8352158000000002
-167.81,-132.3078,13.0,33.693459999999995,0.494889
-167.6108,-159.9093,13.0,40.41946,0.23984899999999998
-167.9757,-192.2317,13.0,46.78374,0.4311996
-167.9039,-229.1064,13.0,52.61634,0.3114882
-150.3631,-256.5318,13.0,42.73001,-0.2231249
-128.151,-248.372,13.0,29.34037,0.205787
-128.2316,-223.4377,13.0,39.07302,0.3343932
-127.6936,-193.8868,13.0,31.301190000000002,-1.8142369999999999
-121.508,-182.5298,13.0,14.11268,0.02731899
-109.6903,-184.8116,13.0,21.39276,0.2167996
-104.7604,-202.0347,13.0,28.092959999999998,0.2618309
-107.4811,-225.2721,13.0,35.096309999999995,0.4866478
-103.5751,-252.6715,13.0,40.519259999999996,0.38347109999999995
-80.9499,-272.2988,13.0,42.62766,-0.01073576
-53.84454,-260.1653,13.0,42.51052,-0.001154932
-48.73834,-228.4029,13.0,46.678129999999996,0.4454182
-41.36152,-197.0893,13.0,42.659909999999996,0.3911004
-19.793779999999998,-171.4836,13.0,48.30389,0.2115389
5.115684,-143.1692,13.0,50.48168,-0.8036061
4.690004,-112.5065,13.0,36.44805,-0.6337818000000001
-8.973757,-95.28165,13.0,27.98885,0.3457455
-6.247615000000001,-71.13164,13.0,36.38596,0.4969164000000001
-5.4242989999999995,-41.70154,13.0,42.99964,0.4479181
-4.005509,-7.540959,13.0,49.179359999999996,0.42321390000000003
-7.970817,29.075979999999998,13.0,45.4537,-0.7607459
-28.65352,41.41212,13.0,24.84751,-1.8242619999999998
-35.01877,32.569340000000004,13.0,2.525144,-4.687776
-35.12648,32.58944,13.0,0.06367186,-0.01073323
-35.1719,32.59496,13.0,0.05838106,0.01852338
-34.31089,35.560340000000004,13.0,8.288234,0.5289862
-32.59518,42.8376,13.0,7.353071000000001,-0.7398703000000001
-32.288790000000006,44.596759999999996,13.0,2.165164,0.5915508
-35.47977,41.48608,13.0,10.21579,0.2694741
-45.40681,43.35844,13.0,17.542939999999998,0.4937177
-60.785990000000005,45.29163,13.0,24.30751,0.2327034
-81.00983000000001,42.54112,13.0,30.78033,0.44978409999999996
-106.0135,42.890029999999996,13.0,36.70065,0.41016540000000007
-133.9943,37.505359999999996,13.0,39.83661,-0.3299322
-147.8857,14.260660000000001,13.0,39.12332,0.34747859999999997
-145.0149,-16.49085,13.0,44.41899,0.1743475
-148.8355,-48.803259999999995,14.0,38.710370000000005,-0.9900641
-163.3293,-65.0073,14.0,23.40456,-0.7639604
-151.0734,-75.66199,14.0,26.956120000000002,0.20675389999999996
-129.0621,-77.40171,14.0,32.38093,0.1254914
-111.315,-94.89099,14.0,36.34021,0.2006451
-114.8749,-121.2655,14.0,38.57441,0.1751382
-138.7516,-131.3986,14.0,30.16692,-1.75604
-145.8923,-120.5975,14.0,5.403405,-1.97271
-146.3879,-119.3758,14.0,1.9319520000000001,-0.00419823
-147.2234,-118.3302,14.0,1.5950819999999999,-0.0330551
-148.29399999999998,-117.5495,14.0,3.4575949999999995,0.3931148
-150.9297,-117.4668,14.0,1.202631,-0.6927087
-148.7115,-116.1886,14.0,7.960380000000001,0.6245258
-144.6118,-108.5545,14.0,16.038220000000003,0.2814547
-152.1527,-97.44299000000001,14.0,22.35851,0.3523603
-166.7659,-104.3059,14.0,26.1302,0.14554129999999998
-166.5604,-125.5976,14.0,32.43291,0.2288778
-166.7219,-152.1573,14.0,39.306090000000005,0.47675969999999995
-166.9328,-183.7223,14.0,45.82922,0.4618402
-167.0299,-219.9225,14.0,51.90562,0.20825460000000004
-156.0145,-251.44400000000002,14.0,35.75973,-1.965784
-141.7711,-252.9963,14.0,6.7821419999999994,-0.6148020000000001
-141.3649,-250.0354,14.0,2.655828,-0.08174269
-138.0509,-248.0096,14.0,9.239706,0.2688335
-129.1897,-251.1563,14.0,14.2233,-0.1455195
-121.4919,-249.1434,14.0,9.642957000000001,-0.07876723
-122.7348,-239.3723,14.0,18.17061,0.27557220000000004
-126.0541,-223.3468,14.0,25.93683,0.536195
-127.6634,-201.4636,14.0,33.28548,0.523187
-119.4777,-179.9631,14.0,30.19177,-0.259391
-105.6443,-187.4594,14.0,26.40713,1.014119
-107.0349,-214.0192,14.0,45.99025,0.710359
-102.666,-253.2989,14.0,56.096959999999996,-1.3229950000000001
-74.72668,-272.3907,14.0,45.85641,0.46460209999999996
-49.271840000000005,-254.5104,14.0,43.21287,-0.07642191
-49.3715,-221.4074,14.0,47.27645,0.2006368
-34.419779999999996,-188.8587,14.0,51.31517,0.1725372
-6.017975,-160.7579,14.0,56.762269999999994,0.35601609999999995
9.956484,-128.1734,14.0,35.90553,-1.254132
-1.170693,-110.7702,14.0,26.652070000000002,0.6429446
-5.872755000000001,-88.92815,14.0,33.803129999999996,0.2492805
-3.716957,-61.406369999999995,14.0,40.65032,0.451568
-2.308128,-28.88462,14.0,47.08075,0.46154579999999995
-3.048679,8.224863000000001,14.0,53.08415,0.4004011
-16.98594,39.505829999999996,14.0,43.706720000000004,-0.26776209999999995
-48.979490000000006,40.9212,14.0,46.42595,0.2186308
-85.76111999999999,40.186890000000005,14.0,52.4744,0.4242971
-125.5281,41.28998,14.0,48.193059999999996,-0.9065078999999999
-145.2062,26.38011,14.0,21.20691,-2.743387
-144.0521,22.4161,14.0,4.610755999999999,0.3327239
-141.4355,25.23699,14.0,3.7768370000000004,-0.7741098000000001
-142.45,23.83217,14.0,6.952564999999999,0.47916790000000004
-148.1191,21.52267,14.0,6.842027000000001,-0.43581329999999996
-149.2081,21.85596,14.0,3.408232,0.6830991999999999
-144.6627,18.1544,14.0,12.41424,0.3262715
-140.9018,6.677361,14.0,20.66591,0.5844917
-141.5056,-11.58442,14.0,28.64214,0.5485901999999999
-141.7917,-34.48693,1.0,5.952534,-0.03963174
-142.1522,-40.5289,1.0,12.60774,0.672375
-147.9077,-51.296040000000005,1.0,21.01454,0.5804638000000001
-162.0332,-62.781890000000004,1.0,27.57252,0.03494241
-154.0599,-76.87691,1.0,24.20482,-0.23907110000000004
-138.8925,-68.48257,1.0,15.18697,0.5816164
-135.8678,-68.27807,1.0,0.02438621,-0.0002654962
-135.849,-68.2809,1.0,0.02548971,-0.0002138484
-135.8313,-68.28323,1.0,0.01907928,-0.01574485
-136.0232,-69.10455,1.0,4.195837,0.1564026
-135.7841,-72.4344,1.0,4.433535,-0.024031
-135.9521,-75.36752,1.0,3.5824230000000004,-0.03895598
-136.7128,-76.38795,1.0,2.453905,0.6650855
-131.8217,-74.929,1.0,11.43468,0.3374107
-121.1573,-78.69794,1.0,19.27113,0.4980122
-112.8963,-93.6626,1.0,26.994259999999997,0.28270700000000004
-111.6997,-115.52799999999999,1.0,33.1341,0.4108157
-129.8379,-133.0093,1.0,36.43161,-0.21308520000000003
-146.7546,-123.8949,1.0,22.38605,0.09907549
-138.4517,-110.5373,1.0,14.758610000000001,-3.6379339999999996
-138.4579,-108.7175,1.0,0.02601585,0.002732134
-138.4587,-108.7348,1.0,0.01403389,-0.04459661
-139.6011,-108.3199,1.0,5.879681,0.2815891
-144.8633,-109.6992,1.0,7.839546,-0.05654111
-145.3007,-110.0712,1.0,4.648007,0.6290625
-144.7467,-103.6065,1.0,13.16797,0.6004937
-153.6501,-95.86024,1.0,18.07715,-0.2064665
-163.8289,-99.86198,1.0,14.044479999999998,0.567109
-166.8968,-115.4001,1.0,28.88787,0.9137620000000001
-169.6176,-140.2617,1.0,37.87553,0.40917600000000004
-163.2905,-167.8887,1.0,35.20427,-0.5855994000000001
-167.6617,-191.13299999999998,1.0,31.21776,1.032047
-166.8791,-219.4991,1.0,38.914809999999996,-0.2985997
-162.8607,-244.7527,1.0,29.743540000000003,-0.9033375
-145.0463,-250.7817,1.0,28.216440000000002,0.321103
-124.2371,-242.3863,1.0,30.275340000000003,-1.3481530000000002
-127.5791,-226.5952,1.0,25.244139999999998,0.2412339
-127.0001,-211.4115,1.0,22.334570000000003,-0.1869121
-123.5277,-198.2737,1.0,18.11383,0.08761971
-123.3828,-186.5995,1.0,14.397170000000001,-0.006726963000000001
-111.9527,-186.6369,1.0,18.07648,-0.8745199
-110.2372,-198.0343,1.0,14.253770000000001,-0.04866888
-109.8774,-209.3972,1.0,18.871270000000003,0.5784756999999999
-108.1713,-226.2365,1.0,26.67608,0.5275496000000001
-104.7684,-248.4257,1.0,33.81023,0.456866
-88.52084,-268.8576,1.0,38.235490000000006,0.09853300000000001
-61.293,-265.7247,1.0,39.484629999999996,-0.01351119
-51.98445,-238.8323,1.0,41.667390000000005,0.4662840999999999
-43.76872,-207.4779,1.0,46.779959999999996,0.18919439999999998
-21.54645,-178.5704,1.0,52.233670000000004,0.45359920000000004
3.48737,-146.4036,1.0,57.75509,0.357919
11.436,-111.5141,1.0,27.54311,-1.362234
9.983158999999999,-104.3569,1.0,0.9707726000000001,-0.01716817
9.792442,-104.2659,1.0,0.8788902,0.41851750000000004
12.49668,-106.0772,1.0,7.206384,0.1723249
17.829710000000002,-107.1186,1.0,4.436780000000001,-0.37457840000000003
17.579639999999998,-107.2087,1.0,4.856696,0.324247
11.3148,-109.7944,1.0,13.330470000000002,0.3000624
0.9795113000000001,-109.686,1.0,17.41927,0.1686224
1.178604,-94.68682,1.0,24.17514,0.46409040000000007
-3.384154,-75.13212,1.0,30.74983,0.22752139999999998
-5.703412999999999,-50.01125,1.0,37.38759,0.22758289999999998
-6.435789,-19.931810000000002,1.0,43.8168,0.457028
-6.636413,14.79,1.0,49.8352,0.4158183
-15.8714,42.50202,1.0,24.24738,-1.88431
-25.594920000000002,40.85583,1.0,16.0962,0.2698202
-39.3981,38.078,1.0,23.15946,0.5391227
-59.09495,39.80904,1.0,30.29893,0.2515141
-84.13246,39.59753,1.0,37.18631,0.4976284000000001
-114.0722,40.41035,1.0,43.646770000000004,0.4774831
-141.6824,34.930040000000005,1.0,29.170040000000004,-1.967657
-141.763,24.3793,1.0,8.177302000000001,-0.27432779999999996
-137.7514,24.265829999999998,1.0,0.06951611,-0.04836287
-137.7517,24.22083,1.0,0.05210357,0.00258701
-138.745,24.490289999999998,1.0,4.95414,0.5707715
-144.6946,24.14089,1.0,10.53054,0.2852677
-150.7258,25.29062,1.0,3.606608,-0.7051188
-150.1259,24.92124,1.0,5.21382,0.313538
-147.0528,19.09714,1.0,13.0538,0.4981109
-151.4664,7.861439,1.0,19.76821,0.3700123
-148.9382,-8.451138,1.0,25.90483,0.4498402
-146.0602,-29.814329999999998,1.0,32.308859999999996,0.4194994000000001
-155.7963,-50.392720000000004,2.0,32.48879,0.178055
-166.3094,-67.72981,2.0,25.697960000000002,-0.9657218000000001
-156.5565,-71.27715,2.0,8.685138,-0.4246299
-155.7115,-68.52722,2.0,0.05948088,0.04204601
-155.6768,-68.5282,2.0,0.03830795,0.01500253
-156.1587,-70.72662,2.0,5.300617,0.04941272
-156.6867,-74.3794,2.0,4.69094,-0.03600372
-156.3631,-74.38231,2.0,5.1176129999999995,0.6850234000000001
-149.6273,-73.03535,2.0,14.02436,0.3083018
-138.7317,-80.60284,2.0,20.99805,-0.41946579999999994
-125.2105,-84.04381,2.0,17.262629999999998,-0.14829610000000001
-113.6833,-95.30473,2.0,29.120959999999997,0.8562846
-113.9213,-117.1204,2.0,31.563540000000003,0.2852046
-132.6377,-130.7136,2.0,31.62847,-0.7345849
-145.3678,-121.1654,2.0,20.12663,0.00669935
-139.1095,-106.9116,2.0,19.274910000000002,-0.5050011
-151.4075,-101.5906,2.0,21.43703,0.02541669
-161.0172,-109.7707,2.0,16.71564,0.1151968
-162.5929,-122.1921,2.0,18.32634,0.275892
-165.3717,-138.4233,2.0,26.4966,0.27691570000000004
-165.266,-160.9624,2.0,34.229690000000005,0.28157750000000004
-165.6039,-189.1355,2.0,41.496159999999996,0.23875970000000002
-165.8579,-222.4024,2.0,48.280879999999996,0.4705974
-159.2677,-248.3375,2.0,21.80975,-0.48046869999999997
-141.8392,-251.9929,2.0,28.392190000000003,0.5535133000000001
-125.1417,-241.5942,2.0,26.04091,-0.639104
-127.2066,-221.9537,2.0,31.9922,0.5923269
-126.5261,-195.88400000000001,2.0,37.33441,-1.077526
-120.7518,-184.1099,2.0,11.092039999999999,1.14876
-111.8165,-188.8275,2.0,18.29457,0.5452549
-109.9467,-205.19799999999998,2.0,26.30429,0.5604197
-107.6572,-227.4487,2.0,34.05404,0.5615060000000001
-100.8094,-254.3646,2.0,40.77815,0.3914566
-77.0713,-270.8217,2.0,40.30812,-0.06706247
-52.17207,-255.0671,2.0,42.28617,0.10576050000000001
-49.42272,-223.5893,2.0,45.688159999999996,0.33472929999999995
-36.613240000000005,-191.3182,2.0,49.85297,0.4082445
-9.731582000000001,-162.7352,2.0,55.99652,0.4245045
8.903399,-131.5694,2.0,30.27025,-3.160014
1.53421,-119.0127,2.0,21.77526,0.5882629
-6.343999999999999,-102.5208,2.0,28.80143,0.26356929999999995
-6.628642999999999,-78.37979,2.0,36.33757,0.5393043000000001
-6.78993,-48.80542,2.0,43.47691,0.5121561
-7.18123,-14.08654,2.0,50.16125,0.4682825
-7.780953,25.090770000000003,2.0,51.05567,-0.9684119000000001
-22.27419,45.92969,2.0,19.319670000000002,-1.34541
-25.69172,44.983540000000005,2.0,4.761726,0.6437268
-28.95232,39.95152,2.0,13.17331,0.32194029999999996
-40.69578,43.973009999999995,2.0,21.301660000000002,0.2763153
-58.471790000000006,45.59233,2.0,28.39143,0.5565475999999999
-82.17690999999999,42.23713,2.0,35.96414,0.2517079
-111.45700000000001,41.22977,2.0,43.08439,0.4897874
-143.3373,34.14262,2.0,39.06163,-1.8784020000000001
-150.0241,19.25849,2.0,6.6698830000000005,-2.491778
-146.9023,19.38992,2.0,8.383377000000001,0.5880179
-143.3576,11.820789999999999,2.0,16.51781,0.298369
-150.648,-1.285307,2.0,23.85311,0.1455711
-146.869,-20.1894,2.0,29.9711,0.5092164
-142.3472,-36.60758,3.0,12.13686,-0.05618224
-145.2721,-44.70037,3.0,11.86871,0.2736068
-154.1906,-52.53876999999999,3.0,16.48585,-0.1539379
-164.5007,-55.94418,3.0,12.94081,-0.284788
-166.1314,-63.46698000000001,3.0,9.76517,-0.08073455
-160.5179,-70.79933,3.0,16.84392,0.5542720999999999
-145.6007,-71.77773,3.0,24.41774,0.5130429
-125.8803,-77.4115,3.0,28.87786,-0.2356125
-111.7733,-90.14568,3.0,23.52833,-0.1069779
-108.0772,-108.993,3.0,27.66755,-0.22118320000000002
-114.8013,-125.8321,3.0,22.08059,-0.371954
-128.569,-133.5869,3.0,24.305310000000002,0.2237744
-142.6656,-125.8676,3.0,26.17735,1.032968
-150.6935,-106.1146,3.0,25.48241,-1.9150209999999999
-163.0822,-105.9165,3.0,18.74298,0.2443571
-167.608,-121.6428,3.0,26.3546,0.2726387
-169.8802,-143.9627,3.0,34.05083,0.5266715999999999
-167.6969,-171.6797,3.0,41.09766,0.49552809999999997
-165.96,-204.6158,3.0,47.77503,0.45759390000000005
-163.6952,-240.7462,3.0,46.0181,-0.5950408
-147.0212,-259.2684,3.0,28.18638,-0.5204981
-130.7758,-247.9812,3.0,30.6421,0.4926544
-126.1425,-224.9781,3.0,35.33849,0.54808
-127.6088,-198.4743,3.0,34.17556,-0.3085206
-118.9763,-179.1142,3.0,23.94365,0.10393859999999999
-108.8233,-187.236,3.0,21.96309,0.43883820000000007
-107.6043,-205.6272,3.0,28.9512,0.5715159000000001
-104.8788,-228.0492,3.0,29.443790000000003,-0.4207222
-106.1187,-249.2903,3.0,33.2657,0.6363441
-92.55809,-270.6688,3.0,36.42837,-0.1705487
-67.44498,-268.7508,3.0,23.45576,-1.107111
-57.26963000000001,-267.5056,3.0,6.870080000000001,-0.4709009
-56.60746999999999,-267.027,3.0,2.6452869999999997,-0.33670700000000003
-57.13,-267.3372,3.0,1.27587,0.18098670000000003
-54.92893,-264.8265,3.0,6.834989,0.2085623
-50.16435,-262.3264,3.0,8.083094000000001,-0.06837578
-48.2552,-263.5772,3.0,2.082182,0.36532729999999997
-50.055690000000006,-259.1084,3.0,10.71239,0.278434
-48.2104,-248.3747,3.0,18.81161,0.5568095999999999
-44.77005,-232.0083,3.0,26.317290000000003,0.26164360000000003
-42.270309999999995,-209.9286,3.0,33.44489,0.23988289999999998
-34.393190000000004,-184.8448,3.0,38.0237,0.3784912
-13.28566,-163.746,3.0,36.16901,-1.9290470000000002
1.978258,-151.1856,3.0,21.87581,-0.3629625
11.13636,-140.3654,3.0,16.89198,-0.3768634
10.61628,-129.3519,3.0,15.8738,0.5614663000000001
2.311905,-117.4879,3.0,23.37764,0.5171939
-6.516071,-99.57629,3.0,30.482590000000002,0.46781759999999994
-10.46084,-74.96655,3.0,37.0269,0.2166766
-7.942919,-45.22105,3.0,43.37983,0.45545209999999997
-3.655129,-12.201239999999999,3.0,42.754290000000005,-0.28241009999999994
-4.2188,10.7506,3.0,15.563989999999999,-2.05119
-4.945967,15.5529,3.0,5.95426,1.360992
-6.586561,23.20269,3.0,14.824760000000001,0.6168094
-12.76361,35.481970000000004,3.0,22.467779999999998,0.24384539999999996
-29.60766,44.33842,3.0,29.37241,0.4074335
-53.64765,44.65299,3.0,36.001490000000004,0.5151551
-82.81296,43.75036,3.0,42.699909999999996,0.4674714
-116.26899999999999,41.06265,3.0,45.38002,-0.18329179999999998
-145.3551,32.91749,3.0,37.52738,-0.3410247
-146.2887,9.959924,3.0,33.89888,0.4157647
-145.0981,-16.05505,3.0,38.66238,0.44548809999999994
-145.6027,-45.91847,4.0,36.00598,-2.67867
-158.9254,-54.30281,4.0,19.321089999999998,0.1808128
-168.1029,-62.53584,4.0,20.14134,0.22678020000000002
-155.3612,-72.39453,4.0,25.85269,0.4178491
-134.0164,-74.46091,4.0,32.23307,0.219644
-113.7189,-90.06563,4.0,37.83978,0.1876654
-111.5132,-116.8254,4.0,37.33232,0.02673252
-131.8439,-132.8113,4.0,34.670770000000005,-0.4471468
-145.0958,-117.2708,4.0,29.91517,0.37217459999999997
-150.4412,-99.24244,4.0,17.89716,-0.8128948
-162.47899999999998,-103.571,4.0,21.9047,0.2382136
-168.0699,-121.2973,4.0,28.97235,0.5235746
-170.53900000000002,-145.241,4.0,35.92289,0.2272937
-167.907,-174.2459,4.0,42.57444,0.22535270000000002
-164.8183,-208.0099,4.0,48.903420000000004,0.4423928
-162.4956,-242.7969,4.0,35.92215,-3.641952
-152.2748,-255.2671,4.0,18.37102,-0.3051817
-136.4341,-257.3451,4.0,24.81152,0.08747959
-127.2696,-240.3891,4.0,30.0664,0.5016805
-126.7184,-215.975,4.0,36.316159999999996,0.5186289000000001
-126.5751,-187.4728,4.0,39.82932,-0.4292157999999999
-105.4812,-177.892,4.0,29.406679999999998,-0.3823158
-102.1242,-192.9301,4.0,21.3484,-0.1640107
-114.6568,-200.4316,4.0,11.63749,-0.22858499999999998
-114.5551,-201.5559,4.0,0.002941415,0.01090913
-114.2313,-201.6416,4.0,2.5391060000000003,0.24973710000000002
-110.7713,-200.8281,4.0,7.044949000000001,0.0415625
-109.6808,-198.1856,4.0,0.17821979999999998,0.5886915
-109.3474,-201.0472,4.0,7.4987330000000005,0.26420679999999996
-107.7136,-209.0533,4.0,14.40195,0.4705722
-105.5636,-221.9248,4.0,20.77444,0.21570279999999997
-105.7885,-239.55599999999998,4.0,26.741490000000002,0.4351707
-101.6565,-260.4017,4.0,31.368859999999998,0.1338723
-81.61666,-272.0787,4.0,33.88483,0.2443698
-57.048930000000006,-263.7114,4.0,37.25563,0.02218908
-49.27008,-238.0711,4.0,38.79112,0.1789859
-45.22041,-208.1498,4.0,43.05745,0.15644439999999998
-29.29897,-179.237,4.0,46.32335,0.09590424
-4.460032,-157.1929,4.0,36.53204,-1.155471
8.944057,-144.4235,4.0,19.6846,-0.2231527
12.34809,-132.44,4.0,20.44373,1.138388
2.0762110000000003,-117.6315,4.0,27.29502,0.4108843
-7.316628,-97.80345,4.0,32.36423,0.1864046
-10.59256,-72.20776,4.0,37.454640000000005,0.3690645
-7.268769,-42.88739,4.0,42.22826,0.3502398
-1.8944470000000002,-10.32766,4.0,46.84259,0.28249509999999994
-6.396230999999999,24.209239999999998,4.0,39.32246,-4.482883
-20.20905,40.182109999999994,4.0,29.93897,0.16002170000000002
-43.60454,43.830290000000005,4.0,34.674929999999996,0.1962433
-71.20696,43.28152,4.0,39.82115,0.3750676
-102.4385,41.963809999999995,4.0,43.67763,-0.04529587
-131.6221,38.564029999999995,4.0,28.936040000000002,-3.93042
-142.9573,33.296040000000005,4.0,17.3659,0.41205200000000003
-148.0057,19.39769,4.0,23.1092,0.20454370000000002
-145.8248,0.3295031,4.0,28.8386,0.43904620000000005
-141.6439,-22.74338,4.0,34.17163,0.16539579999999998
-147.1614,-45.566159999999996,5.0,27.508309999999998,-0.7239344
-164.5031,-56.07872,5.0,28.92003,-0.5638613
-165.1071,-69.07871,5.0,18.39454,-0.7084094
-152.3842,-70.36588,5.0,20.78605,0.43888679999999997
-135.1753,-74.2197,5.0,26.790029999999998,0.40730479999999997
-115.9481,-84.03963,5.0,31.719279999999998,0.14551240000000001
-107.9172,-106.2833,5.0,34.52678,0.1109854
-117.8145,-128.4606,5.0,31.939420000000002,0.1465577
-136.8665,-131.4112,5.0,22.5166,-0.7604991999999999
-144.0533,-115.4797,5.0,26.776590000000002,0.3217935
-157.6247,-100.5795,5.0,25.52063,-1.085523
-165.1151,-108.1764,5.0,16.75467,-0.2864164
-165.9981,-121.9344,5.0,22.75392,-0.1517914
-167.9637,-143.2067,5.0,37.7197,0.7138453
-166.8301,-176.1342,5.0,47.93712,0.1778475
-164.2702,-212.791,5.0,44.98983,-2.545019
-163.6668,-234.4812,5.0,20.57555,-0.42732429999999993
-161.3049,-247.511,5.0,15.1595,-0.41657340000000004
-153.3275,-256.6025,5.0,21.29925,0.4595605
-135.8953,-257.6548,5.0,28.634809999999998,0.3399512
-125.6762,-235.4411,5.0,39.182759999999995,0.6319153000000001
-127.9548,-205.9501,5.0,34.4922,-2.470776
-127.1083,-189.1958,5.0,17.91916,-0.241085
-117.3521,-182.1689,5.0,20.36366,0.729636
-103.6448,-190.5762,5.0,25.30584,0.1767652
-102.8936,-212.3565,5.0,34.28812,0.5279758000000001
-105.4083,-239.1157,5.0,36.4296,-0.1696304
-101.9311,-262.5068,5.0,28.17353,-0.2038461
-82.21304,-272.0533,5.0,32.65919,0.14534229999999998
-58.4118,-264.5262,5.0,35.77097,0.03979893
-49.109140000000004,-239.4774,5.0,38.85541,0.3859453
-44.80897,-209.00900000000001,5.0,43.6848,0.32992540000000004
-31.194509999999998,-178.5863,5.0,46.810140000000004,0.2217695
-7.1819619999999995,-158.7756,5.0,22.9662,-3.931693
1.63615,-153.0429,5.0,11.26403,-0.31571109999999997
6.964402000000001,-148.8289,5.0,7.213019,-0.10519489999999998
11.072560000000001,-144.1638,5.0,11.42522,0.22824539999999996
12.893939999999999,-133.7764,5.0,17.6439,0.2234821
5.4198889999999995,-120.6006,5.0,23.58371,0.2142987
-4.708371,-103.9601,5.0,29.17997,0.38972829999999997
-10.18217,-80.99432,5.0,34.4698,0.18324820000000003
-8.854414,-53.792190000000005,5.0,39.332679999999996,0.3538578
-3.256895,-23.324479999999998,5.0,44.13805,0.35526640000000004
-2.0356,8.749274,5.0,36.30059,-1.618267
-6.424975,24.42688,5.0,9.692876,-0.3022745
-11.104230000000001,33.20077,5.0,17.41761,0.22975210000000001
-22.99038,42.13333,5.0,23.27928,0.4297329000000001
-41.870870000000004,45.30125,5.0,28.813129999999997,0.40813590000000005
-65.26111999999999,44.9197,5.0,34.32828,0.3886974
-92.63043,43.6915,5.0,39.46648,0.1825558
-121.9693,40.78027,5.0,36.02561,-0.25592800000000004
-139.467,36.53901,5.0,21.21786,0.1662563
-147.4926,21.33212,5.0,26.33956,0.1886483
-145.7979,0.09378739999999999,5.0,31.585009999999997,0.3977791
-141.8449,-25.00893,5.0,34.640809999999995,-2.013509
-144.9477,-42.352920000000005,6.0,12.53455,-0.35107350000000004
-151.583,-51.83355,6.0,20.134870000000003,-0.5577517
-163.067,-57.015409999999996,6.0,14.13879,-0.44367170000000006
-165.5571,-66.04921,6.0,17.26026,0.7369865
-151.8632,-72.73669,6.0,27.39242,0.5376036
-127.5847,-76.07605,6.0,38.847159999999995,0.33636079999999996
-108.9468,-97.85884,6.0,37.6734,-0.6200751999999999
-115.88,-116.0859,6.0,12.12496,-0.6144975
-118.977,-124.9777,6.0,17.779020000000003,1.114002
-128.3091,-133.9753,6.0,18.08507,0.48762520000000004
-141.8477,-128.1536,6.0,23.5325,0.33977270000000004
-146.1906,-109.7146,6.0,21.60578,-2.921133
-151.1434,-103.5636,6.0,7.914089,0.2709353
-159.4148,-100.5867,6.0,16.34627,0.24804189999999998
-166.6904,-109.1591,6.0,18.946189999999998,0.3903297
-167.965,-128.1854,6.0,32.60116,0.9535902
-168.6644,-157.0934,6.0,44.73986,0.7648238
-166.3463,-193.9521,6.0,54.7796,0.3305413
-163.5162,-232.0809,6.0,46.062909999999995,-0.682251
-155.3755,-256.715,6.0,27.86951,-0.5262325
-138.4786,-256.5983,6.0,19.76275,-0.2427205
-127.6608,-245.4635,6.0,25.042720000000003,0.17981629999999998
-124.9494,-225.1622,6.0,30.458170000000003,0.3795968
-128.5316,-200.8862,6.0,35.65763,0.33822129999999995
-123.9204,-183.2307,6.0,16.11133,0.36109020000000003
-109.9654,-185.0965,6.0,22.37829,0.2907197
-102.8113,-201.3733,6.0,27.204320000000003,0.1929789
-103.9175,-223.5522,6.0,32.6931,0.3982759
-105.6947,-249.583,6.0,37.71093,0.14699279999999998
-91.67874,-271.8727,6.0,36.203959999999995,-0.000312247
-68.83400999999999,-269.3169,6.0,27.26672,-0.2678331
-53.32059,-261.4921,6.0,23.019920000000003,0.49183859999999996
-47.65435,-242.1676,6.0,30.69727,0.1875888
-44.28922,-217.6396,6.0,36.084590000000006,0.3802497
-39.35226,-189.604,6.0,40.52536,0.1631442
-17.99565,-168.2685,6.0,42.48259,-0.9557119000000001
-0.6835048,-155.195,6.0,14.685970000000001,-0.4485510999999999
6.713763,-149.2867,6.0,12.079889999999999,-0.002985723
12.25788,-140.9814,6.0,16.45597,0.6242284
9.449142,-126.4233,6.0,24.935270000000003,0.36430209999999996
-4.447582,-107.5367,6.0,38.77127,0.9827868000000001
-9.626452,-74.39837,6.0,51.99624,0.9013749
-5.136478,-32.13824,6.0,60.837590000000006,0.2580688
-2.583368,9.886469,6.0,42.88354,-1.623907
-8.765283,28.669829999999997,6.0,20.604570000000002,0.2040285
-20.73648,41.31343,6.0,28.34726,0.8427673000000001
-45.79885,45.34818,6.0,41.542809999999996,0.5581451999999999
-82.13029,43.94386,6.0,56.00415,0.4589053
-119.2139,40.89076,6.0,27.56193,-3.39685
-130.8487,38.63087,6.0,12.37537,-0.001525276
-143.3397,33.43878,6.0,23.44727,0.20876350000000002
-147.5912,15.500079999999999,6.0,28.031679999999998,0.40610840000000004
-144.2466,-7.020403999999999,6.0,33.48628,0.194555
-142.0532,-33.246959999999994,6.0,37.55755,0.2395013
-142.5304,-39.80639,7.0,12.330969999999999,0.4779267
-148.4113,-49.42253,7.0,18.47859,0.21907089999999999
-162.5767,-56.1545,7.0,23.85674,0.4640527
-167.8427,-69.42825,7.0,16.64374,-0.4743233
-159.178,-76.84734,7.0,17.2801,0.26327059999999997
-145.4958,-74.36345,7.0,20.12854,-0.05681951
-130.0838,-73.95316,7.0,22.5381,0.1062928
-114.2667,-84.66733,7.0,29.973259999999996,0.17780320000000002
-108.3187,-106.7402,7.0,33.62141,0.2863235
-122.0506,-127.6878,7.0,36.362829999999995,0.21326279999999997
-145.3024,-127.9457,7.0,24.540760000000002,-1.74682
-144.7258,-118.0849,7.0,10.360439999999999,-0.35658290000000004
-144.1216,-108.5651,7.0,17.75067,-0.01383771
-153.8834,-101.4365,7.0,17.68904,0.29441459999999997
-165.4464,-108.9222,7.0,20.24256,-0.2034041
-165.9219,-123.9978,7.0,22.68562,0.5524210999999999
-167.8318,-144.4489,7.0,34.46085,1.0939530000000002
-169.6969,-174.9746,7.0,47.78445,0.9415636000000001
-169.9302,-214.03400000000002,7.0,53.10787,-0.464844
-163.6822,-246.0894,7.0,32.88012,-0.4700228
-146.281,-254.4807,7.0,23.10391,-0.5045904999999999
-130.7519,-249.89,7.0,22.909110000000002,0.1737067
-125.7749,-231.858,7.0,30.74087,0.1913546
-126.1444,-207.0196,7.0,36.14141,0.17461110000000002
-122.4992,-182.2233,7.0,22.451439999999998,-1.187449
-112.3929,-182.3824,7.0,17.78859,0.8552690999999999
-109.2749,-197.1592,7.0,23.64084,0.45446759999999997
-108.7844,-216.8331,7.0,29.45378,0.2027126
-108.1856,-240.7051,7.0,34.80832,0.15582910000000003
-96.67384,-264.5846,7.0,38.06038,0.18491129999999997
-69.94003000000001,-272.2347,7.0,39.39355,-0.006626406
-50.736470000000004,-252.3124,7.0,39.62141,0.06609607
-48.44773,-221.59099999999998,7.0,43.88063,0.1462842
-34.6366,-191.9478,7.0,46.40505,0.3277578
-9.990517,-165.3601,7.0,50.9252,0.13705620000000002
8.465886,-136.9471,7.0,32.78386,-1.0218180000000001
4.201792,-119.0752,7.0,27.598909999999997,0.9932421
-5.7363919999999995,-98.68202,7.0,35.80539,0.5215909000000001
-2.6865759999999996,-65.88096999999999,7.0,53.47476999999999,1.208809
-0.8390158000000001,-20.49971,7.0,68.56463000000001,0.8130358
-4.104166,25.565379999999998,7.0,50.599270000000004,-1.458559
-21.73366,42.0481,7.0,29.45322,0.2530839
-48.13423,40.62117,7.0,40.09492,0.3542633
-79.69281,40.41868,7.0,44.910709999999995,0.3338199
-114.6506,41.373999999999995,7.0,49.41815,0.3190134
-144.6424,33.03921,7.0,30.16027,-1.1206530000000001
-145.9849,12.169410000000001,7.0,31.280959999999997,0.4000208
-145.1329,-13.04101,7.0,36.60455,0.3750952
-147.3963,-41.7924,8.0,40.51555,-0.2998467
-165.2567,-59.7535,8.0,24.96109,-1.8565599999999998
-165.3317,-74.71158,8.0,25.55128,0.45839670000000005
-145.9518,-78.09172,8.0,30.084220000000002,0.40501370000000003
-123.2806,-81.75702,8.0,33.2738,0.23664090000000002
-110.8136,-103.5637,8.0,36.37611,0.1919348
-121.6388,-127.3795,8.0,37.54776,0.11379829999999999
-144.4207,-129.6876,8.0,17.49704,-2.219793
-145.6372,-126.7945,8.0,5.824891,0.5180630999999999
-141.9158,-121.2068,8.0,12.64706,0.24732849999999998
-144.9778,-110.2694,8.0,18.81421,0.431888
-157.9908,-102.3326,8.0,23.316860000000002,0.1140192
-167.8111,-114.7925,8.0,25.37002,0.37854499999999996
-166.6854,-135.6411,8.0,30.84246,0.3720864
-170.6541,-160.0869,8.0,36.06381,0.1777307
-169.9046,-188.6222,8.0,40.8736,0.3528604
-168.8029,-220.6325,8.0,45.62021,0.3258629
-159.7989,-251.8651,8.0,39.73742,-0.8939934000000002
-136.7792,-253.238,8.0,27.77706,-0.6569344
-127.0866,-234.4134,8.0,32.02248,0.1627886
-127.3732,-208.7867,8.0,37.22463,0.3800663
-122.007,-182.6071,8.0,27.1283,-2.780548
-110.4311,-182.1537,8.0,17.085820000000002,0.3529973
-107.0741,-196.2296,8.0,22.81414,0.4120177
-106.4951,-215.3978,8.0,28.69684,0.19262220000000002
-105.6927,-238.7072,8.0,34.21273,0.36404759999999997
-96.90738,-263.4767,8.0,37.54157,0.1390285
-71.2867,-272.3701,8.0,38.4449,-0.03401872
-50.3117,-254.0185,8.0,39.61509,0.04070878
-46.51197,-223.6501,8.0,43.7632,0.34639509999999996
-36.3028,-192.6075,8.0,45.47309,0.1646174
-11.48535,-167.6208,8.0,49.7373,0.3009135
8.045788,-137.6369,8.0,42.01375,-1.196007
0.7349352,-113.4658,8.0,37.010090000000005,0.5561175
-5.802967,-86.62692,8.0,40.066959999999995,0.1702281
-1.659232,-55.491780000000006,8.0,44.76401,0.3314804
-1.470651,-20.595860000000002,8.0,49.252140000000004,0.3248448
-2.857335,17.57911,8.0,52.710269999999994,-0.43302870000000004
-18.54411,42.01928,8.0,27.53327,-1.204826
-26.245790000000003,40.6843,8.0,5.562809,0.2541527
-30.68758,36.97623,8.0,11.99577,0.4961866
-39.23802,43.773999999999994,8.0,18.35892,0.4406923
-48.006209999999996,48.58806,8.0,1.181807,-2.005519
-48.01554,48.58744,8.0,0.03672517,-0.09385356
-48.45397,46.5532,8.0,4.939362,0.102153
-47.17633,43.3114,8.0,2.273156,-1.115383
-49.0348,44.68073,8.0,7.874053999999999,0.6488889
-57.76585,46.2882,8.0,16.6031,0.6255979
-73.09957,44.51976,8.0,24.89082,0.6109313
-94.28741,42.094809999999995,8.0,32.61743,0.26339559999999995
-121.0675,44.31497,8.0,39.60989,0.3392179
-143.5732,29.46902,8.0,38.396409999999996,-0.02068492
-144.6642,-1.430009,8.0,46.12162,0.5958953
-141.9086,-33.531459999999996,9.0,3.123389,-0.06432467
-142.2084,-35.60044,9.0,4.136133999999999,1.066686
-144.6773,-43.16214,9.0,14.40898,-0.2232933
-150.643,-50.518809999999995,9.0,11.59667,-0.10087769999999999
-159.7455,-53.79905,9.0,13.609279999999998,-0.21834589999999998
-166.4491,-59.1678,9.0,10.52524,-0.10549639999999999
-164.7015,-68.26212,9.0,18.88165,0.908907
-151.7169,-73.64196,9.0,17.85933,-0.261423
-139.72899999999998,-72.82500999999999,9.0,14.843470000000002,0.297525
-124.5344,-76.99079,9.0,25.32629,0.03961808
-110.9368,-90.1544,9.0,26.275640000000003,0.07332487
-107.3303,-108.2358,9.0,20.99075,-2.266193
-109.6354,-117.7483,9.0,11.166210000000001,-0.1717725
-115.0483,-127.9852,9.0,21.596870000000003,0.09413498
-127.8313,-135.0027,9.0,18.03615,-0.3072478
-139.1833,-131.5955,9.0,15.71855,0.15051270000000003
-146.2739,-117.8308,9.0,25.85882,0.5576671
-153.5866,-101.2757,9.0,16.78019,-0.3483622
-163.1069,-101.3883,9.0,12.247530000000001,0.0005256252
-167.3231,-114.1083,9.0,25.82726,1.0531540000000001
-168.6698,-138.4153,9.0,39.47763,0.8794655
-168.4095,-170.5976,9.0,45.98254,0.2746905
-164.9342,-205.2131,9.0,45.51305,-0.3273047
-162.8074,-235.3296,9.0,33.40157,-1.035205
-156.5046,-253.861,9.0,23.5702,-0.1958541
-142.8305,-260.3751,9.0,18.31626,-0.41065109999999994
-130.9273,-252.1541,9.0,26.03725,1.094242
-124.9264,-228.8258,9.0,37.27998,0.5282798000000001
-128.2962,-203.4552,9.0,26.892259999999997,-1.6805259999999997
-128.1394,-189.9267,9.0,14.47615,-0.2319656
-121.9247,-182.1737,9.0,16.72636,0.3520438
-108.7514,-184.2213,9.0,17.37806,-0.3142393
-102.9165,-194.0817,9.0,18.116989999999998,1.1144379999999998
-103.01100000000001,-213.083,9.0,32.30249,0.6846321999999999
-106.0219,-239.6134,9.0,37.323840000000004,-0.1906046
-100.0938,-264.9781,9.0,34.03067,-0.26638449999999997
-78.20358,-273.0412,9.0,32.75887,-0.06280264
-56.84555,-263.3159,9.0,31.95754,0.2422369
-48.44409,-240.1198,9.0,35.21075,0.17874089999999998
-44.289629999999995,-213.4237,9.0,36.48328,-0.08923188
-38.19693,-188.4522,9.0,32.550470000000004,-0.38832459999999996
-24.46336,-171.4473,9.0,26.65488,-0.1835745
-9.876738000000001,-161.0549,9.0,21.92502,-0.3016393
2.749293,-152.6825,9.0,18.545360000000002,-0.1399278
11.81708,-142.1078,9.0,21.64651,0.2421208
8.417467,-124.9911,9.0,27.400990000000004,0.31781820000000005
-4.6395029999999995,-108.1322,9.0,29.608629999999998,-0.003148691
-10.357380000000001,-86.74622,9.0,30.29172,0.02186417
-10.63113,-63.09145,9.0,34.10143,0.14522349999999998
-6.636614,-37.47589,9.0,35.71301,0.0896052
-2.365766,-10.972389999999999,9.0,36.71983,0.07139738
-3.5197769999999995,13.0772,9.0,26.66047,-0.6505498000000001
-8.165958,29.0229,9.0,19.285439999999998,-0.1476305
-19.684079999999998,40.92297,9.0,27.23381,0.49287079999999994
-41.80445,45.11367,9.0,34.130109999999995,0.520437
-69.71034,43.978359999999995,9.0,41.27792,0.24729810000000002
-102.9194,43.14295,9.0,48.0173,0.4773476
-135.3834,38.62015,9.0,34.56118,-0.3728901
-147.011,18.38297,9.0,34.89942,0.3855097
-141.5357,-9.46866,9.0,41.535959999999996,0.450481
-143.8907,-35.30663,10.0,19.95266,-2.081668
-148.7675,-47.40464,10.0,20.53377,0.49579359999999995
-159.9486,-55.19239,10.0,16.779020000000003,-0.2427015
-167.1252,-62.637919999999994,10.0,13.17624,0.09298111
-160.7487,-72.30344000000001,10.0,17.98827,-0.38715140000000003
-147.4179,-72.517,10.0,18.69349,-0.2024009
-134.1865,-73.79415999999999,10.0,20.69879,1.277274
-117.0211,-82.11198,10.0,29.49884,0.24716100000000002
-107.1527,-103.2503,10.0,35.16984,0.203289
-114.5294,-126.671,10.0,25.59919,-0.3916768
-129.4268,-133.7577,10.0,20.15928,-0.3504994
-141.4709,-128.8946,10.0,18.79632,0.6142215
-146.6053,-113.0007,10.0,24.54419,-0.368628
-150.9008,-103.9959,10.0,3.931239,0.19879729999999998
-156.8226,-100.5885,10.0,13.498270000000002,0.5015699
-166.2821,-106.7536,10.0,19.66398,0.48843809999999993
-168.1393,-123.801,10.0,26.7194,0.5310223000000001
-168.9171,-146.213,10.0,34.06863,0.19440529999999998
-168.2805,-172.7006,10.0,37.76493,0.06291513
-165.9321,-201.6049,10.0,39.6294,-0.5928558
-164.0658,-227.9766,10.0,31.907190000000003,-0.497515
-160.7996,-248.6066,10.0,24.77348,-0.5212574000000001
-148.5959,-258.9649,10.0,22.31721,0.5200646
-132.7546,-254.5461,10.0,23.9645,0.2118896
-125.3062,-236.9494,10.0,27.732359999999996,0.2045533
-126.1952,-215.3719,10.0,30.727359999999997,-0.1195027
-127.8981,-196.7172,10.0,17.4982,-0.31299340000000003
-126.5453,-185.5994,10.0,12.95246,-0.3558203
-117.9265,-181.8861,10.0,16.084989999999998,0.49548450000000005
-105.9392,-186.4635,10.0,17.89859,0.03842657
-103.0788,-199.7955,10.0,20.077270000000002,0.0908934
-104.04700000000001,-215.5274,10.0,21.80629,0.01524987
-105.3351,-232.2221,10.0,25.3939,0.2435369
-105.5935,-253.1923,10.0,29.93515,0.01498101
-93.85153000000001,-270.6808,10.0,31.59814,0.6952866
-68.04235,-270.4135,10.0,38.2495,0.24259499999999998
-50.31612,-250.3511,10.0,38.89105,0.46991239999999995
-45.96553,-219.5751,10.0,43.926759999999994,0.13638920000000002
-38.625409999999995,-190.6048,10.0,35.97854,-0.3001603
-24.462629999999997,-171.9539,10.0,28.26303,-0.4919545
-9.783832,-161.305,10.0,16.462970000000002,-2.018843
-1.109949,-155.2739,10.0,18.290779999999998,0.8786360000000001
10.01883,-145.8691,10.0,19.05369,0.04887247
11.81478,-129.6843,10.0,27.08877,0.27193049999999996
-2.623486,-112.9709,10.0,32.62312,0.17413220000000001
-9.920294,-88.71024,10.0,33.03215,-0.5464694
-9.836151,-64.82603,10.0,34.62519,0.2325381
-6.700060000000001,-36.94188,10.0,40.9137,0.207279
-2.043792,-4.813402,10.0,46.64865,0.3803414
-7.688761,29.41746,10.0,44.22558,-0.8610618
-34.32066,44.64436,10.0,44.47246,0.15686429999999998
-69.06369000000001,44.211999999999996,10.0,49.55815,0.1859558
-107.5941,42.05024,10.0,53.88896,-1.061128
-139.7903,35.807829999999996,10.0,39.22337,-0.1175308
-147.3679,11.43559,10.0,37.43302,0.4083366
-141.4238,-17.58556,10.0,42.584590000000006,0.1635739
-147.834,-43.40225,11.0,34.68457,0.3791802
-166.6536,-62.358999999999995,11.0,36.041909999999994,-1.618406
-166.1051,-80.002,11.0,19.9838,0.1144249
-153.5123,-73.61131999999999,11.0,23.65545,0.2181134
-135.9574,-71.67508000000001,11.0,28.05432,0.4493572
-117.3772,-84.89464,11.0,31.348129999999998,-0.19473279999999998
-108.96799999999999,-106.1453,11.0,34.27774,0.15603670000000003
-118.7187,-127.8256,11.0,27.89371,-0.5561802
-137.8457,-130.9976,11.0,30.372,0.3293426
-144.9265,-110.0049,11.0,29.398870000000002,-3.48213
-150.8934,-101.3602,11.0,14.595670000000002,1.102616
-164.35,-105.1336,11.0,23.69236,0.1099577
-166.2068,-124.1337,11.0,29.43259,0.4965344
-167.6987,-148.3029,11.0,35.89799,0.44776130000000003
-167.3591,-177.0068,11.0,41.85371,0.221297
-164.3133,-210.0993,11.0,47.69223,0.1902576
-161.2122,-243.5263,11.0,38.35266,-1.397625
-146.5388,-259.4844,11.0,29.49543,0.1633314
-128.9554,-249.9343,11.0,30.47151,0.3921443
-125.2549,-225.2567,11.0,36.59581,0.4042671
-127.9847,-197.5713,11.0,34.44725,-0.4964317
-117.1844,-179.6609,11.0,26.58587,-0.3429293
-107.0513,-191.6619,11.0,25.68714,0.5143023
-105.9767,-212.9985,11.0,32.126540000000006,0.23046309999999998
-107.1168,-239.0035,11.0,38.253479999999996,0.3985632
-98.54961,-266.5952,11.0,40.79547,-0.35090240000000006
-70.61362,-270.9658,11.0,41.37287,0.3209504
-49.68407,-250.9085,11.0,41.69149,0.3569982
-44.36076,-218.2427,11.0,47.40545,0.41221270000000004
-34.11051,-183.2125,11.0,51.40911,0.1714751
-8.211596,-161.2986,11.0,36.67544,-1.514363
9.541273,-145.6368,11.0,28.23767,-0.3196967
10.29725,-128.0927,11.0,24.33391,0.4518684
-1.9020139999999999,-111.7662,11.0,30.79093,0.41086809999999996
-9.132114999999999,-88.02145,11.0,36.76766,0.4548992
-9.623983,-58.6937,11.0,42.62239,0.21864139999999999
-3.8279870000000003,-25.40348,11.0,48.33313,0.1835467
-2.970821,12.12909,11.0,53.014880000000005,0.146387
-21.028010000000002,42.673120000000004,11.0,46.70236,-0.14015229999999998
-55.4558,43.55755,11.0,49.177690000000005,0.4044643
-93.81569,41.670609999999996,11.0,54.51101,0.1799891
-132.4382,38.50063,11.0,44.06821,-0.6742318
-150.0607,15.62486,11.0,40.19185,-0.07415482
-142.4451,-14.66707,11.0,44.53242,0.2997546
-147.1417,-45.11449,12.0,34.28037,-1.5078799999999999
-165.1096,-55.89145,12.0,28.462970000000002,-0.3215781
-163.5155,-71.41976,12.0,23.88841,0.061177999999999996
-144.1418,-71.13846,12.0,29.5099,0.4508852
-121.5238,-78.50994,12.0,35.269709999999996,0.4022883
-106.8017,-100.8918,12.0,38.9514,0.07771518
-114.7029,-123.3744,12.0,27.049840000000003,-0.08943172
-131.5749,-132.8378,12.0,23.50544,-0.4907066
-145.1423,-125.0587,12.0,24.773970000000002,0.3503422
-149.329,-105.3759,12.0,26.536209999999997,-0.458707
-163.4461,-102.1172,12.0,19.86954,0.07996195
-167.6298,-118.611,12.0,30.22549,0.6320288000000001
-168.32299999999998,-145.0602,12.0,38.83286,0.21536910000000004
-167.4012,-175.9664,12.0,44.53423,0.3911894
-165.2546,-210.9829,12.0,50.16352,0.1904326
-161.3772,-246.8091,12.0,43.45199,-1.218172
-141.2809,-257.7267,12.0,26.801470000000002,-0.35687929999999995
-128.9774,-240.5878,12.0,31.960759999999997,0.4830210999999999
-125.56200000000001,-215.024,12.0,37.82043,0.38975679999999996
-128.0031,-189.1111,12.0,32.91397,-0.1901443
-110.8887,-181.1634,12.0,26.332040000000003,-0.46745699999999996
-108.8531,-198.2285,12.0,27.45273,0.23906820000000004
-110.189,-220.7037,12.0,33.80434,0.4737169
-107.05,-247.9897,12.0,40.04195,0.1920178
-90.08073,-271.0732,12.0,39.46356,-0.08805138
-60.5757,-266.9051,12.0,43.06473,0.30277
-45.54289,-243.7388,12.0,35.18762,-0.6761180999999999
-53.79681,-223.0498,12.0,21.16319,-2.789126
-53.09916,-216.4313,12.0,5.5957300000000005,0.01585604
-53.25557,-215.1856,12.0,2.860102,0.6299647
-49.64601,-218.7036,12.0,10.91212,0.47559229999999997
-42.57505,-212.7965,12.0,15.150910000000001,-0.2955619
-41.66839,-202.75400000000002,12.0,14.83704,1.008293
-38.96498,-188.1833,12.0,23.82881,0.2503917
-27.094109999999997,-172.1691,12.0,30.35629,0.470127
-6.204951,-158.7919,12.0,36.70554,0.2270114
11.69396,-139.1028,12.0,32.75241,-0.44807840000000004
4.992712,-118.8984,12.0,33.17968,1.430358
-8.818632000000001,-91.65724,12.0,48.82529,1.161214
-8.684964,-52.82187,12.0,55.051590000000004,0.18195139999999999
-2.440459,-10.724860000000001,12.0,59.836940000000006,0.32437209999999994
-6.813302,25.60914,12.0,31.411690000000004,-0.3228769
-24.23977,43.54058,12.0,36.914629999999995,0.2292544
-52.85782,44.47341,12.0,41.669709999999995,0.43025329999999995
-85.83521,44.30941,12.0,47.35989,0.3981294
-122.3713,40.539640000000006,12.0,49.46778,-0.4408141
-152.3176,26.01786,12.0,43.47728,-0.223332
-153.4373,12.70834,12.0,5.364398,-1.129751
-151.2827,12.64403,12.0,7.6989279999999995,0.2951353
-146.6414,6.103754,12.0,15.381170000000001,0.28514809999999996
-145.5759,-8.100483,12.0,22.8211,0.5217684
-142.2095,-27.32733,12.0,29.786659999999998,0.4772705
-142.3569,-36.51321,13.0,9.026593,0.5865541
-146.2931,-45.20364,13.0,16.803739999999998,0.5160213
-158.6122,-53.64658000000001,13.0,23.92118,0.5051792
-167.0642,-67.76486,13.0,20.66751,-0.5732799
-157.398,-76.11352,13.0,18.713279999999997,0.3973016
-142.5244,-73.0963,13.0,19.97962,-0.3772443
-127.7484,-73.55678,13.0,23.55484,0.253548
-112.1123,-85.03251,13.0,29.54435,0.203408
-107.0667,-107.8722,13.0,34.589620000000004,0.2798801
-122.4153,-129.0918,13.0,38.36383,0.1033902
-144.6298,-128.1247,13.0,20.67667,-1.679346
-143.4797,-122.7965,13.0,7.761189,0.3011905
-138.3632,-122.3104,13.0,2.22568,0.7306514000000001
-142.6597,-123.8265,13.0,9.708207000000002,0.2006078
-145.5344,-128.7984,13.0,3.3419760000000003,-0.7926791
-145.2815,-127.5402,13.0,6.390773,0.32191240000000004
-141.5926,-120.4448,13.0,15.01167,0.5928329999999999
-141.5783,-107.1212,13.0,22.17122,0.509486
-156.1216,-97.88396999999999,13.0,26.11744,-0.41098779999999996
-166.8682,-110.20100000000001,13.0,26.47485,0.852883
-167.8105,-132.5657,13.0,33.73256,0.2335013
-167.6157,-160.2144,13.0,40.50029,0.46944840000000004
-167.9749,-192.5684,13.0,46.81982,0.23396999999999998
-167.8821,-229.4955,13.0,52.638830000000006,0.13693260000000002
-150.0719,-256.6282,13.0,42.657070000000004,-0.4429709
-128.0813,-248.1673,13.0,29.412370000000003,0.4287207
-128.214,-223.1484,13.0,39.19327,0.7161119
-127.6871,-193.6578,13.0,30.68817,-3.7055809999999996
-121.4122,-182.481,13.0,14.11471,0.01214063
-109.5842,-184.9322,13.0,21.46404,0.41702849999999997
-104.7596,-202.2469,13.0,28.178259999999998,0.49702609999999997
-107.5117,-225.5173,13.0,35.17812,0.5176701
-103.4455,-252.9477,13.0,40.582159999999995,0.37268870000000004
-80.64755,-272.3507,13.0,42.62553,-0.01347353
-53.68793,-259.9055,13.0,42.51324,0.01676103
-48.72033,-228.0543,13.0,46.751540000000006,0.44459719999999997
-41.2085,-196.8127,13.0,42.68945,0.1829526
-19.53746,-171.2256,13.0,48.37808,0.4317683
5.3094,-142.8497,13.0,50.41769,-0.3903005
4.507579,-112.3089,13.0,36.24418,-1.209826
-8.973177,-95.06981999999999,13.0,28.12622,0.7811541
-6.232297,-70.84326,13.0,36.46757,0.4589048
-5.419562,-41.3754,13.0,43.03539,0.21395460000000002
-3.9902300000000004,-7.1898539999999995,13.0,49.21264,0.2111678
-8.119794,29.38519,13.0,45.19236,-1.517088
-28.82698,41.365520000000004,13.0,24.69533,-0.9455031999999999
-35.03268,32.57111,13.0,1.689914,-4.987907
-35.12696,32.5895,13.0,0.06538217,0.01049903
-35.172290000000004,32.59507,13.0,0.06253863,0.02614217
-34.29899,35.62081,13.0,8.375322,0.523174
-32.58181,42.88843,13.0,7.289650999999999,-0.4052436
-32.29289,44.58143,13.0,2.267842,0.6478873
-35.5531,41.46172,13.0,10.305010000000001,0.519511
-45.52746,43.3986,13.0,17.62697,0.5166637
-60.96337,45.28264,13.0,24.3871,0.48146700000000003
-81.24746999999999,42.51073,13.0,30.854490000000002,0.4258009
-106.292,42.90661,13.0,36.76937,0.408118
-134.2524,37.362759999999994,13.0,39.81434,-0.1392039
-147.8958,13.9737,13.0,39.1508,0.1713316
-144.9838,-16.81411,13.0,44.48108,0.370688
-148.9933,-49.049,14.0,38.3604,-1.993643
-163.3435,-65.17963,14.0,23.28471,-0.726342
-150.8695,-75.67278,14.0,27.02722,0.4111701
-128.8467,-77.48818,14.0,32.42706,0.27903130000000004
-111.2193,-95.1342,14.0,36.373709999999996,0.2078924
-115.0435,-121.4939,14.0,38.60298,0.1726703
-138.966,-131.3326,14.0,30.02715,-0.8495176999999999
-145.8745,-120.5604,14.0,5.254839,-0.8647119000000001
-146.3966,-119.3652,14.0,1.930484,-0.008986684
-147.2313,-118.3218,14.0,1.579588,-0.09720593
-148.3167,-117.5387,14.0,3.490049,0.2049447
-150.9376,-117.4702,14.0,1.120488,-0.5100321
-148.6649,-116.1538,14.0,8.011749,0.3194532
-144.6059,-108.4348,14.0,16.130689999999998,0.5399281
-152.3073,-97.38337,14.0,22.3861,0.1692374
-166.8405,-104.4834,14.0,26.18009,0.29575009999999996
-166.5409,-125.8283,14.0,32.51625,0.5159363
-166.7246,-152.437,14.0,39.386559999999996,0.5051826
-166.9409,-184.0491,14.0,45.8661,0.2338263
-167.0156,-220.3135,14.0,51.97805,0.4204307
-155.7996,-251.5971,14.0,35.601290000000006,-0.9826681999999999
-141.752,-252.9509,14.0,6.586742,-1.157694
-141.3558,-250.0188,14.0,2.628418,-0.16882479999999997
-137.9825,-248.0038,14.0,9.293771000000001,0.3216321
-129.0897,-251.1954,14.0,14.173770000000001,-0.27955759999999996
-121.4633,-249.0797,14.0,9.631861,-0.06708221
-122.775,-239.2484,14.0,18.264429999999997,0.5824142
-126.0793,-223.1525,14.0,26.026320000000002,0.5229616
-127.6766,-201.2173,14.0,33.32633,0.2518328
-119.2723,-179.8754,14.0,30.12759,-0.39358730000000003
-105.6087,-187.6565,14.0,26.499240000000004,0.6145229999999999
-107.0588,-214.3599,14.0,46.23529,1.4631319999999999
-102.4912,-253.6712,14.0,55.87262,-1.37751
-74.38792,-272.383,14.0,45.93314,0.4633999
-49.18122,-254.2032,14.0,43.206340000000004,-0.04020542
-49.340090000000004,-221.0493,14.0,47.29092,0.08631433
-34.18292,-188.5612,14.0,51.37742,0.3691022
-5.710689,-160.4575,14.0,56.81946,0.33741509999999997
9.92705,-127.9211,14.0,35.47533,-2.6385520000000002
-1.2764360000000001,-110.6002,14.0,26.87407,1.309628
-5.865824,-88.67159000000001,14.0,33.88629,0.4804627
-3.693807,-61.116569999999996,14.0,40.72956,0.4927692
-2.3021830000000003,-28.53578,14.0,47.155,0.4465354
-3.0753619999999997,8.60263,14.0,53.115359999999995,0.19923670000000002
-17.27732,39.6716,14.0,43.68537,-0.1265965
-49.32617,40.895140000000005,14.0,46.50209,0.4495192
-86.13585,40.18423,14.0,52.50838,0.21677979999999997
-125.8811,41.24757,14.0,47.89547,-1.71698
-145.2342,26.22762,14.0,20.76709,-2.6501759999999996
-144.0256,22.43869,14.0,4.720016,0.6458063
-141.4205,25.25904,14.0,3.710773,-0.42487700000000006
-142.4832,23.7926,14.0,6.991072999999999,0.23469859999999998
-148.1683,21.53472,14.0,6.699755000000001,-0.8414549000000001
-149.1851,21.843429999999998,14.0,3.46445,0.3352285
-144.6042,18.082929999999998,14.0,12.519,0.6251366999999999
-140.8935,6.526859,14.0,20.76534,0.6128114
-141.5264,-11.78875,14.0,28.687620000000003,0.2915963
-141.7932,-34.53093,1.0,5.939521,-0.07758241
-142.1622,-40.62395,1.0,12.662289999999999,0.3267642
-148.0249,-51.39873,1.0,21.1112,0.5875176999999999
-162.1222,-62.96564,1.0,27.57364,0.007026668000000001
-153.8809,-76.87178,1.0,24.16678,-0.2286351
-138.7871,-68.52847,1.0,15.20195,0.09040568
-135.8677,-68.27809,1.0,0.02434098,-0.0002759744
-135.8489,-68.28093,1.0,0.02539001,-0.0006038956
-135.8312,-68.28325,1.0,0.02141442,0.01361949
-136.028,-69.13548,1.0,4.242932,0.2803969
-135.7787,-72.46738,1.0,4.42549,-0.04691783
-135.9636,-75.39235,1.0,3.579392,-0.01786825
-136.6976,-76.37688,1.0,2.566912,0.6715911999999999
-131.7348,-74.93015,1.0,11.541269999999999,0.6200996999999999
-121.055,-78.79935,1.0,19.35246,0.4883335999999999
-112.8228,-93.85414,1.0,27.08675,0.5374601
-111.7803,-115.7579,1.0,33.20026,0.40644009999999997
-130.0947,-133.0607,1.0,36.36016,-0.44367959999999995
-146.7821,-123.7371,1.0,22.42233,0.2221723
-138.4439,-110.429,1.0,14.55168,-1.255975
-138.4579,-108.7177,1.0,0.02165999,-0.02592727
-138.4587,-108.735,1.0,0.01822148,0.02659629
-139.6438,-108.3086,1.0,5.970014,0.5324354
-144.9034,-109.7412,1.0,7.8301940000000005,-0.05630181
-145.2852,-110.0394,1.0,4.755763,0.6406248000000001
-144.7749,-103.5144,1.0,13.21565,0.2989035
-153.7847,-95.8359,1.0,18.009120000000003,-0.3917461
-163.888,-99.94296999999999,1.0,14.15525,0.6951953000000001
-166.9093,-115.6142,1.0,29.03671,0.9076668999999999
-169.5384,-140.5309,1.0,37.90905,0.2124594
-163.3271,-168.1611,1.0,35.10732,-0.556967
-167.6836,-191.3646,1.0,31.30883,0.5636432
-166.865,-219.7865,1.0,38.82054,-0.56062
-162.7297,-244.9328,1.0,29.66801,-0.4672736
-144.8367,-250.7507,1.0,28.32631,0.6444867
-124.0968,-242.2082,1.0,30.05255,-1.325275
-127.7188,-226.4621,1.0,25.32391,0.4584451
-126.8906,-211.2863,1.0,22.2738,-0.35827020000000004
-123.5645,-198.1403,1.0,18.12595,0.07137585
-123.3143,-186.517,1.0,14.39605,-0.006827397
-111.8817,-186.7534,1.0,18.0087,-0.4023312
-110.2291,-198.1394,1.0,14.23872,-0.08944716
-109.8687,-209.5386,1.0,18.96799,0.5774865
-108.1526,-226.4261,1.0,26.766840000000002,0.5677158
-104.6966,-248.6658,1.0,33.84613,0.2178319
-88.27098000000001,-268.9771,1.0,38.27193,0.22261199999999998
-61.07601,-265.5351,1.0,39.48338,-0.007561755999999999
-51.98611,-238.5332,1.0,41.74545,0.4850204000000001
-43.60088,-207.1652,1.0,46.849779999999996,0.4076358
-21.27871,-178.2755,1.0,52.30467,0.4148072
3.711322,-146.0534,1.0,57.78196,0.17052160000000002
11.41815,-111.31700000000001,1.0,26.98987,-3.3404050000000005
9.976614,-104.3542,1.0,0.9477875,-0.1372175
9.79809,-104.2696,1.0,0.9059055,0.16152049999999998
12.54171,-106.1063,1.0,7.262753,0.33219190000000004
17.860020000000002,-107.1113,1.0,4.311909,-0.7641294
17.54436,-107.2196,1.0,4.962918,0.6187903
11.22747,-109.8414,1.0,13.43002,0.5962335
0.909925,-109.57700000000001,1.0,17.477929999999997,0.35089309999999996
1.19666,-94.50348000000001,1.0,24.21235,0.22256700000000001
-3.440782,-74.91124,1.0,30.827340000000003,0.45874709999999996
-5.7089739999999995,-49.74459,1.0,37.469,0.5037246
-6.4371279999999995,-19.60718,1.0,43.85317,0.22525279999999998
-6.651825,15.15499,1.0,49.86739,0.1974576
-16.007260000000002,42.61992,1.0,23.746370000000002,-2.932284
-25.686329999999998,40.77923,1.0,16.186120000000003,0.5376125
-39.567840000000004,38.103629999999995,1.0,23.20274,0.2643804
-59.3247,39.802409999999995,1.0,30.385440000000003,0.4997712
-84.40811,39.60076,1.0,37.26805,0.49472440000000006
-114.3989,40.42218,1.0,43.6828,0.21353409999999998
-141.8311,34.76089,1.0,28.831259999999997,-1.986965
-141.6996,24.38093,1.0,8.139641000000001,-0.2168395
-137.7514,24.2653,1.0,0.07002342,0.003033842
-137.7517,24.22044,1.0,0.05098326,-0.006787889
-138.7819,24.4975,1.0,4.999191000000001,0.27323400000000003
-144.774,24.13459,1.0,10.57753,0.27882840000000003
-150.7512,25.29801,1.0,3.489007,-0.7111582
-150.0926,24.90083,1.0,5.313801,0.5874342
-147.048,19.002670000000002,1.0,13.13839,0.5241435999999999
-151.5117,7.720916000000001,1.0,19.82875,0.3616723
-148.8942,-8.626202000000001,1.0,25.943260000000002,0.25133629999999996
-146.0557,-30.04549,1.0,32.34366,0.2209734
-156.0193,-50.49597,2.0,32.552890000000005,0.36844140000000003
-166.2355,-67.90732,2.0,25.539360000000002,-0.9464579
-156.5332,-71.21921,2.0,8.654076,-0.1962703
-155.711,-68.52724,2.0,0.05586428,-0.02204638
-155.6765,-68.52821,2.0,0.03431011,-0.02340784
-156.1638,-70.76489000000001,2.0,5.302558,0.01193361
-156.697,-74.41258,2.0,4.6879480000000004,-0.01846053
-156.3356,-74.35546,2.0,5.173712999999999,0.343062
-149.5259,-73.06357,2.0,14.121979999999999,0.5701282
-138.5654,-80.68309,2.0,20.9275,-0.33030190000000004
-125.0936,-84.09525,2.0,17.21455,-0.28365300000000004
-113.5758,-95.49354,2.0,29.25915,0.8284651
-114.0386,-117.3227,2.0,31.61065,0.2894343
-132.8713,-130.7349,2.0,31.56721,-0.3767756
-145.3417,-121.0164,2.0,20.12996,0.02013203
-139.153,-106.7742,2.0,19.23406,-0.2493074
-151.5617,-101.6019,2.0,21.43946,0.01502928
-161.0209,-109.897,2.0,16.75698,0.24142470000000002
-162.6302,-122.3188,2.0,18.3725,0.28567790000000004
-165.3769,-138.6243,2.0,26.59273,0.5544021
-165.2677,-161.2208,2.0,34.321509999999996,0.5364184000000001
-165.6055,-189.4337,2.0,41.58215,0.5271319
-165.8473,-222.76,2.0,48.358090000000004,0.46540159999999997
-159.1461,-248.4444,2.0,21.73066,-0.479517
-141.6289,-251.9862,2.0,28.43683,0.27562929999999997
-125.1194,-241.4012,2.0,25.83097,-1.225001
-127.1541,-221.7225,2.0,32.0401,0.2904335
-126.5284,-195.608,2.0,37.22351,-0.686578
-120.6699,-184.0944,2.0,11.22125,0.7867681
-111.7655,-188.9532,2.0,18.33792,0.26444320000000004
-109.9299,-205.3851,2.0,26.40079,0.6092538000000001
-107.6218,-227.7057,2.0,34.097229999999996,0.26007470000000005
-100.6757,-254.6355,2.0,40.808040000000005,0.1838445
-76.77342,-270.8033,2.0,40.288540000000005,-0.1156556
-52.01627,-254.7955,2.0,42.30126,0.09034989
-49.40104,-223.2508,2.0,45.75241,0.3907929
-36.37762,-191.0451,2.0,49.88565,0.2069113
-9.459961,-162.4216,2.0,56.02871,0.198482
8.920833,-131.3499,2.0,30.016990000000003,-1.5781129999999999
1.414325,-118.9027,2.0,21.82195,0.2845977
-6.366785,-102.3028,2.0,28.89296,0.530317
-6.6284220000000005,-78.11053000000001,2.0,36.42622,0.5370729999999999
-6.790452,-48.48328,2.0,43.51668,0.24548520000000004
-7.186505,-13.71499,2.0,50.19767,0.2262986
-7.823998,25.45352,2.0,50.72296,-2.0079569999999998
-22.41525,45.96165,2.0,18.86413,-2.6276759999999997
-25.6813,44.95095,2.0,4.871674,0.6913760999999999
-29.04897,39.9245,2.0,13.27573,0.5951806
-40.82819,44.04781,2.0,21.398120000000002,0.6017451
-58.676030000000004,45.55396,2.0,28.486209999999996,0.5876060000000001
-82.43428,42.216840000000005,2.0,36.054390000000005,0.5541520999999999
-111.7668,41.21767,2.0,43.166509999999995,0.510254
-143.5602,33.97744,2.0,38.73684,-2.045773
-150.0007,19.21584,2.0,6.468157,-1.240856
-146.8427,19.37765,2.0,8.432153,0.307797
-143.3791,11.701139999999999,2.0,16.61234,0.5653421999999999
-150.7066,-1.46112,2.0,23.90033,0.26662759999999996
-146.8254,-20.407339999999998,2.0,30.054890000000004,0.506609
-142.3648,-36.69567,3.0,12.12148,-0.09096716
-145.3165,-44.77462,3.0,11.9969,0.7697345
-154.3069,-52.580780000000004,3.0,16.43723,-0.2842915
-164.5717,-56.00407,3.0,12.91643,-0.1529208
-166.1116,-63.534180000000006,3.0,9.738062,-0.1658957
-160.4108,-70.86567,3.0,16.887729999999998,0.2686062
-145.4259,-71.77626,3.0,24.50433,0.5384349
-125.68799999999999,-77.50905,3.0,28.8028,-0.4420464
-111.6788,-90.29099000000001,3.0,23.495639999999998,-0.1927254
-108.102,-109.1961,3.0,27.595940000000002,-0.3470999
-114.9076,-125.9487,3.0,22.016460000000002,-0.4009138
-128.7468,-133.61700000000002,3.0,24.37953,0.43739390000000006
-142.7295,-125.6821,3.0,26.350959999999997,1.045058
-150.8408,-106.0089,3.0,25.15977,-1.94639
-163.1785,-106.0218,3.0,18.8225,0.44694140000000004
-167.6301,-121.8303,3.0,26.45218,0.6169418999999999
-169.8897,-144.2149,3.0,34.13701,0.5205599
-167.6774,-171.9903,3.0,41.13579,0.23387420000000003
-165.9162,-204.9599,3.0,47.81134,0.22445500000000002
-163.6583,-241.0724,3.0,45.85406,-1.014993
-146.8133,-259.2606,3.0,28.0179,-1.003533
-130.6367,-247.8016,3.0,30.708309999999997,0.39894309999999994
-126.2066,-224.7175,3.0,35.42673,0.5252413
-127.5798,-198.2319,3.0,34.12395,-0.3146415
-118.8084,-179.046,3.0,23.98065,0.2162938
-108.8493,-187.399,3.0,22.0521,0.5807512
-107.5307,-205.8288,3.0,29.044659999999997,0.5645804
-104.8964,-228.2664,3.0,29.409309999999998,-0.21041839999999998
-106.096,-249.5426,3.0,33.47589,1.208218
-92.29937,-270.7649,3.0,36.41401,-0.08663751
-67.25787,-268.7502,3.0,23.27698,-0.9809635
-57.226440000000004,-267.481,3.0,6.712703,-0.9428584999999999
-56.623090000000005,-267.0386,3.0,2.5891830000000002,-0.33767600000000003
-57.12201999999999,-267.3313,3.0,1.363427,0.5175058
-54.898419999999994,-264.786,3.0,6.869575,0.20900760000000002
-50.10614,-262.3399,3.0,8.056600999999999,-0.1559315
-48.263059999999996,-263.564,3.0,2.1916189999999998,0.6710329
-50.06845,-259.0275,3.0,10.81074,0.5627310000000001
-48.17123,-248.2455,3.0,18.85754,0.2913138
-44.74485,-231.8108,3.0,26.406609999999997,0.5160298
-42.24261,-209.6913,3.0,33.52933,0.5089053
-34.21133,-184.6382,3.0,38.08897,0.3994571
-13.10285,-163.564,3.0,35.86846,-1.826666
2.106239,-151.0864,3.0,21.84591,-0.18492160000000002
11.17653,-140.2447,3.0,16.86196,-0.1783374
10.57666,-129.2422,3.0,15.967939999999999,0.5670776
2.203162,-117.3486,3.0,23.46485,0.517433
-6.586589,-99.35688,3.0,30.519540000000003,0.2213326
-10.46632,-74.6993,3.0,37.106359999999995,0.5023164999999999
-7.895472,-44.90319,3.0,43.41563,0.22104320000000002
-3.639014,-11.892330000000001,3.0,42.67029,-0.5004924
-4.233501,10.86549,3.0,15.233260000000001,-1.96082
-4.953742,15.59666,3.0,6.072272,0.7298671
-6.615556,23.31014,3.0,14.874120000000001,0.2994475
-12.8812,35.605509999999995,3.0,22.54986,0.4790049
-29.8198,44.38852,3.0,29.43925,0.40375700000000003
-53.920480000000005,44.65728,3.0,36.042,0.2418058
-83.12850999999999,43.72803,3.0,42.73665,0.2264307
-116.6021,41.019870000000004,3.0,45.32139,-0.3483835
-145.547,32.72988,3.0,37.4105,-0.7207439999999999
-146.1701,9.732427000000001,3.0,33.9655,0.39601179999999997
-145.1121,-16.341379999999997,3.0,38.69737,0.2155326
-145.701,-46.15542,4.0,35.7827,-1.419799
-159.0741,-54.30574,4.0,19.37146,0.28483179999999997
-168.0725,-62.67649,4.0,20.16047,0.1211048
-155.1747,-72.42366,4.0,25.88654,0.212168
-133.7868,-74.54563,4.0,32.30964,0.4445135
-113.5641,-90.29956,4.0,37.905840000000005,0.3989197
-111.645,-117.0646,4.0,37.34471,0.07742433
-132.1003,-132.7995,4.0,34.636590000000005,-0.2125298
-145.0609,-117.05,4.0,29.977870000000003,0.3764398
-150.5665,-99.19964,4.0,17.84852,-0.2974426
-162.5811,-103.6976,4.0,21.98461,0.47556590000000004
-168.09900000000002,-121.5057,4.0,29.01527,0.27594
-170.5326,-145.5057,4.0,36.00144,0.46866040000000003
-167.8793,-174.5556,4.0,42.65463,0.47237399999999996
-164.7813,-208.3635,4.0,48.97717,0.4521143
-162.4515,-243.0529,4.0,35.64703,-1.743668
-152.1561,-255.3248,4.0,18.345470000000002,-0.16061129999999998
-136.2664,-257.2682,4.0,24.81793,0.0392731
-127.211,-240.1804,4.0,30.153890000000004,0.5556266
-126.7793,-215.7092,4.0,36.39902,0.4917005
-126.4555,-187.2008,4.0,39.79108,-0.2403667
-105.2954,-177.9783,4.0,29.27195,-0.8470044
-102.2623,-193.0311,4.0,21.32947,-0.1067214
-114.6613,-200.5056,4.0,8.730410000000001,-17.2351
-114.5551,-201.5559,4.0,0.0007649228999999999,-0.01310445
-114.212,-201.6469,4.0,2.620215,0.4606349
-110.7349,-200.7914,4.0,7.051142,0.03794723
-109.6809,-198.1871,4.0,0.2610266,0.5015883
-109.3379,-201.1036,4.0,7.585033,0.5028867
-107.6915,-209.1605,4.0,14.44064,0.2304739
-105.5482,-222.0728,4.0,20.84938,0.4685076
-105.8026,-239.7536,4.0,26.77523,0.2089431
-101.5355,-260.6021,4.0,31.413790000000002,0.2640012
-81.36026,-272.0828,4.0,33.904959999999996,0.12434469999999999
-56.835980000000006,-263.5276,4.0,37.26389,0.047875
-49.27453,-237.7815,4.0,38.85365,0.3712288
-45.12338,-207.858,4.0,43.11475,0.3500678
-29.05733,-179.0016,4.0,46.360440000000004,0.2233842
-4.262729,-157.0103,4.0,36.1423,-2.325034
9.041091999999999,-144.3112,4.0,19.60824,-0.44577510000000004
12.30505,-132.2892,4.0,20.637079999999997,1.13689
1.945975,-117.4796,4.0,27.360190000000003,0.3940302
-7.3768720000000005,-97.57121,4.0,32.42654,0.3714998
-10.59402,-71.93024,4.0,37.51497,0.3650368
-7.2074679999999995,-42.59223,4.0,42.257059999999996,0.1834991
-1.860179,-9.99518,4.0,46.8641,0.13590770000000002
-6.488706,24.4842,4.0,38.9621,-2.202893
-20.40675,40.27782,4.0,29.992209999999996,0.32020490000000007
-43.86587,43.821329999999996,4.0,34.74149,0.38206540000000005
-71.50143,43.284,4.0,39.88279,0.3665636
-102.7603,41.93206,4.0,43.670390000000005,-0.04488686
-131.8297,38.52984,4.0,28.27565,-4.032205
-143.043,33.19989,4.0,17.434829999999998,0.4164604
-148.016,19.22628,4.0,23.17674,0.4008487
-145.7795,0.1205616,4.0,28.90659,0.4015542
-141.6316,-22.99019,4.0,34.22974,0.3530749
-147.2874,-45.723929999999996,5.0,27.396690000000003,-0.6751362
-164.6739,-56.20276,5.0,28.72765,-1.1501219999999999
-164.9792,-69.12489000000001,5.0,18.336779999999997,-0.3674362
-152.2326,-70.39362,5.0,20.858810000000002,0.4439142
-134.9838,-74.27221,5.0,26.82325,0.2065861
-115.7756,-84.20401,5.0,31.76772,0.2787887
-107.9501,-106.5352,5.0,34.56747,0.23972039999999997
-117.9866,-128.6229,5.0,31.972340000000003,0.19995770000000002
-137.0122,-131.3242,5.0,22.39053,-0.7549348000000001
-144.1188,-115.3005,5.0,26.80325,0.17222720000000002
-157.8118,-100.5355,5.0,25.4327,-0.5282429
-165.0838,-108.2946,5.0,16.73096,-0.15029260000000003
-166.0358,-122.0986,5.0,22.74101,-0.07754335
-167.9763,-143.4868,5.0,37.95623,1.407184
-166.7697,-176.4774,5.0,48.003479999999996,0.3953864
-164.2736,-213.1227,5.0,44.55961,-2.607237
-163.6548,-234.6289,5.0,20.50176,-0.4481447
-161.2572,-247.6153,5.0,15.12694,-0.19515320000000003
-153.1956,-256.6967,5.0,21.44847,0.846435
-135.7176,-257.5281,5.0,28.66041,0.15355970000000002
-125.64200000000001,-235.1527,5.0,39.284209999999995,0.602143
-127.9903,-205.7043,5.0,34.066140000000004,-2.564686
-127.0577,-189.0739,5.0,17.83904,-0.4705085
-117.2072,-182.1537,5.0,20.42483,0.3900146
-103.5862,-190.7491,5.0,25.370179999999998,0.39302800000000004
-102.9057,-212.604,5.0,34.331590000000006,0.27785679999999996
-105.4289,-239.3919,5.0,36.37378,-0.3231155
-101.8151,-262.6799,5.0,28.113540000000004,-0.3603386
-81.98039,-272.0639,5.0,32.71029,0.31555140000000004
-58.21589,-264.3395,5.0,35.77655,0.03335499
-49.05891,-239.0723,5.0,38.91592,0.2567966
-44.743109999999994,-208.6921,5.0,43.71017,0.1574645
-30.96351,-178.3222,5.0,46.82685,0.1016424
-7.040698,-158.6861,5.0,22.64169,-2.022693
1.703907,-152.9946,5.0,11.23746,-0.16390539999999998
7.004519999999999,-148.7923,5.0,7.227911,0.08756477
11.116480000000001,-144.0947,5.0,11.50543,0.495093
12.86544,-133.6463,5.0,17.71619,0.4160299
5.304825,-120.4633,5.0,23.65674,0.4250887
-4.79031,-103.7499,5.0,29.24452,0.37053969999999997
-10.210289999999999,-80.73741,5.0,34.531690000000005,0.36206750000000004
-8.802543,-53.50731999999999,5.0,39.39158,0.35165040000000003
-3.212596,-22.990389999999998,5.0,44.19399,0.3279491
-2.076562,9.017773,5.0,36.17196,-0.7884101
-6.453092,24.49549,5.0,9.667796000000001,-0.14965820000000002
-11.17995,33.30725,5.0,17.49381,0.44141779999999997
-23.14675,42.2017,5.0,23.34771,0.41703999999999997
-42.08381,45.30435,5.0,28.88133,0.4129825
-65.51659000000001,44.90965,5.0,34.3589,0.1872016
-92.9224,43.67242,5.0,39.52966,0.3750498
-122.2351,40.753609999999995,5.0,35.93526,-0.5812694
-139.5955,36.44283,5.0,21.27476,0.3209361
-147.5277,21.13642,5.0,26.403540000000003,0.3736835
-145.7397,-0.13643329999999998,5.0,31.61686,0.1946636
-141.8445,-25.26505,5.0,34.50704,-0.8291700000000001
-144.9841,-42.43727,6.0,12.506219999999999,-0.1732537
-151.7066,-51.92125,6.0,20.08886,-0.28864709999999993
-163.1501,-57.074380000000005,6.0,14.10154,-0.2332882
-165.5042,-66.16575999999999,6.0,17.320220000000003,0.3680152
-151.6563,-72.7119,6.0,27.578559999999996,1.089037
-127.3282,-76.22093000000001,6.0,38.96215,0.6620048000000001
-108.9299,-98.12694,6.0,37.56638,-0.6667278
-115.9125,-116.1675,6.0,12.08257,-0.2584685
-119.0267,-125.1001,6.0,17.86992,0.5589592
-128.4398,-133.9995,6.0,18.16477,0.4869732
-141.9453,-128.0043,6.0,23.584670000000003,0.307737
-146.245,-109.5643,6.0,21.3671,-1.4805030000000001
-151.1913,-103.5281,6.0,7.936128999999999,0.1334283
-159.5383,-100.5972,6.0,16.42626,0.46835829999999995
-166.7124,-109.2954,6.0,19.081670000000003,0.7422204000000001
-167.9876,-128.4305,6.0,32.75978,0.9411243
-168.6579,-157.412,6.0,44.80474,0.42822170000000004
-166.3037,-194.3561,6.0,54.89795,0.7064474000000001
-163.5141,-232.4264,6.0,45.83343,-1.3466559999999999
-155.1861,-256.8058,6.0,27.69357,-0.9969834000000001
-138.3403,-256.5463,6.0,19.68327,-0.46391540000000003
-127.5958,-245.2953,6.0,25.10468,0.3757969
-124.958,-224.9388,6.0,30.48818,0.1859784
-128.5594,-200.6208,6.0,35.68387,0.1591424
-123.8147,-183.172,6.0,16.185270000000003,0.4436549
-109.8322,-185.2027,6.0,22.401889999999998,0.1405547
-102.7896,-201.583,6.0,27.27004,0.3663166
-103.9494,-223.7984,6.0,32.724509999999995,0.1862323
-105.67399999999999,-249.8582,6.0,37.763529999999996,0.31469040000000004
-91.42204,-271.9501,6.0,36.20735,0.02068028
-68.63431,-269.2654,6.0,27.17817,-0.4916385999999999
-53.2239,-261.3596,6.0,23.10509,0.5535412
-47.62207,-241.95,6.0,30.763340000000003,0.4063922
-44.262440000000005,-217.3735,6.0,36.14693,0.37666120000000003
-39.2416,-189.3368,6.0,40.55108,0.1613786
-17.74671,-168.0922,6.0,42.38366,-0.6228499
-0.5961571999999999,-155.1305,6.0,14.62168,-0.3872286
6.779094000000001,-149.2256,6.0,12.07916,-0.004455215
12.29084,-140.8672,6.0,16.50708,0.32162620000000003
9.33739,-126.2706,6.0,25.05891,0.7187513000000001
-4.545394,-107.2776,6.0,38.93634,1.028881
-9.626389999999999,-74.00504000000001,6.0,52.06586,0.4109459
-5.034999,-31.6859,6.0,60.8563,0.1113258
-2.647886,10.2018,6.0,42.31767,-3.31814
-8.832953999999999,28.810309999999998,6.0,20.67633,0.4205637
-20.92814,41.3996,6.0,28.411659999999998,0.3984962
-46.107479999999995,45.34702,6.0,41.73701,1.1510790000000002
-82.55421,43.92877,6.0,56.16814,0.9521183000000001
-119.412,40.85595,6.0,27.284229999999997,-1.691859
-130.9383,38.61314,6.0,12.39027,0.08908984
-143.4609,33.31432,6.0,23.48048,0.19712960000000002
-147.5814,15.29261,6.0,28.06438,0.2010185
-144.1878,-7.276832000000001,6.0,33.55182,0.3672698
-141.8708,-33.3048,7.0,5.446744,-0.3744676
-142.5502,-39.89904,7.0,12.411719999999999,0.47397959999999995
-148.5197,-49.50443,7.0,18.548820000000003,0.41860230000000004
-162.7175,-56.266009999999994,7.0,23.95545,0.582132
-167.8042,-69.54844,7.0,16.56344,-0.4722245
-159.0515,-76.87233,7.0,17.32316,0.2589766
-145.3529,-74.32101,7.0,20.12346,-0.03126339
-129.9169,-73.99025999999999,7.0,22.57507,0.21513449999999998
-114.1245,-84.84209,7.0,30.03205,0.3450699
-108.3516,-106.9861,7.0,33.66684,0.2798366
-122.2805,-127.8282,7.0,36.379,0.09849628
-145.4323,-127.8131,7.0,24.247889999999998,-1.7156330000000002
-144.678,-118.0271,7.0,10.33082,-0.18501510000000002
-144.1832,-108.4474,7.0,17.74918,-0.009051478
-154.02,-101.4183,7.0,17.78823,0.5660188
-165.4951,-109.0637,7.0,20.20836,-0.20331110000000002
-165.9176,-124.16,7.0,22.78106,0.5999491
-167.864,-144.7049,7.0,34.54552,0.5120587999999999
-169.6984,-175.3284,7.0,47.85406,0.4269621
-169.9166,-214.4265,7.0,52.95874,-0.8844058000000001
-163.5456,-246.2956,7.0,32.72808,-0.8908731
-146.1062,-254.4794,7.0,23.06241,-0.2490374
-130.6214,-249.7815,7.0,22.923470000000002,0.08821369
-125.7803,-231.638,7.0,30.8089,0.41678119999999996
-126.1467,-206.7673,7.0,36.20563,0.4043766
-122.3954,-182.1008,7.0,22.04104,-2.510793
-112.311,-182.49,7.0,17.89741,0.6405090999999999
-109.2655,-197.3342,7.0,23.67631,0.2186785
-108.7822,-217.0515,7.0,29.5227,0.4074449
-108.1585,-240.9617,7.0,34.86094,0.3129338
-96.46491,-264.7708,7.0,38.091359999999995,0.1870259
-69.66254,-272.1663,7.0,39.39258,-0.006109995
-50.66702,-252.0138,7.0,39.64732,0.1467757
-48.409459999999996,-221.2681,7.0,43.93293,0.3121836
-34.39712,-191.6833,7.0,46.45905,0.31636420000000004
-9.750931,-165.0873,7.0,50.977990000000005,0.3236231
8.52593,-136.7132,7.0,32.45407,-1.9738810000000002
4.0668940000000005,-118.914,7.0,27.76507,0.9766338999999999
-5.758615,-98.41711,7.0,35.98602,1.068315
-2.6388439999999997,-65.49495999999999,7.0,53.678169999999994,1.2446270000000001
-0.8626710999999999,-19.99227,7.0,68.62435,0.3708553
-4.193908,25.925620000000002,7.0,50.10212,-2.945792
-21.94448,42.04037,7.0,29.54665,0.5726512
-48.438790000000004,40.61829,7.0,40.15466,0.34775159999999994
-80.02659,40.420609999999996,7.0,44.966770000000004,0.3388633
-115.0241,41.381009999999996,7.0,49.4418,0.14257129999999998
-144.7842,32.86339,7.0,29.97297,-1.11011
-145.9609,11.93895,7.0,31.345879999999998,0.39569309999999996
-145.1346,-13.30724,7.0,36.6673,0.38316550000000005
-147.4802,-42.08035,8.0,40.48905,-0.16237079999999998
-165.3888,-59.88231,8.0,24.81314,-0.9097323
-165.2031,-74.84415,8.0,25.62826,0.4776212
-145.7283,-78.05708,8.0,30.11644,0.1959862
-123.0875,-81.90491999999999,8.0,33.31495,0.2521393
-110.7876,-103.8319,8.0,36.39015,0.08610088
-121.8715,-127.5408,8.0,37.56667,0.11280060000000001
-144.5286,-129.628,8.0,17.045279999999998,-2.8530729999999997
-145.6028,-126.7707,8.0,5.868222,0.27473459999999994
-141.8969,-121.1136,8.0,12.72466,0.4536507000000001
-145.0599,-110.1526,8.0,18.888370000000002,0.4362578
-158.1639,-102.3389,8.0,23.32516,0.05109242
-167.8105,-114.9845,8.0,25.39969,0.1743511
-166.7026,-135.874,8.0,30.87247,0.1810385
-170.6863,-160.3524,8.0,36.125040000000006,0.3602078
-169.8834,-188.9127,8.0,40.93221,0.36917740000000004
-168.7926,-220.9634,8.0,45.64578,0.16047820000000002
-159.5792,-252.0623,8.0,39.59091,-0.8782285
-136.6138,-253.1159,8.0,27.72748,-0.30665679999999995
-127.0714,-234.1709,8.0,32.07692,0.3141363
-127.3689,-208.5159,8.0,37.25462,0.1884073
-121.8783,-182.4565,8.0,26.672929999999997,-2.77768
-110.3478,-182.24900000000002,8.0,17.11455,0.1770712
-107.0661,-196.3903,8.0,22.8875,0.47185340000000003
-106.4873,-215.6063,8.0,28.76431,0.4102709
-105.6803,-238.9571,8.0,34.27353,0.3716935
-96.70625,-263.6916,8.0,37.56418,0.127748
-71.02018000000001,-272.3086,8.0,38.441390000000006,-0.02239972
-50.21066,-253.7453,8.0,39.63236,0.10300710000000002
-46.4922,-223.3192,8.0,43.8212,0.3447643
-36.07397,-192.3603,8.0,45.50274,0.1776107
-11.24601,-167.3542,8.0,49.76021,0.1435004
8.121441,-137.3326,8.0,41.87339,-0.8607568999999999
0.5462106,-113.2575,8.0,37.20371,1.1205459999999998
-5.743304,-86.32996,8.0,40.12704,0.3480219
-1.641415,-55.1717,8.0,44.8195,0.3494708
-1.4752370000000001,-20.2398,8.0,49.305609999999994,0.32516100000000003
-2.905549,17.9529,8.0,52.662009999999995,-0.33709079999999997
-18.74019,42.084740000000004,8.0,27.12414,-2.367037
-26.24441,40.641890000000004,8.0,5.646366,0.48704040000000004
-30.77634,36.98385,8.0,12.079239999999999,0.5012767
-39.327940000000005,43.88169,8.0,18.432760000000002,0.43266140000000003
-48.01423,48.5877,8.0,1.047104,-0.8659481
-48.01529,48.587509999999995,8.0,0.03525111,-0.00903818
-48.45528,46.51654,8.0,4.972265,0.1950698
-47.1639,43.3008,8.0,2.084949,-1.13671
-49.08297,44.711890000000004,8.0,7.983867999999999,0.6751741
-57.88822,46.27425,8.0,16.653579999999998,0.3115692
-73.28724,44.4938,8.0,24.93853,0.2867385
-94.52933,42.08889,8.0,32.708220000000004,0.5472265000000001
-121.3679,44.31978,8.0,39.635290000000005,0.1505739
-143.6505,29.195359999999997,8.0,38.40319,0.03962093
-144.6986,-1.7715560000000001,8.0,46.21962,0.6020850999999999
-141.9108,-33.55447,9.0,3.112805,-0.0633028
-142.2139,-35.63033,9.0,4.228975,0.5913109999999999
-144.7241,-43.25842,9.0,14.3722,-0.2219879
-150.7139,-50.56538,9.0,11.58836,-0.05199799
-159.8415,-53.829480000000004,9.0,13.591510000000001,-0.1082397
-166.4768,-59.241659999999996,9.0,10.491769999999999,-0.1954266
-164.6172,-68.36801,9.0,18.95685,0.47971199999999997
-151.5819,-73.63454,9.0,17.83684,-0.13859960000000002
-139.6167,-72.83147,9.0,14.90274,0.3509697
-124.3676,-77.07667,9.0,25.341379999999997,0.08979711
-110.8442,-90.33048000000001,9.0,26.286659999999998,0.06496958
-107.3469,-108.3934,9.0,20.81373,-1.064081
-109.6625,-117.8264,9.0,11.15193,-0.08761908
-115.1497,-128.1084,9.0,21.62856,0.1865763
-127.9666,-135.0123,9.0,17.98441,-0.3069933
-139.274,-131.5193,9.0,15.746570000000002,0.1668252
-146.3259,-117.6504,9.0,25.9053,0.29266770000000003
-153.6803,-101.1999,9.0,16.72097,-0.3627287
-163.1673,-101.4541,9.0,12.24761,0.00048582489999999997
-167.3453,-114.2986,9.0,25.91377,0.5499088000000001
-168.6724,-138.7079,9.0,39.54929,0.45314849999999995
-168.3765,-170.9454,9.0,46.00305,0.12430410000000001
-164.9027,-205.5561,9.0,45.40995,-0.5987445
-162.7958,-235.5753,9.0,33.06038,-2.037178
-156.3841,-253.9821,9.0,23.50434,-0.3977545
-142.6953,-260.3673,9.0,18.24778,-0.41717079999999995
-130.8152,-251.9785,9.0,26.12716,0.5089747
-124.9345,-228.5602,9.0,37.36504,0.5342339
-128.3226,-203.2584,9.0,26.757640000000002,-0.8218485999999999
-128.1184,-189.8198,9.0,14.457370000000001,-0.1177688
-121.8012,-182.1367,9.0,16.848570000000002,0.7145963000000001
-108.6414,-184.291,9.0,17.32395,-0.3312817
-102.8955,-194.2148,9.0,18.30246,1.112298
-103.0285,-213.3241,9.0,32.35544,0.31983649999999997
-106.0402,-239.8724,9.0,37.30685,-0.1104721
-99.94491,-265.1696,9.0,33.98053,-0.3244739
-77.96761,-273.0215,9.0,32.75286,-0.03667171
-56.682230000000004,-263.1358,9.0,31.999909999999996,0.24995229999999996
-48.401540000000004,-239.8625,9.0,35.22398,0.08072116
-44.24706,-213.1676,9.0,36.45613,-0.1659192
-38.0958,-188.2336,9.0,32.484609999999996,-0.3973969
-24.31645,-171.3275,9.0,26.59137,-0.3913333
-9.739453999999999,-160.9642,9.0,21.88269,-0.2578537
2.862144,-152.6021,9.0,18.50052,-0.2626491
11.869769999999999,-141.9537,9.0,21.70091,0.329278
8.299092,-124.8277,9.0,27.425559999999997,0.1499364
-4.734502,-107.9281,9.0,29.61086,0.01290646
-10.38878,-86.52214000000001,9.0,30.30211,0.061323199999999994
-10.60318,-62.840219999999995,9.0,34.1466,0.2713131
-6.587822,-37.2222,9.0,35.72618,0.08059351
-2.3381849999999997,-10.69632,9.0,36.72906,0.053088199999999995
-3.5609559999999996,13.27511,9.0,26.605929999999997,-0.32833490000000004
-8.228726,29.1464,9.0,19.23623,-0.29948159999999996
-19.85145,41.0147,9.0,27.31793,0.5324855
-42.06187,45.09485,9.0,34.17236,0.2562165
-70.0187,43.98621,9.0,41.3645,0.5013380000000001
-103.2766,43.10548,9.0,48.0537,0.221023
-135.6289,38.5299,9.0,34.4352,-0.7409521
-146.9619,18.12187,9.0,34.96575,0.3854553
-141.5286,-9.849917,9.0,41.6102,0.36035500000000004
-143.9188,-35.44551,10.0,19.59828,-2.22451
-148.8572,-47.53176,10.0,20.59495,0.3624994
-160.0665,-55.240359999999995,10.0,16.73732,-0.24384389999999997
-167.1294,-62.73251,10.0,13.209879999999998,0.20760549999999997
-160.6231,-72.35616,10.0,17.92387,-0.3704613
-147.2761,-72.50888,10.0,18.660970000000002,-0.1912431
-134.0338,-73.83299,10.0,20.80143,0.6123748999999999
-116.8527,-82.25972,10.0,29.580790000000004,0.48066899999999996
-107.1467,-103.5098,10.0,35.23883,0.4103626
-114.6524,-126.7995,10.0,25.50454,-0.5926606
-129.5793,-133.7661,10.0,20.100720000000003,-0.3429452
-141.554,-128.7889,10.0,18.89903,0.6448027
-146.649,-112.8275,10.0,24.48139,-0.38718509999999995
-150.9209,-103.9747,10.0,3.9533050000000003,0.1368575
-156.9214,-100.5717,10.0,13.5399,0.25449970000000005
-166.3325,-106.8945,10.0,19.70231,0.22974899999999998
-168.1512,-124.0041,10.0,26.760440000000003,0.24143
-168.9192,-146.4673,10.0,34.13667,0.38657800000000003
-168.2776,-172.9864,10.0,37.78944,0.1434436
-165.9017,-201.9021,10.0,39.52802,-0.5728502
-164.0566,-228.2178,10.0,31.822709999999997,-0.49784870000000003
-160.7106,-248.7717,10.0,24.68412,-0.532986
-148.437,-259.0118,10.0,22.35765,0.2525814
-132.6465,-254.4051,10.0,24.00112,0.2228101
-125.2649,-236.7482,10.0,27.74835,0.09882116
-126.227,-215.1468,10.0,30.662879999999998,-0.38090409999999997
-127.9035,-196.5909,10.0,17.44471,-0.331248
-126.4937,-185.5166,10.0,12.89277,-0.353094
-117.8094,-181.8891,10.0,16.12604,0.2571433
-105.8549,-186.5654,10.0,17.90136,0.01706723
-103.0856,-199.9441,10.0,20.109920000000002,0.19510170000000002
-104.0564,-215.6853,10.0,21.80699,0.004486783
-105.3513,-232.4134,10.0,25.48112,0.5097811999999999
-105.5606,-253.4108,10.0,29.9359,0.004493744
-93.63351,-270.7835,10.0,31.65261,0.3275866
-67.78074000000001,-270.3344,10.0,38.28669,0.2311744
-50.25845,-250.058,10.0,38.96655,0.45401099999999994
-45.912620000000004,-219.2559,10.0,43.94103,0.08390307
-38.519709999999996,-190.3703,10.0,35.87833,-0.6092671
-24.30219,-171.8212,10.0,28.1839,-0.4747317
-9.684751,-161.2354,10.0,16.13556,-2.014866
-0.9948082,-155.1926,10.0,18.3618,0.4201554
10.1074,-145.7554,10.0,19.0722,0.10768849999999999
11.7226,-129.5003,10.0,27.133979999999998,0.2638581
-2.7493630000000002,-112.7615,10.0,32.68355,0.35253809999999997
-9.948215,-88.46816,10.0,32.94088,-0.5479174
-9.815821000000001,-64.55485999999999,10.0,34.70443,0.4453589
-6.654807000000001,-36.6242,10.0,40.98576,0.40621690000000005
-2.024845,-4.468301,10.0,46.71042,0.3747032
-7.84121,29.69422,10.0,44.15235,-0.4666429
-34.64751,44.687,10.0,44.52816,0.3298699
-69.4473,44.21822,10.0,49.62578,0.3865584
-107.9897,42.00217,10.0,53.68821,-1.213481
-140.0303,35.65889,10.0,39.200559999999996,-0.1408637
-147.2785,11.16854,10.0,37.500209999999996,0.3964743
-141.4413,-17.88928,10.0,42.64275,0.3564152
-147.9397,-43.62793,11.0,34.71467,0.1900174
-166.8184,-62.574130000000004,11.0,35.77608,-1.6159350000000001
-165.979,-80.07208,11.0,20.02209,0.23190929999999998
-153.3868,-73.48382,11.0,23.72798,0.42442070000000004
-135.7778,-71.76442,11.0,28.09125,0.23412570000000002
-117.2146,-85.05994,11.0,31.2855,-0.37087020000000004
-108.9843,-106.4041,11.0,34.332679999999996,0.31854570000000004
-118.8646,-127.9648,11.0,27.846759999999996,-0.2948996
-138.0308,-130.8846,11.0,30.398709999999998,0.17128929999999998
-144.951,-109.7913,11.0,28.82917,-3.424043
-150.9903,-101.3212,11.0,14.693929999999998,0.6402843
-164.4491,-105.2734,11.0,23.73123,0.23668530000000002
-166.1927,-124.3539,11.0,29.51391,0.4807472
-167.7315,-148.55700000000002,11.0,35.934779999999996,0.2267694
-167.3285,-177.3251,11.0,41.9304,0.4452085
-164.2925,-210.4609,11.0,47.762370000000004,0.4174777
-161.1451,-243.8085,11.0,38.12353,-1.3310819999999999
-146.3251,-259.5301,11.0,29.549329999999998,0.3140421
-128.8787,-249.722,11.0,30.50324,0.1941011
-125.2637,-224.97799999999998,11.0,36.66271,0.3864745
-127.9847,-197.3163,11.0,34.40742,-0.2416413
-116.9888,-179.6395,11.0,26.527759999999997,-0.35077859999999994
-107.0622,-191.8563,11.0,25.72723,0.23972860000000001
-105.9438,-213.2396,11.0,32.202090000000005,0.43987040000000005
-107.1322,-239.2769,11.0,38.2854,0.20092770000000001
-98.33809000000001,-266.7992,11.0,40.730540000000005,-0.4065593
-70.32124,-270.893,11.0,41.42725,0.3429698
-49.60264,-250.5935,11.0,41.7198,0.1521507
-44.316340000000004,-217.8951,11.0,47.47396,0.419246
-33.90356,-182.8928,11.0,51.42047,0.07151716
-7.978271,-161.1529,11.0,36.55352,-0.748242
9.651848,-145.4552,11.0,28.135040000000004,-0.5834556
10.21948,-127.9299,11.0,24.40655,0.4229766
-2.0234,-111.5716,11.0,30.822459999999996,0.19315739999999998
-9.170568,-87.75511,11.0,36.80314,0.2267646
-9.588442,-58.37044,11.0,42.694390000000006,0.4165215
-3.771071,-25.06435,11.0,48.40168,0.4217531
-3.038621,12.52319,11.0,53.06691,0.3014634
-21.3388,42.82459,11.0,46.66109,-0.2395283
-55.81853,43.52386,11.0,49.20782,0.1856178
-94.21569000000001,41.66174,11.0,54.57581,0.39239179999999996
-132.755,38.40907,11.0,44.03525,-0.1996218
-150.0447,15.32134,11.0,40.18111,-0.06269442
-142.4118,-14.986839999999999,11.0,44.55618,0.1508112
-147.2739,-45.33574,12.0,34.0358,-1.48538
-165.2705,-56.0331,12.0,28.435,-0.1702096
-163.3503,-71.49126,12.0,23.89355,0.03145374
-143.9279,-71.14723000000001,12.0,29.545240000000003,0.2284755
-121.3071,-78.65468,12.0,35.30128,0.192892
-106.7632,-101.1778,12.0,38.979420000000005,0.1652481
-114.8449,-123.5179,12.0,27.01707,-0.1974217
-131.7472,-132.8606,12.0,23.42362,-0.4974366
-145.2021,-124.8829,12.0,24.83098,0.3386328
-149.4421,-105.2146,12.0,26.39038,-0.8589625
-163.5654,-102.2074,12.0,19.897660000000002,0.1646675
-167.6197,-118.8668,12.0,30.4432,1.152757
-168.3599,-145.3455,12.0,38.90712,0.439047
-167.3751,-176.3001,12.0,44.56467,0.18407089999999998
-165.2329,-211.3533,12.0,50.23276,0.4129667
-161.2543,-247.1061,12.0,43.35115,-0.6217301
-141.1036,-257.659,12.0,26.688779999999998,-0.6994401
-128.9183,-240.3538,12.0,32.03791,0.46188959999999996
-125.571,-214.7394,12.0,37.85073,0.1815771
-127.936,-188.877,12.0,32.84963,-0.3814448
-110.719,-181.2687,12.0,26.25797,-0.4310379
-108.9138,-198.4258,12.0,27.53112,0.45993770000000006
-110.1744,-220.9539,12.0,33.88257,0.47354070000000004
-106.992,-248.2711,12.0,40.1113,0.429965
-89.79066,-271.1531,12.0,39.43877,-0.1439203
-60.283069999999995,-266.7861,12.0,43.11522,0.3047594
-45.581309999999995,-243.4813,12.0,35.073840000000004,-0.6835687
-53.774640000000005,-222.8981,12.0,20.67247,-2.995574
-53.10495,-216.3902,12.0,5.598383,0.01611449
-53.24876999999999,-215.2052,12.0,2.916302,0.34992779999999996
-49.56755,-218.7217,12.0,10.99267,0.48676400000000003
-42.5484,-212.6919,12.0,15.126029999999998,-0.1592917
-41.6627,-202.645,12.0,14.919720000000002,0.5122619
-38.89883,-188.0145,12.0,23.91362,0.4934308
-26.92346,-172.0226,12.0,30.39345,0.22872640000000002
-5.970551,-158.6535,12.0,36.78351,0.46145990000000003
11.76575,-138.8658,12.0,32.60191,-0.8525531
4.791430999999999,-118.6345,12.0,33.38694,0.9259381
-8.900307000000002,-91.30897,12.0,49.02451,1.2171459999999998
-8.616232,-52.41565,12.0,55.11328,0.34505640000000004
-2.416692,-10.28224,12.0,59.890209999999996,0.32286240000000005
-6.9116100000000005,25.82174,12.0,31.3072,-0.6132739
-24.49352,43.64249,12.0,36.95283,0.2096558
-53.168519999999994,44.45426,12.0,41.7386,0.41443599999999997
-86.17265,44.29055,12.0,47.391000000000005,0.1982668
-122.8287,40.49365,12.0,49.39925,-0.3287084
-152.4653,25.73021,12.0,43.40745,-0.4157058
-153.4708,12.68833,12.0,5.278021,-0.5384945
-151.2262,12.6305,12.0,7.795282,0.5650305999999999
-146.6272,5.990365,12.0,15.473170000000001,0.5421916999999999
-145.5435,-8.268505000000001,12.0,22.863889999999998,0.2587662
-142.192,-27.550620000000002,12.0,29.823290000000004,0.21972049999999999
-142.3709,-36.57887,13.0,9.124706,0.5951331
-146.3679,-45.2992,13.0,16.84768,0.2775028
-158.7705,-53.726459999999996,13.0,23.96133,0.2465485
-167.0288,-67.91975,13.0,20.571920000000002,-0.5538081
-157.2674,-76.1304,13.0,18.7467,0.21683609999999998
-142.3844,-73.05858,13.0,19.94789,-0.1987493
-127.5772,-73.60861,13.0,23.63729,0.4800997
-111.9897,-85.2206,13.0,29.6161,0.41626080000000004
-107.1132,-108.1296,13.0,34.61135,0.1316839
-122.6535,-129.2291,13.0,38.40115,0.22942220000000002
-144.7248,-128.004,13.0,20.54111,-0.8285940999999999
-143.4212,-122.8102,13.0,7.861164,0.5691949000000001
-138.3784,-122.3169,13.0,2.287316,0.3823643
-142.7214,-123.8608,13.0,9.775514999999999,0.408434
-145.5346,-128.8231,13.0,3.206756,-0.7866113
-145.269,-127.4959,13.0,6.500906,0.675531
-141.542,-120.3424,13.0,15.107120000000002,0.5638887
-141.6533,-106.9695,13.0,22.25235,0.47342570000000006
-156.3088,-97.91235,13.0,26.082639999999998,-0.21781420000000004
-166.8932,-110.4064,13.0,26.5417,0.3929853
-167.8104,-132.8076,13.0,33.81578,0.5118453
-167.6207,-160.5221,13.0,40.57936,0.46490829999999994
-167.9739,-192.9184,13.0,46.898579999999995,0.463508
-167.8583,-229.8847,13.0,52.678709999999995,0.236475
-149.7656,-256.7251,13.0,42.586729999999996,-0.4188128
-128.0143,-247.9597,13.0,29.4837,0.42637010000000003
-128.1959,-222.8584,13.0,39.31042,0.7092396
-127.6787,-193.4266,13.0,30.08875,-3.494645
-121.3218,-182.4361,13.0,14.12829,0.08346856
-109.4781,-185.0558,13.0,21.535629999999998,0.4203451
-104.7596,-202.4521,13.0,28.26245,0.5133993
-107.5446,-225.7847,13.0,35.217220000000005,0.2328509
-103.3127,-253.2265,13.0,40.61165,0.1771762
-80.33249,-272.4009,13.0,42.6242,-0.007795671999999999
-53.53094,-259.6384,13.0,42.51531,0.01264757
-48.702329999999996,-227.715,13.0,46.78553,0.21195799999999998
-41.051840000000006,-196.533,13.0,42.75407,0.37612940000000006
-19.28902,-170.9752,13.0,48.450179999999996,0.4464907
5.5000849999999994,-142.5293,13.0,50.283840000000005,-0.7953916999999999
4.319624,-112.1111,13.0,36.049459999999996,-1.154264
-8.970622,-94.86516999999999,13.0,28.288109999999996,1.0099069999999999
-6.218127,-70.57016,13.0,36.50639,0.2344154
-5.415018,-41.0698,13.0,43.113479999999996,0.4844669
-3.974328,-6.818089,13.0,49.28629,0.4277548
-8.262360000000001,29.673470000000002,13.0,44.93484,-1.591272
-29.002809999999997,41.31543,13.0,24.384220000000003,-1.8381669999999999
-35.04397,32.57343,13.0,1.396981,-1.747789
-35.12742,32.58958,13.0,0.06302731,-0.01365105
-35.17265,32.59536,13.0,0.137024,0.3451047
-34.28693,35.68271,13.0,8.41827,0.2603968
-32.568490000000004,42.9401,13.0,7.161182000000001,-0.7636736
-32.29736,44.56503,13.0,2.324926,0.3506882
-35.62495,41.43887,13.0,10.39175,0.5314233
-45.653079999999996,43.43987,13.0,17.668,0.24977020000000003
-61.144090000000006,45.27292,13.0,24.46595,0.4766037
-81.46693,42.4832,13.0,30.89009,0.2271589
-106.5536,42.92151,13.0,36.80167,0.20489339999999998
-134.5105,37.2173,13.0,39.77214,-0.2425531
-147.9046,13.683639999999999,13.0,39.2108,0.35639940000000003
-144.9532,-17.142310000000002,13.0,44.54105,0.3653688
-149.1441,-49.27705,14.0,38.0085,-2.2411
-163.3541,-65.3515,14.0,23.22738,-0.34722020000000003
-150.6736,-75.68202,14.0,27.0981,0.4362293
-128.6246,-77.57961999999999,14.0,32.47293,0.2817872
-111.1218,-95.38943,14.0,36.38908,0.09306056
-115.2155,-121.7223,14.0,38.61562,0.0782919
-139.1748,-131.2645,14.0,29.7392,-1.7195479999999999
-145.8586,-120.5276,14.0,4.971508,-1.7539939999999998
-146.4054,-119.3543,14.0,1.9291330000000002,-0.008353318
-147.2395,-118.3132,14.0,1.574295,-0.03073187
-148.3406,-117.5276,14.0,3.5545459999999998,0.382008
-150.9449,-117.4733,14.0,1.001575,-0.6973323
-148.6171,-116.1176,14.0,8.117360000000001,0.6248497
-144.6012,-108.3157,14.0,16.2219,0.5548634
-152.4631,-97.3259,14.0,22.44289,0.33806959999999997
-166.9139,-104.6647,14.0,26.22962,0.2915463
-166.5216,-126.0645,14.0,32.59815,0.5038699999999999
-166.7272,-152.7289,14.0,39.424690000000005,0.23377150000000002
-166.9496,-184.3975,14.0,45.94619,0.4633419
-167.0006,-220.7086,14.0,52.047740000000005,0.41366099999999995
-155.584,-251.7463,14.0,35.27639,-1.913291
-141.7344,-252.9055,14.0,6.4005540000000005,-1.11516
-141.3462,-250.0015,14.0,2.60111,-0.1600318
-137.9131,-247.9989,14.0,9.356295,0.3742038
-128.994,-251.232,14.0,14.124260000000001,-0.31535840000000004
-121.4351,-249.0139,14.0,9.645449000000001,0.08211186
-122.8164,-239.1194,14.0,18.358539999999998,0.5636384
-126.1042,-222.9566,14.0,26.06982,0.2640602
-127.6894,-200.9704,14.0,33.41259,0.5106437
-119.0632,-179.7908,14.0,29.97925,-0.8698459999999999
-105.5752,-187.8548,14.0,26.69177,1.133948
-107.0825,-214.7051,14.0,46.47472,1.435724
-102.3116,-254.0436,14.0,55.76206,-0.6814638000000001
-74.04782,-272.3716,14.0,45.96869,0.21689070000000002
-49.09216,-253.8868,14.0,43.196909999999995,-0.053305099999999994
-49.30758,-220.7098,14.0,47.32382,0.2008189
-33.940709999999996,-188.2593,14.0,51.43785,0.3578962
-5.421208,-160.1727,14.0,56.845009999999995,0.16356199999999999
9.893595,-127.6623,14.0,35.054559999999995,-2.541434
-1.382986,-110.4258,14.0,27.09485,1.30284
-5.858149,-88.4148,14.0,33.96828,0.48753279999999993
-3.6706300000000005,-60.82346999999999,14.0,40.76706,0.23845039999999998
-2.2963080000000002,-28.18031,14.0,47.189609999999995,0.20941910000000002
-3.103638,8.994966999999999,14.0,53.185280000000006,0.4098803
-17.55043,39.82185,14.0,43.64655,-0.2380181
-49.66646,40.87036,14.0,46.57648,0.4510425
-86.5251,40.181779999999996,14.0,52.583780000000004,0.4471352
-126.2403,41.201,14.0,47.59639,-1.8110549999999999
-145.261,26.06952,14.0,20.55237,-1.262708
-143.9981,22.4621,14.0,4.828307,0.6383078000000001
-141.4051,25.28196,14.0,3.578936,-0.7618590000000001
-142.5172,23.752470000000002,14.0,7.067695,0.4498945
-148.2154,21.54665,14.0,6.5600190000000005,-0.8556417
-149.1629,21.831310000000002,14.0,3.5783,0.6971895
-144.5458,18.01062,14.0,12.62307,0.6256066
-140.8854,6.372495,14.0,20.81382,0.2960103
-141.5485,-12.00504,14.0,28.78251,0.5513977
-141.7948,-34.57565,1.0,5.926552,-0.07714502
-142.1721,-40.7157,1.0,12.77315,0.6740243
-148.1455,-51.50269,1.0,21.15855,0.2843452
-162.208,-63.15099,1.0,27.574990000000003,0.007929388
-153.6944,-76.86231,1.0,24.14807,-0.1101285
-138.6873,-68.57053,1.0,15.148570000000001,-0.2901581
-135.8675,-68.27813,1.0,0.02433873,-1.33555e-05
-135.8487,-68.28095,1.0,0.02537785,-7.17472e-05
-135.8311,-68.28326,1.0,0.01745644,-0.024752700000000002
-136.0327,-69.16714,1.0,4.283,0.2377113
-135.7736,-72.49887,1.0,4.417751,-0.0481663
-135.9745,-75.41548,1.0,3.573489,-0.03679318
-136.6825,-76.36596999999999,1.0,2.6230759999999997,0.3541974
-131.651,-74.93179,1.0,11.64713,0.6529843000000001
-120.9553,-78.90091,1.0,19.39272,0.2479201
-112.7531,-94.03676999999999,1.0,27.17803,0.5619679
-111.8636,-115.9893,1.0,33.2317,0.1929445
-130.3593,-133.1098,1.0,36.28921,-0.42194970000000004
-146.8071,-123.5753,1.0,22.43925,0.1061652
-138.4344,-110.3221,1.0,14.446129999999998,-0.6565647
-138.4579,-108.7179,1.0,0.02302404,0.008230692
-138.4587,-108.7351,1.0,0.02041643,0.01273139
-139.6862,-108.2976,1.0,6.10835,0.8336015999999999
-144.944,-109.7844,1.0,7.821446000000001,-0.0527764
-145.2704,-110.0086,1.0,4.8090910000000004,0.3402737
-144.8047,-103.4207,1.0,13.31228,0.5730813
-153.9189,-95.81331,1.0,17.9415,-0.39567759999999996
-163.9505,-100.0304,1.0,14.21135,0.3367943
-166.9226,-115.8289,1.0,29.10871,0.4425545999999999
-169.4545,-140.8043,1.0,37.9865,0.44640029999999997
-163.3618,-168.4089,1.0,35.05953,-0.3059993
-167.7045,-191.5954,1.0,31.51855,1.2554290000000001
-166.8512,-220.0735,1.0,38.726890000000004,-0.5650295999999999
-162.5997,-245.1058,1.0,29.514429999999997,-0.9248224
-144.6315,-250.7193,1.0,28.43307,0.6550176999999999
-123.9595,-242.0274,1.0,29.94231,-0.6618696
-127.8498,-226.3357,1.0,25.35993,0.2275967
-126.7831,-211.16299999999998,1.0,22.21304,-0.3705195
-123.5994,-198.015,1.0,18.1317,0.03690174
-123.2433,-186.4348,1.0,14.400120000000001,0.02349656
-111.8152,-186.8686,1.0,17.875429999999998,-0.7975183000000001
-110.2211,-198.2463,1.0,14.22357,-0.08982418
-109.8586,-209.6999,1.0,19.06361,0.5006477
-108.1332,-226.6233,1.0,26.810709999999997,0.2685653
-104.6227,-248.9084,1.0,33.92194,0.444086
-88.01167,-269.098,1.0,38.30715,0.20904499999999998
-60.85801,-265.3402,1.0,39.48284,-0.003232316
-51.987429999999996,-238.2183,1.0,41.78187,0.2205572
-43.44223,-206.8719,1.0,46.917790000000004,0.42066440000000005
-21.0132,-177.9827,1.0,52.337509999999995,0.19611040000000002
3.944925,-145.6858,1.0,57.84267,0.3494719
11.39907,-111.1183,1.0,26.51545,-2.8364830000000003
9.970276,-104.3515,1.0,0.9074336999999999,-0.2436657
9.804127000000001,-104.2736,1.0,0.9984812,0.5496359000000001
12.5879,-106.1358,1.0,7.318766,0.33499179999999995
17.89037,-107.1037,1.0,4.187946,-0.7591578
17.50935,-107.2305,1.0,5.068554,0.6480823
11.13946,-109.8888,1.0,13.597779999999998,1.016043
0.841493,-109.4649,1.0,17.536620000000003,0.3506938
1.212331,-94.33084000000001,1.0,24.29128,0.4883335999999999
-3.4964180000000002,-74.68964,1.0,30.86497,0.23296350000000002
-5.714537,-49.46761,1.0,37.50808,0.2392154
-6.438181,-19.276229999999998,1.0,43.93199,0.4553747
-6.66783,15.52415,1.0,49.915890000000005,0.28937290000000004
-16.13816,42.73077,1.0,23.33736,-2.505259
-25.7799,40.70212,1.0,16.27534,0.5338919
-39.74134,38.13048,1.0,23.2928,0.5288547
-59.5435,39.79596,1.0,30.47075,0.5296651
-84.68765,39.60407,1.0,37.30685,0.23453600000000002
-114.7291,40.4339,1.0,43.76036,0.4617564
-141.9639,34.60525,1.0,28.66347,-1.0788309999999999
-141.6418,24.38415,1.0,8.124234,-0.09880655
-137.7515,24.26481,1.0,0.06657612,-0.02084759
-137.7517,24.22004,1.0,0.05377743,0.01613077
-138.81799999999998,24.50431,1.0,5.088946,0.5394521
-144.85399999999998,24.128829999999997,1.0,10.600710000000001,0.1388895
-150.7764,25.30528,1.0,3.430591,-0.3494833
-150.059,24.87985,1.0,5.413024,0.601499
-147.0441,18.9053,1.0,13.180060000000001,0.2547683
-151.5546,7.581499000000001,1.0,19.85805,0.1810983
-148.8479,-8.813004,1.0,26.02335,0.47481309999999993
-146.0518,-30.28182,1.0,32.41735,0.4464617
-156.2342,-50.59437,2.0,32.58495,0.202487
-166.1595,-68.08026,2.0,25.46051,-0.4864090999999999
-156.5108,-71.1594,2.0,8.598299,-0.33157129999999996
-155.7106,-68.52725,2.0,0.05723229,0.00839094
-155.6762,-68.52821999999999,2.0,0.03847326,0.02659718
-156.1691,-70.80389,2.0,5.300533000000001,-0.01243564
-156.7074,-74.44566,2.0,4.681963,-0.03561298
-156.30700000000002,-74.32803,2.0,5.287658,0.6621168000000001
-149.4229,-73.09354,2.0,14.2187,0.5783719
-138.423,-80.74973,2.0,20.8577,-0.4674893
-124.9752,-84.14851,2.0,17.16698,-0.2866039
-113.4671,-95.68791,2.0,29.32725,0.40623909999999996
-114.1579,-117.5259,2.0,31.63318,0.1365124
-133.1031,-130.7532,2.0,31.43872,-0.7575281
-145.3117,-120.8665,2.0,20.1447,0.08510849
-139.1978,-106.6411,2.0,19.10206,-0.7768705
-151.722,-101.6144,2.0,21.43787,-0.009459184
-161.0236,-110.0211,2.0,16.77903,0.1330767
-162.6691,-122.4512,2.0,18.39483,0.1358959
-165.3816,-138.8215,2.0,26.687690000000003,0.5823775999999999
-165.2694,-161.4693,2.0,34.36577,0.2777363
-165.6073,-189.7472,2.0,41.66601,0.4989023
-165.83599999999998,-223.1205,2.0,48.39413,0.21860029999999997
-159.0216,-248.5513,2.0,21.69131,-0.23364610000000002
-141.4148,-251.9789,2.0,28.53039,0.5434831
-125.1008,-241.2073,2.0,25.63107,-1.180924
-127.1014,-221.4906,2.0,32.139359999999996,0.5947835
-126.529,-195.3274,2.0,36.93796,-1.646984
-120.5888,-184.0798,2.0,11.275730000000001,0.33564970000000005
-111.7158,-189.08,2.0,18.42606,0.5239162
-109.9118,-205.5845,2.0,26.447490000000002,0.2805763
-107.5881,-227.94799999999998,2.0,34.188559999999995,0.5563802
-100.5376,-254.9108,2.0,40.87276,0.37712629999999997
-76.47594000000001,-270.7811,2.0,40.26846,-0.12202619999999999
-51.863490000000006,-254.52200000000002,2.0,42.30661,0.03326667
-49.37719,-222.9046,2.0,45.78202,0.1710195
-36.13263,-190.7631,2.0,49.9586,0.4295637
-9.183855,-162.1017,2.0,56.10089,0.4226344
8.935202,-131.1297,2.0,29.50402,-3.0402299999999998
1.292626,-118.7902,2.0,21.9181,0.5522195
-6.387558,-102.0973,2.0,28.98338,0.5630829
-6.628429,-77.84058,2.0,36.468579999999996,0.25883249999999997
-6.790997999999999,-48.156620000000004,2.0,43.60256,0.5023002000000001
-7.191727,-13.34295,2.0,50.277840000000005,0.4734773
-7.871974000000001,25.83064,2.0,50.39273,-1.9899759999999997
-22.54681,45.98965,2.0,18.64361,-1.41388
-25.67071,44.91653,2.0,4.92591,0.33745729999999996
-29.141309999999997,39.90014,2.0,13.326139999999999,0.31749299999999997
-40.970459999999996,44.12737,2.0,21.49311,0.5553746999999999
-58.88352,45.514920000000004,2.0,28.532190000000003,0.280302
-82.70533,42.19572,2.0,36.14304,0.5260863
-112.0911,41.20446,2.0,43.20532,0.2353849
-143.7869,33.80472,2.0,38.574709999999996,-0.9904533999999999
-149.977,19.174789999999998,2.0,6.060278,-2.3414029999999997
-146.7808,19.36382,2.0,8.532288000000001,0.5887064000000001
-143.4023,11.58005,2.0,16.70595,0.565177
-150.7575,-1.621924,2.0,23.94383,0.2765175
-146.783,-20.62601,2.0,30.09508,0.24561309999999997
-142.3827,-36.783609999999996,3.0,12.10591,-0.09381317
-145.363,-44.85175,3.0,12.12496,0.7718501
-154.4199,-52.62047,3.0,16.38928,-0.29293909999999995
-164.6452,-56.067569999999996,3.0,12.866710000000001,-0.2851039
-166.0909,-63.60318,3.0,9.711102,-0.15997279999999997
-160.3008,-70.93196,3.0,16.976760000000002,0.5190649
-145.24,-71.77611999999999,3.0,24.54627,0.25306039999999996
-125.5003,-77.60546,3.0,28.727859999999996,-0.4544997
-111.5826,-90.44086999999999,3.0,23.47888,-0.10169810000000001
-108.1279,-109.3998,3.0,27.524929999999998,-0.5549932
-115.0209,-126.0708,3.0,21.98464,-0.1906423
-128.9253,-133.6453,3.0,24.45265,0.43877510000000003
-142.7907,-125.4983,3.0,26.44085,0.5548325
-150.9964,-105.9003,3.0,25.00281,-0.9847017
-163.2731,-106.1283,3.0,18.9012,0.48372740000000003
-167.6527,-122.0233,3.0,26.49976,0.2945592
-169.8986,-144.4717,3.0,34.17824,0.2466875
-167.6595,-172.2859,3.0,41.21835,0.503482
-165.8706,-205.3151,3.0,47.89141,0.47759090000000004
-163.616,-241.4171,3.0,45.74485,-0.6326776999999999
-146.6065,-259.2492,3.0,27.85244,-0.9933088999999999
-130.4955,-247.6178,3.0,30.71122,0.01777771
-126.2678,-224.4696,3.0,35.46891,0.26659429999999995
-127.5485,-197.9752,3.0,34.09793,-0.1588943
-118.6461,-178.9836,3.0,23.99736,0.104848
-108.876,-187.5582,3.0,22.14131,0.5534387
-107.4549,-206.0374,3.0,29.08969,0.2682662
-104.9145,-228.4831,3.0,29.34014,-0.4091568
-106.0731,-249.7815,3.0,33.67352,1.250138
-92.05084000000001,-270.8528,3.0,36.38749,-0.1606889
-67.09345,-268.7503,3.0,23.271,-0.03859331
-57.18128000000001,-267.4549,3.0,6.55633,-0.8981459999999999
-56.638690000000004,-267.0501,3.0,2.561198,-0.1697766
-57.113569999999996,-267.325,3.0,1.4538879999999998,0.544816
-54.86703000000001,-264.7446,3.0,6.886635000000001,0.102383
-50.048320000000004,-262.3544,3.0,8.029835,-0.1616089
-48.271570000000004,-263.5496,3.0,2.3011939999999997,0.659267
-50.080009999999994,-258.95,3.0,10.90815,0.598021
-48.13135,-248.1133,3.0,18.951929999999997,0.5687019
-44.71976,-231.6116,3.0,26.4948,0.5248972
-42.21402,-209.4462,3.0,33.612590000000004,0.5078817
-34.02369,-184.4274,3.0,38.12027,0.194879
-12.911,-163.3736,3.0,35.72169,-0.896882
2.2336840000000002,-150.9873,3.0,21.78569,-0.3529647
11.213989999999999,-140.1282,3.0,16.8012,-0.3720756
10.53583,-129.1311,3.0,16.01436,0.28616929999999996
2.097366,-117.2118,3.0,23.50734,0.2583545
-6.656942999999999,-99.13577,3.0,30.59848,0.4580235
-10.47151,-74.4202,3.0,37.184259999999995,0.455006
-7.84656,-44.57717,3.0,43.49346,0.4540491
-3.6230919999999998,-11.576889999999999,3.0,42.5928,-0.4755058
-4.247711,10.97564,3.0,15.070110000000001,-1.021506
-4.961776,15.641779999999999,3.0,6.302727,1.4048100000000001
-6.644188000000001,23.41552,3.0,14.974860000000001,0.581808
-12.994760000000001,35.72293,3.0,22.63092,0.4950059
-30.038220000000003,44.438109999999995,3.0,29.471190000000004,0.19039270000000003
-54.18151999999999,44.66145,3.0,36.12791,0.5264521
-83.44456,43.705709999999996,3.0,42.81625,0.47411320000000007
-116.9426,40.97575,3.0,45.26475,-0.327942
-145.746,32.52937,3.0,37.29378,-0.6926779000000001
-146.0581,9.514422999999999,3.0,33.99606,0.18869129999999998
-145.1249,-16.62779,3.0,38.77235,0.44527910000000004
-145.8071,-46.40194,4.0,35.31881,-2.705498
-159.2122,-54.30874,4.0,19.41439,0.27155290000000004
-168.0373,-62.82552,4.0,20.20129,0.2284203
-154.984,-72.45158,4.0,25.95823,0.4205642
-133.5701,-74.62691,4.0,32.385529999999996,0.4754420999999999
-113.4104,-90.53473000000001,4.0,37.970240000000004,0.38557859999999994
-111.7797,-117.3063,4.0,37.35889,0.08548245
-132.36700000000002,-132.7828,4.0,34.57246,-0.3599054
-145.0234,-116.82600000000001,4.0,30.00972,0.1913076
-150.6919,-99.1593,4.0,17.760189999999998,-0.5297523000000001
-162.6862,-103.8308,4.0,22.06387,0.4526227
-168.1288,-121.7201,4.0,29.1053,0.5303959
-170.5252,-145.7719,4.0,36.07882,0.4638644
-167.851,-174.8729,4.0,42.733129999999996,0.48067669999999996
-164.7434,-208.7268,4.0,49.01145,0.2090621
-162.4044,-243.31099999999998,4.0,35.09061,-3.273768
-152.0338,-255.3835,4.0,18.29407,-0.30433340000000003
-136.1015,-257.1884,4.0,24.83124,0.07937564
-127.15100000000001,-239.9652,4.0,30.19608,0.2604001
-126.8388,-215.4498,4.0,36.438629999999996,0.24373499999999998
-126.3302,-186.9268,4.0,39.709959999999995,-0.45720730000000004
-105.1006,-178.0727,4.0,29.13826,-0.8103234
-102.3949,-193.1232,4.0,21.32241,-0.04158403
-114.6427,-200.5665,4.0,8.426739,-1.829618
-114.5551,-201.5559,4.0,0.001110563,0.002077387
-114.1938,-201.6518,4.0,2.700423,0.4937643
-110.6969,-200.7516,4.0,7.054264999999999,0.01827145
-109.681,-198.1892,4.0,0.2989873,0.2338521
-109.3287,-201.158,4.0,7.670503,0.5226930000000001
-107.6704,-209.2627,4.0,14.519229999999999,0.4840325
-105.5321,-222.2299,4.0,20.92363,0.4392677
-105.8164,-239.9517,4.0,26.84548,0.4135943
-101.4112,-260.8044,4.0,31.45751,0.2584012
-81.11701,-272.085,4.0,33.948479999999996,0.2690336
-56.63633000000001,-263.3515,4.0,37.270109999999995,0.03894131
-49.279090000000004,-237.4864,4.0,38.91442,0.3585162
-45.021770000000004,-207.5541,4.0,43.170790000000004,0.3396813
-28.80805,-178.7611,4.0,46.39717,0.2207814
-4.063472,-156.8262,4.0,35.76121,-2.256522
9.131886,-144.2054,4.0,19.53229,-0.46457209999999993
12.262739999999999,-132.14700000000002,4.0,20.732020000000002,0.5989463
1.8145959999999999,-117.3252,4.0,27.39118,0.19125279999999997
-7.436664,-97.33847,4.0,32.48873,0.37518029999999997
-10.59494,-71.64560999999999,4.0,37.54343,0.1707974
-7.143733999999999,-42.28549,4.0,42.31962,0.37168520000000005
-1.8248119999999999,-9.641181,4.0,46.91216,0.2802386
-6.584950999999999,24.76601,4.0,38.21833,-4.239705000000001
-20.61399,40.3764,4.0,30.04471,0.30796999999999997
-44.12767,43.81208,4.0,34.806999999999995,0.3948696
-71.79691,43.28641,4.0,39.9116,0.1797226
-103.0822,41.90007,4.0,43.665409999999994,-0.03036105
-132.0349,38.49539,4.0,27.952009999999998,-2.000477
-143.1282,33.10263,4.0,17.46867,0.2036717
-148.0258,19.04951,4.0,23.244229999999998,0.3831742
-145.7339,-0.08872814,4.0,28.93911,0.20448770000000002
-141.6199,-23.24578,4.0,34.286590000000004,0.34123159999999997
-147.4155,-45.8811,5.0,27.341929999999998,-0.33746220000000005
-164.8436,-56.33022,5.0,28.534570000000002,-1.169389
-164.8491,-69.16872,5.0,18.22155,-0.6701684
-152.0747,-70.42278,5.0,20.894579999999998,0.21365189999999998
-134.7921,-74.32529,5.0,26.8924,0.41360169999999996
-115.6083,-84.36585,5.0,31.81527,0.2963471
-107.9845,-106.7834,5.0,34.58746,0.1280559
-118.1625,-128.7845,5.0,31.99243,0.1232952
-137.1501,-131.2388,5.0,22.3284,-0.3911719
-144.1902,-115.1098,5.0,26.8593,0.3256068
-157.9991,-100.4954,5.0,25.247339999999998,-1.0714290000000002
-165.0526,-108.4144,5.0,16.682660000000002,-0.2853613
-166.0732,-122.26299999999999,5.0,22.71602,-0.1522333
-167.9891,-143.7683,5.0,38.18994,1.413374
-166.7076,-176.8308,5.0,48.0649,0.3760558
-164.2769,-213.4547,5.0,44.34897,-1.276706
-163.6422,-234.7823,5.0,20.465239999999998,-0.2216913
-161.2118,-247.713,5.0,15.060870000000001,-0.40980249999999996
-153.0623,-256.7909,5.0,21.59414,0.8821665000000001
-135.5516,-257.406,5.0,28.71643,0.33476009999999995
-125.6095,-234.8606,5.0,39.33106,0.29032859999999994
-128.0263,-205.4527,5.0,33.8576,-1.3046520000000001
-127.0062,-188.9526,5.0,17.759179999999997,-0.4697987
-117.0527,-182.1392,5.0,20.551660000000002,0.7369425000000001
-103.5266,-190.9306,5.0,25.433020000000003,0.37358909999999995
-102.9184,-212.8608,5.0,34.42745,0.5636773
-105.4474,-239.6503,5.0,36.31746,-0.35386740000000005
-101.6952,-262.8539,5.0,28.056259999999998,-0.3338627
-81.73219,-272.0736,5.0,32.76088,0.293428
-58.030280000000005,-264.1584,5.0,35.77812,0.009899215
-49.02251,-238.7766,5.0,38.97396,0.34210999999999997
-44.676190000000005,-208.3732,5.0,43.7662,0.32944609999999996
-30.72904,-178.05700000000002,5.0,46.86564,0.22142089999999998
-6.901177000000001,-158.5977,5.0,21.98027,-3.90666
1.7726950000000001,-152.9455,5.0,11.18374,-0.3136427
7.043392,-148.7567,5.0,7.240717,0.07971279
11.161660000000001,-144.0227,5.0,11.58504,0.4792282
12.83688,-133.5203,5.0,17.78818,0.44628450000000003
5.196349,-120.334,5.0,23.72922,0.41094620000000004
-4.865325,-103.5555,5.0,29.27562,0.19863139999999999
-10.23714,-80.48586999999999,5.0,34.592690000000005,0.3700952
-8.74981,-53.2203,5.0,39.419259999999994,0.1737392
-3.171231,-22.6757,5.0,44.2201,0.16551470000000001
-2.1174720000000002,9.277841,5.0,35.90641,-1.578683
-6.4794540000000005,24.55965,5.0,9.617519999999999,-0.30570970000000003
-11.2574,33.41529,5.0,17.56931,0.45495050000000004
-23.305629999999997,42.27029,5.0,23.38075,0.2030289
-42.30862,45.30727,5.0,28.91415,0.1903278
-65.77622,44.89931,5.0,34.423970000000004,0.3814183
-93.21956999999999,43.6527,5.0,39.59171,0.3682776
-122.5066,40.72636,5.0,35.84483,-0.5386243000000001
-139.7153,36.35127,5.0,21.331310000000002,0.3657469
-147.5607,20.947,5.0,26.46704,0.38871859999999997
-145.6831,-0.3603828,5.0,31.684309999999996,0.4038679
-141.8449,-25.52005,5.0,34.23435,-1.614061
-145.0219,-42.52425,6.0,12.44933,-0.3321381
-151.8311,-52.007259999999995,6.0,19.995179999999998,-0.5417890999999999
-163.2384,-57.13864,6.0,14.025329999999999,-0.43356579999999995
-165.44799999999998,-66.28499000000001,6.0,17.44436,0.7212619
-151.4607,-72.6873,6.0,27.76238,1.151641
-127.0715,-76.36751,6.0,39.07458,0.6703293
-108.9162,-98.4108,6.0,37.51315,-0.3156387
-115.9455,-116.2513,6.0,12.103760000000001,0.1295846
-119.0779,-125.2243,6.0,18.03479,0.9698024
-128.5725,-134.0227,6.0,18.20358,0.2368401
-142.0411,-127.8535,6.0,23.61024,0.1518866
-146.3,-109.4186,6.0,20.92951,-2.603813
-151.2381,-103.4937,6.0,7.9807820000000005,0.2675876
-159.6569,-100.6092,6.0,16.5032,0.47143199999999996
-166.7344,-109.4362,6.0,19.21445,0.8901148000000001
-168.0099,-128.6683,6.0,32.83647,0.4733697
-168.6511,-157.7536,6.0,44.94393,0.8107687
-166.2611,-194.7609,6.0,55.009780000000006,0.6647249
-163.5123,-232.7596,6.0,45.62481,-1.2799209999999999
-155.0089,-256.8873,6.0,27.524440000000002,-1.105484
-138.2006,-256.4929,6.0,19.60436,-0.4669996
-127.5288,-245.1186,6.0,25.16646,0.3564111
-124.9675,-224.713,6.0,30.551509999999997,0.3760491
-128.5857,-200.3587,6.0,35.73969,0.3338513
-123.7059,-183.1139,6.0,16.223029999999998,0.22448130000000002
-109.7084,-185.3037,6.0,22.4509,0.30321090000000006
-102.7704,-201.7764,6.0,27.335209999999996,0.4174482
-103.9799,-224.0327,6.0,32.79099,0.4106576
-105.6518,-250.1371,6.0,37.78902,0.1583091
-91.16071,-272.025,6.0,36.20154,-0.03412442
-68.44479,-269.2164,6.0,27.090490000000003,-0.575395
-53.12216,-261.217,6.0,23.14646,0.24715399999999998
-47.58791,-241.7192,6.0,30.82873,0.3794377
-44.235459999999996,-217.1038,6.0,36.17646,0.1797716
-39.12539,-189.063,6.0,40.562,0.06747048
-17.48809,-167.9089,6.0,42.14502,-1.3999219999999999
-0.5071055999999999,-155.0647,6.0,14.5893,-0.1895812
6.844258,-149.1643,6.0,12.07885,-0.001883898
12.324489999999999,-140.7469,6.0,16.61399,0.626741
9.224243,-126.1184,6.0,25.18081,0.7161788
-4.647889,-107.0006,6.0,39.01567,0.4738975
-9.62541,-73.62691,6.0,52.21841,0.9491706
-4.940638,-31.26517,6.0,60.9039,0.29621390000000003
-2.70938,10.496410000000001,6.0,41.76736,-3.427687
-8.898534,28.94548,6.0,20.74611,0.4280888
-21.1211,41.48483,6.0,28.54818,0.8058841999999999
-46.42002,45.34536,6.0,41.92573,1.128814
-82.96179000000001,43.91446,6.0,56.325669999999995,0.9683353000000001
-119.609,40.82114,6.0,26.715429999999998,-3.452149
-131.02700000000002,38.59554,6.0,12.412519999999999,0.1350567
-143.5802,33.18778,6.0,23.49619,0.09794568
-147.571,15.084760000000001,6.0,28.13281,0.3971987
-144.1341,-7.509685,6.0,33.61675,0.39162440000000004
-141.8722,-33.34621,7.0,5.4896970000000005,0.3014733
-142.5692,-39.98591,7.0,12.45165,0.25376679999999996
-148.6295,-49.58615,7.0,18.61826,0.425175
-162.8642,-56.3849,7.0,24.0882,0.7651646
-167.7669,-69.66055,7.0,16.5239,-0.25121689999999997
-158.9225,-76.89635,7.0,17.344089999999998,0.12481189999999999
-145.2081,-74.27847,7.0,20.11409,-0.05406592
-129.7587,-74.02632,7.0,22.61008,0.21656799999999998
-113.9817,-85.01948,7.0,30.08977,0.3389871
-108.3865,-107.23299999999999,7.0,33.68801,0.1298328
-122.5142,-127.9679,7.0,36.41417,0.2091901
-145.5579,-127.6803,7.0,24.103270000000002,-0.8731257
-144.6296,-117.9671,7.0,10.271939999999999,-0.34694440000000004
-144.2446,-108.3327,7.0,17.74798,-0.007186583000000001
-154.1461,-101.4029,7.0,17.88443,0.6102233
-165.5446,-109.2124,7.0,20.17474,-0.180242
-165.9134,-124.3325,7.0,22.82731,0.27565959999999995
-167.8955,-144.9572,7.0,34.724090000000004,1.071152
-169.7,-175.7012,7.0,48.00528,0.8395494000000001
-169.9023,-214.8181,7.0,52.81097,-0.8913924000000001
-163.4121,-246.4923,7.0,32.65332,-0.4652661
-145.9323,-254.4773,7.0,22.97822,-0.49267959999999994
-130.4872,-249.6671,7.0,22.95504,0.1809354
-125.786,-231.4044,7.0,30.876079999999998,0.3912866
-126.1493,-206.4872,7.0,36.26885,0.3639906
-122.2877,-181.9775,7.0,21.63776,-2.359487
-112.2355,-182.5927,7.0,17.941229999999997,0.2773594
-109.2562,-197.5112,7.0,23.74961,0.4333566
-108.7799,-217.2751,7.0,29.5905,0.4036824
-108.13,-241.2184,7.0,34.91238,0.3133417
-96.25272,-264.9568,7.0,38.10546,0.08687284
-69.37794,-272.0923,7.0,39.392759999999996,0.001050893
-50.60541,-251.7382,7.0,39.67398,0.1679766
-48.369279999999996,-220.9375,7.0,43.983779999999996,0.2992958
-34.173840000000006,-191.4377,7.0,46.48417,0.1594056
-9.507152,-164.8093,7.0,51.02908,0.314706
8.584456,-136.4771,7.0,32.13906,-1.8801299999999999
3.9385220000000003,-118.762,7.0,27.846009999999996,0.5156228
-5.7794099999999995,-98.15101999999999,7.0,36.16642,1.0878729999999999
-2.5901549999999998,-65.09671,7.0,53.7745,0.5925329
-0.8868543,-19.482029999999998,7.0,68.75652,0.7779158
-4.286548000000001,26.2834,7.0,49.613890000000005,-2.9420580000000003
-22.16333,42.03079,7.0,29.638609999999996,0.5534168
-48.724140000000006,40.615590000000005,7.0,40.182759999999995,0.181255
-80.35361,40.42264,7.0,44.99275,0.1630002
-115.3828,41.38704,7.0,49.49436,0.31767049999999997
-144.9186,32.6908,7.0,29.88027,-0.5776505
-145.9375,11.7079,7.0,31.37691,0.1882905
-145.1366,-13.582329999999999,7.0,36.6968,0.1798898
-147.57299999999998,-42.38527,8.0,40.43309,-0.3132212
-165.5208,-60.01492,8.0,24.5064,-1.779564
-165.0687,-74.97838,8.0,25.66574,0.22929360000000001
-145.502,-78.02199999999999,8.0,30.18443,0.3915845
-122.89299999999999,-82.05675,8.0,33.334540000000004,0.1198305
-110.7631,-104.109,8.0,36.42082,0.177532
-122.0978,-127.694,8.0,37.57501,0.05181164
-144.6369,-129.5663,8.0,16.8238,-1.363687
-145.5659,-126.7451,8.0,5.956696,0.5165867999999999
-141.8792,-121.0219,8.0,12.80142,0.47015109999999993
-145.138,-110.0426,8.0,18.92475,0.2323839
-158.336,-102.3483,8.0,23.341639999999998,0.09808197
-167.8088,-115.1677,8.0,25.46228,0.3916739
-166.7198,-136.0943,8.0,30.93579,0.3894655
-170.7179,-160.6182,8.0,36.18482,0.357548
-169.8618,-189.2142,8.0,40.95965,0.1677141
-168.7817,-221.3023,8.0,45.702220000000004,0.33570209999999995
-159.3592,-252.2538,8.0,39.51876,-0.4389915
-136.4477,-252.9907,8.0,27.630159999999997,-0.5683519
-127.0583,-233.9392,8.0,32.103609999999996,0.1683117
-127.3642,-208.2385,8.0,37.318870000000004,0.37370679999999995
-121.7478,-182.3091,8.0,26.45375,-1.338496
-110.2639,-182.3479,8.0,17.17324,0.3398639
-107.0576,-196.5597,8.0,22.92297,0.2168032
-106.4791,-215.8217,8.0,28.83158,0.4022145
-105.667,-239.2107,8.0,34.30219,0.1759667
-96.52544,-263.8812,8.0,37.57423,0.06619320000000001
-70.74481,-272.2416,8.0,38.43731,-0.02409539
-50.11142,-253.4691,8.0,39.65015,0.10775239999999998
-46.47319,-223.0065,8.0,43.84799,0.1702808
-35.839040000000004,-192.11,8.0,45.51702,0.08635432
-10.99698,-167.0761,8.0,49.81194,0.3050678
8.194391,-137.0256,8.0,41.57455,-1.717757
0.36806659999999997,-113.0605,8.0,37.29699,0.5962895
-5.685613,-86.04432,8.0,40.186440000000005,0.3683172
-1.61858,-54.75281,8.0,44.872820000000004,0.25392929999999997
-1.47997,-19.8717,8.0,49.32987,0.1504973
-2.958799,18.349079999999997,8.0,52.53784,-0.725431
-18.92399,42.14363,8.0,26.7157,-2.521303
-26.24359,40.6007,8.0,5.729115,0.5112407999999999
-30.86529,36.99297,8.0,12.06988,-0.05706107
-39.412290000000006,43.98195,8.0,18.46869,0.23182929999999996
-48.02135,48.587070000000004,8.0,0.8151135,-1.337524
-48.0151,48.58746,8.0,0.0314116,-0.02264103
-48.45636,46.479659999999996,8.0,5.004735,0.19184600000000002
-47.15213,43.290890000000005,8.0,1.990977,-0.5748278
-49.13332,44.744240000000005,8.0,8.037987,0.32955559999999995
-58.01438,46.25931,8.0,16.757479999999997,0.6042788
-73.46484,44.46883,8.0,25.03742,0.6089159000000001
-94.77744,42.08355,8.0,32.79739,0.5237831000000001
-121.6516,44.3221,8.0,39.68867,0.3312384
-143.7256,28.915,8.0,38.41725,0.08155166
-144.7341,-2.120747,8.0,46.26565,0.26883870000000004
-141.91299999999998,-33.57739,9.0,3.107511,-0.03251529
-142.2207,-35.6674,9.0,4.416828,0.9501915000000001
-144.7723,-43.35651,9.0,14.353879999999998,-0.1093091
-150.7858,-50.611999999999995,9.0,11.571810000000001,-0.09803098
-159.9372,-53.86019,9.0,13.55599,-0.2111553
-166.503,-59.31361,9.0,10.47517,-0.10380719999999999
-164.5279,-68.47731,9.0,19.11362,0.930053
-151.4548,-73.627,9.0,17.79196,-0.2753776
-139.51,-72.83803,9.0,14.9328,0.1911326
-124.2011,-77.16348,9.0,25.35511,0.08295175
-110.7579,-90.49718,9.0,26.29148,0.03067819
-107.3632,-108.5415,9.0,20.385820000000002,-2.604994
-109.69,-117.9051,9.0,11.12337,-0.16827
-115.2523,-128.2315,9.0,21.642879999999998,0.0887433
-128.096,-135.0203,9.0,17.95873,-0.1615242
-139.3608,-131.445,9.0,15.760670000000001,0.08826061
-146.3793,-117.4644,9.0,26.00236,0.5830375
-153.7793,-101.12200000000001,9.0,16.65855,-0.367311
-163.2279,-101.5217,9.0,12.247810000000001,0.001252214
-167.36700000000002,-114.4902,9.0,26.09473,1.0513299999999999
-168.675,-139.0015,9.0,39.703379999999996,0.9189478999999999
-168.3447,-171.2754,9.0,46.0509,0.29270240000000003
-164.8729,-205.8794,9.0,45.30747,-0.641205
-162.7841,-235.8191,9.0,32.72672,-1.990491
-156.2602,-254.1049,9.0,23.439120000000003,-0.3871791
-142.5586,-260.3576,9.0,18.21406,-0.2031361
-130.7118,-251.81400000000002,9.0,26.31568,1.1159709999999998
-124.9442,-228.2835,9.0,37.40555,0.2462763
-128.3485,-203.0602,9.0,26.479190000000003,-1.643246
-128.0968,-189.7122,9.0,14.419279999999999,-0.220597
-121.6852,-182.1034,9.0,16.967879999999997,0.7423738000000001
-108.5311,-184.3622,9.0,17.29683,-0.16175870000000003
-102.8749,-194.3506,9.0,18.39487,0.5674123000000001
-103.0465,-213.5696,9.0,32.46915,0.6619678000000001
-106.0593,-240.1599,9.0,37.27475,-0.1832132
-99.78891,-265.3652,9.0,33.95478,-0.15944860000000002
-77.72604,-272.9999,9.0,32.743790000000004,-0.05564684
-56.53066,-262.9653,9.0,32.01998,0.1271163
-48.35915,-239.6049,9.0,35.25566,0.1885441
-44.20176,-212.8958,9.0,36.427859999999995,-0.166271
-37.99283,-188.0143,9.0,32.45166,-0.2017744
-24.15971,-171.2002,9.0,26.528259999999996,-0.3593177
-9.601039,-160.8728,9.0,21.86678,-0.09446042
2.976152,-152.5205,9.0,18.45586,-0.2647286
11.91938,-141.8033,9.0,21.73603,0.2191115
8.178728,-124.6639,9.0,27.4748,0.2929791
-4.823048,-107.7349,9.0,29.61198,0.006819537
-10.41923,-86.30165,9.0,30.31075,0.05264546
-10.57483,-62.58883,9.0,34.17423,0.1659221
-6.537163,-36.95899,9.0,35.73167,0.033322500000000005
-2.312383,-10.43245,9.0,36.732490000000006,0.02221357
-3.5995589999999997,13.460239999999999,9.0,26.49472,-0.683739
-8.294881,29.2752,9.0,19.18723,-0.2914865
-20.02965,41.1108,9.0,27.3587,0.2508709
-42.30937,45.076190000000004,9.0,34.26211,0.5399799
-70.32274,43.9941,9.0,41.449220000000004,0.5229709
-103.6273,43.068259999999995,9.0,48.092290000000006,0.2326624
-135.8613,38.44178,9.0,34.30849,-0.7774073
-146.9111,17.86288,9.0,34.998490000000004,0.1991601
-141.5245,-10.158339999999999,9.0,41.68229,0.4361447
-143.9487,-35.58998,10.0,19.424879999999998,-1.037968
-148.9442,-47.65314,10.0,20.6179,0.1438286
-160.17700000000002,-55.2856,10.0,16.71645,-0.1297745
-167.1323,-62.830369999999995,10.0,13.243020000000001,0.198526
-160.5042,-72.40416,10.0,17.892529999999997,-0.202705
-147.1422,-72.50178000000001,10.0,18.64467,-0.1021346
-133.8874,-73.87076,10.0,21.02061,1.325796
-116.6927,-82.40218,10.0,29.661579999999997,0.49896899999999994
-107.1425,-103.7845,10.0,35.306779999999996,0.3937511
-114.7866,-126.9366,10.0,25.41545,-0.5457261999999999
-129.7309,-133.773,10.0,20.07169,-0.17571470000000003
-141.6391,-128.678,10.0,18.94899,0.3048815
-146.6945,-112.6508,10.0,24.45007,-0.18779179999999998
-150.9413,-103.9534,10.0,4.026476000000001,0.4326339
-157.0233,-100.5558,10.0,13.62478,0.49713549999999995
-166.37900000000002,-107.0285,10.0,19.7816,0.48389440000000006
-168.1626,-124.1969,10.0,26.846190000000004,0.5310555
-168.9211,-146.7258,10.0,34.19207,0.3276741
-168.2748,-173.25599999999997,10.0,37.81146,0.13763989999999998
-165.8735,-202.1794,10.0,39.47763,-0.34140790000000004
-164.0482,-228.4442,10.0,31.78073,-0.266192
-160.6254,-248.9258,10.0,24.63999,-0.2775167
-148.2776,-259.0573,10.0,22.443360000000002,0.5089487
-132.5365,-254.2585,10.0,24.02044,0.11544360000000002
-125.2243,-236.5435,10.0,27.784409999999998,0.21100259999999998
-126.2594,-214.9151,10.0,30.622970000000002,-0.2402413
-127.9089,-196.4613,10.0,17.41817,-0.16127529999999998
-126.4422,-185.4366,10.0,12.862910000000001,-0.1847445
-117.6891,-181.8928,10.0,16.21171,0.5040797
-105.7717,-186.6686,10.0,17.90909,0.04544886
-103.0926,-200.0929,10.0,20.14114,0.1875825
-104.0663,-215.8527,10.0,21.8105,0.02002469
-105.3663,-232.5909,10.0,25.5225,0.2674761
-105.5264,-253.6299,10.0,29.935470000000002,-0.0026361659999999997
-93.34794000000001,-270.9132,10.0,31.82368,0.7524398
-67.50131999999999,-270.2475,10.0,38.30298,0.09714945
-50.205870000000004,-249.7846,10.0,39.04168,0.4667179
-45.85887,-218.9339,10.0,43.94631,0.03318442
-38.40978,-190.1286,10.0,35.77898,-0.6005728
-24.14102,-171.6888,10.0,28.14465,-0.24294539999999998
-9.587361999999999,-161.167,10.0,15.976720000000002,-0.9641928
-0.8876050999999999,-155.1168,10.0,18.50939,0.9124507
10.19086,-145.6468,10.0,19.08974,0.1099297
11.63288,-129.3269,10.0,27.15563,0.1383841
-2.8713040000000003,-112.555,10.0,32.74322,0.35724240000000007
-9.97537,-88.22592,10.0,32.89562,-0.280095
-9.797532,-64.31357,10.0,34.7825,0.490875
-6.614186,-36.341,10.0,41.05656,0.4524098
-2.006764,-4.115918,10.0,46.73895,0.1710644
-8.002117,29.978440000000003,10.0,43.99869,-0.9085963
-34.97952,44.72845,10.0,44.58165,0.3144882
-69.79862,44.224,10.0,49.69157,0.4128986
-108.384,41.95426,10.0,53.58289,-0.6433722
-140.2749,35.50246,10.0,39.187329999999996,-0.08215135
-147.186,10.89626,10.0,37.53273,0.1937573
-141.4616,-18.21171,10.0,42.69962,0.33659029999999995
-148.0524,-43.86528,11.0,34.77844,0.3705055
-166.9743,-62.78423000000001,11.0,35.64509,-0.8024915
-165.8478,-80.14137,11.0,20.055229999999998,0.2002174
-153.2649,-73.36171999999999,11.0,23.797539999999998,0.42416149999999997
-135.588,-71.86036,11.0,28.16872,0.45449989999999996
-117.0501,-85.22885,11.0,31.222929999999998,-0.3720563
-109.0026,-106.6636,11.0,34.386559999999996,0.3145157
-119.0147,-128.1059,11.0,27.75109,-0.5703895
-138.2211,-130.7641,11.0,30.45528,0.33642209999999995
-144.9777,-109.5804,11.0,28.550359999999998,-1.722314
-151.0902,-101.2821,11.0,14.89945,1.2387700000000001
-164.5501,-105.4205,11.0,23.76954,0.2261967
-166.1794,-124.5697,11.0,29.552970000000002,0.24772329999999998
-167.7648,-148.8196,11.0,36.01295,0.4784071
-167.2996,-177.6251,11.0,42.0056,0.4612840999999999
-164.2731,-210.8053,11.0,47.83023,0.4187857
-161.0796,-244.075,11.0,38.010329999999996,-0.7260579
-146.1009,-259.5756,11.0,29.60192,0.3094869
-128.8033,-249.5087,11.0,30.57167,0.4054868
-125.2732,-224.7142,11.0,36.694309999999994,0.2031542
-127.9835,-197.0618,11.0,34.31302,-0.5524897
-116.7932,-179.6222,11.0,26.49837,-0.1800996
-107.0733,-192.0425,11.0,25.810979999999997,0.5130239999999999
-105.9132,-213.4708,11.0,32.27584,0.4538182
-107.1472,-239.5587,11.0,38.35405,0.41770150000000006
-98.11501,-267.0083,11.0,40.696870000000004,-0.2077824
-70.02335,-270.817,11.0,41.45234,0.15146500000000002
-49.52925,-250.3041,11.0,41.78273,0.4273002
-44.27143,-217.5463,11.0,47.50546,0.1936993
-33.69299,-182.5729,11.0,51.44785,0.1611325
-7.7529770000000005,-161.0118,11.0,36.301520000000004,-1.510608
9.756475,-145.2799,11.0,28.03254,-0.6433932
10.140080000000001,-127.7674,11.0,24.44192,0.22472039999999996
-2.142429,-111.3779,11.0,30.8893,0.3971518
-9.209002,-87.48495,11.0,36.879090000000005,0.45139529999999994
-9.545639,-57.98763,11.0,42.76494,0.34968720000000003
-3.7110269999999996,-24.702939999999998,11.0,48.467490000000005,0.3912394
-3.105826,12.90346,11.0,53.117290000000004,0.30483140000000003
-21.65745,42.97507,11.0,46.62207,-0.23540070000000002
-56.18731,43.49006,11.0,49.27518,0.3946108
-94.62246,41.65267,11.0,54.63876,0.3727114
-133.0746,38.312870000000004,11.0,44.03407,-0.007023425
-150.0259,15.033529999999999,11.0,40.175940000000004,-0.03321882
-142.3792,-15.31845,11.0,44.60879,0.3080526
-147.4035,-45.54637,12.0,33.91485,-0.7559063
-165.4287,-56.17821,12.0,28.376859999999997,-0.3382594
-163.1893,-71.55714,12.0,23.90639,0.07730711
-143.709,-71.15739,12.0,29.61992,0.4431412
-121.0903,-78.80143000000001,12.0,35.36779,0.39222399999999996
-106.7272,-101.4665,12.0,39.00566,0.1585184
-114.9896,-123.6626,12.0,26.98295,-0.203894
-131.9192,-132.8819,12.0,23.38268,-0.24836
-145.2607,-124.70299999999999,12.0,24.8589,0.1661515
-149.5563,-105.0576,12.0,26.31895,-0.43946499999999994
-163.6841,-102.3002,12.0,19.9241,0.1563447
-167.61,-119.1012,12.0,30.66297,1.2842719999999999
-168.3975,-145.64,12.0,38.97964,0.4251174
-167.3493,-176.6367,12.0,44.63221,0.3869511
-165.2102,-211.745,12.0,50.2998,0.3859227
-161.1255,-247.4063,12.0,43.141729999999995,-1.219767
-140.9154,-257.5843,12.0,26.59856,-0.5336781
-128.863,-240.1285,12.0,32.07289,0.218404
-125.5811,-214.4636,12.0,37.91599,0.3926671
-127.8643,-188.6412,12.0,32.7825,-0.401355
-110.5602,-181.372,12.0,26.221320000000002,-0.2328364
-108.9722,-198.6186,12.0,27.607429999999997,0.4623441
-110.1592,-221.2089,12.0,33.91988,0.22257470000000004
-106.9296,-248.5685,12.0,40.17875,0.39848890000000003
-89.51657,-271.2247,12.0,39.41642,-0.13741589999999998
-59.980619999999995,-266.6603,12.0,43.13835,0.1392515
-45.624190000000006,-243.2184,12.0,35.01699,-0.3421692
-53.75068,-222.7478,12.0,20.42898,-1.506593
-53.110769999999995,-216.3492,12.0,5.599648999999999,0.0077257459999999995
-53.2413,-215.2264,12.0,3.024921,0.6430911
-49.48775,-218.7385,12.0,11.03237,0.24355320000000003
-42.52159,-212.5839,12.0,15.075529999999999,-0.2986282
-41.656909999999996,-202.5338,12.0,15.09397,1.0211299999999999
-38.81858,-187.8128,12.0,23.99726,0.4120356
-26.74868,-171.8736,12.0,30.47162,0.4579648
-5.732566,-158.5123,12.0,36.86007,0.4563503
11.830160000000001,-138.6436,12.0,32.451229999999995,-0.9709674
4.640874,-118.4375,12.0,33.593720000000005,1.249703
-8.983628,-90.94461,12.0,49.12064,0.571642
-8.545885,-52.004459999999995,12.0,55.172959999999996,0.3679866
-2.394063,-9.839211,12.0,59.9138,0.1461539
-7.012911,26.0366,12.0,31.20522,-0.6052526
-24.749579999999998,43.74224,12.0,36.97067,0.12188230000000001
-53.47478,44.43626,12.0,41.77074,0.19830799999999998
-86.53208000000001,44.26965,12.0,47.45915,0.39679970000000003
-123.1926,40.45684,12.0,49.36417,-0.2180857
-152.6073,25.44389,12.0,43.308009999999996,-0.6004282
-153.5045,12.66987,12.0,5.116332,-0.9524860999999999
-151.1685,12.616019999999999,12.0,7.890047,0.5573373
-146.6135,5.874964,12.0,15.56499,0.5400534
-145.5115,-8.433287,12.0,22.95271,0.5415823000000001
-142.17600000000002,-27.76795,12.0,29.9,0.4611692
-142.3855,-36.64642,13.0,9.172811,0.2901764
-146.4466,-45.39829,13.0,16.93742,0.5275993
-158.936,-53.81089,13.0,24.04354,0.46867020000000004
-166.9939,-68.06231,13.0,20.5248,-0.3017066
-157.1293,-76.14690999999999,13.0,18.81746,0.41898739999999995
-142.2418,-73.02095,13.0,19.883370000000003,-0.3796091
-127.4144,-73.65881999999999,13.0,23.71865,0.502498
-111.8756,-85.39819,13.0,29.68696,0.44359560000000003
-107.1608,-108.3795,13.0,34.65851,0.2797031
-122.9066,-129.3721,13.0,38.43608,0.20683600000000002
-144.8153,-127.8845,13.0,20.26251,-1.655962
-143.363,-122.8235,13.0,7.960288,0.5886121999999999
-138.3945,-122.3237,13.0,2.410299,0.7271820999999999
-142.7844,-123.8967,13.0,9.842353,0.4026838
-145.5346,-128.8457,13.0,3.139495,-0.43886400000000003
-145.2552,-127.4482,13.0,6.610474000000001,0.6425812
-141.4948,-120.2457,13.0,15.1538,0.29947979999999996
-141.7256,-106.8268,13.0,22.29172,0.24970229999999996
-156.5002,-97.94481,13.0,26.003220000000002,-0.46866369999999996
-166.9148,-110.5962,13.0,26.67329,0.8004719
-167.8097,-133.0629,13.0,33.89788,0.48495470000000007
-167.6255,-160.813,13.0,40.61667,0.2357254
-167.9729,-193.2631,13.0,46.97526,0.4647389
-167.8322,-230.2781,13.0,52.68716,0.05103884
-149.469,-256.8142,13.0,42.55273,-0.2137328
-127.9493,-247.7464,13.0,29.518929999999997,0.21377270000000004
-128.1772,-222.5677,13.0,39.36658,0.3423094
-127.6692,-193.2118,13.0,29.80268,-1.786686
-121.2273,-182.3902,13.0,14.144039999999999,0.09428042
-109.3792,-185.174,13.0,21.57088,0.22545460000000003
-104.7605,-202.6637,13.0,28.303109999999997,0.2488557
-107.5749,-226.0356,13.0,35.29999,0.5058442
-103.1871,-253.4861,13.0,40.6755,0.39619109999999996
-80.02356,-272.4464,13.0,42.62225,-0.0120236
-53.3746,-259.3651,13.0,42.51522,-0.0005199583
-48.68346,-227.3687,13.0,46.860009999999996,0.4418318
-40.89781,-196.261,13.0,42.817240000000005,0.3858054
-19.028489999999998,-170.7122,13.0,48.4836,0.19934520000000003
5.690275,-142.2036,13.0,50.15108,-0.7903691999999999
4.136504,-111.9244,13.0,35.94,-0.6764601
-8.965774,-94.65385,13.0,28.375999999999998,0.5394081000000001
-6.204571,-70.303,13.0,36.589529999999996,0.49710909999999997
-5.4100150000000005,-40.7411,13.0,43.18963,0.4427925999999999
-3.9594480000000005,-6.463902,13.0,49.35774,0.44617879999999993
-8.417093,29.97744,13.0,44.80803,-0.7643236
-29.1739,41.26393,13.0,24.07493,-1.8865470000000002
-35.053020000000004,32.57543,13.0,1.255239,-0.8862379000000001
-35.12791,32.58964,13.0,0.06841689,0.03199802
-35.17287,32.59579,13.0,0.15273370000000003,0.09680847
-34.27479,35.74566,13.0,8.505877,0.5059799
-32.55558,42.9911,13.0,7.0339160000000005,-0.7661868000000001
-32.30209,44.54792,13.0,2.4254830000000003,0.5872310000000001
-35.69894,41.41642,13.0,10.43425,0.26122199999999995
-45.78089,43.48125,13.0,17.75221,0.4834204000000001
-61.32493,45.26256,13.0,24.50414,0.2346882
-81.69032,42.4557,13.0,30.965090000000004,0.4484424
-106.8334,42.93667,13.0,36.87035,0.3974991
-134.7708,37.0678,13.0,39.735079999999996,-0.22348720000000002
-147.912,13.39315,13.0,39.269729999999996,0.3568
-144.9235,-17.47266,13.0,44.56886,0.1694233
-149.3004,-49.50653,14.0,37.83245,-1.088182
-163.361,-65.53115,14.0,23.120279999999998,-0.6130108
-150.4716,-75.69041,14.0,27.13253,0.2104314
-128.3933,-77.67743,14.0,32.49485,0.1288425
-111.0259,-95.6485,14.0,36.42246,0.1929184
-115.3937,-121.9539,14.0,38.643879999999996,0.1643727
-139.3822,-131.1933,14.0,29.449309999999997,-1.74987
-145.8425,-120.4944,14.0,4.705498,-1.558806
-146.4145,-119.3431,14.0,1.928416,-0.0043708209999999996
-147.2474,-118.3048,14.0,1.569022,-0.03256818
-148.3654,-117.5162,14.0,3.618679,0.3744406
-150.9517,-117.4762,14.0,0.8908084999999999,-0.6532281
-148.5693,-116.0811,14.0,8.168724000000001,0.31671540000000004
-144.5977,-108.1955,14.0,16.26654,0.2738672
-152.62,-97.27048,14.0,22.498520000000003,0.3358952
-166.9838,-104.8443,14.0,26.253590000000003,0.1518405
-166.5028,-126.3058,14.0,32.63765,0.24284360000000002
-166.7295,-153.0258,14.0,39.50665,0.47784909999999997
-166.9578,-184.7294,14.0,46.02404,0.48618779999999995
-166.9862,-221.0788,14.0,52.079809999999995,0.2044443
-155.3681,-251.8916,14.0,34.9546,-1.9390470000000002
-141.7188,-252.8615,14.0,6.311726,-0.5493155
-141.33700000000002,-249.9852,14.0,2.587622,-0.08530663
-137.8429,-247.9951,14.0,9.393211,0.2221063
-128.8948,-251.269,14.0,14.09956,-0.1506929
-121.4081,-248.94799999999998,14.0,9.657767,0.07580544
-122.8584,-238.987,14.0,18.40563,0.28191209999999994
-126.1272,-222.7713,14.0,26.16037,0.5567576
-127.70200000000001,-200.72299999999998,14.0,33.49715,0.5071651
-118.8595,-179.7124,14.0,29.8399,-0.8458876000000001
-105.5454,-188.0435,14.0,26.8827,1.179889
-107.1052,-215.0459,14.0,46.58937,0.7058139
-102.1289,-254.4129,14.0,55.534890000000004,-1.344298
-73.7074,-272.3568,14.0,46.0453,0.46041109999999996
-49.01148,-253.5866,14.0,43.188359999999996,-0.05449324
-49.27142,-220.3611,14.0,47.354279999999996,0.18285720000000003
-33.6958,-187.9566,14.0,51.4656,0.1670877
-5.122673000000001,-159.877,14.0,56.90249,0.3413354
9.856003999999999,-127.3991,14.0,34.84917,-1.232461
-1.482761,-110.2593,14.0,27.202240000000003,0.6827673000000001
-5.8502019999999995,-88.17208000000001,14.0,34.007529999999996,0.24824120000000002
-3.64678,-60.51866,14.0,40.84802,0.4735793
-2.290566,-27.821609999999996,14.0,47.2655,0.44041450000000004
-3.132519,9.387977000000001,14.0,53.25289,0.4176884
-17.83544,39.97408,14.0,43.61018,-0.2205859
-50.01072,40.846090000000004,14.0,46.61116,0.21426199999999998
-86.92664,40.17958,14.0,52.6568,0.42836320000000006
-126.5976,41.151109999999996,14.0,47.44789,-0.8821153
-145.2832,25.92598,14.0,20.10335,-2.752374
-143.9716,22.48471,14.0,4.882061,0.3382797
-141.3909,25.30309,14.0,3.445115,-0.8268905000000001
-142.55100000000002,23.71288,14.0,7.143846000000001,0.4667024
-148.2629,21.55912,14.0,6.491155,-0.4186028
-149.1395,21.81846,14.0,3.691472,0.6828661
-144.4874,17.93739,14.0,12.67448,0.31579450000000003
-140.8775,6.214748999999999,14.0,20.91394,0.5801947
-141.5711,-12.22268,14.0,28.875870000000003,0.5429506
-141.7963,-34.6187,1.0,5.920078,-0.04037475
-142.1827,-40.810970000000005,1.0,12.88296,0.653753
-148.2631,-51.602740000000004,1.0,21.25637,0.5921177
-162.2905,-63.33814,1.0,27.57292,-0.01261433
-153.5222,-76.84966999999999,1.0,24.11195,-0.2219346
-138.5852,-68.61253,1.0,15.09601,-0.3666176
-135.8673,-68.27815,1.0,0.02434618,4.458254e-05
-135.8485,-68.28098,1.0,0.02541416,0.00021910889999999999
-135.8309,-68.28329000000001,1.0,0.01597681,-0.008142504
-136.0371,-69.19815,1.0,4.299753,0.1050364
-135.7684,-72.53149,1.0,4.413776,-0.02415789
-135.986,-75.4393,1.0,3.567557,-0.03540939
-136.6661,-76.35414,1.0,2.736307,0.6557854000000001
-131.5638,-74.93414,1.0,11.69938,0.31706
-120.8556,-79.00479,1.0,19.477079999999997,0.5036275
-112.6812,-94.22704,1.0,27.22222,0.27199209999999996
-111.9489,-116.2204,1.0,33.29869,0.3946269
-130.6242,-133.1547,1.0,36.25343,-0.2211402
-146.8287,-123.4097,1.0,22.47029,0.1811529
-138.4226,-110.2145,1.0,14.21954,-1.2907549999999999
-138.4579,-108.71799999999999,1.0,0.02353776,0.003033684
-138.4587,-108.7353,1.0,0.0187138,-0.01057956
-139.7298,-108.2865,1.0,6.144331,0.22253850000000003
-144.982,-109.82600000000001,1.0,7.777603,-0.26587790000000006
-145.255,-109.9765,1.0,4.917175,0.6429374
-144.8362,-103.3248,1.0,13.3601,0.28625409999999996
-154.0453,-95.79365,1.0,17.90785,-0.2175848
-164.0096,-100.1147,1.0,14.35847,0.8979754000000001
-166.9368,-116.0445,1.0,29.260009999999998,0.8980013000000001
-169.3704,-141.0678,1.0,38.06475,0.478271
-163.3983,-168.6607,1.0,34.96379,-0.5740366
-167.7249,-191.8286,1.0,31.73453,1.306278
-166.8376,-220.3622,1.0,38.68035,-0.2823713
-162.466,-245.2782,1.0,29.362959999999998,-0.9098084000000001
-144.4225,-250.68599999999998,1.0,28.485,0.31615329999999997
-123.8261,-241.8451,1.0,29.715909999999997,-1.305977
-127.984,-226.2039,1.0,25.4332,0.4310152
-126.669,-211.0319,1.0,22.182579999999998,-0.17584660000000002
-123.6358,-197.8857,1.0,18.142,0.06061042
-123.1742,-186.357,1.0,14.40378,0.02235534
-111.7539,-186.981,1.0,17.811970000000002,-0.4015121
-110.2136,-198.3496,1.0,14.21584,-0.04847974
-109.8494,-209.8409,1.0,19.110429999999997,0.28760440000000004
-108.1138,-226.8212,1.0,26.90232,0.544445
-104.54799999999999,-249.1485,1.0,33.996520000000004,0.45909279999999997
-87.75555,-269.2141,1.0,38.32332,0.1006799
-60.63726,-265.1381,1.0,39.48087,-0.01205972
-51.98818,-237.9022,1.0,41.85995,0.45137570000000005
-43.27705,-206.5691,1.0,46.94952,0.19842100000000001
-20.761789999999998,-177.7051,1.0,52.41048,0.4526153
4.1698260000000005,-145.3297,1.0,57.899480000000004,0.3522387
11.3791,-110.9206,1.0,26.251720000000002,-1.593204
9.9641,-104.3489,1.0,0.9028434999999999,-0.02828698
9.810763,-104.27799999999999,1.0,1.088652,0.5120997
12.63492,-106.1656,1.0,7.346605,0.16633810000000002
17.92025,-107.0962,1.0,4.1264400000000006,-0.3758817
17.47329,-107.2416,1.0,5.120672,0.32136679999999995
11.05078,-109.9368,1.0,13.648929999999998,0.3129017
0.774476,-109.3499,1.0,17.565479999999997,0.17314670000000001
1.227296,-94.15139,1.0,24.32992,0.237564
-3.5509120000000003,-74.46725,1.0,30.944029999999998,0.466847
-5.719905000000001,-49.18945,1.0,37.59173,0.4994965
-6.438955,-18.943620000000003,1.0,44.009029999999996,0.45551179999999997
-6.684260000000001,15.893510000000001,1.0,49.94713,0.18898800000000002
-16.27125,42.84066,1.0,23.13627,-1.241867
-25.87595,40.62433,1.0,16.36364,0.5214608000000001
-39.90865,38.15696,1.0,23.38199,0.5488199
-59.77309,39.78905,1.0,30.5119,0.2475157
-84.96094000000001,39.60734,1.0,37.38949,0.49444620000000006
-115.0432,40.44484,1.0,43.8357,0.469161
-142.0966,34.44444,1.0,28.317870000000003,-2.043413
-141.5825,24.38896,1.0,8.098886,-0.1512483
-137.7515,24.26432,1.0,0.06499569,-0.009598854
-137.7517,24.21966,1.0,0.05388735,0.0006758138000000001
-138.8554,24.51115,1.0,5.176226,0.5310832
-144.9298,24.124029999999998,1.0,10.64795,0.29027040000000004
-150.8009,25.31225,1.0,3.313082,-0.6813624
-150.0249,24.85817,1.0,5.46186,0.3005473
-147.0414,18.80738,1.0,13.264579999999999,0.5021142
-151.5961,7.440148,1.0,19.91786,0.3555353
-148.8015,-9.002028999999999,1.0,26.10266,0.4750322
-146.0484,-30.52753,1.0,32.45284,0.21346260000000003
-156.455,-50.69465,2.0,32.65421,0.4077863
-166.0816,-68.24858,2.0,25.298560000000002,-0.9707084999999999
-156.4899,-71.0994,2.0,8.55005,-0.2901861
-155.7102,-68.52727,2.0,0.05831674,0.006524996
-155.67600000000002,-68.52831,2.0,0.05665572,0.1056579
-156.1742,-70.84271,2.0,5.296633,-0.02317437
-156.7181,-74.47889,2.0,4.6759129999999995,-0.03625534
-156.2791,-74.30168,2.0,5.400759,0.7012436
-149.3221,-73.12420999999999,2.0,14.26614,0.2856377
-138.2789,-80.81522,2.0,20.82319,-0.20521639999999997
-124.86200000000001,-84.20052,2.0,17.14344,-0.1471272
-113.3656,-95.87253,2.0,29.47059,0.8853325000000001
-114.2769,-117.7262,2.0,31.68389,0.301087
-133.3466,-130.7694,2.0,31.30685,-0.760342
-145.2804,-120.7263,2.0,20.16449,0.1245392
-139.2452,-106.5081,2.0,18.98766,-0.6980526
-151.8782,-101.6275,2.0,21.43628,-0.00988948
-161.0257,-110.1482,2.0,16.78441,0.03235927
-162.707,-122.5804,2.0,18.44216,0.28273309999999996
-165.3857,-139.0121,2.0,26.73371,0.2920998
-165.2712,-161.7267,2.0,34.45932,0.5497219
-165.6091,-190.0633,2.0,41.70572,0.23557820000000002
-165.8244,-223.4767,2.0,48.47335,0.4772681
-158.9018,-248.6518,2.0,21.61185,-0.48829170000000005
-141.2065,-251.9713,2.0,28.622629999999997,0.5729734000000001
-125.0871,-241.0248,2.0,25.53752,-0.5970339
-127.0484,-221.257,2.0,32.23522,0.5782285
-126.5279,-195.0492,2.0,36.62175,-1.851173
-120.506,-184.0657,2.0,11.388119999999999,0.6692034
-111.6667,-189.2097,2.0,18.51172,0.507057
-109.8935,-205.7849,2.0,26.54522,0.5662643
-107.5528,-228.1989,2.0,34.23274,0.2714219
-100.3969,-255.187,2.0,40.93507,0.36725009999999997
-76.178,-270.7545,2.0,40.25785,-0.06529395
-51.712309999999995,-254.2436,2.0,42.3195,0.07545942
-49.35284,-222.5749,2.0,45.847970000000004,0.41910690000000006
-35.89141,-190.4873,2.0,50.029959999999996,0.4350379
-8.905202000000001,-161.7775,2.0,56.17074,0.40841170000000004
8.946601,-130.9086,2.0,28.9978,-2.9740729999999997
1.177454,-118.6827,2.0,22.01277,0.596807
-6.408842,-101.8786,2.0,29.027179999999998,0.2620449
-6.628661999999999,-77.56792,2.0,36.55838,0.5283880999999999
-6.79157,-47.82533,2.0,43.6861,0.4937375
-7.196911999999999,-12.96911,2.0,50.355920000000005,0.46913590000000005
-7.921653999999999,26.19434,2.0,50.23115,-0.9958171
-22.68212,46.016329999999996,2.0,18.18436,-2.6510599999999998
-25.6566,44.86854,2.0,5.035985,0.48513420000000007
-29.23943,39.875890000000005,2.0,13.428139999999999,0.5948139
-41.10559,44.2021,2.0,21.53912,0.2954526
-59.096059999999994,45.47485,2.0,28.628109999999996,0.5631831
-82.97865,42.17468,2.0,36.18527,0.25287719999999997
-112.4063,41.191140000000004,2.0,43.28905,0.5033901
-144.0107,33.62947,2.0,38.23633,-2.004827
-149.955,19.1386,2.0,5.655124,-2.527141
-146.7171,19.34843,2.0,8.630776,0.5826292
-143.4275,11.45598,2.0,16.75205,0.2729237
-150.8099,-1.7974569999999999,2.0,23.963520000000003,0.1174725
-146.7418,-20.84545,2.0,30.17933,0.5027804
-142.4008,-36.87138,3.0,12.09805,-0.04847775
-145.4113,-44.93085,3.0,12.18829,0.37921750000000004
-154.5347,-52.659659999999995,3.0,16.36559,-0.1468628
-164.718,-56.13224,3.0,12.81741,-0.29972719999999997
-166.0688,-63.67451,3.0,9.697666,-0.07987776
-160.1955,-70.99379,3.0,17.064339999999998,0.5441678000000001
-145.0624,-71.77722,3.0,24.63363,0.5221418
-125.3117,-77.7036,3.0,28.69043,-0.2293956
-111.492,-90.58417,3.0,23.445829999999997,-0.1976167
-108.1553,-109.6066,3.0,27.48965,-0.2100711
-115.1347,-126.1915,3.0,21.920720000000003,-0.3727934
-129.1046,-133.6717,3.0,24.48799,0.21893769999999999
-142.8536,-125.3008,3.0,26.61338,0.9632849
-151.1524,-105.7942,3.0,24.67886,-1.5398049999999999
-163.3613,-106.2305,3.0,18.939610000000002,0.24273070000000002
-167.6754,-122.2187,3.0,26.59872,0.584909
-169.9064,-144.7211,3.0,34.26552,0.531669
-167.6419,-172.5909,3.0,41.29898,0.4854476
-165.8255,-205.6634,3.0,47.96954,0.47597449999999997
-163.5728,-241.7448,3.0,45.71056,-0.21731689999999998
-146.3961,-259.2338,3.0,27.77154,-0.48252269999999997
-130.3603,-247.4403,3.0,30.71448,0.01906369
-126.3319,-224.2108,3.0,35.55875,0.522148
-127.5186,-197.7332,3.0,34.04425,-0.32975859999999996
-118.4789,-178.9231,3.0,24.02712,0.1746448
-108.9046,-187.7198,3.0,22.18532,0.2688261
-107.3838,-206.234,3.0,29.183940000000003,0.5768121
-104.9328,-228.6994,3.0,29.271440000000002,-0.4160316
-106.0472,-250.0358,3.0,33.765609999999995,0.553363
-91.7925,-270.9399,3.0,36.36163,-0.1537151
-66.92924000000001,-268.751,3.0,23.0336,-1.45401
-57.142140000000005,-267.4318,3.0,6.478234,-0.5073175
-56.65364,-267.0609,3.0,2.505141,-0.3255719
-57.104769999999995,-267.3185,3.0,1.518956,0.4010336
-54.835269999999994,-264.7031,3.0,6.920752,0.198594
-49.99053,-262.3701,3.0,8.016506,-0.08103695
-48.2816,-263.5327,3.0,2.356309,0.2934467
-50.09149,-258.8684,3.0,10.95582,0.293983
-48.09093,-247.9787,3.0,18.99849,0.28425259999999997
-44.6965,-231.4242,3.0,26.53759,0.2654927
-42.18517,-209.1989,3.0,33.6526,0.245894
-33.8346,-184.2173,3.0,38.1888,0.4064663
-12.72998,-163.1945,3.0,35.41669,-1.8823580000000002
2.3608580000000003,-150.8878,3.0,21.72583,-0.35990570000000005
11.25124,-140.0087,3.0,16.74097,-0.3562788
10.49423,-129.0196,3.0,16.10902,0.5559076999999999
1.99465,-117.0778,3.0,23.595670000000002,0.5463184
-6.72293,-98.92641,3.0,30.676779999999997,0.49146709999999993
-10.47606,-74.14287,3.0,37.22148,0.2293355
-7.799676,-44.26623,3.0,43.56965,0.4728451
-3.607786,-11.26196,3.0,42.55455,-0.23715050000000001
-4.261963,11.08535,3.0,14.739889999999999,-1.9508599999999998
-4.9700489999999995,15.688139999999999,3.0,6.398571,0.5889519
-6.673508999999999,23.52272,3.0,15.074810000000001,0.6285460999999999
-13.113389999999999,35.8434,3.0,22.67022,0.2425495
-30.245859999999997,44.48332,3.0,29.53855,0.4074443
-54.45965,44.66594,3.0,36.21196,0.4840312
-83.76106,43.683409999999995,3.0,42.89417,0.4687563
-117.2671,40.93334,3.0,45.23602,-0.1831136
-145.9413,32.32582,3.0,37.236129999999996,-0.3416994
-145.9433,9.287251,3.0,34.05908,0.3762204
-145.1366,-16.91489,3.0,38.84581,0.44311940000000005
-145.9104,-46.63343,4.0,34.86172,-2.859245
-159.356,-54.312259999999995,4.0,19.43361,0.11396150000000001
-168.0013,-62.96585,4.0,20.22227,0.1366858
-154.7897,-72.47813000000001,4.0,26.02995,0.4256249
-133.3471,-74.71191999999999,4.0,32.4221,0.223493
-113.258,-90.77119,4.0,38.00054,0.1875125
-111.9194,-117.5539,4.0,37.36522,0.03788073
-132.6219,-132.7627,4.0,34.51624,-0.347219
-144.9861,-116.6135,4.0,30.08002,0.4249866
-150.8203,-99.12028000000001,4.0,17.67537,-0.49941
-162.7832,-103.956,4.0,22.10255,0.2493067
-168.1583,-121.9327,4.0,29.194029999999998,0.5326711
-170.5167,-146.0391,4.0,36.11573,0.22903379999999998
-167.8232,-175.1858,4.0,42.77017,0.2306676
-164.7051,-209.0968,4.0,49.08695,0.43897079999999994
-162.3559,-243.5631,4.0,34.543820000000004,-3.288732
-151.9116,-255.4417,4.0,18.268639999999998,-0.1570324
-135.9374,-257.1053,4.0,24.84297,0.07038584
-127.0913,-239.7493,4.0,30.28425,0.5240946
-126.8994,-215.1859,4.0,36.52268,0.49476220000000004
-126.2083,-186.6696,4.0,39.623909999999995,-0.5469206999999999
-104.9055,-178.1719,4.0,29.072290000000002,-0.39975679999999997
-102.5301,-193.2125,4.0,21.32519,0.01668853
-114.6273,-200.6264,4.0,8.243567,-1.134967
-114.5551,-201.5559,4.0,0.002334059,0.007476981999999999
-114.1739,-201.6571,4.0,2.740016,0.24062840000000002
-110.6627,-200.7146,4.0,7.060606,0.03904029
-109.681,-198.1919,4.0,0.40264970000000005,0.6078479999999999
-109.3189,-201.2157,4.0,7.712166000000001,0.2504398
-107.6484,-209.3699,4.0,14.597520000000001,0.46575900000000003
-105.5162,-222.3878,4.0,20.9598,0.21593179999999998
-105.8299,-240.1502,4.0,26.87994,0.21368600000000001
-101.2907,-260.9965,4.0,31.478,0.1291542
-80.85968000000001,-272.0853,4.0,33.991440000000004,0.247373
-56.4322,-263.1671,4.0,37.271770000000004,0.01014591
-49.283429999999996,-237.2074,4.0,38.943000000000005,0.1802954
-44.9208,-207.2538,4.0,43.19704,0.16263429999999998
-28.554090000000002,-178.5188,4.0,46.41411,0.1017237
-3.872807,-156.6502,4.0,35.5749,-1.15984
9.227717,-144.0926,4.0,19.49459,-0.22354629999999998
12.21572,-131.9955,4.0,20.924870000000002,1.115183
1.680824,-117.1667,4.0,27.4556,0.37652420000000003
-7.497159,-97.10044,4.0,32.5187,0.1787297
-10.5953,-71.37404000000001,4.0,37.604420000000005,0.3700857
-7.076797,-41.96338,4.0,42.380829999999996,0.3521316
-1.792225,-9.303736,4.0,46.93441,0.1401346
-6.673669,25.02184,4.0,37.49514,-4.549994
-20.80913,40.46755,4.0,30.06983,0.15881710000000002
-44.37661,43.80304,4.0,34.83829,0.19857170000000002
-72.09678000000001,43.28875,4.0,39.97379,0.3652131
-103.4039,41.86784,4.0,43.65695,-0.04927579
-132.2359,38.46098,4.0,27.28347,-3.9229010000000004
-143.2134,33.00342,4.0,17.53765,0.4107251
-148.0341,18.88266,4.0,23.27715,0.2086176
-145.6872,-0.301576,4.0,29.007740000000002,0.40291079999999996
-141.6096,-23.49738,4.0,34.3135,0.1659761
-147.5471,-46.0395,5.0,27.228270000000002,-0.6396361999999999
-165.0147,-56.46369,5.0,28.43855,-0.5731575
-164.7225,-69.20855,5.0,18.10888,-0.6867604
-151.9278,-70.45011,5.0,20.968320000000002,0.4544973
-134.5987,-74.37929,5.0,26.960959999999996,0.4066692
-115.4401,-84.53105,5.0,31.837659999999996,0.1370709
-108.0219,-107.0384,5.0,34.61391,0.156
-118.3379,-128.9413,5.0,32.04684,0.32623459999999993
-137.2898,-131.149,5.0,22.24429,-0.4841608
-144.2597,-114.9284,5.0,26.91437,0.3389723
-158.1748,-100.4613,5.0,25.062179999999998,-1.177109
-165.0212,-108.5371,5.0,16.634420000000002,-0.28571599999999997
-166.1111,-122.4311,5.0,22.690620000000003,-0.1500348
-168.0019,-144.0528,5.0,38.30287,0.6871873000000001
-166.6468,-177.1785,5.0,48.0929,0.1731037
-164.2802,-213.7782,5.0,43.90296,-2.660717
-163.63,-234.9309,5.0,20.39112,-0.4571938
-161.1643,-247.8137,5.0,14.99536,-0.3906645
-152.9358,-256.8795,5.0,21.66499,0.4506662
-135.3788,-257.2751,5.0,28.76983,0.3209428
-125.5792,-234.5733,5.0,39.43055,0.5992972
-128.0611,-205.2077,5.0,33.407920000000004,-2.66399
-126.9531,-188.8305,5.0,17.71957,-0.24871279999999998
-116.8974,-182.1261,5.0,20.67503,0.7287895999999999
-103.4707,-191.1075,5.0,25.46347,0.19018329999999997
-102.9311,-213.1133,5.0,34.52213,0.5689951
-105.4664,-239.9239,5.0,36.28905,-0.17047579999999998
-101.5771,-263.0208,5.0,28.02917,-0.1721596
-81.49565,-272.0811,5.0,32.78482,0.1537402
-57.84177,-263.97,5.0,35.78287,0.02804311
-48.98856,-238.4994,5.0,39.0008,0.1694008
-44.60773,-208.0503,5.0,43.82065,0.3225693
-30.50528,-177.8064,5.0,46.9041,0.24511570000000002
-6.764861,-158.5115,5.0,21.33749,-3.855425
1.836977,-152.8995,5.0,11.157110000000001,-0.17042279999999999
7.083454,-148.7198,5.0,7.266572,0.15143729999999997
11.2069,-143.9497,5.0,11.62562,0.2492044
12.80659,-133.3915,5.0,17.82355,0.2164172
5.080508999999999,-120.1959,5.0,23.76451,0.23329380000000002
-4.941987999999999,-103.3548,5.0,29.340740000000004,0.38918159999999996
-10.26361,-80.23088,5.0,34.62171,0.1794527
-8.695704,-52.928230000000006,5.0,39.47953,0.35130490000000003
-3.127882,-22.34319,5.0,44.27745,0.33151529999999996
-2.159733,9.539488,5.0,35.64671,-1.576055
-6.506953,24.62639,5.0,9.567535000000001,-0.2986297
-11.33109,33.51725,5.0,17.606289999999998,0.2344241
-23.46866,42.33972,5.0,23.44905,0.3976715
-42.51214,45.30962,5.0,28.98295,0.4339767
-66.0246,44.889309999999995,5.0,34.45556,0.1984549
-93.50739,43.6333,5.0,39.62088,0.182801
-122.7635,40.70057,5.0,35.79983,-0.28486059999999996
-139.8399,36.25397,5.0,21.358629999999998,0.1713936
-147.5934,20.75307,5.0,26.49767,0.1873527
-145.6252,-0.5889279000000001,5.0,31.75095,0.4048173
-141.8464,-25.77242,5.0,33.96402,-1.6191799999999998
-145.0577,-42.60626,6.0,12.392710000000001,-0.35324970000000006
-151.94899999999998,-52.08675,6.0,19.90245,-0.5845376
-163.3183,-57.19818000000001,6.0,13.94931,-0.4682871
-165.3927,-66.3987,6.0,17.56568,0.7337021
-151.2512,-72.65966999999999,6.0,27.85196,0.5177037
-126.8322,-76.50546,6.0,39.12825,0.3470283
-108.9076,-98.68178,6.0,37.40606,-0.6551249
-115.9779,-116.3341,6.0,12.046339999999999,-0.3404792
-119.1309,-125.3509,6.0,18.18265,0.8743095
-128.7086,-134.0448,6.0,18.28458,0.47198019999999996
-142.1298,-127.7098,6.0,23.6653,0.342134
-146.3564,-109.2754,6.0,20.50528,-2.5853770000000003
-151.2859,-103.4586,6.0,8.028773,0.2861376
-159.7797,-100.6236,6.0,16.54039,0.225733
-166.7555,-109.5763,6.0,19.27983,0.4067294
-168.0331,-128.9124,6.0,32.9984,0.9714678
-168.6449,-158.0772,6.0,45.07719,0.8305296
-166.2185,-195.1662,6.0,55.061840000000004,0.32221079999999996
-163.5107,-233.0987,6.0,45.535140000000006,-0.5496463
-154.8161,-256.9718,6.0,27.442909999999998,-0.48269799999999996
-138.0707,-256.4421,6.0,19.56522,-0.24805460000000001
-127.4648,-244.9466,6.0,25.19645,0.17610379999999998
-124.978,-224.4828,6.0,30.61389,0.3698058
-128.6116,-200.0894,6.0,35.794309999999996,0.3227953
-123.6029,-183.0608,6.0,16.338639999999998,0.7167428000000001
-109.5779,-185.4128,6.0,22.49948,0.2862822
-102.7509,-201.9825,6.0,27.36665,0.1875711
-104.0115,-224.2736,6.0,32.82322,0.19771329999999998
-105.6275,-250.4225,6.0,37.843270000000004,0.3146062
-90.90565,-272.0941,6.0,36.16668,-0.21693829999999997
-68.25072,-269.166,6.0,27.047109999999996,-0.2636498
-53.02653000000001,-261.0797,6.0,23.23434,0.5356460999999999
-47.5553,-241.4985,6.0,30.86018,0.2020441
-44.20817,-216.8294,6.0,36.239740000000005,0.3591801
-39.00233,-188.7794,6.0,40.58599,0.13869260000000003
-17.23728,-167.7309,6.0,42.01896,-0.7915769
-0.41845129999999997,-154.9992,6.0,14.52885,-0.35744109999999996
6.909254,-149.1029,6.0,12.07815,-0.00421722
12.35622,-140.63,6.0,16.71786,0.6393911
9.115962,-125.9751,6.0,25.24154,0.3883817
-4.743685,-106.7369,6.0,39.18488,1.046308
-9.623486,-73.23786,6.0,52.36623,0.8729465000000001
-4.84152,-30.822879999999998,6.0,60.94705,0.2583723
-2.773315,10.796380000000001,6.0,41.49877,-1.650509
-8.966526,29.084529999999997,6.0,20.77996,0.2083529
-21.31814,41.57027,6.0,28.681040000000003,0.7964216
-46.738240000000005,45.34317,6.0,42.01643,0.5454713000000001
-83.38176999999999,43.8999,6.0,56.39979,0.45300100000000004
-119.8026,40.78673,6.0,26.436490000000003,-1.673698
-131.1175,38.57754,6.0,12.42285,0.0642029
-143.6979,33.05938,6.0,23.52928,0.1949691
-147.5599,14.87186,6.0,28.20079,0.4117371
-144.078,-7.752344,6.0,33.64752,0.1960955
-141.8736,-33.386359999999996,7.0,5.57722,0.5276757
-142.5893,-40.076029999999996,7.0,12.532680000000001,0.4789198
-148.7409,-49.66767,7.0,18.65221,0.2067389
-163.0017,-56.499030000000005,7.0,24.16665,0.4784656
-167.7273,-69.77526,7.0,16.4437,-0.4795862
-158.7995,-76.91803,7.0,17.388070000000003,0.2677363
-145.0617,-74.23598,7.0,20.103839999999998,-0.06099324
-129.5928,-74.06517,7.0,22.6266,0.09906121
-113.8478,-85.18785,7.0,30.116970000000002,0.17415029999999998
-108.4237,-107.4831,7.0,33.73308,0.2636898
-122.7524,-128.1077,7.0,36.44809,0.1981591
-145.674,-127.5531,7.0,23.80813,-1.7998290000000001
-144.583,-117.9082,7.0,10.21424,-0.3520353
-144.3076,-108.2174,7.0,17.74679,-0.007342393000000001
-154.2764,-101.3887,7.0,17.93136,0.29299400000000003
-165.5887,-109.3496,7.0,20.15783,-0.11761589999999998
-165.9098,-124.4981,7.0,22.92932,0.6230831
-167.9273,-145.2129,7.0,34.89852,1.0543069999999999
-169.7014,-176.0469,7.0,48.151959999999995,0.926156
-169.8869,-215.2117,7.0,52.73785,-0.447241
-163.2743,-246.6901,7.0,32.50051,-0.9009029000000001
-145.7684,-254.4746,7.0,22.895020000000002,-0.5146563
-130.3638,-249.5594,7.0,22.984189999999998,0.1832209
-125.7916,-231.1827,7.0,30.90832,0.2078312
-126.1516,-206.2282,7.0,36.29871,0.19206979999999998
-122.1819,-181.8602,7.0,21.440939999999998,-1.2436530000000001
-112.1563,-182.7038,7.0,18.01384,0.4253999
-109.24700000000001,-197.6855,7.0,23.82232,0.437802
-108.7776,-217.4896,7.0,29.623040000000003,0.20497970000000001
-108.0999,-241.4753,7.0,34.93636,0.14730610000000002
-96.03511999999999,-265.1443,7.0,38.13754,0.18688120000000003
-69.09865,-272.0165,7.0,39.39268,-0.000440432
-50.54222,-251.4441,7.0,39.69992,0.15025
-48.32986,-220.6216,7.0,44.00724,0.1478556
-33.94215,-191.1838,7.0,46.54094,0.3383868
-9.255279,-164.5216,7.0,51.05236,0.1416996
8.638641,-136.2497,7.0,31.988540000000004,-0.9390494
3.805468,-118.6059,7.0,28.01495,0.9981773000000002
-5.79884,-97.88018000000001,7.0,36.25415,0.532363
-2.54123,-64.69226,7.0,53.98196,1.207402
-0.9112132,-18.975,7.0,68.87743,0.733625
-4.38347,26.64303,7.0,49.37525,-1.452438
-22.38496,42.019420000000004,7.0,29.68338,0.273599
-49.02196,40.61274,7.0,40.24382,0.36427
-80.6876,40.42485,7.0,45.05022,0.3407297
-115.7527,41.392590000000006,7.0,49.54436,0.29837070000000004
-145.0516,32.514379999999996,7.0,29.68999,-1.125148
-145.9143,11.473930000000001,7.0,31.442390000000003,0.3863972
-145.1388,-13.85096,7.0,36.75993,0.3797831
-147.6636,-42.67094,8.0,40.37468,-0.3535291
-165.643,-60.14131,8.0,24.213260000000002,-1.827706
-164.9265,-75.11606,8.0,25.74301,0.4410299
-145.2891,-77.98902,8.0,30.251690000000004,0.4213037
-122.6952,-82.21359,8.0,33.37788,0.2501444
-110.7423,-104.3694,8.0,36.45024,0.1818858
-122.3308,-127.8486,8.0,37.59449,0.11527000000000001
-144.7481,-129.5012,8.0,16.364320000000003,-2.5932459999999997
-145.5306,-126.7202,8.0,6.044272,0.5421147
-141.8622,-120.9284,8.0,12.838389999999999,0.224966
-145.2218,-109.9258,8.0,18.9988,0.4295371
-158.5085,-102.3605,8.0,23.35699,0.09230679
-167.8058,-115.3613,8.0,25.52514,0.3704702
-166.739,-136.3281,8.0,30.99864,0.3680685
-170.7493,-160.8893,8.0,36.21289,0.1733739
-169.8403,-189.5171,8.0,41.019290000000005,0.3558469
-168.7706,-221.6399,8.0,45.72898,0.1643749
-159.1362,-252.4425,8.0,39.37154,-0.8680245000000001
-136.2813,-252.8629,8.0,27.541290000000004,-0.5186489000000001
-127.0463,-233.6995,8.0,32.160270000000004,0.3332268
-127.3589,-207.9558,8.0,37.38152,0.3747067
-121.6142,-182.1627,8.0,26.00985,-2.592686
-110.1845,-182.4441,8.0,17.23131,0.3585008
-107.0492,-196.7299,8.0,22.996589999999998,0.4388193
-106.4709,-216.0329,8.0,28.864079999999998,0.20112449999999998
-105.6529,-239.4646,8.0,34.362790000000004,0.3576328
-96.32825,-264.084,8.0,37.5975,0.13434129999999997
-70.46901,-272.1712,8.0,38.43373,-0.02167573
-50.01473,-253.1917,8.0,39.65847,0.05105476
-46.45322,-222.6845,8.0,43.90617,0.3449156
-35.602959999999996,-191.8614,8.0,45.55214,0.2036174
-10.75427,-166.8042,8.0,49.862190000000005,0.3062517
8.260163,-136.7352,8.0,41.39161,-1.1689120000000002
0.1780086,-112.8498,8.0,37.49333,1.1377620000000002
-5.6256900000000005,-85.74908,8.0,40.21443,0.1692259
-1.600509,-54.41431,8.0,44.89733,0.14748270000000002
-1.484628,-19.509079999999997,8.0,49.384209999999996,0.3155106
-3.013823,18.74115,8.0,52.47302,-0.3898228
-19.11613,42.20251,8.0,26.514390000000002,-1.230774
-26.243290000000002,40.55813,8.0,5.769553,0.2480032
-30.95658,37.003859999999996,8.0,12.14144,0.41495379999999993
-39.50323,44.089240000000004,8.0,18.541829999999997,0.41392340000000005
-48.02664,48.58683,8.0,0.5375755,-1.643141
-48.01504,48.58722,8.0,0.05106489,0.11841760000000001
-48.457190000000004,46.44247,8.0,5.021033,0.10189
-47.14115,43.28176,8.0,1.8034459999999999,-1.080522
-49.18342,44.7762,8.0,8.148728,0.6610453000000001
-58.140440000000005,46.24387,8.0,16.860689999999998,0.6065774
-73.65205,44.44213,8.0,25.13494,0.5745748
-95.01485,42.07912,8.0,32.84003,0.26832890000000004
-121.9517,44.32216,8.0,39.738170000000004,0.2658159
-143.7938,28.64475,8.0,38.42593,0.05596897
-144.7681,-2.452168,8.0,46.36674,0.6285526
-141.9153,-33.601,9.0,3.096954,-0.06113584
-142.2269,-35.70042,9.0,4.607965,1.164822
-144.81799999999998,-43.44855,9.0,14.31714,-0.2256489
-150.8598,-50.65925,9.0,11.55534,-0.09448619
-160.034,-53.89161,9.0,13.53844,-0.1064692
-166.5286,-59.38665,9.0,10.44182,-0.19895929999999998
-164.4324,-68.59132,9.0,19.26699,0.8859746
-151.3248,-73.61874,9.0,17.74754,-0.2710965
-139.3993,-72.84525,9.0,15.014270000000002,0.47866090000000006
-124.0351,-77.25126,9.0,25.3612,0.03735269
-110.6701,-90.66891,9.0,26.30397,0.07434251
-107.3804,-108.6905,9.0,20.164179999999998,-1.362152
-109.71700000000001,-117.9819,9.0,11.09492,-0.17256939999999998
-115.3573,-128.3552,9.0,21.674229999999998,0.1839405
-128.2306,-135.0275,9.0,17.90721,-0.3025445
-139.4497,-131.3676,9.0,15.79698,0.2148134
-146.4319,-117.2802,9.0,26.09824,0.575806
-153.8792,-101.0455,9.0,16.62751,-0.18774570000000002
-163.2893,-101.5917,9.0,12.262839999999999,0.08550895
-167.3883,-114.6829,9.0,26.271729999999998,1.086668
-168.6777,-139.2959,9.0,39.85282,0.8996426
-168.3112,-171.6183,9.0,46.09512,0.2633992
-164.8421,-206.2133,9.0,45.25646,-0.3121375
-162.7721,-236.0616,9.0,32.56337,-1.0038850000000001
-156.1366,-254.2257,9.0,23.406779999999998,-0.2024844
-142.4266,-260.3464,9.0,18.146620000000002,-0.40211990000000003
-130.6089,-251.6478,9.0,26.50037,1.123207
-124.9554,-228.0,9.0,37.49465,0.5115127
-128.3729,-202.8696,9.0,26.20619,-1.664033
-128.0758,-189.6105,9.0,14.381089999999999,-0.23789139999999998
-121.5609,-182.0692,9.0,17.02665,0.3543504
-108.428,-184.4303,9.0,17.24172,-0.341079
-102.8547,-194.4892,9.0,18.58646,1.112755
-103.0637,-213.8015,9.0,32.57912,0.6836616
-106.0759,-240.4254,9.0,37.24094,-0.2125032
-99.62997,-265.5598,9.0,33.90392,-0.3018897
-77.48468000000001,-272.9767,9.0,32.73794,-0.03570536
-56.37153000000001,-262.783,9.0,32.065090000000005,0.2615737
-48.31581,-239.3404,9.0,35.28481,0.172381
-44.15838,-212.6363,9.0,36.413129999999995,-0.09345929
-37.88766,-187.7936,9.0,32.38588,-0.38335490000000005
-24.012420000000002,-171.0812,9.0,26.496840000000002,-0.20852070000000003
-9.470739,-160.7868,9.0,21.835620000000002,-0.1925336
3.083371,-152.4436,9.0,18.43358,-0.1421942
11.96849,-141.6497,9.0,21.81317,0.44593599999999994
8.057181,-124.5005,9.0,27.52089,0.27907740000000003
-4.914464,-107.5321,9.0,29.61195,-0.0001881246
-10.44948,-86.07921999999999,9.0,30.31431,0.02184135
-10.54485,-62.3266,9.0,34.18609,0.06973045
-6.487764,-36.70244,9.0,35.74707,0.09263285
-2.286102,-10.15814,9.0,36.74375,0.06563374
-3.6394849999999996,13.65138,9.0,26.44043,-0.33434980000000003
-8.359221,29.399040000000003,9.0,19.1628,-0.15170379999999997
-20.21544,41.20939,9.0,27.44412,0.4912512
-42.56347,45.0565,9.0,34.35037,0.5375028000000001
-70.62971,44.00222,9.0,41.489329999999995,0.2476036
-103.9815,43.03027,9.0,48.105109999999996,0.0775047
-136.0999,38.348290000000006,9.0,34.24511,-0.392054
-146.8612,17.61753,9.0,35.07035,0.44436709999999996
-141.5218,-10.46715,9.0,41.75212,0.42237340000000007
-143.9772,-35.72532,10.0,19.07519,-2.111844
-149.0351,-47.778059999999996,10.0,20.647,0.1688544
-160.2899,-55.33215,10.0,16.67437,-0.25698649999999995
-167.1337,-62.93271,10.0,13.25896,0.09395389
-160.3808,-72.45213000000001,10.0,17.86165,-0.1857448
-147.0032,-72.49495999999999,10.0,18.61249,-0.1908695
-133.7342,-73.91078,10.0,21.245060000000002,1.350398
-116.5276,-82.55121,10.0,29.7005,0.2356183
-107.1406,-104.0367,10.0,35.339259999999996,0.20631509999999997
-114.9231,-127.0728,10.0,25.372,-0.25892220000000005
-129.8743,-133.7785,10.0,20.01345,-0.3564131
-141.726,-128.5623,10.0,19.053829999999998,0.6110684000000001
-146.7412,-112.4725,10.0,24.386879999999998,-0.37130359999999996
-150.9622,-103.9317,10.0,4.124979,0.5909963
-157.121,-100.5417,10.0,13.709539999999999,0.5233312
-166.4263,-107.1693,10.0,19.82076,0.23525189999999999
-168.1744,-124.3979,10.0,26.93058,0.5039042
-168.9228,-146.972,10.0,34.21008,0.116881
-168.2716,-173.5431,10.0,37.82095,0.05667038
-165.8441,-202.4698,10.0,39.37603,-0.6072516
-164.0395,-228.679,10.0,31.695999999999998,-0.5008934
-160.5339,-249.0881,10.0,24.5511,-0.5242253
-148.1157,-259.1019,10.0,22.52634,0.49726909999999996
-132.4344,-254.1194,10.0,24.06377,0.2682071
-125.186,-236.3443,10.0,27.81835,0.206019
-126.2916,-214.6829,10.0,30.54062,-0.4747014
-127.9141,-196.3296,10.0,17.36458,-0.310297
-126.3886,-185.3558,10.0,12.80219,-0.3522958
-117.5695,-181.8972,10.0,16.29547,0.5082005
-105.6885,-186.7745,10.0,17.9163,0.04338977
-103.0997,-200.24200000000002,10.0,20.15585,0.09037012
-104.0754,-216.0078,10.0,21.811329999999998,0.005257834
-105.3821,-232.7797,10.0,25.60959,0.5183551
-105.4907,-253.8505,10.0,29.936999999999998,0.009001061999999999
-93.12898,-271.009,10.0,31.875970000000002,0.32389179999999995
-67.2397,-270.164,10.0,38.34048,0.2301288
-50.1525,-249.5003,10.0,39.07757,0.21926120000000002
-45.80369,-218.606,10.0,43.96204,0.09171549
-38.29443,-189.8777,10.0,35.72965,-0.2907113
-23.979870000000002,-171.5571,10.0,28.065459999999998,-0.46266850000000004
-9.491463000000001,-161.0996,10.0,15.64753,-1.973581
-0.7728135,-155.0356,10.0,18.65409,0.850677
10.27627,-145.5341,10.0,19.0979,0.04951494
11.533710000000001,-129.1411,10.0,27.20144,0.2587042
-2.993011,-112.3451,10.0,32.77176,0.17943670000000003
-10.00196,-87.98098,10.0,32.80421,-0.5366164000000001
-9.777825,-64.05662,10.0,34.81988,0.2334143
-6.570667,-36.03996,10.0,41.09017,0.20750610000000003
-1.989759,-3.7612019999999995,10.0,46.80206,0.368827
-8.165148,30.25925,10.0,43.84659,-0.9154684999999999
-35.3148,44.768409999999996,10.0,44.60627,0.1491948
-70.16996999999999,44.23016,10.0,49.72213,0.18593729999999997
-108.7769,41.9065,10.0,53.35075,-1.390809
-140.5194,35.34106,10.0,39.1604,-0.1575233
-147.1002,10.646289999999999,10.0,37.603429999999996,0.4393032
-141.4827,-18.52006,10.0,42.72625,0.1678084
-148.162,-44.09248,11.0,34.808409999999995,0.1882201
-167.1267,-62.99615,11.0,35.374759999999995,-1.597885
-165.7148,-80.20763000000001,11.0,20.06904,0.08482859
-153.1386,-73.23734,11.0,23.83026,0.2051868
-135.4072,-71.95315,11.0,28.245079999999998,0.4677274
-116.8927,-85.39215,11.0,31.191640000000003,-0.193718
-109.0219,-106.9082,11.0,34.41227,0.165353
-119.1654,-128.2453,11.0,27.703840000000003,-0.28739109999999995
-138.4099,-130.6404,11.0,30.51108,0.3367941
-145.0065,-109.3701,11.0,27.97407,-3.250507
-151.1984,-101.241,11.0,15.10591,1.202843
-164.646,-105.5651,11.0,23.78814,0.11749749999999999
-166.1662,-124.7885,11.0,29.63519,0.48726549999999996
-167.798,-149.0845,11.0,36.09002,0.47222349999999996
-167.2691,-177.9405,11.0,42.040859999999995,0.21469270000000001
-164.2534,-211.15900000000002,11.0,47.8615,0.1935746
-161.0098,-244.3498,11.0,37.77417,-1.389458
-145.8939,-259.6154,11.0,29.626659999999998,0.1573531
-128.7283,-249.2921,11.0,30.640220000000003,0.41189970000000004
-125.2841,-224.4424,11.0,36.76249,0.40340729999999997
-127.98100000000001,-196.8075,11.0,34.26576,-0.29423119999999997
-116.5977,-179.6086,11.0,26.43869,-0.35526640000000004
-107.0853,-192.2346,11.0,25.89413,0.4973366
-105.883,-213.7081,11.0,32.3108,0.21534410000000004
-107.1613,-239.8426,11.0,38.3869,0.19969460000000003
-97.88724,-267.2152,11.0,40.62774,-0.40180609999999994
-69.72665,-270.7393,11.0,41.50697,0.32920240000000006
-49.43658,-249.9315,11.0,41.845620000000004,0.3055598
-44.22541,-217.1916,11.0,47.57503,0.40834729999999997
-33.476690000000005,-182.2493,11.0,51.473040000000005,0.14678670000000002
-7.525281,-160.8687,11.0,36.05428,-1.473949
9.861941,-145.0992,11.0,27.98135,-0.3129152
10.05601,-127.5989,11.0,24.51576,0.42471709999999996
-2.260959,-111.182,11.0,30.954909999999998,0.40041420000000005
-9.246962,-87.21429,11.0,36.953829999999996,0.4451844
-9.509866,-57.672709999999995,11.0,42.83317,0.41133679999999995
-3.6544190000000003,-24.35845,11.0,48.4978,0.19210439999999998
-3.1762759999999997,13.291789999999999,11.0,53.14014,0.1419671
-21.96523,43.115429999999996,11.0,46.6026,-0.12053519999999998
-56.55948000000001,43.45639,11.0,49.34077,0.38718559999999996
-95.03378000000001,41.643440000000005,11.0,54.667590000000004,0.1767701
-133.3767,38.21868,11.0,44.0386,0.02794374
-150.0027,14.736920000000001,11.0,40.170390000000005,-0.03254346
-142.34799999999998,-15.65538,11.0,44.65992,0.3032338
-147.5377,-45.7588,12.0,33.66714,-1.4489
-165.5749,-56.31743,12.0,28.316679999999998,-0.3776536
-162.9952,-71.63206,12.0,23.92081,0.07424694
-143.4861,-71.1689,12.0,29.69368,0.431672
-120.8713,-78.95158,12.0,35.43231,0.3780409
-106.6938,-101.7598,12.0,39.0172,0.06830635
-115.1273,-123.7989,12.0,27.052329999999998,0.42569650000000003
-132.0909,-132.9015,12.0,23.29899,-0.5036908
-145.3136,-124.53399999999999,12.0,24.91856,0.35842070000000004
-149.6734,-104.9028,12.0,26.174970000000002,-0.8537918
-163.7948,-102.3896,12.0,19.93671,0.07985537
-167.6006,-119.3204,12.0,30.8833,1.376435
-168.4324,-145.9181,12.0,39.013690000000004,0.2158136
-167.3256,-176.9513,12.0,44.698859999999996,0.42915770000000003
-165.1899,-212.1032,12.0,50.330729999999996,0.19698929999999998
-160.9989,-247.6919,12.0,42.930859999999996,-1.297878
-140.7386,-257.5114,12.0,26.55862,-0.2525235
-128.8064,-239.8962,12.0,32.000209999999996,-0.42735429999999996
-125.5928,-214.1811,12.0,37.98003,0.38543499999999997
-127.7903,-188.4124,12.0,32.74773,-0.21479339999999997
-110.3999,-181.481,12.0,26.1478,-0.4389032
-109.0307,-198.8146,12.0,27.64371,0.2176861
-110.1442,-221.4556,12.0,33.99924,0.4824902
-106.8695,-248.8496,12.0,40.21052,0.202076
-89.23325,-271.2948,12.0,39.405570000000004,-0.06780498
-59.69746,-266.5395,12.0,43.18934,0.3139054
-45.66837,-242.9705,12.0,34.89893,-0.7123510999999999
-53.724819999999994,-222.5975,12.0,19.91167,-2.969141
-53.116659999999996,-216.3081,12.0,5.599073000000001,-0.003424385
-53.23384,-215.2473,12.0,3.124454,0.6125084
-49.405809999999995,-218.7542,12.0,11.116019999999999,0.4876629
-42.49534,-212.4755,12.0,15.025039999999999,-0.30255740000000003
-41.65108,-202.4215,12.0,15.272229999999999,1.083269
-38.751540000000006,-187.6467,12.0,24.07946,0.49408679999999994
-26.579420000000002,-171.7304,12.0,30.548479999999998,0.47034449999999994
-5.501407,-158.3745,12.0,36.89627,0.22371860000000002
11.89349,-138.4136,12.0,32.3764,-0.45251729999999996
4.489358999999999,-118.2397,12.0,33.695029999999996,0.6252788
-9.064425,-90.58099,12.0,49.32915,1.2197
-8.478409,-51.614470000000004,12.0,55.20012,0.1707308
-2.372459,-9.3958,12.0,59.968669999999996,0.3253009
-7.109603,26.237640000000003,12.0,31.15519,-0.315994
-25.0122,43.841770000000004,12.0,37.01024,0.2256391
-53.78395,44.41901,12.0,41.84028,0.41269709999999993
-86.87331999999999,44.2491,12.0,47.524879999999996,0.4061383
-123.557,40.4197,12.0,49.29285,-0.4208415
-152.7448,25.15435,12.0,43.250820000000004,-0.35128709999999996
-153.5381,12.65315,12.0,4.970682,-0.8766937
-151.1137,12.60165,12.0,7.936569,0.2938599
-146.6008,5.761648,12.0,15.61043,0.289574
-145.4782,-8.602276,12.0,23.04062,0.5236505
-142.1605,-27.99,12.0,29.97519,0.45833950000000007
-142.4001,-36.71329,13.0,9.271918,0.5867661999999999
-146.5246,-45.49528,13.0,17.02658,0.5443878000000001
-159.0897,-53.890119999999996,13.0,24.12355,0.4931594
-166.9547,-68.21293,13.0,20.42959,-0.5483894
-156.9902,-76.1622,13.0,18.88628,0.4145786
-142.0994,-72.98414,13.0,19.81926,-0.3884073
-127.244,-73.71236,13.0,23.75806,0.2373632
-111.7583,-85.58355999999999,13.0,29.721090000000004,0.2121054
-107.2101,-108.6266,13.0,34.70445,0.2829216
-123.1496,-129.5064,13.0,38.4514,0.09701864
-144.9032,-127.7638,13.0,19.98237,-1.707067
-143.3073,-122.836,13.0,8.00875,0.31094540000000004
-138.4116,-122.3309,13.0,2.535721,0.7463935
-142.8501,-123.9353,13.0,9.875316999999999,0.1901605
-145.5345,-128.8681,13.0,3.004126,-0.8066579
-145.2417,-127.4029,13.0,6.664888,0.35082670000000005
-141.4447,-120.1416,13.0,15.24895,0.5507698000000001
-141.8033,-106.6764,13.0,22.37356,0.4737728
-156.6936,-97.98088,13.0,25.900470000000002,-0.6099222
-166.9364,-110.7975,13.0,26.795720000000003,0.7260181
-167.8084,-133.3202,13.0,33.93731,0.2371665
-167.6304,-161.1074,13.0,40.69699,0.4919763
-167.9719,-193.6112,13.0,47.01125,0.2180131
-167.8035,-230.6756,13.0,52.68036,-0.04073574
-149.166,-256.901,13.0,42.488820000000004,-0.3720535
-127.8879,-247.5311,13.0,29.594890000000003,0.44056409999999996
-128.158,-222.2737,13.0,39.4866,0.7031897
-127.6574,-192.9913,13.0,29.2589,-3.222244
-121.1328,-182.3457,13.0,14.15156,0.04661572
-109.2779,-185.2979,13.0,21.6443,0.4374433
-104.7622,-202.8714,13.0,28.38822,0.5096687
-107.6066,-226.3017,13.0,35.38123,0.4755670999999999
-103.0514,-253.7631,13.0,40.73745,0.3663788
-79.71069,-272.4887,13.0,42.6202,-0.01246527
-53.21816,-259.0836,13.0,42.51804,0.01626047
-48.66373,-227.016,13.0,46.931999999999995,0.4257932
-40.73972,-195.9853,13.0,42.84698,0.18290789999999998
-18.78361,-170.4648,13.0,48.5577,0.4523647
5.871939,-141.8858,13.0,50.08455,-0.41028339999999996
3.9475620000000005,-111.7383,13.0,35.72314,-1.300466
-8.959044,-94.44467,13.0,28.57452,1.182234
-6.191078,-70.03166999999999,13.0,36.67126,0.49790559999999995
-5.405212000000001,-40.4337,13.0,43.225559999999994,0.23108379999999998
-3.9441940000000004,-6.092825,13.0,49.391020000000005,0.2007869
-8.573518,30.276629999999997,13.0,44.545840000000005,-1.519503
-29.3433,41.20987,13.0,23.92266,-0.9395635
-35.06013,32.577220000000004,13.0,1.005658,-1.4578309999999999
-35.128370000000004,32.5897,13.0,0.06273313,-0.03627325
-35.173,32.596309999999995,13.0,0.20847,0.3310739
-34.26338,35.80539,13.0,8.592952,0.5427725
-32.54309,43.04141,13.0,6.971011,-0.3882032
-32.30699,44.53048,13.0,2.525395,0.6079593000000001
-35.77539,41.39439,13.0,10.52276,0.5122635999999999
-45.901959999999995,43.519909999999996,13.0,17.83575,0.5216075
-61.50639,45.2516,13.0,24.58375,0.47132959999999996
-81.91816999999999,42.42821,13.0,31.038840000000004,0.4443188
-107.0989,42.9503,13.0,36.93727,0.4169521
-135.0184,36.92288,13.0,39.725229999999996,-0.0629558
-147.9181,13.102260000000001,13.0,39.29768,0.1720556
-144.8952,-17.80009,13.0,44.62968,0.3630334
-149.4605,-49.73425,14.0,37.44728,-2.273981
-163.364,-65.69566,14.0,23.025489999999998,-0.5996955
-150.2653,-75.69788,14.0,27.20543,0.42240249999999996
-128.1797,-77.7702,14.0,32.54285,0.29430009999999995
-110.9382,-95.89285,14.0,36.45478,0.20319979999999999
-115.5667,-122.1744,14.0,38.67054,0.16343829999999998
-139.5904,-131.118,14.0,29.30544,-0.8671542999999999
-145.8281,-120.4645,14.0,4.577285,-0.8141744000000001
-146.4234,-119.3321,14.0,1.9270009999999997,-0.008455024
-147.2555,-118.2964,14.0,1.579394,0.06361768
-148.3892,-117.5055,14.0,3.6496519999999997,0.19690870000000002
-150.9574,-117.4787,14.0,0.8515290999999999,-0.24667260000000002
-148.5209,-116.0437,14.0,8.27445,0.6296864000000001
-144.5954,-108.0725,14.0,16.35727,0.52967
-152.779,-97.21698,14.0,22.52525,0.1627364
-167.05200000000002,-105.0267,14.0,26.304609999999997,0.3031817
-166.4845,-126.5529,14.0,32.72082,0.48196000000000006
-166.7316,-153.3251,14.0,39.58703,0.47803379999999995
-166.9666,-185.0832,14.0,46.06055,0.214054
-166.9708,-221.4629,14.0,52.15118,0.42217780000000005
-155.1501,-252.0342,14.0,34.796929999999996,-0.9687037000000001
-141.7048,-252.8178,14.0,6.137187,-1.035395
-141.3276,-249.9686,14.0,2.5603279999999997,-0.1623773
-137.7738,-247.9924,14.0,9.531754,0.8308931999999999
-128.7946,-251.3053,14.0,14.0484,-0.2955481
-121.382,-248.8812,14.0,9.701275,0.2561891
-122.8982,-238.8592,14.0,18.496489999999998,0.5549673
-126.1512,-222.5745,14.0,26.250020000000003,0.5321456999999999
-127.7143,-200.4751,14.0,33.53771,0.2496841
-118.6518,-179.6365,14.0,29.7749,-0.4002841
-105.5156,-188.2454,14.0,26.9765,0.5732059
-107.1277,-215.3911,14.0,46.83258,1.444216
-101.9431,-254.7792,14.0,55.30951999999999,-1.357063
-73.35339,-272.3378,14.0,46.11868,0.4237035
-48.92869,-253.2619,14.0,43.18355,-0.027629400000000005
-49.23209,-220.0126,14.0,47.36739,0.080727
-33.46378,-187.6721,14.0,51.52798,0.38153509999999996
-4.824178,-159.5794,14.0,56.957069999999995,0.3302425
9.817294,-127.1531,14.0,34.424279999999996,-2.586226
-1.585436,-110.0851,14.0,27.417209999999997,1.269164
-5.841357,-87.92285,14.0,34.09109,0.5029234
-3.6228949999999998,-60.210080000000005,14.0,40.92709,0.4655460999999999
-2.2853220000000003,-27.48365,14.0,47.33955,0.4620817
-3.162446,9.786781,14.0,53.28409,0.1854953
-18.122220000000002,40.122440000000005,14.0,43.59236,-0.11005699999999999
-50.36002,40.822359999999996,14.0,46.68701,0.44402749999999996
-87.30489,40.17785,14.0,52.690509999999996,0.2133681
-126.9293,41.101240000000004,14.0,47.13948,-1.8988
-145.3036,25.7824,14.0,19.65954,-2.717879
-143.9433,22.50891,14.0,4.990943,0.6369107
-141.3768,25.32431,14.0,3.378074,-0.4067357
-142.5857,23.67276,14.0,7.181516,0.23075839999999997
-148.3098,21.57189,14.0,6.352098000000001,-0.7968708999999999
-149.1143,21.80465,14.0,3.747678,0.3317839
-144.4291,17.86332,14.0,12.77877,0.6169074999999999
-140.8703,6.063649,14.0,21.01303,0.6145198000000001
-141.5927,-12.42848,14.0,28.92075,0.2888918
-141.7983,-34.674170000000004,1.0,5.907145,-0.06044905
-142.1939,-40.9085,1.0,12.93717,0.324876
-148.3845,-51.70462,1.0,21.35308,0.5691413000000001
-162.3714,-63.53196,1.0,27.570140000000002,-0.01661039
-153.3463,-76.8332,1.0,24.07706,-0.21297939999999999
-138.4815,-68.65392,1.0,15.063239999999999,-0.2025178
-135.8671,-68.27818,1.0,0.02430683,-0.00024467229999999997
-135.8483,-68.28101,1.0,0.02556161,0.0009060121
-135.8308,-68.28329000000001,1.0,0.021566,0.03421795
-136.0414,-69.22995999999999,1.0,4.329289,0.17500860000000001
-135.7633,-72.56341,1.0,4.405622,-0.0487083
-135.9978,-75.46295,1.0,3.5647510000000002,-0.01734275
-136.6492,-76.3419,1.0,2.8492509999999998,0.67697
-131.4748,-74.93713000000001,1.0,11.8055,0.6135938
-120.7568,-79.11016,1.0,19.56213,0.5106127
-112.6083,-94.42156999999999,1.0,27.314390000000003,0.5288669
-112.0361,-116.4512,1.0,33.33092,0.1986486
-130.8908,-133.1958,1.0,36.18071,-0.43137479999999995
-146.8469,-123.2449,1.0,22.49108,0.1271161
-138.408,-110.1085,1.0,13.993789999999999,-1.345164
-138.4579,-108.7182,1.0,0.02110822,-0.015097200000000002
-138.4587,-108.7354,1.0,0.01713995,-0.009609276
-139.7746,-108.2754,1.0,6.217119,0.4232219
-145.0208,-109.8691,1.0,7.704051,-0.4381411
-145.2394,-109.9433,1.0,4.970516,0.32898059999999996
-144.8676,-103.2328,1.0,13.457139999999999,0.5944231
-154.175,-95.77504,1.0,17.83979,-0.4080486
-164.0711,-100.2043,1.0,14.512220000000001,0.9097004999999999
-166.9521,-116.2632,1.0,29.40638,0.8706122
-169.2816,-141.3355,1.0,38.103320000000004,0.24063360000000003
-163.4369,-168.9187,1.0,34.86942,-0.5631261
-167.745,-192.0669,1.0,31.841620000000002,0.6448056999999999
-166.8244,-220.6457,1.0,38.58658,-0.5650195
-162.3273,-245.4511,1.0,29.288729999999997,-0.44969269999999995
-144.2082,-250.6508,1.0,28.600170000000002,0.6652688
-123.6957,-241.6603,1.0,29.49032,-1.325865
-128.1174,-226.0706,1.0,25.499679999999998,0.4072936
-126.5677,-210.9152,1.0,22.121029999999998,-0.3867235
-123.6742,-197.7509,1.0,18.14653,0.02611632
-123.101,-186.2773,1.0,14.40525,0.009081773000000001
-111.6933,-187.0993,1.0,17.688229999999997,-0.7300913
-110.2063,-198.4545,1.0,14.200970000000002,-0.08713092
-109.8396,-209.9881,1.0,19.20659,0.5490705
-108.0942,-227.0223,1.0,26.992990000000002,0.5403875
-104.4727,-249.3862,1.0,34.0319,0.2167131
-87.49564000000001,-269.3286,1.0,38.358670000000004,0.20824810000000002
-60.42899,-264.9429,1.0,39.47807,-0.01665389
-51.98833,-237.6032,1.0,41.935520000000004,0.47454359999999995
-43.10946,-206.2641,1.0,47.01899,0.40971149999999995
-20.49636,-177.4117,1.0,52.48133000000001,0.4180062
4.398303,-144.9654,1.0,57.9245,0.1523611
11.35919,-110.7334,1.0,25.992079999999998,-1.585005
9.957956,-104.3463,1.0,0.8546965,-0.2720881
9.817364,-104.2823,1.0,1.134728,0.29959709999999995
12.67949,-106.1935,1.0,7.402576,0.34614190000000006
17.9505,-107.0885,1.0,4.002581,-0.7120225
17.43582,-107.2533,1.0,5.226824,0.6099920999999999
10.961139999999999,-109.9854,1.0,13.73731,0.5235860999999999
0.7136376,-109.2401,1.0,17.62479,0.36339740000000004
1.241379,-93.9634,1.0,24.409110000000002,0.44315420000000005
-3.604566,-74.24334,1.0,31.021690000000003,0.46448459999999997
-5.725143,-48.90846,1.0,37.67365,0.4896572
-6.439437,-18.62794,1.0,44.04523,0.2305782
-6.701172,16.2631,1.0,49.95969,0.07655898
-16.40718,42.94983,1.0,22.730710000000002,-2.336697
-25.96783,40.55133,1.0,16.40695,0.2751864
-40.08063,38.1848,1.0,23.42546,0.2640146
-59.99541,39.78225,1.0,30.59842,0.5285528
-85.23834000000001,39.61067,1.0,37.46993,0.48977719999999997
-115.3739,40.45613,1.0,43.870909999999995,0.20849859999999998
-142.2339,34.27277,1.0,27.97192,-2.007516
-141.5227,24.39542,1.0,8.088364,-0.0636868
-137.7515,24.26385,1.0,0.06728692,0.01404032
-137.7517,24.219260000000002,1.0,0.05319491,-0.0042462129999999996
-138.8944,24.51802,1.0,5.242229,0.3925223
-145.0081,24.119629999999997,1.0,10.69457,0.284785
-150.8233,25.31856,1.0,3.196395,-0.7382595000000001
-149.9897,24.835420000000003,1.0,5.561516,0.5797471
-147.0397,18.70894,1.0,13.34826,0.5028859
-151.6366,7.295497,1.0,19.97682,0.3500739
-148.7563,-9.188389,1.0,26.14108,0.23729909999999999
-146.0459,-30.76271,1.0,32.52802,0.4559333
-156.681,-50.796820000000004,2.0,32.72339,0.4047183
-166.0001,-68.41679,2.0,25.13617,-0.9684334000000001
-156.4705,-71.03903000000001,2.0,8.529035,-0.1291628
-155.7098,-68.52728,2.0,0.05549376,-0.01730077
-155.6759,-68.52863,2.0,0.1158693,0.35173340000000003
-156.1793,-70.88159,2.0,5.289829,-0.04101226
-156.7288,-74.51144000000001,2.0,4.645032,-0.19031520000000002
-156.2492,-74.27386,2.0,5.456451,0.33826649999999997
-149.224,-73.15544,2.0,14.36255,0.592795
-138.1432,-80.87505,2.0,20.75433,-0.4256577
-124.7464,-84.25471,2.0,17.096339999999998,-0.27670290000000003
-113.2601,-96.06804,2.0,29.609820000000003,0.8228603000000001
-114.3979,-117.9274,2.0,31.73207,0.2909167
-133.5689,-130.7816,2.0,31.2396,-0.42569589999999996
-145.2433,-120.5777,2.0,20.17635,0.07114881
-139.2959,-106.3741,2.0,18.9359,-0.31315970000000004
-152.0368,-101.6418,2.0,21.43396,-0.01369228
-161.0269,-110.2682,2.0,16.790129999999998,0.0350827
-162.7455,-122.7116,2.0,18.488210000000002,0.27975900000000004
-165.3896,-139.2085,2.0,26.82984,0.5772553
-165.2732,-161.9798,2.0,34.55123,0.5561417
-165.6108,-190.3605,2.0,41.79153,0.5319505999999999
-165.8122,-223.8374,2.0,48.550290000000004,0.4628534000000001
-158.7762,-248.7548,2.0,21.5336,-0.4609063
-140.9946,-251.963,2.0,28.66726,0.2716688
-125.0767,-240.8326,2.0,25.37344,-0.9425101
-126.9945,-221.0184,2.0,32.32763,0.5461807
-126.5251,-194.7885,2.0,36.46483,-1.013786
-120.4206,-184.0518,2.0,11.4963,0.6374462
-111.6189,-189.3412,2.0,18.552970000000002,0.24854770000000004
-109.8762,-205.9733,2.0,26.64153,0.6082046999999999
-107.5171,-228.4504,2.0,34.325790000000005,0.5575147
-100.2625,-255.4459,2.0,40.96397,0.1840138
-75.87223,-270.7233,2.0,40.240390000000005,-0.1009213
-51.562670000000004,-253.9603,2.0,42.32948,0.05877091
-49.32595,-222.2316,2.0,45.91238,0.379284
-35.64656,-190.209,2.0,50.063109999999995,0.2024299
-8.643552,-161.4719,2.0,56.20268000000001,0.20009939999999998
8.954369999999999,-130.6998,2.0,28.749809999999997,-1.5689549999999999
1.055954,-118.5683,2.0,22.058970000000002,0.27643829999999997
-6.428408,-101.6705,2.0,29.11947,0.5711906
-6.629113,-77.28990999999999,2.0,36.64634,0.5175872
-6.79213,-47.51283,2.0,43.725359999999995,0.2492726
-7.201996,-12.59747,2.0,50.39233,0.2257629
-7.975389,26.560959999999998,2.0,49.90317,-1.9635169999999997
-22.81083,46.03995,2.0,17.73167,-2.813797
-25.64643,44.83212,2.0,5.144712999999999,0.6505297
-29.334770000000002,39.853790000000004,2.0,13.52784,0.6105784000000001
-41.24818,44.28,2.0,21.63364,0.5487981
-59.30901,45.43465,2.0,28.722820000000002,0.5573975
-83.23711,42.15502,2.0,36.2752,0.5512368000000001
-112.7279,41.17706,2.0,43.32897,0.24429
-144.2306,33.45264,2.0,37.89281,-2.092612
-149.9324,19.10344,2.0,5.45371,-1.225654
-146.6574,19.33285,2.0,8.67897,0.3042258
-143.4531,11.336969999999999,2.0,16.84695,0.5819095000000001
-150.8563,-1.962908,2.0,24.00273,0.23965279999999997
-146.7017,-21.06629,2.0,30.261840000000003,0.49679880000000004
-142.4192,-36.95901,3.0,12.082510000000001,-0.09155674
-145.4572,-45.005340000000004,3.0,12.33533,0.9046086
-154.6495,-52.69778,3.0,16.31842,-0.2795256
-164.7856,-56.19401,3.0,12.7926,-0.1588226
-166.048,-63.740390000000005,3.0,9.670766,-0.1679138
-160.0831,-71.05806,3.0,17.106939999999998,0.2557428
-144.8798,-71.77963000000001,3.0,24.67616,0.263789
-125.1198,-77.8048,3.0,28.614690000000003,-0.4424795
-111.4001,-90.73137,3.0,23.41232,-0.2043945
-108.1821,-109.802,3.0,27.41882,-0.4211299
-115.2428,-126.3044,3.0,21.85736,-0.3962211
-129.2952,-133.6976,3.0,24.56196,0.41419989999999995
-142.9085,-125.12200000000001,3.0,26.79127,1.146671
-151.3145,-105.6869,3.0,24.36218,-2.241191
-163.4509,-106.3373,3.0,19.01892,0.4630969
-167.6981,-122.4147,3.0,26.6964,0.5912844
-169.9136,-144.9758,3.0,34.35106,0.5120056
-167.6251,-172.8964,3.0,41.33724,0.2301612
-165.7794,-206.0158,3.0,48.00626,0.2246864
-163.525,-242.0799,3.0,45.71723,0.04023612
-146.1972,-259.2155,3.0,27.608420000000002,-0.9957043
-130.22299999999998,-247.2588,3.0,30.715670000000003,0.007340859
-126.3944,-223.9584,3.0,35.64692,0.5401225000000001
-127.4876,-197.4856,3.0,33.99257,-0.3054725
-118.3053,-178.864,3.0,24.046960000000002,0.1171625
-108.9343,-187.8818,3.0,22.27788,0.5552274
-107.3091,-206.4417,3.0,29.276429999999998,0.5450756
-104.9518,-228.9182,3.0,29.23726,-0.20822399999999996
-106.0207,-250.27900000000002,3.0,33.94463,1.076825
-91.52988,-271.0237,3.0,36.34908,-0.07493326
-66.76306,-268.7531,3.0,22.76449,-1.6850349999999998
-57.10154,-267.4073,3.0,6.319807,-0.9380221
-56.66861,-267.0716,3.0,2.449341,-0.3486364
-57.09551,-267.3116,3.0,1.606819,0.5092264
-54.80518000000001,-264.6641,3.0,6.95436,0.2113393
-49.93227,-262.3869,3.0,7.989686,-0.1552247
-48.291000000000004,-263.5169,3.0,2.466785,0.6438785
-50.10235,-258.7856,3.0,11.054730000000001,0.5727778
-48.04992,-247.8412,3.0,19.093770000000003,0.5589885
-44.67198,-231.2244,3.0,26.62665,0.5332463000000001
-42.15575,-208.9463,3.0,33.73707,0.501659
-33.63527,-183.9981,3.0,38.25691,0.3897498
-12.5408,-163.0079,3.0,35.118190000000006,-1.774101
2.490367,-150.7861,3.0,21.69604,-0.18113529999999997
11.287189999999999,-139.8892,3.0,16.711170000000003,-0.184616
10.45187,-128.9079,3.0,16.20284,0.5692752
1.886626,-116.9356,3.0,23.6827,0.5156270000000001
-6.789725,-98.71234,3.0,30.71459,0.23339720000000003
-10.47994,-73.87289,3.0,37.30084,0.4774710999999999
-7.750832000000001,-43.94405,3.0,43.605309999999996,0.21711999999999998
-3.5930199999999997,-10.94697,3.0,42.4789,-0.4360992
-4.276371,11.19548,3.0,14.413310000000001,-1.920494
-4.978625,15.7361,3.0,6.540826,0.8266525
-6.7038,23.632620000000003,3.0,15.1241,0.2959132
-13.23144,35.96133,3.0,22.751479999999997,0.4821072
-30.46225,44.52858,3.0,29.60493,0.401832
-54.71926,44.67015,3.0,36.25186,0.255651
-84.08102,43.66093,3.0,42.93071,0.2211703
-117.6068,40.88858,3.0,45.17783,-0.3392166
-146.1221,32.13142,3.0,37.11987,-0.720924
-145.8322,9.063467,3.0,34.11782,0.3561297
-145.1471,-17.20252,3.0,38.880590000000005,0.21463800000000002
-146.0187,-46.86699,4.0,34.6377,-1.3623319999999999
-159.5067,-54.316430000000004,4.0,19.4687,0.20602939999999997
-167.9601,-63.113080000000004,4.0,20.26737,0.2666824
-154.6028,-72.50171999999999,4.0,26.065,0.2207564
-133.1229,-74.79875,4.0,32.49986,0.4618486
-113.1062,-91.01012,4.0,38.06557,0.38423320000000005
-112.053,-117.7876,4.0,37.381029999999996,0.09635857
-132.8657,-132.7394,4.0,34.49152,-0.1570463
-144.9452,-116.3897,4.0,30.15258,0.43444799999999995
-150.9446,-99.08462,4.0,17.63443,-0.2517894
-162.8844,-104.0896,4.0,22.18271,0.4674027
-168.1896,-122.1583,4.0,29.23688,0.2504981
-170.5072,-146.3067,4.0,36.19481,0.46993959999999996
-167.7938,-175.5173,4.0,42.85046,0.45378620000000003
-164.669,-209.4475,4.0,49.16021,0.36567109999999997
-162.3054,-243.8127,4.0,34.27748,-1.646785
-151.7874,-255.5002,4.0,18.21741,-0.2973873
-135.7749,-257.019,4.0,24.8479,0.03032144
-127.0317,-239.5318,4.0,30.37092,0.5241454000000001
-126.9612,-214.9163,4.0,36.6051,0.4977375
-126.0787,-186.4065,4.0,39.57898,-0.2797592
-104.7115,-178.2748,4.0,28.938109999999998,-0.7777227
-102.6639,-193.2967,4.0,21.34415,0.10997960000000001
-114.6149,-200.6844,4.0,7.7822059999999995,-2.708792
-114.5551,-201.5559,4.0,0.0038494640000000004,0.009045576
-114.1545,-201.6623,4.0,2.8145119999999997,0.45488359999999994
-110.62799999999999,-200.6757,4.0,7.066586999999999,0.03503322
-109.681,-198.1951,4.0,0.4899532999999999,0.5321705
-109.3095,-201.2708,4.0,7.798458,0.5282115
-107.6269,-209.4742,4.0,14.63626,0.2416698
-105.5015,-222.5362,4.0,21.03426,0.46253299999999997
-105.84299999999999,-240.3502,4.0,26.951340000000002,0.4207892
-101.1653,-261.1931,4.0,31.521559999999997,0.2597595
-80.61525999999999,-272.0837,4.0,34.01173,0.1317754
-56.22939,-262.9798,4.0,37.27597,0.02512114
-49.28798,-236.9135,4.0,39.00455,0.3611301
-44.8183,-206.9505,4.0,43.25417,0.33885190000000004
-28.311459999999997,-178.2897,4.0,46.4535,0.2422064
-3.679822,-156.4724,4.0,35.18,-2.309567
9.31772,-143.9857,4.0,19.41773,-0.48803679999999994
12.167010000000001,-131.8443,4.0,21.110960000000002,1.106471
1.5530110000000001,-117.014,4.0,27.519029999999997,0.3869147
-7.554807,-96.87141,4.0,32.582679999999996,0.38793920000000004
-10.59517,-71.09382,4.0,37.664629999999995,0.3632749
-7.015447999999999,-41.66809,4.0,42.40927,0.18196020000000002
-1.759766,-8.953688,4.0,46.98372,0.2866167
-6.767957000000001,25.28904,4.0,37.15,-2.059617
-21.01616,40.5625,4.0,30.12312,0.3113061
-44.63475,43.793440000000004,4.0,34.90441,0.39520959999999994
-72.38901,43.290929999999996,4.0,40.034290000000006,0.3660987
-103.7255,41.8354,4.0,43.64863,-0.05093553
-132.4329,38.42661,4.0,26.62657,-3.941667
-143.2966,32.90485,4.0,17.60612,0.41751350000000004
-148.0419,18.71017,4.0,23.34573,0.4184947
-145.6416,-0.5083651,4.0,29.075640000000003,0.41505569999999997
-141.6003,-23.75155,4.0,34.3707,0.34134190000000003
-147.6745,-46.19017,5.0,27.118479999999998,-0.6962634
-165.1733,-56.591730000000005,5.0,28.239520000000002,-1.211191
-164.58599999999998,-69.24831,5.0,18.05549,-0.3099696
-151.7718,-70.47935,5.0,21.041829999999997,0.42444259999999995
-134.4078,-74.43312,5.0,26.994020000000003,0.20837060000000002
-115.27,-84.70107,5.0,31.884840000000004,0.2752168
-108.0609,-107.2904,5.0,34.6138,-0.0006483626
-118.5172,-129.0976,5.0,32.11149,0.3880902
-137.4259,-131.0585,5.0,22.231289999999998,-0.07956773
-144.3331,-114.7415,5.0,26.940690000000004,0.16171760000000002
-158.3571,-100.4294,5.0,24.96921,-0.5692965
-164.9921,-108.6533,5.0,16.61045,-0.15075260000000001
-166.1467,-122.5908,5.0,22.67766,-0.08161642
-168.0152,-144.3453,5.0,38.53922,1.377748
-166.5856,-177.5297,5.0,48.17768,0.50512
-164.2834,-214.1019,5.0,43.45858,-2.717157
-163.6176,-235.0812,5.0,20.31775,-0.4478155
-161.114,-247.9184,5.0,14.963170000000002,-0.1896829
-152.8002,-256.9736,5.0,21.81258,0.843727
-135.2077,-257.1414,5.0,28.79522,0.1528787
-125.5503,-234.2825,5.0,39.52036,0.5418724
-128.0963,-204.9581,5.0,32.96738,-2.610231
-126.9005,-188.7126,5.0,17.63833,-0.4877035
-116.7497,-182.1152,5.0,20.735210000000002,0.3863851
-103.4157,-191.2883,5.0,25.53006,0.39508509999999997
-102.9443,-213.3688,5.0,34.56773,0.27379050000000005
-105.4836,-240.1835,5.0,36.2331,-0.34526490000000004
-101.455,-263.1885,5.0,28.01925,-0.05879801
-81.25003000000001,-272.0874,5.0,32.83644,0.30292040000000003
-57.657619999999994,-263.7816,5.0,35.7869,0.02421608
-48.95295,-238.2071,5.0,39.05958,0.3426887
-44.54135,-207.7405,5.0,43.8458,0.15869
-30.272509999999997,-177.5485,5.0,46.92159,0.1078099
-6.632052000000001,-158.4276,5.0,21.02655,-1.930092
1.906118,-152.8499,5.0,11.103439999999999,-0.3089372
7.123748,-148.6826,5.0,7.26443,-0.0126799
11.25268,-143.8747,5.0,11.70535,0.46775020000000006
12.77548,-133.2635,5.0,17.89591,0.41757380000000005
4.964802,-120.0581,5.0,23.837770000000003,0.42879890000000004
-5.018976,-103.1513,5.0,29.40561,0.39049959999999995
-10.28938,-79.9756,5.0,34.683440000000004,0.3690112
-8.642909,-52.64544,5.0,39.5388,0.3581855
-3.086782,-22.02538,5.0,44.33356,0.3446586
-2.203663,9.804333999999999,5.0,35.51887,-0.7622253000000001
-6.533431,24.69046,5.0,9.542606,-0.15632929999999998
-11.40981,33.6252,5.0,17.68153,0.4363718
-23.62549,42.40566,5.0,23.51645,0.4121141
-42.72696,45.311820000000004,5.0,29.01663,0.2057493
-66.28432,44.87873,5.0,34.52274,0.3919135
-93.80199,43.61312,5.0,39.68367,0.37147140000000006
-123.0265,40.67413,5.0,35.70982,-0.5305066999999999
-139.9637,36.154990000000005,5.0,21.41488,0.3318615
-147.625,20.55965,5.0,26.56131,0.3824234
-145.5677,-0.8160723000000001,5.0,31.78283,0.1930067
-141.849,-26.0366,5.0,33.83113,-0.7746856
-145.095,-42.69113,6.0,12.36502,-0.16694479999999998
-152.0768,-52.170790000000004,6.0,19.856720000000003,-0.2686116
-163.3994,-57.26016,6.0,13.91189,-0.23462260000000001
-165.3333,-66.51666999999999,6.0,17.625220000000002,0.3662527
-151.0516,-72.63234,6.0,28.039709999999996,1.175461
-126.5802,-76.65233,6.0,39.243359999999996,0.677162
-108.9029,-98.95959,6.0,37.29937,-0.6433852
-116.0109,-116.4189,6.0,11.99043,-0.3300373
-119.19200000000001,-125.4947,6.0,18.32317,0.7337519
-128.84,-134.0647,6.0,18.36271,0.47593959999999996
-142.2226,-127.5555,6.0,23.71839,0.31235009999999996
-146.4149,-109.1332,6.0,20.29881,-1.237264
-151.3351,-103.4229,6.0,8.054516,0.1568309
-159.9001,-100.6399,6.0,16.61649,0.4561558
-166.7762,-109.7181,6.0,19.416710000000002,0.8103406
-168.0565,-129.1549,6.0,33.15651,0.9600151
-168.6385,-158.4158,6.0,45.14029,0.3720893
-166.1758,-195.5724,6.0,55.177459999999996,0.6900154000000001
-163.5092,-233.4338,6.0,45.39172,-0.8447621
-154.6356,-257.0475,6.0,27.280640000000002,-1.0019069999999999
-137.9363,-256.3886,6.0,19.48555,-0.47191980000000006
-127.4007,-244.7706,6.0,25.25915,0.39509590000000006
-124.9895,-224.2508,6.0,30.643659999999997,0.1765004
-128.6351,-199.8326,6.0,35.81973,0.1599931
-123.4944,-183.0069,6.0,16.3983,0.3640693
-109.4542,-185.5189,6.0,22.52311,0.1458108
-102.7332,-202.1788,6.0,27.432409999999997,0.405043
-104.0444,-224.5246,6.0,32.8912,0.38760500000000003
-105.6018,-250.7083,6.0,37.89615,0.31157399999999996
-90.64641999999999,-272.16,6.0,36.05867,-0.6414316
-68.05055,-269.1139,6.0,26.95885,-0.5074221999999999
-52.928259999999995,-260.9353,6.0,23.321479999999998,0.5221935999999999
-47.52158,-241.27,6.0,30.92677,0.3911795
-44.1828,-216.5729,6.0,36.30229,0.40007529999999997
-38.88406,-188.5129,6.0,40.59666,0.06817622
-16.98486,-167.5513,6.0,41.73915,-1.6534939999999998
-0.33540529999999996,-154.9378,6.0,14.46836,-0.37822680000000003
6.974585,-149.0407,6.0,12.077580000000001,-0.003413319
12.38773,-140.5099,6.0,16.76874,0.3015339
9.00226,-125.8268,6.0,25.371560000000002,0.7718387
-4.841382,-106.4633,6.0,39.2661,0.49242709999999995
-9.620581,-72.85185,6.0,52.43584,0.43469129999999995
-4.743407,-30.3844,6.0,60.96575,0.11579880000000001
-2.838078,11.09457,6.0,40.9384,-3.345644
-9.034206,29.22192,6.0,20.85139,0.4224303
-21.51097,41.65222,6.0,28.74535,0.3986392
-47.04016,45.34063,6.0,42.20868,1.1844709999999998
-83.79713000000001,43.88568,6.0,56.562630000000006,0.9650347
-119.9925,40.75277,6.0,25.86779,-3.304618
-131.2099,38.5591,6.0,12.47842,0.3203247
-143.8138,32.929159999999996,6.0,23.56213,0.20106110000000002
-147.5488,14.66792,6.0,28.233490000000003,0.206004
-144.0215,-7.995332,6.0,33.713029999999996,0.3858127
-141.8751,-33.42814,7.0,5.66424,0.5260417
-142.6098,-40.166709999999995,7.0,12.57276,0.2487645
-148.8549,-49.74973,7.0,18.72154,0.40559809999999996
-163.1387,-56.615190000000005,7.0,24.31692,0.891865
-167.6863,-69.88974,7.0,16.36431,-0.47935059999999996
-158.6698,-76.93956999999999,7.0,17.43078,0.25418
-144.9238,-74.19653000000001,7.0,20.09836,-0.0353836
-129.4326,-74.10376,7.0,22.66246,0.2187157
-113.7061,-85.368,7.0,30.17385,0.32623800000000003
-108.4618,-107.727,7.0,33.77689,0.26612979999999997
-122.9786,-128.238,7.0,36.463440000000006,0.09765097
-145.7876,-127.4244,7.0,23.51475,-1.8075869999999998
-144.5368,-117.8485,7.0,10.18597,-0.1745263
-144.3732,-108.1005,7.0,17.74129,-0.03203108
-154.428,-101.3741,7.0,18.02807,0.4933508
-165.6329,-109.4922,7.0,20.13525,-0.1338953
-165.9065,-124.6697,7.0,23.02896,0.5899482
-167.9591,-145.4698,7.0,34.98272,0.5210562
-169.703,-176.4135,7.0,48.22116,0.41481850000000003
-169.87099999999998,-215.6019,7.0,52.589209999999994,-0.8785648000000001
-163.1308,-246.891,7.0,32.34935,-0.8946434000000001
-145.6004,-254.4711,7.0,22.8538,-0.2576992
-130.2371,-249.4459,7.0,22.99783,0.08356407
-125.7975,-230.9514,7.0,30.97643,0.39706679999999994
-126.1539,-205.9613,7.0,36.36255,0.3813945
-122.0689,-181.739,7.0,21.05055,-2.168367
-112.0827,-182.8105,7.0,18.04449,0.19388989999999998
-109.2378,-197.8618,7.0,23.8576,0.21934970000000004
-108.7751,-217.7115,7.0,29.6915,0.4015459
-108.0683,-241.7323,7.0,34.98768,0.3033801
-95.82341,-265.3239,7.0,38.16916,0.1944835
-68.81799000000001,-271.9369,7.0,39.39163,-0.00648758
-50.48482,-251.1646,7.0,39.71197,0.0778409
-48.28822,-220.2964,7.0,44.05871,0.3033808
-33.70928,-190.9295,7.0,46.5971,0.3361337
-9.009191,-164.2401,7.0,51.10485,0.31481190000000003
8.691545,-136.0188,7.0,31.6767,-1.836871
3.669895,-118.4482,7.0,28.180870000000002,1.0132290000000002
-5.816476000000001,-97.61349,7.0,36.44088,1.1179290000000002
-2.495078,-64.30658000000001,7.0,54.08048,0.6247879
-0.9360014000000001,-18.46529,7.0,68.93083,0.32451599999999997
-4.48348,26.99932,7.0,48.87321,-2.924516
-22.60918,42.00645,7.0,29.78609,0.5933374
-49.32014,40.60986,7.0,40.30372,0.36235290000000003
-81.02082,40.4272,7.0,45.10633,0.3383894
-116.1164,41.39731,7.0,49.56665,0.1388541
-145.1807,32.337379999999996,7.0,29.596259999999997,-0.5775901999999999
-145.892,11.243789999999999,7.0,31.47427,0.196436
-145.1412,-14.12338,7.0,36.821909999999995,0.37218959999999995
-147.7593,-42.961220000000004,8.0,40.311659999999996,-0.3714407
-165.767,-60.273559999999996,8.0,24.072229999999998,-0.8541575000000001
-164.7882,-75.24586,8.0,25.81914,0.464699
-145.0627,-77.95405,8.0,30.28383,0.1935459
-122.5068,-82.36537,8.0,33.421620000000004,0.2720428
-110.7231,-104.6434,8.0,36.46365,0.08087722
-122.5702,-128.0042,8.0,37.6135,0.1121506
-144.8471,-129.4417,8.0,15.91032,-2.818886
-145.4936,-126.6939,8.0,6.087168,0.25994770000000006
-141.8456,-120.8322,8.0,12.915280000000001,0.44915429999999995
-145.3017,-109.8155,8.0,19.072020000000002,0.4577436
-158.683,-102.3759,8.0,23.36372,0.04055451
-167.8017,-115.5455,8.0,25.556079999999998,0.19586789999999998
-166.7582,-136.5509,8.0,31.028809999999996,0.19077829999999998
-170.7788,-161.1514,8.0,36.272859999999994,0.35731820000000003
-169.8187,-189.8253,8.0,41.077709999999996,0.34386300000000003
-168.7583,-221.9956,8.0,45.78756,0.3318913
-158.9112,-252.6274,8.0,39.22737,-0.8851449
-136.1274,-252.7422,8.0,27.500159999999997,-0.26636750000000003
-127.0357,-233.4633,8.0,32.21696,0.3453795
-127.3536,-207.6863,8.0,37.410990000000005,0.1873842
-121.4854,-182.02599999999998,8.0,25.79825,-1.293399
-110.104,-182.5445,8.0,17.25998,0.17434929999999998
-107.0407,-196.9041,8.0,23.06943,0.4281389
-106.4624,-216.2467,8.0,28.9325,0.4045559
-105.63799999999999,-239.7188,8.0,34.42214,0.35983390000000004
-96.12814,-264.2861,8.0,37.6202,0.13555810000000001
-70.19011,-272.0963,8.0,38.431259999999995,-0.01509258
-49.920759999999994,-252.9133,8.0,39.67875,0.1196452
-46.43267,-222.3598,8.0,43.9625,0.342325
-35.3775,-191.6265,8.0,45.58895,0.23368139999999998
-10.508289999999999,-166.5279,8.0,49.88512,0.14002479999999998
8.325005,-136.4325,8.0,40.95092,-2.5825810000000002
-0.0027922840000000003,-112.6486,8.0,37.68633,1.20508
-5.5663860000000005,-85.45793,8.0,40.27515,0.3599279
-1.58346,-54.088530000000006,8.0,44.95169,0.3286834
-1.489327,-19.14321,8.0,49.43656,0.3229635
-3.06736,19.10526,8.0,52.32745,-0.9066197
-19.306829999999998,42.2582,8.0,26.1,-2.4038049999999997
-26.24362,40.51359,8.0,5.8517980000000005,0.4692547
-31.0441,37.01567,8.0,12.21791,0.47971790000000003
-39.59021,44.19101,8.0,18.577720000000003,0.23034839999999998
-48.02997,48.58665,8.0,0.39491479999999995,-0.9073146000000001
-48.015029999999996,48.58688,8.0,0.04631723,-0.02932645
-48.45778,46.40424,8.0,5.0524510000000005,0.1815777
-47.131609999999995,43.273920000000004,8.0,1.6159219999999999,-1.1640840000000001
-49.234629999999996,44.80863,8.0,8.257897,0.656048
-58.258559999999996,46.2289,8.0,16.91142,0.3273658
-73.83315999999999,44.41597,8.0,25.18224,0.2983996
-95.26071,42.075309999999995,8.0,32.93033,0.5313473000000001
-122.2538,44.31942,8.0,39.7602,0.14431629999999998
-143.8604,28.36583,8.0,38.45267,0.1548281
-144.8038,-2.79785,8.0,46.46452,0.5875570999999999
-141.9175,-33.62305,9.0,3.086425,-0.06570702
-142.2333,-35.7347,9.0,4.803193,1.168628
-144.8663,-43.54486,9.0,14.28059,-0.2157435
-150.9339,-50.7059,9.0,11.54694,-0.0505914
-160.1311,-53.9236,9.0,13.50331,-0.2061111
-166.5535,-59.45975,9.0,10.40877,-0.19882049999999998
-164.3427,-68.69581,9.0,19.342660000000002,0.47577890000000006
-151.1938,-73.6098,9.0,17.72554,-0.1324192
-139.2833,-72.85323000000001,9.0,15.105870000000001,0.5346723000000001
-123.8695,-77.34005,9.0,25.3764,0.08892678
-110.5824,-90.84289,9.0,26.30905,0.03126281
-107.3981,-108.8375,9.0,19.55286,-3.5395260000000004
-109.7445,-118.0594,9.0,11.08073,-0.08715962
-115.4608,-128.4756,9.0,21.69913,0.15176729999999997
-128.361,-135.0336,9.0,17.88176,-0.15376099999999998
-139.5366,-131.2906,9.0,15.83814,0.24890320000000002
-146.4847,-117.0941,9.0,26.14483,0.28807699999999997
-153.9742,-100.9748,9.0,16.56475,-0.3700913
-163.3498,-101.6622,9.0,12.28665,0.143482
-167.4092,-114.8766,9.0,26.35785,0.5336024
-168.6805,-139.5969,9.0,39.92416,0.4229933
-168.2779,-171.9548,9.0,46.1152,0.1245813
-164.8114,-206.5466,9.0,45.15398,-0.6128014
-162.76,-236.3002,9.0,32.22335,-2.016684
-156.006,-254.3516,9.0,23.34163,-0.3706449
-142.2927,-260.3333,9.0,18.08035,-0.39586370000000004
-130.5064,-251.48,9.0,26.590090000000004,0.5477328
-124.9674,-227.7287,9.0,37.58034,0.5381289
-128.3971,-202.6771,9.0,26.07219,-0.8155859999999999
-128.0539,-189.5064,9.0,14.36191,-0.11733980000000001
-121.4412,-182.0379,9.0,17.148889999999998,0.7403438
-108.3226,-184.5012,9.0,17.18671,-0.33143259999999997
-102.836,-194.6217,9.0,18.774720000000002,1.1707530000000002
-103.0821,-214.0471,9.0,32.63192,0.3161575
-106.0917,-240.6987,9.0,37.2233,-0.1082104
-99.46896,-265.7523,9.0,33.877340000000004,-0.16091670000000002
-77.24355,-272.9518,9.0,32.72876,-0.05480782
-56.220890000000004,-262.6072,9.0,32.10713,0.26138720000000004
-48.27283,-239.0769,9.0,35.29804,0.07913581
-44.113279999999996,-212.3674,9.0,36.38609,-0.15875999999999998
-37.78614,-187.5834,9.0,32.32018,-0.40662909999999997
-23.85622,-170.9556,9.0,26.433790000000002,-0.36683790000000005
-9.332606,-160.6957,9.0,21.80432,-0.1851188
3.196281,-152.3623,9.0,18.38881,-0.2599032
12.01726,-141.4917,9.0,21.89067,0.468995
7.934425,-124.3377,9.0,27.543159999999997,0.13729460000000002
-5.002171,-107.3345,9.0,29.6152,0.01951053
-10.47989,-85.85200999999999,9.0,30.324559999999998,0.05768858
-10.5167,-62.08374,9.0,34.21418,0.1727003
-6.437685,-36.44242,9.0,35.76024,0.07952949
-2.261015,-9.890665,9.0,36.74749,0.02332319
-3.6794839999999995,13.8425,9.0,26.329559999999997,-0.6543736
-8.425575,29.52536,9.0,19.11366,-0.289984
-20.38924,41.30019,9.0,27.52849,0.524552
-42.823679999999996,45.035779999999995,9.0,34.3928,0.25401929999999995
-70.94191,44.01061,9.0,41.5759,0.5049443
-104.3419,42.99118,9.0,48.10651,0.008366713000000001
-136.3405,38.25083,9.0,34.11525,-0.747693
-146.8064,17.35696,9.0,35.14304,0.4280535
-141.5206,-10.7855,9.0,41.7848,0.1931678
-144.0071,-35.865109999999994,10.0,18.74983,-1.960918
-149.125,-47.89973,10.0,20.65943,0.07726359
-160.4039,-55.379430000000006,10.0,16.653370000000002,-0.1288131
-167.1336,-63.02721,10.0,13.29375,0.2116111
-160.2551,-72.49915,10.0,17.83529,-0.1564364
-146.8668,-72.48881999999999,10.0,18.58033,-0.19448379999999998
-133.5835,-73.95069000000001,10.0,21.35802,0.7032166999999999
-116.3671,-82.69843,10.0,29.782259999999997,0.49129579999999995
-107.1405,-104.3051,10.0,35.409209999999995,0.403933
-115.0521,-127.1988,10.0,25.2853,-0.5418118000000001
-130.0467,-133.7835,10.0,19.95584,-0.28879920000000003
-141.8114,-128.4461,10.0,19.15617,0.6075435
-146.789,-112.2941,10.0,24.32384,-0.37293259999999995
-150.9836,-103.9097,10.0,4.182529,0.35405549999999997
-157.2234,-100.5283,10.0,13.75115,0.2506262
-166.4729,-107.3129,10.0,19.902060000000002,0.47401279999999996
-168.1864,-124.6015,10.0,26.971320000000002,0.2434132
-168.9243,-147.2292,10.0,34.23857,0.1647316
-168.2684,-173.81599999999997,10.0,37.84527,0.14823440000000002
-165.8149,-202.7596,10.0,39.27525,-0.6061531
-164.0308,-228.9133,10.0,31.61197,-0.510223
-160.4457,-249.24099999999999,10.0,24.507579999999997,-0.2765243
-147.9538,-259.1451,10.0,22.56656,0.24629720000000002
-132.3281,-253.9719,10.0,24.10616,0.2506351
-125.1482,-236.1408,10.0,27.83441,0.09873726
-126.3212,-214.4671,10.0,30.458479999999998,-0.5156084
-127.9192,-196.1982,10.0,17.31138,-0.3153141
-126.3373,-185.2804,10.0,12.74217,-0.3747095
-117.4488,-181.9023,10.0,16.33609,0.25095239999999996
-105.6063,-186.8822,10.0,17.91957,0.019514300000000002
-103.1071,-200.396,10.0,20.1883,0.1825028
-104.0851,-216.172,10.0,21.81468,0.01975
-105.3981,-232.9707,10.0,25.69355,0.496742
-105.4544,-254.0674,10.0,29.93668,-0.0019064589999999999
-92.91403000000001,-271.1,10.0,31.98896,0.6733496999999999
-66.96974,-270.0757,10.0,38.373329999999996,0.1980267
-50.09755,-249.201,10.0,39.15789,0.46206899999999995
-45.75062,-218.2928,10.0,43.96928,0.04494544
-38.188,-189.6484,10.0,35.62984,-0.6098788
-23.818720000000003,-171.4261,10.0,27.987040000000004,-0.4796692
-9.39506,-161.0319,10.0,15.33494,-1.8409060000000002
-0.6572683000000001,-154.9537,10.0,18.724629999999998,0.423882
10.36106,-145.4207,10.0,19.14218,0.26278
11.4402,-128.9709,10.0,27.24677,0.2808062
-3.115559,-112.1296,10.0,32.83289,0.3561727
-10.02704,-87.74287,10.0,32.71367,-0.5503697
-9.757755,-63.79768000000001,10.0,34.899190000000004,0.468342
-6.526434,-35.7362,10.0,41.16291,0.4274192
-1.974878,-3.428288,10.0,46.86331,0.3833703
-8.331173,30.537979999999997,10.0,43.7705,-0.4684724
-35.63176,44.80423,10.0,44.66005,0.3316821
-70.53517,44.23623,10.0,49.78991,0.4106688
-109.1685,41.85893,10.0,53.11107,-1.438151
-140.7568,35.17978,10.0,39.130390000000006,-0.1800934
-147.0088,10.383,10.0,37.67405,0.42228140000000003
-141.5063,-18.840020000000003,10.0,42.78522,0.34385079999999996
-148.2762,-44.32497,11.0,34.87105,0.3585846
-167.2762,-63.21046,11.0,35.1054,-1.641102
-165.5724,-80.27435,11.0,20.09196,0.12975230000000001
-153.0086,-73.11153,11.0,23.89639,0.3748041
-135.2185,-72.05134,11.0,28.281940000000002,0.22264120000000004
-116.73299999999999,-85.5596,11.0,31.104540000000004,-0.5214441
-109.0445,-107.1682,11.0,34.46757,0.3213705
-119.319,-128.3849,11.0,27.60769,-0.566637
-138.5996,-130.5117,11.0,30.539409999999997,0.171763
-145.0407,-109.1409,11.0,27.406879999999997,-3.059025
-151.2999,-101.2038,11.0,15.209879999999998,0.6579792
-164.7413,-105.7139,11.0,23.82781,0.2359359
-166.1535,-125.0077,11.0,29.67492,0.2432064
-167.8313,-149.3553,11.0,36.126709999999996,0.22054079999999998
-167.2393,-178.2476,11.0,42.11716,0.45844579999999996
-164.234,-211.5133,11.0,47.9308,0.40789159999999997
-160.9372,-244.6269,11.0,37.54177,-1.346203
-145.6789,-259.6544,11.0,29.67845,0.30425290000000005
-128.6521,-249.0671,11.0,30.67353,0.1955004
-125.2966,-224.1592,11.0,36.82971,0.3845885
-127.9771,-196.5484,11.0,34.16765,-0.5534628
-116.4005,-179.5985,11.0,26.37906,-0.3571966
-107.0981,-192.4311,11.0,25.93459,0.2425475
-105.8535,-213.9489,11.0,32.38398,0.4297496
-107.1745,-240.1307,11.0,38.456990000000005,0.4119677
-97.67012,-267.407,11.0,40.55659,-0.43482780000000004
-69.42963,-270.6596,11.0,41.5592,0.3190039
-49.36303,-249.6303,11.0,41.90762,0.3717811
-44.178670000000004,-216.8342,11.0,47.64241,0.3883247
-33.268229999999996,-181.9424,11.0,51.48332,0.06618603
-7.300304,-160.7268,11.0,35.93238,-0.7622668
9.963569999999999,-144.9211,11.0,27.87657,-0.6159800999999999
9.976861,-127.4432,11.0,24.58895,0.4596379
-2.380049,-110.9819,11.0,30.98606,0.18840220000000002
-9.285212,-86.93717,11.0,36.98939,0.21443600000000002
-9.473535,-57.35745,11.0,42.865,0.1947708
-3.5956589999999995,-23.996579999999998,11.0,48.56475,0.39086329999999997
-3.248303,13.67777,11.0,53.19175,0.3066098
-22.28388,43.25623,11.0,46.56731,-0.20874629999999997
-56.91011999999999,43.425090000000004,11.0,49.37125,0.1944067
-95.44785999999999,41.63408,11.0,54.7328,0.3765188
-133.6927,38.116640000000004,11.0,44.042390000000005,0.022279900000000002
-149.9758,14.440660000000001,11.0,40.16703,-0.02061999
-142.3203,-15.9741,11.0,44.683440000000004,0.14821779999999998
-147.6725,-45.96679,12.0,33.5456,-0.7409483
-165.7251,-56.465759999999996,12.0,28.285729999999997,-0.188823
-162.8286,-71.69252,12.0,23.936629999999997,0.09620316
-143.27,-71.18121,12.0,29.72924,0.22590100000000002
-120.6584,-79.0994,12.0,35.46245,0.1934961
-106.6636,-102.0541,12.0,39.04312,0.152456
-115.2705,-123.9392,12.0,27.128429999999998,0.45694409999999996
-132.2622,-132.9196,12.0,23.21516,-0.5027640999999999
-145.3679,-124.3531,12.0,24.978620000000003,0.3654889
-149.7927,-104.7506,12.0,26.03298,-0.8604378
-163.9111,-102.4869,12.0,19.96443,0.16142579999999998
-167.5901,-119.555,12.0,30.991809999999997,0.6483142
-168.4679,-146.2051,12.0,39.08678,0.43341890000000005
-167.3011,-177.2815,12.0,44.73056,0.1961691
-165.1694,-212.4694,12.0,50.399440000000006,0.4113782
-160.8656,-247.9821,12.0,42.82601,-0.6389444000000001
-140.5556,-257.4328,12.0,26.515340000000002,-0.2520825
-128.7503,-239.6601,12.0,32.05639,0.3335038
-125.6062,-213.8959,12.0,38.01044,0.1790195
-127.7098,-188.1771,12.0,32.67561,-0.4179476
-110.242,-181.5928,12.0,26.07515,-0.438287
-109.0894,-199.0155,12.0,27.718709999999998,0.43502219999999997
-110.1287,-221.7077,12.0,34.077259999999995,0.4676625
-106.8051,-249.1464,12.0,40.278929999999995,0.3981297
-88.94905,-271.3607,12.0,39.38808,-0.10365719999999999
-59.397830000000006,-266.4087,12.0,43.23949,0.2950301
-45.71748,-242.7144,12.0,34.77275,-0.7624785
-53.69794,-222.4506,12.0,19.40554,-2.996086
-53.12265,-216.2667,12.0,5.597022,-0.01191387
-53.22599,-215.2694,12.0,3.1730150000000004,0.2970461
-49.32589,-218.7681,12.0,11.19895,0.5098805999999999
-42.46947,-212.3659,12.0,14.99988,-0.1528644
-41.64523,-202.3082,12.0,15.36145,0.5473857
-38.68439,-187.4824,12.0,24.159689999999998,0.48625619999999997
-26.40543,-171.5844,12.0,30.585359999999998,0.22634539999999997
-5.266078,-158.2335,12.0,36.97336,0.4604
11.95399,-138.1823,12.0,32.222770000000004,-0.9153374
4.3308290000000005,-118.03299999999999,12.0,33.91191,1.248989
-9.138079,-90.24088,12.0,49.5344,1.288602
-8.408032,-51.21154,12.0,55.262209999999996,0.3727773
-2.351275,-8.937432000000001,12.0,60.02086,0.29753670000000004
-7.2108300000000005,26.444570000000002,12.0,31.054570000000002,-0.5956674
-25.27509,43.93858,12.0,37.04932,0.23452240000000002
-54.09864,44.40234,12.0,41.907740000000004,0.4131782
-87.23005,44.226859999999995,12.0,47.55526,0.18386029999999998
-123.9288,40.38152,12.0,49.22359,-0.4035135
-152.8792,24.859820000000003,12.0,43.119659999999996,-0.7686761999999999
-153.5714,12.63825,12.0,4.9005,-0.433904
-151.0567,12.58602,12.0,8.032525,0.5710536
-146.5886,5.646319999999999,12.0,15.703470000000001,0.5315844
-145.4441,-8.773539999999999,12.0,23.12708,0.5025798
-142.1457,-28.2166,12.0,30.01101,0.2143217
-142.4147,-36.77919,13.0,9.369784,0.6056104999999999
-146.6043,-45.59322,13.0,17.07028,0.2678685
-159.246,-53.97164,13.0,24.16181,0.2367395
-166.9159,-68.35410999999999,13.0,20.33584,-0.5832331000000001
-156.8479,-76.17638000000001,13.0,18.92004,0.2032351
-141.9564,-72.94806,13.0,19.78744,-0.19474370000000002
-127.0788,-73.76524,13.0,23.83955,0.497384
-111.6416,-85.77063000000001,13.0,29.792720000000003,0.42395309999999997
-107.2629,-108.8801,13.0,34.72607,0.1322156
-123.4003,-129.6418,13.0,38.48451,0.19446329999999998
-144.9889,-127.6411,13.0,19.842979999999997,-0.8415792999999999
-143.2475,-122.8492,13.0,8.108373,0.5761903
-138.4288,-122.338,13.0,2.592492,0.3583095
-142.9109,-123.9721,13.0,9.940658,0.4084144
-145.5344,-128.8899,13.0,2.870073,-0.8015031
-145.2269,-127.3542,13.0,6.776324000000001,0.6440600000000001
-141.3975,-120.0419,13.0,15.343279999999998,0.5827005000000001
-141.8788,-106.5331,13.0,22.41368,0.2527179
-156.9053,-98.02425,13.0,25.7792,-0.6417480999999999
-166.9553,-110.9862,13.0,26.852520000000002,0.3654241
-167.8068,-133.562,13.0,34.02093,0.5178461
-167.6356,-161.4122,13.0,40.73532,0.23241900000000001
-167.9707,-193.9661,13.0,47.08933,0.4627246
-167.7741,-231.0521,13.0,52.646530000000006,-0.2075322
-148.8627,-256.9834,13.0,42.43201,-0.34313540000000003
-127.8331,-247.3274,13.0,29.670759999999998,0.4771911
-128.1387,-221.9843,13.0,39.544000000000004,0.35890409999999995
-127.6435,-192.7712,13.0,28.74713,-2.985847
-121.0375,-182.3018,13.0,14.173929999999999,0.1327082
-109.1757,-185.4262,13.0,21.717270000000003,0.43241709999999994
-104.7647,-203.0818,13.0,28.472070000000002,0.5046099000000001
-107.6363,-226.5555,13.0,35.419979999999995,0.24699250000000003
-102.9202,-254.0267,13.0,40.76638,0.1826213
-79.39745,-272.5272,13.0,42.6195,-0.004166108
-53.07171999999999,-258.8129,13.0,42.52008,0.01263231
-48.64412,-226.6748,13.0,46.96546,0.2095455
-40.58072,-195.7111,13.0,42.91195,0.38540040000000003
-18.53066,-170.2089,13.0,48.62981,0.4355737
6.053667,-141.5614,13.0,49.945240000000005,-0.8330927
3.756076,-111.5557,13.0,35.52641,-1.185381
-8.950378,-94.23276,13.0,28.783209999999997,1.265774
-6.177607,-69.75496,13.0,36.71027,0.23285010000000003
-5.4000639999999995,-40.1133,13.0,43.303509999999996,0.4653231
-3.92971,-5.732794999999999,13.0,49.46444,0.4427932
-8.723385,30.5561,13.0,44.28606,-1.6405759999999998
-29.5126,41.15298,13.0,23.61114,-1.8088560000000002
-35.06563,32.57877,13.0,0.8111355,-1.16489
-35.128809999999994,32.58977,13.0,0.06058696,-0.01278629
-35.1731,32.59695,13.0,0.28959109999999993,0.49694049999999995
-34.25155,35.86805,13.0,8.636088,0.2669592
-32.53103,43.090990000000005,13.0,6.8437149999999995,-0.7460220000000001
-32.31218,44.51233,13.0,2.575279,0.30791209999999997
-35.85244,41.373290000000004,13.0,10.60966,0.5112485
-46.028079999999996,43.5596,13.0,17.876620000000003,0.2539244
-61.69059,45.2399,13.0,24.662470000000003,0.4659764
-82.1512,42.400729999999996,13.0,31.07436,0.2156916
-107.376,42.9637,13.0,36.96866,0.1892114
-135.2736,36.77003,13.0,39.7182,-0.04075891
-147.9228,12.811010000000001,13.0,39.35836,0.3589515
-144.8678,-18.12964,13.0,44.68842,0.35521020000000003
-149.6224,-49.9579,14.0,37.05943,-2.374616
-163.3635,-65.87025,14.0,22.98046,-0.26851759999999997
-150.0598,-75.70428000000001,14.0,27.27812,0.4291678
-127.9617,-77.86707,14.0,32.59066,0.2854379
-110.8471,-96.15436,14.0,36.46933,0.08734515
-115.7468,-122.3994,14.0,38.682179999999995,0.07125278
-139.797,-131.0392,14.0,29.00818,-1.7166569999999999
-145.8137,-120.4343,14.0,4.323646,-1.484709
-146.4324,-119.321,14.0,1.9256849999999999,-0.007962489
-147.2637,-118.288,14.0,1.574209,-0.03036634
-148.4149,-117.4942,14.0,3.7111650000000003,0.35516790000000004
-150.9627,-117.4811,14.0,0.7347816,-0.6860925
-148.4709,-116.0045,14.0,8.379158,0.6102204000000001
-144.5943,-107.9532,14.0,16.44686,0.5536201999999999
-152.9371,-97.16638,14.0,22.58034,0.328752
-167.11900000000003,-105.2132,14.0,26.35564,0.2972337
-166.4677,-126.7886,14.0,32.80304,0.5079585
-166.7333,-153.6073,14.0,39.62526,0.24276140000000002
-166.9747,-185.412,14.0,46.13941,0.489295
-166.9548,-221.84900000000002,14.0,52.21999,0.41546869999999997
-154.9356,-252.1704,14.0,34.473290000000006,-1.913676
-141.6921,-252.7737,14.0,5.971081,-0.9856678
-141.31799999999998,-249.9521,14.0,2.533239,-0.161964
-137.7029,-247.9904,14.0,9.662695,0.7982372
-128.7002,-251.3386,14.0,13.99751,-0.319948
-121.3564,-248.8124,14.0,9.765862,0.38457359999999996
-122.9386,-238.7273,14.0,18.58889,0.5504069
-126.1747,-222.3768,14.0,26.2934,0.25912820000000003
-127.7262,-200.2266,14.0,33.62331,0.5086989000000001
-118.4386,-179.5631,14.0,29.64888,-0.723867
-105.4885,-188.4445,14.0,27.17275,1.150829
-107.1502,-215.7461,14.0,47.0701,1.401429
-101.7533,-255.1435,14.0,55.198809999999995,-0.6763071999999999
-73.02528000000001,-272.3167,14.0,46.15225,0.2130696
-48.85609,-252.9619,14.0,43.178329999999995,-0.0327731
-49.18994,-219.6642,14.0,47.39796,0.1821501
-33.22172,-187.3774,14.0,51.58813,0.3632146
-4.522155000000001,-159.2759,14.0,56.98111,0.1436983
9.774154,-126.9001,14.0,34.00858,-2.4868330000000003
-1.687345,-109.90899999999999,14.0,27.512059999999998,0.5786971
-5.831743,-87.67034,14.0,34.17344,0.49784989999999996
-3.600542,-59.91795,14.0,40.96468,0.2407906
-2.279961,-27.126079999999998,14.0,47.37417,0.2088341
-3.1922,10.17512,14.0,53.35378000000001,0.4132875
-18.410870000000003,40.26678,14.0,43.56041,-0.1879347
-50.70077,40.79998,14.0,46.76054,0.446979
-87.70615,40.17644,14.0,52.76481,0.4293717000000001
-127.2704,41.0467,14.0,46.830940000000005,-1.893187
-145.3221,25.6388,14.0,19.442510000000002,-1.330162
-143.9155,22.53268,14.0,5.099016000000001,0.6625840000000001
-141.3629,25.34524,14.0,3.2420720000000003,-0.7955211
-142.6219,23.631320000000002,14.0,7.257458,0.43909549999999997
-148.3531,21.58403,14.0,6.21473,-0.8652103999999999
-149.0907,21.791629999999998,14.0,3.861336,0.7048803000000001
-144.3709,17.7884,14.0,12.83027,0.316137
-140.8631,5.9060760000000005,14.0,21.06128,0.29361859999999995
-141.6162,-12.65058,14.0,29.014870000000002,0.523459
-141.7999,-34.71783,1.0,5.89426,-0.07812452
-142.2048,-41.00067,1.0,13.047039999999999,0.6729715999999999
-148.5058,-51.8049,1.0,21.40019,0.2975853
-162.4442,-63.71606,1.0,27.563240000000004,-0.04185702
-153.1692,-76.8127,1.0,24.06009,-0.10420209999999999
-138.3755,-68.69475,1.0,14.98349,-0.46095640000000004
-135.8669,-68.27821,1.0,0.02433893,0.0001815244
-135.8481,-68.28104,1.0,0.02550871,-0.0003225832
-135.8306,-68.28333,1.0,0.01718911,-0.02589369
-136.0455,-69.2625,1.0,4.353961,0.14513389999999998
-135.7582,-72.59562,1.0,4.397851,-0.04678347
-136.0098,-75.48669,1.0,3.559383,-0.03151912
-136.6325,-76.32989,1.0,2.905306,0.35564629999999997
-131.39,-74.94051999999999,1.0,11.91067,0.657572
-120.6589,-79.21715999999999,1.0,19.60442,0.26098330000000003
-112.5404,-94.60403000000001,1.0,27.359309999999997,0.2875833
-112.1259,-116.6829,1.0,33.3996,0.406066
-131.1614,-133.2335,1.0,36.10145,-0.46316309999999994
-146.8616,-123.079,1.0,22.49612,0.03088819
-138.3917,-110.0095,1.0,13.90584,-0.5626057
-138.4579,-108.7183,1.0,0.022680000000000002,0.009550761
-138.4587,-108.7355,1.0,0.02282696,0.03372418
-139.8184,-108.2649,1.0,6.247228,0.18965420000000002
-145.0589,-109.9123,1.0,7.661223,-0.25762470000000004
-145.2235,-109.9095,1.0,5.0788470000000006,0.6422566999999999
-144.9012,-103.1372,1.0,13.553339999999999,0.569132
-154.3058,-95.75784,1.0,17.77232,-0.4045787
-164.1302,-100.2921,1.0,14.590720000000001,0.4909152
-166.968,-116.4784,1.0,29.47725,0.44099279999999996
-169.1893,-141.6045,1.0,38.19262,0.5248855
-163.4761,-169.1716,1.0,34.822829999999996,-0.2908443
-167.7731,-192.4178,1.0,32.181340000000006,1.3436059999999999
-166.8114,-220.93099999999998,1.0,38.540209999999995,-0.28283909999999995
-162.1858,-245.6217,1.0,29.13847,-0.8630834999999999
-143.9951,-250.6148,1.0,28.70257,0.6052847
-123.5732,-241.4801,1.0,29.37893,-0.6821520000000001
-128.2503,-225.9354,1.0,25.52936,0.1800412
-126.4562,-210.7861,1.0,22.05959,-0.356306
-123.7097,-197.6268,1.0,18.14733,0.005133289
-123.0285,-186.2011,1.0,14.415070000000002,0.05897841
-111.6372,-187.2155,1.0,17.57081,-0.6478361
-110.1991,-198.5594,1.0,14.18591,-0.09201839
-109.8303,-210.1247,1.0,19.30217,0.6043264
-108.0743,-227.2262,1.0,27.03685,0.26582870000000003
-104.3911,-249.6386,1.0,34.106390000000005,0.4238383
-87.22913,-269.4427,1.0,38.3924,0.2014269
-60.21516,-264.738,1.0,39.47622,-0.01114108
-51.987829999999995,-237.2931,1.0,41.97084,0.21707089999999998
-42.93736,-205.9534,1.0,47.08655,0.40051279999999995
-20.24334,-177.1315,1.0,52.51396999999999,0.20640529999999999
4.630441,-144.5925,1.0,57.9811,0.33063159999999997
11.33867,-110.5425,1.0,25.79954,-1.157713
9.9522,-104.3438,1.0,0.8275445,-0.16454960000000002
9.824652,-104.2871,1.0,1.224352,0.5362635
12.72614,-106.2223,1.0,7.458163000000001,0.3342482
17.97779,-107.0814,1.0,3.8796160000000004,-0.7733329000000001
17.39769,-107.2652,1.0,5.332192,0.6199905
10.86912,-110.0353,1.0,13.80897,0.4202639
0.6524647,-109.1245,1.0,17.68489,0.36310149999999997
1.2530139999999999,-93.78963,1.0,24.4865,0.4904535
-3.6568050000000003,-74.02025,1.0,31.0591,0.2305474
-5.730294000000001,-48.62255,1.0,37.71267,0.23331079999999998
-6.4396510000000005,-18.303729999999998,1.0,44.12357,0.4682576
-6.719191,16.6464,1.0,49.97975,0.1155876
-16.541320000000002,43.054759999999995,1.0,22.32907,-2.366095
-26.06549,40.47505,1.0,16.49513,0.5129685
-40.25127,38.21294,1.0,23.516029999999997,0.544233
-60.22211,39.775220000000004,1.0,30.683809999999998,0.513501
-85.52214000000001,39.6141,1.0,37.50821,0.22728539999999997
-115.6929,40.46678,1.0,43.94746,0.46956279999999995
-142.3535,34.11849,1.0,27.800790000000003,-1.0884850000000001
-141.46200000000002,24.4038,1.0,8.070516,-0.1046897
-137.7515,24.26335,1.0,0.06606957,-0.007142608000000001
-137.7517,24.21883,1.0,0.05935368,0.03542701
-138.9337,24.5246,1.0,5.3299900000000004,0.5112515999999999
-145.0873,24.11581,1.0,10.718869999999999,0.14806889999999998
-150.8466,25.325029999999998,1.0,3.138451,-0.34474920000000003
-149.9561,24.813270000000003,1.0,5.660382,0.6151864
-147.0391,18.60995,1.0,13.38964,0.2551297
-151.6751,7.149586,1.0,20.005329999999997,0.1721901
-148.7112,-9.37698,1.0,26.221,0.47762079999999996
-146.04399999999998,-31.005290000000002,1.0,32.60219,0.4448021
-156.8959,-50.89371,2.0,32.75674,0.21480589999999997
-165.9137,-68.5862,2.0,25.055429999999998,-0.48796629999999996
-156.4521,-70.97743,2.0,8.492173,-0.21397470000000002
-155.7094,-68.5273,2.0,0.05643798,0.005418795
-155.6759,-68.52904000000001,2.0,0.12580070000000002,0.0634414
-156.1843,-70.92044,2.0,5.285985,-0.02339942
-156.7395,-74.54353,2.0,4.518206,-0.7544019000000001
-156.2183,-74.2457,2.0,5.569912,0.6555068000000001
-149.1227,-73.18894,2.0,14.457889999999999,0.5785823
-137.9993,-80.93674,2.0,20.6865,-0.39899409999999996
-124.633,-84.30883,2.0,17.04961,-0.2845199
-113.1591,-96.25887,2.0,29.676990000000004,0.42161899999999997
-114.5221,-118.1316,2.0,31.75501,0.13915070000000002
-133.7968,-130.791,2.0,31.09784,-0.8645993000000001
-145.205,-120.4375,2.0,20.206670000000003,0.18411470000000002
-139.3467,-106.2469,2.0,18.82997,-0.6417608
-152.1943,-101.6568,2.0,21.43153,-0.01497361
-161.0276,-110.3918,2.0,16.7955,0.03218541
-162.7848,-122.8462,2.0,18.5103,0.1317641
-165.3931,-139.4075,2.0,26.924640000000004,0.5708654000000001
-165.2752,-162.236,2.0,34.59533,0.27338379999999995
-165.6127,-190.6696,2.0,41.87532,0.5108202000000001
-165.7993,-224.2045,2.0,48.58631,0.2167262
-158.6538,-248.8528,2.0,21.49543,-0.2414877
-140.7772,-251.9539,2.0,28.760479999999998,0.5455036
-125.0703,-240.6494,2.0,25.21835,-0.9652609000000001
-126.9434,-220.7914,2.0,32.37117,0.27487090000000003
-126.5202,-194.5142,2.0,36.05552,-2.376329
-120.3382,-184.0392,2.0,11.54941,0.33464790000000005
-111.5748,-189.4668,2.0,18.63737,0.5210434
-109.8582,-206.167,2.0,26.68828,0.29153779999999996
-107.4808,-228.7039,2.0,34.41742,0.5448757
-100.1216,-255.7135,2.0,41.0265,0.3748495
-75.58635,-270.6906,2.0,40.23264,-0.04896038
-51.42423,-253.6907,2.0,42.332370000000004,0.01838022
-49.29717,-221.8852,2.0,45.94234,0.1817349
-35.40059,-189.9311,2.0,50.13704,0.4398536
-8.366072,-161.1466,2.0,56.274809999999995,0.4215737
8.959255,-130.4864,2.0,28.24291,-2.969202
0.9349582000000001,-118.4531,2.0,22.154139999999998,0.5539236
-6.448269,-101.4519,2.0,29.210790000000003,0.5408609999999999
-6.629733,-77.02752,2.0,36.6884,0.26818790000000003
-6.792739999999999,-47.18955,2.0,43.81028,0.5016717
-7.207305,-12.204189999999999,2.0,50.47249,0.4507335
-8.032387,26.92519,2.0,49.59779,-1.8399150000000002
-22.93935,46.06178,2.0,17.50923,-1.355972
-25.63634,44.79436,2.0,5.253551,0.6474816
-29.43703,39.83173,2.0,13.5765,0.28854609999999997
-41.3871,44.35498,2.0,21.72684,0.5756909
-59.5107,45.39653,2.0,28.768729999999998,0.291846
-83.51057,42.13446,2.0,36.36353,0.5249658
-113.0563,41.16209,2.0,43.41498,0.495201
-144.4465,33.27421,2.0,37.72123,-1.04929
-149.911,19.07207,2.0,5.047785,-2.410766
-146.5936,19.31501,2.0,8.777679,0.5701477
-143.4807,11.21428,2.0,16.94087,0.5643746000000001
-150.9026,-2.13903,2.0,24.03943,0.21598449999999997
-146.6619,-21.29325,2.0,30.301509999999997,0.2360382
-142.4384,-37.0493,3.0,12.06697,-0.09107635
-145.5068,-45.08508,3.0,12.47906,0.8499576999999999
-154.7669,-52.735640000000004,3.0,16.271910000000002,-0.2686275
-164.8542,-56.25835,3.0,12.74206,-0.29871090000000006
-166.0228,-63.81871999999999,3.0,9.644002,-0.14069679999999998
-159.9745,-71.1183,3.0,17.19374,0.5240099
-144.6966,-71.7835,3.0,24.76451,0.5180994000000001
-124.9296,-77.90645,3.0,28.53902,-0.4482927
-111.3093,-90.87897,3.0,23.39527,-0.1054911
-108.2107,-110.0029,3.0,27.34858,-0.4309105
-115.3549,-126.4196,3.0,21.82594,-0.19350920000000002
-129.4653,-133.7189,3.0,24.63656,0.4759064
-142.965,-124.9314,3.0,26.877670000000002,0.5336886
-151.4657,-105.5894,3.0,24.20786,-0.9521386999999999
-163.5401,-106.4466,3.0,19.09769,0.49019009999999996
-167.7216,-122.6196,3.0,26.792340000000003,0.5590393
-169.9199,-145.2295,3.0,34.391870000000004,0.25119339999999996
-167.6089,-173.2038,3.0,41.4202,0.5018239000000001
-165.7323,-206.37400000000002,3.0,48.0871,0.47386009999999995
-163.4739,-242.4146,3.0,45.68892,-0.1654783
-145.9921,-259.1931,3.0,27.4486,-0.9515110000000001
-130.0823,-247.0712,3.0,30.71448,-0.007149946
-126.4578,-223.702,3.0,35.68914,0.2601117
-127.4558,-197.2359,3.0,33.96658,-0.160377
-118.1407,-178.8114,3.0,24.05209,0.03267211
-108.9651,-188.0441,3.0,22.3706,0.5600225999999999
-107.2375,-206.6419,3.0,29.320940000000004,0.28094709999999995
-104.9706,-229.1306,3.0,29.16872,-0.4123463
-105.9914,-250.5332,3.0,34.10429,0.9449704
-91.26575,-271.1035,3.0,36.32699,-0.1288854
-66.59829,-268.7568,3.0,22.22624,-3.187831
-57.06149,-267.3828,3.0,6.162323000000001,-0.9419692
-56.6837,-267.0823,3.0,2.421504,-0.16600979999999999
-57.08566,-267.3042,3.0,1.693515,0.5313349
-54.773480000000006,-264.6234,3.0,6.970889,0.1007946
-49.87753,-262.4038,3.0,7.976444,-0.08516209
-48.30055,-263.5009,3.0,2.57741,0.6712260999999999
-50.11197,-258.7073,3.0,11.152289999999999,0.6113738000000001
-48.010290000000005,-247.7075,3.0,19.18799,0.5738343000000001
-44.64891,-231.0341,3.0,26.714570000000002,0.5338598000000001
-42.12738,-208.7027,3.0,33.820170000000005,0.5059353
-33.45078,-183.7972,3.0,38.28955,0.2091306
-12.35928,-162.8296,3.0,34.97187,-0.9194277
2.612993,-150.6893,3.0,21.636020000000002,-0.36442559999999996
11.32198,-139.7693,3.0,16.651310000000002,-0.3512267
10.40817,-128.7944,3.0,16.248920000000002,0.2830679
1.783275,-116.7982,3.0,23.72505,0.26698990000000006
-6.856965,-98.49471,3.0,30.7954,0.4856174
-10.48338,-73.5937,3.0,37.37872,0.47319540000000004
-7.7026,-43.627520000000004,3.0,43.68285,0.4612818
-3.578854,-10.63336,3.0,42.40327,-0.47039840000000005
-4.2899,11.298110000000001,3.0,14.252020000000002,-1.019462
-4.987529,15.785820000000001,3.0,6.65078,0.6486199
-6.733258999999999,23.73878,3.0,15.22442,0.6051812
-13.35244,36.08021,3.0,22.83149,0.4827612
-30.6753,44.5712,3.0,29.63668,0.1947908
-54.99419,44.674609999999994,3.0,36.33679,0.49313640000000003
-84.40623000000001,43.63818,3.0,43.01045,0.46056540000000007
-117.9456,40.84359,3.0,45.1215,-0.3334526
-146.3101,31.92308,3.0,37.0061,-0.6756206
-145.7216,8.835847,3.0,34.1444,0.1638159
-145.1564,-17.49221,3.0,38.95511,0.4393944
-146.1331,-47.10504,4.0,34.17353,-2.625899
-159.6456,-54.32075,4.0,19.50171,0.2003568
-167.9177,-63.25421,4.0,20.313270000000003,0.27731500000000003
-154.4084,-72.5245,4.0,26.139129999999998,0.43596599999999996
-132.8949,-74.8884,4.0,32.57674,0.4588428
-112.9571,-91.24794,4.0,38.12877,0.3782462
-112.1925,-118.0294,4.0,37.39757,0.09857698
-133.1193,-132.7112,4.0,34.45149,-0.23595120000000003
-144.9045,-116.1746,4.0,30.188670000000002,0.22774149999999999
-151.0733,-99.05006,4.0,17.55317,-0.4746508
-162.9796,-104.2177,4.0,22.261879999999998,0.49466640000000006
-168.2182,-122.3649,4.0,29.3271,0.5513979999999999
-170.4966,-146.5809,4.0,36.27272,0.4576606
-167.7668,-175.8223,4.0,42.92886,0.48196140000000004
-164.6274,-209.8544,4.0,49.194359999999996,0.2378788
-162.2518,-244.0631,4.0,33.73243,-3.1751259999999997
-151.6672,-255.5561,4.0,18.16656,-0.3125823
-135.6142,-256.9293,4.0,24.8581,0.05883048
-126.9729,-239.3155,4.0,30.4125,0.2516846
-127.0202,-214.6583,4.0,36.64456,0.24776550000000003
-125.9396,-186.1346,4.0,39.484320000000004,-0.5222003
-104.5301,-178.375,4.0,28.805220000000002,-0.8171837
-102.7942,-193.3751,4.0,21.37284,0.17904389999999998
-114.6043,-200.7414,4.0,7.424375,-2.114541
-114.5551,-201.5559,4.0,0.004096878,0.0015195010000000001
-114.1339,-201.6677,4.0,2.8890990000000003,0.4312839
-110.5929,-200.6351,4.0,7.069611999999999,0.01830659
-109.6811,-198.199,4.0,0.5430934000000001,0.31757670000000005
-109.2995,-201.3287,4.0,7.883574,0.5041066
-107.605,-209.5807,4.0,14.71525,0.4661088
-105.486,-222.6958,4.0,21.1082,0.4363607
-105.8556,-240.5486,4.0,27.021859999999997,0.4255241
-101.038,-261.389,4.0,31.542609999999996,0.1288337
-80.36325,-272.0802,4.0,34.05571,0.2591321
-56.0287,-262.7902,4.0,37.27713,0.007097155
-49.29251,-236.6183,4.0,39.06504,0.35456079999999995
-44.71326,-206.6413,4.0,43.31029,0.33334020000000003
-28.05548,-178.0503,4.0,46.492909999999995,0.2330828
-3.4847360000000003,-156.2928,4.0,34.78468,-2.3591580000000003
9.409704,-143.8755,4.0,19.34141,-0.4575469
12.11972,-131.7029,4.0,21.20029,0.5741009
1.422885,-116.85700000000001,4.0,27.54937,0.188539
-7.61342,-96.63634,4.0,32.64669,0.3875505
-10.59445,-70.81639,4.0,37.692859999999996,0.1731943
-6.95,-41.35287,4.0,42.47085,0.3584384
-1.7282099999999998,-8.599292,4.0,47.03114,0.28377759999999996
-6.857235,25.53796,4.0,36.46252,-4.228104
-21.21884,40.65378,4.0,30.175729999999998,0.31807209999999997
-44.8933,43.78362,4.0,34.96945,0.3824028
-72.6856,43.29303,4.0,40.062540000000006,0.1757126
-104.057,41.80172,4.0,43.64312,-0.0330169
-132.6267,38.39212,4.0,26.304409999999997,-1.985559
-143.3798,32.80434,4.0,17.63981,0.2071558
-148.0489,18.53724,4.0,23.41392,0.411383
-145.595,-0.7187114,4.0,29.10825,0.20111099999999998
-141.5921,-24.0112,4.0,34.42691,0.3339696
-147.8056,-46.34212,5.0,27.064359999999997,-0.3362703
-165.3346,-56.726519999999994,5.0,28.03988,-1.20726
-164.46200000000002,-69.28165,5.0,17.95097,-0.6437001
-151.6221,-70.50766999999999,5.0,21.0779,0.23161869999999998
-134.2153,-74.48791999999999,5.0,27.063190000000002,0.40705399999999997
-115.1073,-84.86615,5.0,31.930940000000003,0.2833413
-108.1019,-107.5434,5.0,34.61065,-0.02000843
-118.70200000000001,-129.2544,5.0,32.14435,0.1960649
-137.5686,-130.9601,5.0,22.2389,0.04471933
-144.407,-114.5574,5.0,26.99577,0.33140549999999996
-158.539,-100.4014,5.0,24.77504,-1.1603649999999999
-164.9626,-108.7736,5.0,16.56212,-0.28351570000000004
-166.1833,-122.7565,5.0,22.70955,0.18733640000000001
-168.0284,-144.6363,5.0,38.77285,1.380929
-166.5238,-177.8865,5.0,48.26786,0.5182509
-164.2867,-214.4287,5.0,43.241440000000004,-1.292502
-163.6051,-235.231,5.0,20.28141,-0.2219384
-161.0673,-248.0142,5.0,14.897879999999999,-0.4049643
-152.6715,-257.0619,5.0,21.956210000000002,0.9034134
-135.0474,-257.0124,5.0,28.851259999999996,0.34594179999999997
-125.5229,-233.9855,5.0,39.562290000000004,0.2508459
-128.1307,-204.7115,5.0,32.7518,-1.2942690000000001
-126.8463,-188.59400000000002,5.0,17.55728,-0.48725779999999996
-116.5918,-182.1052,5.0,20.86011,0.7239949000000001
-103.3625,-191.4698,5.0,25.59479,0.39317179999999996
-102.9578,-213.6248,5.0,34.66983,0.6267829
-105.5007,-240.4508,5.0,36.17665,-0.33908320000000003
-101.3306,-263.3549,5.0,28.03933,0.1214609
-81.0095,-272.092,5.0,32.86143,0.1499136
-57.47464,-263.5897,5.0,35.78794,0.006418315
-48.91717,-237.912,5.0,39.11714,0.33758720000000003
-44.47173,-207.4189,5.0,43.90082,0.32201599999999997
-30.03835,-177.2915,5.0,46.96215,0.23383520000000002
-6.50234,-158.3458,5.0,20.39676,-3.708614
1.970532,-152.8036,5.0,11.050189999999999,-0.3326789
7.161980000000001,-148.6473,5.0,7.253692999999999,-0.06727407
11.29865,-143.7983,5.0,11.7845,0.4674155
12.743260000000001,-133.1348,5.0,17.96781,0.4477678
4.8535639999999995,-119.9255,5.0,23.91026,0.44559709999999997
-5.0972230000000005,-102.9424,5.0,29.436709999999998,0.18721429999999997
-10.315539999999999,-79.70893000000001,5.0,34.744409999999995,0.351742
-8.588549,-52.356629999999996,5.0,39.5667,0.1730985
-3.044349,-21.69439,5.0,44.3596,0.15868220000000002
-2.248875,10.06938,5.0,35.25554,-1.538669
-6.560853,24.756629999999998,5.0,9.492609,-0.291933
-11.48582,33.72855,5.0,17.7559,0.4646437
-23.7875,42.47285,5.0,23.54911,0.1997796
-42.94276,45.31372,5.0,29.08705,0.41678690000000007
-66.54477,44.86802,5.0,34.58889,0.39325770000000004
-94.09382,43.59282,5.0,39.74503,0.3709377
-123.3017,40.64646,5.0,35.6202,-0.5197113
-140.0892,36.05252,5.0,21.4702,0.31917
-147.6557,20.36516,5.0,26.62453,0.3806819
-145.5068,-1.05644,5.0,31.85016,0.3885892
-141.8523,-26.27716,5.0,33.56773,-1.629876
-145.1328,-42.7765,6.0,12.30848,-0.3287859
-152.1957,-52.2469,6.0,19.76435,-0.5721053
-163.4803,-57.32349,6.0,13.83494,-0.4593492
-165.2716,-66.63524,6.0,17.74866,0.7243459
-150.8429,-72.60278000000001,6.0,28.223940000000002,1.1025459999999998
-126.3236,-76.80335,6.0,39.355779999999996,0.6608566
-108.9024,-99.23444,6.0,37.2465,-0.32659970000000005
-116.0419,-116.4994,6.0,11.93858,-0.3274621
-119.2465,-125.6211,6.0,18.39108,0.4115281
-128.9754,-134.0837,6.0,18.40062,0.23354879999999997
-142.313,-127.4006,6.0,23.74395,0.14937060000000002
-146.4747,-108.9933,6.0,19.87507,-2.435899
-151.3826,-103.3886,6.0,8.112715,0.3498752
-160.02200000000002,-100.6584,6.0,16.6674,0.3097957
-166.7967,-109.8635,6.0,19.55556,0.7937871999999999
-168.0803,-129.3996,6.0,33.232859999999995,0.4696517
-168.6325,-158.7462,6.0,45.27705,0.8148118000000001
-166.1306,-196.0039,6.0,55.28751,0.6222658000000001
-163.5079,-233.7695,6.0,45.26185,-0.7983792
-154.4485,-257.1227,6.0,27.20311,-0.4735170999999999
-137.8027,-256.3345,6.0,19.4463,-0.2429933
-127.3378,-244.5947,6.0,25.3216,0.3906792
-125.0013,-224.0325,6.0,30.706559999999996,0.39464240000000006
-128.6584,-199.5643,6.0,35.85775,0.22352460000000002
-123.3841,-182.9543,6.0,16.54371,0.8543109
-109.3272,-185.6305,6.0,22.572,0.2928197
-102.7154,-202.3854,6.0,27.49744,0.378706
-104.0751,-224.7569,6.0,32.958529999999996,0.4240475
-105.5764,-250.9776,6.0,37.92102,0.1583253
-90.38023000000001,-272.2237,6.0,35.95256,-0.6246221
-67.86403,-269.0653,6.0,26.915570000000002,-0.2724938
-52.83385,-260.7933,6.0,23.36524,0.2725344
-47.488479999999996,-241.0454,6.0,30.95945,0.20222590000000001
-44.1559,-216.2992,6.0,36.33206,0.1767872
-38.75738,-188.2346,6.0,40.62004,0.1359999
-16.72861,-167.3687,6.0,41.45061,-1.703858
-0.249982,-154.8746,6.0,14.43857,-0.1852614
7.038703,-148.9794,6.0,12.0772,-0.0022863000000000002
12.419030000000001,-140.3864,6.0,16.87689,0.6430140999999999
8.883671000000001,-125.6745,6.0,25.50154,0.7703802
-4.93771,-106.18799999999999,6.0,39.4376,1.024542
-9.616807000000001,-72.46297,6.0,52.58849,0.9096045
-4.644959,-29.94349,6.0,61.012919999999994,0.28040570000000004
-2.90662,11.40428,6.0,40.39243,-3.146168
-9.102932000000001,29.360390000000002,6.0,20.920460000000002,0.4178423
-21.7081,41.73453,6.0,28.88082,0.8033382
-47.35342,45.337590000000006,6.0,42.39585,1.118252
-84.21623000000001,43.87149,6.0,56.719390000000004,0.9608996999999999
-120.1791,40.71922,6.0,25.3065,-3.4729389999999998
-131.2984,38.54141,6.0,12.54003,0.38362290000000004
-143.9277,32.796929999999996,6.0,23.57795,0.09738559
-147.5369,14.456610000000001,6.0,28.30225,0.4001956
-143.9641,-8.241621,6.0,33.77779,0.3904526
-141.8766,-33.47137,7.0,5.706929,0.2535722
-142.6308,-40.25782,7.0,12.65447,0.4843669
-148.9713,-49.83205,7.0,18.790110000000002,0.40489179999999997
-163.2749,-56.73311999999999,7.0,24.324170000000002,0.04343273
-167.6433,-70.00523000000001,7.0,16.32528,-0.2356889
-158.5394,-76.95976999999999,7.0,17.45136,0.1233335
-144.7777,-74.15526,7.0,20.088260000000002,-0.05857112
-129.2685,-74.14426999999999,7.0,22.69623,0.20333210000000002
-113.5729,-85.53936999999999,7.0,30.20125,0.1750346
-108.5022,-107.9739,7.0,33.79723,0.1263657
-123.219,-128.3736,7.0,36.49686,0.19374349999999999
-145.9013,-127.2908,7.0,23.3699,-0.8726804
-144.4904,-117.7871,7.0,10.12983,-0.3245577
-144.4389,-107.9859,7.0,17.735770000000002,-0.03317746
-154.5613,-101.363,7.0,18.12196,0.5702491
-165.6764,-109.6379,7.0,20.12356,-0.07007719999999999
-165.9037,-124.8444,7.0,23.0773,0.294164
-167.9924,-145.7407,7.0,35.1605,1.002644
-169.7044,-176.7558,7.0,48.371559999999995,0.9172118
-169.8544,-215.9872,7.0,52.51615,-0.45166069999999997
-162.9863,-247.0885,7.0,32.27485,-0.44929940000000007
-145.4231,-254.4667,7.0,22.77034,-0.47070270000000003
-130.1115,-249.3308,7.0,23.02773,0.1766863
-125.8033,-230.7241,7.0,31.04373,0.41319700000000004
-126.1563,-205.6919,7.0,36.39347,0.1891038
-121.9649,-181.6311,7.0,20.66694,-2.425119
-112.0074,-182.9236,7.0,18.101689999999998,0.3292806
-109.2286,-198.0386,7.0,23.930670000000003,0.43069670000000004
-108.7726,-217.9348,7.0,29.7591,0.3996515
-108.0353,-241.9894,7.0,35.01236,0.1513486
-95.60576999999999,-265.5054,7.0,38.18354,0.08853699
-68.53329000000001,-271.8522,7.0,39.39145,-0.001040555
-50.42686,-250.8707,7.0,39.74037,0.16535039999999998
-48.24596,-219.9745,7.0,44.10856,0.3022621
-33.47343,-190.6728,7.0,46.62334,0.16011270000000002
-8.760032,-163.9546,7.0,51.15576,0.3072959
8.742830999999999,-135.7855,7.0,31.37053,-1.8085849999999999
3.5330510000000004,-118.2901,7.0,28.26142,0.49514179999999997
-5.832708,-97.34524,7.0,36.531940000000006,0.567196
-2.4470520000000002,-63.900180000000006,7.0,54.29126,1.224545
-0.9610735999999999,-17.95498,7.0,69.03116,0.5999674
-4.581176,27.3348,7.0,48.37944,-3.057692
-22.822979999999998,41.9928,7.0,29.89084,0.6406201
-49.625409999999995,40.60689,7.0,40.3319,0.1686749
-81.35495,40.42971,7.0,45.13235,0.159604
-116.4837,41.401270000000004,7.0,49.616890000000005,0.2973318
-145.3061,32.15879,7.0,29.403779999999998,-1.146436
-145.8697,11.00648,7.0,31.5415,0.39115259999999996
-145.144,-14.40235,7.0,36.8511,0.1761947
-147.859,-43.25099,8.0,40.27847,-0.1980325
-165.889,-60.40781,8.0,23.780820000000002,-1.6819119999999999
-164.6515,-75.37040999999999,8.0,25.856070000000003,0.23400789999999996
-144.8335,-77.91873000000001,8.0,30.3515,0.38471009999999994
-122.3136,-82.52367,8.0,33.44259,0.1287192
-110.7068,-104.9084,8.0,36.49307,0.17808770000000002
-122.7984,-128.1489,8.0,37.62191,0.05316878
-144.9451,-129.3811,8.0,15.68776,-1.410321
-145.4571,-126.6678,8.0,6.175064,0.5317255
-141.8307,-120.74,8.0,12.991589999999999,0.4731623
-145.3868,-109.6992,8.0,19.107789999999998,0.2157218
-158.8529,-102.3941,8.0,23.37753,0.08324409
-167.7964,-115.73700000000001,8.0,25.62089,0.3741689
-166.7792,-136.7832,8.0,31.09246,0.3744324
-170.8082,-161.4186,8.0,36.33121,0.3542174
-169.7981,-190.1238,8.0,41.10516,0.17312639999999999
-168.7467,-222.3224,8.0,45.84483,0.3583783
-158.6841,-252.8082,8.0,39.15655,-0.4364598
-135.9649,-252.6125,8.0,27.437620000000003,-0.36192470000000004
-127.0262,-233.2248,8.0,32.24432,0.1678194
-127.3476,-207.4055,8.0,37.47396,0.3689638
-121.3528,-181.8904,8.0,25.38631,-2.5035950000000002
-110.0256,-182.6451,8.0,17.318479999999997,0.3489319
-107.0326,-197.0707,8.0,23.104860000000002,0.22532510000000003
-106.4536,-216.4649,8.0,29.00057,0.4035241
-105.6222,-239.9759,8.0,34.4501,0.17107
-95.93701,-264.4755,8.0,37.63044,0.06545696
-69.90974,-272.0174,8.0,38.42923,-0.01164622
-49.82911,-252.6337,8.0,39.69995,0.12751220000000002
-46.41166,-222.0348,8.0,43.988279999999996,0.1579129
-35.13863,-191.3805,8.0,45.6064,0.1047425
-10.257489999999999,-166.2452,8.0,49.936809999999994,0.30129429999999996
8.383981,-136.1419,8.0,40.50425,-2.7209060000000003
-0.18920379999999998,-112.4404,8.0,37.77988,0.571906
-5.507185,-85.16811,8.0,40.33491,0.3676087
-1.566207,-53.752359999999996,8.0,45.00502,0.3185314
-1.494119,-18.77024,8.0,49.46043,0.14349260000000003
-3.1264979999999998,19.4916,8.0,52.177040000000005,-0.8907745
-19.48526,42.307959999999994,8.0,25.6866,-2.55576
-26.244490000000003,40.471470000000004,8.0,5.932932,0.505302
-31.13472,37.02941,8.0,12.31772,0.6059441999999999
-39.68116,44.29642,8.0,18.65118,0.4322294
-48.03159,48.58656,8.0,0.1228346,-1.577762
-48.01507,48.586420000000004,8.0,0.083498,0.2201348
-48.4581,46.36779,8.0,5.08125,0.17692560000000002
-47.1226,43.2666,8.0,1.520415,-0.5913008000000001
-49.28658,44.84122,8.0,8.311496,0.3292103
-58.3874,46.2121,8.0,17.0151,0.5993286
-74.01845,44.388870000000004,8.0,25.28035,0.5789890000000001
-95.51035,42.07217,8.0,33.01863,0.5166664000000001
-122.5371,44.31442,8.0,39.80699,0.2923162
-143.9225,28.08997,8.0,38.46597,0.08488417
-144.8404,-3.148307,8.0,46.510529999999996,0.2707355
-141.9197,-33.64577,9.0,3.0811669999999998,-0.03233913
-142.2402,-35.771029999999996,9.0,4.901356,0.5870094
-144.9151,-43.64121,9.0,14.26237,-0.1085519
-151.003,-50.74881,9.0,11.53068,-0.10376600000000001
-160.2225,-53.95406,9.0,13.468329999999998,-0.21801669999999998
-166.5776,-59.53291,9.0,10.39228,-0.10098889999999999
-164.2459,-68.80573000000001,9.0,19.49906,0.9235061
-151.063,-73.60039,9.0,17.68156,-0.2619913
-139.1764,-72.86102,9.0,15.153229999999999,0.3068381
-123.7033,-77.43036,9.0,25.39016,0.08389775
-110.4935,-91.02206,9.0,26.321590000000004,0.07342267
-107.4238,-109.0412,9.0,18.63459,-3.755299
-109.7726,-118.1383,9.0,11.0523,-0.1654214
-115.5665,-128.5967,9.0,21.70844,0.05700256
-128.4969,-135.0387,9.0,17.8307,-0.3034132
-139.6237,-131.21200000000002,9.0,15.859420000000002,0.13035750000000002
-146.5375,-116.9074,9.0,26.24213,0.5789422
-154.0759,-100.90100000000001,9.0,16.50269,-0.37344040000000006
-163.4062,-101.7295,9.0,12.297789999999999,0.07124445
-167.4297,-115.0716,9.0,26.53857,1.040858
-168.6834,-139.9003,9.0,40.077709999999996,0.9017440999999999
-168.2438,-172.2951,9.0,46.16298,0.28258520000000004
-164.7786,-206.9031,9.0,45.05209,-0.5676093000000001
-162.7476,-236.5378,9.0,31.89053,-2.01979
-155.8854,-254.4662,9.0,23.27694,-0.4062263
-142.1568,-260.3182,9.0,18.04768,-0.1992266
-130.4045,-251.3106,9.0,26.77784,1.09999
-124.9809,-227.4506,9.0,37.621140000000004,0.25169980000000003
-128.4233,-202.4637,9.0,25.79494,-1.470072
-128.0311,-189.4008,9.0,14.33288,-0.1682662
-121.3165,-182.0068,9.0,17.26811,0.7156894
-108.2178,-184.5732,9.0,17.159129999999998,-0.16988440000000002
-102.8169,-194.7627,9.0,18.86744,0.5610989000000001
-103.1,-214.2838,9.0,32.74501,0.6951845
-106.1065,-240.9738,9.0,37.18971,-0.2011956
-99.30564,-265.9424,9.0,33.82443,-0.3164768
-77.00265999999999,-272.9254,9.0,32.71822,-0.06322778
-56.06561,-262.4223,9.0,32.126709999999996,0.1182963
-48.23242,-238.8282,9.0,35.32966,0.1958606
-44.06752,-212.0953,9.0,36.358059999999995,-0.1651226
-37.67928,-187.3654,9.0,32.28735,-0.1981592
-23.70775,-170.8367,9.0,26.37112,-0.3849165
-9.201336,-160.6093,9.0,21.78858,-0.09717923
3.308958,-152.2808,9.0,18.34421,-0.261101
12.06241,-141.3397,9.0,21.928320000000003,0.2373678
7.810355,-124.1753,9.0,27.591929999999998,0.2890703
-5.0904620000000005,-107.1325,9.0,29.617440000000002,0.01355062
-10.50862,-85.63396,9.0,30.333190000000002,0.05423235
-10.4866,-61.82708,9.0,34.23984,0.15237579999999998
-6.387592,-36.182359999999996,9.0,35.765809999999995,0.03436176
-2.236222,-9.619597,9.0,36.75857,0.0661865
-3.719404,14.03297,9.0,26.220259999999996,-0.6386881
-8.493119,29.652559999999998,9.0,19.06474,-0.29066679999999995
-20.5721,41.39412,9.0,27.56935,0.25043000000000004
-43.07049,45.01569,9.0,34.483090000000004,0.5529833000000001
-71.24515,44.018879999999996,9.0,41.66039,0.5163344
-104.7061,42.95126,9.0,48.1115,0.02912272
-136.5795,38.150999999999996,9.0,33.985170000000004,-0.7647516
-146.7531,17.1115,9.0,35.17848,0.22453470000000003
-141.5208,-11.0862,9.0,41.85635,0.4403416
-144.0372,-36.00334,10.0,18.5913,-0.9506491
-149.2169,-48.02213,10.0,20.66244,0.01830255
-160.5195,-55.42781,10.0,16.61084,-0.2525453
-167.1321,-63.12534,10.0,13.31081,0.1068979
-160.1278,-72.54471,10.0,17.82244,-0.07624549
-146.7217,-72.48292,10.0,18.56426,-0.09349465
-133.4296,-73.99199,10.0,21.5995,1.429132
-116.2054,-82.84881999999999,10.0,29.862109999999998,0.48296229999999996
-107.1422,-104.5576,10.0,35.44303,0.2146152
-115.1869,-127.3277,10.0,25.24305,-0.2592462
-130.1944,-133.7865,10.0,19.92729,-0.18170250000000002
-141.8913,-128.3348,10.0,19.20577,0.3162518
-146.834,-112.1291,10.0,24.29239,-0.2016366
-151.006,-103.8866,10.0,4.3171029999999995,0.7831625
-157.3235,-100.5164,10.0,13.835510000000001,0.5073202
-166.5155,-107.4485,10.0,19.98234,0.5030587000000001
-168.1979,-124.7947,10.0,27.056359999999998,0.524976
-168.9255,-147.4893,10.0,34.258959999999995,0.122464
-168.2648,-174.1001,10.0,37.86684,0.12928699999999999
-165.7854,-203.0552,10.0,39.22517,-0.3006335
-164.0222,-229.1496,10.0,31.57023,-0.2534808
-160.3523,-249.3992,10.0,24.419929999999997,-0.5114516
-147.7934,-259.1862,10.0,22.65157,0.5047825
-132.2252,-253.8264,10.0,24.12679,0.12620230000000002
-125.1111,-235.9326,10.0,27.87035,0.2090328
-126.3523,-214.2389,10.0,30.3765,-0.48393059999999993
-127.9239,-196.0746,10.0,17.28496,-0.1683058
-126.2831,-185.2033,10.0,12.71247,-0.182474
-117.3276,-181.908,10.0,16.421310000000002,0.5021426999999999
-105.53,-186.985,10.0,17.9339,0.08824948
-103.1142,-200.5406,10.0,20.21944,0.1990731
-104.0944,-216.3304,10.0,21.8172,0.01537593
-105.4142,-233.165,10.0,25.73431,0.24762579999999998
-105.4165,-254.2859,10.0,29.93542,-0.007799576
-92.69462,-271.19,10.0,32.09871,0.6626850999999999
-66.70036,-269.9851,10.0,38.38752,0.0877791
-50.04826,-248.9266,10.0,39.23512,0.4827089
-45.69506,-217.9672,10.0,43.96646,-0.01701158
-38.0757,-189.4086,10.0,35.530809999999995,-0.6063145999999999
-23.6574,-171.2958,10.0,27.94813,-0.2387946
-9.304775,-160.9684,10.0,15.1813,-0.9652618000000001
-0.5480921999999999,-154.8763,10.0,18.85647,0.8167313
10.4453,-145.3066,10.0,19.211129999999997,0.4191107
11.33831,-128.7911,10.0,27.268559999999997,0.1304727
-3.234086,-111.9173,10.0,32.89293,0.36243070000000005
-10.051680000000001,-87.50161,10.0,32.66872,-0.27620490000000003
-9.737678,-63.54136999999999,10.0,34.93756,0.23407289999999997
-6.482511,-35.43678,10.0,41.197759999999995,0.21468009999999998
-1.9602689999999998,-3.0720669999999997,10.0,46.89175,0.1694739
-8.503484,30.81945,10.0,43.61184,-0.9275708
-35.968540000000004,44.84044,10.0,44.711690000000004,0.3033715
-70.9267,44.2427,10.0,49.85605,0.37343000000000004
-109.5585,41.81157,10.0,52.99211999999999,-0.7302253000000001
-140.9941,35.01354,10.0,39.1137,-0.1044223
-146.9164,10.119530000000001,10.0,37.70807,0.21109250000000002
-141.5308,-19.15191,10.0,42.84287,0.3550457
-148.3917,-44.55644,11.0,34.93125,0.377442
-167.4239,-63.42944,11.0,34.97271,-0.8088436
-165.4414,-80.33211999999999,11.0,20.106370000000002,0.08982863
-152.8839,-72.99294,11.0,23.96026,0.4067568
-135.0291,-72.15138,11.0,28.359240000000003,0.45340349999999996
-116.5714,-85.73083000000001,11.0,31.01298,-0.5335783000000001
-109.0679,-107.4151,11.0,34.5218,0.33592659999999996
-119.469,-128.519,11.0,27.51227,-0.5739898
-138.7882,-130.3792,11.0,30.60363,0.3757926
-145.0742,-108.9335,11.0,27.130229999999997,-1.6254899999999999
-151.4094,-101.165,11.0,15.42978,1.289334
-164.8359,-105.8667,11.0,23.867720000000002,0.2351978
-166.1407,-125.2373,11.0,29.758370000000003,0.47825829999999997
-167.8627,-149.616,11.0,36.20469,0.4676236
-167.2093,-178.5558,11.0,42.19143,0.4536452
-164.2148,-211.8679,11.0,47.997840000000004,0.40302319999999997
-160.8675,-244.8849,11.0,37.42699,-0.7392367
-145.4621,-259.6914,11.0,29.728340000000003,0.30900609999999995
-128.5804,-248.8512,11.0,30.744970000000002,0.42065050000000004
-125.3093,-223.8973,11.0,36.861779999999996,0.20904699999999998
-127.9722,-196.3021,11.0,34.071670000000005,-0.6173270000000001
-116.2008,-179.5926,11.0,26.34915,-0.180902
-107.1108,-192.6174,11.0,26.01901,0.5161939999999999
-105.825,-214.1924,11.0,32.45518,0.4196286
-107.1861,-240.4117,11.0,38.525490000000005,0.4112835999999999
-97.439,-267.6055,11.0,40.52021,-0.22528600000000001
-69.12883000000001,-270.5768,11.0,41.583059999999996,0.1421293
-49.2874,-249.3156,11.0,41.93687,0.17490050000000001
-44.1343,-216.4976,11.0,47.6735,0.20479979999999998
-33.048159999999996,-181.6235,11.0,51.5087,0.14775339999999998
-7.076237,-160.585,11.0,35.68039,-1.494885
10.064119999999999,-144.7411,11.0,27.772140000000004,-0.6466041
9.8929,-127.2815,11.0,24.62475,0.2187752
-2.494408,-110.7867,11.0,31.052259999999997,0.3954336
-9.323074,-86.65862,11.0,37.06548,0.4447102
-9.436651,-57.041869999999996,11.0,42.93473,0.4176037
-3.539762,-23.64834,11.0,48.629259999999995,0.3944678
-3.3223529999999997,14.06485,11.0,53.240809999999996,0.2963395
-22.597839999999998,43.39043,11.0,46.55024,-0.1041045
-57.28419,43.392109999999995,11.0,49.438959999999994,0.3922932
-95.83974,41.62516,11.0,54.79574,0.3768581
-133.9949,38.015240000000006,11.0,44.04266,0.001744009
-149.9451,14.14364,11.0,40.16535,-0.01030955
-142.2931,-16.31046,11.0,44.73559,0.3052312
-147.8097,-46.17242,12.0,33.29684,-1.4873299999999998
-165.8737,-56.61861999999999,12.0,28.22193,-0.3695998
-162.6608,-71.74978,12.0,23.945339999999998,0.05338534
-143.0493,-71.19496,12.0,29.8039,0.44227440000000007
-120.4434,-79.25079000000001,12.0,35.5263,0.37626090000000006
-106.6379,-102.3321,12.0,39.06742,0.1517645
-115.4149,-124.0792,12.0,27.16553,0.22922270000000003
-132.4347,-132.9362,12.0,23.17315,-0.2552471
-145.4189,-124.1757,12.0,25.00808,0.18087260000000002
-149.915,-104.5999,12.0,25.963279999999997,-0.4254865
-164.0258,-102.586,12.0,19.990460000000002,0.1533325
-167.5798,-119.7793,12.0,31.22268,1.37812
-168.5028,-146.4927,12.0,39.15804,0.4221428
-167.2771,-177.6124,12.0,44.80057,0.41372309999999995
-165.1487,-212.84400000000002,12.0,50.4658,0.3978465
-160.7264,-248.275,12.0,42.60863,-1.264561
-140.3724,-257.3512,12.0,26.500940000000003,-0.08534463
-128.6984,-239.4363,12.0,32.0824,0.16442120000000002
-125.6212,-213.6063,12.0,38.076029999999996,0.3909508
-127.6304,-187.9568,12.0,32.60152,-0.4540355
-110.087,-181.7078,12.0,26.03921,-0.2214679
-109.1455,-199.2109,12.0,27.79178,0.4612933
-110.1125,-221.9654,12.0,34.11448,0.2232431
-106.7419,-249.4323,12.0,40.34556,0.40548049999999997
-88.66278,-271.4233,12.0,39.37299,-0.09085345
-59.11213000000001,-266.2809,12.0,43.26273,0.1468266
-45.76885,-242.4651,12.0,34.7079,-0.4033352
-53.67184,-222.3157,12.0,19.1521,-1.626663
-53.128609999999995,-216.2261,12.0,5.597173000000001,0.0009731496000000001
-53.21771999999999,-215.2925,12.0,3.280535,0.6228961
-49.24335,-218.7809,12.0,11.23987,0.2504658
-42.445,-212.2593,12.0,14.948889999999999,-0.30797670000000005
-41.63929,-202.1927,12.0,15.55614,1.1515739999999999
-38.61241,-187.3088,12.0,24.19848,0.22740470000000002
-26.2316,-171.4396,12.0,30.663,0.4585996
-5.031898,-158.0925,12.0,37.04851,0.4543695
12.012189999999999,-137.9472,12.0,32.06965,-0.9204142
4.183567,-117.8413,12.0,34.12805,1.3389790000000001
-9.216819000000001,-89.86724,12.0,49.63244,0.5815157
-8.333961,-50.79148,12.0,55.322340000000004,0.3435217
-2.332598,-8.507932,12.0,60.04404,0.1514289
-7.313205,26.65028,12.0,31.00543,-0.30339740000000004
-25.520410000000002,44.02617,12.0,37.0676,0.11876110000000001
-54.403690000000005,44.38708,12.0,41.939440000000005,0.1988691
-87.57651,44.20449,12.0,47.62209,0.4014518
-124.2814,40.34499,12.0,49.188590000000005,-0.22344850000000002
-153.0063,24.57157,12.0,42.97876,-0.8596573000000001
-153.605,12.62478,12.0,4.762568,-0.8086627
-150.9992,12.56962,12.0,8.127785000000001,0.5807773
-146.5771,5.530397,12.0,15.79602,0.5769535
-145.4114,-8.935919,12.0,23.16921,0.2721228
-142.1326,-28.43287,12.0,30.08607,0.4572380999999999
-142.43,-36.84744,13.0,9.417788,0.291772
-146.685,-45.69106,13.0,17.15953,0.5256793000000001
-159.4045,-54.055440000000004,13.0,24.24014,0.46732640000000003
-166.8738,-68.49855,13.0,20.2896,-0.28555159999999996
-156.7115,-76.18866,13.0,18.99137,0.43596309999999994
-141.8151,-72.9132,13.0,19.723029999999998,-0.3835073
-126.9107,-73.81997,13.0,23.92006,0.4804567
-111.5239,-85.96214,13.0,29.86324,0.4190982
-107.3174,-109.1298,13.0,34.77272,0.27672209999999997
-123.6524,-129.7749,13.0,38.515570000000004,0.1877249
-145.0718,-127.5173,13.0,19.55697,-1.654557
-143.1907,-122.8615,13.0,8.206171000000001,0.6103622
-138.4471,-122.3455,13.0,2.705477,0.6564462
-142.9747,-124.0119,13.0,10.00495,0.38184009999999996
-145.5342,-128.9109,13.0,2.803105,-0.4147981
-145.2122,-127.3071,13.0,6.887009,0.6893031999999999
-141.3486,-119.9374,13.0,15.38962,0.28227290000000005
-141.9585,-106.3851,13.0,22.49654,0.4902357
-157.0915,-98.06582,13.0,25.715339999999998,-0.3976518
-166.9738,-111.1846,13.0,26.965020000000003,0.6606970999999999
-167.8044,-133.8206,13.0,34.10317,0.48377659999999995
-167.6409,-161.7229,13.0,40.81776,0.47233500000000006
-167.9696,-194.3087,13.0,47.165,0.46694440000000004
-167.7414,-231.4405,13.0,52.61786,-0.17490050000000001
-148.5584,-257.0613,13.0,42.40651,-0.15846970000000002
-127.7797,-247.1151,13.0,29.70869,0.23459629999999998
-128.1189,-221.6916,13.0,39.6552,0.6577904
-127.6289,-192.5684,13.0,28.498520000000003,-1.588616
-120.9406,-182.2585,13.0,14.19539,0.1288828
-109.0791,-185.5506,13.0,21.75317,0.22546710000000003
-104.7681,-203.297,13.0,28.51258,0.24225839999999998
-107.6666,-226.8196,13.0,35.50205,0.4799857
-102.7826,-254.2995,13.0,40.82893,0.3635685
-79.08376,-272.5622,13.0,42.618390000000005,-0.0066894269999999995
-52.923730000000006,-258.5314,13.0,42.52002,-0.00036794769999999995
-48.6235,-226.3259,13.0,47.014990000000004,0.2922436
-40.41989,-195.4368,13.0,42.97548,0.38335290000000005
-18.27758,-169.9526,13.0,48.6634,0.1755415
6.235078,-141.2307,13.0,49.80682,-0.8191831999999999
3.558985,-111.3739,13.0,35.43619,-0.5412784
-8.939425,-94.01494,13.0,28.888140000000003,0.6306929
-6.16427,-69.47545,13.0,36.793459999999996,0.48138159999999997
-5.394657,-39.78629,13.0,43.37983,0.4473043
-3.915314,-5.366626999999999,13.0,49.49892,0.21095650000000002
-8.879028,30.838379999999997,13.0,44.15772,-0.8034611
-29.674359999999997,41.0959,13.0,23.30131,-1.8946580000000002
-35.069340000000004,32.58003,13.0,0.7247499,-0.5441682
-35.12928,32.58984,13.0,0.06807709,0.04518193
-35.17275,32.598040000000005,13.0,0.3461285,0.34776809999999997
-34.239740000000005,35.93123,13.0,8.723310000000001,0.5203412000000001
-32.517920000000004,43.146029999999996,13.0,6.717783,-0.675049
-32.31763,44.4936,13.0,2.676925,0.6023385
-35.92498,41.35443,13.0,10.65223,0.27535540000000003
-46.15491,43.598890000000004,13.0,17.96021,0.4932501
-61.8773,45.22741,13.0,24.7008,0.23030340000000002
-82.37545,42.37488,13.0,31.1489,0.4515298
-107.6487,42.976009999999995,13.0,37.0358,0.4006509
-135.5217,36.618359999999996,13.0,39.70531,-0.07732665
-147.9263,12.51084,13.0,39.41826,0.35183220000000004
-144.8411,-18.46366,13.0,44.71563,0.16454749999999999
-149.7928,-50.18639,14.0,36.87039,-1.100385
-163.3595,-66.03381,14.0,22.89401,-0.5196898
-149.8651,-75.70940999999999,14.0,27.313440000000003,0.22563470000000002
-127.742,-77.96712,14.0,32.613609999999994,0.1456152
-110.7632,-96.40385,14.0,36.50147,0.19488770000000002
-115.9326,-122.6267,14.0,38.70819,0.1497316
-139.9885,-130.9628,14.0,28.70942,-1.8688349999999998
-145.8006,-120.4068,14.0,4.077078,-1.52054
-146.4415,-119.3096,14.0,1.924977,-0.004204572
-147.2716,-118.2798,14.0,1.569076,-0.03146505
-148.4395,-117.4836,14.0,3.7681129999999996,0.3547834
-150.9672,-117.4831,14.0,0.6006284000000001,-0.8311794
-148.4236,-115.9671,14.0,8.430528,0.3288374
-144.5945,-107.8307,14.0,16.4905,0.26730640000000006
-153.0972,-97.11763,14.0,22.63437,0.3265764
-167.1815,-105.3948,14.0,26.3804,0.157099
-166.4511,-127.0341,14.0,32.842459999999996,0.2388216
-166.7348,-153.901,14.0,39.70731,0.4846066
-166.9834,-185.7619,14.0,46.215920000000004,0.4521495
-166.9379,-222.2428,14.0,52.251670000000004,0.19108920000000001
-154.7192,-252.3041,14.0,34.15142,-1.966536
-141.6815,-252.732,14.0,5.891748000000001,-0.4955607
-141.3083,-249.9355,14.0,2.530164,-0.01831946
-137.6295,-247.9893,14.0,9.724741,0.37263779999999996
-128.6023,-251.3721,14.0,13.97195,-0.154854
-121.3327,-248.7454,14.0,9.805287,0.2489904
-122.9795,-238.5913,14.0,18.635070000000002,0.2758934
-126.1965,-222.1901,14.0,26.384040000000002,0.5606413
-127.7377,-199.9776,14.0,33.70732,0.5066174
-118.2359,-179.4972,14.0,29.51688,-0.8234442
-105.4622,-188.6527,14.0,27.368129999999997,1.14459
-107.1711,-216.0861,14.0,47.18392,0.7144312
-101.5619,-255.5019,14.0,54.97176999999999,-1.3545989999999999
-72.67586999999999,-272.2906,14.0,46.22382,0.41785649999999996
-48.78286,-252.6431,14.0,43.17374,-0.02658064
-49.14488,-219.31599999999997,14.0,47.41172,0.08373109
-32.97795,-187.0831,14.0,51.615840000000006,0.17175120000000002
-4.229936,-158.9799,14.0,57.02401999999999,0.26158139999999996
9.729149000000001,-126.6562,14.0,33.80603,-1.254104
-1.7892720000000002,-109.7293,14.0,27.6776,0.9760605
-5.821411,-87.41733,14.0,34.212990000000005,0.2439319
-3.577632,-59.61509,14.0,41.04562,0.48073999999999995
-2.275023,-26.78469,14.0,47.4505,0.4641638
-3.223036,10.5695,14.0,53.42102,0.4175652
-18.70178,40.40766,14.0,43.53062,-0.1798892
-51.04653,40.778059999999996,14.0,46.794779999999996,0.20865329999999999
-88.08649,40.1755,14.0,52.836290000000005,0.44572790000000007
-127.6117,40.98843,14.0,46.67931,-0.9278394
-145.3387,25.49446,14.0,18.99009,-2.632689
-143.8856,22.55823,14.0,5.1525620000000005,0.3190098
-141.3503,25.36422,14.0,3.1061259999999997,-0.8460278
-142.6567,23.59204,14.0,7.332967999999999,0.47036490000000003
-148.3969,21.59666,14.0,6.147329,-0.4148698
-149.0645,21.77719,14.0,3.9743190000000004,0.656672
-144.3122,17.71175,14.0,12.93512,0.617057
-140.8564,5.751715,14.0,21.16103,0.5992485
-141.638,-12.8544,14.0,29.107590000000002,0.5989371
-141.8015,-34.76234,1.0,5.881411,-0.07612491
-142.2167,-41.09882,1.0,13.155970000000002,0.648721
-148.629,-51.90526,1.0,21.49727,0.5759692
-162.517,-63.90991999999999,1.0,27.55279,-0.06288745
-152.9898,-76.78789,1.0,24.0278,-0.18854939999999998
-138.274,-68.73241999999999,1.0,14.91034,-0.4522767
-135.8668,-68.27823000000001,1.0,0.0243725,0.0002077984
-135.8479,-68.28107,1.0,0.02550458,-2.528869e-05
-135.8305,-68.28334,1.0,0.01559544,-0.009689478
-136.0493,-69.29379,1.0,4.365977,0.07593415
-135.7531,-72.62855,1.0,4.393923,-0.02368475
-136.0219,-75.50986,1.0,3.554176,-0.03172997
-136.6147,-76.31709000000001,1.0,3.018304,0.6734931
-131.3017,-74.94467,1.0,11.962769999999999,0.3198508
-120.5607,-79.3269,1.0,19.692420000000002,0.5154601
-112.4695,-94.7967,1.0,27.4524,0.5500314000000001
-112.2196,-116.9191,1.0,33.46687,0.3948787
-131.4197,-133.2652,1.0,36.05393,-0.3054877
-146.8727,-122.91,1.0,22.494139999999998,-0.01166942
-138.3851,-109.9149,1.0,11.58795,-13.565370000000001
-138.4579,-108.7185,1.0,0.02784898,0.03122079
-138.4587,-108.7357,1.0,0.01873157,-0.02482596
-139.8638,-108.2542,1.0,6.309264,0.36228449999999995
-145.0964,-109.9558,1.0,7.534502000000001,-0.7400452
-145.2076,-109.875,1.0,5.186348000000001,0.6482760999999999
-144.9364,-103.0405,1.0,13.60069,0.28419
-154.4364,-95.74239,1.0,17.738879999999998,-0.2057014
-164.1901,-100.3828,1.0,14.763029999999999,1.016261
-166.9851,-116.6966,1.0,29.62639,0.8851799000000001
-169.0954,-141.8695,1.0,38.235859999999995,0.26586020000000005
-163.5166,-169.4258,1.0,34.72932,-0.5549338
-167.7912,-192.6559,1.0,32.288940000000004,0.6761866999999999
-166.7985,-221.2207,1.0,38.44672,-0.54443
-162.0512,-245.7792,1.0,28.990709999999996,-0.9386621999999999
-143.7929,-250.5797,1.0,28.7424,0.2544017
-123.4504,-241.2922,1.0,29.15052,-1.313908
-128.3845,-225.7957,1.0,25.58772,0.3402656
-126.3535,-210.6667,1.0,22.028779999999998,-0.196701
-123.7481,-197.49400000000003,1.0,18.15024,0.01675777
-122.9537,-186.1247,1.0,14.42746,0.07470601
-111.5835,-187.3338,1.0,17.51579,-0.3784889
-110.1918,-198.6694,1.0,14.178279999999999,-0.04423365
-109.8204,-210.2675,1.0,19.34887,0.2856788
-108.0556,-227.4186,1.0,27.128659999999996,0.5587438
-104.3148,-249.8699,1.0,34.17918,0.4588207
-86.97185999999999,-269.5497,1.0,38.40756,0.09503971
-60.00909,-264.5359,1.0,39.475640000000006,-0.0036863729999999997
-51.98655,-236.9819,1.0,42.04651,0.4503852
-42.76323,-205.6418,1.0,47.11783,0.18441529999999998
-19.977079999999997,-176.8362,1.0,52.586780000000005,0.42406759999999993
4.850325,-144.2365,1.0,58.0337,0.3258841
11.31725,-110.3456,1.0,25.77899,-0.12116700000000001
9.946864999999999,-104.3414,1.0,0.7979609999999999,-0.1878899
9.832689,-104.2924,1.0,1.319261,0.5535915
12.77335,-106.2512,1.0,7.485766,0.1700382
18.00619,-107.0739,1.0,3.818513,-0.3623165
17.36117,-107.2765,1.0,5.384082,0.33476609999999996
10.78229,-110.0826,1.0,13.81925,0.06547739
0.5923301999999999,-109.0053,1.0,17.71604,0.1887344
1.263652,-93.6095,1.0,24.52329,0.2267437
-3.7106120000000002,-73.78432,1.0,31.137790000000003,0.448495
-5.73501,-48.35203,1.0,37.79567,0.50762
-6.439615,-17.97535,1.0,44.1998,0.4598133
-6.736422999999999,17.00349,1.0,49.984120000000004,0.02708227
-16.66769,43.15102,1.0,22.13096,-1.261706
-26.16089,40.40188,1.0,16.53833,0.2698492
-40.432359999999996,38.24331,1.0,23.60581,0.5123181
-60.45339,39.76797,1.0,30.72498,0.24847779999999997
-85.79382,39.61741,1.0,37.58961,0.4991354
-116.0192,40.47743,1.0,44.02182,0.4489437
-142.4761,33.95513,1.0,27.449340000000003,-2.095091
-141.4047,24.413320000000002,1.0,8.055678,-0.09178068
-137.7515,24.26286,1.0,0.0644558,-0.009546313
-137.7517,24.218410000000002,1.0,0.05281842,-0.03875182
-138.971,24.5306,1.0,5.473214,0.9120790000000001
-145.1684,24.11259,1.0,10.770539999999999,0.30298509999999995
-150.8678,25.33088,1.0,3.021833,-0.7121111
-149.9206,24.78945,1.0,5.7092540000000005,0.2938538
-147.0397,18.50552,1.0,13.47342,0.4758135
-151.7097,7.01055,1.0,20.06355,0.3584242
-148.6664,-9.566144,1.0,26.30022,0.4773198
-146.0428,-31.245420000000003,1.0,32.63758,0.21787939999999997
-157.1201,-50.99484,2.0,32.8271,0.41178420000000004
-165.8286,-68.74551,2.0,24.889689999999998,-1.006925
-156.4349,-70.91519,2.0,8.460092,-0.1872547
-155.709,-68.52725,2.0,0.05821299,0.01109218
-155.67600000000002,-68.52955,2.0,0.17355420000000002,0.28497100000000003
-156.1893,-70.96059,2.0,5.278594,-0.04275877
-156.7502,-74.57509,2.0,4.302696,-1.261642
-156.188,-74.21854,2.0,5.681964,0.6898065
-149.0213,-73.22389,2.0,14.50482,0.2884414
-137.8616,-80.99405,2.0,20.65314,-0.208749
-124.5196,-84.36415,2.0,17.026410000000002,-0.14266479999999998
-113.0566,-96.45621,2.0,29.818170000000002,0.8300690000000001
-114.6434,-118.3288,2.0,31.806240000000003,0.3074482
-134.0265,-130.7976,2.0,30.952379999999998,-0.8725212
-145.162,-120.2924,2.0,20.24022,0.202017
-139.4007,-106.1186,2.0,18.77899,-0.31154679999999996
-152.3522,-101.67299999999999,2.0,21.42701,-0.02709604
-161.0276,-110.5162,2.0,16.79765,0.01337995
-162.8224,-122.9749,2.0,18.55752,0.2885229
-165.3963,-139.6103,2.0,26.9706,0.2780233
-165.2773,-162.4925,2.0,34.68848,0.5485317
-165.6147,-190.9798,2.0,41.91514,0.2439817
-165.7864,-224.5551,2.0,48.66559,0.48418710000000004
-158.5285,-248.9507,2.0,21.484479999999998,-0.0649239
-140.569,-251.9445,2.0,28.85255,0.5626359999999999
-125.0677,-240.4619,2.0,25.14462,-0.45106949999999996
-126.8911,-220.5571,2.0,32.461940000000006,0.5385772
-126.5137,-194.2563,2.0,35.60498,-2.7959970000000003
-120.2531,-184.0271,2.0,11.65696,0.6403041
-111.5306,-189.5977,2.0,18.721220000000002,0.5054665
-109.8397,-206.3648,2.0,26.78564,0.574773
-107.4445,-228.9548,2.0,34.46132,0.2696595
-99.97809000000001,-255.9815,2.0,41.0558,0.1801224
-75.29087,-270.6526,2.0,40.22163,-0.0654607
-51.28141,-253.4041,2.0,42.340109999999996,0.04511816
-49.268440000000005,-221.558,2.0,46.009240000000005,0.4000045
-35.14249,-189.6412,2.0,50.2094,0.4183947
-8.106069999999999,-160.8407,2.0,56.34438000000001,0.42459259999999993
8.961113000000001,-130.2814,2.0,27.74322,-3.031055
0.8209761000000001,-118.3437,2.0,22.24794,0.5911718
-6.466806,-101.2399,2.0,29.2548,0.27441040000000005
-6.630569,-76.75539,2.0,36.77774,0.5300731
-6.793385000000001,-46.86485,2.0,43.89284,0.5032164000000001
-7.212022,-11.850060000000001,2.0,50.5102,0.24451060000000002
-8.094178,27.294059999999998,2.0,49.45585,-0.8574145000000001
-23.06522,46.08124,2.0,17.04965,-2.749854
-25.626829999999998,44.75708,2.0,5.307068,0.331698
-29.53306,39.81265,2.0,13.67421,0.5954443
-41.52978,44.43093,2.0,21.77202,0.27327429999999997
-59.72575,45.35584,2.0,28.864559999999997,0.5539936
-83.772,42.11507,2.0,36.40551,0.2663065
-113.3846,41.14659,2.0,43.49897,0.5002561
-144.6584,33.09442,2.0,37.36392,-2.118665
-149.8897,19.04252,2.0,4.647685,-2.443751
-146.5328,19.296879999999998,2.0,8.874764,0.6036573000000001
-143.5105,11.089189999999999,2.0,16.987070000000003,0.27789040000000004
-150.9439,-2.3078939999999997,2.0,24.05593,0.1038671
-146.6255,-21.50815,2.0,30.38505,0.5066803
-142.4567,-37.13382,3.0,12.05909,-0.04987586
-145.5549,-45.161770000000004,3.0,12.54973,0.4434214
-154.8793,-52.770880000000005,3.0,16.249029999999998,-0.1463484
-164.9236,-56.32529,3.0,12.71687,-0.15125940000000002
-166.0005,-63.886509999999994,3.0,9.630623,-0.08177332
-159.8615,-71.17935,3.0,17.27947,0.5187402
-144.513,-71.7887,3.0,24.851689999999998,0.5301174
-124.7516,-78.00278,3.0,28.501170000000002,-0.24161300000000002
-111.2195,-91.02709,3.0,23.36167,-0.1981436
-108.2402,-110.2032,3.0,27.3137,-0.21820389999999998
-115.4684,-126.5344,3.0,21.76285,-0.37863759999999996
-129.6467,-133.7395,3.0,24.67389,0.23192710000000002
-143.0199,-124.7392,3.0,27.05987,1.078367
-151.6186,-105.4934,3.0,23.890220000000003,-1.828239
-163.6279,-106.5576,3.0,19.13619,0.2354136
-167.7433,-122.8097,3.0,26.838590000000003,0.29578150000000003
-169.9256,-145.497,3.0,34.47858,0.4882848
-167.5931,-173.5169,3.0,41.50127,0.4795536
-165.6862,-206.7219,3.0,48.16599,0.484192
-163.4191,-242.7483,3.0,45.644909999999996,-0.2782065
-145.7852,-259.1665,3.0,27.3707,-0.46540790000000004
-129.9437,-246.8848,3.0,30.71817,0.02149338
-126.5213,-223.445,3.0,35.778490000000005,0.5307173000000001
-127.4236,-196.9866,3.0,33.91315,-0.3267954
-117.9668,-178.7598,3.0,24.05398,0.01080506
-108.9975,-188.2091,3.0,22.416339999999998,0.2767516
-107.1648,-206.8469,3.0,29.413829999999997,0.5508533
-104.99,-229.34599999999998,3.0,29.10068,-0.40629570000000004
-105.9612,-250.7818,3.0,34.1753,0.44438279999999997
-91.01651,-271.1747,3.0,36.30662,-0.127132
-66.43325,-268.7616,3.0,21.560010000000002,-3.8742370000000004
-57.02336999999999,-267.3591,3.0,6.083928,-0.4863388
-56.69785,-267.0922,3.0,2.365842,-0.3408652
-57.07532,-267.2964,3.0,1.728916,0.2111163
-54.74075,-264.5816,3.0,7.00177,0.18050750000000002
-49.82054,-262.4225,3.0,7.949763000000001,-0.1548795
-48.31045,-263.4843,3.0,2.632434,0.3404292
-50.12161,-258.6232,3.0,11.200280000000001,0.2886035
-47.96998,-247.5707,3.0,19.23421,0.2855003
-44.624959999999994,-230.834,3.0,26.75723,0.26411690000000004
-42.09834,-208.4528,3.0,33.860079999999996,0.2442209
-33.25955,-183.5909,3.0,38.36055,0.4254657
-12.17389,-162.6481,3.0,34.68333,-1.658275
2.739984,-150.5886,3.0,21.576439999999998,-0.3593542
11.35591,-139.6482,3.0,16.59229,-0.3473887
10.363489999999999,-128.6803,3.0,16.343320000000002,0.5483055
1.677371,-116.6561,3.0,23.81276,0.5154907999999999
-6.923754,-98.27643,3.0,30.87585,0.483887
-10.48623,-73.31055,3.0,37.41574,0.2206138
-7.653605000000001,-43.30758,3.0,43.75828,0.45690410000000004
-3.5652480000000004,-10.31912,3.0,42.365390000000005,-0.2268317
-4.303764,11.402610000000001,3.0,13.92579,-1.9042310000000002
-4.995904,15.83249,3.0,6.704078,0.33896040000000005
-6.7639320000000005,23.84856,3.0,15.32417,0.6017344
-13.47742,36.20071,3.0,22.87029,0.23280389999999998
-30.891170000000002,44.61242,3.0,29.703870000000002,0.4042712
-55.26955,44.67906,3.0,36.419990000000006,0.4884143
-84.71351999999999,43.61675,3.0,43.08833,0.49115190000000003
-118.265,40.80083,3.0,45.09284,-0.18264439999999998
-146.485,31.72275,3.0,36.95087,-0.3497798
-145.6129,8.607636999999999,3.0,34.19893,0.32271350000000004
-145.1646,-17.77919,3.0,39.02814,0.4338643
-146.2412,-47.32247,4.0,33.71655,-2.912603
-159.7885,-54.325790000000005,4.0,19.517039999999998,0.09875253
-167.8715,-63.397980000000004,4.0,20.33663,0.1453658
-154.2182,-72.54505999999999,4.0,26.17567,0.22474380000000002
-132.6745,-74.97636999999999,4.0,32.613859999999995,0.2319103
-112.8086,-91.48824,4.0,38.15833,0.1836855
-112.3309,-118.2667,4.0,37.4048,0.04471656
-133.3723,-132.679,4.0,34.424690000000005,-0.16286170000000003
-144.8617,-115.9541,4.0,30.26632,0.4595076
-151.1947,-99.01935999999999,4.0,17.47448,-0.49263270000000003
-163.0782,-104.3531,4.0,22.30016,0.23081880000000002
-168.2476,-122.5772,4.0,29.416059999999998,0.5537896999999999
-170.4848,-146.8559,4.0,36.31009,0.2256487
-167.7393,-176.1347,4.0,42.96589,0.234341
-164.5907,-210.2173,4.0,49.26207,0.3966148
-162.1984,-244.3002,4.0,33.19727,-3.272573
-151.5451,-255.6124,4.0,18.141289999999998,-0.15562979999999998
-135.4551,-256.8366,4.0,24.8672,0.05662643
-126.9114,-239.0869,4.0,30.49977,0.4947674
-127.0812,-214.391,4.0,36.72805,0.48848800000000003
-125.8088,-185.8875,4.0,39.3848,-0.6536517
-104.3414,-178.484,4.0,28.739620000000002,-0.3991534
-102.9301,-193.4532,4.0,21.389789999999998,0.10945610000000001
-114.5957,-200.7963,4.0,7.267217,-0.9358815
-114.5551,-201.5559,4.0,0.002047806,-0.01225192
-114.1134,-201.6731,4.0,2.9266330000000003,0.24321089999999998
-110.5605,-200.5963,4.0,7.075902,0.03949369
-109.6811,-198.2033,4.0,0.6373668,0.5699649
-109.2897,-201.3856,4.0,7.9252210000000005,0.260969
-107.5831,-209.6877,4.0,14.794,0.47894259999999994
-105.4709,-222.8548,4.0,21.1443,0.21252270000000004
-105.8679,-240.7485,4.0,27.055770000000003,0.2097451
-100.9089,-261.5839,4.0,31.58752,0.2661332
-80.10225,-272.0746,4.0,34.09922,0.2493673
-55.82804,-262.5958,4.0,37.28048,0.01962828
-49.29672,-236.3403,4.0,39.09322,0.1802625
-44.60688,-206.33,4.0,43.33628,0.154374
-27.79754,-177.8116,4.0,46.5111,0.10928800000000001
-3.3001910000000003,-156.1233,4.0,34.59175,-1.183974
9.500816,-143.7651,4.0,19.303520000000002,-0.2346955
12.06627,-131.5486,4.0,21.37728,1.013365
1.293223,-116.6991,4.0,27.612790000000004,0.3723863
-7.671156,-96.4023,4.0,32.67753,0.1903957
-10.5932,-70.53702,4.0,37.75376,0.3636603
-6.888214,-41.055009999999996,4.0,42.53073,0.3733827
-1.69956,-8.263524,4.0,47.052440000000004,0.13427379999999997
-6.950507000000001,25.79374,4.0,35.797470000000004,-3.9473089999999997
-21.41977,40.74257,4.0,30.20093,0.1576859
-45.15408,43.773509999999995,4.0,35.00026,0.1908093
-72.98257,43.295,4.0,40.12359,0.3568343
-104.3686,41.76984,4.0,43.633720000000004,-0.05794983
-132.8144,38.35804,4.0,25.641370000000002,-3.9481599999999997
-143.4641,32.70071,4.0,17.70872,0.4027475
-148.055,18.36281,4.0,23.4473,0.2040594
-145.5469,-0.9344634,4.0,29.1767,0.3900805
-141.5853,-24.261039999999998,4.0,34.453520000000005,0.16532270000000002
-147.9376,-46.49232,5.0,26.952379999999998,-0.6652286999999999
-165.49,-56.86145,5.0,27.94073,-0.6149891
-164.3366,-69.313,5.0,17.85068,-0.6221364
-151.467,-70.53721999999999,5.0,21.15258,0.43180340000000006
-134.0225,-74.54330999999999,5.0,27.13147,0.41164259999999997
-114.9425,-85.03593000000001,5.0,31.95253,0.1337721
-108.1456,-107.7994,5.0,34.59,-0.1212333
-118.8819,-129.4031,5.0,32.170809999999996,0.1592385
-137.6977,-130.8676,5.0,22.32188,0.5085795999999999
-144.4829,-114.3723,5.0,27.05007,0.3204902
-158.7222,-100.3767,5.0,24.5797,-1.14875
-164.9344,-108.8917,5.0,16.5142,-0.2915955
-166.2207,-122.9284,5.0,22.763170000000002,0.3087041
-168.041,-144.9135,5.0,38.88531,0.718598
-166.4639,-178.234,5.0,48.31128,0.2803016
-164.2897,-214.7409,5.0,42.78735,-2.763194
-163.5926,-235.3805,5.0,20.20769,-0.4373589
-161.019,-248.1119,5.0,14.833120000000001,-0.3902691
-152.5337,-257.1555,5.0,22.02613,0.42313059999999997
-134.8829,-256.8762,5.0,28.90495,0.3238696
-125.4977,-233.6945,5.0,39.65376,0.5330128000000001
-128.1632,-204.4764,5.0,32.30301,-2.636942
-126.7899,-188.4736,5.0,17.51696,-0.2461681
-116.4447,-182.0973,5.0,20.981820000000003,0.7662631
-103.3109,-191.6523,5.0,25.62615,0.1917495
-102.9716,-213.8815,5.0,34.769290000000005,0.596688
-105.51700000000001,-240.7181,5.0,36.14813,-0.16968329999999998
-101.2011,-263.5234,5.0,28.051190000000002,0.06948917
-80.76588000000001,-272.0951,5.0,32.91498,0.3197594
-57.28954,-263.3907,5.0,35.79184,0.02266939
-48.88399999999999,-237.6373,5.0,39.14431,0.1739761
-44.40061,-207.0939,5.0,43.95459,0.3184676
-29.80278,-177.0355,5.0,47.00186,0.2459259
-6.371909,-158.2636,5.0,19.782510000000002,-3.620893
2.038109,-152.7549,5.0,11.023660000000001,-0.1552
7.201217999999999,-148.6109,5.0,7.21237,-0.24576660000000003
11.34158,-143.726,5.0,11.82274,0.24316379999999999
12.70989,-133.0058,5.0,18.003120000000003,0.2183841
4.738834,-119.7887,5.0,23.94567,0.2150973
-5.171228,-102.7427,5.0,29.502229999999997,0.4002171
-10.339089999999999,-79.46119,5.0,34.77316,0.1805965
-8.5341,-52.06945,5.0,39.62717,0.3598638
-3.003543,-21.373520000000003,5.0,44.41704,0.34285190000000004
-2.291889,10.31555,5.0,34.997040000000005,-1.627026
-6.588461,24.82306,5.0,9.442834,-0.2943392
-11.564919999999999,33.83511,5.0,17.79251,0.2217893
-23.95393,42.540859999999995,5.0,23.61652,0.3927198
-43.15786,45.31532,5.0,29.15666,0.4203008
-66.79181,44.85777,5.0,34.62044,0.2002575
-94.38763,43.57206,5.0,39.773509999999995,0.1741586
-123.5534,40.62112,5.0,35.57527,-0.2902201
-140.2088,35.952690000000004,5.0,21.49705,0.1731248
-147.6859,20.1669,5.0,26.654870000000003,0.1826745
-145.4512,-1.2763209999999998,5.0,31.91664,0.4127274
-141.8566,-26.52099,5.0,33.32343,-1.496538
-145.1685,-42.856770000000004,6.0,12.25216,-0.3505532
-152.3221,-52.32594,6.0,19.67349,-0.5361063
-163.5613,-57.38859,6.0,13.7587,-0.4538821
-165.2115,-66.74738,6.0,17.808429999999998,0.380639
-150.6385,-72.57281,6.0,28.314120000000003,0.5650765999999999
-126.06700000000001,-76.95586999999999,6.0,39.40984,0.3247233
-108.9066,-99.52524,6.0,37.14078,-0.5865916
-116.0739,-116.5829,6.0,11.88744,-0.2989928
-119.3008,-125.7449,6.0,18.53045,0.8296458000000001
-129.1103,-134.101,6.0,18.479770000000002,0.47567380000000004
-142.3968,-127.25299999999999,6.0,23.79963,0.3469462
-146.5327,-108.8627,6.0,19.46404,-2.5620380000000003
-151.4324,-103.3529,6.0,8.171697,0.35540040000000006
-160.1438,-100.679,6.0,16.68179,0.08769953
-166.8159,-110.0045,6.0,19.625,0.4511974
-168.1045,-129.6453,6.0,33.39462,0.9598595999999999
-168.6265,-159.0819,6.0,45.40844,0.8203613999999999
-166.0905,-196.3866,6.0,55.33878000000001,0.338737
-163.5066,-234.1086,6.0,45.198440000000005,-0.37119
-154.261,-257.1943,6.0,27.049159999999997,-0.9087202
-137.6687,-256.2791,6.0,19.36637,-0.4702169
-127.2677,-244.3943,6.0,25.35183,0.16404000000000002
-125.0142,-223.8063,6.0,30.737170000000003,0.1873505
-128.6799,-199.3034,6.0,35.86416,0.03898606
-123.2723,-182.903,6.0,16.70073,0.9593905999999999
-109.2005,-185.7445,6.0,22.62068,0.2873867
-102.6991,-202.5844,6.0,27.52875,0.1996818
-104.1079,-225.0041,6.0,32.99065,0.1908777
-105.5478,-251.2646,6.0,37.97385,0.30455909999999997
-90.12765999999999,-272.2804,6.0,35.903490000000005,-0.30838309999999997
-67.66771999999999,-269.0139,6.0,26.828129999999998,-0.5056144
-52.73941,-260.6478,6.0,23.46004,0.5504085999999999
-47.455020000000005,-240.8183,6.0,31.028170000000003,0.40036220000000006
-44.129090000000005,-216.0249,6.0,36.39578,0.3728297
-38.632509999999996,-187.9664,6.0,40.64131,0.12976780000000002
-16.48459,-167.1945,6.0,41.30642,-0.8871356
-0.1642394,-154.8112,6.0,14.37771,-0.3605276
7.103160000000001,-148.9174,6.0,12.07651,-0.0041993790000000005
12.44817,-140.2676,6.0,16.98501,0.6676439000000001
8.764095,-125.5232,6.0,25.565089999999998,0.38083190000000006
-5.033272,-105.9099,6.0,39.60387,1.001327
-9.612088,-72.06654,6.0,52.659890000000004,0.4228186
-4.544123,-29.49066,6.0,61.05546,0.24874429999999997
-2.972244,11.695210000000001,6.0,40.1266,-1.591516
-9.173805999999999,29.501990000000003,6.0,20.95395,0.20114920000000003
-21.91096,41.81767,6.0,29.012890000000002,0.7779355
-47.68032,45.33398,6.0,42.48534,0.5332147
-84.64525,43.8571,6.0,56.79296,0.44038130000000003
-120.363,40.685990000000004,6.0,25.0311,-1.7098470000000001
-131.3895,38.52312,6.0,12.57077,0.1874215
-144.04,32.66278,6.0,23.6118,0.2007646
-147.5243,14.242629999999998,6.0,28.370079999999998,0.40455290000000005
-143.9078,-8.482298,6.0,33.80859,0.1899068
-141.8781,-33.51267,7.0,5.794355,0.5365179
-142.6523,-40.349309999999996,7.0,12.73563,0.4874893
-149.0812,-49.90848,7.0,18.823529999999998,0.21422889999999997
-163.4101,-56.85256,7.0,24.27628,-0.2947965
-167.6008,-70.11578,7.0,16.24607,-0.47830550000000005
-158.4165,-76.9776,7.0,17.49512,0.273425
-144.6373,-74.11618,7.0,20.08258,-0.03572354
-129.1065,-74.18536999999999,7.0,22.71228,0.09902973
-113.4366,-85.71704,7.0,30.258229999999998,0.3373196
-108.5455,-108.226,7.0,33.84055,0.2451097
-123.4504,-128.5017,7.0,36.52876,0.197729
-146.0093,-127.1594,7.0,23.07443,-1.787743
-144.4468,-117.7284,7.0,10.074639999999999,-0.34010809999999997
-144.5036,-107.8755,7.0,17.73263,-0.01976036
-154.6989,-101.3533,7.0,18.16762,0.2764461
-165.7163,-109.7767,7.0,20.101470000000003,-0.13703959999999998
-165.9015,-125.0103,7.0,23.179470000000002,0.6208096
-168.0227,-145.9892,7.0,35.334070000000004,1.09091
-169.706,-177.1255,7.0,48.51728,0.8612931
-169.8367,-216.375,7.0,52.36759,-0.8798455
-162.8481,-247.2722,7.0,32.1229,-0.9304778
-145.261,-254.4619,7.0,22.68775,-0.5167006
-129.9854,-249.2124,7.0,23.06129,0.200219
-125.8092,-230.4942,7.0,31.0759,0.1972365
-126.1586,-205.4152,7.0,36.45935,0.3814631
-121.8599,-181.5256,7.0,20.479229999999998,-1.187698
-111.9328,-183.0393,7.0,18.15625,0.3234936
-109.219,-198.2233,7.0,24.00309,0.41820730000000006
-108.7701,-218.1499,7.0,29.791559999999997,0.2045648
-108.0003,-242.2482,7.0,35.06501,0.30928649999999996
-95.38753,-265.6844,7.0,38.216,0.1930493
-68.2475,-271.7637,7.0,39.39066,-0.004659454
-50.37083,-250.5742,7.0,39.7692,0.1522631
-48.20227,-219.6507,7.0,44.13125,0.1385283
-33.23307,-190.4121,7.0,46.68187,0.3396159
-8.511355,-163.6691,7.0,51.17873,0.1411219
8.789216999999999,-135.5647,7.0,31.22076,-0.9506597
3.3949540000000002,-118.1318,7.0,28.423109999999998,0.9564780999999999
-5.847419,-97.07412,7.0,36.725640000000006,1.152126
-2.401205,-63.507690000000004,7.0,54.494580000000006,1.244383
-0.9867235000000001,-17.43714,7.0,69.09116,0.35224240000000007
-4.686661,27.683459999999997,7.0,48.13796,-1.456433
-23.04397,41.977340000000005,7.0,29.9424,0.3216679
-49.91762,40.60402,7.0,40.39291,0.3720788
-81.69353000000001,40.43242,7.0,45.18969,0.3375268
-116.8578,41.40447,7.0,49.66482,0.2848271
-145.4299,31.97617,7.0,29.21272,-1.130536
-145.8488,10.77922,7.0,31.60795,0.40950929999999997
-145.1469,-14.66937,7.0,36.913920000000005,0.3819127
-147.955,-43.520379999999996,8.0,40.20888,-0.4298479
-166.0005,-60.534290000000006,8.0,23.50315,-1.750282
-164.5052,-75.49969,8.0,25.93304,0.44789470000000003
-144.6189,-77.88582,8.0,30.41825,0.422621
-122.1186,-82.68587,8.0,33.48819,0.2620025
-110.6924,-105.1805,8.0,36.52135,0.1699486
-123.0386,-128.2982,8.0,37.641459999999995,0.11360510000000001
-145.0417,-129.3198,8.0,15.22606,-2.723641
-145.4198,-126.6409,8.0,6.26219,0.5200604999999999
-141.8162,-120.6447,8.0,13.02978,0.23385429999999996
-145.4695,-109.5873,8.0,19.18068,0.439014
-159.0481,-102.4185,8.0,23.39039,0.06843431
-167.7902,-115.9247,8.0,25.68585,0.4035277
-166.8005,-137.0095,8.0,31.15522,0.38158569999999997
-170.83700000000002,-161.6883,8.0,36.35866,0.16844800000000001
-169.7773,-190.4297,8.0,41.16471,0.349012
-168.7341,-222.6695,8.0,45.899390000000004,0.3215619
-158.4547,-252.9857,8.0,39.01197,-0.8542644
-135.811,-252.4873,8.0,27.388040000000004,-0.3067107
-127.0181,-232.9859,8.0,32.30291,0.34615759999999995
-127.3414,-207.1314,8.0,37.53548,0.377755
-121.2164,-181.7556,8.0,24.997329999999998,-2.27427
-109.9484,-182.7471,8.0,17.3765,0.35347870000000003
-107.0242,-197.2437,8.0,23.17801,0.4272210999999999
-106.445,-216.6758,8.0,29.03355,0.2070678
-105.6057,-240.2282,8.0,34.50946,0.35020300000000004
-95.73196,-264.6748,8.0,37.653729999999996,0.1341582
-69.64525,-271.9397,8.0,38.427640000000004,-0.009967703
-49.740190000000005,-252.3538,8.0,39.70981,0.06104442
-46.39012,-221.7094,8.0,44.04489,0.335773
-34.90569,-191.1429,8.0,45.64788,0.2505096
-10.01826,-165.9748,8.0,49.9869,0.3090472
8.440629,-135.8463,8.0,40.2931,-1.292543
-0.383729,-112.2217,8.0,37.9796,1.144643
-5.447255,-84.87541,8.0,40.36308,0.1722577
-1.54912,-53.412119999999994,8.0,45.029579999999996,0.1457328
-1.4987469999999998,-18.410529999999998,8.0,49.51413,0.3286765
-3.186803,19.869120000000002,8.0,52.10117,-0.47826179999999996
-19.667289999999998,42.35625,8.0,25.4824,-1.2672450000000002
-26.246059999999996,40.42654,8.0,5.972219,0.2388404
-31.223940000000002,37.04444,8.0,12.39446,0.45747920000000003
-39.771770000000004,44.40048,8.0,18.72413,0.4438072
-48.032059999999994,48.58648,8.0,0.03141207,-0.5676372
-48.015159999999995,48.5858,8.0,0.09858704,0.09124575
-48.45817,46.32948,8.0,5.095242,0.08517064
-47.11452,43.26013,8.0,1.320233,-1.174711
-49.33923,44.87393,8.0,8.421268,0.6520001
-58.50829,46.1959,8.0,17.118470000000002,0.6494281999999999
-74.20368,44.36148,8.0,25.37714,0.5822668000000001
-95.7606,42.0698,8.0,33.060970000000005,0.25753560000000003
-122.8379,44.3065,8.0,39.85015,0.2539571
-143.9811,27.81103,8.0,38.500040000000006,0.2010567
-144.8751,-3.4794699999999996,8.0,46.61168,0.6302094
-141.9221,-33.66932,9.0,3.070662,-0.05981813
-142.2469,-35.80641,9.0,5.1015120000000005,1.214717
-144.9615,-43.7317,9.0,14.2259,-0.2272286
-151.0787,-50.795190000000005,9.0,11.51441,-0.0947744
-160.319,-53.98664,9.0,13.45086,-0.10437360000000001
-166.601,-59.6067,9.0,10.35909,-0.19397609999999998
-164.1514,-68.91048,9.0,19.65232,0.945765
-150.9262,-73.59,9.0,17.63795,-0.2558649
-139.063,-72.86969,9.0,15.27343,0.7057091999999999
-123.5396,-77.52045,9.0,25.396279999999997,0.0380661
-110.41,-91.19258,9.0,26.33265,0.06806635
-107.44200000000001,-109.1794,9.0,18.3362,-1.8612349999999998
-109.8009,-118.2171,9.0,11.02399,-0.16743870000000002
-115.6756,-128.7198,9.0,21.71183,0.01926276
-128.6249,-135.0426,9.0,17.78011,-0.3143438
-139.7104,-131.1324,9.0,15.91446,0.3246418
-146.5923,-116.7126,9.0,26.33812,0.5468647
-154.1779,-100.8291,9.0,16.471770000000003,-0.18789370000000002
-163.4633,-101.79899999999999,9.0,12.335999999999999,0.22849250000000002
-167.4503,-115.2732,9.0,26.7153,1.069956
-168.6863,-140.1868,9.0,40.22614,0.9322659
-168.2093,-172.6351,9.0,46.2057,0.258855
-164.7473,-207.2434,9.0,44.95048,-0.5999969
-162.7347,-236.77700000000002,9.0,31.72768,-0.9843424999999999
-155.7568,-254.5867,9.0,23.24473,-0.19180020000000003
-142.0277,-260.3021,9.0,17.982470000000003,-0.39905640000000003
-130.3032,-251.1395,9.0,26.960829999999998,1.1261700000000001
-124.9957,-227.1705,9.0,37.71096,0.5299284000000001
-128.4462,-202.2721,9.0,25.52305,-1.606619
-128.0086,-189.299,9.0,14.30845,-0.1502677
-121.1887,-181.9764,9.0,17.326710000000002,0.3489113
-108.1125,-184.6472,9.0,17.103189999999998,-0.3292112
-102.79899999999999,-194.8992,9.0,19.05868,1.1414950000000001
-103.1188,-214.52900000000002,9.0,32.854440000000004,0.6499161
-106.1202,-241.2536,9.0,37.15609,-0.1990243
-99.13981,-266.1308,9.0,33.77002,-0.32832340000000004
-76.76196,-272.8974,9.0,32.71226,-0.03635816
-55.9165,-262.2413,9.0,32.17252,0.2772193
-48.18972,-238.5644,9.0,35.3587,0.1712974
-44.02431,-211.8392,9.0,36.34344,-0.09271288
-37.57456,-187.1546,9.0,32.221920000000004,-0.3951418
-23.555120000000002,-170.715,9.0,26.339940000000002,-0.19276529999999997
-9.064999,-160.5195,9.0,21.7576,-0.1859214
3.4149480000000003,-152.2038,9.0,18.32196,-0.1439825
12.10784,-141.1814,9.0,22.00789,0.4566965
7.681956,-124.0092,9.0,27.63857,0.27402
-5.178804,-106.9271,9.0,29.61791,0.002839822
-10.53764,-85.41015,9.0,30.33663,0.0212052
-10.45753,-61.5821,9.0,34.25163,0.07397231
-6.336987000000001,-35.919579999999996,9.0,35.7811,0.09025352
-2.211993,-9.348405,9.0,36.7673,0.05249162
-3.759238,14.222779999999998,9.0,26.16626,-0.3437409
-8.558216,29.773740000000004,9.0,19.04035,-0.1539394
-20.753220000000002,41.48568,9.0,27.65499,0.5113462999999999
-43.32519,44.99457,9.0,34.52675,0.26674169999999997
-71.5537,44.027390000000004,9.0,41.70045,0.24675070000000002
-105.0465,42.91359,9.0,48.12182,0.05256454
-136.8006,38.055620000000005,9.0,33.92007,-0.41262709999999997
-146.695,16.851020000000002,9.0,35.25541,0.4494237
-141.5224,-11.401060000000001,9.0,41.89029,0.2042251
-144.0657,-36.13174,10.0,18.30366,-1.753484
-149.3097,-48.14379,10.0,20.66023,-0.01318321
-160.6354,-55.47671999999999,10.0,16.56837,-0.2481054
-167.1292,-63.224059999999994,10.0,13.346870000000001,0.21110500000000001
-160.0075,-72.58612,10.0,17.798460000000002,-0.1483225
-146.5897,-72.4781,10.0,18.53262,-0.1966463
-133.2746,-74.03413,10.0,21.84515,1.47861
-116.0444,-83.00067,10.0,29.90033,0.23418270000000002
-107.1459,-104.8196,10.0,35.51553,0.4359019
-115.3231,-127.4551,10.0,25.15873,-0.4886514
-130.3453,-133.7884,10.0,19.8701,-0.32254940000000004
-141.9723,-128.2197,10.0,19.31032,0.6227111
-146.8822,-111.956,10.0,24.22897,-0.3788875
-151.0281,-103.8641,10.0,4.453766000000001,0.8428834000000001
-157.4256,-100.5056,10.0,13.91911,0.5079094
-166.5585,-107.5902,10.0,20.02176,0.24045740000000002
-168.21,-124.9989,10.0,27.140290000000004,0.488864
-168.9263,-147.7332,10.0,34.26764,0.054446100000000004
-168.2611,-174.3768,10.0,37.8762,0.05823857
-165.7573,-203.3375,10.0,39.12413,-0.611234
-164.0134,-229.3879,10.0,31.485970000000002,-0.49073019999999995
-160.2605,-249.5516,10.0,24.33365,-0.5196722
-147.6281,-259.2272,10.0,22.733420000000002,0.4916675999999999
-132.125,-253.6819,10.0,24.17284,0.27864
-125.07700000000001,-235.7351,10.0,27.904220000000002,0.2093741
-126.3816,-214.0209,10.0,30.33567,-0.2502065
-127.9285,-195.949,10.0,17.23166,-0.31936770000000003
-126.228,-185.1272,10.0,12.652280000000001,-0.35916370000000003
-117.2039,-181.9145,10.0,16.50422,0.49092479999999994
-105.4502,-187.0952,10.0,17.95184,0.10568720000000001
-103.1216,-200.6902,10.0,20.23414,0.09014504
-104.104,-216.4924,10.0,21.81793,0.004469674
-105.4295,-233.3492,10.0,25.82066,0.530939
-105.3773,-254.5041,10.0,29.93525,-0.0009723525
-92.46838000000001,-271.2794,10.0,32.151270000000004,0.3164026
-66.43127,-269.8922,10.0,38.420320000000004,0.1944368
-49.99675,-248.6333,10.0,39.27179,0.2174882
-45.6407,-217.6509,10.0,43.95393,-0.07538411
-37.9637,-189.1719,10.0,35.48165,-0.3020132
-23.4929,-171.1637,10.0,27.86965,-0.4573915
-9.213694,-160.9044,10.0,14.87139,-1.849579
-0.4314999,-154.7934,10.0,18.98038,0.7295115
10.52898,-145.1914,10.0,19.25318,0.2587301
11.23992,-128.6224,10.0,27.31467,0.2818417
-3.354337,-111.698,10.0,32.92175,0.17162729999999998
-10.07536,-87.26171,10.0,32.57801,-0.5380203
-9.717205,-63.28304,10.0,35.0188,0.48012309999999997
-6.437801,-35.134570000000004,10.0,41.27341,0.45270609999999994
-1.947616,-2.736238,10.0,46.95435,0.3815395
-8.671391999999999,31.086959999999998,10.0,43.45499,-0.9640496
-36.28991,44.87315,10.0,44.7353,0.1495486
-71.27333,44.24836,10.0,49.88669,0.2003325
-109.9471,41.76443,10.0,52.73825,-1.494027
-141.2289,34.84407,10.0,39.07929,-0.2012019
-146.8232,9.856026,10.0,37.781659999999995,0.4355945
-141.5574,-19.46816,10.0,42.86983,0.16522509999999999
-148.5083,-44.78618,11.0,34.95905,0.17093160000000002
-167.5684,-63.65073,11.0,34.69956,-1.588511
-165.3064,-80.38786,11.0,20.10983,0.02179627
-152.7519,-72.86991,11.0,23.99014,0.1811161
-134.8501,-72.24718,11.0,28.435609999999997,0.4658344
-116.4165,-85.89668,11.0,30.967259999999996,-0.2823102
-109.0944,-107.6735,11.0,34.54765,0.1568759
-119.6309,-128.6614,11.0,27.417279999999998,-0.5505124
-138.966,-130.2501,11.0,30.66814,0.3972571
-145.107,-108.745,11.0,26.56038,-3.555946
-151.5145,-101.1289,11.0,15.53868,0.6835939
-164.9248,-106.0155,11.0,23.8875,0.1243329
-166.1293,-125.4497,11.0,29.840390000000003,0.5124773
-167.8945,-149.8839,11.0,36.281,0.46124319999999996
-167.1772,-178.8844,11.0,42.263020000000004,0.4036335
-164.1959,-212.2229,11.0,48.02908,0.19434179999999998
-160.7914,-245.1572,11.0,37.18708,-1.401915
-145.2409,-259.7268,11.0,29.7516,0.1400141
-128.5085,-248.6303,11.0,30.8162,0.42442479999999994
-125.3235,-223.6248,11.0,36.93075,0.4058308
-127.9657,-196.0472,11.0,34.02385,-0.28893320000000006
-116.0121,-179.5905,11.0,26.28874,-0.3692368
-107.1243,-192.8093,11.0,26.06043,0.25113
-105.7991,-214.4234,11.0,32.48896,0.21464589999999997
-107.1975,-240.7143,11.0,38.55773,0.1888652
-97.21204,-267.7944,11.0,40.44654,-0.4432737
-68.83618,-270.4943,11.0,41.634640000000005,0.3095987
-49.218509999999995,-249.0244,11.0,42.00196,0.39733229999999997
-44.08658,-216.1383,11.0,47.74215,0.39669920000000003
-32.82455,-181.3045,11.0,51.53239,0.1354061
-6.850600999999999,-160.4417,11.0,35.43314,-1.442456
10.16395,-144.5579,11.0,27.720209999999998,-0.3145943
9.807526,-127.12,11.0,24.69953,0.447525
-2.609578,-110.5869,11.0,31.1173,0.3972585
-9.358288,-86.39573,11.0,37.140209999999996,0.4688907
-9.397691,-56.71298,11.0,43.00307,0.3932288
-3.483109,-23.290960000000002,11.0,48.65892,0.1822886
-3.399251,14.45691,11.0,53.26263,0.1318975
-22.91842,43.52245,11.0,46.51936,-0.18671120000000002
-57.63875,43.36123,11.0,49.50508,0.4103197
-96.24076,41.61593,11.0,54.82439,0.1801266
-134.3054,37.90757,11.0,44.04501,0.01396652
-149.911,13.84929,11.0,40.16679,0.008490468000000001
-142.2676,-16.64868,11.0,44.78637,0.3002493
-147.9485,-46.3752,12.0,33.05075,-1.495592
-166.0127,-56.766980000000004,12.0,28.156640000000003,-0.4081572
-162.4876,-71.80532,12.0,23.96603,0.1181365
-142.822,-71.2103,12.0,29.877809999999997,0.4334965
-120.2291,-79.40369,12.0,35.58791,0.3701698
-106.6145,-102.6153,12.0,39.07796,0.06588045
-115.561,-124.2195,12.0,27.243570000000002,0.4601075
-132.6038,-132.9508,12.0,23.087139999999998,-0.5123415
-145.4673,-124.0003,12.0,25.070999999999998,0.3801377
-150.0375,-104.4546,12.0,25.822960000000002,-0.8420018
-164.1315,-102.6804,12.0,20.00265,0.0770596
-167.5687,-120.0138,12.0,31.456879999999998,1.43159
-168.5369,-146.7807,12.0,39.191559999999996,0.2085297
-167.2535,-177.9434,12.0,44.86947,0.4092484
-165.1281,-213.2257,12.0,50.49627,0.1839777
-160.5919,-248.549,12.0,42.39031,-1.3620940000000001
-140.2001,-257.2716,12.0,26.503320000000002,0.015013
-128.6428,-239.1906,12.0,32.1385,0.31141729999999995
-125.6366,-213.3327,12.0,38.14059,0.4010856
-127.5446,-187.7313,12.0,32.56373,-0.2360774
-109.9332,-181.8267,12.0,25.96729,-0.42001859999999996
-109.2007,-199.4072,12.0,27.82661,0.21628139999999998
-110.0967,-222.2117,12.0,34.1937,0.48557619999999996
-106.6757,-249.7265,12.0,40.37689,0.1935376
-88.37108,-271.4829,12.0,39.3658,-0.04271943
-58.82071,-266.1472,12.0,43.315509999999996,0.3123651
-45.8242,-242.2147,12.0,34.575509999999994,-0.7853562
-53.64442,-222.1803,12.0,18.626179999999998,-3.138818
-53.134859999999996,-216.18400000000003,12.0,5.597394,0.001275282
-53.209630000000004,-215.315,12.0,3.382598,0.6377816999999999
-49.15882,-218.7926,12.0,11.32573,0.49483359999999993
-42.4208,-212.15099999999998,12.0,14.89804,-0.3072838
-41.63343,-202.078,12.0,15.757670000000001,1.231399
-38.54527,-187.1489,12.0,24.27896,0.48888729999999997
-26.05215,-171.2913,12.0,30.7393,0.45311720000000005
-4.79707,-157.9503,12.0,37.08392,0.21849580000000002
12.06506,-137.7199,12.0,31.99379,-0.4669608
4.029275,-117.6406,12.0,34.23346,0.6488151
-9.287707000000001,-89.52046999999999,12.0,49.84087,1.291492
-8.265141,-50.40493,12.0,55.349740000000004,0.1785754
-2.3140509999999996,-8.055655,12.0,60.071369999999995,0.1568241
-7.4183639999999995,26.857740000000003,12.0,30.92799,-0.4559487
-25.77986,44.11627,12.0,37.10825,0.2403286
-54.71561,44.37243,12.0,42.00815,0.39580820000000005
-87.9286,44.18105,12.0,47.68695,0.39172779999999996
-124.6433,40.30709,12.0,49.11487,-0.4364965
-153.144,24.246920000000003,12.0,42.92283,-0.30892159999999996
-153.6385,12.61245,12.0,4.636149,-0.7484835
-150.9409,12.55228,12.0,8.174544000000001,0.2828943
-146.5661,5.41378,12.0,15.841610000000001,0.27193959999999995
-145.3751,-9.114288,12.0,23.256339999999998,0.4886324000000001
-142.1199,-28.6584,12.0,30.160009999999996,0.44429799999999997
-142.446,-36.917640000000006,13.0,9.516805999999999,0.5729285
-146.7667,-45.78881,13.0,17.24784,0.5340526
-159.5629,-54.14031,13.0,24.31615,0.45820150000000004
-166.8298,-68.64185,13.0,20.19634,-0.5521090999999999
-156.5698,-76.20013,13.0,19.06064,0.41509809999999997
-141.6733,-72.87899999999999,13.0,19.65918,-0.3874511
-126.7381,-73.87731,13.0,23.95911,0.2339716
-111.4066,-86.15588000000001,13.0,29.897009999999998,0.2029912
-107.3749,-109.383,13.0,34.8185,0.2355045
-123.906,-129.9056,13.0,38.52896,0.08232738
-145.1468,-127.4006,13.0,19.269679999999997,-1.8092840000000001
-143.1317,-122.8739,13.0,8.253996,0.29618790000000006
-138.4663,-122.3533,13.0,2.818303,0.6742338999999999
-143.0352,-124.0509,13.0,10.0363,0.19839020000000002
-145.5339,-128.931,13.0,2.66876,-0.7896054
-145.1966,-127.2579,13.0,6.941584,0.3341086
-141.2999,-119.8311,13.0,15.48405,0.5452218000000001
-142.0406,-106.2356,13.0,22.57861,0.48332109999999995
-157.2766,-98.11033,13.0,25.58568,-0.7508560000000001
-166.9913,-111.3838,13.0,27.06917,0.6276304
-167.8018,-134.066,13.0,34.14273,0.2488331
-167.6459,-162.0137,13.0,40.89846,0.5119041
-167.9683,-194.6604,13.0,47.20024,0.21121750000000003
-167.7044,-231.8461,13.0,52.53699,-0.45934020000000003
-148.2499,-257.1359,13.0,42.36464,-0.2458717
-127.7295,-246.9005,13.0,29.791520000000002,0.49214440000000004
-128.0987,-221.3982,13.0,39.74347,0.5303246
-127.6116,-192.3604,13.0,28.018890000000003,-2.874931
-120.8417,-182.2155,13.0,14.205429999999998,0.05965638
-108.98100000000001,-185.68,13.0,21.82788,0.43914319999999996
-104.7722,-203.5042,13.0,28.597609999999996,0.5208956
-107.6957,-227.0778,13.0,35.582359999999994,0.49190320000000004
-102.6409,-254.5763,13.0,40.88964,0.35793709999999995
-78.7666,-272.5935,13.0,42.61691,-0.009058328000000001
-52.78196,-258.2538,13.0,42.52303,0.01807502
-48.6025,-225.9798,13.0,47.012440000000005,-0.01536832
-40.2561,-195.1609,13.0,43.00538,0.1823535
-18.02435,-169.6957,13.0,48.73758,0.5269510000000001
6.40496,-140.9138,13.0,49.737359999999995,-0.4379595
3.3685169999999998,-111.2034,13.0,35.26546,-1.030864
-8.927225,-93.80513,13.0,29.111209999999996,1.355184
-6.152011,-69.21391,13.0,36.87523,0.5132572
-5.389048000000001,-39.457770000000004,13.0,43.4158,0.2181136
-3.901301,-4.999926,13.0,49.57486,0.44894179999999995
-9.040321,31.12371,13.0,43.89202,-1.562311
-29.835929999999998,41.035790000000006,13.0,23.14882,-0.9427370999999999
-35.07175,32.58108,13.0,0.5867013000000001,-0.8159626999999999
-35.12977,32.5899,13.0,0.06492367,-0.01922344
-35.17192,32.59986,13.0,0.4615891,0.6621283
-34.22789,35.99538,13.0,8.766344,0.261151
-32.50626,43.19604,13.0,6.592583,-0.7321339
-32.32332,44.47433,13.0,2.7777689999999997,0.6074246
-36.004909999999995,41.33482,13.0,10.74028,0.5057393
-46.283429999999996,43.63811,13.0,18.04309,0.4976513
-62.05341,45.2151,13.0,24.7804,0.4917165
-82.60635,42.34885,13.0,31.222340000000003,0.44075790000000004
-107.9299,42.9878,13.0,37.101279999999996,0.3844506
-135.7761,36.4597,13.0,39.6928,-0.07682391
-147.9284,12.22734,13.0,39.44639,0.1781514
-144.8152,-18.80314,13.0,44.77534,0.345075
-149.9528,-50.39427,14.0,36.47318,-2.445209
-163.3518,-66.20702,14.0,22.81448,-0.47335779999999994
-149.6569,-75.71396,14.0,27.38787,0.42909189999999997
-127.5189,-78.07111,14.0,32.66343,0.2863995
-110.6794,-96.66096999999999,14.0,36.53235,0.18537579999999998
-116.1105,-122.8402,14.0,38.73272,0.1540062
-140.1827,-130.8816,14.0,28.561220000000002,-0.9180464
-145.7881,-120.3798,14.0,3.956685,-0.7413972
-146.4507,-119.2982,14.0,1.9235950000000002,-0.008086371
-147.2797,-118.2715,14.0,1.553334,-0.09619992
-148.4656,-117.4725,14.0,3.7961440000000004,0.1702336
-150.9711,-117.4849,14.0,0.5520898,-0.2945981
-148.3674,-115.92200000000001,14.0,8.53627,0.5488951
-144.5959,-107.7087,14.0,16.57951,0.5296608
-153.2621,-97.07024,14.0,22.6602,0.15484460000000003
-167.2428,-105.5809,14.0,26.43311,0.3075216
-166.4352,-127.2829,14.0,32.925909999999995,0.484368
-166.7361,-154.2013,14.0,39.78776,0.4812214
-166.9917,-186.0958,14.0,46.2515,0.2227906
-166.9209,-222.6291,14.0,52.32247,0.4245847
-154.4985,-252.4364,14.0,33.99337,-0.9389943000000001
-141.672,-252.6895,14.0,5.736989,-0.9093919
-141.2991,-249.9199,14.0,2.530729,0.003485127
-137.5587,-247.9893,14.0,9.848282000000001,0.7477854
-128.5043,-251.4046,14.0,13.919429999999998,-0.316312
-121.3092,-248.6759,14.0,9.901753,0.5687656
-123.0174,-238.4634,14.0,18.73028,0.5886609
-126.2183,-221.9993,14.0,26.473440000000004,0.5424009
-127.7489,-199.7281,14.0,33.747370000000004,0.24582779999999999
-118.0249,-179.4326,14.0,29.43089,-0.5206805
-105.4384,-188.8567,14.0,27.46448,0.5849544
-107.1922,-216.4395,14.0,47.4254,1.419448
-101.3668,-255.8586,14.0,54.746919999999996,-1.360484
-72.3263,-272.26099999999997,14.0,46.29058,0.395681
-48.70776,-252.2956,14.0,43.17109,-0.014667700000000002
-49.09558,-218.96099999999998,14.0,47.44401,0.1895333
-32.72958,-186.7856,14.0,51.67818,0.3657858
-3.93439,-158.6782,14.0,57.034690000000005,0.06275471
9.680158,-126.4101,14.0,33.38677,-2.4521319999999998
-1.8887150000000001,-109.5509,14.0,27.80446,0.7634466999999999
-5.810423999999999,-87.16385,14.0,34.296929999999996,0.49275209999999997
-3.55495,-59.311780000000006,14.0,41.12506,0.4806014
-2.2700299999999998,-26.42698,14.0,47.52467,0.4396017
-3.255391,10.973889999999999,14.0,53.45171,0.1821212
-19.00135,40.54787,14.0,43.51578,-0.08860586
-51.40097,40.75645,14.0,46.869659999999996,0.4410397
-88.48227,40.17498,14.0,52.86905,0.1979266
-127.9505,40.92682,14.0,46.37101,-1.8458880000000002
-145.3524,25.35914,14.0,18.54354,-2.777389
-143.8574,22.58246,14.0,5.261347,0.6705973000000001
-141.3375,25.38366,14.0,3.038193,-0.4076598
-142.6935,23.55088,14.0,7.370379,0.2245598
-148.44,21.609460000000002,14.0,6.010318,-0.8027383000000001
-149.0395,21.763379999999998,14.0,4.030437999999999,0.3529643
-144.2548,17.6358,14.0,13.039069999999999,0.6306414
-140.8499,5.594225,14.0,21.2597,0.5916191
-141.6616,-13.07335,14.0,29.152070000000002,0.269045
-141.8031,-34.80492,1.0,5.8749769999999994,-0.04050651
-142.2287,-41.19377,1.0,13.20955,0.3352388
-148.7549,-52.006479999999996,1.0,21.59345,0.5627772
-162.5837,-64.0996,1.0,27.54577,-0.04350593
-152.8172,-76.76035999999999,1.0,23.99709,-0.1885426
-138.1691,-68.76985,1.0,14.87483,-0.21567229999999998
-135.8666,-68.27826,1.0,0.02448244,0.0006878685000000001
-135.8477,-68.28109,1.0,0.02559683,0.0005383487
-135.8304,-68.28336,1.0,0.01830981,0.01580822
-136.053,-69.32642,1.0,4.385789,0.11534280000000001
-135.7483,-72.6599,1.0,4.385926,-0.04832951
-136.0342,-75.53314,1.0,3.551708,-0.01514807
-136.5956,-76.30334,1.0,3.131089,0.6527331000000001
-131.2128,-74.94941999999999,1.0,12.06851,0.6307125
-120.4655,-79.43535,1.0,19.78061,0.5373905
-112.3979,-94.993,1.0,27.5442,0.5375121999999999
-112.3099,-117.1417,1.0,33.499,0.2042955
-131.6884,-133.29399999999998,1.0,35.92311,-0.7646116
-146.88,-122.7464,1.0,22.47358,-0.1257076
-138.4037,-109.8282,1.0,11.32282,-1.5335459999999999
-138.4579,-108.7187,1.0,0.020902900000000002,-0.04138832
-138.4587,-108.7358,1.0,0.01966671,0.005579156
-139.9104,-108.2435,1.0,6.3499870000000005,0.24007579999999998
-145.1308,-109.9965,1.0,7.3792279999999995,-0.9705043999999999
-145.1914,-109.8397,1.0,5.239488,0.3227061
-144.9708,-102.9493,1.0,13.696929999999998,0.5900034000000001
-154.5668,-95.72853,1.0,17.67146,-0.40252990000000005
-164.2512,-100.4774,1.0,14.93639,1.0339770000000001
-167.0037,-116.9216,1.0,29.771340000000002,0.8530323000000001
-168.998,-142.1359,1.0,38.33279,0.5763254
-163.5588,-169.6836,1.0,34.63706,-0.5458724
-167.8087,-192.8969,1.0,32.51814,1.352155
-166.7862,-221.4998,1.0,38.35394,-0.5740608
-161.9054,-245.9442,1.0,28.918259999999997,-0.43162829999999996
-143.5861,-250.543,1.0,28.816809999999997,0.4480232
-123.3399,-241.1166,1.0,28.9238,-1.41289
-128.5141,-225.6575,1.0,25.638560000000002,0.308131
-126.2483,-210.5438,1.0,21.96586,-0.37287459999999994
-123.7843,-197.36900000000003,1.0,18.15241,0.01354205
-122.8777,-186.0497,1.0,14.43356,0.03793478
-111.5325,-187.4539,1.0,17.40958,-0.6194381
-110.1854,-198.7706,1.0,14.163429999999998,-0.09203532
-109.8102,-210.4108,1.0,19.44521,0.5708483
-108.0358,-227.623,1.0,27.219279999999998,0.5325333000000001
-104.2318,-250.1167,1.0,34.21374,0.20556509999999997
-86.70647,-269.6567,1.0,38.44107,0.1976716
-59.802569999999996,-264.3288,1.0,39.47851,0.01662677
-51.98444,-236.6668,1.0,42.11955,0.4378504
-42.59856,-205.3494,1.0,47.186690000000006,0.43336769999999997
-19.71009,-176.5397,1.0,52.657140000000005,0.4144964
5.078058,-143.8648,1.0,58.056540000000005,0.1377307
11.29739,-110.1629,1.0,25.74351,-0.21795460000000003
9.941586000000001,-104.3391,1.0,0.7832508,-0.08750907
9.840691,-104.2977,1.0,1.358523,0.249982
12.82362,-106.2815,1.0,7.541282000000001,0.31407690000000005
18.03226,-107.0669,1.0,3.695612,-0.7552246
17.32292,-107.2885,1.0,5.489807,0.6313437
10.69095,-110.1323,1.0,13.83099,0.06851917
0.536554,-108.8889,1.0,17.780920000000002,0.3920447
1.2727620000000002,-93.42772,1.0,24.59899,0.4519657999999999
-3.758929,-73.56721,1.0,31.214809999999996,0.47643599999999997
-5.7398489999999995,-48.06687,1.0,37.876870000000004,0.4837606
-6.4393199999999995,-17.64092,1.0,44.23537,0.21220329999999998
-6.754735,17.3722,1.0,49.97752,-0.04094898
-16.79555,43.24572,1.0,21.73011,-2.4396459999999998
-26.25977,40.32755,1.0,16.62649,0.5172690999999999
-40.59572,38.27115,1.0,23.64953,0.2826597
-60.68062,39.76078,1.0,30.81154,0.515636
-86.07561,39.62086,1.0,37.66937,0.47391049999999996
-116.3444,40.48778,1.0,44.05664,0.2140946
-142.5959,33.79037,1.0,27.098129999999998,-2.126762
-141.3456,24.424889999999998,1.0,8.049334,-0.03871728
-137.7515,24.26237,1.0,0.06448843,0.00019749900000000001
-137.7517,24.21803,1.0,0.05392113,0.0068702
-139.0108,24.5368,1.0,5.508183,0.21312729999999996
-145.2498,24.10998,1.0,10.82175,0.3029312
-150.8897,25.33683,1.0,2.9060509999999997,-0.6870427
-149.8846,24.7648,1.0,5.808774,0.5781924
-147.0413,18.40934,1.0,13.55625,0.5172753
-151.7438,6.866076,1.0,20.12105,0.3473406
-148.6221,-9.755934,1.0,26.33848,0.23328000000000002
-146.0423,-31.487479999999998,1.0,32.71235,0.4461184
-157.347,-51.09745,2.0,32.89448,0.396354
-165.7382,-68.90748,2.0,24.7233,-0.9974430000000001
-156.4203,-70.8576,2.0,8.44506,-0.09756104
-155.7085,-68.52728,2.0,0.06019121,0.01189901
-155.6761,-68.53027,2.0,0.2055239,0.1927337
-156.1942,-70.9994,2.0,5.271068,-0.04535053
-156.7604,-74.60434000000001,2.0,4.191675,-0.7011914
-156.1568,-74.19107,2.0,5.737359,0.3469981
-148.9192,-73.26051,2.0,14.600389999999999,0.5667818
-137.72,-81.05118,2.0,20.58667,-0.3977947
-124.4049,-84.4211,2.0,16.994139999999998,-0.1886163
-112.9546,-96.65665,2.0,29.95441,0.8071221
-114.7681,-118.5292,2.0,31.86197,0.3361538
-134.2555,-130.80100000000002,2.0,30.878759999999996,-0.41312380000000004
-145.1148,-120.1463,2.0,20.258670000000002,0.11007280000000001
-139.458,-105.9903,2.0,18.67261,-0.6201938
-152.5117,-101.6903,2.0,21.41834,-0.05071614
-161.0271,-110.6406,2.0,16.79724,-0.002412501
-162.8613,-123.1087,2.0,18.603070000000002,0.27089840000000004
-165.399,-139.8071,2.0,27.06673,0.5788705
-165.2796,-162.7496,2.0,34.77962,0.5523852
-165.6167,-191.2926,2.0,42.00072,0.489316
-165.7724,-224.9218,2.0,48.7427,0.4538649
-158.3988,-249.0496,2.0,21.537779999999998,0.31090500000000004
-140.3537,-251.9343,2.0,28.89667,0.2700135
-125.069,-240.2774,2.0,24.99953,-0.867129
-126.8391,-220.3222,2.0,32.50512,0.2655296
-126.5049,-193.9895,2.0,35.37405,-1.39697
-120.1647,-184.0152,2.0,11.76302,0.6151189
-111.4878,-189.7297,2.0,18.76272,0.25468070000000004
-109.8212,-206.5618,2.0,26.83305,0.29090229999999995
-107.4056,-229.22099999999998,2.0,34.55392,0.5276124
-99.83243,-256.2487,2.0,41.11893,0.3729885
-74.99597,-270.6109,2.0,40.21029,-0.06840629
-51.14767,-253.1278,2.0,42.34531,0.03200616
-49.23635,-221.21,2.0,46.07493,0.3968688
-34.90552,-189.3765,2.0,50.243120000000005,0.21740789999999996
-7.829274000000001,-160.5136,2.0,56.3762,0.19646370000000002
8.959783,-130.0653,2.0,27.49858,-1.422576
0.6992682,-118.2255,2.0,22.293470000000003,0.27238379999999995
-6.48514,-101.0229,2.0,29.34773,0.5490522
-6.631637,-76.47098000000001,2.0,36.86533,0.5081778
-6.794077000000001,-46.53561,2.0,43.93164,0.2334353
-7.216932000000001,-11.475589999999999,2.0,50.59303,0.491777
-8.158392,27.652720000000002,2.0,49.16969,-1.7062680000000001
-23.191110000000002,46.09898,2.0,16.59577,-2.67021
-25.6174,44.71815,2.0,5.41573,0.6454
-29.631829999999997,39.794509999999995,2.0,13.769210000000001,0.578209
-41.676120000000004,44.50772,2.0,21.86497,0.5450845999999999
-59.92978000000001,45.317209999999996,2.0,28.959429999999998,0.5867475999999999
-84.04605,42.095,2.0,36.495090000000005,0.5193867999999999
-113.6954,41.13142,2.0,43.5387,0.2518382
-144.8664,32.91339,2.0,37.00354,-2.187222
-149.8687,19.01525,2.0,4.4518830000000005,-1.1658469999999999
-146.4688,19.2765,2.0,8.92229,0.2874526
-143.54,10.97035,2.0,17.08183,0.5766359999999999
-150.9849,-2.4893259999999997,2.0,24.08948,0.190762
-146.5887,-21.73387,2.0,30.46739,0.4954507000000001
-142.4804,-37.241929999999996,3.0,12.04378,-0.07360324
-145.6051,-45.240809999999996,3.0,12.70531,0.9221545
-154.995,-52.80611,3.0,16.203670000000002,-0.2606774
-164.9887,-56.38993000000001,3.0,12.66494,-0.3153895
-165.9768,-63.956680000000006,3.0,9.603841000000001,-0.1537933
-159.7487,-71.23841999999999,3.0,17.32134,0.2573282
-144.3289,-71.79524,3.0,24.89401,0.26333629999999997
-124.5668,-78.10417,3.0,28.424670000000003,-0.45212520000000006
-111.1295,-91.17755,3.0,23.327460000000002,-0.20449679999999998
-108.2707,-110.4034,3.0,27.24366,-0.41360920000000007
-115.5847,-126.6502,3.0,21.70028,-0.36946690000000004
-129.8296,-133.7582,3.0,24.7568,0.48529700000000003
-143.0733,-124.5455,3.0,27.23916,1.089639
-151.7663,-105.40299999999999,3.0,23.56991,-1.988198
-163.7181,-106.675,3.0,19.215329999999998,0.43754799999999994
-167.7656,-123.0064,3.0,26.9353,0.5729674
-169.93,-145.7437,3.0,34.56381,0.5273428000000001
-167.5788,-173.8162,3.0,41.53978,0.2423116
-165.639,-207.0761,3.0,48.20296,0.22590749999999998
-163.3606,-243.0806,3.0,45.49624,-0.8798563
-145.593,-259.1382,3.0,27.21407,-0.9721956
-129.8158,-246.7113,3.0,30.729229999999998,0.06973688
-126.5848,-223.1875,3.0,35.86618,0.5334793000000001
-127.391,-196.7377,3.0,33.888259999999995,-0.15225940000000002
-117.7983,-178.7132,3.0,24.04285,-0.06928995
-109.0312,-188.3761,3.0,22.5117,0.5504518
-107.0924,-207.0526,3.0,29.458740000000002,0.27547990000000006
-105.01,-229.5649,3.0,29.06682,-0.20551860000000002
-105.9281,-251.0389,3.0,34.309459999999994,0.7839411000000001
-90.75139,-271.2458,3.0,36.29676,-0.05904835
-66.27150999999999,-268.7659,3.0,21.30558,-1.543543
-56.98579,-267.3353,3.0,5.924855,-0.9507530999999999
-56.71238,-267.1023,3.0,2.3105439999999997,-0.3265344
-57.06514,-267.2888,3.0,1.8193419999999998,0.5479218000000001
-54.70864,-264.541,3.0,7.031791,0.1815241
-49.76376,-262.4422,3.0,7.923378,-0.15674570000000002
-48.32069,-263.4671,3.0,2.743572,0.6517586
-50.13016,-258.5421,3.0,11.30172,0.6147316999999999
-47.92905,-247.4307,3.0,19.32901,0.5505158
-44.60203,-230.6404,3.0,26.846109999999996,0.5344884
-42.06946,-208.2043,3.0,33.94448,0.5003152
-33.06542,-183.3832,3.0,38.43083,0.4260058
-11.99189,-162.4706,3.0,34.40232,-1.7308580000000002
2.8632869999999997,-150.4904,3.0,21.54678,-0.1802609
11.38665,-139.5342,3.0,16.5632,-0.18604620000000002
10.319939999999999,-128.5706,3.0,16.43706,0.5784039000000001
1.569954,-116.5105,3.0,23.89922,0.5108026
-6.991266,-98.05338,3.0,30.91504,0.23543289999999997
-10.48836,-73.04216,3.0,37.49498,0.4882675
-7.603299000000001,-42.980920000000005,3.0,43.79378,0.2132055
-3.551986,-10.00022,3.0,42.29029,-0.44766709999999993
-4.317707,11.507,3.0,13.764879999999998,-0.9658790999999999
-5.004747,15.881670000000002,3.0,6.812635,0.6479017
-6.794445,23.95695,3.0,15.3732,0.30314959999999996
-13.596639999999999,36.31374,3.0,22.95038,0.48144380000000003
-31.11246,44.65273,3.0,29.770120000000002,0.3898382
-55.5288,44.6832,3.0,36.45973,0.25294690000000003
-85.03197,43.59465,3.0,43.12519,0.2259342
-118.5924,40.756679999999996,3.0,45.03482,-0.34362159999999997
-146.6615,31.51418,3.0,36.84214,-0.6414959
-145.5061,8.377905,3.0,34.22378,0.1539585
-145.1718,-18.08332,3.0,39.06279,0.2054069
-146.3584,-47.54972,4.0,33.49277,-1.3402290000000001
-159.9331,-54.33152,4.0,19.549429999999997,0.1916456
-167.8226,-63.54018000000001,4.0,20.38648,0.29520100000000005
-154.0249,-72.5641,4.0,26.253009999999996,0.46163339999999997
-132.4503,-75.06714000000001,4.0,32.693059999999996,0.4678075
-112.6598,-91.73248000000001,4.0,38.2216,0.3710013
-112.4716,-118.5054,4.0,37.422059999999995,0.102346
-133.628,-132.6422,4.0,34.414359999999995,-0.06271414
-144.8183,-115.7347,4.0,30.344590000000004,0.4706495
-151.3234,-98.98886,4.0,17.43605,-0.2295893
-163.1728,-104.4859,4.0,22.37949,0.47621890000000006
-168.2775,-122.7937,4.0,29.45895,0.261784
-170.47299999999998,-147.1122,4.0,36.389759999999995,0.49067520000000003
-167.7114,-176.4524,4.0,43.04605,0.4768598
-164.5541,-210.5804,4.0,49.31326,0.3081999
-162.1418,-244.5401,4.0,32.935629999999996,-1.615645
-151.4231,-255.668,4.0,18.090410000000002,-0.30280619999999997
-135.2924,-256.7375,4.0,24.871029999999998,0.02279152
-126.85600000000001,-238.8792,4.0,30.585359999999998,0.5486386
-127.1409,-214.128,4.0,36.76822,0.2507711
-125.664,-185.6242,4.0,39.33367,-0.2987431
-104.1647,-178.5902,4.0,28.606370000000002,-0.8172764
-103.0772,-193.5341,4.0,21.43028,0.22665120000000002
-114.5896,-200.8465,4.0,6.978713000000001,-1.7817060000000002
-114.5551,-201.5559,4.0,0.004536982,0.014340299999999999
-114.0908,-201.6789,4.0,2.999821,0.3970017
-110.5267,-200.5546,4.0,7.08207,0.0364087
-109.681,-198.2082,4.0,0.7226355,0.5155304
-109.2795,-201.4439,4.0,8.011347,0.5125715000000001
-107.5606,-209.7973,4.0,14.833160000000001,0.23371309999999998
-105.4569,-223.005,4.0,21.21852,0.46686629999999996
-105.8798,-240.9518,4.0,27.12612,0.4110684
-100.7748,-261.7827,4.0,31.631940000000004,0.2633247
-79.85852,-272.0675,4.0,34.119820000000004,0.1347615
-55.63434,-262.4037,4.0,37.28223,0.01070843
-49.30102,-236.0505,4.0,39.154509999999995,0.3629839
-44.50678,-206.0385,4.0,43.393409999999996,0.3550005
-27.552970000000002,-177.5873,4.0,46.55357,0.2607041
-3.109914,-155.9487,4.0,34.18929,-2.4135590000000002
9.591655000000001,-143.6539,4.0,19.22628,-0.4557812
12.014660000000001,-131.4044,4.0,21.54394,1.051474
1.162607,-116.5386,4.0,27.67496,0.37546599999999997
-7.728679,-96.16695,4.0,32.74281,0.3839941
-10.591380000000001,-70.25287,4.0,37.81355,0.3553829
-6.824292999999999,-40.74646,4.0,42.55857,0.1704082
-1.670824,-7.909366,4.0,47.0997,0.27634559999999997
-7.045091,26.04815,4.0,35.47292,-1.9348439999999998
-21.62518,40.83163,4.0,30.254309999999997,0.3117954
-45.41903,43.76305,4.0,35.065670000000004,0.3830849
-73.27994,43.296820000000004,4.0,40.18311,0.3637386
-104.6986,41.73587,4.0,43.62465,-0.05213959
-133.0092,38.321979999999996,4.0,24.98919,-3.7385230000000003
-143.5444,32.60011,4.0,17.77719,0.4191263
-148.0604,18.18526,4.0,23.51664,0.4029811
-145.5008,-1.140474,4.0,29.2445,0.4247835
-141.5796,-24.51816,4.0,34.51017,0.33634109999999995
-148.0704,-46.64085,5.0,26.84784,-0.6278713
-165.6433,-56.99929,5.0,27.73534,-1.208567
-164.2067,-69.34277,5.0,17.803160000000002,-0.288263
-151.3144,-70.56648,5.0,21.22702,0.46245290000000006
-133.8294,-74.59935,5.0,27.16457,0.20398339999999998
-114.779,-85.20732,5.0,31.998140000000003,0.2695493
-108.1902,-108.0504,5.0,34.56537,-0.1490807
-119.0695,-129.5541,5.0,32.103590000000004,-0.4058541
-137.8288,-130.7704,5.0,22.43374,0.6576376
-144.5618,-114.1844,5.0,27.07609,0.15730260000000001
-158.9007,-100.3564,5.0,24.48175,-0.6159869000000001
-164.9066,-109.0107,5.0,16.49033,-0.14662360000000002
-166.2546,-123.0865,5.0,22.78929,0.1673312
-168.0539,-145.1974,5.0,39.12177,1.416144
-166.4035,-178.5874,5.0,48.39353,0.48637070000000004
-164.2927,-215.0592,5.0,42.34417,-2.6643209999999997
-163.5799,-235.5315,5.0,20.134710000000002,-0.43777150000000004
-160.9697,-248.21,5.0,14.801279999999998,-0.19539589999999998
-152.401,-257.2446,5.0,22.17155,0.8877718000000001
-134.7126,-256.7306,5.0,28.93085,0.1519831
-125.4745,-233.4058,5.0,39.74112,0.546419
-128.1955,-204.2404,5.0,31.86395,-2.705877
-126.7352,-188.3598,5.0,17.434379999999997,-0.49507290000000004
-116.2893,-182.0905,5.0,21.04089,0.3654564
-103.2606,-191.8377,5.0,25.69448,0.4003308
-102.9858,-214.141,5.0,34.81705,0.2922692
-105.5325,-240.9867,5.0,36.09195,-0.3434853
-101.0689,-263.6906,5.0,28.09109,0.2339384
-80.51964,-272.0966,5.0,32.9681,0.3274322
-57.11581999999999,-263.1996,5.0,35.79538,0.02180753
-48.849340000000005,-237.3492,5.0,39.20357,0.35251479999999996
-44.33273,-206.7873,5.0,43.97937,0.1572335
-29.5649,-176.7796,5.0,47.01998,0.11140080000000001
-6.252491,-158.1883,5.0,19.48173,-1.899531
2.105682,-152.7061,5.0,10.97039,-0.3104433
7.240221000000001,-148.5746,5.0,7.167675,-0.2704287
11.387030000000001,-143.6483,5.0,11.90241,0.46516040000000003
12.675189999999999,-132.8755,5.0,18.075470000000003,0.4256432
4.625572,-119.6536,5.0,24.01844,0.4350047
-5.246606,-102.5374,5.0,29.567140000000002,0.392705
-10.36326,-79.19895,5.0,34.83469,0.3608098
-8.479030999999999,-51.78102,5.0,39.68673,0.3507011
-2.962345,-21.04702,5.0,44.473240000000004,0.34238959999999996
-2.337144,10.5685,5.0,34.86983,-0.7818413000000001
-6.614317,24.885070000000002,5.0,9.418053,-0.1579549
-11.643510000000001,33.93995,5.0,17.8667,0.43714899999999995
-24.11616,42.60622,5.0,23.68319,0.40231279999999997
-43.37393,45.31667,5.0,29.19016,0.1995362
-67.05351999999999,44.84682,5.0,34.68722,0.3907348
-94.69066,43.550290000000004,5.0,39.83512,0.35548459999999993
-123.8136,40.594879999999996,5.0,35.48595,-0.5282423
-140.33100000000002,35.84836,5.0,21.55228,0.3245966
-147.7141,19.974529999999998,5.0,26.71828,0.3812656
-145.3918,-1.5109,5.0,31.948359999999997,0.1900366
-141.8619,-26.76888,5.0,33.215559999999996,-0.6604664000000001
-145.2055,-42.939479999999996,6.0,12.22452,-0.1712106
-152.4436,-52.39991,6.0,19.628970000000002,-0.2800127
-163.6393,-57.452819999999996,6.0,13.721160000000001,-0.2314757
-165.1473,-66.86346999999999,6.0,17.93185,0.7164944000000001
-150.4304,-72.54153000000001,6.0,28.502809999999997,1.121386
-125.8291,-77.09858,6.0,39.52543,0.722946
-108.9145,-99.78841,6.0,37.01856,-0.7788227
-116.1059,-116.667,6.0,11.836110000000001,-0.3030865
-119.3566,-125.8708,6.0,18.667289999999998,0.8333377000000001
-129.2465,-134.1171,6.0,18.55655,0.46289769999999997
-142.4801,-127.1022,6.0,23.8531,0.3351638
-146.5933,-108.7314,6.0,19.264310000000002,-1.208867
-151.481,-103.3183,6.0,8.203511,0.197492
-160.2653,-100.7018,6.0,16.694229999999997,0.07413767
-166.8351,-110.1496,6.0,19.773329999999998,0.8758531999999999
-168.1299,-129.901,6.0,33.55212,0.9119332
-168.6205,-159.4265,6.0,45.470659999999995,0.36173299999999997
-166.0478,-196.7946,6.0,55.422290000000004,0.48957749999999994
-163.5055,-234.4386,6.0,45.070190000000004,-0.7997377
-154.0711,-257.2636,6.0,26.901740000000004,-0.8885219000000001
-137.5381,-256.2241,6.0,19.28707,-0.481876
-127.2066,-244.2159,6.0,25.41518,0.3752109
-125.0282,-223.5788,6.0,30.80143,0.3850285
-128.7004,-199.0386,6.0,35.861340000000006,-0.01750447
-123.1576,-182.8523,6.0,16.78151,0.4913298
-109.0797,-185.856,6.0,22.64443,0.148239
-102.6832,-202.7893,6.0,27.59423,0.387531
-104.1394,-225.2414,6.0,33.058409999999995,0.4028541
-105.5195,-251.5347,6.0,38.02507,0.32081420000000005
-89.86477,-272.3351,6.0,35.81258,-0.5370756
-67.47098000000001,-268.9622,6.0,26.741940000000003,-0.5159627999999999
-52.6462,-260.5008,6.0,23.55696,0.5937520000000001
-47.42085,-240.5862,6.0,31.09635,0.4092901
-44.10394,-215.7664,6.0,36.4587,0.3850176
-38.5031,-187.6946,6.0,40.6502,0.05478024
-16.23415,-167.0154,6.0,41.0076,-1.7873880000000002
-0.07881048,-154.7479,6.0,14.317279999999998,-0.36554899999999996
7.168591,-148.85399999999998,6.0,12.0757,-0.00485291
12.47751,-140.1433,6.0,17.03831,0.3243341
8.649746,-125.3807,6.0,25.70008,0.8285725
-5.129569999999999,-105.6246,6.0,39.767070000000004,0.9572038
-9.60661,-71.68252,6.0,52.81482,0.9538211
-4.4487760000000005,-29.06092,6.0,61.07366999999999,0.11534870000000001
-3.038953,11.98587,6.0,39.57099,-3.3208059999999997
-9.245366,29.64381,6.0,21.0245,0.4115043
-22.10559,41.89583,6.0,29.076859999999996,0.3939091
-47.98492,45.3302,6.0,42.67601,1.166534
-85.10599,43.84179,6.0,56.954919999999994,0.8757450000000001
-120.5466,40.65263,6.0,24.47273,-3.244421
-131.4828,38.50435,6.0,12.66382,0.5441648
-144.1529,32.52384,6.0,23.64558,0.1886692
-147.512,14.0397,6.0,28.40281,0.20671799999999999
-143.8505,-8.726305,6.0,33.874109999999995,0.3914362
-141.8797,-33.55583,7.0,5.881086,0.5272238
-142.6743,-40.44121,7.0,12.77597,0.2489125
-149.1987,-49.98878,7.0,18.89206,0.39862420000000004
-163.5461,-56.97493000000001,7.0,24.17631,-0.5845771
-167.5565,-70.22746,7.0,16.207160000000002,-0.24018920000000002
-158.2845,-76.99542,7.0,17.53728,0.24568720000000002
-144.4928,-74.07661,7.0,20.072029999999998,-0.06190867
-128.9354,-74.23,7.0,22.74707,0.1968364
-113.3001,-85.89713,7.0,30.31377,0.3330244
-108.5888,-108.4676,7.0,33.88238,0.26302800000000004
-123.6905,-128.632,7.0,36.543079999999996,0.08724130000000001
-146.115,-127.0261,7.0,22.781589999999998,-1.767221
-144.4031,-117.66799999999999,7.0,10.04749,-0.1676052
-144.5717,-107.7616,7.0,17.728189999999998,-0.02603206
-154.8366,-101.3455,7.0,18.26313,0.5511997
-165.7565,-109.9223,7.0,20.07915,-0.13246660000000002
-165.8996,-125.1858,7.0,23.27844,0.5861466
-168.054,-146.2468,7.0,35.4177,0.5198357
-169.7076,-177.4717,7.0,48.585879999999996,0.44107340000000006
-169.8183,-216.7618,7.0,52.22058,-0.8912986999999999
-162.7032,-247.4606,7.0,31.972990000000003,-0.8925377
-145.0885,-254.456,7.0,22.64684,-0.24435749999999998
-129.859,-249.0905,7.0,23.08085,0.1163856
-125.8152,-230.2639,7.0,31.143990000000002,0.4047585
-126.1608,-205.1518,7.0,36.52424,0.40359120000000004
-121.7516,-181.4204,7.0,20.093239999999998,-2.252924
-111.8644,-183.1491,7.0,18.18318,0.1742524
-109.2102,-198.3947,7.0,24.03823,0.2252433
-108.7673,-218.3737,7.0,29.859740000000002,0.40027579999999996
-107.9632,-242.5116,7.0,35.116409999999995,0.3053099
-95.16595,-265.8633,7.0,38.2478,0.1908975
-67.98066999999999,-271.6778,7.0,39.38909,-0.01002012
-50.32087,-250.2968,7.0,39.7829,0.10079500000000001
-48.15653,-219.3204,7.0,44.181459999999994,0.2934657
-33.00614,-190.1666,7.0,46.7396,0.36117350000000004
-8.251014,-163.3697,7.0,51.2308,0.29550820000000005
8.835067,-135.3362,7.0,30.90914,-1.8075029999999999
3.254283,-117.9715,7.0,28.560709999999997,0.8244853000000001
-5.860676,-96.80176999999999,7.0,36.91932,1.166587
-2.354835,-63.106,7.0,54.59055,0.5913429
-1.011987,-16.93056,7.0,69.10252,0.06978548
-4.790369,28.0135,7.0,47.632,-3.085019
-23.265539999999998,41.9607,7.0,30.0579,0.6825477
-50.22038,40.601,7.0,40.45293,0.359496
-82.02419,40.4352,7.0,45.24588,0.3423932
-117.2192,41.40671,7.0,49.686170000000004,0.1337095
-145.5508,31.791109999999996,7.0,29.02272,-1.118654
-145.8277,10.54349,7.0,31.63962,0.1950213
-145.1502,-14.94532,7.0,36.97544,0.3681239
-148.0615,-43.808009999999996,8.0,40.137370000000004,-0.41369290000000003
-166.1132,-60.66639,8.0,23.3701,-0.8167878000000001
-164.3619,-75.62267,8.0,26.009529999999998,0.46598459999999997
-144.4011,-77.85257,8.0,30.45034,0.2015916
-121.9351,-82.84075,8.0,33.53387,0.2848564
-110.6808,-105.4486,8.0,36.534079999999996,0.07896493
-123.2733,-128.4409,8.0,37.650490000000005,0.05661023
-145.1375,-129.2574,8.0,14.770010000000001,-2.682892
-145.3823,-126.6134,8.0,6.304791000000001,0.2630218
-141.8026,-120.5489,8.0,13.1058,0.4547416
-145.5554,-109.4725,8.0,19.252760000000002,0.4359825
-159.2209,-102.4434,8.0,23.40146,0.06694454
-167.7828,-116.1151,8.0,25.71748,0.1936796
-166.8232,-137.2412,8.0,31.185240000000004,0.183876
-170.8645,-161.9543,8.0,36.41757,0.3444104
-169.7564,-190.7401,8.0,41.19307,0.1713189
-168.7217,-222.9969,8.0,45.92434,0.15879189999999999
-158.2244,-253.1586,8.0,38.87076,-0.8513315
-135.6538,-252.3568,8.0,27.364859999999997,-0.1418696
-127.0108,-232.7368,8.0,32.3614,0.3404247
-127.3346,-206.85299999999998,8.0,37.564409999999995,0.17645020000000003
-121.0872,-181.6324,8.0,24.81095,-1.172167
-109.8721,-182.8509,8.0,17.40514,0.1747134
-107.0161,-197.4136,8.0,23.2508,0.4444773
-106.4361,-216.8922,8.0,29.102790000000002,0.4116222
-105.5883,-240.4834,8.0,34.56754,0.35642729999999995
-95.53605,-264.862,8.0,37.67672,0.14292839999999998
-69.36765,-271.8545,8.0,38.4263,-0.008094494
-49.65367,-252.0726,8.0,39.73411,0.1442585
-46.36782,-221.3805,8.0,44.09955,0.3251664
-34.667429999999996,-190.9021,8.0,45.69018,0.2558098
-9.770389,-165.6936,8.0,50.009859999999996,0.1395754
8.492509,-135.5564,8.0,39.900420000000004,-2.35507
-0.5631983,-112.0187,8.0,38.180209999999995,1.265079
-5.385977,-84.57648,8.0,40.4242,0.3564861
-1.533282,-53.08961,8.0,45.08466,0.34410830000000003
-1.503577,-18.03584,8.0,49.565979999999996,0.300615
-3.254382,20.27345,8.0,51.94174,-0.8873641
-19.84854,42.40186,8.0,25.06343,-2.464841
-26.24825,40.3829,8.0,6.052443,0.4850539000000001
-31.314140000000002,37.06107,8.0,12.46793,0.44516130000000004
-39.86541,44.50703,8.0,18.759610000000002,0.2123538
-48.03217,48.58644,8.0,0.02332426,-0.04887159
-48.015370000000004,48.58485,8.0,0.1619221,0.3728748
-48.45797,46.29083,8.0,5.1184080000000005,0.13486979999999998
-47.10727,43.2544,8.0,1.130287,-1.166042
-49.39257,44.906729999999996,8.0,8.529734,0.6605916999999999
-58.636590000000005,46.17824,8.0,17.16923,0.29987509999999995
-74.38972,44.3337,8.0,25.42399,0.2876705
-95.99633,42.06831,8.0,33.15047,0.5529804
-123.1235,44.29613,8.0,39.86945,0.12295519999999999
-144.0373,27.52552,8.0,38.536390000000004,0.21507910000000002
-144.9114,-3.823022,8.0,46.70926,0.5912484
-141.9243,-33.691109999999995,9.0,3.06019,-0.06567197
-142.2541,-35.8441,9.0,5.302096,1.211339
-145.0096,-43.824870000000004,9.0,14.189639999999999,-0.21924749999999998
-151.1493,-50.83784,9.0,11.50615,-0.05201193
-160.411,-54.01817,9.0,13.41545,-0.21450589999999997
-166.6232,-59.67937,9.0,10.3261,-0.20233370000000003
-164.0511,-69.01908,9.0,19.72764,0.4514577
-150.8017,-73.58006,9.0,17.616310000000002,-0.1386985
-138.9509,-72.87868,9.0,15.39075,0.7090644
-123.3665,-77.61707,9.0,25.41154,0.08550227
-110.3247,-91.36936999999999,9.0,26.337459999999997,0.02947433
-107.4602,-109.3121,9.0,17.747770000000003,-2.855474
-109.8273,-118.2902,9.0,11.00986,-0.0914069
-115.7856,-128.8421,9.0,21.7115,-0.002029736
-128.759,-135.0456,9.0,17.755029999999998,-0.1514266
-139.7967,-131.0519,9.0,15.985270000000002,0.4294661
-146.6428,-116.53200000000001,9.0,26.38472,0.2940594
-154.2747,-100.7628,9.0,16.40922,-0.3871432
-163.5224,-101.8724,9.0,12.374139999999999,0.22317379999999998
-167.4724,-115.4951,9.0,26.890520000000002,0.9440506
-168.6895,-140.483,9.0,40.29721,0.4414825
-168.1745,-172.9757,9.0,46.22374,0.10967
-164.7176,-207.5665,9.0,44.899770000000004,-0.3232349
-162.7215,-237.0154,9.0,31.388790000000004,-1.9787580000000002
-155.6346,-254.6996,9.0,23.17971,-0.4003103
-141.894,-260.2837,9.0,17.918229999999998,-0.3818847
-130.1998,-250.9624,9.0,27.050520000000002,0.5324268
-125.0115,-226.893,9.0,37.79762,0.5226363
-128.4677,-202.088,9.0,25.252010000000002,-1.675748
-127.9851,-189.1953,9.0,14.29618,-0.07529669
-121.0672,-181.949,9.0,17.448970000000003,0.7559252
-108.0112,-184.7198,9.0,17.047220000000003,-0.34032790000000007
-102.7812,-195.0409,9.0,19.24636,1.135457
-103.1373,-214.7687,9.0,32.90692,0.3265814
-106.1321,-241.5237,9.0,37.1399,-0.1014218
-98.97284,-266.3159,9.0,33.74252,-0.16888920000000002
-76.52158,-272.8678,9.0,32.70329,-0.05325194
-55.76656,-262.056,9.0,32.19417,0.13226300000000002
-48.14935,-238.3141,9.0,35.37194,0.08134828
-43.97845,-211.5682,9.0,36.314840000000004,-0.167515
-37.4668,-186.9407,9.0,32.1566,-0.39472090000000004
-23.39677,-170.5893,9.0,26.277340000000002,-0.3493861
-8.927325999999999,-160.4289,9.0,21.72646,-0.1838885
3.526931,-152.1222,9.0,18.27725,-0.25757129999999995
12.152389999999999,-141.0201,9.0,22.084889999999998,0.46368859999999995
7.559176,-123.8525,9.0,27.660909999999998,0.14135699999999998
-5.262273,-106.73,9.0,29.62244,0.02749509
-10.56592,-85.18826,9.0,30.346790000000002,0.06027064
-10.426910000000001,-61.32696,9.0,34.27969,0.1649537
-6.285792,-35.653659999999995,9.0,35.79432,0.07804915
-2.1872849999999997,-9.06484,9.0,36.77075,0.01999153
-3.8013809999999997,14.4233,9.0,26.056179999999998,-0.6203171999999999
-8.625422,29.8975,9.0,18.9913,-0.2903675
-20.93675,41.577020000000005,9.0,27.73925,0.5086601
-43.58047,44.97298,9.0,34.61934,0.5491228
-71.86272,44.035990000000005,9.0,41.78682,0.5157983
-105.4085,42.87314,9.0,48.12978,0.06132594
-137.0251,37.955740000000006,9.0,33.786359999999995,-0.8090076
-146.638,16.60221,9.0,35.33298,0.4757697
-141.5254,-11.70694,9.0,41.964940000000006,0.43026570000000003
-144.0962,-36.2667,10.0,18.03879,-1.5546280000000001
-149.4072,-48.26979,10.0,20.641820000000003,-0.10675719999999998
-160.7447,-55.52324,10.0,16.54707,-0.1352786
-167.1247,-63.324380000000005,10.0,13.38295,0.2193105
-159.8829,-72.62738,10.0,17.77471,-0.1434221
-146.455,-72.47369,10.0,18.50106,-0.1934444
-133.1182,-74.07719,10.0,21.96731,0.7564506
-115.8842,-83.15411,10.0,29.98038,0.4724835
-107.1514,-105.0828,10.0,35.58706,0.4295795
-115.462,-127.5825,10.0,25.076529999999998,-0.5041312
-130.4912,-133.789,10.0,19.81343,-0.3567453
-142.0535,-128.1018,10.0,19.36024,0.3064558
-146.9312,-111.7832,10.0,24.19745,-0.1944631
-151.0516,-103.8402,10.0,4.521861,0.4171368
-157.531,-100.4958,10.0,13.96004,0.2452815
-166.6003,-107.7329,10.0,20.102829999999997,0.4810016
-168.2217,-125.1958,10.0,27.18076,0.2569813
-168.92700000000002,-147.993,10.0,34.28917,0.1259672
-168.2571,-174.6575,10.0,37.90015,0.1416444
-165.7285,-203.6278,10.0,39.0239,-0.6047578
-164.0052,-229.6136,10.0,31.4024,-0.5223156
-160.1493,-249.7323,10.0,24.24837,-0.44212049999999997
-147.4664,-259.2657,10.0,22.773310000000002,0.24808000000000002
-132.0242,-253.5338,10.0,24.21742,0.2699948
-125.0427,-235.5282,10.0,27.92013,0.09606206
-126.4114,-213.7971,10.0,30.2534,-0.4963219
-127.9329,-195.8214,10.0,17.20533,-0.1613592
-126.1717,-185.0516,10.0,12.59263,-0.35696869999999997
-117.0838,-181.9214,10.0,16.54455,0.2535322
-105.3756,-187.2013,10.0,17.960520000000002,0.05451484
-103.1291,-200.84,10.0,20.2665,0.18715420000000002
-104.1137,-216.6576,10.0,21.82125,0.01937173
-105.4452,-233.5401,10.0,25.904120000000002,0.5040309000000001
-105.3369,-254.722,10.0,29.933000000000003,-0.01347284
-92.25055,-271.3626,10.0,32.26382,0.6831989
-66.15661,-269.7948,10.0,38.44863,0.16689579999999998
-49.94913,-248.3566,10.0,39.35345,0.4990622
-45.58521,-217.3303,10.0,43.92112,-0.19721270000000002
-37.850590000000004,-188.9352,10.0,35.3821,-0.5795564999999999
-23.33541,-171.0378,10.0,27.791940000000004,-0.47965969999999997
-9.124103999999999,-160.8415,10.0,14.72054,-0.9157598
-0.31347179999999997,-154.7095,10.0,19.04089,0.3601821
10.61395,-145.0727,10.0,19.34176,0.5160997
11.130189999999999,-128.4393,10.0,27.3609,0.2667093
-3.46541,-111.4914,10.0,32.98338,0.37620290000000006
-10.099269999999999,-87.01125,10.0,32.4881,-0.5215499
-9.696108,-63.01954,10.0,35.09881,0.48069300000000004
-6.391814,-34.82615,10.0,41.34774,0.4387647
-1.9354740000000001,-2.382444,10.0,47.01502,0.3627821
-8.846888,31.35953,10.0,43.37708,-0.4729526
-36.62375,44.905120000000004,10.0,44.78722,0.30344840000000006
-71.64303000000001,44.2543,10.0,49.95462,0.40443290000000004
-110.3372,41.71716,10.0,52.487869999999994,-1.517247
-141.4611,34.67151,10.0,39.0419,-0.22804139999999998
-146.7243,9.578414,10.0,37.85479,0.4206543
-141.5855,-19.78428,10.0,42.81519,-0.3237467
-148.6273,-45.0164,11.0,35.017309999999995,0.34830609999999995
-167.7002,-63.85892,11.0,34.42817,-1.700377
-165.1667,-80.4417,11.0,20.10699,-0.01668634
-152.6227,-72.75185,11.0,24.05111,0.3656437
-134.6609,-72.34971,11.0,28.47232,0.22527800000000003
-116.2611,-86.0648,11.0,30.8748,-0.5432038
-109.1222,-107.9241,11.0,34.60328,0.33348649999999996
-119.7789,-128.7892,11.0,27.37009,-0.2989645
-139.1556,-130.108,11.0,30.699,0.1825348
-145.1423,-108.5546,11.0,26.004929999999998,-3.4190080000000003
-151.6268,-101.0918,11.0,15.763539999999999,1.325811
-165.0172,-106.1757,11.0,23.92961,0.23845909999999998
-166.1181,-125.6688,11.0,29.87991,0.2420719
-167.9262,-150.1577,11.0,36.31715,0.2153277
-167.1484,-179.1785,11.0,42.29618,0.2192514
-164.1771,-212.5784,11.0,48.097770000000004,0.4070014
-160.714,-245.4258,11.0,36.951029999999996,-1.363432
-145.0265,-259.7587,11.0,29.799670000000003,0.2855477
-128.4403,-248.417,11.0,30.85075,0.2152002
-125.3389,-223.3516,11.0,36.96405,0.2058907
-127.9577,-195.7916,11.0,33.92398,-0.5863665
-115.8176,-179.5921,11.0,26.258779999999998,-0.18247529999999998
-107.1383,-193.0022,11.0,26.146810000000002,0.5151194
-105.7735,-214.66299999999998,11.0,32.56002,0.4193425
-107.2064,-240.9886,11.0,38.62619,0.4243123
-96.97906,-267.983,11.0,40.37185,-0.443774
-68.53979,-270.4087,11.0,41.68357,0.29855390000000004
-49.14608,-248.71400000000003,11.0,42.066590000000005,0.38220970000000004
-44.040859999999995,-215.7966,11.0,47.808859999999996,0.41389709999999996
-32.61133,-181.005,11.0,51.54198,0.06307856
-6.632726,-160.3027,11.0,35.31147,-0.7729874
10.26242,-144.3728,11.0,27.614440000000002,-0.6032476
9.720603,-126.9586,11.0,24.73619,0.22321300000000002
-2.725886,-110.3817,11.0,31.148429999999998,0.18591749999999999
-9.395046,-86.11681999999999,11.0,37.1757,0.2095304
-9.361092999999999,-56.40821999999999,11.0,43.03522,0.2045057
-3.426007,-22.92599,11.0,48.72459,0.38149190000000005
-3.4761370000000005,14.83879,11.0,53.312369999999994,0.29919509999999994
-23.23648,43.64897,11.0,46.49029,-0.1724124
-58.01014,43.3293,11.0,49.53559,0.18399520000000003
-96.64690999999999,41.6065,11.0,54.88932,0.3915554
-134.6207,37.794340000000005,11.0,44.044740000000004,-0.001590036
-149.8734,13.55419,11.0,40.17006,0.01975451
-142.2456,-16.967010000000002,11.0,44.80965,0.14662120000000003
-148.0946,-46.58283,12.0,32.929520000000004,-0.7195619000000001
-166.1531,-56.922740000000005,12.0,28.123409999999996,-0.2033624
-162.3219,-71.85529,12.0,23.98839,0.13735329999999998
-142.6087,-71.22583,12.0,29.913520000000002,0.21990520000000002
-120.0154,-79.55814000000001,12.0,35.6166,0.1744484
-106.5938,-102.9053,12.0,39.10171,0.13816910000000002
-115.7289,-124.3792,12.0,27.32118,0.4075728
-132.774,-132.964,12.0,23.000870000000003,-0.5260063
-145.515,-123.8199,12.0,25.13428,0.3813847
-150.1694,-104.3037,12.0,25.68621,-0.6427093
-164.243,-102.7834,12.0,20.02995,0.15987179999999998
-167.5574,-120.2439,12.0,31.57382,0.7276806
-168.5704,-147.0693,12.0,39.26299,0.4228617
-167.2303,-178.275,12.0,44.90221,0.20402679999999998
-165.1087,-213.5894,12.0,50.56408,0.4113365
-160.4476,-248.8329,12.0,42.28221,-0.6558963000000001
-140.0194,-257.185,12.0,26.542740000000002,0.23058789999999998
-128.5913,-238.9581,12.0,32.19419,0.33773759999999997
-125.6543,-213.0456,12.0,38.17109,0.1829085
-127.4552,-187.5077,12.0,32.48578,-0.4586704000000001
-109.785,-181.946,12.0,25.89641,-0.4317515
-109.2553,-199.6063,12.0,27.898979999999998,0.4302834
-110.0801,-222.4684,12.0,34.271679999999996,0.46356540000000007
-106.6094,-250.0156,12.0,40.4444,0.3975225
-88.09213000000001,-271.536,12.0,39.35588,-0.06090537
-58.528980000000004,-266.0101,12.0,43.370470000000005,0.3235847
-45.88273,-241.9659,12.0,34.4414,-0.8046734
-53.61619,-222.0468,12.0,18.11444,-3.05255
-53.140840000000004,-216.1442,12.0,5.5986769999999995,0.008123136
-53.20086,-215.33900000000003,12.0,3.431826,0.2947185
-49.07756,-218.8024,12.0,11.41319,0.5519752
-42.39696,-212.0412,12.0,14.872779999999999,-0.1513453
-41.62748,-201.96099999999998,12.0,15.859770000000001,0.6252221
-38.47596,-186.9858,12.0,24.35843,0.4724375
-25.880370000000003,-171.1504,12.0,30.77601,0.23069279999999998
-4.5622050000000005,-157.8072,12.0,37.15903,0.4461436
12.11592,-137.4872,12.0,31.838620000000002,-0.9330588
3.874053,-117.439,12.0,34.45584,1.327958
-9.361225,-89.15059000000001,12.0,50.04456,1.203689
-8.192427,-49.99968,12.0,55.41226999999999,0.3580859
-2.296602,-7.600753,12.0,60.07315,0.01041007
-7.5216199999999995,27.05818,12.0,30.87505,-0.3214591
-26.04074,44.2042,12.0,37.127720000000004,0.11804400000000001
-55.03338000000001,44.35841,12.0,42.075309999999995,0.40627399999999997
-88.28912,44.156279999999995,12.0,47.71685,0.1792892
-125.0189,40.26732,12.0,49.038740000000004,-0.44371059999999996
-153.2639,23.95296,12.0,42.83015,-0.5030236
-153.6696,12.6018,12.0,4.574685,-0.3856275
-150.8811,12.53373,12.0,8.271202,0.5549876
-146.5557,5.295565,12.0,15.93472,0.5642701999999999
-145.3405,-9.283222,12.0,23.34283,0.5207978
-142.1086,-28.878690000000002,12.0,30.195359999999997,0.21988979999999997
-142.4613,-36.98442,13.0,9.614569,0.6103478
-146.8502,-45.88747,13.0,17.2911,0.2641664
-159.7213,-54.226369999999996,13.0,24.3525,0.22091079999999996
-166.7838,-68.78458,13.0,20.10435,-0.5527340999999999
-156.4302,-76.21007,13.0,19.09441,0.2087924
-141.5296,-72.84528,13.0,19.627470000000002,-0.19028620000000002
-126.5741,-73.93275,13.0,24.03993,0.4941601
-111.2973,-86.33905,13.0,29.96817,0.4331643
-107.4339,-109.632,13.0,34.840090000000004,0.16240510000000002
-124.161,-130.0338,13.0,38.55765,0.1688718
-145.2232,-127.2763,13.0,19.126739999999998,-0.8530033000000001
-143.0714,-122.8862,13.0,8.352534,0.5847316999999999
-138.4853,-122.3609,13.0,2.874327,0.3544317
-143.0985,-124.0929,13.0,10.09671,0.3512436
-145.5335,-128.9503,13.0,2.53552,-0.8142924
-145.1808,-127.209,13.0,7.053872,0.6708997
-141.2543,-119.7301,13.0,15.577589999999999,0.5852823
-142.1198,-106.0942,13.0,22.61859,0.253416
-157.4593,-98.15728,13.0,25.458000000000002,-0.7858843000000001
-167.0079,-111.5871,13.0,27.117820000000002,0.29854780000000003
-167.7985,-134.32299999999998,13.0,34.22643,0.48849799999999993
-167.6512,-162.3164,13.0,40.9367,0.2354975
-167.967,-195.0081,13.0,47.27695,0.46198240000000007
-167.6678,-232.2177,13.0,52.42606,-0.7003024
-147.9475,-257.2049,13.0,42.34773,-0.10560439999999999
-127.6818,-246.6815,13.0,29.87725,0.5099796
-128.0782,-221.1044,13.0,39.780120000000004,0.227386
-127.5921,-192.153,13.0,27.587429999999998,-2.579207
-120.7483,-182.1759,13.0,14.22732,0.13524370000000002
-108.8821,-185.8134,13.0,21.9022,0.4350626
-104.7773,-203.7168,13.0,28.6813,0.502264
-107.7245,-227.3399,13.0,35.620490000000004,0.2342007
-102.5065,-254.8352,13.0,40.91788,0.17934470000000002
-78.45526,-272.6205,13.0,42.61715,0.0014530189999999998
-52.6419,-257.9717,13.0,42.52537,0.01419422
-48.58081,-225.6323,13.0,47.0029,-0.05928463
-40.0929,-194.8888,13.0,43.07074,0.3904301
-17.770979999999998,-169.4384,13.0,48.80952,0.4359786
6.577874,-140.584,13.0,49.59216,-0.8473344999999999
3.169781,-111.0302,13.0,35.10835,-0.9416315999999999
-8.913014,-93.5885,13.0,29.221770000000003,0.6684963
-6.139566,-68.94345,13.0,36.914190000000005,0.2423092
-5.383594,-39.14845,13.0,43.49387,0.4842798
-3.887236,-4.621384,13.0,49.64844,0.4347213
-9.208144,31.412979999999997,13.0,43.628040000000006,-1.523994
-29.998520000000003,40.97242,13.0,22.83719,-1.797251
-35.07342,32.5819,13.0,0.4667987,-0.6945037
-35.13023,32.58997,13.0,0.06401064,-0.005448884
-35.17083,32.602140000000006,13.0,0.4914477,0.190661
-34.21584,36.061440000000005,13.0,8.853247999999999,0.5030714
-32.49585,43.24156,13.0,6.53086,-0.3939641
-32.32933,44.454409999999996,13.0,2.827787,0.3077282
-36.07969,41.317479999999996,13.0,10.8268,0.5402286999999999
-46.4146,43.67747,13.0,18.08367,0.2438476
-62.236630000000005,45.20177,13.0,24.819370000000003,0.2381112
-82.83481,42.32379,13.0,31.25735,0.2161867
-108.195,42.99801,13.0,37.13203,0.19591470000000002
-136.0243,36.30169,13.0,39.65487,-0.222002
-147.9293,11.92942,13.0,39.50785,0.35724959999999994
-144.792,-19.12204,13.0,44.83335,0.3636632
-150.1181,-50.60329,14.0,36.07695,-2.4205900000000002
-163.341,-66.37138,14.0,22.77703,-0.23963320000000005
-149.4619,-75.71741,14.0,27.462090000000003,0.4697488
-127.3006,-78.17511999999999,14.0,32.71291,0.3004313
-110.5981,-96.91908000000001,14.0,36.54631,0.08677796
-116.2992,-123.06200000000001,14.0,38.74328,0.06386968
-140.3753,-130.7974,14.0,28.24819,-1.8499729999999999
-145.7764,-120.354,14.0,3.7171089999999998,-1.418742
-146.4593,-119.2875,14.0,1.9222810000000001,-0.008253227
-147.2878,-118.2633,14.0,1.548103,-0.030952299999999995
-148.4915,-117.4618,14.0,3.850175,0.3232857
-150.9746,-117.4865,14.0,0.4395821,-0.6332715999999999
-148.3173,-115.8813,14.0,8.640728,0.6170605
-144.5986,-107.5856,14.0,16.667279999999998,0.5287415
-153.4206,-97.02727,14.0,22.71311,0.32060570000000005
-167.3017,-105.7673,14.0,26.48565,0.3171432
-166.4209,-127.5178,14.0,33.00805,0.5132552
-166.7371,-154.4901,14.0,39.82605,0.2401831
-167.0002,-186.4423,14.0,46.329240000000006,0.4579543
-166.9028,-223.024,14.0,52.39069,0.4018759
-154.2865,-252.5599,14.0,33.66795,-1.983702
-141.6642,-252.6488,14.0,5.590158,-0.9007097
-141.2894,-249.9039,14.0,2.540502,0.058810900000000006
-137.4855,-247.9902,14.0,9.906578999999999,0.3569462
-128.4057,-251.4363,14.0,13.86706,-0.3124186
-121.2868,-248.6062,14.0,10.016160000000001,0.6925176
-123.0562,-238.33,14.0,18.777820000000002,0.29058579999999995
-126.2401,-221.8033,14.0,26.51688,0.2662901
-127.76,-199.47,14.0,33.83247,0.4893349
-117.7849,-179.3644,14.0,29.20368,-1.182962
-105.417,-189.0577,14.0,27.667609999999996,1.218114
-107.2129,-216.7979,14.0,47.660709999999995,1.393356
-101.1664,-256.2156,14.0,54.6367,-0.6687460999999999
-71.99764,-272.2297,14.0,46.32027,0.1877588
-48.64434,-251.9822,14.0,43.17024,-0.005109339
-49.04311,-218.6056,14.0,47.474779999999996,0.1810868
-32.47802,-186.4866,14.0,51.73835,0.3548116
-3.640191,-158.3751,14.0,57.03102,-0.02293873
9.629475999999999,-126.1719,14.0,32.9831,-2.487904
-1.989861,-109.3661,14.0,27.854779999999998,0.3049257
-5.798734,-86.90824,14.0,34.379740000000005,0.4981469
-3.532335,-59.0054,14.0,41.16267,0.2279809
-2.2653950000000003,-26.08105,14.0,47.559459999999994,0.2173194
-3.28836,11.37601,14.0,53.48036999999999,0.1682754
-19.286579999999997,40.67666,14.0,43.489329999999995,-0.16131320000000002
-51.739540000000005,40.73653,14.0,46.942240000000005,0.4450032
-88.88274,40.17499,14.0,52.94164,0.4201992
-128.2868,40.861979999999996,14.0,46.07594,-1.7872580000000002
-145.3645,25.22167,14.0,18.32527,-1.317583
-143.827,22.60856,14.0,5.36901,0.6342762
-141.3257,25.40159,14.0,2.898018,-0.853107
-142.7298,23.51078,14.0,7.443842999999999,0.4457867999999999
-148.4822,21.622329999999998,14.0,5.8750599999999995,-0.8257146999999999
-149.0125,21.74841,14.0,4.143655,0.6661434
-144.1969,17.55821,14.0,13.09041,0.3173962
-140.8438,5.437317,14.0,21.30774,0.296766
-141.6844,-13.282670000000001,14.0,29.245720000000002,0.5625857
-141.8047,-34.84882,1.0,5.862169000000001,-0.07487735
-142.2414,-41.29169,1.0,13.31831,0.6418043999999999
-148.8787,-52.104440000000004,1.0,21.64046,0.2979212
-162.6483,-64.29422,1.0,27.53023,-0.09173973
-152.6424,-76.72845,1.0,23.98253,-0.08904429
-138.0662,-68.80487,1.0,14.7591,-0.6933154
-135.8664,-68.27829,1.0,0.02470773,0.0013336189999999999
-135.8476,-68.28112,1.0,0.02553283,-0.0003784815
-135.8302,-68.28338000000001,1.0,0.01693345,-0.008437799000000001
-136.0565,-69.35945,1.0,4.396091,0.06105471
-135.7434,-72.69227,1.0,4.378236,-0.046106699999999994
-136.0468,-75.55618,1.0,3.546932,-0.0283046
-136.5772,-76.29021999999999,1.0,3.186944,0.3539864
-131.1234,-74.95476,1.0,12.12079,0.3197072
-120.3701,-79.54666,1.0,19.82414,0.2696199
-112.331,-95.17793,1.0,27.58864,0.28223899999999996
-112.4052,-117.3711,1.0,33.56707,0.4025587
-131.9584,-133.3186,1.0,35.74516,-1.0564790000000002
-146.8837,-122.5797,1.0,22.457160000000002,-0.1003659
-138.4199,-109.7498,1.0,11.092089999999999,-1.4780309999999999
-138.4579,-108.7189,1.0,0.02337761,0.01500804
-138.4587,-108.736,1.0,0.01429917,-0.03295592
-139.9549,-108.2335,1.0,6.365698,0.1000924
-145.1651,-110.0378,1.0,7.284003,-0.5877496999999999
-145.1749,-109.803,1.0,5.34779,0.6345284999999999
-145.0077,-102.8544,1.0,13.792,0.5762464
-154.6976,-95.71619,1.0,17.604789999999998,-0.39809229999999995
-164.30900000000003,-100.5687,1.0,15.02188,0.5371714
-167.0235,-117.147,1.0,29.84119,0.4177459
-168.8961,-142.4072,1.0,38.429429999999996,0.5735857
-163.6007,-169.9322,1.0,34.59146,-0.285182
-167.8258,-193.1446,1.0,32.747009999999996,1.346946
-166.7739,-221.7859,1.0,38.30784,-0.2805672
-161.7664,-246.0967,1.0,28.77164,-0.9058993000000001
-143.376,-250.5049,1.0,28.885990000000003,0.4186674
-123.2292,-240.93400000000003,1.0,28.81223,-0.6923471999999999
-128.6454,-225.5142,1.0,25.66027,0.1299305
-126.1431,-210.42,1.0,21.90267,-0.3837633
-123.8225,-197.2379,1.0,18.153010000000002,0.00364198
-122.8004,-185.9758,1.0,14.45168,0.1065383
-111.4849,-187.5734,1.0,17.31054,-0.5995566999999999
-110.179,-198.8736,1.0,14.148420000000002,-0.09170596
-109.7998,-210.5556,1.0,19.5409,0.5785117
-108.0159,-227.829,1.0,27.2632,0.2648948
-104.15299999999999,-250.3465,1.0,34.28672,0.4489909000000001
-86.4427,-269.7599,1.0,38.47289,0.1924885
-59.59443,-264.1153,1.0,39.483309999999996,0.02924127
-51.98144,-236.3583,1.0,42.15376,0.21030170000000004
-42.42197,-205.0382,1.0,47.21918,0.1947401
-19.4585,-176.2598,1.0,52.68954,0.20663649999999997
5.298153,-143.5022,1.0,58.107890000000005,0.3088508
11.27706,-109.9744,1.0,25.428929999999998,-1.863486
9.936186,-104.3367,1.0,0.7469519,-0.21683270000000002
9.849669,-104.3036,1.0,1.457052,0.5701935
12.86914,-106.3086,1.0,7.596378,0.35352940000000005
18.05842,-107.0599,1.0,3.573628,-0.7364746
17.28151,-107.3014,1.0,5.594894,0.599649
10.60244,-110.1805,1.0,13.8279,-0.01889151
0.48148359999999996,-108.7684,1.0,17.8438,0.3745679
1.2803639999999998,-93.24545,1.0,24.67257,0.4418932
-3.807377,-73.34421,1.0,31.25175,0.2319384
-5.7446019999999995,-47.77928,1.0,37.91534,0.2297958
-6.43878,-17.32124,1.0,44.31265,0.4737562
-6.773756,17.7451,1.0,49.92244,-0.29583990000000004
-16.92577,43.33961,1.0,21.33393,-2.370125
-26.36135,40.25262,1.0,16.71378,0.5190662
-40.76866,38.301,1.0,23.74036,0.5403787
-60.90891,39.75352,1.0,30.89694,0.5189289
-86.35153000000001,39.62426,1.0,37.70714,0.2350888
-116.6709,40.4979,1.0,44.13214,0.445941
-142.7134,33.62357,1.0,26.924409999999998,-1.048973
-141.286,24.43851,1.0,8.041051,-0.04783629
-137.7516,24.2619,1.0,0.06877052,0.02635714
-137.7517,24.21761,1.0,0.05952090000000001,0.03317893
-139.0508,24.5428,1.0,5.576179,0.40120100000000003
-145.3275,24.1081,1.0,10.846960000000001,0.16006879999999998
-150.9108,25.34252,1.0,2.8484979999999998,-0.3423093
-149.8503,24.74101,1.0,5.9073720000000005,0.6183369000000001
-147.0442,18.30647,1.0,13.597339999999999,0.2472768
-151.7759,6.720460000000001,1.0,20.14888,0.1697461
-148.5778,-9.947617999999999,1.0,26.41866,0.47329090000000007
-146.0426,-31.733629999999998,1.0,32.78562,0.4384321
-157.5611,-51.19474,2.0,32.92455,0.1914452
-165.6467,-69.06396,2.0,24.640620000000002,-0.5131109
-156.4007,-70.77231,2.0,8.402699,-0.1782076
-155.7081,-68.5273,2.0,0.05577406,-0.02674845
-155.6764,-68.5312,2.0,0.20247420000000002,-0.01842751
-156.1988,-71.03674000000001,2.0,5.266947,-0.02615352
-156.7706,-74.63324,2.0,4.059508999999999,-0.7802923
-156.1243,-74.16298,2.0,5.850353,0.6698066999999999
-148.8153,-73.29919,2.0,14.695329999999998,0.556446
-137.5772,-81.10712,2.0,20.52129,-0.3924026
-124.2946,-84.47695,2.0,16.98292,-0.06962007
-112.8582,-96.85014,2.0,30.020120000000002,0.4135876
-114.8936,-118.7287,2.0,31.8938,0.1951071
-134.4835,-130.8011,2.0,30.724429999999998,-1.0019870000000002
-145.0673,-120.0087,2.0,20.3022,0.2662828
-139.5161,-105.8675,2.0,18.519389999999998,-0.9350153
-152.6688,-101.7086,2.0,21.411620000000003,-0.04199811
-161.0261,-110.765,2.0,16.7834,-0.08411431
-162.9004,-123.2439,2.0,18.625120000000003,0.13260070000000002
-165.4015,-140.0088,2.0,27.16183,0.5681331000000001
-165.2819,-163.0111,2.0,34.82313,0.264423
-165.6189,-191.6102,2.0,42.084379999999996,0.5088722999999999
-165.7579,-225.2887,2.0,48.77861,0.216819
-158.2738,-249.1425,2.0,21.57396,0.22968690000000003
-140.1345,-251.9231,2.0,28.98917,0.5381815
-125.0738,-240.0927,2.0,24.8627,-0.8243259000000001
-126.7873,-220.085,2.0,32.59565,0.5324180000000001
-126.4944,-193.7341,2.0,34.833,-3.272328
-120.0807,-184.0048,2.0,11.81511,0.3332092
-111.446,-189.8643,2.0,18.8496,0.5101277
-109.8024,-206.7602,2.0,26.93185,0.5835264
-107.3695,-229.4653,2.0,34.64444,0.566238
-99.68474,-256.5153,2.0,41.17994,0.3684567
-74.691,-270.5641,2.0,40.19765,-0.07404879
-51.01343,-252.8417,2.0,42.34599,0.0041786079999999995
-49.20426,-220.8788,2.0,46.10572,0.1946456
-34.64754,-189.0898,2.0,50.31801,0.42904719999999996
-7.567819,-160.2034,2.0,56.44817,0.4282588
8.955635000000001,-129.8711,2.0,26.9999,-3.038074
0.5851308000000001,-118.1134,2.0,22.387529999999998,0.5754509
-6.5027800000000004,-100.8068,2.0,29.392940000000003,0.27839749999999996
-6.632797999999999,-76.20795,2.0,36.907109999999996,0.2651446
-6.794827000000001,-46.20177,2.0,44.01555,0.4855169
-7.221775999999999,-11.10067,2.0,50.67354,0.48572079999999995
-8.228327,28.01962,2.0,48.909209999999995,-1.5163959999999999
-23.31474,46.114709999999995,2.0,16.15081,-2.61808
-25.60816,44.67801,2.0,5.5239199999999995,0.6465757
-29.7329,39.77758,2.0,13.81511,0.2843578
-41.816359999999996,44.58028,2.0,21.9562,0.5671906
-60.1453,45.27639,2.0,29.00507,0.2755815
-84.32162,42.07508,2.0,36.58319,0.5203509
-114.0137,41.115320000000004,2.0,43.623979999999996,0.5151036
-145.0702,32.731120000000004,2.0,36.82425,-1.103504
-149.8492,18.99182,2.0,4.079119,-2.270418
-146.407,19.25558,2.0,9.019597000000001,0.5833275
-143.5719,10.84768,2.0,17.17547,0.5671791
-151.02,-2.657812,2.0,24.12109,0.19603399999999999
-146.5529,-21.96167,2.0,30.50692,0.2372165
-142.4999,-37.32893,3.0,12.02848,-0.08996209
-145.6562,-45.320409999999995,3.0,12.86052,0.9291763000000001
-155.1092,-52.83991999999999,3.0,16.15904,-0.24873240000000002
-165.0542,-56.45681999999999,3.0,12.61324,-0.3113838
-165.9538,-64.02367,3.0,9.577202999999999,-0.1606578
-159.634,-71.29669,3.0,17.406779999999998,0.5029917
-144.1406,-71.80345,3.0,24.98214,0.5097163
-124.383,-78.20636,3.0,28.348359999999996,-0.46081869999999997
-111.0394,-91.33057,3.0,23.31005,-0.10414449999999999
-108.3026,-110.6068,3.0,27.1742,-0.4101076
-115.6972,-126.7604,3.0,21.66921,-0.19350620000000002
-130.0116,-133.7749,3.0,24.84959,0.5694235
-143.1253,-124.3503,3.0,27.327070000000003,0.5371236
-151.9163,-105.3135,3.0,23.411070000000002,-0.9739716999999999
-163.8005,-106.7853,3.0,19.29374,0.5055444
-167.78799999999998,-123.2048,3.0,26.98235,0.28805879999999995
-169.9339,-146.0048,3.0,34.6045,0.2504104
-167.5648,-174.1239,3.0,41.62317,0.48905859999999995
-165.5917,-207.4298,3.0,48.2842,0.4811839
-163.2986,-243.4112,3.0,45.309940000000005,-1.104465
-145.3896,-259.1048,3.0,27.060579999999998,-0.9004555000000001
-129.6766,-246.5205,3.0,30.77477,0.2725958
-126.6489,-222.9261,3.0,35.907959999999996,0.2507822
-127.3567,-196.4806,3.0,33.83651,-0.29835100000000003
-117.6249,-178.6689,3.0,24.032120000000003,-0.06532899
-109.0637,-188.53400000000002,3.0,22.558889999999998,0.3023485
-107.0167,-207.27,3.0,29.55207,0.5206221999999999
-105.0303,-229.7839,3.0,28.99895,-0.392681
-105.895,-251.2841,3.0,34.4244,0.7089526999999999
-90.5005,-271.3091,3.0,36.28035,-0.10157630000000001
-66.12378000000001,-268.7662,3.0,20.008589999999998,-7.942701
-56.94916,-267.3118,3.0,5.846232,-0.4793169
-56.72618000000001,-267.1117,3.0,2.282946,-0.17341579999999998
-57.0542,-267.2805,3.0,1.909168,0.550612
-54.67698000000001,-264.5011,3.0,7.046448,0.09200373
-49.7096,-262.462,3.0,7.8972169999999995,-0.1591962
-48.33147,-263.4489,3.0,2.8545849999999997,0.6588892
-50.13837,-258.4577,3.0,11.39995,0.5870177
-47.88908,-247.2929,3.0,19.42286,0.5678287
-44.578070000000004,-230.43599999999998,3.0,26.93398,0.5141973
-42.040440000000004,-207.9544,3.0,33.98536,0.253038
-32.86692,-183.1726,3.0,38.46434,0.2027145
-11.809510000000001,-162.2935,3.0,34.26455,-0.8599116
2.9879130000000003,-150.3906,3.0,21.48709,-0.35814640000000003
11.41713,-139.4168,3.0,16.50471,-0.3368196
10.27367,-128.45600000000002,3.0,16.48302,0.2747933
1.463178,-116.3644,3.0,23.94109,0.2486098
-7.055874,-97.83781,3.0,30.998140000000003,0.5000804
-10.489980000000001,-72.76427,3.0,37.57268,0.4650561
-7.552249000000001,-42.651140000000005,3.0,43.87068,0.44630299999999995
-3.5392040000000002,-9.679377,3.0,42.215109999999996,-0.43984399999999996
-4.3305739999999995,11.60266,3.0,13.43997,-2.011573
-5.013756,15.93169,3.0,6.9198509999999995,0.6488073000000001
-6.825586,24.06683,3.0,15.473329999999999,0.5960776
-13.72109,36.42977,3.0,22.98943,0.24400300000000003
-31.32515,44.68952,3.0,29.80204,0.199604
-55.79594,44.68742,3.0,36.54408,0.5098345999999999
-85.35091,43.57261,3.0,43.20487,0.4584195
-118.9846,40.70335,3.0,44.97886,-0.2864142
-146.8414,31.29471,3.0,36.73992,-0.5961153
-145.4014,8.146766,3.0,34.27435,0.2979913
-145.1773,-18.36221,3.0,39.1372,0.4588805
-146.4768,-47.771609999999995,4.0,33.029759999999996,-2.696496
-160.0808,-54.3381,4.0,19.579520000000002,0.1773256
-167.7709,-63.68221,4.0,20.4373,0.3100077
-153.83100000000002,-72.58156,4.0,26.32987,0.4645513
-132.2261,-75.1591,4.0,32.77155,0.47226409999999996
-112.5156,-91.97266,4.0,38.28284,0.36960240000000005
-112.6133,-118.7437,4.0,37.43962,0.10520910000000001
-133.8762,-132.6025,4.0,34.379290000000005,-0.20807440000000002
-144.7738,-115.5143,4.0,30.382820000000002,0.23290160000000001
-151.4462,-98.96181,4.0,17.35923,-0.46926140000000005
-163.2705,-104.6258,4.0,22.45753,0.45937700000000004
-168.3074,-123.0096,4.0,29.549120000000002,0.5362369
-170.4597,-147.3823,4.0,36.46821,0.4760126
-167.683,-176.7765,4.0,43.124359999999996,0.4625111
-164.517,-210.9528,4.0,49.33565,0.13609670000000001
-162.084,-244.7726,4.0,32.40061,-3.187255
-151.3011,-255.72299999999998,4.0,18.05355,-0.2210969
-135.1371,-256.6384,4.0,24.8801,0.05369156
-126.7959,-238.6515,4.0,30.626459999999998,0.2434884
-127.20100000000001,-213.8618,4.0,36.85337,0.5039667999999999
-125.51700000000001,-185.3664,4.0,39.226259999999996,-0.6405108
-103.9832,-178.7036,4.0,28.47445,-0.7790441
-103.2126,-193.6053,4.0,21.47237,0.2632163
-114.5849,-200.8956,4.0,6.688674000000001,-1.770784
-114.5551,-201.5559,4.0,0.0027786290000000003,-0.01118844
-114.0704,-201.68400000000003,4.0,3.072796,0.48302170000000005
-110.4953,-200.5144,4.0,7.085241000000001,0.01984522
-109.681,-198.2137,4.0,0.7609059,0.2363272
-109.2693,-201.5024,4.0,8.096271,0.5094039
-107.539,-209.9031,4.0,14.912870000000002,0.481283
-105.4427,-223.1595,4.0,21.292360000000002,0.4521231
-105.8913,-241.1572,4.0,27.19489,0.40475209999999995
-100.6454,-261.9712,4.0,31.65294,0.1316683
-79.59914,-272.0581,4.0,34.16434,0.2572075
-55.44001,-262.2065,4.0,37.28178,-0.002771848
-49.305209999999995,-235.7604,4.0,39.21448,0.3531666
-44.402359999999994,-205.7358,4.0,43.42053,0.16589500000000001
-27.291659999999997,-177.3498,4.0,46.59558,0.24834099999999998
-2.919387,-155.774,4.0,33.79618,-2.326283
9.680458999999999,-143.5441,4.0,19.14959,-0.46227879999999993
11.95911,-131.254,4.0,21.622889999999998,0.4778646
1.030808,-116.3748,4.0,27.704909999999998,0.17914839999999999
-7.7866539999999995,-95.92751,4.0,32.77476,0.1929585
-10.5889,-69.96536,4.0,37.84175,0.16909849999999998
-6.760408999999999,-40.437529999999995,4.0,42.61873,0.357298
-1.6433630000000001,-7.552958,4.0,47.14478,0.2647717
-7.133483999999999,26.281859999999998,4.0,34.80466,-4.134164
-21.832179999999997,40.919740000000004,4.0,30.307140000000004,0.3216445
-45.67119,43.75294,4.0,35.12979,0.39844179999999996
-73.58152,43.29852,4.0,40.21098,0.1683168
-105.0272,41.70182,4.0,43.618809999999996,-0.03572015
-133.183,38.28913,4.0,24.66913,-2.049922
-143.6263,32.495540000000005,4.0,17.810979999999997,0.20470629999999998
-148.065,18.00735,4.0,23.58539,0.4097
-145.4527,-1.354096,4.0,29.277079999999998,0.1967773
-141.5749,-24.78294,4.0,34.5656,0.26518709999999995
-148.21,-46.79379,5.0,26.79839,-0.2860212
-165.7932,-57.138980000000004,5.0,27.52954,-1.246237
-164.0751,-69.3705,5.0,17.71107,-0.5391196999999999
-151.16,-70.59636,5.0,21.26335,0.2167444
-133.6354,-74.65621,5.0,27.232909999999997,0.40389400000000003
-114.6167,-85.38015,5.0,32.042590000000004,0.2666131
-108.2364,-108.2998,5.0,34.55038,-0.09182777
-119.26,-129.7035,5.0,32.06668,-0.22344989999999998
-137.9612,-130.6688,5.0,22.49297,0.3804821
-144.6429,-113.9956,5.0,27.13087,0.3191507
-159.0803,-100.3395,5.0,24.27645,-1.214875
-164.8797,-109.1297,5.0,16.46925,-0.1256113
-166.2891,-123.2496,5.0,22.84505,0.3365855
-168.0672,-145.4882,5.0,39.35484,1.412211
-166.342,-178.95,5.0,48.458490000000005,0.38294029999999996
-164.2955,-215.3692,5.0,42.12835,-1.3389010000000001
-163.5676,-235.6779,5.0,20.09858,-0.2228475
-160.9201,-248.3074,5.0,14.736720000000002,-0.384637
-152.2626,-257.3365,5.0,22.31294,0.8478413
-134.5576,-256.5942,5.0,28.988390000000003,0.35397280000000003
-125.4527,-233.1118,5.0,39.78237,0.2557636
-128.2277,-204.0018,5.0,31.64923,-1.300819
-126.6782,-188.2442,5.0,17.35181,-0.5009380999999999
-116.133,-182.0854,5.0,21.16379,0.7261571
-103.2129,-192.0201,5.0,25.761120000000002,0.40689990000000004
-103.0002,-214.3965,5.0,34.89264,0.4518473
-105.54700000000001,-241.2519,5.0,36.02347,-0.4130732
-100.9424,-263.8464,5.0,28.14143,0.3190216
-80.2777,-272.0966,5.0,32.99331,0.1563369
-56.93826,-262.9993,5.0,35.79634,0.005826931
-48.81476,-237.0608,5.0,39.261990000000004,0.35215240000000003
-44.26155,-206.4692,5.0,44.033559999999994,0.32031550000000003
-29.3208,-176.5196,5.0,47.06139,0.2355689
-6.13225,-158.1126,5.0,18.8732,-3.6029
2.168891,-152.6604,5.0,10.91745,-0.3416993
7.279145,-148.5383,5.0,7.145361,-0.13732629999999998
11.43003,-143.5738,5.0,11.981639999999999,0.4936613
12.63894,-132.7431,5.0,18.14757,0.4232245
4.511242,-119.5171,5.0,24.09082,0.43913100000000005
-5.322433,-102.3288,5.0,29.59846,0.18850029999999998
-10.38552,-78.94981,5.0,34.8952,0.3786058
-8.422716000000001,-51.48827,5.0,39.71467,0.173027
-2.92072,-20.71421,5.0,44.49929,0.1572853
-2.383498,10.82133,5.0,34.607440000000004,-1.547043
-6.641831,24.950860000000002,5.0,9.368302,-0.2874695
-11.723460000000001,34.04564,5.0,17.94025,0.4513714
-24.2737,42.66877,5.0,23.71538,0.20381359999999998
-43.5932,45.31773,5.0,29.260070000000002,0.4241162
-67.30508,44.83623,5.0,34.75262,0.4031387
-94.97606999999999,43.52948,5.0,39.89501,0.373057
-124.0749,40.568490000000004,5.0,35.441309999999994,-0.2754439
-140.4505,35.74413,5.0,21.60686,0.32962179999999996
-147.7419,19.77722,5.0,26.78097,0.37221940000000003
-145.3358,-1.732377,5.0,32.01529,0.4079022
-141.8682,-27.0126,5.0,33.027440000000006,-1.120226
-145.2426,-43.021770000000004,6.0,12.168389999999999,-0.3318062
-152.5698,-52.47481,6.0,19.53942,-0.5275057
-163.7159,-57.517590000000006,6.0,13.64454,-0.4570705
-165.0797,-66.98212,6.0,18.05199,0.7230998000000001
-150.2171,-72.50869,6.0,28.688270000000003,1.091228
-125.5688,-77.2561,6.0,39.63889,0.6609917
-108.9265,-100.05799999999999,6.0,36.94553,-0.45728690000000005
-116.1358,-116.74600000000001,6.0,11.82889,-0.04582121
-119.4135,-125.9971,6.0,18.734379999999998,0.4091655
-129.3852,-134.1318,6.0,18.59389,0.2237887
-142.5648,-126.9444,6.0,23.87906,0.1575606
-146.6555,-108.6012,6.0,18.87855,-2.261572
-151.5311,-103.2828,6.0,8.272623,0.4071749
-160.3871,-100.7266,6.0,16.69179,-0.01470723
-166.8536,-110.2948,6.0,19.91958,0.8782996999999999
-168.155,-130.1517,6.0,33.62806,0.4659427
-168.6149,-159.7557,6.0,45.60641,0.8325481
-166.0046,-197.2075,6.0,55.46767,0.2735906
-163.5045,-234.7723,6.0,44.943459999999995,-0.7621136
-153.8855,-257.3282,6.0,26.83103,-0.43999220000000006
-137.4069,-256.1678,6.0,19.24781,-0.2403701
-127.1469,-244.0377,6.0,25.47811,0.3781026
-125.0433,-223.3469,6.0,30.865170000000003,0.3757948
-128.7202,-198.7673,6.0,35.83761,-0.1366487
-123.0202,-182.7945,6.0,16.95435,0.8631408000000002
-108.95700000000001,-185.9718,6.0,22.69405,0.29346690000000003
-102.6683,-202.9919,6.0,27.626170000000002,0.1954684
-104.17200000000001,-225.4862,6.0,33.1249,0.4070801
-105.4882,-251.8205,6.0,38.048629999999996,0.14152520000000002
-89.59823,-272.3869,6.0,35.73317,-0.4663463
-67.28855,-268.9142,6.0,26.70058,-0.2637218
-52.55429,-260.3524,6.0,23.60568,0.30222899999999997
-47.38795,-240.3627,6.0,31.129170000000002,0.20650079999999998
-44.07817,-215.4999,6.0,36.488409999999995,0.1874522
-38.36821,-187.4183,6.0,40.66975,0.11366789999999999
-15.9867,-166.838,6.0,40.71217,-1.7706810000000002
0.00629001,-154.6848,6.0,14.287460000000001,-0.1844411
7.231514,-148.7928,6.0,12.07939,0.02237004
12.50521,-140.0215,6.0,17.14835,0.6603258000000001
8.526241,-125.2288,6.0,25.83465,0.7995941
-5.219392,-105.3532,6.0,39.845859999999995,0.4824198
-9.600183,-71.28753,6.0,52.96306,0.8678020000000001
-4.349978,-28.613870000000002,6.0,61.1198,0.2709438
-3.10677,12.2765,6.0,39.02966,-3.2022779999999997
-9.3132,29.777209999999997,6.0,21.09271,0.4265939
-22.30821,41.97578,6.0,29.21182,0.8106217
-48.29981,45.32594,6.0,42.861999999999995,1.115335
-85.53251,43.827709999999996,6.0,57.110890000000005,0.9398876
-120.7186,40.62124,6.0,23.923679999999997,-3.3849129999999996
-131.5769,38.48534,6.0,12.76535,0.6010411999999999
-144.2586,32.38955,6.0,23.66205,0.10671900000000001
-147.4987,13.829529999999998,6.0,28.471320000000002,0.4059191
-143.793,-8.970642,6.0,33.93867,0.38796790000000003
-141.8814,-33.59952,7.0,5.923662,0.2610304
-142.6967,-40.5335,7.0,12.85743,0.48310159999999996
-149.3126,-50.065329999999996,7.0,18.96002,0.41588729999999996
-163.675,-57.09316,7.0,24.12715,-0.3075148
-167.5108,-70.33856,7.0,16.12854,-0.4634625
-158.1593,-77.01092,7.0,17.55763,0.1291433
-144.3458,-74.03703,7.0,20.06081,-0.06460784
-128.7784,-74.27203,7.0,22.779870000000003,0.20508979999999996
-113.1666,-86.07568,7.0,30.339959999999998,0.1621828
-108.6354,-108.7161,7.0,33.901759999999996,0.11914260000000002
-123.9273,-128.7578,7.0,36.57444,0.18847239999999998
-146.217,-126.8923,7.0,22.637079999999997,-0.8917439
-144.3584,-117.6053,7.0,10.003860000000001,-0.2483042
-144.6393,-107.6507,7.0,17.72278,-0.03229666
-154.9666,-101.3397,7.0,18.35615,0.5871164000000001
-165.794,-110.0634,7.0,20.06804,-0.06980619
-165.8983,-125.3548,7.0,23.326520000000002,0.30193000000000003
-168.0856,-146.5087,7.0,35.59479,1.040174
-169.7093,-177.8381,7.0,48.73577,0.8617002
-169.7983,-217.1634,7.0,52.07423,-0.8509836
-162.5592,-247.6432,7.0,31.899140000000003,-0.4681617
-144.9277,-254.4498,7.0,22.56393,-0.5101112
-129.7424,-248.9751,7.0,23.127489999999998,0.288765
-125.8211,-230.0332,7.0,31.17711,0.2013706
-126.163,-204.8782,7.0,36.55485,0.1852431
-121.59299999999999,-181.2724,7.0,19.71343,-1.557021
-111.7932,-183.2676,7.0,18.23922,0.31912979999999996
-109.2009,-198.5768,7.0,24.111079999999998,0.4238035
-108.7646,-218.5921,7.0,29.92713,0.41337390000000007
-107.9246,-242.7738,7.0,35.16553,0.2914447
-94.94527,-266.0383,7.0,38.26234,0.08974042
-67.70535,-271.5856,7.0,39.38819,-0.005396388
-50.26965,-250.0003,7.0,39.81496,0.18376679999999998
-48.11141,-219.0027,7.0,44.229690000000005,0.2974618
-32.76109,-189.9024,7.0,46.76644,0.1568741
-8.010876,-163.0929,7.0,51.2812,0.3157563
8.877431,-135.115,7.0,30.603609999999996,-1.882261
3.110786,-117.8089,7.0,28.6235,0.37680440000000004
-5.872589,-96.52504,7.0,37.013529999999996,0.5710831000000001
-2.30788,-62.69379,7.0,54.796580000000006,1.204541
-1.038153,-16.40857,7.0,69.07528,-0.1602188
-4.900423,28.351679999999998,7.0,47.13517,-2.9208849999999997
-23.48835,41.94288,7.0,30.17642,0.7101033
-50.52714,40.5979,7.0,40.48123,0.1692293
-82.35973,40.43821,7.0,45.27182,0.1590208
-117.59,41.40808,7.0,49.73447,0.28496409999999994
-145.6603,31.61658,7.0,28.92892,-0.5991276999999999
-145.8076,10.31219,7.0,31.7066,0.3990033
-145.1537,-15.226289999999999,7.0,37.00457,0.173995
-148.1639,-44.07391,8.0,40.100390000000004,-0.2388945
-166.2227,-60.799,8.0,23.10502,-1.577862
-164.213,-75.74648,8.0,26.04674,0.22891889999999998
-144.1675,-77.81714000000001,8.0,30.51802,0.3838278
-121.7465,-83.00246,8.0,33.55554,0.132503
-110.6715,-105.7195,8.0,36.562090000000005,0.1649889
-123.5139,-128.5838,8.0,37.67114,0.1217382
-145.2297,-129.1957,8.0,14.54635,-1.341553
-145.3445,-126.5855,8.0,6.39236,0.5146655
-141.7899,-120.4522,8.0,13.181029999999998,0.4503589
-145.6432,-109.3563,8.0,19.28782,0.21066329999999997
-159.3956,-102.4719,8.0,23.40596,0.02651516
-167.7742,-116.3108,8.0,25.78388,0.3809817
-166.8465,-137.4693,8.0,31.24847,0.3780099
-170.8925,-162.2336,8.0,36.47502,0.3401829
-169.7367,-191.0367,8.0,41.25484,0.3761941
-168.7081,-223.3439,8.0,45.97918,0.3166012
-157.9917,-253.3277,8.0,38.80151,-0.42925420000000003
-135.5004,-252.2271,8.0,27.32658,-0.225296
-127.0052,-232.5059,8.0,32.389359999999996,0.178451
-127.3275,-206.5749,8.0,37.62642,0.36898990000000004
-120.9513,-181.5078,8.0,24.43815,-2.201301
-109.7962,-182.9575,8.0,17.46379,0.3453437
-107.0079,-197.5857,8.0,23.28616,0.2165456
-106.4271,-217.1064,8.0,29.171490000000002,0.4086803
-105.5695,-240.7447,8.0,34.59513,0.16366029999999998
-95.32963000000001,-265.0553,8.0,37.687020000000004,0.06259798
-69.10391,-271.7702,8.0,38.42641,0.0006729171
-49.56841,-251.787,8.0,39.759159999999994,0.1489441
-46.34512,-221.0539,8.0,44.12453,0.1541487
-34.422779999999996,-190.6572,8.0,45.71008,0.11867480000000001
-9.520439,-165.4091,8.0,50.06123,0.2991009
8.541103999999999,-135.2661,8.0,39.6184,-1.7011610000000001
-0.754812,-111.8002,8.0,38.2778,0.5809857
-5.324481,-84.27665999999999,8.0,40.483959999999996,0.3507451
-1.516931,-52.74926,8.0,45.1388,0.3182016
-1.508222,-17.67659,8.0,49.589690000000004,0.15172270000000002
-3.3216769999999998,20.65897,8.0,51.77982,-0.9404473
-20.02796,42.44469,8.0,24.645670000000003,-2.561253
-26.25116,40.33768,8.0,6.132187,0.47689709999999996
-31.40519,37.07946,8.0,12.44317,-0.1499792
-39.95534,44.60822,8.0,18.832,0.43829880000000004
-48.03212,48.586420000000004,8.0,0.0210155,-0.01394346
-48.01578,48.5834,8.0,0.24336439999999998,0.4971788
-48.45751,46.25428,8.0,5.1371,0.1168433
-47.10085,43.24937,8.0,1.023088,-0.6475549
-49.446690000000004,44.93962,8.0,8.582739,0.32467740000000006
-58.76035,46.1608,8.0,17.27315,0.6331334
-74.5857,44.30418,8.0,25.52158,0.5510358
-96.23831,42.06746,8.0,33.238009999999996,0.5365199
-123.4362,44.28188,8.0,39.91061,0.23092649999999998
-144.089,27.24441,8.0,38.55515,0.1149015
-144.9479,-4.167172,8.0,46.75512,0.28097740000000004
-141.9266,-33.71356,9.0,3.054961,-0.03215967
-142.2616,-35.88303,9.0,5.404072,0.6262684000000001
-145.0607,-43.92268,9.0,14.171579999999999,-0.10534860000000001
-151.2244,-50.8825,9.0,11.490039999999999,-0.09355555
-160.5047,-54.050709999999995,9.0,13.37999,-0.2143246
-166.6454,-59.75453,9.0,10.30953,-0.09883960000000001
-163.9515,-69.12422,9.0,19.883960000000002,0.9460096
-150.6725,-73.56931999999999,9.0,17.57303,-0.25869949999999997
-138.8372,-72.88824,9.0,15.447870000000002,0.35199040000000004
-123.2086,-77.70634,9.0,25.4252,0.08534694
-110.2415,-91.54446,9.0,26.349940000000004,0.07447983
-107.478,-109.4382,9.0,17.23012,-4.133335
-109.85600000000001,-118.3693,9.0,10.981580000000001,-0.1620483
-115.8925,-128.9593,9.0,21.71077,-0.004507174
-128.8877,-135.0474,9.0,17.704710000000002,-0.3030179
-139.8825,-130.9702,9.0,16.02366,0.23730279999999998
-146.6969,-116.3381,9.0,26.482090000000003,0.5633555
-154.375,-100.6959,9.0,16.34723,-0.37347820000000004
-163.5774,-101.9423,9.0,12.39283,0.1186742
-167.4916,-115.6937,9.0,26.97581,0.51912
-168.6931,-140.7987,9.0,40.44989,0.837038
-168.1384,-173.3249,9.0,46.26705,0.2522264
-164.6867,-207.9023,9.0,44.79807,-0.5883959
-162.7087,-237.2379,9.0,31.22604,-1.032362
-155.5083,-254.8148,9.0,23.11506,-0.3904358
-141.7602,-260.2635,9.0,17.88655,-0.1852175
-130.1021,-250.7924,9.0,27.23675,1.1333950000000002
-125.0295,-226.5988,9.0,37.83851,0.24072449999999998
-128.4888,-201.9021,9.0,25.11904,-0.8159286
-127.9605,-189.0897,9.0,14.27175,-0.1417671
-120.9405,-181.9219,9.0,17.5686,0.7229559
-107.9095,-184.7943,9.0,17.01918,-0.1718808
-102.7642,-195.1816,9.0,19.3386,0.5696943
-103.1564,-215.0122,9.0,33.01955,0.6676179
-106.14299999999999,-241.8004,9.0,37.10989,-0.1767257
-98.79397,-266.509,9.0,33.68872,-0.2999
-76.28142,-272.8366,9.0,32.692820000000005,-0.06392255
-55.615019999999994,-261.8646,9.0,32.24643,0.3045098
-48.103609999999996,-238.0297,9.0,35.40332,0.1734394
-43.934470000000005,-211.30900000000003,9.0,36.27559,-0.2433263
-37.358979999999995,-186.7297,9.0,32.12397,-0.2010866
-23.24997,-170.4732,9.0,26.24632,-0.1969719
-8.789982,-160.3385,9.0,21.71078,-0.09345824
3.632883,-152.0446,9.0,18.255020000000002,-0.14091389999999998
12.19507,-140.8587,9.0,22.121760000000002,0.21939720000000001
7.430335,-123.6899,9.0,27.7103,0.289457
-5.3653830000000005,-106.4825,9.0,29.625790000000002,0.01621696
-10.593869999999999,-84.96523,9.0,30.355259999999998,0.05123001
-10.39557,-61.068580000000004,9.0,34.30545,0.15170820000000002
-6.237289,-35.4016,9.0,35.79985,0.03518686
-2.16507,-8.802736,9.0,36.76743,-0.02114529
-3.838635,14.60035,9.0,25.947470000000003,-0.6982928
-8.695451,30.02505,9.0,18.94249,-0.2850493
-21.12366,41.668409999999994,9.0,27.78,0.24601109999999998
-43.83825,44.95087,9.0,34.710370000000005,0.5464876999999999
-72.17223,44.04467,9.0,41.82815,0.25225660000000005
-105.7525,42.83436,9.0,48.150940000000006,0.1291235
-137.2549,37.85041,9.0,33.66036,-0.751518
-146.5782,16.34735,9.0,35.370670000000004,0.23287399999999997
-141.5297,-12.01793,9.0,42.03856,0.4583527
-144.1252,-36.3929,10.0,17.9096,-0.8265295
-149.4982,-48.385459999999995,10.0,20.62746,-0.09227782
-160.8559,-55.57111,10.0,16.50401,-0.2575266
-167.11900000000003,-63.42195,10.0,13.40066,0.10769589999999998
-159.7574,-72.66708,10.0,17.76296,-0.07254299
-146.3173,-72.46979,10.0,18.48529,-0.09447944
-132.959,-74.12156999999999,10.0,22.21803,1.475433
-115.7236,-83.31003,10.0,30.05875,0.4771623
-107.1591,-105.3582,10.0,35.621179999999995,0.2018295
-115.5982,-127.7049,10.0,25.036279999999998,-0.2491937
-130.6352,-133.7885,10.0,19.785320000000002,-0.17714570000000002
-142.1354,-127.9799,10.0,19.464779999999998,0.6052693
-146.9821,-111.6077,10.0,24.13375,-0.36961409999999995
-151.076,-103.8156,10.0,4.666588,0.8408800999999999
-157.6319,-100.4877,10.0,14.043220000000002,0.5009218
-166.6413,-107.8777,10.0,20.18335,0.4851926
-168.2338,-125.3991,10.0,27.26541,0.498478
-168.9273,-148.251,10.0,34.30845,0.1163151
-168.2526,-174.9444,10.0,37.92153,0.1269437
-165.7003,-203.91400000000002,10.0,38.97412,-0.30316529999999997
-163.9968,-229.8454,10.0,31.360870000000002,-0.2558635
-160.0512,-249.8881,10.0,24.20649,-0.2500587
-147.3016,-259.3034,10.0,22.85734,0.5056006
-131.9219,-253.3807,10.0,24.23905,0.1287672
-125.0106,-235.3268,10.0,27.956059999999997,0.21660929999999998
-126.4405,-213.5765,10.0,30.212740000000004,-0.249319
-127.9373,-195.6909,10.0,17.1522,-0.30489640000000007
-126.1154,-184.9782,10.0,12.563089999999999,-0.180976
-116.9604,-181.9292,10.0,16.62859,0.4969817
-105.3004,-187.3111,10.0,17.9804,0.1181837
-103.1367,-200.9912,10.0,20.29738,0.1882683
-104.1229,-216.8143,10.0,21.821260000000002,2.343108e-05
-105.4609,-233.7314,10.0,25.94431,0.24725479999999997
-105.295,-254.9397,10.0,29.9309,-0.01297156
-92.02412,-271.44599999999997,10.0,32.3723,0.6487214
-65.89571,-269.6996,10.0,38.46083,0.0767749
-49.9006,-248.06900000000002,10.0,39.3914,0.23565529999999998
-45.5294,-217.0099,10.0,43.90247,-0.114675
-37.73568,-188.6969,10.0,35.28326,-0.6034078
-23.17227,-170.9081,10.0,27.753359999999997,-0.2348006
-9.035266,-160.7791,10.0,14.443439999999999,-1.6035540000000001
-0.2050675,-154.6323,10.0,19.16679,0.7978571999999999
10.6949,-144.958,10.0,19.3834,0.2604607
11.023660000000001,-128.2669,10.0,27.38366,0.1404395
-3.5789690000000003,-111.2767,10.0,33.04441,0.3724058
-10.120619999999999,-86.77998000000001,10.0,32.44344,-0.277271
-9.675514999999999,-62.76495,10.0,35.13693,0.23826660000000002
-6.346386,-34.52383,10.0,41.382979999999996,0.2159439
-1.924639,-2.026752,10.0,47.04298,0.16786900000000002
-9.027847,31.633090000000003,10.0,43.23571,-0.8201586999999999
-36.95044,44.93458,10.0,44.83728,0.3048858
-72.01314,44.26011,10.0,50.02084,0.3964588
-110.7196,41.67089,10.0,52.3644,-0.7629583000000001
-141.6905,34.495670000000004,10.0,39.02167,-0.12248039999999999
-146.6278,9.30963,10.0,37.889790000000005,0.21089699999999997
-141.615,-20.09976,10.0,42.65647,-0.9609261999999998
-148.75,-45.249520000000004,11.0,35.07323,0.3306027
-167.8324,-64.07539,11.0,34.294709999999995,-0.8205341999999999
-165.0274,-80.49174000000001,11.0,20.09011,-0.10223589999999999
-152.4893,-72.63239,11.0,24.110120000000002,0.35843959999999997
-134.4712,-72.45387,11.0,28.549559999999996,0.44945969999999996
-116.10700000000001,-86.23328000000001,11.0,30.78299,-0.5693529
-109.1525,-108.1797,11.0,34.65808,0.3304507
-119.9295,-128.9174,11.0,27.27437,-0.5852375
-139.3355,-129.9683,11.0,30.76513,0.38662820000000003
-145.1796,-108.3667,11.0,25.73657,-1.657405
-151.7368,-101.0568,11.0,15.98644,1.356485
-165.1006,-106.3256,11.0,23.97166,0.263446
-166.1073,-125.8902,11.0,29.96278,0.4984415
-167.9572,-150.4317,11.0,36.393840000000004,0.446957
-167.1165,-179.5028,11.0,42.36846,0.41224390000000005
-164.1585,-212.9343,11.0,48.164629999999995,0.4020384
-160.6396,-245.6763,11.0,36.8339,-0.764573
-144.8068,-259.7889,11.0,29.845670000000002,0.27827009999999996
-128.3713,-248.1968,11.0,30.92404,0.421737
-125.3558,-223.0747,11.0,37.03586,0.41301409999999994
-127.9489,-195.5479,11.0,33.82573,-0.6019762
-115.6235,-179.5977,11.0,26.198179999999997,-0.36075830000000003
-107.1549,-193.2249,11.0,26.23231,0.4477104
-105.7492,-214.9031,11.0,32.629690000000004,0.4203138
-107.2144,-241.2688,11.0,38.69249,0.40790370000000004
-96.73798000000001,-268.1723,11.0,40.334109999999995,-0.22944499999999998
-68.24294,-270.3207,11.0,41.70584,0.1345374
-49.07815,-248.419,11.0,42.0975,0.19677229999999998
-43.99308,-215.4424,11.0,47.839729999999996,0.1847479
-32.3829,-180.6892,11.0,51.56625,0.1413567
-6.413204,-160.1621,11.0,35.07045,-1.419951
10.35314,-144.1982,11.0,27.50941,-0.6466407
9.630128,-126.7939,11.0,24.81295,0.4467747
-2.8355029999999997,-110.185,11.0,31.214609999999997,0.3989873
-9.429297,-85.85292,11.0,37.2518,0.4747817
-9.321666,-56.08426,11.0,43.10564,0.40992700000000004
-3.372464,-22.579420000000002,11.0,48.78824,0.3907958
-3.5560199999999997,15.22647,11.0,53.35933000000001,0.28525300000000003
-23.55787,43.77232,11.0,46.47541,-0.09319877
-58.385380000000005,43.29741,11.0,49.60375,0.39860209999999996
-97.05346,41.596959999999996,11.0,54.952009999999994,0.37861090000000003
-134.9158,37.684329999999996,11.0,44.04252,-0.01411058
-149.8315,13.25547,11.0,40.17188,0.01100959
-142.224,-17.30596,11.0,44.86158,0.30314040000000003
-148.2316,-46.772079999999995,12.0,32.68158,-1.497978
-166.2931,-57.08445,12.0,28.05535,-0.3927943
-162.149,-71.90394,12.0,24.00016,0.07268187
-142.3875,-71.24305,12.0,29.9884,0.4568853
-119.8009,-79.71539,12.0,35.67755,0.3661209
-106.5762,-103.1932,12.0,39.1238,0.1357619
-115.8792,-124.5207,12.0,27.358829999999998,0.22644339999999996
-132.9472,-132.9757,12.0,22.957629999999998,-0.2531112
-145.5605,-123.6401,12.0,25.16542,0.1927551
-150.2993,-104.1602,12.0,25.56352,-0.934085
-164.3469,-102.8824,12.0,20.05574,0.1615356
-167.5456,-120.4783,12.0,31.818920000000002,1.453639
-168.6047,-147.3738,12.0,39.33252,0.4021498
-167.2076,-178.6071,12.0,44.97408,0.42562740000000004
-165.0887,-213.9695,12.0,50.62977,0.3924823
-160.3047,-249.1051,12.0,42.0583,-1.338919
-139.847,-257.0996,12.0,26.5982,0.340649
-128.5408,-238.725,12.0,32.22169,0.1708647
-125.6734,-212.7574,12.0,38.23705,0.3177643
-127.3618,-187.285,12.0,32.406279999999995,-0.475204
-109.6383,-182.0694,12.0,25.861420000000003,-0.2168919
-109.3089,-199.80599999999998,12.0,27.969690000000003,0.42641540000000006
-110.0636,-222.718,12.0,34.30894,0.23245
-106.5414,-250.3075,12.0,40.4762,0.19760650000000002
-87.80060999999999,-271.5877,12.0,39.348259999999996,-0.04511297
-58.240869999999994,-265.8711,12.0,43.39578,0.15995910000000002
-45.944559999999996,-241.7187,12.0,34.37508,-0.40938359999999996
-53.58765,-221.9166,12.0,17.85622,-1.603256
-53.14719,-216.1028,12.0,5.599359,0.003994313
-53.191680000000005,-215.3639,12.0,3.5343949999999995,0.585018
-48.99212,-218.8111,12.0,11.45715,0.2637978
-42.37481,-211.9361,12.0,14.8217,-0.3129329
-41.621390000000005,-201.8408,12.0,16.07114,1.236332
-38.40446,-186.8199,12.0,24.39702,0.2466916
-25.7007,-171.0042,12.0,30.853409999999997,0.44711769999999995
-4.32736,-157.6633,12.0,37.23166,0.43120859999999994
12.16278,-137.2584,12.0,31.6845,-0.9317585999999999
3.7179550000000003,-117.2363,12.0,34.67535,1.328274
-9.433218,-88.77696,12.0,50.14144,0.5760126
-8.117588,-49.58591,12.0,55.4412,0.17738810000000002
-2.281421,-7.17259,12.0,60.06606,-0.04581027
-7.6288149999999995,27.262970000000003,12.0,30.8534,-0.132193
-26.341479999999997,44.30209,12.0,37.17095,0.2248561
-55.33671999999999,44.345929999999996,12.0,42.106609999999996,0.19690560000000001
-88.68977,44.12786,12.0,47.78317,0.34760690000000005
-125.3658,40.23012,12.0,49.00016,-0.24717379999999997
-153.38,23.658089999999998,12.0,42.74685,-0.5450209
-153.7014,12.591439999999999,12.0,4.453755,-0.7202327
-150.8245,12.51553,12.0,8.367452,0.6027465
-146.5459,5.178775,12.0,15.981079999999999,0.2884219
-145.3053,-9.454011,12.0,23.38479,0.2535073
-142.0982,-29.102929999999997,12.0,30.26963,0.43810020000000005
-142.4779,-37.05545,13.0,9.662491000000001,0.2860033
-146.933,-45.98397,13.0,17.3796,0.5298064
-159.8808,-54.31448,13.0,24.42671,0.44420020000000005
-166.7361,-68.92487,13.0,20.05901,-0.2782106
-156.2887,-76.21885999999999,13.0,19.16595,0.4199858
-141.3846,-72.8121,13.0,19.563489999999998,-0.36950320000000003
-126.404,-73.99126,13.0,24.11991,0.4784603
-111.1823,-86.53479,13.0,30.037840000000003,0.4053441
-107.4958,-109.8827,13.0,34.8869,0.27509809999999996
-124.4174,-130.1597,13.0,38.58376,0.1602078
-145.2924,-127.1585,13.0,18.83446,-1.783205
-143.0091,-122.8986,13.0,8.449599000000001,0.5763645000000001
-138.5058,-122.369,13.0,2.98223,0.6290091999999999
-143.1618,-124.1363,13.0,10.15044,0.3156282
-145.5331,-128.9693,13.0,2.4690819999999998,-0.39558740000000003
-145.1643,-127.1592,13.0,7.109017,0.3367279
-141.2074,-119.6245,13.0,15.62354,0.2805812
-142.2051,-105.9449,13.0,22.7011,0.4786351
-157.6501,-98.20979,13.0,25.39536,-0.359788
-167.0235,-111.79299999999999,13.0,27.21469,0.560321
-167.7946,-134.5834,13.0,34.30907,0.48490379999999994
-167.6569,-162.6334,13.0,41.01854,0.4650193
-167.9656,-195.3772,13.0,47.35136,0.4291821
-167.6276,-232.6009,13.0,52.36383,-0.3837942
-147.6408,-257.2701,13.0,42.32195,-0.152652
-127.6388,-246.4675,13.0,29.92104,0.2700519
-128.0574,-220.80900000000003,13.0,39.84928,0.4075238
-127.5704,-191.9454,13.0,27.375770000000003,-1.164277
-120.6488,-182.135,13.0,14.25525,0.16403620000000002
-108.79,-185.9407,13.0,21.93884,0.2340487
-104.7833,-203.9343,13.0,28.721690000000002,0.24079810000000001
-107.7532,-227.607,13.0,35.701609999999995,0.46973469999999995
-102.3623,-255.1088,13.0,40.978970000000004,0.3569418
-78.14054,-272.6443,13.0,42.61691,-0.00145851
-52.50525,-257.688,13.0,42.52534,-0.000140309
-48.55813,-225.2788,13.0,46.966609999999996,-0.21095789999999998
-39.923809999999996,-194.6099,13.0,43.134409999999995,0.3737949
-17.51744,-169.1806,13.0,48.843070000000004,0.20552270000000003
6.749362,-140.2493,13.0,49.44746,-0.8556451999999999
2.973908,-110.8641,13.0,35.03584,-0.45256130000000006
-8.896684,-93.36684,13.0,29.454340000000002,1.368973
-6.1272,-68.67000999999999,13.0,36.99736,0.49601140000000005
-5.3775889999999995,-38.81848,13.0,43.570370000000004,0.4413212
-3.8743830000000004,-4.265152,13.0,49.68269,0.2168641
-9.367561,31.680190000000003,13.0,43.49738,-0.8418117
-30.15813,40.90726,13.0,22.527620000000002,-1.8293849999999998
-35.074459999999995,32.582570000000004,13.0,0.3660923,-0.5994145000000001
-35.13071,32.59003,13.0,0.06166945,-0.01396674
-35.169340000000005,32.60522,13.0,0.5957314,0.6072324
-34.20452,36.12407,13.0,8.939289,0.5335408
-32.48535,43.28826,13.0,6.404798,-0.7434124
-32.33575,44.43347,13.0,2.928808,0.5846201
-36.159859999999995,41.30004,13.0,10.86897,0.2551039
-46.53928,43.71425,13.0,18.16686,0.5056693
-62.42078000000001,45.18778,13.0,24.900570000000002,0.4823263
-83.06525,42.29913,13.0,31.331459999999996,0.4408626
-108.4762,43.00786,13.0,37.19789,0.3839338
-136.2769,36.13794,13.0,39.59811,-0.3355444
-147.929,11.63075,13.0,39.56836,0.35743769999999997
-144.769,-19.45234,13.0,44.86012,0.1642784
-150.2951,-50.82053,14.0,35.88398,-1.126906
-163.3263,-66.54048,14.0,22.71353,-0.3713387
-149.2538,-75.72023,14.0,27.49819,0.2164007
-127.0865,-78.27949,14.0,32.73685,0.1499116
-110.5194,-97.17819,14.0,36.57705,0.18167479999999997
-116.4923,-123.2845,14.0,38.76699,0.1365003
-140.5672,-130.7101,14.0,27.897509999999997,-2.07267
-145.7652,-120.3287,14.0,3.482025,-1.37897
-146.4681,-119.2765,14.0,1.9216,-0.004190883
-147.2964,-118.2547,14.0,1.542909,-0.02974242
-148.5182,-117.45100000000001,14.0,3.903657,0.3221417
-150.9772,-117.4878,14.0,0.32989759999999996,-0.6502095
-148.2683,-115.84100000000001,14.0,8.74427,0.6359
-144.6027,-107.4609,14.0,16.71023,0.2614701
-153.5845,-96.98534000000001,14.0,22.7647,0.3090765
-167.3582,-105.9552,14.0,26.51127,0.160224
-166.4069,-127.7619,14.0,33.04752,0.24361999999999998
-166.7379,-154.7881,14.0,39.90802,0.47906400000000005
-167.0086,-186.7818,14.0,46.40466,0.4581835
-166.8853,-223.3975,14.0,52.422090000000004,0.20032779999999997
-154.0688,-252.6832,14.0,33.34353,-1.9498220000000002
-141.6578,-252.6081,14.0,5.520093,-0.4273902
-141.2796,-249.8878,14.0,2.5557990000000004,0.09397285
-137.4116,-247.9921,14.0,10.02562,0.7048721
-128.3083,-251.4665,14.0,13.840689999999999,-0.16398429999999997
-121.2651,-248.5351,14.0,10.06512,0.30078109999999997
-123.0949,-238.1943,14.0,18.87574,0.5713621
-126.2621,-221.6026,14.0,26.60742,0.5252479
-127.77,-199.2274,14.0,33.91581,0.5190305000000001
-117.573,-179.3087,14.0,28.9629,-1.42391
-105.397,-189.2624,14.0,27.869120000000002,1.204874
-107.2319,-217.1396,14.0,47.77336,0.7143758000000001
-100.9673,-256.5619,14.0,54.41056999999999,-1.343533
-71.64832,-272.1928,14.0,46.382490000000004,0.3606953
-48.5845,-251.6681,14.0,43.17017,-0.0004395212
-48.99119,-218.2729,14.0,47.48859,0.08840655
-32.238459999999996,-186.2042,14.0,51.76579,0.176199
-3.34741,-158.0708,14.0,57.00484,-0.1537561
9.575472,-125.9344,14.0,32.7899,-1.183494
-2.0896939999999997,-109.1799,14.0,27.944640000000003,0.5222377
-5.7861839999999995,-86.64825,14.0,34.41953,0.23957870000000003
-3.5103269999999998,-58.703540000000004,14.0,41.24364,0.47990370000000004
-2.260837,-25.72662,14.0,47.635690000000004,0.4465952
-3.3202730000000003,11.75625,14.0,53.47419,-0.03803217
-19.5833,40.80623,14.0,43.46374,-0.15405120000000003
-52.08959,40.71668,14.0,46.97603,0.2069601
-89.26214,40.17548,14.0,53.01096999999999,0.43212120000000004
-128.6233,40.79305,14.0,45.93464,-0.8446952
-145.3743,25.08975,14.0,17.87024,-2.726828
-143.7973,22.63405,14.0,5.422505,0.3342544
-141.3141,25.41936,14.0,2.755348,-0.8544001
-142.7672,23.46994,14.0,7.516505,0.4368774
-148.5243,21.635460000000002,14.0,5.807975,-0.40672240000000004
-148.986,21.73368,14.0,4.19989,0.35391490000000003
-144.1386,17.47877,14.0,13.194529999999999,0.6121956000000001
-140.838,5.279186,14.0,21.40709,0.5829343000000001
-141.7082,-13.49821,14.0,29.33795,0.5679397
-141.8064,-34.89327,1.0,5.8493949999999995,-0.07567933
-142.2546,-41.38946,1.0,13.42593,0.6545208
-149.0056,-52.20345,1.0,21.73769,0.5771691999999999
-162.7101,-64.49276,1.0,27.511470000000003,-0.11042539999999999
-152.4686,-76.69283,1.0,23.95577,-0.159658
-137.9627,-68.83815,1.0,14.56254,-1.1967020000000002
-135.8662,-68.27831,1.0,0.02487976,0.001010827
-135.8474,-68.28114000000001,1.0,0.02555901,0.00016591419999999998
-135.8301,-68.28339,1.0,0.01545844,-0.008743533000000001
-136.0595,-69.39074000000001,1.0,4.398756,0.01702326
-135.7385,-72.72503,1.0,4.374354,-0.02339819
-136.0595,-75.57913,1.0,3.5422230000000003,-0.02837821
-136.5571,-76.27589,1.0,3.299757,0.6439686
-131.033,-74.96079,1.0,12.22697,0.6310073
-120.2733,-79.66183000000001,1.0,19.91435,0.520035
-112.262,-95.37071999999999,1.0,27.680559999999996,0.5486747
-112.5066,-117.6096,1.0,33.633590000000005,0.38518509999999995
-132.213,-133.3375,1.0,35.6497,-0.610746
-146.8836,-122.4096,1.0,22.41592,-0.23961420000000003
-138.4341,-109.6721,1.0,10.60225,-2.888608
-138.4579,-108.719,1.0,0.02359852,0.001353053
-138.4587,-108.7361,1.0,0.02357716,0.05532689
-140.0019,-108.2232,1.0,6.384837999999999,0.1111478
-145.19899999999998,-110.0795,1.0,7.050391,-1.370392
-145.159,-109.7676,1.0,5.45529,0.6585401
-145.0457,-102.7594,1.0,13.8387,0.2870679
-154.8268,-95.70567,1.0,17.57187,-0.2047605
-164.3686,-100.6649,1.0,15.197320000000001,1.025903
-167.0428,-117.35600000000001,1.0,29.988670000000003,0.9219693999999999
-168.7957,-142.6677,1.0,38.47696,0.2983177
-163.6442,-170.1847,1.0,34.49995,-0.5415254
-167.8413,-193.37900000000002,1.0,32.85902,0.7013416
-166.7617,-222.0745,1.0,38.21499,-0.5432319
-161.6179,-246.2549,1.0,28.6271,-0.8499187
-143.1602,-250.4648,1.0,28.919220000000003,0.19816979999999998
-123.1224,-240.7505,1.0,28.5841,-1.3490870000000001
-128.7671,-225.3775,1.0,25.70215,0.25770540000000003
-126.0368,-210.2939,1.0,21.870820000000002,-0.19125599999999998
-123.8612,-197.1055,1.0,18.15258,-0.002507867
-122.721,-185.9024,1.0,14.470979999999999,0.11603920000000001
-111.4401,-187.6933,1.0,17.26437,-0.2830288
-110.1728,-198.9785,1.0,14.140770000000002,-0.04660611
-109.7891,-210.6991,1.0,19.587870000000002,0.28889729999999997
-107.9972,-228.0224,1.0,27.35507,0.5680628000000001
-104.0666,-250.5938,1.0,34.358090000000004,0.42005600000000004
-86.17624,-269.8609,1.0,38.487120000000004,0.08789896
-59.396840000000005,-263.9078,1.0,39.4865,0.01992377
-51.9774,-236.0459,1.0,42.22691,0.43723959999999995
-42.25285,-204.7427,1.0,47.29029,0.4363138
-19.19122,-175.9619,1.0,52.76173000000001,0.41912079999999996
5.520035,-143.1334,1.0,58.154419999999995,0.28272729999999996
11.25659,-109.7794,1.0,25.17519,-1.50586
9.931257,-104.3345,1.0,0.7484838,0.009615825
9.85891,-104.3097,1.0,1.555302,0.5907288
12.91773,-106.3371,1.0,7.623766000000001,0.16635229999999998
18.08377,-107.0529,1.0,3.512924,-0.3695087
17.24322,-107.3134,1.0,5.646725,0.3290195
10.51198,-110.2299,1.0,13.830860000000001,0.018111099999999998
0.42903459999999993,-108.6476,1.0,17.874679999999998,0.1908197
1.2864799999999998,-93.05943,1.0,24.70767,0.2126777
-3.856871,-73.11005,1.0,31.329690000000003,0.4453896
-5.74898,-47.50799,1.0,37.99726,0.5002809
-6.437997,-16.99279,1.0,44.387609999999995,0.45104279999999997
-6.792908000000001,18.11073,1.0,49.83374,-0.5966656
-17.05394,43.42935,1.0,21.13774,-1.202004
-26.458859999999998,40.18208,1.0,16.75648,0.2694273
-40.94206,38.33129,1.0,23.83033,0.5463383
-61.140640000000005,39.74612,1.0,30.93812,0.24501929999999997
-86.63113,39.627720000000004,1.0,37.788070000000005,0.47870159999999995
-117.0036,40.507940000000005,1.0,44.205859999999994,0.44116540000000004
-142.8215,33.46465,1.0,26.567909999999998,-2.162202
-141.2305,24.4529,1.0,8.041668,0.003839598
-137.7516,24.26142,1.0,0.06730492,-0.008861457
-137.7517,24.21722,1.0,0.05132294,-0.05153454
-139.0915,24.54869,1.0,5.637169999999999,0.36839390000000005
-145.41,24.10676,1.0,10.898480000000001,0.29926179999999997
-150.9299,25.347620000000003,1.0,2.732647,-0.7191139
-149.8137,24.71505,1.0,5.956053,0.2902566
-147.0481,18.20906,1.0,13.680270000000002,0.5093488
-151.806,6.5740940000000005,1.0,20.20597,0.34144949999999996
-148.5332,-10.143469999999999,1.0,26.49792,0.4664617999999999
-146.0435,-31.982770000000002,1.0,32.82056,0.20740619999999999
-157.7886,-51.29909,2.0,32.98624,0.3542838
-165.5467,-69.22771999999999,2.0,24.47073,-0.9440555
-156.3883,-70.71136,2.0,8.388003,-0.09074816
-155.7077,-68.52731,2.0,0.05385458,-0.01143999
-155.6767,-68.5323,2.0,0.2276484,0.14575829999999998
-156.2036,-71.07629,2.0,5.259137,-0.04575266
-156.7809,-74.66179,2.0,3.9281040000000003,-0.7739275999999999
-156.091,-74.13476999999999,2.0,5.962219,0.6748590999999999
-148.7138,-73.33842,2.0,14.742170000000002,0.2899817
-137.4362,-81.16064,2.0,20.4893,-0.1966957
-124.1826,-84.53473000000001,2.0,16.98541,0.014772899999999999
-112.7589,-97.05365,2.0,30.15865,0.8104878000000001
-115.0204,-118.9283,2.0,31.965429999999998,0.423997
-134.7133,-130.7981,2.0,30.56785,-0.9425315999999999
-145.014,-119.8638,2.0,20.34783,0.2695518
-139.5819,-105.7379,2.0,18.43402,-0.48648549999999996
-152.8246,-101.7279,2.0,21.37775,-0.2024875
-161.0246,-110.8898,2.0,16.7734,-0.06085431
-162.9374,-123.3721,2.0,18.67199,0.28553049999999996
-165.4037,-140.2151,2.0,27.20788,0.27824720000000003
-165.2842,-163.2657,2.0,34.9151,0.554508
-165.62099999999998,-191.9137,2.0,42.124109999999995,0.2507962
-165.7436,-225.6375,2.0,48.85756,0.4863477
-158.1429,-249.2371,2.0,21.72498,0.8793450999999999
-139.9266,-251.912,2.0,29.080040000000004,0.5682162
-125.0826,-239.9064,2.0,24.7991,-0.3844258
-126.7351,-219.8436,2.0,32.68396,0.5226055000000001
-126.4817,-193.4764,2.0,34.27539,-3.342803
-119.9919,-183.9946,2.0,11.92018,0.6069147
-111.405,-190.0014,2.0,18.93713,0.5162373
-109.7832,-206.9623,2.0,27.02934,0.5850873999999999
-107.331,-229.72400000000002,2.0,34.68761,0.2599698
-99.53438,-256.7822,2.0,41.2083,0.17273329999999998
-74.40799,-270.5169,2.0,40.19216,-0.03489724
-50.88367,-252.5561,2.0,42.349340000000005,0.01989997
-49.169290000000004,-220.5343,2.0,46.17387,0.39759570000000005
-34.40638,-188.82299999999998,2.0,50.391059999999996,0.45604609999999995
-7.296,-159.8798,2.0,56.517509999999994,0.42399259999999994
8.948815,-129.6767,2.0,26.508609999999997,-3.06548
0.46532920000000005,-117.9946,2.0,22.479860000000002,0.5453365
-6.519851999999999,-100.5893,2.0,29.487640000000003,0.561336
-6.634219,-75.92675,2.0,36.99633,0.5188459
-6.795578,-45.88771,2.0,44.09765,0.5168608
-7.226552000000001,-10.72523,2.0,50.71113,0.23081329999999997
-8.296961999999999,28.357879999999998,2.0,48.78363,-0.8110663
-23.42866,46.12751,2.0,15.937660000000001,-1.36378
-25.59962,44.63882,2.0,5.5772010000000005,0.3331676
-29.83415,39.76234,2.0,13.90741,0.5464368000000001
-41.96304,44.65493,2.0,22.00031,0.2676087
-60.36005,45.23572,2.0,29.10091,0.5608857
-84.5815,42.05656,2.0,36.62511,0.2669438
-114.3366,41.09847,2.0,43.70681,0.5000394
-145.2702,32.54782,2.0,36.45142,-2.202794
-149.8294,18.96957,2.0,3.7505029999999997,-1.9509009999999998
-146.3437,19.232879999999998,2.0,9.115331,0.5765975
-143.6053,10.72478,2.0,17.22154,0.2792469
-151.0529,-2.832056,2.0,24.13563,0.09069809
-146.5202,-22.1779,2.0,30.590429999999998,0.5151279999999999
-142.5195,-37.41578,3.0,12.01322,-0.09483638
-145.7171,-45.414390000000004,3.0,13.01776,0.8122252
-155.2242,-52.87296,3.0,16.137179999999997,-0.15083329999999998
-165.1186,-56.524390000000004,3.0,12.58713,-0.1619069
-165.9298,-64.09205,3.0,9.563914,-0.07953423
-159.5182,-71.3538,3.0,17.49118,0.4632098
-143.9513,-71.81311,3.0,25.06887,0.5150225
-124.1971,-78.3112,3.0,28.31025,-0.2314388
-110.9564,-91.47388000000001,3.0,23.275560000000002,-0.21085229999999996
-108.3357,-110.8105,3.0,27.13968,-0.2060011
-115.8128,-126.8719,3.0,21.60675,-0.3711649
-130.2051,-133.7902,3.0,24.901020000000003,0.2998657
-143.1766,-124.1504,3.0,27.5115,1.074366
-152.0643,-105.2274,3.0,23.08255,-1.8959990000000002
-163.8863,-106.9037,3.0,19.33193,0.23021309999999998
-167.8108,-123.4076,3.0,27.080209999999997,0.5758173000000001
-169.9366,-146.2528,3.0,34.69081,0.5272274
-167.5514,-174.4321,3.0,41.70498,0.4974139
-165.5416,-207.8024,3.0,48.36326,0.4567147
-163.2328,-243.7408,3.0,45.21265,-0.6008093000000001
-145.1978,-259.0696,3.0,26.98586,-0.4707066
-129.5483,-246.3419,3.0,30.89048,0.691395
-126.7113,-222.6707,3.0,35.99677,0.5318509
-127.3244,-196.24099999999999,3.0,33.78694,-0.3003895
-117.448,-178.6277,3.0,24.00145,-0.1750672
-109.09899999999999,-188.7016,3.0,22.65714,0.5688871
-106.9467,-207.47299999999998,3.0,29.643790000000003,0.5647976
-105.0497,-229.9897,3.0,28.93155,-0.4215423
-105.8587,-251.5403,3.0,34.47379,0.3015637
-90.23261,-271.3725,3.0,36.26513,-0.08929876
-65.97870999999999,-268.762,3.0,19.6812,-2.016387
-56.91356999999999,-267.2885,3.0,5.686831,-0.9478757
-56.740069999999996,-267.1211,3.0,2.227801,-0.3255531
-57.042809999999996,-267.2718,3.0,1.9550720000000001,0.2845467
-54.63435,-264.4481,3.0,7.075588000000001,0.13389389999999998
-49.65509,-262.4832,3.0,7.884233999999999,-0.07925842
-48.34213,-263.4309,3.0,2.909828,0.34735809999999995
-50.14608,-258.3708,3.0,11.448739999999999,0.29014470000000003
-47.850120000000004,-247.1577,3.0,19.468510000000002,0.2862961
-44.555890000000005,-230.2445,3.0,26.976470000000003,0.2689227
-42.011379999999996,-207.704,3.0,34.07159,0.5101519
-32.66499,-182.9601,3.0,38.5369,0.4150879
-11.628039999999999,-162.118,3.0,33.97842,-1.700798
3.111472,-150.2912,3.0,21.42778,-0.3586147
11.44674,-139.2984,3.0,16.44687,-0.36592959999999997
10.227910000000001,-128.3443,3.0,16.57689,0.5705874
1.362692,-116.2255,3.0,24.028000000000002,0.5406816999999999
-7.121645,-97.61621,3.0,31.080809999999996,0.4981384
-10.49098,-72.47434,3.0,37.6096,0.2169451
-7.504351,-42.34322,3.0,43.94566,0.4736085
-3.527651,-9.375394,3.0,42.17747,-0.23950460000000004
-4.3437790000000005,11.70025,3.0,13.118020000000001,-1.914779
-5.023121,15.98357,3.0,6.972805999999999,0.3158588
-6.857606,24.17902,3.0,15.52285,0.2990969
-13.847620000000001,36.54548,3.0,23.07024,0.47442390000000007
-31.54492,44.72558,3.0,29.869659999999996,0.39837940000000005
-56.070319999999995,44.69166,3.0,36.6267,0.49431270000000005
-85.67185,43.55055,3.0,43.28305,0.48815070000000005
-119.3175,40.657740000000004,3.0,44.920790000000004,-0.3488115
-147.0041,31.08918,3.0,36.69211,-0.3042514
-145.2958,7.907128,3.0,34.320009999999996,0.2683098
-145.1818,-18.64783,3.0,39.21033,0.44715240000000006
-146.5898,-47.97674,4.0,32.57502,-2.7794849999999998
-160.2227,-54.34523000000001,4.0,19.59352,0.08802114
-167.7165,-63.82351,4.0,20.46256,0.15388529999999997
-153.6365,-72.59743,4.0,26.36755,0.2316911
-131.9914,-75.25676,4.0,32.809540000000005,0.225568
-112.3713,-92.21681,4.0,38.31122,0.17661179999999999
-112.7774,-119.0169,4.0,37.45551,0.08404328
-134.1267,-132.5584,4.0,34.25861,-0.6696024
-144.7281,-115.2905,4.0,30.46302,0.4759486
-151.5733,-98.93566,4.0,17.284000000000002,-0.44896329999999995
-163.3618,-104.7594,4.0,22.49537,0.2385478
-168.3374,-123.2266,4.0,29.63818,0.5303415
-170.4456,-147.6514,4.0,36.505759999999995,0.22841599999999998
-167.6546,-177.1029,4.0,43.16135,0.2209626
-164.482,-211.3077,4.0,49.37668,0.24812070000000003
-162.024,-245.0032,4.0,31.874409999999997,-3.159859
-151.1791,-255.7775,4.0,18.04053,-0.07987798
-134.9837,-256.5363,4.0,24.8888,0.05118531
-126.7407,-238.4402,4.0,30.712709999999998,0.5327349
-127.2608,-213.5953,4.0,36.93675,0.49419420000000003
-125.3751,-185.1255,4.0,39.1156,-0.6895600000000001
-103.8088,-178.8174,4.0,28.40935,-0.4082519
-103.3575,-193.6779,4.0,21.49372,0.1290034
-114.5815,-200.9447,4.0,6.495115,-1.1879790000000001
-114.5551,-201.5558,4.0,0.002127052,-0.0039373329999999995
-114.0482,-201.6894,4.0,3.109291,0.2240055
-110.4632,-200.4722,4.0,7.0917259999999995,0.03854627
-109.6809,-198.2199,4.0,0.8501034,0.5144388
-109.2584,-201.5645,4.0,8.137825999999999,0.2432915
-107.5167,-210.0119,4.0,14.99225,0.48019480000000003
-105.4285,-223.3174,4.0,21.32834,0.21847039999999998
-105.9016,-241.3516,4.0,27.22795,0.2113236
-100.5095,-262.1654,4.0,31.69768,0.2622009
-79.35297,-272.0474,4.0,34.185959999999994,0.1367174
-55.24932,-262.0079,4.0,37.28147,-0.0018628229999999998
-49.309309999999996,-235.4664,4.0,39.24269,0.1758829
-44.296859999999995,-205.4317,4.0,43.4801,0.356029
-27.04182,-177.1247,4.0,46.61515,0.12327950000000001
-2.742296,-155.612,4.0,33.603970000000004,-1.224954
9.773280999999999,-143.428,4.0,19.11155,-0.22339879999999998
11.90203,-131.1042,4.0,21.77802,0.9268441999999999
0.9073681,-116.2198,4.0,27.76707,0.3804075
-7.842414999999999,-95.69478000000001,4.0,32.84225,0.4120874
-10.58607,-69.69604,4.0,37.90248,0.3739853
-6.696084,-40.125840000000004,4.0,42.6771,0.35142979999999996
-1.6188719999999999,-7.217335,4.0,47.16471,0.126925
-7.227799,26.526809999999998,4.0,34.48335,-1.92877
-22.0387,41.00587,4.0,30.33219,0.1537537
-45.93125,43.74237,4.0,35.16013,0.1855355
-73.87568,43.3,4.0,40.27125,0.3564617
-105.3369,41.66953,4.0,43.608670000000004,-0.05086212
-133.3564,38.25568,4.0,24.0123,-3.951426
-143.7087,32.38844,4.0,17.88021,0.4042665
-148.0686,17.83813,4.0,23.61908,0.2122012
-145.4054,-1.5636649999999999,4.0,29.345709999999997,0.4138199000000001
-141.5718,-25.02805,4.0,34.5916,0.2180558
-148.3393,-46.932990000000004,5.0,26.69588,-0.6491331
-165.9394,-57.28066999999999,5.0,27.42721,-0.6246175
-163.9507,-69.39461999999999,5.0,17.622529999999998,-0.5488175000000001
-151.0051,-70.62652,5.0,21.33844,0.4576409000000001
-133.4426,-74.71328000000001,5.0,27.30082,0.4105403
-114.4524,-85.55794,5.0,32.0634,0.1256704
-108.2849,-108.5509,5.0,34.52033,-0.1806421
-119.4429,-129.8429,5.0,31.993309999999997,-0.4505947
-138.0917,-130.5652,5.0,22.61993,0.7498675
-144.7208,-113.8179,5.0,27.18536,0.3099699
-159.2634,-100.32600000000001,5.0,24.07123,-1.210051
-164.8536,-109.2488,5.0,16.46751,-0.01040893
-166.3237,-123.4157,5.0,22.898529999999997,0.3213237
-168.0805,-145.7789,5.0,39.46741,0.6893488
-166.2841,-179.2946,5.0,48.4865,0.1761671
-164.2983,-215.6792,5.0,41.67675,-2.674248
-163.555,-235.826,5.0,20.02526,-0.4374001
-160.8701,-248.4043,5.0,14.70496,-0.19587249999999998
-152.1212,-257.4293,5.0,22.38169,0.4115206
-134.3996,-256.4514,5.0,29.0438,0.3361037
-125.4322,-232.8099,5.0,39.86401,0.47024520000000003
-128.2582,-203.7727,5.0,31.20252,-2.647355
-126.6203,-188.1297,5.0,17.31077,-0.2528747
-115.976,-182.0818,5.0,21.28373,0.7228222
-103.1665,-192.2052,5.0,25.793039999999998,0.19554670000000002
-103.0157,-214.6679,5.0,34.93707,0.2562539
-105.5608,-241.5182,5.0,35.979820000000004,-0.2682722
-100.8061,-264.0099,5.0,28.1702,0.17248770000000002
-80.03227,-272.095,5.0,33.0472,0.3146087
-56.7665,-262.8007,5.0,35.80053,0.02456375
-48.78025,-236.7719,5.0,39.28983,0.17156649999999998
-44.18954,-206.1511,5.0,44.05925,0.1575384
-29.07553,-176.2607,5.0,47.10199,0.2436199
-6.015031,-158.0388,5.0,18.58014,-1.800546
2.233873,-152.6132,5.0,10.89108,-0.1568161
7.317472,-148.5024,5.0,7.100708999999999,-0.26431020000000005
11.47476,-143.4951,5.0,12.02171,0.2395232
12.603660000000001,-132.618,5.0,18.18303,0.2254855
4.394689,-119.3778,5.0,24.12583,0.21041439999999997
-5.395789,-102.125,5.0,29.6643,0.3959263
-10.40817,-78.68694,5.0,34.92385,0.1712685
-8.365463,-51.19259,5.0,39.77547,0.35097009999999995
-2.879163,-20.37922,5.0,44.55669,0.3319958
-2.431228,11.07592,5.0,34.35011,-1.550926
-6.6678809999999995,25.01296,5.0,9.343571,-0.1564214
-11.805719999999999,34.153259999999996,5.0,17.9762,0.21511729999999998
-24.4411,42.73422,5.0,23.78205,0.3543405
-43.80735,45.318509999999996,5.0,29.32922,0.4232624
-67.56499000000001,44.82522,5.0,34.78363,0.1873029
-95.27354,43.50745,5.0,39.922959999999996,0.1695395
-124.3356,40.5421,5.0,35.35374,-0.5185380999999999
-140.57,35.63755,5.0,21.63346,0.1645649
-147.7691,19.57643,5.0,26.811320000000002,0.18397370000000002
-145.2765,-1.9670159999999999,5.0,32.08142,0.3974565
-141.8755,-27.256690000000003,5.0,32.93716,-0.5536193
-145.2799,-43.10419,6.0,12.11245,-0.3369904
-152.6971,-52.548559999999995,6.0,19.45175,-0.5160768
-163.7921,-57.58361,6.0,13.569,-0.4489079000000001
-165.0123,-67.09725,6.0,18.110889999999998,0.3615623
-150.0113,-72.47627,6.0,28.77852,0.5688946
-125.3269,-77.40379,6.0,39.69291,0.3447699
-108.943,-100.3311,6.0,36.780770000000004,-0.9682066999999999
-116.1665,-116.8277,6.0,11.77612,-0.3158781
-119.4715,-126.1239,6.0,18.87345,0.8274391999999999
-129.5264,-134.1451,6.0,18.6717,0.453395
-142.64600000000002,-126.7884,6.0,23.93872,0.3571568
-146.7151,-108.4805,6.0,18.50166,-2.347404
-151.5825,-103.2467,6.0,8.34868,0.4488061
-160.5113,-100.7543,6.0,16.68814,-0.02172053
-166.8716,-110.4414,6.0,19.991310000000002,0.44300730000000005
-168.1801,-130.4011,6.0,33.78918,0.9521188
-168.6093,-160.0971,6.0,45.73707,0.7940465999999999
-165.9608,-197.6268,6.0,55.4758,0.04879858
-163.5034,-235.1047,6.0,44.88067,-0.3834967
-153.687,-257.394,6.0,26.6905,-0.7926656
-137.2767,-256.1107,6.0,19.16789,-0.4661594
-127.0879,-243.8583,6.0,25.50858,0.18783989999999998
-125.0595,-223.1141,6.0,30.927020000000002,0.3605784
-128.7382,-198.5016,6.0,35.78895,-0.2938618
-122.8982,-182.7455,6.0,17.13339,1.030392
-108.8335,-186.0912,6.0,22.74386,0.2955363
-102.6539,-203.2022,6.0,27.69288,0.38551290000000005
-104.2053,-225.7357,6.0,33.1567,0.1904402
-105.4551,-252.1068,6.0,38.09897,0.29505679999999995
-89.34742,-272.432,6.0,35.69749,-0.2259799
-67.09778,-268.8638,6.0,26.61549,-0.5085168999999999
-52.462740000000004,-260.20099999999996,6.0,23.70973,0.6054691
-47.354079999999996,-240.1328,6.0,31.19861,0.4076921
-44.05225,-215.2307,6.0,36.55229,0.379604
-38.23641,-187.1544,6.0,40.68724,0.1071992
-15.742320000000001,-166.6625,6.0,40.5666,-0.8951638000000001
0.09204784,-154.6212,6.0,14.22693,-0.3559703
7.295798,-148.7298,6.0,12.08337,0.02395007
12.53245,-139.8972,6.0,17.25597,0.6540484000000001
8.408464,-125.086,6.0,25.90029,0.4167148
-5.312243,-105.0679,6.0,40.01449,0.9884315999999999
-9.593084,-70.89841,6.0,53.03294,0.438975
-4.253851999999999,-28.176920000000003,6.0,61.1391,0.1187646
-3.170969,12.547080000000001,6.0,38.76567,-1.6779970000000002
-9.386389,29.91985,6.0,21.12582,0.1980682
-22.51206,42.05471,6.0,29.276429999999998,0.3924935
-48.61757,45.32125,6.0,42.9509,0.551717
-85.96585,43.81347,6.0,57.262730000000005,0.9007801
-120.8943,40.58905,6.0,23.65654,-1.618419
-131.6666,38.46719,6.0,12.81607,0.3208658
-144.3651,32.25025,6.0,23.69688,0.21287579999999998
-147.485,13.618970000000001,6.0,28.504820000000002,0.2025451
-143.7353,-9.215369,6.0,33.96946,0.1906935
-141.8831,-33.644020000000005,7.0,6.0110339999999995,0.5163357
-142.7197,-40.62617,7.0,12.938189999999999,0.48793630000000004
-149.4307,-50.143370000000004,7.0,18.99326,0.20456129999999997
-163.8057,-57.21536,7.0,24.02733,-0.5816097
-167.4644,-70.44781,7.0,16.05082,-0.47118530000000003
-158.0279,-77.02591,7.0,17.60096,0.2519837
-144.2068,-74.00021,7.0,20.05489,-0.03875634
-128.6149,-74.31693,7.0,22.795379999999998,0.09528017
-113.0332,-86.25674000000001,7.0,30.394170000000003,0.320511
-108.6851,-108.9696,7.0,33.942890000000006,0.2356848
-124.1677,-128.8829,7.0,36.6046,0.1809329
-146.3195,-126.7526,7.0,22.34263,-1.676791
-144.3178,-117.5468,7.0,9.968805,-0.2225714
-144.7087,-107.5393,7.0,17.719739999999998,-0.01876825
-155.1016,-101.3354,7.0,18.40142,0.27655159999999995
-165.8307,-110.2073,7.0,20.046879999999998,-0.1246414
-165.8974,-125.5295,7.0,23.43188,0.6166871
-168.1178,-146.7765,7.0,35.76773,1.033844
-169.7112,-178.2078,7.0,48.88062,0.8729351000000001
-169.7788,-217.5361,7.0,52.00166,-0.4554548
-162.4085,-247.8297,7.0,31.748820000000002,-0.8707925
-144.7574,-254.4425,7.0,22.48188,-0.4864867
-129.622,-248.8531,7.0,23.148970000000002,0.1322819
-125.8273,-229.7918,7.0,31.24667,0.3992573
-126.1651,-204.6102,7.0,36.620290000000004,0.3936695
-121.4853,-181.1764,7.0,19.33697,-2.288784
-111.7269,-183.3815,7.0,18.29533,0.35241490000000003
-109.1921,-198.7502,7.0,24.18364,0.4503793
-108.7617,-218.81400000000002,7.0,29.959459999999996,0.19677750000000002
-107.8864,-243.0223,7.0,35.18835,0.14604289999999998
-94.72178000000001,-266.2127,7.0,38.294709999999995,0.19157939999999998
-67.4298,-271.4898,7.0,39.38653,-0.01001353
-50.222640000000006,-249.7154,7.0,39.83068,0.1009693
-48.063829999999996,-218.6771,7.0,44.25158,0.133657
-32.535340000000005,-189.6596,7.0,46.82629,0.37380959999999996
-7.7651699999999995,-162.8091,7.0,51.30396,0.14180779999999998
8.917834,-134.8918,7.0,30.45393,-0.9174216000000001
2.974646,-117.6553,7.0,28.751140000000003,0.7870898000000001
-5.882644,-96.25329,7.0,37.2127,1.185626
-2.261262,-62.279309999999995,7.0,54.99567,1.1609479999999999
-1.063847,-15.89789,7.0,68.97749,-0.5817720999999999
-5.014267,28.688709999999997,7.0,46.89257,-1.47549
-23.71661,41.9235,7.0,30.23592,0.3588407
-50.816590000000005,40.59494,7.0,40.54233,0.3714902
-82.70215,40.44143,7.0,45.32927,0.33418259999999994
-117.9669,41.40852,7.0,49.78075,0.2716626
-145.7732,31.43018,7.0,28.73708,-1.125538
-145.7878,10.077589999999999,7.0,31.77252,0.399395
-145.1574,-15.491129999999998,7.0,37.06681,0.38263769999999997
-148.2765,-44.3562,8.0,40.02312,-0.44873450000000004
-166.3304,-60.933640000000004,8.0,22.85995,-1.455539
-164.0634,-75.86731999999999,8.0,26.12389,0.4615542
-143.9523,-77.78471,8.0,30.58478,0.4178977
-121.5589,-83.16563000000001,8.0,33.60248,0.2808892
-110.6645,-105.9957,8.0,36.5887,0.1575905
-123.7611,-128.7272,8.0,37.690940000000005,0.11666289999999999
-145.3138,-129.138,8.0,14.08283,-2.847268
-145.3061,-126.5569,8.0,6.4790589999999995,0.5251173000000001
-141.778,-120.3536,8.0,13.218160000000001,0.22545489999999999
-145.7277,-109.2458,8.0,19.359560000000002,0.4359995
-159.5705,-102.5037,8.0,23.41525,0.05453246
-167.7652,-116.4963,8.0,25.85023,0.4141218
-166.8708,-137.6996,8.0,31.31092,0.3757768
-170.9177,-162.493,8.0,36.50203,0.17226629999999998
-169.7168,-191.3418,8.0,41.31566,0.367809
-168.6947,-223.6773,8.0,46.004870000000004,0.1621733
-157.7536,-253.4957,8.0,38.65987,-0.8235664
-135.347,-252.0951,8.0,27.30865,-0.1111048
-127.0005,-232.2668,8.0,32.4495,0.3587308
-127.32,-206.2962,8.0,37.68716,0.36778879999999997
-120.8186,-181.3903,8.0,24.080270000000002,-2.179075
-109.6919,-183.1089,8.0,17.52238,0.2489794
-106.9995,-197.7621,8.0,23.3594,0.4278988
-106.4179,-217.3224,8.0,29.20457,0.20664659999999999
-105.5505,-240.9945,8.0,34.65384,0.35669570000000006
-95.12689,-265.2417,8.0,37.71074,0.14201170000000002
-68.83013000000001,-271.6793,8.0,38.42695,0.003226256
-49.48761,-251.5077,8.0,39.771029999999996,0.0741044
-46.32185,-220.7284,8.0,44.17945,0.3276418
-34.18837,-190.4244,8.0,45.75642,0.2839859
-9.284491000000001,-165.1396,8.0,50.08529,0.1524844
8.586694999999999,-134.972,8.0,39.51883,-0.6019151999999999
-0.9451168,-111.5809,8.0,38.475429999999996,1.152296
-5.266443,-83.99368,8.0,40.512,0.18013020000000002
-1.5015889999999998,-52.42195,8.0,45.16406,0.15853570000000003
-1.512989,-17.30911,8.0,49.64309,0.3080828
-3.388897,21.0288,8.0,51.69583,-0.5296407
-20.212120000000002,42.486059999999995,8.0,24.439770000000003,-1.210386
-26.25475,40.29254,8.0,6.171022,0.2397403
-31.49513,37.09918,8.0,12.51482,0.43262970000000006
-40.05005,44.71373,8.0,18.90343,0.42859529999999996
-48.03202,48.5864,8.0,0.01820396,-0.01684544
-48.01638,48.5814,8.0,0.3496074,0.6555456000000001
-48.45667,46.21516,8.0,5.145777,0.05179869
-47.09535,43.24507,8.0,0.8923291999999999,-0.7940332
-49.501540000000006,44.97255,8.0,8.691925999999999,0.6430944000000001
-58.889019999999995,46.14229,8.0,17.37642,0.6119859999999999
-74.76654,44.27673,8.0,25.61775,0.6066884
-96.48578,42.06736,8.0,33.28004,0.2570752
-123.7197,44.26627,8.0,39.92913,0.1181971
-144.1358,26.96867,8.0,38.60215,0.283921
-144.9852,-4.5171529999999995,8.0,46.85614,0.5911972
-141.929,-33.73628,9.0,3.044514,-0.06113415
-142.2694,-35.92328,9.0,5.6202760000000005,1.288878
-145.1078,-44.011990000000004,9.0,14.13543,-0.220979
-151.2952,-50.9241,9.0,11.47391,-0.1008578
-160.5992,-54.083999999999996,9.0,13.36224,-0.1081797
-166.6656,-59.82595,9.0,10.27585,-0.2047099
-163.8486,-69.23048,9.0,20.02881,0.8778731
-150.5429,-73.55813,9.0,17.55162,-0.1315833
-138.7207,-72.89846,9.0,15.56969,0.6375229
-123.0416,-77.80199,9.0,25.4313,0.03670826
-110.1587,-91.72122,9.0,26.360809999999997,0.06563522
-107.4967,-109.5656,9.0,16.99548,-1.419206
-109.8829,-118.4431,9.0,10.9675,-0.08892262
-115.9983,-129.0734,9.0,21.71105,0.0017253479999999998
-129.0187,-135.0483,9.0,17.65479,-0.3022509
-139.9684,-130.8871,9.0,16.1234,0.5894238
-146.748,-116.1542,9.0,26.57818,0.5998403
-154.4788,-100.6288,9.0,16.31642,-0.1834107
-163.6345,-102.0163,9.0,12.45814,0.3829955
-167.5106,-115.8942,9.0,27.15584,1.049658
-168.6965,-141.0867,9.0,40.59738,0.9482723
-168.1037,-173.6572,9.0,46.30668,0.2465589
-164.6568,-208.2275,9.0,44.747609999999995,-0.3179315
-162.6947,-237.4733,9.0,30.9272,-1.73958
-155.3788,-254.9312,9.0,23.08285,-0.1953241
-141.6344,-260.2427,9.0,17.82329,-0.39825140000000003
-130.0014,-250.6149,9.0,27.4195,1.063533
-125.0471,-226.3286,9.0,37.92757,0.5478936
-128.5092,-201.7188,9.0,24.8439,-1.6585849999999998
-127.9367,-188.9899,9.0,14.247179999999998,-0.15282089999999998
-120.8128,-181.8959,9.0,17.62714,0.3589098
-107.8065,-184.8714,9.0,16.96235,-0.3302805
-102.7475,-195.3247,9.0,19.529139999999998,1.135943
-103.1779,-215.2816,9.0,33.12818,0.5878896
-106.1528,-242.0823,9.0,37.07843,-0.1856698
-98.62885,-266.6827,9.0,33.63393,-0.35146859999999996
-76.04154,-272.8039,9.0,32.68692,-0.03617313
-55.46504,-261.6714,9.0,32.29655,0.2868325
-48.06197,-237.7699,9.0,35.43233,0.1700719
-43.88884,-211.0409,9.0,36.250029999999995,-0.153097
-37.24968,-186.5186,9.0,32.05896,-0.3840068
-23.09443,-170.3508,9.0,26.18395,-0.3744095
-8.660364,-160.2533,9.0,21.67999,-0.1905802
3.7433110000000003,-151.9634,9.0,18.21031,-0.2608411
12.23418,-140.7049,9.0,22.20269,0.5029395000000001
7.303371,-123.5316,9.0,27.757929999999998,0.2888545
-5.448606,-106.2795,9.0,29.629440000000002,0.02157471
-10.62135,-84.7421,9.0,30.358629999999998,0.02086773
-10.365789999999999,-60.82561,9.0,34.31727,0.07483635
-6.1859459999999995,-35.134609999999995,9.0,35.8151,0.08750922
-2.142148,-8.525326,9.0,36.75254,-0.08669817
-3.878225,14.7883,9.0,25.8938,-0.3287203
-8.761286,30.14355,9.0,18.91816,-0.1546912
-21.3071,41.756679999999996,9.0,27.86569,0.5173478
-44.09252,44.92879,9.0,34.75419,0.2702251
-72.48235,44.05341,9.0,41.916909999999994,0.5292011999999999
-106.1136,42.79333,9.0,48.17183,0.1231389
-137.4774,37.745,9.0,33.604040000000005,-0.35420440000000003
-146.5165,16.0899,9.0,35.45227,0.4803739000000001
-141.5354,-12.33146,9.0,42.07358,0.21727070000000004
-144.1555,-36.52298,10.0,17.70782,-1.18002
-149.596,-48.50779,10.0,20.576970000000003,-0.28681409999999996
-160.9679,-55.61976,10.0,16.46088,-0.25340619999999997
-167.1118,-63.521190000000004,10.0,13.44995,0.2997513
-159.6316,-72.70529,10.0,17.757189999999998,-0.03113236
-146.1776,-72.46638,10.0,18.454279999999997,-0.1830973
-132.8013,-74.16608000000001,10.0,22.45735,1.4571319999999999
-115.5613,-83.47001,10.0,30.09617,0.222978
-107.1682,-105.6136,10.0,35.694520000000004,0.4458809
-115.7377,-127.8277,10.0,24.95617,-0.47605230000000004
-130.7821,-133.7868,10.0,19.728839999999998,-0.3309048
-142.2133,-127.8616,10.0,19.5665,0.6279329
-147.0316,-111.4405,10.0,24.07021,-0.39556020000000003
-151.1,-103.7915,10.0,4.739225,0.45757380000000003
-157.7372,-100.4807,10.0,14.125379999999998,0.49417700000000003
-166.6818,-108.0258,10.0,20.222929999999998,0.23756420000000003
-168.2457,-125.5989,10.0,27.349159999999998,0.5060983
-168.9273,-148.4957,10.0,34.316990000000004,0.05404904
-168.248,-175.2189,10.0,37.93078,0.05785737
-165.6724,-204.1998,10.0,38.8736,-0.5983055
-163.9879,-230.0891,10.0,31.27705,-0.4716747
-159.9571,-250.0347,10.0,24.12244,-0.5112809
-147.1338,-259.3403,10.0,22.93838,0.4734494000000001
-131.8258,-253.2344,10.0,24.28657,0.2895882
-124.9793,-235.122,10.0,27.989959999999996,0.2061183
-126.4693,-213.355,10.0,30.1307,-0.49266309999999996
-127.9415,-195.5634,10.0,17.09945,-0.32141240000000004
-126.05799999999999,-184.9054,10.0,12.50376,-0.35524479999999997
-116.8381,-181.9375,10.0,16.71024,0.4931104
-105.22399999999999,-187.4255,10.0,17.99982,0.10382290000000001
-103.1442,-201.1401,10.0,20.31213,0.09202147
-104.1326,-216.97799999999998,10.0,21.81955,-0.01026804
-105.4766,-233.9244,10.0,26.03024,0.5047395
-105.2518,-255.1571,10.0,29.92881,-0.01243824
-91.79234,-271.528,10.0,32.42426,0.3115486
-65.62528,-269.5985,10.0,38.48917,0.1658021
-49.84877,-247.755,10.0,39.47882,0.4777648
-45.472229999999996,-216.6839,10.0,43.86401,-0.22460879999999997
-37.62246,-188.4646,10.0,35.23418,-0.30535809999999997
-23.00786,-170.778,10.0,27.67558,-0.4379452999999999
-8.946504,-160.7167,10.0,14.197429999999999,-1.490285
-0.08923955,-154.5497,10.0,19.22721,0.3671143
10.77767,-144.8388,10.0,19.47106,0.5180513
10.91348,-128.0932,10.0,27.43313,0.2902047
-3.6918,-111.0594,10.0,33.0734,0.1806279
-10.14242,-86.53488,10.0,32.35335,-0.5355907
-9.653948,-62.50123000000001,10.0,35.21774,0.4631455
-6.299233999999999,-34.2128,10.0,41.45893,0.4364063
-1.9154810000000002,-1.688491,10.0,47.10484,0.38061059999999997
-9.201661999999999,31.889470000000003,10.0,43.123509999999996,-0.6945946999999999
-37.281620000000004,44.962509999999995,10.0,44.86011,0.1402764
-72.38364,44.26573,10.0,50.051359999999995,0.1881493
-111.1036,41.62451,10.0,52.10757,-1.532791
-141.9172,34.31673,10.0,38.98008,-0.2523149
-146.5299,9.038447999999999,10.0,37.96522,0.43670109999999995
-141.6466,-20.419220000000003,10.0,42.542229999999996,-0.6844291
-148.8709,-45.47513,11.0,35.09902,0.16166870000000003
-167.96400000000003,-64.29796999999999,11.0,34.0209,-1.5969870000000002
-164.8787,-80.54082,11.0,20.076810000000002,-0.07764245
-152.3554,-72.51510999999999,11.0,24.13795,0.1709394
-134.2929,-72.5529,11.0,28.625890000000002,0.47880550000000005
-115.9541,-86.40216,11.0,30.737479999999998,-0.2785288
-109.1847,-108.4334,11.0,34.68416,0.1606901
-120.0858,-129.048,11.0,27.2271,-0.2867091
-139.5135,-129.8258,11.0,30.8299,0.38660690000000003
-145.2191,-108.1801,11.0,25.19415,-3.173769
-151.8505,-101.0219,11.0,16.09594,0.6758288
-165.2121,-106.5349,11.0,24.01315,0.1873078
-166.0968,-126.1156,11.0,30.04403,0.48116629999999994
-167.9857,-150.6893,11.0,36.4685,0.47024790000000005
-167.0869,-179.8031,11.0,42.40267,0.21766020000000003
-164.1389,-213.3135,11.0,48.19572,0.1795582
-160.56,-245.9361,11.0,36.59026,-1.4450450000000001
-144.5811,-259.8175,11.0,29.86685,0.1218792
-128.3044,-247.9796,11.0,30.99703,0.4539646
-125.3742,-222.7906,11.0,37.10692,0.41562659999999996
-127.9382,-195.2943,11.0,33.77666,-0.29836599999999996
-115.4288,-179.6071,11.0,26.13766,-0.3618317
-107.1697,-193.419,11.0,26.31622,0.5062091
-105.726,-215.1447,11.0,32.66284,0.2034499
-107.2213,-241.558,11.0,38.72327,0.18750970000000003
-96.50693000000001,-268.348,11.0,40.258379999999995,-0.4582031
-67.94191,-270.2293,11.0,41.753209999999996,0.28129990000000005
-49.008990000000004,-248.1147,11.0,42.16548,0.4034835
-43.94579,-215.0943,11.0,47.908159999999995,0.414742
-32.16148,-180.3878,11.0,51.58865,0.1347689
-6.195277,-160.0219,11.0,34.95619,-0.7041729999999999
10.447239999999999,-144.0122,11.0,27.457340000000002,-0.3207525
9.542564,-126.6372,11.0,24.88885,0.4686315
-2.946767,-109.9822,11.0,31.2798,0.39449850000000003
-9.464991,-85.57366,11.0,37.32639,0.44143990000000005
-9.282669,-55.767959999999995,11.0,43.17484,0.4181996
-3.3180080000000003,-22.222089999999998,11.0,48.81765,0.18227379999999999
-3.6393690000000003,15.621479999999998,11.0,53.37996999999999,0.1238968
-23.88651,43.89353,11.0,46.448890000000006,-0.1554231
-58.73721999999999,43.26785,11.0,49.63586,0.2035005
-97.47836,41.586859999999994,11.0,54.98069,0.1690433
-135.2264,37.5648,11.0,44.0389,-0.02112142
-149.7874,12.9654,11.0,40.1807,0.05256276
-142.2053,-17.62875,11.0,44.88609,0.1553614
-148.375,-46.96529,12.0,32.436170000000004,-1.504065
-166.4213,-57.238330000000005,12.0,27.98643,-0.429746
-161.9789,-71.94861,12.0,24.0276,0.1648572
-142.1578,-71.26210999999999,12.0,30.06261,0.42018710000000004
-119.5902,-79.87196,12.0,35.736470000000004,0.3546169
-106.5616,-103.4826,12.0,39.13337,0.05900313
-116.0249,-124.6564,12.0,27.43822,0.4803104
-133.1131,-132.9852,12.0,22.86903,-0.5427435
-145.6044,-123.4587,12.0,25.231479999999998,0.3925317
-150.4288,-104.0224,12.0,25.51451,-0.3024171
-164.4528,-102.9866,12.0,20.06802,0.07397751
-167.5331,-120.7215,12.0,32.06337,1.4308239999999999
-168.6376,-147.6744,12.0,39.36501,0.1924545
-167.185,-178.9418,12.0,45.04453,0.4160898
-165.0697,-214.3381,12.0,50.659890000000004,0.1885756
-160.1563,-249.37900000000002,12.0,41.83443,-1.3608069999999999
-139.6701,-257.0089,12.0,26.634520000000002,0.22138720000000003
-128.4905,-238.4886,12.0,32.28255,0.3589906
-125.696,-212.4429,12.0,38.30189,0.4364856
-127.2624,-187.0597,12.0,32.365990000000004,-0.24567350000000002
-109.4945,-182.1955,12.0,25.79137,-0.4152024
-109.3612,-200.0066,12.0,28.00352,0.2074754
-110.0466,-222.9719,12.0,34.38794,0.46365680000000004
-106.4707,-250.6047,12.0,40.54523,0.40391809999999995
-87.51762,-271.634,12.0,39.34482,-0.0216945
-57.952659999999995,-265.7283,12.0,43.45084,0.32034229999999997
-46.01815,-241.4422,12.0,34.24305,-0.7003526999999999
-53.55838000000001,-221.7874,12.0,17.314870000000003,-3.155967
-53.15343000000001,-216.0626,12.0,5.579075,-0.1237867
-53.18274,-215.3877,12.0,3.6424019999999997,0.6936566
-48.90531,-218.8186,12.0,11.54589,0.5178818000000001
-42.35256,-211.8275,12.0,14.77095,-0.3014886
-41.61546,-201.7232,12.0,16.285529999999998,1.302775
-38.3321,-186.6542,12.0,24.47758,0.47645649999999995
-25.5185,-170.857,12.0,30.92967,0.4566973
-4.078722,-157.5099,12.0,37.26575,0.1996027
12.2064,-137.028,12.0,31.60828,-0.4626093
3.55519,-117.0252,12.0,34.78171,0.632708
-9.498885000000001,-88.42455,12.0,50.34603,1.26308
-8.042035,-49.1717,12.0,55.506809999999994,0.3848213
-2.266477,-6.71765,12.0,60.03784,-0.1659091
-7.738500999999999,27.468970000000002,12.0,30.84727,-0.03558436
-26.608490000000003,44.38603,12.0,37.21371,0.2565052
-55.65266999999999,44.333870000000005,12.0,42.17516,0.4016623
-89.05461,44.10117,12.0,47.847640000000006,0.3804119
-125.7262,40.190909999999995,12.0,48.914609999999996,-0.5042047000000001
-153.4942,23.356579999999997,12.0,42.708,-0.23839960000000002
-153.7338,12.58125,12.0,4.3039629999999995,-0.8731110000000001
-150.7646,12.49549,12.0,8.414700999999999,0.28644509999999995
-146.5367,5.060312000000001,12.0,16.075329999999997,0.5589754
-145.2695,-9.626332000000001,12.0,23.471829999999997,0.5154380000000001
-142.0887,-29.33172,12.0,30.34282,0.43305119999999997
-142.4941,-37.12395,13.0,9.761157,0.6032453000000001
-147.0175,-46.08136,13.0,17.46704,0.5197304
-160.0425,-54.405190000000005,13.0,24.498739999999998,0.42656009999999994
-166.6865,-69.06455,13.0,19.96755,-0.5405409999999999
-156.1433,-76.22658,13.0,19.23545,0.4118499
-141.2483,-72.78168000000001,13.0,19.53195,-0.2034435
-126.2369,-74.04987,13.0,24.158620000000003,0.23942280000000002
-111.0679,-86.73225,13.0,30.07132,0.2054156
-107.5607,-110.1361,13.0,34.93293,0.2767974
-124.6753,-130.2828,13.0,38.59472,0.06713688
-145.3616,-127.0358,13.0,18.541439999999998,-1.7240360000000001
-142.9487,-122.9103,13.0,8.496889999999999,0.2925054
-138.5263,-122.3771,13.0,3.0846869999999997,0.6278698
-143.2208,-124.1781,13.0,10.174339999999999,0.15392129999999998
-145.5327,-128.9873,13.0,2.335953,-0.7708871
-145.1474,-127.1087,13.0,7.222042,0.6720151999999999
-141.1609,-119.5181,13.0,15.717070000000001,0.5610303000000001
-142.3007,-105.781,13.0,22.78248,0.4372316
-157.8231,-98.26046,13.0,25.27542,-0.7573227
-167.0371,-111.9866,13.0,27.30612,0.564919
-167.7905,-134.8294,13.0,34.348690000000005,0.2514275
-167.6621,-162.9263,13.0,41.098279999999995,0.49234659999999997
-167.9642,-195.7153,13.0,47.38583,0.2185467
-167.584,-232.9856,13.0,52.22361,-0.8351786
-147.3268,-257.3325,13.0,42.279579999999996,-0.2507314
-127.5985,-246.2491,13.0,30.01715,0.5775236
-128.0365,-220.5156,13.0,39.91187,0.38159299999999996
-127.5465,-191.7411,13.0,26.943790000000003,-2.6551970000000003
-120.5462,-182.0941,13.0,14.269470000000002,0.08338515
-108.6961,-186.0737,13.0,22.015320000000003,0.4522947
-104.7899,-204.1415,13.0,28.806259999999998,0.5201295
-107.7804,-227.8656,13.0,35.74035,0.24408539999999998
-102.2223,-255.3708,13.0,41.03812,0.36417009999999994
-77.81918,-272.6644,13.0,42.61574,-0.007003589
-52.37191,-257.4026,13.0,42.5288,0.02058392
-48.53566,-224.9381,13.0,46.92293,-0.2694665
-39.76097,-194.3445,13.0,43.16426,0.1854625
-17.25834,-168.9167,13.0,48.917190000000005,0.43196660000000003
6.907024000000001,-139.9336,13.0,49.37473,-0.4616582
2.774443,-110.6991,13.0,34.87898,-0.9293610999999999
-8.879562,-93.15424,13.0,29.684690000000003,1.419734
-6.114747,-68.39,13.0,37.07895,0.48233180000000003
-5.371368,-38.48838,13.0,43.60625,0.2193215
-3.8613720000000002,-3.891661,13.0,49.75756,0.43620290000000006
-9.535039999999999,31.95427,13.0,43.225590000000004,-1.611674
-30.30337,40.84509,13.0,22.37508,-0.9796751
-35.0752,32.5831,13.0,0.31749240000000006,-0.2931184
-35.131159999999994,32.590090000000004,13.0,0.06130567,-0.0022123110000000002
-35.16749,32.60904,13.0,0.6901834,0.5598583
-34.192820000000005,36.189409999999995,13.0,8.982136,0.2652093
-32.47469,43.33651,13.0,6.280069999999999,-0.7213516999999999
-32.34211,44.413109999999996,13.0,3.029693,0.6273751999999999
-36.24123,41.28353,13.0,10.956010000000001,0.5001535
-46.67127,43.752559999999995,13.0,18.24952,0.4959274
-62.60446999999999,45.1733,13.0,24.98076,0.48427489999999995
-83.30044000000001,42.274640000000005,13.0,31.4044,0.4302039000000001
-108.757,43.016690000000004,13.0,37.26226,0.378029
-136.5149,35.98102,13.0,39.56192,-0.22726329999999997
-147.9276,11.3489,13.0,39.596779999999995,0.1823457
-144.7471,-19.7841,13.0,44.91928,0.3525547
-150.4584,-51.01504,14.0,35.48676,-2.437721
-163.3085,-66.70623,14.0,22.668979999999998,-0.26784209999999997
-149.0551,-75.72216999999999,14.0,27.57422,0.4592749
-126.8688,-78.38783000000001,14.0,32.78829,0.2993243
-110.4415,-97.44403,14.0,36.60667,0.1760096
-116.6755,-123.4914,14.0,38.78922,0.1396024
-140.7511,-130.623,14.0,27.78156,-0.7268419
-145.7556,-120.306,14.0,3.3801120000000004,-0.6464714
-146.477,-119.2654,14.0,1.9202599999999999,-0.008010015
-147.304,-118.24700000000001,14.0,1.553815,0.07073398
-148.5451,-117.4404,14.0,3.929332,0.1574929
-150.9792,-117.4887,14.0,0.27420490000000003,-0.3411397
-148.2175,-115.7987,14.0,8.795407,0.30908179999999996
-144.6082,-107.3335,14.0,16.79738,0.5044819
-153.753,-96.94513,14.0,22.789360000000002,0.14793910000000002
-167.4124,-106.1442,14.0,26.565720000000002,0.31739850000000003
-166.3936,-128.0067,14.0,33.13113,0.49543159999999997
-166.7385,-155.0917,14.0,39.98863,0.4685614000000001
-167.0172,-187.1348,14.0,46.43993,0.2109692
-166.8658,-223.7958,14.0,52.49195,0.4040493
-153.8543,-252.8009,14.0,33.18373,-0.9897902
-141.6527,-252.5672,14.0,5.382969999999999,-0.7989339
-141.2693,-249.8713,14.0,2.60086,0.2650504
-137.33700000000002,-247.9949,14.0,10.13983,0.6909323
-128.2104,-251.4958,14.0,13.7868,-0.31807540000000006
-121.2438,-248.4621,14.0,10.17108,0.6156885
-123.1337,-238.0562,14.0,18.97344,0.5743079000000001
-126.2824,-221.4125,14.0,26.697059999999997,0.5582020000000001
-127.78,-198.9722,14.0,33.9556,0.24208579999999996
-117.3691,-179.2588,14.0,28.72208,-1.4813479999999999
-105.3783,-189.4722,14.0,27.968020000000003,0.6035606
-107.2513,-217.4998,14.0,48.01318,1.406261
-100.7632,-256.9087,14.0,54.18694,-1.358175
-71.31914,-272.1548,14.0,46.43943,0.3546263
-48.527440000000006,-251.3486,14.0,43.169740000000004,-0.002532174
-48.933820000000004,-217.9257,14.0,47.52081,0.1915046
-31.989259999999998,-185.9125,14.0,51.82775,0.3656403
-3.054163,-157.7632,14.0,56.96459,-0.24586970000000002
9.515428,-125.6872,14.0,32.40491,-2.157384
-2.182858,-109.0029,14.0,28.02277,0.48979620000000007
-5.773668,-86.40054,14.0,34.50401,0.5141737
-3.487163,-58.381719999999994,14.0,41.32305,0.4587916
-2.256509,-25.37562,14.0,47.71022,0.4571366
-3.355119,12.160630000000001,14.0,53.45899,-0.09215272
-19.88651,40.93387,14.0,43.4505,-0.07938521
-52.434509999999996,40.69788,14.0,47.050129999999996,0.4403187
-89.66294,40.176559999999995,14.0,53.042669999999994,0.1907659
-128.9619,40.71953,14.0,45.64098,-1.731032
-145.3828,24.95151,14.0,17.42165,-2.566752
-143.7662,22.660870000000003,14.0,5.53102,0.6387731
-141.3032,25.43617,14.0,2.681798,-0.4516536
-142.8052,23.42914,14.0,7.552525999999999,0.2205913
-148.5657,21.64873,14.0,5.67274,-0.78488
-148.9583,21.718220000000002,14.0,4.313498,0.6727564
-144.0817,17.40028,14.0,13.297920000000001,0.628339
-140.8324,5.118586,14.0,21.50543,0.5906429
-141.7414,-13.796529999999999,14.0,29.42845,0.39291709999999996
-141.808,-34.93496,1.0,5.8430040000000005,-0.04048677
-142.2686,-41.49041,1.0,13.478829999999999,0.31686129999999996
-149.1358,-52.30362,1.0,21.7856,0.2818367
-162.7651,-64.68352,1.0,27.50057,-0.06888675
-152.2956,-76.65359000000001,1.0,23.93131,-0.14459349999999999
-137.8577,-68.86969,1.0,14.457170000000001,-0.6311163000000001
-135.8661,-68.27835,1.0,0.02501438,0.0008573674000000001
-135.8472,-68.28116999999999,1.0,0.02544415,-0.0006691142
-135.83,-68.28341,1.0,0.01601525,0.0035142990000000002
-136.0625,-69.42319,1.0,4.423241,0.145563
-135.734,-72.75607,1.0,4.366519,-0.04782226
-136.0726,-75.60215,1.0,3.539975,-0.01374542
-136.5374,-76.26193,1.0,3.3559660000000004,0.3587204
-130.9404,-74.96755,1.0,12.332139999999999,0.6238206000000001
-120.1814,-79.77319,1.0,19.9591,0.28303390000000006
-112.1935,-95.56425,1.0,27.77106,0.5423294
-112.6021,-117.8297,1.0,33.66517,0.201809
-132.4827,-133.3533,1.0,35.4483,-1.15959
-146.8799,-122.2481,1.0,22.36757,-0.2987787
-138.4463,-109.5963,1.0,10.10549,-3.018059
-138.4579,-108.7192,1.0,0.02186709,-0.01031685
-138.4587,-108.7363,1.0,0.01830889,-0.03125514
-140.0492,-108.2131,1.0,6.410622,0.15296189999999998
-145.2305,-110.1191,1.0,6.806438000000001,-1.507482
-145.1426,-109.7305,1.0,5.508412,0.3295035
-145.0854,-102.6636,1.0,13.933670000000001,0.5588995
-154.9564,-95.69667,1.0,17.505679999999998,-0.3930328
-164.4267,-100.7604,1.0,15.370120000000002,1.053742
-167.0643,-117.5773,1.0,30.05888,0.43359490000000006
-168.6904,-142.9343,1.0,38.58398,0.6248151999999999
-163.6898,-170.4428,1.0,34.409659999999995,-0.5310968
-167.8566,-193.623,1.0,33.095040000000004,1.420672
-166.7503,-222.3488,1.0,38.12283,-0.57029
-161.4733,-246.4038,1.0,28.556070000000002,-0.44582659999999996
-142.9446,-250.4239,1.0,28.991190000000003,0.41698559999999996
-123.01799999999999,-240.5637,1.0,28.35807,-1.342091
-128.8947,-225.2302,1.0,25.73584,0.19960479999999997
-125.9335,-210.1702,1.0,21.80527,-0.3829406
-123.8974,-196.9819,1.0,18.1493,-0.02067231
-122.6393,-185.8292,1.0,14.48024,0.05559444
-111.3983,-187.8137,1.0,17.17667,-0.5219598
-110.1668,-199.0827,1.0,14.12601,-0.08816444
-109.7782,-210.8441,1.0,19.684520000000003,0.5721911
-107.9773,-228.2291,1.0,27.44551,0.5305445
-103.9838,-250.8263,1.0,34.39196,0.2156449
-85.90849,-269.9591,1.0,38.51867,0.18717910000000001
-59.19653,-263.6928,1.0,39.49194,0.03137416
-51.97218,-235.7255,1.0,42.29739,0.4137646
-42.07495,-204.4344,1.0,47.35949,0.4085663
-18.94104,-175.6826,1.0,52.79554,0.2148951
5.740330999999999,-142.7632,1.0,58.17395,0.11950029999999999
11.236839999999999,-109.5849,1.0,24.71868,-2.556709
9.926207000000002,-104.3322,1.0,0.7321206,-0.09580217
9.868934,-104.3163,1.0,1.604811,0.2962297
12.96683,-106.3656,1.0,7.678814,0.3296208
18.108610000000002,-107.0461,1.0,3.391115,-0.722259
17.20187,-107.3263,1.0,5.752382,0.6143776
10.41975,-110.2803,1.0,13.901679999999999,0.4087136
0.3785355,-108.525,1.0,17.93995,0.3856279
1.2908,-92.87212,1.0,24.77865,0.4103715
-3.9022330000000003,-72.88991999999999,1.0,31.40648,0.4828366
-5.753408,-47.22849,1.0,38.07725,0.49031379999999997
-6.43698,-16.66395,1.0,44.422470000000004,0.21551679999999995
-6.812788,18.47909,1.0,49.77924,-0.33429990000000004
-17.188589999999998,43.52077,1.0,20.74288,-2.244084
-26.56206,40.10897,1.0,16.84345,0.5102609
-41.12137,38.363,1.0,23.87416,0.2589536
-61.367090000000005,39.73887,1.0,31.02477,0.5249773
-86.9112,39.631209999999996,1.0,37.86727,0.47742070000000003
-117.3251,40.51735,1.0,44.24042,0.2147857
-142.931,33.29855,1.0,26.211370000000002,-2.108536
-141.1683,24.47097,1.0,8.049221000000001,0.04282847
-137.7516,24.26089,1.0,0.06898855,0.009856915
-137.7517,24.216839999999998,1.0,0.04683983,-0.02593463
-139.1334,24.554560000000002,1.0,5.664235,0.16481010000000001
-145.4884,24.10606,1.0,10.94568,0.2875518
-150.9491,25.35268,1.0,2.675284,-0.3553761
-149.7767,24.68835,1.0,6.0555959999999995,0.5778453
-147.0533,18.1057,1.0,13.76264,0.49004359999999997
-151.8342,6.426993,1.0,20.26203,0.3370612
-148.4914,-10.32881,1.0,26.5363,0.2439029
-146.0452,-32.21687,1.0,32.89431,0.4520459
-158.0155,-51.40424,2.0,33.0448,0.3401754
-165.455,-69.3718,2.0,24.30046,-1.101466
-156.3773,-70.65038,2.0,8.35673,-0.1877541
-155.7073,-68.52731,2.0,0.05777735,0.02444608
-155.6771,-68.53379,2.0,0.23850120000000002,0.05691435
-156.2081,-71.11407,2.0,5.254897,-0.02624889
-156.7905,-74.68813,2.0,3.8627050000000005,-0.41497609999999996
-156.0553,-74.10507,2.0,6.017645,0.3258989
-148.6147,-73.37810999999999,2.0,14.83769,0.5716007
-137.2941,-81.21295,2.0,20.425810000000002,-0.3815706
-124.0681,-84.59495,2.0,17.00447,0.1116764
-112.664,-97.25214,2.0,30.22424,0.4076633
-115.1501,-119.1304,2.0,32.034440000000004,0.4161745
-134.9366,-130.7918,2.0,30.488770000000002,-0.48770870000000005
-144.9571,-119.7196,2.0,20.371879999999997,0.1438295
-139.6445,-105.6227,2.0,18.405520000000003,-0.1842868
-152.9815,-101.7485,2.0,21.342010000000002,-0.21228640000000001
-161.0228,-111.0133,2.0,16.75338,-0.1197089
-162.9766,-123.5082,2.0,18.717370000000003,0.2674291
-165.4055,-140.411,2.0,27.3043,0.5866355
-165.2867,-163.5265,2.0,35.005179999999996,0.536489
-165.6234,-192.2292,2.0,42.209740000000004,0.49487299999999995
-165.7275,-226.0132,2.0,48.934290000000004,0.44584229999999997
-158.012,-249.3293,2.0,21.89856,1.07271
-139.7115,-251.8996,2.0,29.12365,0.26673579999999997
-125.0952,-239.71900000000002,2.0,24.68831,-0.6338805000000001
-126.686,-219.6135,2.0,32.7261,0.26609629999999995
-126.4667,-193.2193,2.0,33.99947,-1.655684
-119.9054,-183.9855,2.0,11.97171,0.3241806
-111.3678,-190.1317,2.0,18.98038,0.2747353
-109.7644,-207.1585,2.0,27.07661,0.2950466
-107.294,-229.9697,2.0,34.77904,0.5579134
-99.37915,-257.0529,2.0,41.26917,0.3548065
-74.11497,-270.4648,2.0,40.18628,-0.03473026
-50.755140000000004,-252.264,2.0,42.35042,0.006361725
-49.133720000000004,-220.1985,2.0,46.240629999999996,0.4089428
-34.15067,-188.5415,2.0,50.42508,0.2053411
-7.030289999999999,-159.562,2.0,56.549209999999995,0.1970617
8.938792999999999,-129.4797,2.0,26.26861,-1.460539
0.3450336,-117.8737,2.0,22.52475,0.27034
-6.537182,-100.3604,2.0,29.581120000000002,0.536072
-6.635714,-75.66168,2.0,37.083870000000005,0.544506
-6.796411999999999,-45.560990000000004,2.0,44.13625,0.2332627
-7.23125,-10.34933,2.0,50.79316,0.4891589
-8.372703999999999,28.71003,2.0,48.52391,-1.53213
-23.54751,46.139340000000004,2.0,15.491010000000001,-2.587549
-25.59112,44.59735,2.0,5.6856599999999995,0.6376978
-29.936490000000003,39.74855,2.0,13.997279999999998,0.5460013000000001
-42.1074,44.72723,2.0,22.09115,0.5424589
-60.56352,45.19719,2.0,29.195140000000002,0.5954151999999999
-84.85869,42.03707,2.0,36.71432,0.5189332
-114.6668,41.08068,2.0,43.745709999999995,0.23216370000000003
-145.4678,32.362190000000005,2.0,36.0764,-2.249142
-149.8108,18.95028,2.0,3.604892,-0.9132971
-146.2787,19.20814,2.0,9.16208,0.2791259
-143.6402,10.60102,2.0,17.31619,0.5586505999999999
-151.0832,-3.008362,2.0,24.16599,0.1804547
-146.4876,-22.40172,2.0,30.67277,0.494007
-142.54,-37.50527,3.0,12.005469999999999,-0.04595299
-145.7701,-45.49523,3.0,13.09495,0.47444259999999994
-155.3519,-52.90861999999999,3.0,16.09392,-0.2313849
-165.1816,-56.59271,3.0,12.53335,-0.318947
-165.9074,-64.15473,3.0,9.537341,-0.1671091
-159.4011,-71.40966,3.0,17.53238,0.2829796
-143.7737,-71.82346,3.0,25.110979999999998,0.26318990000000003
-124.0165,-78.41449,3.0,28.23325,-0.46107659999999995
-110.8713,-91.62303,3.0,23.24053,-0.2121574
-108.3676,-111.0016,3.0,27.07033,-0.42755010000000004
-115.9284,-126.9818,3.0,21.54482,-0.37596199999999996
-130.3797,-133.80200000000002,3.0,25.029139999999998,0.7965677
-143.2251,-123.9552,3.0,27.69296,1.110775
-152.2121,-105.1434,3.0,22.76135,-1.993368
-163.9664,-107.0175,3.0,19.41085,0.4783344
-167.8326,-123.6035,3.0,27.17698,0.5907144
-169.9387,-146.5156,3.0,34.77558,0.4997223
-167.5387,-174.7415,3.0,41.74389,0.2398163
-165.4957,-208.1437,3.0,48.400220000000004,0.2347998
-163.1635,-244.0665,3.0,45.0066,-1.2511729999999999
-145.0003,-259.0298,3.0,26.8359,-0.8555504999999999
-129.3996,-246.1321,3.0,31.01248,0.6685618
-126.7743,-222.4114,3.0,36.08368,0.5305281
-127.2896,-195.9878,3.0,33.76174,-0.15494879999999997
-117.2699,-178.5899,3.0,23.95909,-0.2479033
-109.1332,-188.8618,3.0,22.75504,0.5996403
-106.8781,-207.6742,3.0,29.687790000000003,0.2839171
-105.0699,-230.201,3.0,28.897990000000004,-0.2076349
-105.8202,-251.7995,3.0,34.5679,0.5415606
-89.97907,-271.4283,3.0,36.25763,-0.04770951
-65.82874,-268.7607,3.0,19.525170000000003,-0.9304878000000001
-56.878919999999994,-267.2656,3.0,5.529082,-0.9560295
-56.753969999999995,-267.1304,3.0,2.172981,-0.3217578
-57.03088,-267.2627,3.0,2.042667,0.5171317
-54.601290000000006,-264.4072,3.0,7.104056,0.17090279999999997
-49.6011,-262.5052,3.0,7.858179,-0.1561902
-48.353640000000006,-263.4113,3.0,3.021243,0.641992
-50.1526,-258.2892,3.0,11.54703,0.6089824
-47.81015,-247.0177,3.0,19.5626,0.5524375
-44.53256,-230.0415,3.0,27.06522,0.5022281
-41.98226,-207.453,3.0,34.15613,0.5120085999999999
-32.475609999999996,-182.7623,3.0,38.60901,0.4573601
-11.447339999999999,-161.9439,3.0,33.69846,-1.650711
3.234791,-150.1915,3.0,21.39829,-0.182632
11.47511,-139.18,3.0,16.41836,-0.1739042
10.180539999999999,-128.2303,3.0,16.6233,0.2856574
1.260697,-116.0832,3.0,24.11386,0.5249801
-7.1861369999999996,-97.39656,3.0,31.12097,0.24787150000000002
-10.49131,-72.20555,3.0,37.6886,0.4843923
-7.454350999999999,-42.02352,3.0,43.9808,0.21303520000000004
-3.5165330000000004,-9.069572,3.0,42.102779999999996,-0.4469469
-4.356797,11.795869999999999,3.0,12.95903,-0.9922860000000001
-5.032179,16.03365,3.0,7.080539,0.6547383000000001
-6.890407000000001,24.29306,3.0,15.62371,0.5808609
-13.97535,36.66029,3.0,23.15011,0.48168009999999994
-31.761999999999997,44.75933,3.0,29.93628,0.4030546
-56.346740000000004,44.69582,3.0,36.66601,0.23627179999999998
-85.9902,43.5288,3.0,43.31986,0.22497270000000003
-119.64399999999999,40.61266,3.0,44.8912,-0.1818108
-147.1686,30.875,3.0,36.60349,-0.5233606
-145.1987,7.680689999999999,3.0,34.34015,0.1269578
-145.1851,-18.93829,3.0,39.24498,0.2121794
-146.7118,-48.190529999999995,4.0,32.35304,-1.367955
-160.3688,-54.35341999999999,4.0,19.62268,0.1718402
-167.6592,-63.9641,4.0,20.5159,0.3087841
-153.44,-72.61175,4.0,26.44695,0.46597910000000003
-131.7757,-75.34764,4.0,32.89025,0.4957548
-112.2285,-92.46226999999999,4.0,38.372240000000005,0.3586881
-112.9213,-119.2541,4.0,37.462070000000004,0.04044073
-134.3808,-132.5092,4.0,34.184,-0.49728950000000005
-144.6817,-115.0641,4.0,30.54216,0.46730370000000004
-151.6975,-98.91205,4.0,17.24701,-0.2280123
-163.4547,-104.8981,4.0,22.57339,0.461554
-168.3675,-123.4441,4.0,29.680979999999998,0.2672536
-170.4305,-147.9217,4.0,36.58623,0.4642965
-167.6278,-177.4109,4.0,43.2413,0.4934182
-164.4465,-211.6718,4.0,49.40937,0.1972853
-161.9602,-245.2371,4.0,31.61722,-1.534338
-151.0549,-255.8323,4.0,18.08325,0.2442933
-134.8322,-256.4313,4.0,24.892879999999998,0.02587329
-126.6832,-238.2177,4.0,30.79754,0.4931687
-127.3204,-213.3282,4.0,36.97638,0.2481745
-125.2247,-184.8795,4.0,39.05938,-0.3477882
-103.6341,-178.9357,4.0,28.277340000000002,-0.7526088000000001
-103.4962,-193.7444,4.0,21.54019,0.2821935
-114.5795,-200.9926,4.0,6.197007,-1.7379689999999999
-114.5551,-201.5558,4.0,0.004619886,0.01457099
-114.0254,-201.6949,4.0,3.180027,0.4221117999999999
-110.4323,-200.4304,4.0,7.0950619999999995,0.02048378
-109.6809,-198.2262,4.0,0.9542052,0.6488477
-109.2484,-201.6213,4.0,8.223768,0.5397841
-107.494,-210.1234,4.0,15.031620000000002,0.23700929999999998
-105.4144,-223.4784,4.0,21.40241,0.43168029999999996
-105.9117,-241.5527,4.0,27.2965,0.40553629999999996
-100.3746,-262.3548,4.0,31.741490000000002,0.2571525
-79.09640999999999,-272.0342,4.0,34.23261,0.265681
-55.051840000000006,-261.7972,4.0,37.27932,-0.01237867
-49.31329,-235.1678,4.0,39.303670000000004,0.3541954
-44.1908,-205.1274,4.0,43.538270000000004,0.3502377
-26.78114,-176.8919,4.0,46.660309999999996,0.2650517
-2.55628,-155.442,4.0,33.203720000000004,-2.26552
9.857588,-143.3212,4.0,19.03386,-0.47282959999999996
11.84308,-130.9536,4.0,21.92469,0.8844484
0.7800538,-116.0584,4.0,27.79744,0.1879492
-7.899137,-95.45586,4.0,32.90909,0.3973482
-10.58259,-69.41592,4.0,37.931490000000004,0.1798201
-6.631013,-39.80976,4.0,42.704159999999995,0.1610903
-1.594475,-6.860780999999999,4.0,47.20906,0.2566277
-7.317688,26.75549,4.0,33.843790000000006,-3.856842
-22.24681,41.091,4.0,30.385759999999998,0.3164118
-46.19173,43.73165,4.0,35.224759999999996,0.3664742
-74.1741,43.30133,4.0,40.3303,0.35669320000000004
-105.6538,41.6363,4.0,43.59904,-0.07389975
-133.5295,38.22161,4.0,23.36521,-3.901417
-143.7862,32.28582,4.0,17.94912,0.4318611
-148.0715,17.66585,4.0,23.688570000000002,0.4178529
-145.3573,-1.775796,4.0,29.413420000000002,0.4052446
-141.5697,-25.28445,4.0,34.64745,0.33263550000000003
-148.4747,-47.0762,5.0,26.601020000000002,-0.5706108
-166.0835,-57.425369999999994,5.0,27.21572,-1.2484389999999999
-163.8199,-69.41765,5.0,17.580379999999998,-0.2530785
-150.8499,-70.65696,5.0,21.413320000000002,0.45781450000000007
-133.2487,-74.77126,5.0,27.333540000000003,0.20342539999999998
-114.2958,-85.73039,5.0,32.107459999999996,0.26754120000000003
-108.335,-108.8015,5.0,34.49168,-0.1736633
-119.6329,-129.9841,5.0,31.923959999999997,-0.4162362
-138.2215,-130.4588,5.0,22.74393,0.7251281999999999
-144.8027,-113.635,5.0,27.21165,0.17305299999999998
-159.4367,-100.3167,5.0,23.968629999999997,-0.6477729
-164.8282,-109.3687,5.0,16.467370000000003,-0.0007979603999999999
-166.3583,-123.5856,5.0,22.92438,0.1562591
-168.0939,-146.0719,5.0,39.70335,1.4056540000000002
-166.225,-179.649,5.0,48.54995,0.376765
-164.3009,-215.9865,5.0,41.2357,-2.635159
-163.5421,-235.9767,5.0,19.952679999999997,-0.42793980000000004
-160.8196,-248.5005,5.0,14.66744,-0.2218221
-151.9858,-257.5169,5.0,22.5245,0.8585758
-134.2421,-256.3047,5.0,29.07035,0.16359749999999998
-125.4144,-232.5231,5.0,39.895070000000004,0.1939891
-128.2876,-203.5488,5.0,30.757659999999998,-2.739137
-126.5615,-188.0162,5.0,17.22643,-0.48942440000000004
-115.8181,-182.0798,5.0,21.341820000000002,0.356542
-103.1216,-192.3912,5.0,25.86204,0.4090252
-103.0304,-214.9179,5.0,34.95174,0.09250885
-105.5739,-241.7887,5.0,35.8799,-0.5854906
-100.6747,-264.1631,5.0,28.247609999999998,0.4674416
-79.78133000000001,-272.0918,5.0,33.10011,0.3158646
-56.595380000000006,-262.5982,5.0,35.805040000000005,0.0275976
-48.73999,-236.4338,5.0,39.35022,0.3085854
-44.11656,-205.8328,5.0,44.11537,0.32542740000000003
-28.84645,-176.0212,5.0,47.1203,0.1183546
-5.900447,-157.9668,5.0,17.984289999999998,-3.5340620000000005
2.30023,-152.565,5.0,10.83814,-0.31893509999999997
7.355736,-148.4666,5.0,7.0562759999999995,-0.27101420000000004
11.519260000000001,-143.4157,5.0,12.10177,0.4655329000000001
12.56537,-132.4855,5.0,18.25575,0.4249165
4.282011,-119.2428,5.0,24.19828,0.4400317
-5.469653,-101.9179,5.0,29.72935,0.39428979999999997
-10.429219999999999,-78.43423,5.0,34.985009999999996,0.3700354
-8.311055999999999,-50.91335,5.0,39.83529,0.3688235
-2.840321,-20.063679999999998,5.0,44.58376,0.1715019
-2.478365,11.321810000000001,5.0,34.22345,-0.7804227
-6.694978,25.07733,5.0,9.293961999999999,-0.2906948
-11.88935,34.261509999999994,5.0,18.04948,0.42392759999999996
-24.60206,42.79622,5.0,23.84822,0.4549519
-44.02469,45.31905,5.0,29.36235,0.2022152
-67.82811,44.81399999999999,5.0,34.84943,0.3822653
-95.5777,43.48455,5.0,39.983579999999996,0.3511984
-124.6061,40.51465,5.0,35.27596,-0.45169899999999996
-140.6885,35.52943,5.0,21.68846,0.319775
-147.7954,19.37408,5.0,26.874259999999996,0.36646290000000004
-145.2196,-2.192684,5.0,32.11305,0.1985866
-141.8839,-27.501829999999998,5.0,32.75461,-1.074618
-145.3168,-43.18523,6.0,12.0849,-0.1687184
-152.8221,-52.619119999999995,6.0,19.40898,-0.262698
-163.8688,-57.65181,6.0,13.53176,-0.2280364
-164.942,-67.21354000000001,6.0,18.23232,0.7178051999999999
-149.8002,-72.44248,6.0,28.96762,1.1140729999999999
-125.0706,-77.56151,6.0,39.80944,0.6724645
-108.9638,-100.6081,6.0,36.61523,-0.9841593000000001
-116.1969,-116.9092,6.0,11.72369,-0.31580640000000004
-119.5304,-126.2511,6.0,19.00976,0.8175708
-129.6588,-134.1561,6.0,18.74719,0.47714759999999995
-142.7278,-126.62700000000001,6.0,24.00386,0.383006
-146.7783,-108.3569,6.0,18.31755,-1.103493
-151.6319,-103.2122,6.0,8.393815,0.2850489
-160.6335,-100.7838,6.0,16.67086,-0.1009852
-166.8905,-110.5996,6.0,20.14207,0.8377448000000001
-168.2061,-130.6581,6.0,33.94636,0.917502
-168.6038,-160.4328,6.0,45.79905,0.3870128
-165.9198,-198.0206,6.0,55.46906,-0.04128638
-163.5023,-235.4365,6.0,44.75325,-0.7572671
-153.4791,-257.4593,6.0,26.55557,-0.7279291
-137.1473,-256.053,6.0,19.09905,-0.42472609999999994
-127.0288,-243.6745,6.0,25.57226,0.37260679999999996
-125.0757,-222.8939,6.0,30.95625,0.1909155
-128.7543,-198.2447,6.0,35.75739,-0.19866589999999998
-122.7838,-182.7014,6.0,17.3182,1.173524
-108.71700000000001,-186.2068,6.0,22.76825,0.1529251
-102.641,-203.4013,6.0,27.759,0.41205569999999997
-104.2386,-225.9847,6.0,33.22356,0.3879169
-105.4226,-252.3767,6.0,38.14743,0.30256740000000004
-89.08140999999999,-272.4759,6.0,35.63092,-0.3882532
-66.90751999999999,-268.8134,6.0,26.529840000000004,-0.5191193000000001
-52.37095,-260.0456,6.0,23.81139,0.5876075
-47.31962,-239.8989,6.0,31.26698,0.4064144
-44.02642,-214.96099999999998,6.0,36.61515,0.3814905
-38.0985,-186.8845,6.0,40.69416,0.04169935
-15.49964,-166.4877,6.0,40.26595,-1.778937
0.1780517,-154.5573,6.0,14.16675,-0.35529970000000005
7.360863,-148.6657,6.0,12.08479,0.008547466
12.559289999999999,-139.7694,6.0,17.30859,0.3137821
8.282881,-124.9359,6.0,26.04241,0.8244468
-5.401251,-104.7895,6.0,40.0948,0.5001420999999999
-9.585078999999999,-70.50385,6.0,53.18505,0.9073445
-4.157071,-27.734370000000002,6.0,61.18597,0.2805455
-3.239398,12.83107,6.0,38.21465,-3.1401790000000003
-9.456324,30.05503,6.0,21.19557,0.428291
-22.71544,42.13185,6.0,29.411459999999998,0.7903549
-48.93647,45.31617,6.0,43.1408,1.1273520000000001
-86.37527,43.800059999999995,6.0,57.334419999999994,0.45631940000000004
-121.0678,40.55709,6.0,23.12495,-3.091259
-131.7621,38.44777,6.0,12.93562,0.6953912
-144.4735,32.104079999999996,6.0,23.73122,0.2000502
-147.4708,13.406670000000002,6.0,28.57488,0.4227363
-143.6769,-9.462621,6.0,34.035,0.3843689
-141.8849,-33.68965,7.0,6.09746,0.5086712
-142.7432,-40.71955,7.0,12.977910000000001,0.2435683
-149.5526,-50.22245,7.0,19.061139999999998,0.3899527
-163.9373,-57.340709999999994,7.0,23.92849,-0.5910854
-167.4147,-70.5617,7.0,15.98255,-0.3935499
-157.8957,-77.03963,7.0,17.62111,0.1209251
-144.061,-73.96231,7.0,20.043979999999998,-0.06366106
-128.4554,-74.36192,7.0,22.83158,0.2183895
-112.9007,-86.43894,7.0,30.44701,0.3193769
-108.7335,-109.2073,7.0,33.9827,0.21178560000000002
-124.4138,-129.0083,7.0,36.61815,0.08146379
-146.4108,-126.6235,7.0,22.0504,-1.8338450000000002
-144.2752,-117.4845,7.0,9.953496000000001,-0.09099700000000001
-144.7805,-107.4263,7.0,17.70658,-0.07696689
-155.2383,-101.3327,7.0,18.496270000000003,0.5597863000000001
-165.8662,-110.3524,7.0,20.0256,-0.1284211
-165.89700000000002,-125.7018,7.0,23.53516,0.6277489
-168.1484,-147.0335,7.0,35.85112,0.5238885
-169.713,-178.5567,7.0,48.94895,0.433698
-169.7581,-217.9168,7.0,51.85433,-0.8892587
-162.2615,-248.0072,7.0,31.60045,-0.9163473
-144.5955,-254.4349,7.0,22.44122,-0.2553721
-129.5031,-248.7293,7.0,23.195079999999997,0.273914
-125.8331,-229.5689,7.0,31.31523,0.4284308
-126.1671,-204.3387,7.0,36.68452,0.38166009999999995
-121.3759,-181.082,7.0,18.97186,-2.156557
-111.6605,-183.4996,7.0,18.32365,0.1744451
-109.1831,-198.9291,7.0,24.21871,0.21472110000000003
-108.7587,-219.0418,7.0,30.027659999999997,0.3951302
-107.8455,-243.27900000000002,7.0,35.23742,0.28486
-94.49325,-266.3881,7.0,38.326159999999994,0.18774649999999998
-67.15536999999999,-271.39099999999996,7.0,39.38451,-0.01222503
-50.176829999999995,-249.4238,7.0,39.866890000000005,0.2111257
-48.0154,-218.3542,7.0,44.29936,0.28590879999999996
-32.29544,-189.4022,7.0,46.88497,0.3498047
-7.516617,-162.5215,7.0,51.35546,0.3054781
8.956497,-134.6665,7.0,30.1433,-1.814655
2.833047,-117.49600000000001,7.0,28.87258,0.7268983
-5.8913839999999995,-95.9772,7.0,37.40886,1.191025
-2.21769,-61.88709,7.0,55.0898,0.6024001999999999
-1.088891,-15.40139,7.0,68.90456,-0.4642581
-5.124412,29.003359999999997,7.0,46.38524,-3.107128
-23.93412,41.90416,7.0,30.36812,0.8085232
-51.1247,40.59175,7.0,40.60228,0.35563920000000004
-83.03065,40.44468,7.0,45.38514,0.3447559
-118.3246,41.40798,7.0,49.80149,0.13088160000000001
-145.8779,31.250329999999998,7.0,28.64289,-0.5846388000000001
-145.7685,9.843339,7.0,31.80395,0.192553
-145.1615,-15.7705,7.0,37.12806,0.36356220000000006
-148.387,-44.62331,8.0,39.98449,-0.24365820000000005
-166.4324,-61.06589,8.0,22.74297,-0.7278770999999999
-163.91099999999997,-75.98688,8.0,26.19953,0.4566197
-143.7235,-77.75049,8.0,30.616770000000002,0.1928609
-121.37,-83.33225999999999,8.0,33.62528,0.1373345
-110.6604,-106.2608,8.0,36.6005,0.07448962
-124.00299999999999,-128.8645,8.0,37.69948,0.05310808
-145.4002,-129.0771,8.0,13.62534,-2.6777849999999996
-145.2679,-126.5282,8.0,6.521528,0.262685
-141.7674,-120.2579,8.0,13.293610000000001,0.4559036
-145.8173,-109.1299,8.0,19.4304,0.41843320000000006
-159.7343,-102.5363,8.0,23.4239,0.05434782
-167.7548,-116.6891,8.0,25.88251,0.19324760000000002
-166.8965,-137.9346,8.0,31.340740000000004,0.1800009
-170.9429,-162.7612,8.0,36.56,0.34386540000000004
-169.6971,-191.6473,8.0,41.34403,0.17419489999999999
-168.6805,-224.018,8.0,46.06172,0.3376237
-157.5133,-253.66,8.0,38.52195,-0.8224037000000001
-135.1922,-251.9592,8.0,27.28303,-0.1491225
-126.9967,-232.0263,8.0,32.509029999999996,0.3546991
-127.3121,-206.0171,8.0,37.71568,0.1753547
-120.6833,-181.275,8.0,23.90619,-1.079964
-109.6163,-183.22299999999998,8.0,17.580679999999997,0.3354096
-106.9916,-197.9313,8.0,23.43214,0.4497021
-106.4085,-217.5428,8.0,29.27427,0.40534240000000005
-105.5299,-241.2532,8.0,34.71143,0.3472821
-94.91722,-265.4311,8.0,37.73431,0.1414182
-68.55501,-271.5842,8.0,38.42673,-0.001305423
-49.40793,-251.2233,8.0,39.79942,0.167704
-46.2979,-220.4019,8.0,44.2328,0.3191619
-33.94445,-190.18400000000003,8.0,45.77887,0.13670120000000002
-9.035428,-164.8541,8.0,50.13901,0.3033288
8.627056,-134.6877,8.0,39.3245,-1.164783
-1.124372,-111.3723,8.0,38.66212,1.16269
-5.204739,-83.69263000000001,8.0,40.57271,0.35214090000000003
-1.486251,-52.086490000000005,8.0,45.220079999999996,0.33205500000000004
-1.517779,-16.94138,8.0,49.69497,0.32194559999999994
-3.46025,21.404339999999998,8.0,51.51161,-1.099069
-20.38071,42.52167,8.0,24.0223,-2.548943
-26.259109999999996,40.24672,8.0,6.250885,0.47292349999999994
-31.58578,37.12058,8.0,12.586110000000001,0.43042040000000004
-40.14283,44.815979999999996,8.0,18.93809,0.2174509
-48.03192,48.5864,8.0,0.02123215,0.01877875
-48.01721,48.57886,8.0,0.37960229999999995,0.18346220000000002
-48.45557,46.17814,8.0,5.162374,0.10166239999999999
-47.090140000000005,43.240990000000004,8.0,0.767176,-0.7185819
-49.557109999999994,45.0055,8.0,8.745191,0.3288731
-59.0191,46.12317,8.0,17.427210000000002,0.30515290000000006
-74.95843,44.247409999999995,8.0,25.66447,0.2801205
-96.73867,42.068059999999996,8.0,33.368629999999996,0.5095626
-124.0226,44.24635,8.0,39.96927,0.2327259
-144.1809,26.68307,8.0,38.64978,0.2840178
-145.0217,-4.857184999999999,8.0,46.953559999999996,0.5969098
-141.9313,-33.75842,9.0,3.0341009999999997,-0.06350356
-142.2775,-35.96468,9.0,5.839163,1.321036
-145.1563,-44.102990000000005,9.0,14.099470000000002,-0.2214045
-151.3701,-50.967420000000004,9.0,11.465760000000001,-0.04915028
-160.6936,-54.11781,9.0,13.326310000000001,-0.20916329999999997
-166.6857,-59.90003000000001,9.0,10.2422,-0.20216170000000003
-163.7416,-69.33836,9.0,20.09279,0.3828368
-150.4117,-73.54635999999999,9.0,17.50874,-0.2431698
-138.6076,-72.90879,9.0,15.691089999999999,0.8441928
-122.8842,-77.89336,9.0,25.44635,0.09013335
-110.0754,-91.90172,9.0,26.365540000000003,0.02792691
-107.515,-109.6864,9.0,16.53642,-2.765859
-109.9109,-118.5192,9.0,10.93931,-0.1680771
-116.1106,-129.19299999999998,9.0,21.71013,-0.005360625999999999
-129.1493,-135.0482,9.0,17.630020000000002,-0.15176989999999999
-140.0554,-130.8013,9.0,16.23463,0.6554793000000001
-146.8012,-115.9617,9.0,26.624709999999997,0.2888397
-154.5779,-100.5666,9.0,16.25404,-0.39102509999999996
-163.6918,-102.09200000000001,9.0,12.54314,0.49780159999999996
-167.5292,-116.094,9.0,27.331999999999997,1.063036
-168.7004,-141.3952,9.0,40.66795,0.41959880000000005
-168.0674,-174.0027,9.0,46.324329999999996,0.1067613
-164.6266,-208.55700000000002,9.0,44.64613,-0.6011858
-162.6803,-237.7051,9.0,30.65227,-1.63495
-155.2533,-255.0423,9.0,23.01802,-0.3910342
-141.5047,-260.2198,9.0,17.76096,-0.3734363
-129.8999,-250.4331,9.0,27.5081,0.5439681
-125.066,-226.0531,9.0,38.00134,0.4495181
-128.5289,-201.5365,9.0,24.57387,-1.625623
-127.9112,-188.8858,9.0,14.23465,-0.07537689999999998
-120.68299999999999,-181.8711,9.0,17.74961,0.7118757
-107.7049,-184.9492,9.0,16.90561,-0.3370081
-102.7313,-195.46900000000002,9.0,19.71642,1.1238629999999998
-103.1985,-215.5368,9.0,33.23534,0.6284892
-106.1605,-242.3475,9.0,37.06196,-0.1037983
-98.4513,-266.8651,9.0,33.60634,-0.164426
-75.80199,-272.7695,9.0,32.678090000000005,-0.052206100000000005
-55.326,-261.4888,9.0,32.320029999999996,0.1554277
-48.02067,-237.5115,9.0,35.44551,0.08162609
-43.84278,-210.7711,9.0,36.19829,-0.3032822
-37.13943,-186.3085,9.0,31.994020000000003,-0.3923129
-22.94115,-170.2307,9.0,26.122,-0.37525149999999996
-8.52933,-160.1673,9.0,21.66439,-0.09845918
3.849975,-151.8846,9.0,18.16582,-0.2730218
12.27223,-140.549,9.0,22.24217,0.2427076
7.172399,-123.3702,9.0,27.78085,0.14000829999999997
-5.532076999999999,-106.0727,9.0,29.630740000000003,0.008181206
-10.649389999999999,-84.51019000000001,9.0,30.36865,0.05685033
-10.33382,-60.56734,9.0,34.3453,0.1629428
-6.137064,-34.88025,9.0,35.82832,0.08255579
-2.121067,-8.263209,9.0,36.73765,-0.0943616
-3.9194400000000003,14.983720000000002,9.0,25.78426,-0.6246917
-8.831247,30.26813,9.0,18.869220000000002,-0.2834864
-21.500429999999998,41.8482,9.0,27.94998,0.49121850000000006
-44.3494,44.9062,9.0,34.84653,0.5483581
-72.80711,44.06258,9.0,42.003679999999996,0.49969540000000007
-106.4614,42.75347,9.0,48.18074,0.05606778
-137.7007,37.63596,9.0,33.51328,-0.5392901
-146.4548,15.83707,9.0,35.49211,0.24596590000000002
-141.5425,-12.64124,9.0,42.15002,0.4542656
-144.1853,-36.6484,10.0,17.57757,-0.8165639
-149.6889,-48.622279999999996,10.0,20.518420000000003,-0.3697895
-161.0813,-55.66959,10.0,16.439239999999998,-0.1354724
-167.1029,-63.62303000000001,10.0,13.50472,0.32199770000000005
-159.5053,-72.74201,10.0,17.755760000000002,-0.009638932
-146.0405,-72.46356,10.0,18.42336,-0.1864551
-132.641,-74.21188000000001,10.0,22.56684,0.6720133
-115.4,-83.63145,10.0,30.17475,0.4542340999999999
-107.1795,-105.8832,10.0,35.76664,0.4272681
-115.8768,-127.9478,10.0,24.87789,-0.46531459999999997
-130.9274,-133.784,10.0,19.67279,-0.3430144
-142.2924,-127.7388,10.0,19.61616,0.3048634
-147.0835,-111.2683,10.0,24.03848,-0.1909599
-151.1259,-103.7657,10.0,4.8894,0.8773648000000001
-157.8443,-100.4748,10.0,14.165579999999999,0.23959810000000004
-166.7188,-108.1659,10.0,20.30477,0.5023479000000001
-168.2585,-125.8125,10.0,27.38962,0.2357897
-168.9269,-148.7491,10.0,34.3383,0.12428519999999998
-168.2429,-175.5,10.0,37.97636,0.2677205
-165.6445,-204.486,10.0,38.77387,-0.6021255
-163.9799,-230.3084,10.0,31.193920000000002,-0.5246616999999999
-159.858,-250.1862,10.0,24.03979,-0.49526099999999995
-146.963,-259.3762,10.0,22.97754,0.2387325
-131.7266,-253.0807,10.0,24.33223,0.27317440000000004
-124.9492,-234.9169,10.0,28.0058,0.09640402
-126.4982,-213.1304,10.0,30.04931,-0.3960995
-127.9453,-195.4413,10.0,17.073320000000002,-0.16650479999999998
-125.9985,-184.8321,10.0,12.44549,-0.3452571
-116.7146,-181.9467,10.0,16.75007,0.2376192
-105.1538,-187.5338,10.0,18.00917,0.06557184
-103.1519,-201.2905,10.0,20.34432,0.1918422
-104.14200000000001,-217.137,10.0,21.81777,-0.01082887
-105.4925,-234.12099999999998,10.0,26.11345,0.4938467000000001
-105.2073,-255.3742,10.0,29.924590000000002,-0.02553212
-91.57226999999999,-271.6029,10.0,32.53503,0.6801862
-65.35421,-269.4943,10.0,38.51303,0.14082809999999998
-49.80021,-247.4546,10.0,39.56808,0.507177
-45.41685,-216.37,10.0,43.822959999999995,-0.251316
-37.50715,-188.2302,10.0,35.13472,-0.5870723000000001
-22.8525,-170.6557,10.0,27.59852,-0.49512559999999994
-8.863642,-160.6586,10.0,14.07003,-0.8056743000000001
0.02714431,-154.4666,10.0,19.3528,0.7444614
10.86111,-144.7167,10.0,19.555670000000003,0.49197570000000007
10.804030000000001,-127.9251,10.0,27.48296,0.3054386
-3.805079,-110.8371,10.0,33.13584,0.3639737
-10.16215,-86.30507,10.0,32.264070000000004,-0.5585843
-9.632788,-62.24502,10.0,35.29683,0.4921899
-6.254455999999999,-33.91973,10.0,41.533159999999995,0.46962780000000004
-1.9070669999999998,-1.3320889999999999,10.0,47.16482,0.3531462
-9.3873,32.15637,10.0,43.07858,-0.2726272
-37.61287,44.98847,10.0,44.911159999999995,0.3029323
-72.76185,44.27125,10.0,50.119440000000004,0.39898790000000006
-111.4922,41.57765,10.0,51.85712,-1.479001
-142.1412,34.13479,10.0,38.93587,-0.258339
-146.4375,8.783907000000001,10.0,38.03976,0.46952669999999996
-141.6783,-20.726210000000002,10.0,42.266090000000005,-1.665232
-148.9957,-45.70378,11.0,35.15345,0.3213868
-168.0913,-64.52095,11.0,33.74969,-1.548054
-164.7415,-80.5824,11.0,20.0426,-0.2117427
-152.2162,-72.39594,11.0,24.19463,0.317977
-134.1031,-72.65945,11.0,28.66265,0.21580349999999998
-115.8008,-86.57347,11.0,30.6452,-0.5432597
-109.2208,-108.7007,11.0,34.74021,0.3180087
-120.245,-129.1786,11.0,27.13102,-0.5561408
-139.6896,-129.6803,11.0,30.86072,0.195271
-145.2607,-107.9954,11.0,24.66263,-3.138776
-151.9659,-100.9881,11.0,16.31546,1.304482
-165.2939,-106.6949,11.0,24.03383,0.12498980000000001
-166.0872,-126.3346,11.0,30.083040000000004,0.24364639999999999
-168.0155,-150.9644,11.0,36.50373,0.2092812
-167.05599999999998,-180.1158,11.0,42.476929999999996,0.43502109999999994
-164.1214,-213.6541,11.0,48.2646,0.4291823
-160.4774,-246.1974,11.0,36.35083,-1.434004
-144.3684,-259.8419,11.0,29.91092,0.27863920000000003
-128.2364,-247.7549,11.0,31.0323,0.2105951
-125.3933,-222.5137,11.0,37.17617,0.4228072
-127.9258,-195.0395,11.0,33.68091,-0.5519751
-115.2369,-179.6201,11.0,26.1073,-0.188937
-107.1848,-193.6134,11.0,26.35687,0.25026129999999996
-105.7038,-215.3922,11.0,32.73259,0.4063461
-107.2267,-241.8424,11.0,38.78867,0.38237519999999997
-96.26738,-268.5251,11.0,40.1825,-0.4567468
-67.63963000000001,-270.1351,11.0,41.79787,0.2633432
-48.93804,-247.7988,11.0,42.23307,0.39339959999999996
-43.89765,-214.7426,11.0,47.9747,0.40340840000000006
-31.9313,-180.0794,11.0,51.59773,0.05660353
-5.9787930000000005,-159.8819,11.0,34.73973,-1.265293
10.53473,-143.835,11.0,27.351470000000003,-0.6357065
9.451397,-126.4768,11.0,24.925910000000002,0.2282652
-3.0605580000000003,-109.771,11.0,31.310990000000004,0.18458429999999998
-9.498788000000001,-85.30471999999999,11.0,37.3617,0.2214272
-9.242125,-55.44356,11.0,43.207390000000004,0.1952108
-3.2623159999999998,-21.85141,11.0,48.88276,0.37299970000000005
-3.7210010000000002,15.999,11.0,53.42746999999999,0.2866772
-24.20469,44.00663,11.0,46.42293,-0.1561777
-59.11255,43.2367,11.0,49.70671,0.41062040000000005
-97.86962,41.57744,11.0,55.04543,0.39375190000000004
-135.5232,37.446670000000005,11.0,44.03525,-0.0227746
-149.7394,12.67148,11.0,40.19164,0.06624438
-142.1879,-17.96556,11.0,44.94031,0.3173129
-148.5204,-47.15595,12.0,32.31541,-0.7485585
-166.5535,-57.40326999999999,12.0,27.95165,-0.2085344
-161.806,-71.99095,12.0,24.05676,0.1712243
-141.9441,-71.28098,12.0,30.09822,0.2355047
-119.3787,-80.03125,12.0,35.76405,0.1709878
-106.55,-103.7764,12.0,39.155190000000005,0.1263124
-116.1752,-124.7953,12.0,27.51776,0.4808732
-133.284,-132.9933,12.0,22.78045,-0.540826
-145.6473,-123.274,12.0,25.29798,0.3960405
-150.5604,-103.887,12.0,25.45709,-0.34125209999999995
-164.5571,-103.0927,12.0,20.09542,0.16550079999999998
-167.5138,-121.086,12.0,32.30355,0.9356998
-168.6686,-147.9668,12.0,39.43492,0.40228759999999997
-167.1632,-179.2726,12.0,45.077740000000006,0.20899720000000002
-165.0506,-214.7152,12.0,50.726929999999996,0.39583609999999997
-160.0013,-249.6553,12.0,41.72371,-0.6612889
-139.4911,-256.9138,12.0,26.73974,0.607338
-128.4421,-238.2572,12.0,32.34537,0.38300700000000004
-125.7176,-212.1599,12.0,38.36485,0.38369240000000004
-127.1601,-186.8386,12.0,32.28286,-0.4834704000000001
-109.3511,-182.3263,12.0,25.72244,-0.4059727
-109.4124,-200.2079,12.0,28.073529999999998,0.415637
-110.0294,-223.2262,12.0,34.46577,0.47586629999999996
-106.3982,-250.9045,12.0,40.6123,0.3921804
-87.2294,-271.6775,12.0,39.342290000000006,-0.01493839
-57.6656,-265.5826,12.0,43.50472,0.3336496
-46.0892,-241.1907,12.0,34.11292,-0.7404943
-53.52997,-221.6652,12.0,16.78077,-3.2464459999999997
-53.1598,-216.02200000000002,12.0,5.567469,-0.07094146
-53.172869999999996,-215.4136,12.0,3.6916879999999996,0.2947798
-48.82253,-218.8244,12.0,11.58968,0.27821209999999996
-42.33081,-211.7179,12.0,14.74574,-0.14880739999999998
-41.60935,-201.6015,12.0,16.39586,0.6761793
-38.258720000000004,-186.4882,12.0,24.516939999999998,0.24257710000000002
-25.34647,-170.7191,12.0,30.96625,0.2319301
-3.852126,-157.3691,12.0,37.33809,0.44797079999999995
12.24734,-136.7945,12.0,31.45262,-0.916637
3.403147,-116.8279,12.0,35.006,1.349583
-9.566794999999999,-88.04836999999999,12.0,50.54055,1.151205
-7.970523,-48.78235,12.0,55.57058000000001,0.391683
-2.252821,-6.262616,12.0,59.99958,-0.2187893
-7.843585000000001,27.66338,12.0,30.88011,0.2052386
-26.871170000000003,44.46608,12.0,37.255309999999994,0.25107870000000004
-55.960980000000006,44.32298,12.0,42.24239,0.400386
-89.39650999999999,44.0755,12.0,47.90952,0.37975359999999997
-126.086,40.15115,12.0,48.82998,-0.5090929
-153.6009,23.06547,12.0,42.652570000000004,-0.3355146
-153.7629,12.5724,12.0,4.230716999999999,-0.46484140000000007
-150.7063,12.4752,12.0,8.512404,0.5903525
-146.5279,4.941254,12.0,16.16894,0.5611914000000001
-145.233,-9.800898,12.0,23.55807,0.5090473
-142.0807,-29.55122,12.0,30.377959999999998,0.2196312
-142.5109,-37.19451,13.0,9.858609,0.5858576999999999
-147.1047,-46.180409999999995,13.0,17.509710000000002,0.2603787
-160.1951,-54.49225,13.0,24.53304,0.21693420000000002
-166.6352,-69.20302,13.0,19.922620000000002,-0.2789212
-156.0045,-76.23264,13.0,19.269389999999998,0.21375650000000002
-141.1035,-72.75032,13.0,19.46819,-0.3689225
-126.0681,-74.11007,13.0,24.238979999999998,0.4772988
-110.9612,-86.91934,13.0,30.141690000000004,0.4337485
-107.6288,-110.3922,13.0,34.95456,0.1289687
-124.9429,-130.4072,13.0,38.61885,0.13891979999999998
-145.4277,-126.9123,13.0,18.3967,-0.8729026
-142.8851,-122.9221,13.0,8.594494000000001,0.5711331000000001
-138.5478,-122.3854,13.0,3.135384,0.3110007
-143.2831,-124.2236,13.0,10.206660000000001,0.18749470000000001
-145.5323,-129.0033,13.0,2.2036740000000004,-0.84095
-145.1296,-127.0567,13.0,7.333419,0.6601883000000001
-141.1145,-119.4097,13.0,15.80988,0.5525906999999999
-142.3884,-105.6336,13.0,22.862579999999998,0.47231579999999995
-158.0069,-98.3174,13.0,25.165979999999998,-0.6362264
-167.0507,-112.1945,13.0,27.34958,0.2628312
-167.7857,-135.0893,13.0,34.43265,0.4932202
-167.6678,-163.2387,13.0,41.13589,0.225646
-167.9628,-196.074,13.0,47.4614,0.43528490000000003
-167.5367,-233.3763,13.0,52.07698,-0.8644395
-147.0119,-257.3906,13.0,42.15708,-0.7210470999999999
-127.5613,-246.0297,13.0,30.11658,0.5990804
-128.0154,-220.2207,13.0,39.94084,0.1758805
-127.5228,-191.55700000000002,13.0,26.517120000000002,-2.831562
-120.4471,-182.0557,13.0,14.32226,0.3146492
-108.6023,-186.2094,13.0,22.09166,0.4552442
-104.7975,-204.3574,13.0,28.84735,0.24840460000000003
-107.8075,-228.1312,13.0,35.82253,0.48367079999999996
-102.0755,-255.6413,13.0,41.06547,0.1657267
-77.51034,-272.6802,13.0,42.616440000000004,0.004273382
-52.24044,-257.1128,13.0,42.53168,0.01724431
-48.512,-224.5897,13.0,46.89995,-0.1399974
-39.589659999999995,-194.0681,13.0,43.2296,0.38863949999999997
-16.99983,-168.6532,13.0,48.98927,0.4286317
7.070523,-139.5983,13.0,49.222,-0.8866434999999999
2.5735240000000004,-110.5375,13.0,34.72113,-0.9500241
-8.860177,-92.93158000000001,13.0,29.7955,0.6694313000000001
-6.102979,-68.12085,13.0,37.117670000000004,0.24128579999999997
-5.3652940000000005,-38.17693,13.0,43.68432,0.4725851
-3.8491489999999997,-3.528513,13.0,49.83003,0.44677100000000003
-9.704782000000002,32.22506,13.0,43.09124,-0.8276606
-30.45368,40.778040000000004,13.0,22.063760000000002,-1.854338
-35.07582,32.58352,13.0,0.22506060000000003,-0.5281937
-35.13162,32.59015,13.0,0.06416488,0.01732344
-35.165,32.614090000000004,13.0,0.7832134,0.4922715999999999
-34.18112,36.255320000000005,13.0,9.066375,0.4936853
-32.46525,43.38,13.0,6.217997,-0.3969125
-32.34908,44.3912,13.0,3.079546,0.2990802
-36.31824,41.26893,13.0,11.04128,0.5347324999999999
-46.804320000000004,43.79048,13.0,18.29024,0.24249110000000001
-62.789019999999994,45.15824,13.0,25.01986,0.240402
-83.53758,42.25073,13.0,31.439259999999997,0.2081208
-109.0241,43.0241,13.0,37.292629999999996,0.1945247
-136.7613,35.81583,13.0,39.47558,-0.5045691
-147.9249,11.04552,13.0,39.65886,0.3557758
-144.7259,-20.1206,13.0,44.97672,0.3411534
-150.6268,-51.21033,14.0,35.10053,-2.374266
-163.2872,-66.87268,14.0,22.65154,-0.1095855
-148.8507,-75.72349,14.0,27.64991,0.4567429
-126.6467,-78.50072,14.0,32.83932,0.305299
-110.3664,-97.71059,14.0,36.62008,0.08070665
-116.8724,-123.7093,14.0,38.798809999999996,0.05749376
-140.9357,-130.5316,14.0,27.5962,-1.105983
-145.7464,-120.2833,14.0,3.1615580000000003,-1.272189
-146.486,-119.2541,14.0,1.918995,-0.007460461
-147.3121,-118.2389,14.0,1.548815,-0.03005366
-148.5729,-117.4296,14.0,3.980171,0.2974645
-150.9805,-117.4895,14.0,0.1532012,-0.7026438
-148.1661,-115.7554,14.0,8.900034,0.6051525999999999
-144.6147,-107.2136,14.0,16.8838,0.5435941999999999
-153.9126,-96.90961,14.0,22.83991,0.3109147
-167.4663,-106.3409,14.0,26.620309999999996,0.319243
-166.38099999999997,-128.2519,14.0,33.21358,0.49585740000000006
-166.7389,-155.3774,14.0,40.02659,0.2456484
-167.0254,-187.4696,14.0,46.51682,0.4642251
-166.8467,-224.1739,14.0,52.55245,0.37673759999999995
-153.6387,-252.9159,14.0,32.853159999999995,-1.9624119999999998
-141.6491,-252.5288,14.0,5.250235,-0.8157309
-141.2587,-249.8546,14.0,2.656521,0.3244435
-137.2618,-247.9987,14.0,10.19437,0.3360072
-128.1109,-251.5244,14.0,13.733020000000002,-0.3201487
-121.2237,-248.3905,14.0,10.25437,0.5082489
-123.1698,-237.9252,14.0,19.0211,0.30784429999999996
-126.3033,-221.2127,14.0,26.740540000000003,0.2657835
-127.7892,-198.7246,14.0,34.03966,0.5031464
-117.1609,-179.2119,14.0,28.6039,-0.7209659
-105.36200000000001,-189.6758,14.0,28.1753,1.248509
-107.2694,-217.8493,14.0,48.127790000000005,0.7133044
-100.5512,-257.2599,14.0,54.07731,-0.6603336999999999
-70.97785999999999,-272.1116,14.0,46.464240000000004,0.15328670000000003
-48.47591,-251.03799999999998,14.0,43.17374,0.02427339
-48.87358,-217.5789,14.0,47.55126,0.18478970000000003
-31.72733,-185.6084,14.0,51.88773,0.3468408
-2.7566889999999997,-157.4479,14.0,56.93776,-0.1604361
9.458045,-125.4644,14.0,32.03771,-2.269116
-2.277013,-108.8208,14.0,28.059140000000003,0.22608520000000004
-5.760023,-86.1413,14.0,34.58718,0.49886440000000004
-3.466685,-58.09332,14.0,41.36068,0.24435660000000003
-2.252358,-25.02215,14.0,47.74505,0.21078609999999998
-3.388849,12.541780000000001,14.0,53.403819999999996,-0.3398816
-20.176370000000002,41.05134,14.0,43.426590000000004,-0.1466444
-52.78269,40.67957,14.0,47.12211,0.43575559999999997
-90.06438,40.17828,14.0,53.113319999999995,0.41036190000000006
-129.2806,40.64662,14.0,45.344359999999995,-1.833622
-145.3884,24.8308,14.0,17.20167,-1.437557
-143.7344,22.68834,14.0,5.638399,0.6377824000000001
-141.2927,25.45233,14.0,2.527184,-0.9217163
-142.8437,23.38822,14.0,7.623292999999999,0.4210612
-148.60399999999998,21.66123,14.0,5.53845,-0.83715
-148.9302,21.70247,14.0,4.426302,0.6818473
-144.0243,17.319979999999997,14.0,13.3487,0.31155900000000003
-140.8272,4.961113,14.0,21.55341,0.2988172
-141.7668,-14.022170000000001,14.0,29.51707,0.5080686
-141.8096,-34.97902,1.0,5.830269,-0.07331015
-142.2833,-41.59183,1.0,13.58629,0.622363
-149.262,-52.399370000000005,1.0,21.88503,0.6063254
-162.8187,-64.88271,1.0,27.47745,-0.1355936
-152.1237,-76.61046999999999,1.0,23.92022,-0.06924105
-137.7576,-68.89774,1.0,14.224789999999999,-1.404674
-135.8659,-68.27837,1.0,0.02516297,0.0008807147
-135.847,-68.28119000000001,1.0,0.02539861,-0.0002693846
-135.8298,-68.28341999999999,1.0,0.01921832,0.01869022
-136.0653,-69.45565,1.0,4.424428,0.00715401
-135.7294,-72.78865,1.0,4.358906,-0.04499479
-136.086,-75.62529,1.0,3.5355269999999996,-0.02572627
-136.5169,-76.24754,1.0,3.468829,0.6765085
-130.8513,-74.97462,1.0,12.3841,0.3253228
-120.0882,-79.88853,1.0,20.05205,0.548208
-112.1251,-95.75925,1.0,27.814690000000002,0.2684189
-112.7062,-118.0643,1.0,33.73237,0.38895959999999996
-132.7377,-133.3642,1.0,35.346940000000004,-0.6406494
-146.8725,-122.0807,1.0,22.34221,-0.1533941
-138.4567,-109.5221,1.0,9.85918,-1.4974809999999998
-138.458,-108.7194,1.0,0.02023797,-0.01004271
-138.4588,-108.7364,1.0,0.0223795,0.02509503
-140.0942,-108.2038,1.0,6.426148,0.09901279
-145.2615,-110.1587,1.0,6.6827630000000005,-0.7529839
-145.1259,-109.6925,1.0,5.61629,0.6331103
-145.1256,-102.5691,1.0,14.027529999999999,0.57205
-155.0873,-95.68911,1.0,17.44031,-0.38815879999999997
-164.4849,-100.8585,1.0,15.45479,0.5212475999999999
-167.0872,-117.7997,1.0,30.20546,0.8629332000000001
-168.5839,-143.1986,1.0,38.69079,0.6566526
-163.7338,-170.6863,1.0,34.36502,-0.2803448
-167.8714,-193.872,1.0,33.329190000000004,1.394358
-166.7388,-222.6308,1.0,38.077009999999994,-0.2804859
-161.3232,-246.5538,1.0,28.41218,-0.8494821
-142.7439,-250.3851,1.0,29.06418,0.4619464
-122.9204,-240.3816,1.0,28.24714,-0.6921541999999999
-129.0133,-225.0892,1.0,25.74866,0.08168311
-125.8283,-210.0431,1.0,21.73927,-0.3958856
-123.9358,-196.851,1.0,18.14709,-0.01336651
-122.5608,-185.7612,1.0,14.51234,0.19656010000000002
-111.3583,-187.9363,1.0,17.09546,-0.484152
-110.1608,-199.1927,1.0,14.11105,-0.08539367
-109.7668,-210.9925,1.0,19.78056,0.5742918
-107.9584,-228.4251,1.0,27.48948,0.27813940000000004
-103.8952,-251.0703,1.0,34.46396,0.4182879
-85.62854,-270.0585,1.0,38.54869,0.1734083
-59.00038000000001,-263.4778,1.0,39.49798,0.03738231
-51.96604,-235.4197,1.0,42.330009999999994,0.20652689999999999
-41.90136,-204.1359,1.0,47.39151,0.2014545
-18.680229999999998,-175.3908,1.0,52.870509999999996,0.4482204000000001
5.9589989999999995,-142.3918,1.0,58.21699,0.253947
11.21838,-109.4051,1.0,24.19035,-3.190525
9.921406,-104.33,1.0,0.7021529000000001,-0.18358829999999998
9.878839,-104.3228,1.0,1.704134,0.6170621000000001
13.017539999999999,-106.3945,1.0,7.7335,0.3214606
18.132360000000002,-107.0394,1.0,3.330685,-0.3740996
17.16246,-107.3386,1.0,5.857118,0.6600235999999999
10.33202,-110.3281,1.0,13.91252,0.06776042
0.33006149999999995,-108.4011,1.0,18.00587,0.4031783
1.293269,-92.69501,1.0,24.84702,0.4303531
-3.949272,-72.65559,1.0,31.443,0.2178813
-5.757803,-46.94638,1.0,38.11527,0.23380610000000002
-6.435719000000001,-16.33295,1.0,44.49863,0.4416974
-6.833578999999999,18.85417,1.0,49.65728,-0.7079838
-17.3111,43.60152,1.0,20.35314,-2.4253009999999997
-26.663109999999996,40.038759999999996,1.0,16.9296,0.5245348000000001
-41.29037,38.39315,1.0,23.96497,0.5578703
-61.61046999999999,39.73108,1.0,31.109890000000004,0.4878954000000001
-87.20407,39.63487,1.0,37.905,0.22327840000000002
-117.65299999999999,40.52665,1.0,44.315740000000005,0.4448437
-143.0374,33.1317,1.0,26.03475,-1.0466540000000002
-141.1103,24.48944,1.0,8.089024,0.2321688
-137.7516,24.26043,1.0,0.06821314,-0.004852921
-137.7517,24.21645,1.0,0.05326041,0.03808579
-139.1742,24.56008,1.0,5.711794,0.2877044
-145.5711,24.10595,1.0,10.96769,0.1359035
-150.9677,25.35756,1.0,2.559816,-0.6862381
-149.7417,24.66263,1.0,6.1540989999999995,0.6154050999999999
-147.0596,18.00584,1.0,13.803479999999999,0.2529933
-151.8602,6.279125,1.0,20.289279999999998,0.16771270000000002
-148.4487,-10.52095,1.0,26.61628,0.47806000000000004
-146.0477,-32.46012,1.0,32.96646,0.4382121
-158.2293,-51.504490000000004,2.0,33.07113,0.1736493
-165.3554,-69.52141999999999,2.0,24.21592,-0.5198895
-156.3674,-70.58915,2.0,8.324262,-0.19352239999999998
-155.7069,-68.52733,2.0,0.05821085,0.002589246
-155.6775,-68.53522,2.0,0.263314,0.147633
-156.2126,-71.1531,2.0,5.24683,-0.04801664
-156.8003,-74.71481,2.0,3.731036,-0.7687716
-156.0209,-74.07701,2.0,6.130336,0.6754391
-148.5115,-73.42085,2.0,14.932910000000001,0.5685208
-137.1494,-81.26462,2.0,20.36358,-0.3675812
-123.9603,-84.6526,2.0,17.015539999999998,0.0707242
-112.5686,-97.45654,2.0,30.361390000000004,0.8146675999999999
-115.2822,-119.3339,2.0,32.06723,0.196381
-135.1614,-130.782,2.0,30.323140000000002,-0.9941399
-144.9012,-119.5852,2.0,20.42514,0.3246185
-139.7106,-105.5071,2.0,18.325229999999998,-0.4855692
-153.1416,-101.7709,2.0,21.32325,-0.1145846
-161.0206,-111.1373,2.0,16.73313,-0.1217298
-163.0156,-123.6444,2.0,18.73935,0.1334171
-165.4072,-140.6162,2.0,27.39948,0.5696452
-165.2893,-163.7904,2.0,35.048159999999996,0.2597906
-165.6259,-192.5498,2.0,42.29376,0.5039915
-165.71200000000002,-226.3621,2.0,48.97011,0.228744
-157.8779,-249.4211,2.0,21.985210000000002,0.5297621
-139.4958,-251.8865,2.0,29.21473,0.5396449999999999
-125.1104,-239.5438,2.0,24.58971,-0.6287208000000001
-126.6355,-219.3726,2.0,32.81465,0.5161534000000001
-126.4505,-192.9766,2.0,33.41067,-3.5781680000000002
-119.8161,-183.9772,2.0,12.07593,0.6182562
-111.3305,-190.2675,2.0,19.070220000000003,0.5353529
-109.7439,-207.3709,2.0,27.17485,0.5496953
-107.2544,-230.231,2.0,34.8685,0.5263810999999999
-99.22113,-257.3238,2.0,41.327529999999996,0.34372529999999996
-73.80818000000001,-270.4065,2.0,40.18564,-0.003749452
-50.635529999999996,-251.9827,2.0,42.34936,-0.006811741
-49.09602,-219.858,2.0,46.27189,0.19169979999999998
-33.89204,-188.2582,2.0,50.5008,0.4365063
-6.7614,-159.2393,2.0,56.62085,0.4221817
8.926208,-129.2893,2.0,25.780079999999998,-2.929048
0.2323149,-117.7592,2.0,22.61757,0.5742768
-6.552576999999999,-100.1497,2.0,29.62639,0.2914452
-6.6374509999999995,-75.38301,2.0,37.12552,0.251781
-6.797306,-45.23377,2.0,44.22002,0.5030793
-7.235923,-9.969192,2.0,50.87246,0.4721222
-8.452156,29.059790000000003,2.0,48.262840000000004,-1.585438
-23.65748,46.14885,2.0,15.27656,-1.357785
-25.5829,44.55466,2.0,5.792996,0.6325681
-30.04099,39.73625,2.0,14.041360000000001,0.2647994
-42.254329999999996,44.799620000000004,2.0,22.18042,0.542455
-60.7804,45.15613,2.0,29.24072,0.274308
-85.13648,42.01781,2.0,36.7574,0.25941590000000003
-114.9982,41.06222,2.0,43.82958,0.48732970000000003
-145.6642,32.172709999999995,2.0,35.89049,-1.11619
-149.7923,18.93251,2.0,3.334422,-1.598861
-146.2174,19.183529999999998,2.0,9.258924,0.5961139
-143.6772,10.47522,2.0,17.40985,0.5630805999999999
-151.1107,-3.187969,2.0,24.19548,0.17517729999999998
-146.4547,-22.6374,2.0,30.71265,0.2334964
-142.5595,-37.58902,3.0,11.99047,-0.09317518
-145.8269,-45.58097,3.0,13.25895,0.9286928
-155.4668,-52.939769999999996,3.0,16.0515,-0.25609529999999997
-165.2448,-56.663169999999994,3.0,12.47927,-0.3176879
-165.8827,-64.22244,3.0,9.510885,-0.1565715
-159.2588,-71.47513000000001,3.0,17.616870000000002,0.41744040000000004
-143.5877,-71.83572,3.0,25.19859,0.531475
-123.8378,-78.51805999999999,3.0,28.156440000000003,-0.4638286
-110.7871,-91.77305,3.0,23.22271,-0.11019189999999998
-108.4015,-111.1988,3.0,27.001459999999998,-0.41659140000000006
-116.0507,-127.0959,3.0,21.51409,-0.1794041
-130.5691,-133.8127,3.0,25.183329999999998,0.9147424999999999
-143.273,-123.7554,3.0,27.781470000000002,0.5438418
-152.3591,-105.0621,3.0,22.60429,-0.9747691999999999
-164.0492,-107.1385,3.0,19.48899,0.4532383
-167.8549,-123.8042,3.0,27.223779999999998,0.28668000000000005
-169.9398,-146.7675,3.0,34.81606,0.25575770000000003
-167.5266,-175.05,3.0,41.82772,0.5002978
-165.4483,-208.495,3.0,48.48127,0.49151459999999997
-163.0903,-244.3911,3.0,44.79531,-1.243283
-144.8019,-258.9862,3.0,26.689690000000002,-0.8885968000000001
-129.2678,-245.9437,3.0,31.077379999999998,0.3993738
-126.8381,-222.1466,3.0,36.125029999999995,0.24838310000000002
-127.2542,-195.7338,3.0,33.70973,-0.3028789
-117.081,-178.554,3.0,23.90687,-0.3003687
-109.1688,-189.0267,3.0,22.80276,0.2967641
-106.8062,-207.8874,3.0,29.7797,0.5380517
-105.0904,-230.4137,3.0,28.83069,-0.4007163
-105.7823,-252.0436,3.0,34.65062,0.5196707
-89.71008,-271.4832,3.0,36.245740000000005,-0.06936055
-65.68533000000001,-268.7606,3.0,19.27533,-1.467983
-56.84506999999999,-267.2428,3.0,5.451159,-0.47675550000000005
-56.76695,-267.139,3.0,2.145711,-0.17378139999999997
-57.01882,-267.2535,3.0,2.130458,0.5299143
-54.56796,-264.3664,3.0,7.132560000000001,0.1731644
-49.54636,-262.5285,3.0,7.832427,-0.1512628
-48.36476,-263.3922,3.0,3.132243,0.6955166
-50.15889,-258.2018,3.0,11.64451,0.575811
-47.76963,-246.8745,3.0,19.655739999999998,0.5482187
-44.51035,-229.8464,3.0,27.10845,0.2810694
-41.953,-207.2009,3.0,34.1967,0.2478302
-32.27235,-182.5515,3.0,38.64356,0.20816880000000001
-11.26684,-161.7709,3.0,33.56106,-0.8512398000000001
3.358904,-150.0906,3.0,21.33889,-0.34786500000000004
11.5027,-139.06,3.0,16.3608,-0.3364047
10.131210000000001,-128.1136,3.0,16.71831,0.553608
1.1567399999999999,-115.9366,3.0,24.155620000000003,0.2547888
-7.250578,-97.17494,3.0,31.20573,0.5052776
-10.49104,-71.92774,3.0,37.7658,0.4724571
-7.403752000000001,-41.70148,3.0,44.05701,0.4543597
-3.5055169999999998,-8.751796,3.0,42.028040000000004,-0.4476615
-4.369716,11.89016,3.0,12.638119999999999,-1.880816
-5.041698,16.08619,3.0,7.1868,0.6359066
-6.921621000000001,24.40082,3.0,15.72405,0.62325
-14.102910000000001,36.77295,3.0,23.18905,0.24265340000000002
-31.9815,44.79145,3.0,29.968529999999998,0.191842
-56.61,44.699670000000005,3.0,36.75,0.5059271
-86.31062,43.50703,3.0,43.39967,0.47574570000000005
-119.9731,40.56693,3.0,44.83108,-0.3553038
-147.3303,30.65765,3.0,36.56462,-0.24081260000000002
-145.0995,7.441725,3.0,34.38111,0.24113289999999998
-145.1873,-19.2366,3.0,39.31924,0.4349535
-146.8284,-48.388659999999994,4.0,31.89323,-2.8250990000000002
-160.5128,-54.36237,4.0,19.635479999999998,0.07879763
-167.5994,-64.10394000000001,4.0,20.56876,0.32785729999999996
-153.2456,-72.62444,4.0,26.525890000000004,0.47701869999999996
-131.5534,-75.44232,4.0,32.97005,0.4808657
-112.0871,-92.70898000000001,4.0,38.43101,0.34970229999999997
-113.0661,-119.4909,4.0,37.47436,0.07287847
-134.6344,-132.4558,4.0,34.03005,-0.8701806000000001
-144.6378,-114.8499,4.0,30.580029999999997,0.23800500000000002
-151.82299999999998,-98.89012,4.0,17.17269,-0.4409669
-163.5465,-105.0381,4.0,22.65,0.4631955
-168.3978,-123.6628,4.0,29.77116,0.5364375
-170.4144,-148.1955,4.0,36.66536,0.4911894
-167.6006,-177.726,4.0,43.27943,0.23806129999999998
-164.4111,-212.0382,4.0,49.42327,0.08559625
-161.8984,-245.4526,4.0,31.093059999999998,-3.128206
-150.9319,-255.8859,4.0,18.1701,0.5390297
-134.6796,-256.3208,4.0,24.902829999999998,0.05755431
-126.6272,-237.9987,4.0,30.83829,0.26152529999999996
-127.38,-213.0582,4.0,37.06037,0.4084115
-125.0721,-184.6378,4.0,38.942640000000004,-0.6840909000000001
-103.4587,-179.0591,4.0,28.14667,-0.7962745
-103.6405,-193.8106,4.0,21.58636,0.2814224
-114.5787,-201.0361,4.0,5.900772,-1.8481049999999999
-114.5551,-201.5558,4.0,0.00246409,-0.01357289
-114.0017,-201.7004,4.0,3.24594,0.3871088
-110.4018,-200.3875,4.0,7.101762,0.03999187
-109.6808,-198.2334,4.0,0.9755046999999999,0.1301769
-109.2373,-201.6837,4.0,8.308224000000001,0.4893361
-107.4723,-210.2297,4.0,15.111679999999998,0.48577109999999996
-105.4011,-223.6325,4.0,21.47585,0.4553306
-105.9212,-241.7549,4.0,27.363459999999996,0.4028742
-100.2366,-262.5452,4.0,31.76213,0.129678
-78.84664000000001,-272.0197,4.0,34.279090000000004,0.29176399999999997
-54.872330000000005,-261.601,4.0,37.27678,-0.01608263
-49.317029999999995,-234.87099999999998,4.0,39.36353,0.3536861
-44.08416,-204.82299999999998,4.0,43.56536,0.16730179999999997
-26.5228,-176.6629,4.0,46.70507,0.2708315
-2.379137,-155.2803,4.0,32.81286,-2.477656
9.943136,-143.2117,4.0,18.95654,-0.4761646
11.75278,-130.7311,4.0,22.063470000000002,0.5689844000000001
0.6533131999999999,-115.8958,4.0,27.860570000000003,0.3723533
-7.95633,-95.21264000000001,4.0,32.94097,0.19148289999999998
-10.57824,-69.11906,4.0,37.994209999999995,0.34996209999999994
-6.569175,-39.50847,4.0,42.76297,0.3570605
-1.572574,-6.5191419999999995,4.0,47.2505,0.25788360000000005
-7.411433000000001,26.98958,4.0,33.247240000000005,-3.574425
-22.4558,41.17484,4.0,30.438509999999997,0.3206839
-46.45315,43.72078,4.0,35.28825,0.4053685
-74.47546,43.302479999999996,4.0,40.35795,0.1723234
-105.9837,41.601490000000005,4.0,43.59304,-0.03567556
-133.6975,38.18783,4.0,23.04833,-1.9550919999999998
-143.86700000000002,32.17687,4.0,17.98312,0.20420529999999998
-148.0737,17.4903,4.0,23.75769,0.4206888
-145.3089,-1.988302,4.0,29.44618,0.2033303
-141.5688,-25.54115,4.0,34.67425,0.1636567
-148.6177,-47.22455,5.0,26.5561,-0.2644709
-166.2256,-57.57346,5.0,27.003770000000003,-1.237739
-163.6941,-69.43788,5.0,17.49795,-0.5001565
-150.6927,-70.68802,5.0,21.4498,0.2192681
-133.0515,-74.83089,5.0,27.401429999999998,0.39055690000000004
-114.1357,-85.90941,5.0,32.15037,0.2564853
-108.389,-109.0615,5.0,34.47694,-0.08625274
-119.83200000000001,-130.1277,5.0,31.89119,-0.19157910000000003
-138.3516,-130.3485,5.0,22.80144,0.3632741
-144.8867,-113.4516,5.0,27.266840000000002,0.3411935
-159.6151,-100.3108,5.0,23.75518,-1.249792
-164.804,-109.4876,5.0,16.46809,0.004688701
-166.3909,-123.7482,5.0,22.97917,0.3332571
-168.1077,-146.37,5.0,39.93584,1.378434
-166.1642,-180.0178,5.0,48.61753,0.39521459999999997
-164.3035,-216.2911,5.0,41.020509999999994,-1.33241
-163.5298,-236.1207,5.0,19.91675,-0.22653449999999997
-160.7682,-248.5973,5.0,14.657379999999998,-0.06034718
-151.8421,-257.6088,5.0,22.66358,0.838411
-134.0828,-256.1521,5.0,29.12912,0.3427916
-125.3979,-232.2278,5.0,39.94891,0.32195009999999996
-128.3169,-203.3224,5.0,30.536640000000002,-1.330983
-126.5002,-187.9011,5.0,17.14229,-0.5082245
-115.6586,-182.0796,5.0,21.46278,0.7115852
-103.0784,-192.578,5.0,25.92859,0.40239759999999997
-103.0463,-215.1817,5.0,34.98409,0.1886977
-105.5858,-242.0491,5.0,35.76981,-0.6737420999999999
-100.5366,-264.3204,5.0,28.33715,0.5506966
-79.54301,-272.0874,5.0,33.12532,0.1589527
-56.42385,-262.3899,5.0,35.80659,0.009424967
-48.70562,-236.1441,5.0,39.41003,0.35847090000000004
-44.04269,-205.5143,5.0,44.1698,0.3367895
-28.594659999999998,-175.7604,5.0,47.16233,0.23495789999999997
-5.790018,-157.8973,5.0,17.42241,-3.4103800000000004
2.363653,-152.5188,5.0,10.78548,-0.32307929999999996
7.394348,-148.4303,5.0,7.0340679999999995,-0.13395020000000002
11.56115,-143.3399,5.0,12.18125,0.4987492
12.52713,-132.3565,5.0,18.29189,0.221119
4.166304,-119.1039,5.0,24.26999,0.4309889
-5.544677,-101.7054,5.0,29.76053,0.18703689999999998
-10.44999,-78.17584000000001,5.0,35.045120000000004,0.36318809999999996
-8.254401,-50.62448,5.0,39.86334,0.17656229999999998
-2.799284,-19.72729,5.0,44.6434,0.3477614
-2.526927,11.569560000000001,5.0,33.96159,-1.563922
-6.722453999999999,25.14238,5.0,9.255635,-0.22470079999999998
-11.968589999999999,34.36305,5.0,18.12226,0.4582748
-24.76834,42.85924,5.0,23.88018,0.1942087
-44.24776,45.319320000000005,5.0,29.431590000000003,0.3878368
-68.07813,44.8033,5.0,34.9139,0.40458109999999997
-95.86164000000001,43.46286,5.0,40.04269,0.37243990000000005
-124.8556,40.48925,5.0,35.24593,-0.1929795
-140.8062,35.41984,5.0,21.743170000000003,0.3349801
-147.8187,19.18696,5.0,26.93685,0.39814190000000005
-145.1611,-2.425382,5.0,32.1798,0.38665340000000004
-141.8931,-27.7413,5.0,32.57452,-1.088319
-145.35399999999998,-43.26635,6.0,12.0291,-0.3332609
-152.9503,-52.68966999999999,6.0,19.32315,-0.5002485999999999
-163.9409,-57.71764,6.0,13.45645,-0.4565991
-164.8711,-67.32769,6.0,18.35037,0.72378
-149.5876,-72.40798000000001,6.0,29.059359999999998,0.5636456
-124.82600000000001,-77.71325999999999,6.0,39.92354,0.7064403
-108.9877,-100.8713,6.0,36.53402,-0.5089307
-116.2274,-116.9915,6.0,11.68085,-0.25865889999999997
-119.5908,-126.3796,6.0,19.07623,0.40984899999999996
-129.8014,-134.1662,6.0,18.78389,0.21655259999999998
-142.8041,-126.4715,6.0,24.036920000000002,0.20979879999999998
-146.8398,-108.2403,6.0,17.94237,-2.280887
-151.6842,-103.176,6.0,8.500708,0.6138524000000001
-160.7486,-100.8137,6.0,16.653010000000002,-0.11117039999999999
-166.9076,-110.7481,6.0,20.29414,0.9120485999999999
-168.2307,-130.9004,6.0,34.022009999999995,0.4818514
-168.5983,-160.7725,6.0,45.93394,0.7866632
-165.8763,-198.4385,6.0,55.432140000000004,-0.2179698
-163.5012,-235.7707,6.0,44.62704,-0.7595279
-153.2901,-257.5157,6.0,26.425159999999998,-0.7927901999999999
-137.0177,-255.9941,6.0,19.06962,-0.1782806
-126.973,-243.4974,6.0,25.63556,0.3879238
-125.0939,-222.6599,6.0,31.018259999999998,0.3566542
-128.7698,-197.976,6.0,35.6428,-0.6659286999999999
-122.6633,-182.6569,6.0,17.41115,0.574937
-108.5964,-186.3291,6.0,22.81891,0.2976674
-102.6285,-203.6096,6.0,27.79083,0.1920328
-104.27,-226.2198,6.0,33.289390000000004,0.4125218
-105.3875,-252.6555,6.0,38.16949,0.1361081
-88.81506999999999,-272.5161,6.0,35.55265,-0.4601119000000001
-66.71409,-268.7619,6.0,26.486690000000003,-0.2569647
-52.28054,-259.8887,6.0,23.8611,0.3039441
-47.28676,-239.6762,6.0,31.29963,0.2032257
-44.00067,-214.69099999999997,6.0,36.64495,0.18189829999999998
-37.95948,-186.61900000000003,6.0,40.70967,0.09110247
-15.25254,-166.3094,6.0,39.965790000000005,-1.7740759999999998
0.2596744,-154.4966,6.0,14.137120000000001,-0.1862213
7.422768,-148.6043,6.0,12.09355,0.05343051
12.58531,-139.64,6.0,17.42012,0.6508158
8.160204,-124.791,6.0,26.18294,0.8647986999999999
-5.490521,-104.5048,6.0,40.26616,1.04823
-9.576213000000001,-70.10271,6.0,53.33141,0.8458244
-4.060788,-27.29144,6.0,61.227169999999994,0.24736020000000003
-3.304562,13.0976,6.0,37.67709,-3.3774550000000003
-9.528986,30.194329999999997,6.0,21.22851,0.201713
-22.91998,42.20802,6.0,29.54262,0.8042594
-49.2565,45.31071,6.0,43.32592,1.1132870000000001
-86.80885,43.78588,6.0,57.49423,0.9274033000000002
-121.2284,40.52742,6.0,22.62657,-3.143639
-131.8536,38.4291,6.0,12.998569999999999,0.3989635
-144.5723,31.966459999999998,6.0,23.74786,0.1043005
-147.4558,13.18975,6.0,28.644309999999997,0.4089752
-143.6177,-9.713,6.0,34.09964,0.38197020000000004
-141.8867,-33.73379,7.0,6.139931,0.26751149999999996
-142.7678,-40.81535,7.0,13.058639999999999,0.4599692
-149.6673,-50.29555,7.0,19.12847,0.42451000000000005
-164.0608,-57.46059,7.0,23.87959,-0.30899970000000004
-167.3676,-70.66585,7.0,15.9516,-0.1969466
-157.7697,-77.0513,7.0,17.66412,0.2655186
-143.9131,-73.92458,7.0,20.032420000000002,-0.06765539
-128.2928,-74.40890999999999,7.0,22.868470000000002,0.2202552
-112.7693,-86.62233,7.0,30.47165,0.1520809
-108.7858,-109.4535,7.0,34.00091,0.1363095
-124.6624,-129.132,7.0,36.6479,0.17381370000000002
-146.5046,-126.4853,7.0,21.90644,-0.8626988000000001
-144.2353,-117.4246,7.0,9.936573,-0.1029339
-144.8519,-107.3161,7.0,17.68796,-0.11075430000000001
-155.3785,-101.3318,7.0,18.58841,0.5520313
-165.8998,-110.4958,7.0,20.014870000000002,-0.06581623
-165.8972,-125.8763,7.0,23.585160000000002,0.3077641
-168.1801,-147.30100000000002,7.0,36.0276,1.038598
-169.7151,-178.9299,7.0,49.097840000000005,0.8596454
-169.7364,-218.2999,7.0,51.78183,-0.4444451
-162.1091,-248.1867,7.0,31.527340000000002,-0.4426875
-144.4273,-254.4262,7.0,22.35876,-0.4822558
-129.3845,-248.6025,7.0,23.23902,0.26250029999999996
-125.839,-229.3385,7.0,31.34808,0.2026683
-126.1692,-204.0604,7.0,36.71472,0.182481
-121.2703,-180.9941,7.0,18.79525,-1.114028
-111.5956,-183.6191,7.0,18.383010000000002,0.3509652
-109.1741,-199.1085,7.0,24.2916,0.43402879999999994
-108.7557,-219.2585,7.0,30.09522,0.42316090000000006
-107.8018,-243.5431,7.0,35.26093,0.14286329999999997
-94.27011,-266.5564,7.0,38.34048,0.08910935
-66.87926,-271.2878,7.0,39.382509999999996,-0.01189767
-50.13303,-249.1317,7.0,39.90395,0.22664570000000003
-47.96547,-218.0299,7.0,44.32155,0.1353269
-32.06171,-189.15200000000002,7.0,46.912209999999995,0.1683683
-7.262811999999999,-162.227,7.0,51.40533,0.29318979999999994
8.99134,-134.4516,7.0,29.99366,-0.9350056999999999
2.69064,-117.3362,7.0,28.93112,0.3605538
-5.898644,-95.69985,7.0,37.5035,0.5770976999999999
-2.172352,-61.47328,7.0,55.29302,1.177514
-1.114809,-14.88831,7.0,68.74016999999999,-0.9874553
-5.240798000000001,29.325159999999997,7.0,45.886720000000004,-2.99167
-24.15835,41.8834,7.0,30.50333,0.8131010000000001
-51.4177,40.58867,7.0,40.63017,0.1761779
-83.37029,40.44823,7.0,45.41086,0.1563224
-118.6991,41.40638,7.0,49.84837,0.27421740000000006
-145.9817,31.064320000000002,7.0,28.450540000000004,-1.132893
-145.7497,9.60823,7.0,31.87009,0.3930531
-145.1659,-16.05145,7.0,37.15717,0.17581449999999998
-148.5048,-44.89745,8.0,39.904070000000004,-0.46927170000000007
-166.5326,-61.20024,8.0,22.537470000000003,-1.217052
-163.7541,-76.10613000000001,8.0,26.2358,0.2194882
-143.4941,-77.71648,8.0,30.68412,0.389554
-121.1808,-83.5018,8.0,33.67455,0.28950370000000003
-110.6586,-106.5355,8.0,36.62628,0.15064560000000002
-124.2416,-128.9965,8.0,37.71886,0.1168974
-145.4782,-129.0208,8.0,13.40068,-1.439894
-145.2292,-126.4987,8.0,6.608847,0.518293
-141.7575,-120.1593,8.0,13.33095,0.22698360000000004
-145.9042,-109.0188,8.0,19.46489,0.21609650000000002
-159.9008,-102.5727,8.0,23.427529999999997,0.02274128
-167.7435,-116.8855,8.0,25.95007,0.3980227
-166.9233,-138.1704,8.0,31.4037,0.3677581
-170.9673,-163.031,8.0,36.61715,0.341535
-169.6777,-191.954,8.0,41.405409999999996,0.36295429999999995
-168.6658,-224.361,8.0,46.11707,0.3341067
-157.2835,-253.812,8.0,38.4542,-0.428889
-135.0446,-251.8272,8.0,27.26731,-0.09600643
-126.9939,-231.782,8.0,32.53768,0.175566
-127.3037,-205.7376,8.0,37.77687,0.3634901
-120.5444,-181.1614,8.0,23.551270000000002,-2.057372
-109.5484,-183.3283,8.0,17.63847,0.3607284
-106.9836,-198.1048,8.0,23.467579999999998,0.2155176
-106.3989,-217.7641,8.0,29.34321,0.4090538
-105.5081,-241.515,8.0,34.73857,0.16207939999999998
-94.71034,-265.6143,8.0,37.74491,0.06572539
-68.29686,-271.4918,8.0,38.42921,0.015317700000000002
-49.330490000000005,-250.9384,8.0,39.8285,0.1746158
-46.27292,-220.071,8.0,44.25723,0.14840520000000001
-33.69656,-189.9415,8.0,45.82999,0.2946017
-8.785246,-164.5662,8.0,50.191359999999996,0.3197576
8.6646,-134.3993,8.0,39.13657,-1.144983
-1.3075290000000002,-111.1567,8.0,38.748509999999996,0.5405915
-5.146172,-83.40652,8.0,40.60178,0.18359489999999998
-1.470928,-51.74255,8.0,45.275040000000004,0.321877
-1.5226,-16.57325,8.0,49.718790000000006,0.14602939999999998
-3.534078,21.77765,8.0,51.32352,-1.120509
-20.55409,42.55619,8.0,23.60024,-2.531508
-26.264259999999997,40.19976,8.0,6.330238,0.4709816
-31.67806,37.144090000000006,8.0,12.67935,0.5580413000000001
-40.23792,44.91953,8.0,19.008589999999998,0.4150384
-48.03182,48.58641,8.0,0.0192838,-0.01151375
-48.018240000000006,48.57567,8.0,0.48801179999999994,0.6264198000000001
-48.45414,46.13939,8.0,5.177201999999999,0.08663157
-47.0858,43.2376,8.0,0.7179955,-0.3011017
-49.61424,45.03887,8.0,8.854128,0.6389807
-59.14269,46.10468,8.0,17.5313,0.6440677
-75.13985,44.21954,8.0,25.76175,0.5989411
-96.97887,42.06944,8.0,33.4559,0.5344085
-124.3071,44.22483,8.0,40.00634,0.2317212
-144.22299999999998,26.393520000000002,8.0,38.67304,0.14079170000000002
-145.0589,-5.203078,8.0,46.99945,0.2821984
-141.9337,-33.78075,9.0,3.0289,-0.03210559
-142.2859,-36.00748,9.0,5.948843,0.6546390000000001
-145.2057,-44.19492,9.0,14.081579999999999,-0.10987160000000001
-151.4424,-51.00867,9.0,11.449810000000001,-0.09656218
-160.7838,-54.15054,9.0,13.2904,-0.22127039999999998
-166.7047,-59.972609999999996,9.0,10.22534,-0.1049192
-163.6377,-69.44069,9.0,20.21197,0.7222506
-150.2797,-73.53414000000001,9.0,17.46614,-0.2599813
-138.4908,-72.91991,9.0,15.750539999999999,0.36275830000000003
-122.7184,-77.99072,9.0,25.45993,0.08257271
-109.9961,-92.07630999999999,9.0,26.377640000000003,0.07413087
-107.5337,-109.8064,9.0,16.09815,-2.6573450000000003
-109.939,-118.5951,9.0,10.91126,-0.1688422
-116.2193,-129.3069,9.0,21.709229999999998,-0.0057973
-129.2861,-135.047,9.0,17.58035,-0.28197340000000004
-140.1382,-130.7181,9.0,16.29049,0.3533584
-146.8531,-115.7739,9.0,26.72208,0.5869959
-154.6805,-100.5039,9.0,16.19233,-0.37068520000000005
-163.7451,-102.1641,9.0,12.586689999999999,0.2770262
-167.5475,-116.2959,9.0,27.41759,0.5346649
-168.7043,-141.686,9.0,40.81957,0.9403254000000001
-168.0317,-174.3397,9.0,46.36748,0.2577049
-164.5957,-208.894,9.0,44.54524,-0.5923915
-162.6665,-237.9208,9.0,30.5215,-0.8086466999999999
-155.124,-255.1554,9.0,22.95364,-0.3848954
-141.3755,-260.1952,9.0,17.73037,-0.1899969
-129.8025,-250.25599999999997,9.0,27.69667,1.148521
-125.0867,-225.7697,9.0,38.0283,0.1663229
-128.5478,-201.3559,9.0,24.44191,-0.8104568
-127.88600000000001,-188.7853,9.0,14.20955,-0.15092750000000002
-120.5506,-181.8472,9.0,17.86937,0.717441
-107.61,-185.0234,9.0,16.877229999999997,-0.1805088
-102.7151,-195.6202,9.0,19.807920000000003,0.5414964
-103.2178,-215.7733,9.0,33.28713,0.3285165
-106.1672,-242.6259,9.0,37.03115,-0.1805694
-98.28223,-267.0343,9.0,33.5527,-0.32549870000000003
-75.56268,-272.7336,9.0,32.6678,-0.0624184
-55.18275,-261.2967,9.0,32.37273,0.3123229
-47.97932,-237.2521,9.0,35.47676,0.1913656
-43.79892,-210.5149,9.0,36.14566,-0.32665409999999995
-37.02814,-186.0995,9.0,31.961579999999998,-0.1992058
-22.79263,-170.1148,9.0,26.09117,-0.1938967
-8.395331,-160.0793,9.0,21.63366,-0.1807903
3.95844,-151.8041,9.0,18.14365,-0.13516679999999998
12.3097,-140.3882,9.0,22.329720000000002,0.527532
7.038839,-123.2074,9.0,27.83183,0.2953857
-5.61191,-105.8721,9.0,29.63693,0.03726232
-10.67488,-84.29549,9.0,30.377029999999998,0.05256378
-10.30159,-60.309509999999996,9.0,34.37103,0.1515134
-6.085843,-34.613459999999996,9.0,35.833729999999996,0.03220179
-2.099487,-7.98655,9.0,36.67188,-0.3840289
-3.9573650000000002,15.163329999999998,9.0,25.67624,-0.6639771
-8.898558,30.386709999999997,9.0,18.844929999999998,-0.1533461
-21.68157,41.93244,9.0,27.990740000000002,0.2597725
-44.61117,44.88296,9.0,34.93748,0.5299276999999999
-73.10533000000001,44.071020000000004,9.0,42.044779999999996,0.261185
-106.8178,42.712340000000005,9.0,48.202459999999995,0.1244094
-137.9261,37.52237,9.0,33.46053,-0.30697379999999996
-146.3913,15.581570000000001,9.0,35.57777,0.5114827000000001
-141.5508,-12.95354,9.0,42.22547,0.44962240000000003
-144.2156,-36.77411,10.0,17.44272,-0.7878881
-149.787,-48.7412,10.0,20.48914,-0.1778744
-161.1949,-55.72014,10.0,16.39539,-0.2529553
-167.0932,-63.72023000000001,10.0,13.53241,0.174593
-159.3786,-72.77713,10.0,17.76031,0.027258299999999996
-145.9084,-72.4614,10.0,18.40792,-0.09751114
-132.4796,-74.25856,10.0,22.767220000000002,1.178665
-115.2512,-83.78255,10.0,30.251540000000002,0.4891021
-107.19200000000001,-106.1395,10.0,35.800909999999995,0.21804229999999997
-116.0172,-128.0668,10.0,24.83953,-0.23968320000000004
-131.0729,-133.7801,10.0,19.64491,-0.170221
-142.3695,-127.6162,10.0,19.72026,0.6163112
-147.1353,-111.1001,10.0,23.974420000000002,-0.3744608
-151.1526,-103.7393,10.0,5.043565,0.9079601
-157.9459,-100.4708,10.0,14.247020000000001,0.5044111
-166.7567,-108.3147,10.0,20.38608,0.47773370000000004
-168.2702,-126.0078,10.0,27.474140000000002,0.5078043
-168.9263,-149.0035,10.0,34.35742,0.11893859999999999
-168.2371,-175.7949,10.0,38.02576,0.2883054
-165.6165,-204.7753,10.0,38.72437,-0.3006543
-163.9716,-230.5392,10.0,31.15258,-0.25376750000000003
-159.7572,-250.3374,10.0,23.99916,-0.2432493
-146.8018,-259.4084,10.0,23.060579999999998,0.5084814000000001
-131.6282,-252.9256,10.0,24.35425,0.13288450000000002
-124.9204,-234.7113,10.0,28.04168,0.21376199999999998
-126.5259,-212.9134,10.0,30.00889,-0.3211294
-127.9491,-195.3126,10.0,17.0205,-0.30776950000000003
-125.9407,-184.7629,10.0,12.417010000000001,-0.17745429999999998
-116.5885,-181.9567,10.0,16.83305,0.5017863
-105.0811,-187.6489,10.0,18.03057,0.1259011
-103.1597,-201.4411,10.0,20.359029999999997,0.08847756
-104.1516,-217.2988,10.0,21.81519,-0.01557541
-105.5076,-234.3087,10.0,26.15336,0.2526518
-105.1604,-255.5952,10.0,29.92158,-0.01807376
-91.33903000000001,-271.6792,10.0,32.641529999999996,0.6275446
-65.09739,-269.3928,10.0,38.52279,0.061958900000000004
-49.7559,-247.1756,10.0,39.65997,0.5942054
-45.35978,-216.0485,10.0,43.80166,-0.12964360000000003
-37.39151,-187.9974,10.0,35.035990000000005,-0.5797758000000001
-22.68861,-170.5274,10.0,27.56028,-0.23194320000000002
-8.777412,-160.5981,10.0,13.911389999999999,-0.9268360999999999
0.1440668,-154.3829,10.0,19.47563,0.7456243
10.93955,-144.6001,10.0,19.59675,0.2628739
10.69069,-127.7556,10.0,27.507479999999997,0.1505826
-3.916718,-110.6142,10.0,33.19781,0.35994740000000003
-10.182260000000001,-86.06192,10.0,32.21968,-0.2637415
-9.610348,-61.976000000000006,10.0,35.33437,0.22553320000000004
-6.206704,-33.60965,10.0,41.56812,0.2102781
-1.9000650000000001,-0.9756401,10.0,47.19278,0.1672442
-9.569144999999999,32.41098,10.0,43.03432,-0.2678483
-37.94474,45.012609999999995,10.0,44.96058,0.29910590000000004
-73.12585,44.27633,10.0,50.18537,0.40020279999999997
-111.867,41.53257,10.0,51.733990000000006,-0.7691785
-142.3622,33.94965,10.0,38.912459999999996,-0.14776470000000003
-146.339,8.513414,10.0,38.0753,0.21331550000000002
-141.7119,-21.0371,10.0,42.12457,-0.8748690999999998
-149.1222,-45.93116,11.0,35.205490000000005,0.31425590000000003
-168.2074,-64.73203000000001,11.0,33.61672,-0.8739121
-164.6011,-80.62144,11.0,20.001379999999997,-0.2531977
-152.0821,-72.2836,11.0,24.2496,0.35247259999999997
-133.9251,-72.76056,11.0,28.7401,0.48382159999999996
-115.6474,-86.74665,11.0,30.55368,-0.5397993000000001
-109.2553,-108.9431,11.0,34.795429999999996,0.35068459999999996
-120.396,-129.3005,11.0,27.03551,-0.59209
-139.8636,-129.5316,11.0,30.926470000000002,0.3890554
-145.3014,-107.8254,11.0,24.40169,-1.658218
-152.0829,-100.9551,11.0,16.52634,1.265708
-165.3743,-106.8584,11.0,24.0777,0.25514580000000003
-166.0779,-126.5584,11.0,30.164620000000003,0.48151809999999995
-168.0428,-151.2237,11.0,36.578920000000004,0.4675594
-167.025,-180.429,11.0,42.54988,0.4499366
-164.1028,-214.0197,11.0,48.324090000000005,0.3434873
-160.3953,-246.4493,11.0,36.2326,-0.7372082
-144.1403,-259.8656,11.0,29.9529,0.24838179999999999
-128.1722,-247.5392,11.0,31.107429999999997,0.45941109999999996
-125.4139,-222.2324,11.0,37.20898,0.19637120000000002
-127.9127,-194.7996,11.0,33.59918,-0.508261
-115.0446,-179.6372,11.0,26.0457,-0.3657324
-107.2003,-193.8083,11.0,26.44149,0.5072322
-105.6839,-215.6268,11.0,32.80101,0.42664090000000005
-107.2306,-242.1298,11.0,38.85134,0.3891465
-96.02466,-268.699,11.0,40.14457,-0.23466779999999998
-67.35495999999999,-270.0441,11.0,41.81754,0.1245443
-48.872690000000006,-247.5043,11.0,42.265190000000004,0.2034663
-43.849090000000004,-214.3905,11.0,48.00569,0.1906246
-31.70203,-179.77700000000002,11.0,51.62089,0.1388502
-5.760429,-159.74,11.0,34.55254,-1.135163
10.62391,-143.6496,11.0,27.24612,-0.6191941
9.357548,-126.3148,11.0,25.00319,0.4521877
-3.165407,-109.5731,11.0,31.377240000000004,0.40985200000000005
-9.532955000000001,-85.02853,11.0,37.43752,0.43727790000000005
-9.203358,-55.137519999999995,11.0,43.27832,0.4417143
-3.21041,-21.50106,11.0,48.94592,0.38859
-3.807246,16.38925,11.0,53.45819,0.18521120000000002
-24.53012,44.117909999999995,11.0,46.409259999999996,-0.07783413
-59.46998000000001,43.20738,11.0,49.7758,0.42758279999999993
-98.27535,41.56754,11.0,55.0757,0.1915386
-135.8264,37.321670000000005,11.0,44.02837,-0.0403358
-149.688,12.3785,11.0,40.19728,0.03490536
-142.1728,-18.29366,11.0,44.993140000000004,0.320625
-148.6695,-47.34612,12.0,32.0692,-1.439842
-166.6768,-57.5638,12.0,27.8808,-0.4259843
-161.6292,-72.03079,12.0,24.07195,0.09508041
-141.7165,-71.3022,12.0,30.173579999999998,0.42746069999999997
-119.1641,-80.19523000000001,12.0,35.8229,0.3435034
-106.5414,-104.0731,12.0,39.17545,0.12071420000000001
-116.3248,-124.9322,12.0,27.557059999999996,0.242477
-133.4505,-132.9994,12.0,22.73607,-0.2736409
-145.6876,-123.0924,12.0,25.33085,0.2013812
-150.6954,-103.7526,12.0,25.36192,-0.5658439000000001
-164.6634,-103.2043,12.0,20.1214,0.15195699999999998
-167.5008,-121.3257,12.0,32.53715,1.436252
-168.6973,-148.2471,12.0,39.5027,0.4357566
-167.1416,-179.6061,12.0,45.1502,0.43033240000000006
-165.032,-215.0885,12.0,50.79213,0.3939776
-159.8421,-249.9302,12.0,41.494679999999995,-1.300232
-139.32299999999998,-256.8218,12.0,26.86115,0.7582484
-128.394,-238.0225,12.0,32.376999999999995,0.1932215
-125.741,-211.8735,12.0,38.39437,0.17636229999999997
-127.0601,-186.6314,12.0,32.1984,-0.5275850000000001
-109.2157,-182.4555,12.0,25.6884,-0.21522129999999998
-109.4636,-200.4157,12.0,28.14232,0.40063499999999996
-110.0065,-223.5583,12.0,34.54195,0.351779
-106.3294,-251.1837,12.0,40.64373,0.20385599999999998
-86.93397,-271.7182,12.0,39.34189,-0.002341023
-57.37509,-265.4311,12.0,43.52915,0.1478783
-46.15867,-240.9567,12.0,33.98389,-0.8253290000000001
-53.50075,-221.5424,12.0,16.51791,-1.5802969999999998
-53.16621,-215.9816,12.0,5.573780999999999,0.03724771
-53.1631,-215.4389,12.0,3.798725,0.6542143
-48.73482,-218.829,12.0,11.680860000000001,0.5307894000000001
-42.31091,-211.6144,12.0,14.69491,-0.3170863
-41.60317,-201.4782,12.0,16.62647,1.355658
-38.18325,-186.32,12.0,24.59894,0.4817398
-25.16258,-170.5729,12.0,31.0435,0.4503879
-3.6123160000000003,-157.219,12.0,37.40853,0.4129134
12.28514,-136.5594,12.0,31.298000000000002,-0.9219065000000001
3.240757,-116.6172,12.0,35.22558,1.317014
-9.62912,-87.69104,12.0,50.629670000000004,0.5657619
-7.893896000000001,-48.36789,12.0,55.59965,0.1775269
-2.241305,-5.834511,12.0,59.978069999999995,-0.14194879999999999
-7.953641999999999,27.86399,12.0,30.904790000000002,0.1517104
-27.132759999999998,44.54322,12.0,37.27459,0.1177059
-56.27454,44.31284,12.0,42.27386,0.19853579999999998
-89.75036999999999,44.04821,12.0,47.93793,0.17536210000000002
-126.4486,40.11036,12.0,48.78739,-0.2605783
-153.7074,22.76661,12.0,42.5777,-0.449876
-153.7922,12.56367,12.0,4.083551,-0.8875328000000001
-150.6465,12.453619999999999,12.0,8.609376,0.576049
-146.5197,4.821591000000001,12.0,16.21503,0.2845379
-145.1982,-9.966082,12.0,23.60004,0.2656834
-142.0736,-29.778809999999996,12.0,30.45188,0.43838940000000004
-142.5287,-37.26783,13.0,9.906408,0.286296
-147.1896,-46.2757,13.0,17.59725,0.5323642
-160.3557,-54.585480000000004,13.0,24.6032,0.39951
-166.5812,-69.34191,13.0,19.831979999999998,-0.5321614
-155.8605,-76.2377,13.0,19.3411,0.4260169
-140.967,-72.72154,13.0,19.4049,-0.3920132
-125.8441,-74.19164,13.0,24.31837,0.36426640000000005
-110.8491,-87.11864,13.0,30.21091,0.400244
-107.6955,-110.6335,13.0,35.00136,0.2877932
-125.1952,-130.5213,13.0,38.64073,0.1363402
-145.4867,-126.7967,13.0,18.10037,-1.833516
-142.8207,-122.9337,13.0,8.69036,0.5664077
-138.5699,-122.3938,13.0,3.234515,0.5899762
-143.3419,-124.2679,13.0,10.21578,0.05637905
-145.5318,-129.0194,13.0,2.137881,-0.4071941
-145.112,-127.0062,13.0,7.388338,0.3448731
-141.06799999999998,-119.2991,13.0,15.85532,0.2728802
-142.4749,-105.4909,13.0,22.90128,0.24262039999999999
-158.1771,-98.37321,13.0,25.11243,-0.344008
-167.0626,-112.3902,13.0,27.43828,0.5409752
-167.7808,-135.3368,13.0,34.51549,0.5102005000000001
-167.6732,-163.5334,13.0,41.21672,0.4947944
-167.9614,-196.4128,13.0,47.53463,0.46754520000000005
-167.4884,-233.7512,13.0,51.99998,-0.4816782
-146.7152,-257.4408,13.0,42.077529999999996,-0.5056166
-127.5274,-245.80900000000003,13.0,30.166009999999996,0.3024126
-127.9941,-219.9253,13.0,40.0158,0.44722700000000004
-127.4958,-191.3633,13.0,26.30797,-1.275167
-120.348,-182.0186,13.0,14.38062,0.3537282
-108.5117,-186.3437,13.0,22.12908,0.23360079999999997
-104.8059,-204.5688,13.0,28.9334,0.5162127000000001
-107.8335,-228.3936,13.0,35.90291,0.4883209
-101.9305,-255.9046,13.0,41.12474,0.3567732
-77.19285,-272.6929,13.0,42.6167,0.0015560110000000002
-52.11508,-256.8274,13.0,42.5322,0.003209644
-48.48728,-224.2361,13.0,46.853609999999996,-0.2689281
-39.42246,-193.8011,13.0,43.26058,0.1941326
-16.75412,-168.4023,13.0,49.02283,0.2134724
7.223298,-139.27700000000002,13.0,49.14743,-0.4695525
2.371109,-110.3793,13.0,34.6487,-0.4450938
-8.838877,-92.70498,13.0,30.016270000000002,1.269909
-6.091092,-67.8447,13.0,37.20049,0.4917229
-5.358862,-37.857409999999994,13.0,43.76073,0.46954989999999996
-3.837133,-3.157909,13.0,49.863440000000004,0.2032704
-9.877593,32.4933,13.0,42.812,-1.632134
-30.60125,40.70936,13.0,21.91006,-0.9481618
-35.076409999999996,32.58374,13.0,0.1824542,-0.2763151
-35.132090000000005,32.59022,13.0,0.06411713,-0.0002861041
-35.162409999999994,32.61935,13.0,0.8371921,0.3315322
-34.16942,36.32172,13.0,9.149486,0.5025293
-32.45551,43.42549,13.0,6.092697,-0.7320189
-32.3564,44.36866,13.0,3.180281,0.5900975
-36.39805,41.254940000000005,13.0,11.0827,0.2587741
-46.93027,43.82574,13.0,18.37375,0.5162479
-62.974059999999994,45.142590000000006,13.0,25.10081,0.48180680000000004
-83.76044,42.2289,13.0,31.51261,0.45532259999999997
-109.3061,43.03086,13.0,37.35777,0.3758194
-136.9993,35.65377,13.0,39.3463,-0.7965932
-147.9212,10.76167,13.0,39.720040000000004,0.38293590000000005
-144.7065,-20.44887,13.0,45.003409999999995,0.1664408
-150.7994,-51.404720000000005,14.0,34.9135,-1.149391
-163.2542,-67.08955,14.0,22.63873,-0.05797501
-148.641,-75.72408,14.0,27.68652,0.22097089999999997
-126.4367,-78.60973,14.0,32.86365,0.1544114
-110.2977,-97.96458,14.0,36.649879999999996,0.1813648
-117.0622,-123.9151,14.0,38.82053,0.1330094
-141.116,-130.4386,14.0,27.43208,-0.9640318999999999
-145.738,-120.2614,14.0,2.949973,-1.236989
-146.4947,-119.2432,14.0,1.918334,-0.004133305
-147.3202,-118.2309,14.0,1.543888,-0.02976074
-148.6002,-117.4194,14.0,4.030744,0.3128028
-150.9812,-117.4899,14.0,0.04508974,-0.6746970999999999
-148.1176,-115.714,14.0,9.00349,0.6479963000000001
-144.6229,-107.0862,14.0,16.92574,0.2520091
-154.0812,-96.87473,14.0,22.88906,0.2913923
-167.5142,-106.5257,14.0,26.647009999999998,0.1716611
-166.3689,-128.5067,14.0,33.25318,0.23493200000000003
-166.739,-155.6741,14.0,40.10857,0.4856388
-167.0338,-187.8192,14.0,46.59174,0.4498132
-166.826,-224.5676,14.0,52.57358000000001,0.1274342
-153.4234,-253.0273,14.0,32.52301,-1.970247
-141.64700000000002,-252.4898,14.0,5.185425,-0.3961165
-141.2483,-249.8383,14.0,2.687369,0.196461
-137.14700000000002,-248.0061,14.0,10.35524,0.6253003
-128.0102,-251.5522,14.0,13.70605,-0.160614
-121.204,-248.3171,14.0,10.27679,0.13924820000000002
-123.2074,-237.7861,14.0,19.119310000000002,0.5726216
-126.3232,-221.0183,14.0,26.83145,0.546812
-127.7981,-198.4711,14.0,34.12232,0.4998970999999999
-116.9497,-179.1685,14.0,28.36135,-1.407073
-105.3468,-189.8858,14.0,28.381059999999998,1.235096
-107.2871,-218.2065,14.0,48.36979,1.429466
-100.3363,-257.6076,14.0,53.852509999999995,-1.285748
-70.63673,-272.0649,14.0,46.5153,0.3027495
-48.427040000000005,-250.722,14.0,43.17886,0.02844544
-48.80927,-217.2263,14.0,47.56465,0.08034966
-31.485359999999996,-185.3297,14.0,51.9151,0.1737806
-2.479032,-157.1505,14.0,56.88136,-0.3404557
9.394277,-125.2306,14.0,31.862440000000003,-1.071669
-2.3765080000000003,-108.6243,14.0,28.13488,0.42623590000000006
-5.7461910000000005,-85.88928,14.0,34.62701,0.2490734
-3.444408,-57.77545,14.0,41.44168,0.46244430000000003
-2.248353,-24.66444,14.0,47.82159,0.45330600000000004
-3.425396,12.9439,14.0,53.33495,-0.4008203
-20.48028,41.170120000000004,14.0,43.40271,-0.14067520000000003
-53.27434,40.6549,14.0,47.19157,0.2973896
-90.44287,40.180440000000004,14.0,53.181230000000006,0.42963670000000004
-129.6065,40.56796,14.0,45.196870000000004,-0.9089408000000001
-145.3927,24.705389999999998,14.0,16.7452,-2.712398
-143.7038,22.71493,14.0,5.69149,0.33315700000000004
-141.2825,25.46803,14.0,2.365135,-0.9590559999999999
-142.8834,23.34671,14.0,7.692955,0.41680100000000003
-148.6423,21.674020000000002,14.0,5.472201,-0.40541309999999997
-148.9014,21.686329999999998,14.0,4.482065,0.342526
-143.9656,17.23679,14.0,13.451929999999999,0.6005368000000001
-140.8223,4.8010209999999995,14.0,21.652420000000003,0.5874710999999999
-141.7906,-14.2313,14.0,29.55967,0.276996
-141.8113,-35.02324,1.0,5.817566,-0.07552239
-142.2976,-41.68697,1.0,13.69276,0.6755555999999999
-149.3932,-52.49759,1.0,21.98375,0.5974098000000001
-162.869,-65.08469000000001,1.0,27.46482,-0.07576035
-151.95,-76.56285,1.0,23.901320000000002,-0.1102019
-137.6563,-68.92423000000001,1.0,13.97959,-1.4700870000000001
-135.8657,-68.2784,1.0,0.02536825,0.00124795
-135.8468,-68.28121999999999,1.0,0.02536526,-0.0002111439
-135.8297,-68.28341999999999,1.0,0.01895321,-0.0016775420000000002
-136.0685,-69.49688,1.0,4.495988,0.33824529999999997
-135.725,-72.82003,1.0,4.35497,-0.02479359
-136.099,-75.64713,1.0,3.533346,-0.01388672
-136.4956,-76.2326,1.0,3.581056,0.6775479
-130.7584,-74.98264,1.0,12.48945,0.621846
-119.9957,-80.00506999999999,1.0,20.14428,0.5545606
-112.0559,-95.95918,1.0,27.90488,0.5244685
-112.8062,-118.2847,1.0,33.79793,0.40848579999999995
-133.0005,-133.3709,1.0,35.1366,-1.241097
-146.8609,-121.9123,1.0,22.29105,-0.29672550000000003
-138.465,-109.45299999999999,1.0,9.362295,-3.016124
-138.458,-108.7195,1.0,0.0282233,0.04730674
-138.4588,-108.7365,1.0,0.02083974,-0.009061866
-140.1406,-108.1944,1.0,6.463048000000001,0.21979120000000002
-145.2917,-110.1979,1.0,6.432171,-1.454333
-145.1093,-109.6542,1.0,5.723655,0.6508911000000001
-145.1674,-102.4738,1.0,14.073579999999998,0.2833616
-155.2196,-95.68319,1.0,17.408,-0.1936108
-164.5439,-100.9598,1.0,15.641029999999999,1.0757700000000001
-167.1112,-118.0224,1.0,30.34705,0.8565195999999999
-168.4742,-143.4656,1.0,38.74299,0.31743140000000003
-163.7799,-170.9362,1.0,34.27541,-0.5293739000000001
-167.885,-194.1154,1.0,33.44319,0.7083876
-166.7275,-222.9121,1.0,37.9848,-0.5457889
-161.1687,-246.7035,1.0,28.270359999999997,-0.8350271999999999
-142.5326,-250.3436,1.0,29.097990000000003,0.2097085
-122.8257,-240.1964,1.0,27.986309999999996,-1.543874
-129.1338,-224.9412,1.0,25.77382,0.1485767
-125.7301,-209.9232,1.0,21.70596,-0.2148328
-123.9745,-196.71900000000002,1.0,18.1438,-0.01915585
-122.4784,-185.692,1.0,14.54972,0.22691839999999996
-111.3221,-188.0553,1.0,17.05774,-0.2365484
-110.1556,-199.2914,1.0,14.10345,-0.04976583
-109.7556,-211.1358,1.0,19.82761,0.2915247
-107.9389,-228.6281,1.0,27.581220000000002,0.5484722
-103.8043,-251.3158,1.0,34.53405,0.41339709999999996
-85.36854,-270.1476,1.0,38.56216,0.08633047
-58.80571,-263.2594,1.0,39.50095,0.01773717
-51.95851,-235.106,1.0,42.4002,0.4142392
-41.72312,-203.832,1.0,47.46175,0.41557269999999996
-18.41518,-175.0937,1.0,52.943130000000004,0.43273770000000006
6.1773430000000005,-142.0165,1.0,58.25434,0.2245694
11.20014,-109.2282,1.0,23.39549,-4.8058510000000005
9.916702,-104.3278,1.0,0.6900569999999999,-0.07341641
9.88987,-104.33,1.0,1.805718,0.5986387
13.068719999999999,-106.4232,1.0,7.760663,0.1633591
18.156670000000002,-107.0326,1.0,3.209264,-0.6846924
17.121029999999998,-107.3515,1.0,5.908831,0.316894
10.24041,-110.3781,1.0,13.945739999999999,0.2022493
0.283722,-108.2759,1.0,18.03864,0.2007231
1.294106,-92.50697,1.0,24.87997,0.1971675
-3.9931900000000002,-72.43045,1.0,31.52065,0.4686218
-5.7622279999999995,-46.65834,1.0,38.19619,0.4727031
-6.434257,-16.004839999999998,1.0,44.5726,0.4558603
-6.8540529999999995,19.21365,1.0,49.59805,-0.37545429999999996
-17.43569,43.68111,1.0,20.16015,-1.213678
-26.76718,39.96795,1.0,16.97172,0.2595694
-41.467009999999995,38.424929999999996,1.0,24.054920000000003,0.5354340999999999
-61.8333,39.72395,1.0,31.15093,0.2591126
-87.47431999999999,39.63828,1.0,37.98575,0.4990009
-117.9898,40.53589,1.0,44.38939,0.43524399999999996
-143.1335,32.975390000000004,1.0,25.6721,-2.295325
-141.0543,24.50814,1.0,8.154717999999999,0.3966838
-137.7516,24.25992,1.0,0.07199547,0.02196604
-137.7517,24.21605,1.0,0.05312552,-0.0008037961
-139.2164,24.56564,1.0,5.739175,0.1633162
-145.6509,24.106479999999998,1.0,11.00964,0.2505601
-150.9858,25.36226,1.0,2.444934,-0.6805041000000001
-149.7056,24.63559,1.0,6.2027410000000005,0.3045892
-147.0672,17.902520000000003,1.0,13.88592,0.48802890000000004
-151.8845,6.1291199999999995,1.0,20.34498,0.3271501
-148.4063,-10.71366,1.0,26.69551,0.4753582
-146.0509,-32.704370000000004,1.0,33.000690000000006,0.2108855
-158.4478,-51.60849,2.0,33.12341,0.30891599999999997
-165.2526,-69.66985,2.0,24.04242,-1.006245
-156.3589,-70.52683,2.0,8.310166,-0.08600415
-155.7065,-68.52735,2.0,0.05613136,-0.01240166
-155.6781,-68.53699,2.0,0.27120890000000003,0.04731588
-156.2171,-71.19261999999999,2.0,5.238705,-0.04766749
-156.8098,-74.73997,2.0,3.600374,-0.7955274999999999
-155.9864,-74.04939,2.0,6.241735,0.6976488000000001
-148.4111,-73.46385,2.0,14.98001,0.29796290000000003
-137.0036,-81.315,2.0,20.33325,-0.1831059
-123.8495,-84.71301,2.0,17.0511,0.2079026
-112.4727,-97.66686,2.0,30.49335,0.77556
-115.4079,-119.5257,2.0,32.138940000000005,0.4419233
-135.3892,-130.7687,2.0,30.154590000000002,-0.9909077
-144.8392,-119.4439,2.0,20.480729999999998,0.3318494
-139.7802,-105.3908,2.0,18.29187,-0.2042125
-153.3005,-101.7947,2.0,21.29665,-0.155029
-161.018,-111.26299999999999,2.0,16.72286,-0.06227785
-163.0525,-123.7736,2.0,18.786189999999998,0.28712540000000003
-165.4085,-140.8245,2.0,27.44564,0.2756378
-165.292,-164.0574,2.0,35.139379999999996,0.5279864000000001
-165.6284,-192.8523,2.0,42.33358,0.25215210000000005
-165.6953,-226.72400000000002,2.0,49.04823,0.4649102
-157.7393,-249.5133,2.0,22.136670000000002,0.8797855
-139.2783,-251.8725,2.0,29.30415,0.5385112
-125.1303,-239.3588,2.0,24.54382,-0.2736941
-126.5869,-219.1376,2.0,32.90133,0.5260645
-126.432,-192.7314,2.0,32.80621,-3.636976
-119.7245,-183.9696,2.0,12.17876,0.5980119
-111.2944,-190.4043,2.0,19.159979999999997,0.543291
-109.7257,-207.5592,2.0,27.27185,0.6209723
-107.2163,-230.4801,2.0,34.91121,0.26769640000000006
-99.07297,-257.5737,2.0,41.35435,0.1726286
-73.5287,-270.3497,2.0,40.18592,0.001705524
-50.514590000000005,-251.6883,2.0,42.34929,-0.00042144
-49.05672,-219.5173,2.0,46.34063,0.4089275
-33.64935,-187.9934,2.0,50.57451,0.4645315
-6.488161,-158.91,2.0,56.69003000000001,0.4113013
8.910867,-129.1002,2.0,25.29955,-2.808528
0.1155667,-117.6391,2.0,22.662689999999998,0.2743137
-6.567794,-99.93319,2.0,29.72107,0.5676022
-6.639321000000001,-75.108,2.0,37.21447,0.5282658
-6.798259,-44.90607,2.0,44.30188,0.4971049
-7.240431,-9.596025,2.0,50.90918,0.2268801
-8.535591,29.406879999999997,2.0,48.13297,-0.8009248000000001
-23.76995,46.156890000000004,2.0,14.82185,-2.662442
-25.57555,44.51382,2.0,5.8460220000000005,0.3371958
-30.143459999999997,39.72589,2.0,14.13155,0.5413555
-42.40719,44.873470000000005,2.0,22.223679999999998,0.25466869999999997
-60.989230000000006,45.11663,2.0,29.33636,0.5780134
-85.39969,41.99987,2.0,36.84863,0.5581385
-115.3097,41.04435,2.0,43.91103,0.5141797
-145.8462,31.99284,2.0,35.504020000000004,-2.365872
-149.7738,18.916220000000003,2.0,3.0869299999999997,-1.450113
-146.1533,19.1565,2.0,9.355372000000001,0.5692024
-143.7139,10.35501,2.0,17.45594,0.29091269999999997
-151.1342,-3.362949,2.0,24.20951,0.08773560000000001
-146.42600000000002,-22.85264,2.0,30.79692,0.5297132
-142.5802,-37.677,3.0,11.975439999999999,-0.08562473
-145.8798,-45.65994,3.0,13.4204,1.014716
-155.5816,-52.97006999999999,3.0,16.03067,-0.1289193
-165.304,-56.73138,3.0,12.452,-0.1714366
-165.8588,-64.28693,3.0,9.497666,-0.08352899
-159.1382,-71.52852,3.0,17.70035,0.5047215
-143.4013,-71.84936,3.0,25.28453,0.518629
-123.6582,-78.6237,3.0,28.11808,-0.2367687
-110.704,-91.92348,3.0,23.187379999999997,-0.208912
-108.4358,-111.3928,3.0,26.96722,-0.2133737
-116.1637,-127.1998,3.0,21.45245,-0.3779268
-130.7517,-133.8207,3.0,25.25263,0.43389220000000006
-143.3371,-123.4765,3.0,28.056559999999998,1.163604
-152.5052,-104.9833,3.0,22.28102,-1.895571
-164.1306,-107.2613,3.0,19.52729,0.2377186
-167.8774,-124.0094,3.0,27.32133,0.5691963000000001
-169.94,-147.028,3.0,34.90207,0.5066712000000001
-167.5145,-175.3764,3.0,41.91028,0.46307879999999996
-165.4002,-208.851,3.0,48.56021,0.4755818
-163.0122,-244.7181,3.0,44.68892,-0.6449789
-144.6167,-258.942,3.0,26.61905,-0.45228679999999993
-129.1355,-245.7523,3.0,31.206540000000004,0.764269
-126.8992,-221.8909,3.0,36.21289,0.5267582
-127.2204,-195.4953,3.0,33.659240000000004,-0.3119156
-116.9064,-178.5248,3.0,23.877570000000002,-0.1784139
-109.2049,-189.1922,3.0,22.90149,0.5838770999999999
-106.7379,-208.0925,3.0,29.8695,0.5464973000000001
-105.1115,-230.63,3.0,28.763820000000003,-0.395762
-105.7413,-252.2963,3.0,34.687670000000004,0.2271591
-89.45234,-271.532,3.0,36.23523,-0.06471317
-65.54324,-268.76099999999997,3.0,19.07154,-1.210453
-56.81168,-267.2199,3.0,5.294093,-0.9099439
-56.7803,-267.1478,3.0,2.091148,-0.3168908
-57.006209999999996,-267.2438,3.0,2.174353,0.2685677
-54.53434,-264.3256,3.0,7.146547,0.08594701
-49.49472,-262.5516,3.0,7.819639,-0.08019251
-48.376509999999996,-263.3719,3.0,3.187322,0.3380581
-50.164229999999996,-258.1174,3.0,11.69253,0.3027743
-47.72938,-246.7311,3.0,19.70114,0.2736823
-44.48758,-229.6445,3.0,27.19874,0.5313163000000001
-41.92317,-206.94400000000002,3.0,34.28244,0.48898230000000004
-32.07815,-182.3514,3.0,38.71826,0.4475698
-11.08291,-161.5954,3.0,33.27623,-1.66055
3.479847,-149.9919,3.0,21.279889999999998,-0.3518272
11.52834,-138.9436,3.0,16.30389,-0.3301295
10.083739999999999,-128.0028,3.0,16.81247,0.5875503000000001
1.051331,-115.7865,3.0,24.24234,0.5078734
-7.315459,-96.94962,3.0,31.2898,0.5000637
-10.49001,-71.63319,3.0,37.80247,0.21259720000000001
-7.352850999999999,-41.37903,3.0,44.09308,0.2236427
-3.4955239999999996,-8.447127,3.0,41.99057,-0.235513
-4.38269,11.98433,3.0,12.320219999999999,-1.874397
-5.051131,16.13816,3.0,7.239052,0.32624759999999997
-6.955267,24.51618,3.0,15.77338,0.29679520000000004
-14.232999999999999,36.885670000000005,3.0,23.269920000000003,0.47862089999999996
-32.20563,44.82227,3.0,30.03708,0.40625320000000004
-56.88836,44.703590000000005,3.0,36.83249,0.4950884
-86.63195999999999,43.48532,3.0,43.43784,0.23282260000000002
-120.3083,40.52004,3.0,44.802690000000005,-0.17190020000000003
-147.488,30.437929999999998,3.0,36.4975,-0.39314679999999996
-145.006,7.209282000000001,3.0,34.41724,0.2201905
-145.1883,-19.52058,3.0,39.39212,0.44883900000000004
-146.9506,-48.58974,4.0,31.67127,-1.31122
-160.6579,-54.372519999999994,4.0,19.66186,0.15656370000000003
-167.5353,-64.24653,4.0,20.59451,0.1535901
-153.0379,-72.63636,4.0,26.60385,0.44829949999999996
-131.3291,-75.53908,4.0,33.00845,0.23039
-111.9457,-92.96016999999999,4.0,38.45819,0.16767200000000002
-113.2154,-119.73299999999999,4.0,37.48235,0.0470315
-134.87,-132.4025,4.0,33.87784,-0.9821923
-144.5913,-114.62299999999999,4.0,30.65902,0.4634371
-151.9483,-98.87003,4.0,17.099520000000002,-0.4435794
-163.6372,-105.1796,4.0,22.68701,0.22407329999999998
-168.4287,-123.8858,4.0,29.85991,0.5212932
-170.3977,-148.4635,4.0,36.70323,0.2365199
-167.57299999999998,-178.0457,4.0,43.36175,0.48802579999999995
-164.3755,-212.4114,4.0,49.44637,0.1340054
-161.8318,-245.6754,4.0,30.577379999999998,-3.139881
-150.8062,-255.9401,4.0,18.22338,0.3214356
-134.5355,-256.2122,4.0,24.91291,0.06217505
-126.568,-237.7638,4.0,30.92388,0.47837219999999997
-127.4383,-212.7921,4.0,37.14212,0.6340717
-124.9146,-184.3965,4.0,38.88382,-0.3698785
-103.2959,-179.1784,4.0,28.08223,-0.4046599
-103.7871,-193.8745,4.0,21.60965,0.14346620000000002
-114.5787,-201.08,4.0,5.758847,-0.8510317
-114.5551,-201.5558,4.0,0.007243365,0.02834851
-113.9789,-201.7055,4.0,3.2767459999999997,0.19474860000000002
-110.3713,-200.3434,4.0,7.108424,0.03948279
-109.6807,-198.24099999999999,4.0,1.085013,0.6556789000000001
-109.2268,-201.7421,4.0,8.349654,0.2629454
-107.4496,-210.3413,4.0,15.191460000000001,0.476066
-105.3877,-223.7931,4.0,21.51171,0.21637870000000003
-105.9301,-241.9599,4.0,27.395459999999996,0.1949881
-100.0941,-262.7381,4.0,31.80586,0.2563116
-78.59322,-272.0031,4.0,34.30118,0.13544879999999998
-54.683730000000004,-261.3893,4.0,37.27235,-0.02562673
-49.32036,-234.5898,4.0,39.39167,0.1780705
-43.9768,-204.5182,4.0,43.6245,0.34585770000000005
-26.25648,-176.4289,4.0,46.72578,0.1242215
-2.1979189999999997,-155.1152,4.0,32.62165,-1.166347
10.028789999999999,-143.1006,4.0,18.918110000000002,-0.23675320000000002
11.68667,-130.5733,4.0,22.1932,0.7504649999999999
0.5223064000000001,-115.7258,4.0,27.92274,0.36214250000000003
-8.009881,-94.98254,4.0,33.00819,0.4136
-10.57372,-68.84756,4.0,38.05592,0.3880398
-6.504548000000001,-39.1926,4.0,42.82013,0.34455979999999997
-1.551917,-6.172614,4.0,47.26878,0.112023
-7.50272,27.21313,4.0,32.95906,-1.744619
-22.6657,41.25727,4.0,30.46361,0.1551524
-46.71375,43.70982,4.0,35.31831,0.18326879999999998
-74.77203,43.3034,4.0,40.4178,0.3552984
-106.2959,41.56837,4.0,43.58265,-0.06553214
-133.862,38.15402,4.0,22.404339999999998,-3.7967839999999997
-143.9475,32.0664,4.0,18.0531,0.4076929
-148.075,17.314239999999998,4.0,23.79128,0.205335
-145.2603,-2.2011689999999997,4.0,29.5148,0.40972879999999995
-141.5693,-25.80331,4.0,34.73158,0.3328586
-148.7502,-47.35946,5.0,26.4631,-0.572289
-166.3568,-57.71593000000001,5.0,26.89872,-0.6743998999999999
-163.5653,-69.45679,5.0,17.41781,-0.48229220000000006
-150.5382,-70.71876,5.0,21.52524,0.45546320000000007
-132.8605,-74.8892,5.0,27.434559999999998,0.20761149999999998
-113.9799,-86.08659,5.0,32.17048,0.12453199999999999
-108.4406,-109.3018,5.0,34.44386,-0.16726729999999998
-120.0181,-130.25799999999998,5.0,31.831,-0.37144190000000005
-138.4774,-130.2381,5.0,22.90916,0.6452701999999999
-144.9722,-113.2685,5.0,27.32177,0.31941640000000004
-159.7885,-100.3085,5.0,23.54249,-1.2979530000000001
-164.7806,-109.6073,5.0,16.46828,0.001171525
-166.4238,-123.9153,5.0,23.00504,0.15666470000000002
-168.1212,-146.662,5.0,40.047740000000005,0.7004145
-166.1086,-180.3594,5.0,48.65737,0.2511498
-164.3059,-216.5961,5.0,40.5716,-2.6372169999999997
-163.517,-236.2682,5.0,19.84386,-0.4302758
-160.7172,-248.692,5.0,14.655710000000001,-0.01038485
-151.7028,-257.6966,5.0,22.7314,0.42478180000000004
-133.9326,-256.0043,5.0,29.185990000000004,0.351195
-125.3831,-231.9321,5.0,39.99279,0.26405700000000004
-128.3451,-203.101,5.0,30.075470000000003,-2.7846759999999997
-126.4409,-187.7925,5.0,17.10054,-0.26295999999999997
-115.5003,-182.0809,5.0,21.58015,0.7034233
-103.0365,-192.7672,5.0,25.96071,0.19646770000000002
-103.0617,-215.4324,5.0,35.02095,0.2314638
-105.5972,-242.3241,5.0,35.71454,-0.32772890000000005
-100.3895,-264.4832,5.0,28.3861,0.28517509999999996
-79.29524,-272.0812,5.0,33.17859,0.3117574
-56.25391,-262.1783,5.0,35.81237,0.03372258
-48.66986,-235.842,5.0,39.468509999999995,0.3414328
-43.967259999999996,-205.1931,5.0,44.194959999999995,0.1531992
-28.35952,-175.5189,5.0,47.1821,0.1289208
-5.68171,-157.8292,5.0,17.16231,-1.592751
2.428664,-152.4713,5.0,10.75923,-0.1594982
7.4315240000000005,-148.3953,5.0,6.9897100000000005,-0.2656103
11.60535,-143.2588,5.0,12.22028,0.2343815
12.48677,-132.2238,5.0,18.36585,0.4326899
4.052225,-118.9667,5.0,24.30467,0.2125591
-5.615796,-101.5019,5.0,29.826420000000002,0.39762709999999996
-10.47006,-77.91526999999999,5.0,35.07352,0.1732092
-8.186367,-50.27973,5.0,39.92405,0.30321729999999997
-2.760742,-19.40875,5.0,44.70166,0.36142929999999995
-2.577503,11.822280000000001,5.0,33.70454,-1.516995
-6.748208999999999,25.20316,5.0,9.255333,-0.001935979
-12.05135,34.46795,5.0,18.15769,0.2172029
-24.938579999999998,42.9227,5.0,23.94666,0.37289829999999996
-44.46067,45.319340000000004,5.0,29.49969,0.4374972
-68.33657,44.79218,5.0,34.94441,0.1860476
-96.16346999999999,43.43945,5.0,40.07035,0.1659958
-125.1183,40.46243,5.0,35.22619,-0.11344680000000001
-140.9235,35.3081,5.0,21.76991,0.16420910000000002
-147.8429,18.982860000000002,5.0,26.9668,0.1780568
-145.1018,-2.662,5.0,32.24559,0.39605630000000003
-141.9035,-27.98224,5.0,32.48588,-0.5465798000000001
-145.3912,-43.3471,6.0,11.9735,-0.3347383
-153.0771,-52.757769999999994,6.0,19.23937,-0.4980726
-164.014,-57.78601,6.0,13.38214,-0.44729650000000004
-164.7979,-67.4425,6.0,18.40806,0.3504627
-149.3693,-72.37212,6.0,29.25008,1.109026
-124.5751,-77.87013,6.0,39.977990000000005,0.3358835
-109.0167,-101.1438,6.0,36.36952,-0.9630880999999999
-116.258,-117.0744,6.0,11.62827,-0.3048105
-119.6599,-126.5243,6.0,19.214679999999998,0.7260531
-129.9436,-134.1747,6.0,18.8609,0.4528185
-142.8808,-126.3106,6.0,24.112560000000002,0.4450795
-146.903,-108.1241,6.0,17.57855,-2.191174
-151.7355,-103.1408,6.0,8.608932000000001,0.6738263000000001
-160.8654,-100.8461,6.0,16.64345,-0.06013573
-166.9251,-110.905,6.0,20.37011,0.4460264
-168.2568,-131.1567,6.0,34.18227,0.9262415999999999
-168.5929,-161.1131,6.0,46.06373,0.7989208999999999
-165.8348,-198.8369,6.0,55.40815,-0.15113800000000002
-163.4999,-236.1095,6.0,44.5644,-0.3726848
-153.0981,-257.5704,6.0,26.362,-0.3730239
-136.8869,-255.9335,6.0,19.034370000000003,-0.20681770000000002
-126.9167,-243.315,6.0,25.66637,0.1904165
-125.113,-222.425,6.0,31.07909,0.35715749999999996
-128.7834,-197.7175,6.0,35.486940000000004,-0.9620333000000001
-122.5408,-182.6138,6.0,17.60175,1.1298709999999998
-108.4763,-186.4536,6.0,22.86952,0.2978594
-102.6169,-203.81799999999998,6.0,27.856959999999997,0.3878032
-104.3021,-226.4599,6.0,33.3205,0.1963014
-105.3506,-252.93599999999998,6.0,38.21672,0.2806051
-88.56326999999999,-272.5506,6.0,35.486709999999995,-0.42033190000000004
-66.52875,-268.7123,6.0,26.399079999999998,-0.5260944000000001
-52.19712,-259.7406,6.0,23.966379999999997,0.6533799
-47.25284,-239.4466,6.0,31.36843,0.4127093
-43.974779999999996,-214.4185,6.0,36.70872,0.35577420000000004
-37.817170000000004,-186.3532,6.0,40.72283,0.08031897
-15.01949,-166.1407,6.0,39.817440000000005,-0.9335458000000001
0.3434862,-154.4343,6.0,14.07686,-0.36132220000000004
7.487004,-148.5403,6.0,12.106489999999999,0.0762074
12.608839999999999,-139.5181,6.0,17.531679999999998,0.6986624
8.009963,-124.6161,6.0,26.323970000000003,0.7194676
-5.578325,-104.2198,6.0,40.43274,1.004683
-9.566982000000001,-69.71558,6.0,53.400319999999994,0.44459390000000004
-3.96506,-26.848129999999998,6.0,61.24448,0.1071125
-3.371597,13.36759,6.0,37.41503,-1.6080780000000001
-9.602416999999999,30.333740000000002,6.0,21.297929999999997,0.41067040000000005
-23.12572,42.28321,6.0,29.60571,0.3891177
-49.5783,45.30487,6.0,43.41446,0.5439023000000001
-87.2261,43.77223,6.0,57.569340000000004,0.4699249
-121.3958,40.496359999999996,6.0,22.402279999999998,-1.3439809999999999
-131.9486,38.409620000000004,6.0,13.145999999999999,0.8717719
-144.6755,31.818579999999997,6.0,23.783079999999998,0.20736129999999997
-147.4404,12.97361,6.0,28.71175,0.398368
-143.5612,-9.951698,6.0,34.13044,0.1953061
-141.8886,-33.7801,7.0,6.227105,0.5153312
-142.7929,-40.9115,7.0,13.13855,0.476513
-149.7899,-50.37236,7.0,19.1614,0.1976601
-164.1881,-57.58659,7.0,23.78024,-0.5751850000000001
-167.3183,-70.77207,7.0,15.89833,-0.3161875
-157.6395,-77.0621,7.0,17.70566,0.251262
-143.775,-73.89003000000001,7.0,20.02621,-0.03995463
-128.1304,-74.45711999999999,7.0,22.88599,0.1086144
-112.6337,-86.81475999999999,7.0,30.523259999999997,0.2935776
-108.8402,-109.6996,7.0,34.04006,0.23084960000000002
-124.8975,-129.2465,7.0,36.67637,0.1772295
-146.5945,-126.3472,7.0,21.61355,-1.7043979999999999
-144.1946,-117.3626,7.0,9.93505,-0.009127191
-144.9225,-107.2093,7.0,17.67745,-0.06631598
-155.5134,-101.3326,7.0,18.633210000000002,0.283783
-165.9338,-110.6482,7.0,19.99977,-0.08353236
-165.8979,-126.0549,7.0,23.690739999999998,0.6124982
-168.21200000000002,-147.5728,7.0,36.19981,1.012895
-169.7171,-179.2823,7.0,49.16794,0.435119
-169.7131,-218.6933,7.0,51.634570000000004,-0.8438414000000001
-161.9574,-248.3611,7.0,31.37841,-0.8949013000000001
-144.2648,-254.4172,7.0,22.28388,-0.4581095
-129.2657,-248.4721,7.0,23.28282,0.259803
-125.845,-229.106,7.0,31.41712,0.41038640000000004
-126.1711,-203.7948,7.0,36.77901,0.392925
-121.1622,-180.9074,7.0,18.45932,-1.96897
-111.5321,-183.7398,7.0,18.44337,0.3657106
-109.1651,-199.2891,7.0,24.36373,0.43507390000000007
-108.7525,-219.4815,7.0,30.1277,0.1979737
-107.7589,-243.7916,7.0,35.31122,0.3118175
-94.04181,-266.7258,7.0,38.3725,0.1888497
-66.61012,-271.1837,7.0,39.37979,-0.01657532
-50.09126,-248.8391,7.0,39.92167,0.1086818
-47.91149,-217.69,7.0,44.37012,0.27704359999999995
-31.82337,-188.8974,7.0,46.972409999999996,0.35575409999999996
-7.019964999999999,-161.9446,7.0,51.42794,0.14247720000000003
9.024608,-134.2317,7.0,29.68327,-1.8412369999999998
2.5464740000000003,-117.1746,7.0,29.043229999999998,0.6612304
-5.9043410000000005,-95.4212,7.0,37.70628,1.210418
-2.129832,-61.08022,7.0,55.48964,1.235638
-1.140277,-14.38441,7.0,68.56718000000001,-1.032677
-5.362241,29.64912,7.0,45.64325,-1.47354
-24.38741,41.86133,7.0,30.5704,0.3735427
-51.721920000000004,40.58542,7.0,40.69092,0.3543883
-83.70333000000001,40.45187,7.0,45.46792,0.3432156
-119.06299999999999,41.4038,7.0,49.88554,0.22687039999999997
-146.08,30.88073,7.0,28.2605,-1.1638950000000001
-145.7311,9.370486,7.0,31.93538,0.3917408
-145.1703,-16.317870000000003,7.0,37.219429999999996,0.3792253
-148.628,-45.1739,8.0,39.82243,-0.4841439
-166.6318,-61.33797,8.0,22.3741,-0.9687046
-163.5942,-76.22398000000001,8.0,26.31042,0.4364246
-143.2774,-77.68467,8.0,30.750190000000003,0.41066440000000004
-121.0018,-83.66444,8.0,33.72335,0.3050565
-110.6594,-106.8121,8.0,36.65039,0.1426059
-124.4897,-129.1307,8.0,37.73727,0.1100874
-145.5564,-128.963,8.0,12.93737,-2.747273
-145.1895,-126.4683,8.0,6.695378,0.5117429
-141.7484,-120.0581,8.0,13.406870000000001,0.44046549999999995
-145.9942,-108.905,8.0,19.53547,0.41797629999999997
-160.0717,-102.6131,8.0,23.43507,0.0426027
-167.732,-117.0712,8.0,25.9833,0.2118493
-166.9494,-138.3935,8.0,31.46606,0.38980790000000004
-170.9911,-163.3042,8.0,36.64393,0.16185120000000003
-169.658,-192.269,8.0,41.465379999999996,0.3514755
-168.6502,-224.7114,8.0,46.14255,0.1504616
-157.0385,-253.9691,8.0,38.30158,-0.8809296
-134.8942,-251.6903,8.0,27.26192,-0.03294018
-126.9921,-231.5442,8.0,32.59887,0.3674763
-127.295,-205.4577,8.0,37.83702,0.35990900000000003
-120.4115,-181.0568,8.0,23.20491,-2.131468
-109.48,-183.4376,8.0,17.66691,0.1765184
-106.9753,-198.2844,8.0,23.540860000000002,0.42231270000000004
-106.3897,-217.9733,8.0,29.3764,0.21028579999999997
-105.4863,-241.7633,8.0,34.7966,0.35538259999999994
-94.49937,-265.7978,8.0,37.76938,0.1449509
-68.02428,-271.3907,8.0,38.43235,0.01859524
-49.25362,-250.6463,8.0,39.84225,0.07542773
-46.2478,-219.7481,8.0,44.31089,0.324919
-33.46093,-189.7125,8.0,45.88123,0.3192962
-8.54152,-164.2846,8.0,50.240759999999995,0.29589679999999996
8.698488000000001,-134.112,8.0,39.04475,-0.5556411
-1.492451,-110.9361,8.0,38.9237,1.034599
-5.085114,-83.10766,8.0,40.66475,0.36952670000000004
-1.456601,-51.41163,8.0,45.30068,0.15966429999999998
-1.5274510000000001,-16.2049,8.0,49.77218,0.3153061
-3.610638,22.14955,8.0,51.22688,-0.6036411
-20.7331,42.58934,8.0,23.39499,-1.226467
-26.27027,40.15202,8.0,6.368805,0.23212199999999997
-31.767059999999997,37.16833,8.0,12.752189999999999,0.4442875
-40.3339,45.02283,8.0,19.07825,0.42177259999999994
-48.03168,48.58643,8.0,0.01988859,0.0036287529999999998
-48.01937,48.57215,8.0,0.5269934000000001,0.2458429
-48.45239,46.10158,8.0,5.184352,0.04502616
-47.082,43.23466,8.0,0.5957665,-0.7240368
-49.67257,45.07247,8.0,8.962126,0.6410055
-59.27126,46.08515,8.0,17.58244,0.31436820000000004
-75.32835,44.19045,8.0,25.85783,0.5826826999999999
-97.2299,42.071659999999994,8.0,33.49767,0.26110259999999996
-124.6093,44.19894,8.0,40.02268,0.09679552
-144.2595,26.11861,8.0,38.72736,0.3335225
-145.0974,-5.558221,8.0,47.10009,0.5849423
-141.9361,-33.80344,9.0,3.018511,-0.06056335
-142.2947,-36.05162,9.0,6.172435,1.3290629999999999
-145.2553,-44.28644,9.0,14.045720000000001,-0.2123241
-151.5165,-51.050329999999995,9.0,11.43388,-0.09557163
-160.8773,-54.18505,9.0,13.272470000000002,-0.10875910000000001
-166.7229,-60.04594,9.0,10.19145,-0.2008262
-163.5285,-69.54596,9.0,20.31413,0.6157822
-150.1554,-73.52228000000001,9.0,17.445,-0.13380179999999997
-138.3718,-72.93169,9.0,15.89114,0.8238224000000001
-122.5604,-78.08475,9.0,25.466070000000002,0.03825713
-109.916,-92.2552,9.0,26.38818,0.06366626
-107.5526,-109.9235,9.0,15.8862,-1.2911540000000001
-109.9672,-118.6708,9.0,10.897260000000001,-0.08601056
-116.3317,-129.423,9.0,21.69406,-0.08976156
-129.4112,-135.0449,9.0,17.53114,-0.3063993
-140.2242,-130.6303,9.0,16.43244,0.8256927
-146.9057,-115.5827,9.0,26.818140000000003,0.5832687
-154.7837,-100.443,9.0,16.16169,-0.1893477
-163.7998,-102.2393,9.0,12.710280000000001,0.737395
-167.5659,-116.5018,9.0,27.59722,1.0475940000000001
-168.7085,-141.9872,9.0,40.96588,0.8683516
-167.9953,-174.6813,9.0,46.406940000000006,0.24025749999999998
-164.5664,-209.2142,9.0,44.49507,-0.3128876
-162.6515,-238.145,9.0,30.2585,-1.6040780000000001
-154.9927,-255.2685,9.0,22.92155,-0.1935768
-141.2471,-260.16900000000004,9.0,17.66945,-0.3612738
-129.7044,-250.0753,9.0,27.88229,1.112152
-125.1087,-225.4821,9.0,37.99948,-0.16402329999999998
-128.5661,-201.1769,9.0,24.16817,-1.6170930000000001
-127.8597,-188.6833,9.0,14.18436,-0.1519751
-120.4169,-181.8244,9.0,17.92812,0.3500647
-107.5102,-185.1033,9.0,16.8196,-0.3358522
-102.7005,-195.7617,9.0,19.99766,1.134247
-103.2388,-216.0255,9.0,33.39866,0.6458822
-106.1724,-242.8959,9.0,37.01466,-0.1031877
-98.10461,-267.2078,9.0,33.498290000000004,-0.3339862
-75.32368000000001,-272.6962,9.0,32.66196,-0.03565312
-55.041169999999994,-261.103,9.0,32.42194,0.298452
-47.93742,-236.9887,9.0,35.5055,0.1708703
-43.75376,-210.2519,9.0,36.11908,-0.1632684
-36.915890000000005,-185.8913,9.0,31.89695,-0.38245840000000003
-22.639429999999997,-169.9957,9.0,26.02928,-0.3565065
-8.260012,-159.9905,9.0,21.6028,-0.185504
4.068211,-151.7222,9.0,18.09913,-0.2599199
12.3457,-140.2265,9.0,22.414720000000003,0.5174711
6.911604,-123.0539,9.0,27.88073,0.307537
-5.692351,-105.6672,9.0,29.64187,0.02953818
-10.70092,-84.07200999999999,9.0,30.3804,0.02072605
-10.2708,-60.06534,9.0,34.382670000000005,0.07472449
-6.037108,-34.359359999999995,9.0,35.84896,0.09250715
-2.078577,-7.710278,9.0,36.58842,-0.4914936
-3.996315,15.347579999999999,9.0,25.62281,-0.3328203
-8.968962,30.509240000000002,9.0,18.796,-0.2873783
-21.87034,42.018840000000004,9.0,28.07625,0.5073159
-44.87478,44.85938,9.0,34.98082,0.2659278
-73.41577,44.07978,9.0,42.133,0.5282437
-107.1797,42.67027,9.0,48.22375,0.129834
-138.1419,37.409929999999996,9.0,33.44477,-0.10072110000000001
-146.3254,15.320839999999999,9.0,35.6632,0.5015867
-141.5606,-13.272210000000001,9.0,42.26141,0.2183987
-144.247,-36.90224,10.0,17.3954,-0.2829009
-149.8828,-48.85557,10.0,20.43007,-0.35244559999999997
-161.3012,-55.76801,10.0,16.3514,-0.2706145
-167.0817,-63.820130000000006,10.0,13.601389999999999,0.4073691
-159.2514,-72.81081,10.0,17.764129999999998,0.0226461
-145.7696,-72.45962,10.0,18.37754,-0.1767798
-132.3173,-74.30601,10.0,22.929489999999998,0.9858191999999999
-115.0887,-83.94984000000001,10.0,30.28815,0.2162723
-107.2071,-106.4096,10.0,35.874190000000006,0.42386019999999996
-116.1584,-128.1842,10.0,24.76325,-0.4521492999999999
-131.2193,-133.7749,10.0,19.58886,-0.33074499999999996
-142.4462,-127.4915,10.0,19.82159,0.605205
-147.1884,-110.931,10.0,23.91062,-0.39728459999999993
-151.1785,-103.7138,10.0,5.122301,0.5002307
-158.0539,-100.4678,10.0,14.32745,0.47555990000000004
-166.7921,-108.4586,10.0,20.42577,0.2508613
-168.2822,-126.2074,10.0,27.557859999999998,0.5260511
-168.9252,-149.2614,10.0,34.36588,0.05124848
-168.2314,-176.0662,10.0,38.04914,0.1488014
-165.5894,-205.0567,10.0,38.62435,-0.6020584
-163.9631,-230.7693,10.0,31.069159999999997,-0.49902559999999996
-159.661,-250.4791,10.0,23.9178,-0.49934799999999996
-146.6298,-259.4414,10.0,23.14036,0.4723093
-131.5361,-252.7778,10.0,24.402260000000002,0.2948367
-124.8926,-234.5041,10.0,28.07522,0.19507449999999998
-126.5536,-212.6926,10.0,29.92727,-0.4890104
-127.9527,-195.1893,10.0,16.96807,-0.32042059999999994
-125.8804,-184.6927,10.0,12.36011,-0.33550009999999997
-116.4616,-181.9674,10.0,16.91408,0.4787531
-105.0125,-187.7603,10.0,18.04024,0.05998658
-103.1677,-201.5954,10.0,20.39109,0.1892263
-104.1612,-217.4595,10.0,21.81345,-0.01074867
-105.5233,-234.5048,10.0,26.23878,0.49731620000000004
-105.1138,-255.8075,10.0,29.91732,-0.02562242
-91.11219,-271.7502,10.0,32.692440000000005,0.3190587
-64.8276,-269.2834,10.0,38.54675,0.1394687
-49.7096,-246.8787,10.0,39.70435,0.2655282
-45.30138,-215.7215,10.0,43.75224,-0.2886087
-37.275420000000004,-187.7662,10.0,34.986940000000004,-0.3095926
-22.530910000000002,-170.4045,10.0,27.483159999999998,-0.46249359999999995
-8.692791,-160.5387,10.0,13.80676,-0.6267113000000001
0.264581,-154.2966,10.0,19.53564,0.3579158
11.021180000000001,-144.4767,10.0,19.68223,0.5006058
10.572980000000001,-127.5838,10.0,27.56039,0.3088574
-4.021797,-110.4006,10.0,33.22744,0.19251
-10.2007,-85.82964,10.0,32.13015,-0.5442809000000001
-9.589037,-61.72322,10.0,35.41403,0.48925420000000003
-6.160637,-33.31312,10.0,41.64334,0.4557012
-1.89458,-0.6366915,10.0,47.25397,0.377285
-9.759034,32.6704,10.0,43.01525,-0.1148138
-38.27968,45.035,10.0,44.98335,0.1363779
-73.49977,44.28123,10.0,50.2159,0.18755429999999998
-112.2464,41.48704,10.0,51.4781,-1.511851
-142.5884,33.75439,10.0,38.864509999999996,-0.276048
-146.2448,8.25577,10.0,38.15141,0.4680345
-141.7482,-21.35894,10.0,41.82798,-1.6763919999999999
-149.2507,-46.15809,11.0,35.22947,0.1470629
-168.3227,-64.94888,11.0,33.34407,-1.629282
-164.4569,-80.65755,11.0,19.97931,-0.1340873
-151.9429,-72.16991,11.0,24.27564,0.15930260000000002
-133.7403,-72.86654,11.0,28.816879999999998,0.4618858
-115.5032,-86.91109,11.0,30.50818,-0.28543040000000003
-109.2938,-109.1979,11.0,34.82155,0.1605189
-120.5561,-129.4273,11.0,26.98808,-0.2781166
-140.0418,-129.3746,11.0,30.98883,0.3653918
-145.3452,-107.6525,11.0,23.86531,-3.143162
-152.2014,-100.9231,11.0,16.62719,0.6221616
-165.4482,-107.0145,11.0,24.12141,0.2735083
-166.0691,-126.7868,11.0,30.24499,0.4611344
-168.0703,-151.4929,11.0,36.65227,0.43993909999999997
-166.9936,-180.7458,11.0,42.58399,0.2054275
-164.0853,-214.3646,11.0,48.345279999999995,0.13868039999999998
-160.3099,-246.7035,11.0,35.99917,-1.369358
-143.92700000000002,-259.8853,11.0,29.972240000000003,0.1227384
-128.1068,-247.3159,11.0,31.18205,0.449938
-125.4344,-221.9666,11.0,37.27964,0.4259866
-127.8973,-194.5458,11.0,33.56012,-0.23722820000000003
-114.8504,-179.6583,11.0,25.98388,-0.3677023
-107.2162,-194.0073,11.0,26.525090000000002,0.4945509
-105.6645,-215.8724,11.0,32.83357,0.19559079999999998
-107.2331,-242.4234,11.0,38.88042,0.1742986
-95.78161999999999,-268.8677,11.0,40.06908,-0.45117520000000005
-67.06326,-269.9485,11.0,41.86002,0.2539969
-48.80508,-247.1964,11.0,42.33553,0.41394259999999994
-43.800129999999996,-214.0381,11.0,48.07439,0.39983979999999997
-31.4688,-179.47400000000002,11.0,51.642309999999995,0.1298781
-5.542337,-159.5976,11.0,34.3969,-0.9228278
10.70786,-143.47,11.0,27.19385,-0.33772399999999997
9.264686,-126.1569,11.0,25.07957,0.46988500000000005
-3.275543,-109.3617,11.0,31.44274,0.38688920000000004
-9.567266,-84.74662,11.0,37.51192,0.4461895
-9.162618,-54.81991,11.0,43.3481,0.4217393
-3.1587669999999997,-21.14723,11.0,48.975159999999995,0.18292160000000002
-3.896585,16.78444,11.0,53.45821,6.821501e-05
-24.86413,44.22739,11.0,46.38501,-0.1507749
-59.84244,43.17716,11.0,49.80782,0.19446170000000002
-98.68346,41.55743,11.0,55.14343,0.3857434
-136.1242,37.19572,11.0,43.84615,-1.075844
-149.6334,12.08577,11.0,40.21413,0.09936872
-142.1593,-18.627879999999998,11.0,45.01768,0.1502697
-148.8208,-47.53399,12.0,31.82736,-1.432783
-166.8,-57.73027,12.0,27.809490000000004,-0.43418779999999996
-161.4575,-72.06656,12.0,24.10679,0.2079229
-141.4993,-71.32349,12.0,30.247809999999998,0.46858990000000006
-118.9582,-80.35478,12.0,35.8801,0.3513183
-106.5364,-104.3527,12.0,39.18412,0.05320571
-116.4762,-125.0695,12.0,27.6417,0.5004311
-133.6184,-133.0038,12.0,22.6451,-0.5425595999999999
-145.7263,-122.9096,12.0,25.40059,0.41807829999999996
-150.8339,-103.6195,12.0,25.12957,-1.396201
-164.7609,-103.3101,12.0,20.133689999999998,0.07771525
-167.4876,-121.5667,12.0,32.64824,0.6753715
-168.7268,-148.5455,12.0,39.53445,0.1895325
-167.12,-179.9456,12.0,45.22095,0.4204748
-165.0135,-215.4643,12.0,50.822140000000005,0.1854303
-159.6907,-250.1836,12.0,41.26538,-1.463741
-139.1496,-256.7238,12.0,26.926170000000003,0.4000666
-128.3454,-237.7818,12.0,32.447070000000004,0.40870650000000003
-125.7652,-211.5931,12.0,38.44968,0.33461199999999997
-126.9497,-186.4132,12.0,32.155590000000004,-0.2561682
-109.0806,-182.5895,12.0,25.62022,-0.40203249999999996
-109.5107,-200.6127,12.0,28.17513,0.20838379999999998
-109.9887,-223.8136,12.0,34.57822,0.2234236
-106.2536,-251.4856,12.0,40.71082,0.384394
-86.65176,-271.7534,12.0,39.3419,4.8078559999999995e-05
-57.08355,-265.275,12.0,43.58097,0.2952975
-46.23475,-240.7137,12.0,33.91813,-0.3972332
-53.47341,-221.4295,12.0,15.97277,-3.328546
-53.17265,-215.9412,12.0,5.511105000000001,-0.37663009999999997
-53.15258000000001,-215.4656,12.0,3.904471,0.6298995
-48.64597,-218.8323,12.0,11.7712,0.5326185
-42.29051,-211.5052,12.0,14.64449,-0.2988449
-41.596990000000005,-201.3545,12.0,16.85993,1.418313
-38.10605,-186.1501,12.0,24.68013,0.47597619999999996
-24.978,-170.4271,12.0,31.11993,0.4501685
-3.386264,-157.0764,12.0,37.44142,0.21002110000000002
12.31723,-136.3388,12.0,31.22158,-0.48449200000000003
3.085079,-116.4152,12.0,35.33202,0.6766768
-9.692751,-87.31274,12.0,50.80927,1.045635
-7.82142,-47.97855,12.0,55.66518000000001,0.40314520000000004
-2.2307240000000004,-5.397348,12.0,59.933890000000005,-0.25905229999999996
-8.070059,28.07286,12.0,30.99141,0.49288109999999996
-27.398390000000003,44.618970000000004,12.0,37.31739,0.2589232
-56.59449,44.30344,12.0,42.3426,0.3993658
-90.10451,44.02024,12.0,48.0016,0.3780113
-126.8156,40.06823,12.0,48.69942,-0.5084145999999999
-153.7344,22.51463,12.0,27.46388,-86.45805
-153.8217,12.55493,12.0,1.618196,-13.913229999999999
-150.5853,12.43067,12.0,8.656735000000001,0.287973
-146.5119,4.701283999999999,12.0,16.308989999999998,0.5572815999999999
-145.1611,-10.14171,12.0,23.68712,0.5005495
-142.0677,-30.00197,12.0,30.524759999999997,0.4400405
-142.5461,-37.33865,13.0,10.00499,0.5895998
-147.2776,-46.37316,13.0,17.68402,0.5199294
-160.5169,-54.6808,13.0,24.67161,0.408589
-166.52700000000002,-69.47599,13.0,19.74268,-0.5453011
-155.7182,-76.2415,13.0,19.3753,0.2116993
-140.8241,-72.69228000000001,13.0,19.3735,-0.1893079
-125.6719,-74.25561,13.0,24.39611,0.45748890000000003
-110.7439,-87.3085,13.0,30.244159999999997,0.21319570000000004
-107.7683,-110.8886,13.0,35.0472,0.26876409999999995
-125.4618,-130.6383,13.0,38.64954,0.05302973
-145.545,-126.6768,13.0,17.80431,-1.784875
-142.7595,-122.9442,13.0,8.737136,0.2988469
-138.5925,-122.4023,13.0,3.330981,0.5851824999999999
-143.4027,-124.3152,13.0,10.213339999999999,-0.01471933
-145.5312,-129.0352,13.0,2.006106,-0.7493554
-145.0935,-126.9539,13.0,7.501028999999999,0.6622011
-141.0246,-119.1939,13.0,15.948129999999999,0.5667433000000001
-142.5645,-105.3458,13.0,22.98149,0.4765652
-158.3561,-98.43503,13.0,25.0049,-0.6267557
-167.074,-112.5933,13.0,27.524559999999997,0.5196388
-167.7751,-135.5972,13.0,34.55508,0.24021370000000003
-167.679,-163.8452,13.0,41.29567,0.4719347
-167.9598,-196.7732,13.0,47.56857,0.20307139999999999
-167.4354,-234.1347,13.0,51.83615,-0.9683360000000001
-146.4109,-257.4883,13.0,41.91066,-1.006522
-127.4964,-245.5849,13.0,30.27158,0.619055
-127.9718,-219.6178,13.0,40.09434,0.4559308
-127.4664,-191.1703,13.0,25.881520000000002,-2.49059
-120.2478,-181.9822,13.0,14.409870000000002,0.1781174
-108.4204,-186.482,13.0,22.207179999999997,0.45730360000000003
-104.8153,-204.7832,13.0,29.0184,0.5154715
-107.8602,-228.6719,13.0,35.980709999999995,0.44941140000000007
-101.7819,-256.1706,13.0,41.18192,0.3432392
-76.87016,-272.7015,13.0,42.61575,-0.005686624
-51.991690000000006,-256.5376,13.0,42.537279999999996,0.02991092
-48.46306,-223.8992,13.0,46.80839,-0.28292459999999997
-39.250440000000005,-193.5295,13.0,43.32832,0.39156540000000006
-16.49413,-168.1364,13.0,49.09698,0.42845489999999997
7.376860000000001,-138.9446,13.0,48.99116,-0.9229828999999999
2.166588,-110.2232,13.0,34.51232,-0.8086682
-8.817575,-92.49144,13.0,30.21313,1.243528
-6.079141,-67.56281,13.0,37.28192,0.48145509999999997
-5.352098000000001,-37.53327,13.0,43.7967,0.22200589999999998
-3.825718,-2.790073,13.0,49.93676,0.43672040000000006
-10.0511,32.756,13.0,42.532709999999994,-1.69782
-30.74571,40.639,13.0,21.59628,-1.834381
-35.077009999999994,32.583940000000005,13.0,0.1085251,-0.43844629999999996
-35.13258,32.59028,13.0,0.06462134,0.0029968029999999997
-35.15945,32.62542,13.0,0.9421383,0.6072678
-34.15736,36.39058,13.0,9.190797,0.24860839999999998
-32.446529999999996,43.46796,13.0,5.968152,-0.7793489
-32.36358,44.3469,13.0,3.280703,0.630627
-36.47943,41.24184,13.0,11.168439999999999,0.5059294
-47.060990000000004,43.861740000000005,13.0,18.45681,0.5014199
-63.161080000000005,45.12627,13.0,25.18074,0.4758861
-83.99886,42.20626,13.0,31.54832,0.2133545
-109.5748,43.0363,13.0,37.42155,0.3946287
-137.2397,35.48746,13.0,39.28601,-0.3746123
-147.9163,10.46744,13.0,39.74889,0.1767371
-144.6879,-20.7819,13.0,45.062509999999996,0.3491034
-150.9762,-51.59833,14.0,34.529109999999996,-2.241948
-163.2249,-67.25466,14.0,22.643179999999997,0.02694374
-148.4308,-75.72403,14.0,27.76367,0.44510779999999994
-126.2178,-78.72554000000001,14.0,32.91641,0.3075748
-110.2278,-98.2329,14.0,36.67863,0.1708151
-117.2625,-124.12799999999999,14.0,38.84087,0.12076179999999999
-141.2946,-130.3423,14.0,27.35075,-0.5139834
-145.731,-120.2419,14.0,2.848918,-0.6515709
-146.5037,-119.2321,14.0,1.9170310000000002,-0.00760974
-147.3286,-118.2227,14.0,1.527245,-0.09779955
-148.6283,-117.40899999999999,14.0,4.0540970000000005,0.1420721
-150.9812,-117.49,14.0,0.02201363,-0.1410037
-148.0673,-115.6705,14.0,9.054271,0.3135844
-144.6328,-106.9577,14.0,17.01126,0.4952607
-154.2514,-96.84245,14.0,22.91249,0.14137550000000002
-167.5613,-106.7168,14.0,26.703529999999997,0.33255409999999996
-166.3583,-128.744,14.0,33.336940000000006,0.5179247
-166.739,-155.9713,14.0,40.147659999999995,0.23987729999999996
-167.042,-188.1593,14.0,46.62673,0.2195053
-166.8044,-224.9626,14.0,52.60105,0.1619533
-153.2085,-253.135,14.0,32.35996,-1.008816
-141.6465,-252.4523,14.0,5.057612000000001,-0.7650092
-141.237,-249.8211,14.0,2.759028,0.4162095
-137.0702,-248.0122,14.0,10.496789999999999,0.8729551
-127.9158,-251.5771,14.0,13.651639999999999,-0.333779
-121.1848,-248.2433,14.0,10.32385,0.2779663
-123.2447,-237.6457,14.0,19.21673,0.5751494
-126.3433,-220.8179,14.0,26.92128,0.5351521
-127.8063,-198.2198,14.0,34.16178,0.24187229999999998
-116.7498,-179.13099999999997,14.0,28.12203,-1.491211
-105.3334,-190.0948,14.0,28.482190000000003,0.6194079
-107.3041,-218.5654,14.0,48.6049,1.418652
-100.1318,-257.9314,14.0,53.63021,-1.414536
-70.29273,-272.0143,14.0,46.55993,0.2676563
-48.380720000000004,-250.3982,14.0,43.18115,0.01508976
-48.74129,-216.872,14.0,47.59604,0.18058
-31.23347,-185.0417,14.0,51.97721,0.37128790000000006
-2.1861990000000002,-156.8337,14.0,56.822919999999996,-0.34981490000000004
9.329111,-125.0052,14.0,31.59781,-1.559197
-2.4658330000000004,-108.4444,14.0,28.208640000000003,0.46363859999999996
-5.731571,-85.63175,14.0,34.711940000000006,0.5010154
-3.423921,-57.47926,14.0,41.5207,0.4946424
-2.244618,-24.313979999999997,14.0,47.89608,0.4541804
-3.4614339999999997,13.328660000000001,14.0,53.29665,-0.24352070000000003
-20.77671,41.281459999999996,14.0,43.39001,-0.0800961
-53.64245,40.63726,14.0,47.25825,0.38496240000000004
-90.84734,40.1834,14.0,53.21209,0.1824933
-129.9348,40.484629999999996,14.0,44.89156,-1.79266
-145.3953,24.582060000000002,14.0,16.29424,-2.697252
-143.6711,22.74335,14.0,5.799544999999999,0.6323376
-141.2733,25.48225,14.0,2.282848,-0.5186476
-142.9241,23.30476,14.0,7.7273130000000005,0.20612339999999998
-148.6821,21.68754,14.0,5.337867,-0.7718398
-148.8716,21.669529999999998,14.0,4.595263,0.6552609
-143.91,17.156670000000002,14.0,13.55432,0.6322045000000001
-140.8177,4.640562999999999,14.0,21.75048,0.5924624
-141.8155,-14.44856,14.0,29.64968,0.5376523
-141.8129,-35.06469,1.0,5.811212,-0.04057606
-142.3132,-41.78734,1.0,13.745070000000002,0.31952240000000004
-149.5231,-52.59358,1.0,22.03209,0.3004366
-162.9122,-65.27574,1.0,27.43855,-0.1613279
-151.7833,-76.51338,1.0,23.88535,-0.09682337
-137.5561,-68.94841,1.0,13.855139999999999,-0.7668010999999999
-135.8655,-68.27843,1.0,0.02544958,0.0004791923
-135.8466,-68.28124,1.0,0.02525902,-0.0006153151
-135.8296,-68.28344,1.0,0.01883959,-0.0006633228
-136.0708,-69.52949,1.0,4.490278,-0.03518244
-135.7207,-72.85212,1.0,4.346891,-0.04723984
-136.1127,-75.66985,1.0,3.528975,-0.02549127
-136.4736,-76.21735,1.0,3.636826,0.34517929999999997
-130.6633,-74.99144,1.0,12.59404,0.6107524999999999
-119.9038,-80.12285,1.0,20.18981,0.2811715
-111.9908,-96.14938000000001,1.0,27.99346,0.5472868000000001
-112.9138,-118.5173,1.0,33.8289,0.18527449999999998
-133.2578,-133.3734,1.0,34.924040000000005,-1.276614
-146.8466,-121.7536,1.0,22.24083,-0.316585
-138.4718,-109.3852,1.0,8.881475,-2.880712
-138.458,-108.7198,1.0,0.02251904,-0.02336413
-138.4588,-108.7367,1.0,0.01901207,-0.01158786
-140.1876,-108.1852,1.0,6.507006,0.26574040000000004
-145.3191,-110.2342,1.0,6.182994,-1.5476450000000002
-145.0924,-109.6149,1.0,5.776567,0.32560479999999997
-145.2112,-102.3769,1.0,14.16717,0.5458985
-155.3435,-95.67909,1.0,17.34303,-0.4010012
-164.6004,-101.059,1.0,15.828420000000001,1.163736
-167.1365,-118.2459,1.0,30.415340000000004,0.4223442
-168.3639,-143.72899999999998,1.0,38.85928,0.6940055
-163.8286,-171.1946,1.0,34.18694,-0.5218798
-167.8982,-194.3663,1.0,33.68207,1.388184
-166.7164,-223.1935,1.0,37.89326,-0.5568075
-161.0206,-246.8423,1.0,28.200740000000003,-0.442605
-142.321,-250.3013,1.0,29.1654,0.39976649999999997
-122.7311,-240.0019,1.0,27.72621,-1.5048979999999998
-129.2521,-224.7914,1.0,25.79309,0.11628139999999998
-125.62700000000001,-209.7958,1.0,21.637620000000002,-0.38758200000000004
-124.0108,-196.595,1.0,18.13976,-0.02519326
-122.3911,-185.6211,1.0,14.569239999999999,0.114792
-111.2877,-188.1765,1.0,16.9863,-0.4197941
-110.1503,-199.3957,1.0,14.08876,-0.08648226
-109.7438,-211.2838,1.0,19.92473,0.5722056999999999
-107.9193,-228.8317,1.0,27.62592,0.2743366
-103.7175,-251.546,1.0,34.56729,0.2115797
-85.09058,-270.2396,1.0,38.59233,0.1745007
-58.61065,-263.0359,1.0,39.50929,0.05030057
-51.9497,-234.7919,1.0,42.467240000000004,0.4038742
-41.54461,-203.5301,1.0,47.52961,0.40980600000000006
-18.14772,-174.7932,1.0,52.976569999999995,0.1978826
6.390754,-141.6449,1.0,58.268980000000006,0.09113481
11.1824,-109.0581,1.0,22.97283,-2.603934
9.912061,-104.3256,1.0,0.6660843000000001,-0.14020629999999998
9.900839999999999,-104.3373,1.0,1.859802,0.3417123
13.117529999999999,-106.4502,1.0,7.815272,0.3333474
18.17836,-107.0264,1.0,3.088673,-0.7532411
17.07775,-107.365,1.0,6.014480000000001,0.6112072
10.150739999999999,-110.4269,1.0,13.98669,0.24515599999999999
0.2392899,-108.1489,1.0,18.10706,0.4003429
1.293091,-92.32698,1.0,24.94803,0.4126641
-4.037631,-72.19655999999999,1.0,31.59698,0.4537985
-5.766454,-46.38067,1.0,38.275240000000004,0.4809097
-6.4324900000000005,-15.659289999999999,1.0,44.60735,0.2033169
-6.875614,19.58088,1.0,49.47276,-0.7308603
-17.5617,43.75905,1.0,19.773,-2.287112
-26.874709999999997,39.89638,1.0,17.0581,0.49860129999999997
-41.64067,38.45641,1.0,24.098589999999998,0.2713205
-62.05825,39.71678,1.0,31.237109999999998,0.5251125
-87.76294,39.641940000000005,1.0,38.06499,0.46192120000000003
-118.31,40.54437,1.0,44.42385,0.21795100000000003
-143.2327,32.80887,1.0,25.308889999999998,-2.1313459999999997
-140.9967,24.527829999999998,1.0,8.19317,0.23984629999999998
-137.7516,24.25941,1.0,0.06886136,-0.01995778
-137.7517,24.21565,1.0,0.05908022,0.03735533
-139.2583,24.57105,1.0,5.750593,0.07096174
-145.7333,24.10763,1.0,11.04847,0.2339723
-151.003,25.36669,1.0,2.387962,-0.3579469
-149.6687,24.60753,1.0,6.302308999999999,0.5837190999999999
-147.0759,17.80094,1.0,13.926379999999998,0.2438107
-151.9063,5.981401,1.0,20.4001,0.33457459999999994
-148.3644,-10.906989999999999,1.0,26.73388,0.23449989999999998
-146.0551,-32.951879999999996,1.0,33.07285,0.42398969999999997
-158.6687,-51.71535,2.0,33.1684,0.2741387
-165.1468,-69.81661,2.0,23.868170000000003,-1.046743
-156.352,-70.46726,2.0,8.311771,0.009665211
-155.70600000000002,-68.52736999999999,2.0,0.05674586,0.00381176
-155.6787,-68.53883,2.0,0.33874970000000004,0.4131114000000001
-156.2213,-71.2298,2.0,5.234462000000001,-0.02700298
-156.8192,-74.76467,2.0,3.5354550000000002,-0.4030984
-155.9492,-74.02023,2.0,6.296871,0.3335567
-148.309,-73.50904,2.0,15.07681,0.5714783
-136.8669,-81.36084,2.0,20.27338,-0.3682553
-123.7351,-84.77646999999999,2.0,17.08507,0.2008762
-112.3624,-97.91512,2.0,30.623279999999998,0.6510621
-115.5429,-119.7296,2.0,32.20888,0.4112491
-135.6171,-130.7516,2.0,30.069940000000003,-0.5001675
-144.7778,-119.3112,2.0,20.509439999999998,0.1831585
-139.8532,-105.2757,2.0,18.28591,-0.03511637
-153.4509,-101.8185,2.0,21.27828,-0.11326069999999999
-161.0152,-111.3893,2.0,16.70275,-0.1169796
-163.0915,-123.9105,2.0,18.83139,0.26568459999999994
-165.4095,-141.0211,2.0,27.542170000000002,0.5944694
-165.2946,-164.3089,2.0,35.22868,0.5598588000000001
-165.6312,-193.166,2.0,42.41938,0.5113622999999999
-165.67700000000002,-227.1047,2.0,49.124109999999995,0.43645690000000004
-157.60399999999998,-249.6009,2.0,22.2352,0.610622
-139.0564,-251.8573,2.0,29.346840000000004,0.2532457
-125.1527,-239.1834,2.0,24.46171,-0.49801590000000007
-126.5384,-218.8981,2.0,32.94267,0.2532754
-126.4116,-192.4903,2.0,32.499359999999996,-1.9017689999999998
-119.637,-183.9632,2.0,12.22932,0.3257203
-111.2597,-190.5428,2.0,19.20436,0.2699917
-109.7062,-207.7604,2.0,27.318609999999996,0.2886508
-107.1765,-230.7382,2.0,35.00179,0.5403988000000001
-98.91463,-257.8362,2.0,41.41207,0.3437297
-73.23988,-270.2878,2.0,40.18865,0.01693647
-50.40059,-251.4011,2.0,42.34725,-0.01242755
-49.015859999999996,-219.1764,2.0,46.40786,0.4069503
-33.3884,-187.7098,2.0,50.60868,0.20481729999999998
-6.2267269999999995,-158.5936,2.0,56.721619999999994,0.1995106
8.892653,-128.9145,2.0,25.06498,-1.486632
-0.0009370725999999999,-117.5176,2.0,22.75581,0.5597614000000001
-6.582756,-99.71264000000001,2.0,29.814090000000004,0.5565478
-6.641311,-74.83575,2.0,37.30212,0.5390050000000001
-6.799283999999999,-44.575959999999995,2.0,44.34047,0.23135039999999998
-7.244903999999999,-9.218614,2.0,50.98989,0.48038770000000003
-8.622747,29.75142,2.0,47.86286,-1.58514
-23.87633,46.16315,2.0,14.37261,-2.760395
-25.56814,44.46935,2.0,5.953513,0.6171572
-30.248170000000002,39.71693,2.0,14.222029999999998,0.5494954000000001
-42.55133,44.94186,2.0,22.3126,0.5523433000000001
-61.20471,45.07589,2.0,29.43037,0.5611630999999999
-85.67773000000001,41.981190000000005,2.0,36.93813,0.5309166000000001
-115.6329,41.02527,2.0,43.94919,0.2359641
-146.0304,31.8065,2.0,35.11455,-2.360577
-149.7568,18.9026,2.0,2.969815,-0.7427891
-146.0906,19.12856,2.0,9.403291000000001,0.3038921
-143.7531,10.23142,2.0,17.55022,0.5566361
-151.155,-3.5417949999999996,2.0,24.24,0.1798882
-146.3965,-23.0821,2.0,30.8804,0.4891612
-142.6003,-37.76169,3.0,11.9678,-0.04948508
-145.9347,-45.74112,3.0,13.4997,0.4786792
-155.6964,-52.99954,3.0,15.989429999999999,-0.24640839999999997
-165.3637,-56.8023,3.0,12.39583,-0.3277982
-165.8336,-64.35342,3.0,9.471183,-0.15508129999999998
-159.015,-71.58125,3.0,17.782729999999997,0.4899911
-143.2145,-71.86443,3.0,25.32605,0.253946
-123.4754,-78.73277,3.0,28.040609999999997,-0.45004979999999994
-110.6222,-92.0743,3.0,23.151529999999998,-0.2168627
-108.4715,-111.5892,3.0,26.8983,-0.3985103
-116.2805,-127.3057,3.0,21.421979999999998,-0.1889942
-130.9439,-133.827,3.0,25.30007,0.2709641
-143.38299999999998,-123.2684,3.0,28.1437,0.5364895000000001
-152.6505,-104.9069,3.0,21.964270000000003,-1.943296
-164.206,-107.3786,3.0,19.60677,0.4927907999999999
-167.899,-124.206,3.0,27.417479999999998,0.5951447
-169.9394,-147.2931,3.0,34.98681,0.5002715999999999
-167.50400000000002,-175.674,3.0,41.949329999999996,0.2543231
-165.3508,-209.2161,3.0,48.59704,0.1811652
-162.9294,-245.0456,3.0,44.4663,-1.3107600000000001
-144.4263,-258.8931,3.0,26.47823,-0.8352223
-129.0013,-245.55599999999998,3.0,31.3281,0.7118949
-126.9614,-221.6284,3.0,36.29885,0.5189018
-127.1855,-195.2522,3.0,33.6338,-0.16057929999999998
-116.7317,-178.4991,3.0,23.81381,-0.37968209999999997
-109.2435,-189.3681,3.0,22.99897,0.5560312
-106.6683,-208.3045,3.0,29.912679999999998,0.26639640000000003
-105.1329,-230.8469,3.0,28.730520000000002,-0.1983136
-105.6974,-252.5552,3.0,34.76336,0.4416839
-89.18545999999999,-271.578,3.0,36.23002,-0.03179768
-65.40086,-268.7623,3.0,18.97448,-0.5983894000000001
-56.78077,-267.1984,3.0,5.13933,-0.9618357
-56.79354,-267.1563,3.0,2.037173,-0.3177324
-56.993190000000006,-267.2337,3.0,2.262061,0.5220143
-54.50043,-264.2848,3.0,7.1745470000000005,0.1652319
-49.44246,-262.5761,3.0,7.756913000000001,-0.37044309999999997
-48.38906,-263.3501,3.0,3.298264,0.6319323
-50.16902,-258.0296,3.0,11.790230000000001,0.5746492
-47.69157,-246.595,3.0,19.79456,0.5771124
-44.464909999999996,-229.4419,3.0,27.28795,0.5325977
-41.894490000000005,-206.6971,3.0,34.36619,0.5290419
-31.87544,-182.1437,3.0,38.792359999999995,0.4482165
-10.91056,-161.4317,3.0,32.99711,-1.742916
3.601585,-149.892,3.0,21.25052,-0.1848827
11.55326,-138.825,3.0,16.275760000000002,-0.181596
10.0335,-127.8872,3.0,16.858539999999998,0.2761296
0.9463881,-115.6355,3.0,24.32799,0.5019355999999999
-7.378117,-96.72971,3.0,31.3303,0.253121
-10.488430000000001,-71.36368,3.0,37.881029999999996,0.4886293
-7.301628999999999,-41.056129999999996,3.0,44.17152,0.46385240000000005
-3.485843,-8.136569999999999,3.0,41.90745,-0.49267340000000004
-4.394699,12.07099,3.0,12.16333,-0.9952339
-5.060821,16.19146,3.0,7.34598,0.6316925999999999
-6.987013,24.62419,3.0,15.8739,0.6177284000000001
-14.3644,36.9976,3.0,23.349829999999997,0.4837949
-32.42241,44.85027,3.0,30.104670000000002,0.42171709999999996
-57.155269999999994,44.7072,3.0,36.87175,0.2459692
-86.96056,43.46328,3.0,43.52019,0.4665544
-120.6301,40.47472,3.0,44.745540000000005,-0.3465824
-147.643,30.21473,3.0,36.43975,-0.3533519
-144.9131,6.970439999999999,3.0,34.43267,0.09390202
-145.188,-19.8159,3.0,39.42673,0.21002820000000003
-147.0743,-48.78634,4.0,31.21283,-2.779625
-160.8061,-54.383959999999995,4.0,19.68575,0.1422234
-167.4684,-64.388,4.0,20.64829,0.3134094
-152.8489,-72.6457,4.0,26.641920000000002,0.24406570000000002
-131.0742,-75.65033000000001,4.0,33.09003,0.43840779999999996
-111.8093,-93.20638000000001,4.0,38.5161,0.3502159
-113.3583,-119.9628,4.0,37.485170000000004,0.01786862
-135.1624,-132.3307,4.0,33.80303,-0.3811879
-144.5451,-114.3952,4.0,30.73566,0.4522387
-152.0763,-98.85149,4.0,17.06341,-0.2165908
-163.7286,-105.3253,4.0,22.76316,0.4477134
-168.4584,-124.1,4.0,29.902759999999997,0.2649174
-170.3801,-148.7356,4.0,36.78436,0.47778919999999997
-167.545,-178.3727,4.0,43.4422,0.47501270000000007
-164.3421,-212.7652,4.0,49.459070000000004,0.07862458
-161.7657,-245.8869,4.0,30.32494,-1.576151
-150.6785,-255.9943,4.0,18.35213,0.7473454
-134.3887,-256.0972,4.0,24.91767,0.02912963
-126.4857,-237.4323,4.0,31.008020000000002,0.340652
-127.4966,-212.5231,4.0,37.180890000000005,0.23835549999999997
-124.7535,-184.1585,4.0,38.761790000000005,-0.7165577
-103.1275,-179.3064,4.0,27.951629999999998,-0.7703557
-103.9354,-193.9361,4.0,21.6598,0.2937468
-114.5796,-201.1207,4.0,5.4808639999999995,-1.6844810000000001
-114.5551,-201.5558,4.0,0.003569239,-0.02220848
-113.9545,-201.7108,4.0,3.337045,0.3522675
-110.3425,-200.3006,4.0,7.111845,0.02144223
-109.6805,-198.2526,4.0,1.165701,0.3453065
-109.2156,-201.8045,4.0,8.435542,0.5036735
-107.4275,-210.45,4.0,15.23065,0.24454589999999998
-105.3743,-223.9558,4.0,21.58594,0.43259359999999997
-105.9382,-242.1605,4.0,27.46195,0.3988273
-99.95514,-262.923,4.0,31.84835,0.2627888
-78.33462,-271.9842,4.0,34.34863,0.2646182
-54.50911,-261.1885,4.0,37.26605,-0.03918933
-49.32349,-234.3042,4.0,39.45257,0.37303059999999993
-43.86905,-204.2137,4.0,43.68166,0.3480533
-26.00487,-176.2093,4.0,46.76233,0.2249478
-2.01706,-154.9506,4.0,32.22382,-2.320535
10.1155,-142.9867,4.0,18.83961,-0.45646990000000004
11.62396,-130.4271,4.0,22.25304,0.38163270000000005
0.40147990000000006,-115.5672,4.0,27.9525,0.1889766
-8.065869000000001,-94.73977,4.0,33.074009999999994,0.3888413
-10.56857,-68.57127,4.0,38.08505,0.1830589
-6.44229,-38.8872,4.0,42.84657,0.1653564
-1.531911,-5.80663,4.0,47.30937,0.2330902
-7.595589,27.435809999999996,4.0,32.368390000000005,-3.6147690000000003
-22.87646,41.3384,4.0,30.517059999999997,0.30893709999999996
-46.975359999999995,43.69873,4.0,35.382490000000004,0.3818011
-75.07151999999999,43.30413,4.0,40.476820000000004,0.3580952
-106.62200000000001,41.533590000000004,4.0,43.57306,-0.05696013
-134.0247,38.11985,4.0,21.78891,-3.696814
-144.0224,31.96172,4.0,18.12283,0.4372555
-148.0756,17.13778,4.0,23.86085,0.4099917
-145.2113,-2.414399,4.0,29.582759999999997,0.3941387
-141.571,-26.05564,4.0,34.78772,0.34406770000000003
-148.892,-47.5014,5.0,26.377129999999998,-0.5047109000000001
-166.4907,-57.86655,5.0,26.68171,-1.267067
-163.4383,-69.47355999999999,5.0,17.37908,-0.2375471
-150.3817,-70.75005999999999,5.0,21.56232,0.224032
-132.665,-74.94958000000001,5.0,27.50368,0.4012616
-113.8239,-86.26698,5.0,32.21326,0.252579
-108.49700000000001,-109.5562,5.0,34.407959999999996,-0.27019
-120.2124,-130.3904,5.0,31.77962,-0.312303
-138.6033,-130.1241,5.0,22.99986,0.5396568
-145.0627,-113.0786,5.0,27.348259999999996,0.1626355
-159.9625,-100.3098,5.0,23.43644,-0.652081
-164.7582,-109.7272,5.0,16.46794,-0.002119878
-166.456,-124.083,5.0,23.08164,0.45403590000000005
-168.135,-146.9592,5.0,40.28298,1.3960780000000002
-166.0512,-180.7155,5.0,48.75338,0.5783479
-164.3082,-216.9027,5.0,40.13279,-2.580542
-163.504,-236.4185,5.0,19.784229999999997,-0.3504719
-160.6612,-248.7943,5.0,14.66433,0.04755177
-151.5584,-257.7863,5.0,22.85173,0.7081048000000001
-133.7794,-255.8488,5.0,29.2133,0.166878
-125.3701,-231.6362,5.0,40.01239,0.1208588
-128.3727,-202.8811,5.0,29.623759999999997,-2.7392279999999998
-126.3787,-187.6815,5.0,17.01521,-0.4970504
-115.3403,-182.0841,5.0,21.63681,0.3549142
-102.9957,-192.9603,5.0,26.02978,0.39902
-103.0783,-215.6962,5.0,35.04441,0.1413294
-105.6071,-242.5785,5.0,35.60191,-0.6925471
-100.2526,-264.6308,5.0,28.50883,0.7692831
-79.0429,-272.0733,5.0,33.23093,0.3014152
-56.0962,-261.9774,5.0,35.8186,0.03890625
-48.63695,-235.5631,5.0,39.495870000000004,0.17285309999999998
-43.88969,-204.8672,5.0,44.2499,0.318579
-28.10915,-175.2642,5.0,47.226929999999996,0.2515493
-5.574516,-157.7618,5.0,16.67336,-2.855881
2.492194,-152.4248,5.0,10.70658,-0.3160804
7.469334,-148.3596,5.0,6.945450999999999,-0.26507070000000005
11.647310000000001,-143.1805,5.0,12.300410000000001,0.4841438
12.44779,-132.0985,5.0,18.43964,0.46307890000000007
3.933677,-118.8236,5.0,24.37639,0.41277200000000003
-5.688155,-101.2931,5.0,29.891579999999998,0.3947314
-10.48971,-77.64996,5.0,35.13427,0.3415599
-8.128572,-49.988659999999996,5.0,39.98356,0.359617
-2.7205060000000003,-19.073529999999998,5.0,44.728590000000004,0.16168529999999998
-2.628325,12.07092,5.0,33.578070000000004,-0.7623141
-6.775726,25.26784,5.0,9.307534,0.3039941
-12.1354,34.57328,5.0,18.23033,0.4361104
-25.10025,42.98202,5.0,24.01259,0.4257356
-44.68213,45.31912,5.0,29.53235,0.1998498
-68.59544,44.781009999999995,5.0,35.00934,0.382887
-96.45326999999999,43.4166,5.0,40.13005,0.35898259999999993
-125.3749,40.43612,5.0,35.28344,0.3542166
-141.0386,35.19611,5.0,21.82551,0.33075720000000003
-147.8715,18.72833,5.0,27.029709999999998,0.293877
-145.0423,-2.899813,5.0,32.277120000000004,0.1872893
-141.9148,-28.22138,5.0,32.30717,-1.0605930000000001
-145.43,-43.4309,6.0,11.94617,-0.1607794
-153.2079,-52.826409999999996,6.0,19.1985,-0.2402514
-164.0852,-57.8544,6.0,13.34557,-0.22466660000000002
-164.7213,-67.55923,6.0,18.52735,0.6989269
-149.1604,-72.33755,6.0,29.436020000000003,1.141498
-124.3242,-78.02824,6.0,40.09536,0.6967018
-109.0485,-101.4065,6.0,36.20844,-0.9889392
-116.2865,-117.1522,6.0,11.57536,-0.33148990000000006
-119.7222,-126.6528,6.0,19.35013,0.8131933000000001
-130.0779,-134.1812,6.0,18.93587,0.4675911
-142.9586,-126.1424,6.0,24.18678,0.4361518
-146.9682,-108.0081,6.0,17.400920000000003,-1.038709
-151.7885,-103.1046,6.0,8.662405,0.3277585
-160.9842,-100.8814,6.0,16.619329999999998,-0.1420817
-166.9408,-111.0503,6.0,20.53304,0.9989225
-168.283,-131.415,6.0,34.33854,0.9269495999999999
-168.5875,-161.4544,6.0,46.12545,0.37813459999999993
-165.792,-199.2481,6.0,55.36179,-0.2732686
-163.4986,-236.4273,6.0,44.42202,-0.8745974
-152.9051,-257.6224,6.0,26.235870000000002,-0.7367416999999999
-136.7633,-255.875,6.0,19.01566,-0.1161971
-126.8604,-243.1283,6.0,25.730629999999998,0.3709676
-125.132,-222.2041,6.0,31.108259999999998,0.1869092
-128.7958,-197.4538,6.0,35.40228,-0.5206445
-122.4143,-182.5712,6.0,17.78779,1.098067
-108.36399999999999,-186.5731,6.0,22.894000000000002,0.1559514
-102.6061,-204.0293,6.0,27.92215,0.38552600000000004
-104.3349,-226.7048,6.0,33.38633,0.3906357
-105.3118,-253.2184,6.0,38.261829999999996,0.27179050000000005
-88.29755,-272.5831,6.0,35.315290000000005,-0.9917617
-66.33884,-268.6613,6.0,26.312409999999996,-0.5306768
-52.11311,-259.5882,6.0,24.06895,0.6285552
-47.21745,-239.2074,6.0,31.436220000000002,0.3961272
-43.949329999999996,-214.1498,6.0,36.77151,0.4029993
-37.672270000000005,-186.0887,6.0,40.727579999999996,0.03004249
-14.782,-165.9684,6.0,39.51529,-1.792289
0.4269958,-154.3721,6.0,14.017029999999998,-0.3277842
7.549486,-148.4775,6.0,12.11215,0.03555044
12.63222,-139.3911,6.0,17.58655,0.3337625
7.878671000000001,-124.4655,6.0,26.39439,0.41936999999999997
-5.66516,-103.9329,6.0,40.5125,0.4909723
-9.556777,-69.31705,6.0,53.55151,0.8902795
-3.8700120000000005,-26.40437,6.0,61.28848000000001,0.2604589
-3.4387300000000005,13.634279999999999,6.0,36.87424,-3.21106
-9.679199,30.47822,6.0,21.367160000000002,0.40470059999999997
-23.33276,42.35736,6.0,29.73992,0.7954305
-49.90815,45.29852,6.0,43.6038,1.10651
-87.65514,43.758140000000004,6.0,57.73307,0.9714014999999999
-121.5533,40.46702,6.0,21.95042,-2.7418270000000002
-132.0444,38.38989,6.0,13.30081,0.9331803
-144.7719,31.676270000000002,6.0,23.800620000000002,0.10810550000000001
-147.4256,12.77277,6.0,28.744059999999998,0.2082487
-143.5019,-10.2022,6.0,34.19565,0.3809038
-141.8905,-33.82594,7.0,6.3133349999999995,0.5206107
-142.817,-41.002159999999996,7.0,13.177929999999998,0.2533023
-149.9086,-50.44532,7.0,19.229129999999998,0.4067418
-164.31,-57.709430000000005,7.0,23.68208,-0.6106753
-167.2662,-70.88107,7.0,15.872710000000001,-0.15381270000000002
-157.5023,-77.07207,7.0,17.72574,0.1182366
-143.6315,-73.85486,7.0,20.014860000000002,-0.06714578
-127.9681,-74.50655,7.0,22.92632,0.23836639999999998
-112.5099,-86.99286,7.0,30.573059999999998,0.3133748
-108.8968,-109.9465,7.0,34.07809,0.22570949999999998
-125.1485,-129.3661,7.0,36.68898,0.07591277
-146.6758,-126.2174,7.0,21.323420000000002,-1.8220509999999999
-144.1541,-117.2993,7.0,9.93892,0.02336667
-144.9964,-107.0995,7.0,17.6567,-0.1232002
-155.6526,-101.3353,7.0,18.72701,0.5474518
-165.9631,-110.7852,7.0,19.98449,-0.1000188
-165.8992,-126.2348,7.0,23.793470000000003,0.614373
-168.2421,-147.83,7.0,36.282759999999996,0.5304601
-169.7195,-179.6521,7.0,49.3184,0.8890134
-169.6903,-219.0632,7.0,51.48885,-0.9183245999999999
-161.8032,-248.5343,7.0,31.231279999999998,-0.8947136999999998
-144.0998,-254.4072,7.0,22.2507,-0.2030294
-129.1552,-248.3475,7.0,23.30319,0.1272161
-125.851,-228.8693,7.0,31.48511,0.4031937
-126.1729,-203.5222,7.0,36.84206,0.3715236
-121.0522,-180.8225,7.0,18.14208,-1.874784
-111.4702,-183.8616,7.0,18.47375,0.1856816
-109.1563,-199.4687,7.0,24.3987,0.21446500000000002
-108.7492,-219.7049,7.0,30.19618,0.40739000000000003
-107.712,-244.0548,7.0,35.36058,0.2863989
-93.80636,-266.8975,7.0,38.40359,0.1846092
-66.3381,-271.075,7.0,39.37737,-0.01478881
-50.0508,-248.5403,7.0,39.96165,0.23174450000000002
-47.86056,-217.3781,7.0,44.41668,0.2918673
-31.58016,-188.6382,7.0,47.03174,0.35239570000000003
-6.771882000000001,-161.6554,7.0,51.47902,0.30445359999999994
9.055021,-134.0169,7.0,29.37937,-1.827639
2.3996459999999997,-117.01,7.0,29.134040000000002,0.5280739999999999
-5.908625,-95.13954,7.0,37.90743,1.208736
-2.086166,-60.67122,7.0,55.58279,0.5705644
-1.165884,-13.87752,7.0,68.48009,-0.5458996
-5.481142,29.95588,7.0,45.13412,-3.089845
-24.61907,41.83829,7.0,30.71432,0.9041046999999999
-52.030440000000006,40.58209,7.0,40.7505,0.3536954
-84.04016999999999,40.45572,7.0,45.49505,0.1666369
-119.4328,41.40005,7.0,49.89539,0.06123285
-146.1754,30.694879999999998,7.0,28.16715,-0.5733043999999999
-145.7127,9.127818,7.0,31.966379999999997,0.1843396
-145.1753,-16.59981,7.0,37.28092,0.3589745
-148.7474,-45.432390000000005,8.0,39.78071,-0.26476059999999996
-166.7242,-61.471309999999995,8.0,22.304779999999997,-0.4361121
-163.4413,-76.33346999999999,8.0,26.38375,0.45849359999999995
-143.055,-77.65241,8.0,30.781709999999997,0.19842520000000002
-120.818,-83.83368,8.0,33.74654,0.1421304
-110.6629,-107.0747,8.0,36.66088,0.06666287
-124.7345,-129.26,8.0,37.745290000000004,0.04982986
-145.6319,-128.9058,8.0,12.47907,-2.7860400000000003
-145.151,-126.4383,8.0,6.737858,0.26625909999999997
-141.7408,-119.9618,8.0,13.48214,0.46797209999999995
-146.0871,-108.7892,8.0,19.60533,0.40998
-160.2441,-102.6572,8.0,23.44229,0.04387587
-167.71900000000002,-117.26700000000001,8.0,26.052789999999998,0.4046679
-166.9772,-138.6238,8.0,31.495820000000002,0.1851918
-171.0135,-163.572,8.0,36.70151,0.351445
-169.6398,-192.56599999999997,8.0,41.49334,0.17739229999999998
-168.635,-225.0419,8.0,46.19885,0.3472505
-156.7921,-254.1221,8.0,38.15096,-0.8853809000000001
-134.7472,-251.554,8.0,27.25603,-0.03513319
-126.9911,-231.3024,8.0,32.65963,0.366944
-127.2856,-205.1718,8.0,37.8652,0.1706325
-120.2735,-180.9525,8.0,23.03677,-1.031815
-109.412,-183.5497,8.0,17.72583,0.3514516
-106.9676,-198.4531,8.0,23.6136,0.4544222
-106.3802,-218.1904,8.0,29.44605,0.41478469999999995
-105.4628,-242.0201,8.0,34.85338,0.34327270000000004
-94.28163,-265.9837,8.0,37.793490000000006,0.1419882
-67.76424,-271.2908,8.0,38.43343,0.006759328
-49.18274,-250.368,8.0,39.8748,0.21753179999999997
-46.221579999999996,-219.4209,8.0,44.36307,0.3137514
-33.211220000000004,-189.4711,8.0,45.905390000000004,0.14591389999999999
-8.298532000000002,-164.0027,8.0,50.26274,0.13515829999999998
8.728689,-133.8253,8.0,38.857459999999996,-1.126842
-1.676452,-110.7136,8.0,39.08682,0.9875363000000001
-5.025734,-82.81631,8.0,40.72651,0.3756192
-1.442167,-51.06839,8.0,45.357209999999995,0.32321550000000004
-1.5323360000000001,-15.83619,8.0,49.824259999999995,0.3154099
-3.69129,22.524720000000002,8.0,51.0123,-1.2615180000000001
-20.89594,42.61732,8.0,22.96325,-2.658809
-26.276670000000003,40.10683,8.0,6.4485339999999995,0.48927659999999995
-31.857740000000003,37.19451,8.0,12.824710000000001,0.4380928
-40.4308,45.125840000000004,8.0,19.112029999999997,0.20679789999999998
-48.03153,48.58643,8.0,0.01761293,-0.01368515
-48.02082,48.56772,8.0,0.6440941,0.686188
-48.45025,46.06215,8.0,5.198871,0.08471881
-47.0788,43.23222,8.0,0.45620550000000004,-0.8428104999999999
-49.72862,45.10433,8.0,9.014709,0.3318382
-59.40048,46.065220000000004,8.0,17.68778,0.6215429
-75.52192,44.16046,8.0,25.90447,0.2799742
-97.48496999999999,42.07475,8.0,33.58593,0.5048630000000001
-124.8948,44.17129,8.0,40.057990000000004,0.2210214
-144.2941,25.83372,8.0,38.78109,0.32517140000000005
-145.1341,-5.896597,8.0,47.19723,0.5962001
-141.9384,-33.82521,9.0,3.008154,-0.06203038
-142.3039,-36.09735,9.0,6.400151999999999,1.41183
-145.3053,-44.3776,9.0,14.010010000000001,-0.21404250000000002
-151.5904,-51.091229999999996,9.0,11.4258,-0.04971131
-160.9715,-54.220369999999996,9.0,13.236289999999999,-0.21143589999999998
-166.7407,-60.120709999999995,9.0,10.15804,-0.19587000000000002
-163.4184,-69.64976999999999,9.0,20.35964,0.270313
-150.0244,-73.50943000000001,9.0,17.402620000000002,-0.2493799
-138.2516,-72.94405,9.0,16.040860000000002,0.8809289
-122.3962,-78.18373000000001,9.0,25.48103,0.08830839
-109.8374,-92.43345,9.0,26.39278,0.02835202
-107.5716,-110.038,9.0,15.47911,-2.417665
-109.9958,-118.7468,9.0,10.86926,-0.1606825
-116.447,-129.5402,9.0,21.677870000000002,-0.09507498
-129.5394,-135.0419,9.0,17.50669,-0.1532574
-140.3106,-130.5403,9.0,16.584239999999998,0.9025993
-146.9594,-115.3868,9.0,26.86474,0.2745169
-154.8877,-100.3834,9.0,16.0999,-0.3554437
-163.8546,-102.3162,9.0,12.77104,0.3740196
-167.5835,-116.7029,9.0,27.772790000000004,1.086327
-168.7133,-142.3063,9.0,41.03584,0.4190293
-167.9577,-175.0315,9.0,46.4248,0.10616289999999999
-164.5362,-209.5447,9.0,44.39413,-0.493541
-162.6361,-238.3678,9.0,30.009109999999996,-1.464093
-154.8672,-255.375,9.0,22.85709,-0.39427829999999997
-141.1194,-260.1414,9.0,17.60953,-0.36376540000000007
-129.6069,-249.8929,9.0,27.973090000000003,0.5505959
-125.1302,-225.2112,9.0,37.95943,-0.2599973
-128.5837,-200.9983,9.0,23.89939,-1.623677
-127.8328,-188.582,9.0,14.171510000000001,-0.07859803
-120.292,-181.8046,9.0,18.05041,0.7635015
-107.4169,-185.1796,9.0,16.762079999999997,-0.3517318
-102.6858,-195.90900000000002,9.0,20.18384,1.1654440000000001
-103.259,-216.2659,9.0,33.45112,0.33113909999999996
-106.1761,-243.1712,9.0,36.98325,-0.1853237
-97.92265,-267.3812,9.0,33.470909999999996,-0.16578610000000002
-75.08501,-272.6572,9.0,32.653259999999996,-0.05194338
-54.898959999999995,-260.9045,9.0,32.445190000000004,0.1403251
-47.89683,-236.7328,9.0,35.51872,0.08258376
-43.70839,-209.9885,9.0,36.066990000000004,-0.3034151
-36.80274,-185.6841,9.0,31.864659999999997,-0.19973470000000002
-22.48803,-169.8785,9.0,25.9678,-0.37700700000000004
-8.127730999999999,-159.9037,9.0,21.58726,-0.09649726
4.1726209999999995,-151.644,9.0,18.05487,-0.27205630000000003
12.38028,-140.0634,9.0,22.456020000000002,0.25239659999999997
6.7762970000000005,-122.8924,9.0,27.90427,0.14067960000000002
-5.772046,-105.4611,9.0,29.64367,0.0107823
-10.72715,-83.84235,9.0,30.390390000000004,0.05794922
-10.23904,-59.8157,9.0,34.40684,0.14562650000000002
-5.985998,-34.09259,9.0,35.86205,0.07766525
-2.059447,-7.449642999999999,9.0,36.54572,-0.2713427
-4.035508,15.532720000000001,9.0,25.51384,-0.6571943
-9.037789,30.62772,9.0,18.747320000000002,-0.29595970000000005
-22.06791,42.10777,9.0,28.16048,0.4913594
-45.12373,44.83696,9.0,35.072379999999995,0.5623533000000001
-73.72797,44.08856,9.0,42.21859,0.5196449000000001
-107.5253,42.62982,9.0,48.23271,0.05650762
-138.3611,37.29213,9.0,33.46038,0.09209155
-146.2586,15.060020000000002,9.0,35.747890000000005,0.5068957000000001
-141.5712,-13.579410000000001,9.0,42.3396,0.478893
-144.2789,-37.03006,10.0,17.3735,-0.1309153
-149.9811,-48.971070000000005,10.0,20.37124,-0.3545572
-161.4112,-55.81814,10.0,16.32929,-0.13855520000000002
-167.06900000000002,-63.9203,10.0,13.67738,0.4577312
-159.1239,-72.84306,10.0,17.76577,0.01014303
-145.6362,-72.45838,10.0,18.36232,-0.09589692
-132.1543,-74.35425,10.0,22.99703,0.4136061
-114.9388,-84.10667,10.0,30.365040000000004,0.4748024
-107.2232,-106.6699,10.0,35.946,0.4363416
-116.3003,-128.3001,10.0,24.688660000000002,-0.4396964
-131.3679,-133.7686,10.0,19.533160000000002,-0.3273228
-142.5233,-127.3634,10.0,19.870829999999998,0.3029011
-147.2424,-110.7625,10.0,23.87878,-0.1949251
-151.2061,-103.6868,10.0,5.2936760000000005,1.0113379999999998
-158.1577,-100.4663,10.0,14.366829999999998,0.24780149999999998
-166.8275,-108.6078,10.0,20.50814,0.4835866
-168.2945,-126.4112,10.0,27.59843,0.24380300000000002
-168.9238,-149.5126,10.0,34.38705,0.1271925
-168.2251,-176.3449,10.0,38.102709999999995,0.32189070000000003
-165.562,-205.3425,10.0,38.52511,-0.5962399
-163.9547,-230.9991,10.0,30.986390000000004,-0.4969901
-159.5584,-250.6277,10.0,23.838,-0.4721652
-146.4657,-259.4713,10.0,23.17906,0.240798
-131.4415,-252.6236,10.0,24.44865,0.2793015
-124.8665,-234.2991,10.0,28.091070000000002,0.1019576
-126.5816,-212.4674,10.0,29.84635,-0.4776309
-127.9561,-195.063,10.0,16.94206,-0.157501
-125.8188,-184.6229,10.0,12.30417,-0.3301473
-116.3413,-181.9783,10.0,16.95341,0.2493835
-104.9436,-187.8757,10.0,18.06235,0.1308914
-103.1758,-201.7501,10.0,20.42172,0.1807205
-104.1708,-217.6208,10.0,21.81166,-0.01055269
-105.5391,-234.7033,10.0,26.32129,0.49015770000000003
-105.0645,-256.025,10.0,29.9112,-0.03700633
-90.87874000000001,-271.8201,10.0,32.80151,0.6470191
-64.5693,-269.1759,10.0,38.55563,0.05583736
-49.666090000000004,-246.5949,10.0,39.80247,0.5904472
-45.24593,-215.4126,10.0,43.67606,-0.47235240000000006
-37.158429999999996,-187.5354,10.0,34.887570000000004,-0.5922474
-22.36889,-170.2789,10.0,27.44513,-0.2316508
-8.611438,-160.4816,10.0,13.75124,-0.3499547
0.3795657,-154.2141,10.0,19.66038,0.7500106
11.0995,-144.3563,10.0,19.76746,0.5195814000000001
10.45265,-127.4125,10.0,27.61409,0.3142566
-4.131151,-110.1744,10.0,33.29107,0.3718769
-10.222760000000001,-85.53936999999999,10.0,32.04137,-0.4389705
-9.56634,-61.456540000000004,10.0,35.49187,0.4485603
-6.112131,-33.0033,10.0,41.71648,0.43839340000000004
-1.8902439999999998,-0.29408449999999997,10.0,47.28249,0.17846120000000001
-9.954329,32.930279999999996,10.0,43.00586,-0.05604397
-38.61973,45.055690000000006,10.0,45.03447,0.3015091
-73.88108000000001,44.285920000000004,10.0,50.28352,0.3945225
-112.6341,41.44063,10.0,51.228629999999995,-1.43052
-142.7955,33.57046,10.0,38.81434,-0.3079417
-146.1459,7.985850999999999,10.0,38.226490000000005,0.44382170000000004
-141.7844,-21.666079999999997,10.0,41.532340000000005,-1.7863799999999999
-149.3827,-46.386340000000004,11.0,35.280359999999995,0.29939740000000004
-168.4352,-65.16811,11.0,33.21062,-0.824793
-164.3069,-80.69115,11.0,19.93368,-0.259972
-151.797,-72.05357,11.0,24.32882,0.29861259999999995
-133.5555,-72.97355999999999,11.0,28.85387,0.22866720000000001
-115.3534,-87.08391,11.0,30.41589,-0.5491201
-109.3343,-109.4532,11.0,34.877829999999996,0.2694773
-120.7103,-129.5472,11.0,26.908640000000002,-0.49502470000000004
-140.2056,-129.2257,11.0,31.016040000000004,0.17398529999999998
-145.3928,-107.4751,11.0,23.33665,-3.096229
-152.3225,-100.89200000000001,11.0,16.82469,1.16442
-165.5224,-107.177,11.0,24.142870000000002,0.132224
-166.0611,-127.005,11.0,30.28353,0.2502739
-168.0972,-151.7631,11.0,36.68699,0.21453670000000002
-166.9626,-181.0569,11.0,42.65821,0.44503809999999994
-164.0674,-214.7197,11.0,48.37767,0.1919352
-160.2208,-246.96099999999998,11.0,35.773740000000004,-1.343491
-143.7056,-259.9031,11.0,30.01258,0.23628320000000003
-128.0435,-247.0958,11.0,31.21785,0.22172460000000002
-125.4571,-221.6856,11.0,37.31351,0.20711439999999998
-127.8808,-194.3038,11.0,33.49707,-0.3756315
-114.6623,-179.6826,11.0,25.95284,-0.193997
-107.2326,-194.208,11.0,26.56555,0.24109029999999998
-105.6469,-216.1119,11.0,32.90273,0.4194087
-107.234,-242.7183,11.0,38.942040000000006,0.3489923
-95.53566,-269.0334,11.0,39.994170000000004,-0.4491
-66.768,-269.8494,11.0,41.899440000000006,0.23797960000000004
-48.73565,-246.8768,11.0,42.4053,0.40544159999999996
-43.75031,-213.6821,11.0,48.14114,0.4057108
-31.228609999999996,-179.1671,11.0,51.65097,0.05198819999999999
-5.336655,-159.4626,11.0,34.33128,-0.4151388
10.79112,-143.287,11.0,27.087220000000002,-0.6216202
9.169310000000001,-125.9974,11.0,25.11662,0.225098
-3.3790709999999997,-109.1595,11.0,31.474190000000004,0.1909735
-9.601181,-84.46288,11.0,37.54723,0.2127538
-9.121552000000001,-54.504169999999995,11.0,43.381,0.20347220000000002
-3.107116,-20.78797,11.0,49.039970000000004,0.3843748
-3.982829,17.157320000000002,11.0,53.438419999999994,-0.1198853
-25.19944,44.33283,11.0,46.36097,-0.14475610000000003
-60.2056,43.14805,11.0,49.87812,0.42057170000000005
-99.09838,41.54699,11.0,55.2091,0.40886259999999996
-136.4219,37.06609,11.0,43.83274,-0.08540729
-149.5751,11.790389999999999,11.0,40.23335,0.1159596
-142.1479,-18.96017,11.0,45.07182,0.3259267
-148.9657,-47.7091,12.0,31.709709999999998,-0.7385126999999999
-166.9217,-57.90201,12.0,27.77373,-0.213036
-161.2812,-72.10036,12.0,24.14335,0.21567870000000003
-141.2739,-71.34679,12.0,30.2836,0.216321
-118.7483,-80.51961999999999,12.0,35.90699,0.1639267
-106.5342,-104.6493,12.0,39.204409999999996,0.12129960000000001
-116.6287,-125.2065,12.0,27.730159999999998,0.5381064
-133.7888,-133.0065,12.0,22.55432,-0.5297009
-145.7638,-122.7251,12.0,25.47053,0.42490320000000004
-150.9635,-103.4984,12.0,24.66947,-2.827697
-164.8603,-103.4214,12.0,20.16562,0.1905562
-167.4734,-121.8204,12.0,32.87238,1.284559
-168.7536,-148.8273,12.0,39.6026,0.41114890000000004
-167.0995,-180.2744,12.0,45.25418,0.2034309
-164.9951,-215.8465,12.0,50.88881,0.38989309999999994
-159.5269,-250.449,12.0,41.15183,-0.673937
-138.9546,-256.6097,12.0,27.0771,0.7900874
-128.2973,-237.5399,12.0,32.520070000000004,0.4231402
-125.7909,-211.3095,12.0,38.469409999999996,0.12206089999999999
-126.84299999999999,-186.2108,12.0,32.06736,-0.5433358
-108.949,-182.7255,12.0,25.58683,-0.2047275
-109.5585,-200.8194,12.0,28.24441,0.403584
-109.9705,-224.0695,12.0,34.655640000000005,0.45727070000000003
-106.1813,-251.7683,12.0,40.77547,0.403482
-86.36221,-271.786,12.0,39.34648,0.02707586
-56.810919999999996,-265.1253,12.0,43.62659,0.2841172
-46.31289,-240.4755,12.0,33.78584,-0.7550017
-53.44558000000001,-221.3159,12.0,15.43774,-3.255
-53.179080000000006,-215.9012,12.0,5.472773,-0.23924299999999998
-53.14141,-215.4933,12.0,3.9580480000000002,0.3191231
-48.561809999999994,-218.8341,12.0,11.8176,0.2951729
-42.2717,-211.4009,12.0,14.61956,-0.1566874
-41.59035,-201.2218,12.0,16.97664,0.6687403000000001
-38.0323,-185.9899,12.0,24.71963,0.2520348
-24.803079999999998,-170.2901,12.0,31.1568,0.23460370000000003
-3.1462060000000003,-156.9239,12.0,37.51167,0.40751240000000005
12.34793,-136.1053,12.0,31.065409999999996,-0.9143396999999999
2.923342,-116.2051,12.0,35.55503,1.293057
-9.751858,-86.94861999999999,12.0,50.967729999999996,0.9712101999999999
-7.745533,-47.57313,12.0,55.72831,0.36419850000000004
-2.221294,-4.952157,12.0,59.90974,-0.1516354
-8.17933,28.26618,12.0,31.09907,0.6583189
-27.67118,44.69422,12.0,37.35922,0.2475022
-56.915890000000005,44.294909999999994,12.0,42.409890000000004,0.3966438
-90.45989,43.99152,12.0,48.06389,0.3766691
-127.1634,40.0275,12.0,48.61342,-0.5401241999999999
-153.674,22.31529,12.0,27.35008,-0.6872444999999999
-153.8287,12.55064,12.0,0.6786755,-6.0290989999999995
-150.5268,12.40788,12.0,8.754489,0.5971723000000001
-146.5047,4.580403,12.0,16.402079999999998,0.5626251999999999
-145.1261,-10.30682,12.0,23.7299,0.27631500000000003
-142.063,-30.22808,12.0,30.55968,0.2157897
-142.5636,-37.40939,13.0,10.102219999999999,0.5960925
-147.3681,-46.47214,13.0,17.72658,0.253911
-160.6671,-54.771359999999994,13.0,24.7042,0.2098478
-166.467,-69.61827,13.0,19.65435,-0.5013128
-155.5744,-76.24401,13.0,19.44706,0.42220799999999997
-140.6797,-72.66367,13.0,19.3099,-0.3696689
-125.5059,-74.31836,13.0,24.43395,0.23721260000000002
-110.6373,-87.50372,13.0,30.31437,0.4239704000000001
-107.8434,-111.1421,13.0,35.06876,0.1310154
-125.7206,-130.7486,13.0,38.66832,0.11320539999999998
-145.6011,-126.5548,13.0,17.657510000000002,-0.8834316999999999
-142.696,-122.9547,13.0,8.833388000000001,0.5760341999999999
-138.616,-122.411,13.0,3.3777690000000002,0.2819116
-143.4605,-124.3617,13.0,10.194460000000001,-0.11459860000000001
-145.5307,-129.0491,13.0,1.8751470000000001,-0.8175479999999999
-145.0747,-126.9015,13.0,7.611599000000001,0.6739058000000001
-140.9793,-119.0817,13.0,16.040029999999998,0.5464171999999999
-142.6574,-105.198,13.0,23.06073,0.46524659999999995
-158.5337,-98.4995,13.0,24.89941,-0.6125289
-167.0846,-112.79700000000001,13.0,27.566090000000003,0.251794
-167.7693,-135.8486,13.0,34.6394,0.5109859
-167.6846,-164.1447,13.0,41.33278,0.2318959
-167.9583,-197.1346,13.0,47.643229999999996,0.4226170999999999
-167.3802,-234.5112,13.0,51.67103,-1.006534
-146.10399999999998,-257.532,13.0,41.82821,-0.5057514
-127.4691,-245.3645,13.0,30.375629999999997,0.6336688
-127.9511,-219.3318,13.0,40.13308,0.245865
-127.4359,-190.9847,13.0,25.45993,-2.605553
-120.1456,-181.9464,13.0,14.49065,0.47759830000000003
-108.3318,-186.61900000000003,13.0,22.284470000000002,0.4715710999999999
-104.8255,-204.9994,13.0,29.05943,0.24949970000000002
-107.8839,-228.9282,13.0,36.01723,0.23001
-101.6279,-256.4419,13.0,41.20839,0.15992889999999998
-76.56392,-272.7063,13.0,42.61684,0.006668353
-51.8696,-256.2417,13.0,42.54227,0.03002214
-48.437020000000004,-223.5481,13.0,46.7849,-0.1417267
-39.073859999999996,-193.2536,13.0,43.39455,0.3928698
-16.24772,-167.8841,13.0,49.13191,0.222313
7.529421000000001,-138.605,13.0,48.835609999999996,-0.9155479999999999
1.963197,-110.071,13.0,34.39285,-0.7272459
-8.794191,-92.26918,13.0,30.29963,0.5330107
-6.06797,-67.29517,13.0,37.32072,0.2416802
-5.345095,-37.20868,13.0,43.87477,0.45715249999999996
-3.8147230000000003,-2.420187,13.0,50.007540000000006,0.42710349999999997
-10.22746,33.016329999999996,13.0,42.39372,-0.8581073
-30.88741,40.56715,13.0,21.28405,-1.900753
-35.07767,32.58408,13.0,0.08962949,-0.10835999999999998
-35.133,32.590340000000005,13.0,0.05861483,-0.03716485
-35.15643,32.63166,13.0,1.0281209999999998,0.537518
-34.14563,36.45792,13.0,9.273947999999999,0.4949309
-32.43738,43.51198,13.0,5.906464,-0.3685972
-32.37158,44.323170000000005,13.0,3.330458,0.2973976
-36.56147,41.22974,13.0,11.25198,0.5045412
-47.19363,43.89759,13.0,18.4976,0.2507778
-63.34544,45.10971,13.0,25.21955,0.24027559999999998
-84.22523000000001,42.18555,13.0,31.62302,0.4570509
-109.852,43.0408,13.0,37.4516,0.18639389999999997
-137.4819,35.317,13.0,39.15997,-0.7065521
-147.9103,10.17287,13.0,39.811859999999996,0.37307670000000004
-144.6703,-21.11533,13.0,45.12012,0.350067
-151.1463,-51.779740000000004,14.0,34.15676,-2.289879
-163.1924,-67.41924,14.0,22.65912,0.09610855
-148.2328,-75.72343000000001,14.0,27.840320000000002,0.48174579999999995
-126.0067,-78.83944,14.0,32.968990000000005,0.31661279999999997
-110.1643,-98.4874,14.0,36.691559999999996,0.08167928
-117.4596,-124.3332,14.0,38.84959,0.05422784
-141.4727,-130.2421,14.0,27.18323,-0.9720969
-145.7245,-120.2222,14.0,2.646677,-1.171271
-146.5125,-119.2211,14.0,1.9157529999999998,-0.007832391999999999
-147.3365,-118.215,14.0,1.521842,-0.03342016
-148.6575,-117.3986,14.0,4.097573000000001,0.25293720000000003
-150.9806,-117.4898,14.0,0.1316296,0.6581762
-148.0165,-115.6261,14.0,9.158729,0.6189545
-144.6433,-106.8364,14.0,17.0956,0.5256097
-154.4126,-96.81445,14.0,22.96051,0.29448179999999996
-167.6064,-106.9095,14.0,26.76003,0.34785609999999995
-166.3479,-128.9909,14.0,33.37766,0.2505843
-166.7387,-156.2716,14.0,40.23191,0.4968581
-167.0503,-188.5052,14.0,46.70325,0.451075
-166.783,-225.3405,14.0,52.60921,0.05004783
-152.9938,-253.2393,14.0,32.02205,-2.009154
-141.6474,-252.4152,14.0,4.938749,-0.7225398000000001
-141.2259,-249.8045,14.0,2.799486,0.2586412
-136.9927,-248.0193,14.0,10.55638,0.3673785
-127.8161,-251.6022,14.0,13.597710000000001,-0.32252240000000004
-121.1661,-248.1691,14.0,10.36973,0.27810490000000004
-123.2793,-237.5128,14.0,19.26388,0.300113
-126.3626,-220.6218,14.0,26.964840000000002,0.26987540000000004
-127.8143,-197.9539,14.0,34.24498,0.4712335
-116.5417,-179.09599999999998,14.0,28.00437,-0.7125069
-105.3215,-190.3064,14.0,28.69503,1.2704799999999998
-107.3208,-218.9344,14.0,48.71695,0.6712554000000001
-99.91768,-258.2619,14.0,53.52124,-0.6761448
-69.94344,-271.9588,14.0,46.57825,0.1101154
-48.34013,-250.0883,14.0,43.190709999999996,0.05826663
-48.674659999999996,-216.5393,14.0,47.625690000000006,0.1877193
-30.978890000000003,-184.7528,14.0,52.03733,0.3643493
-1.909429,-156.5306,14.0,56.792030000000004,-0.193428
9.257184,-124.7695,14.0,31.405690000000003,-1.098905
-2.55975,-108.2516,14.0,28.24387,0.2105569
-5.716208,-85.36961,14.0,34.79535,0.4923483
-3.4031239999999996,-57.17416,14.0,41.558009999999996,0.22862889999999997
-2.24105,-23.95913,14.0,47.93095,0.2128524
-3.499657,13.7249,14.0,53.21056,-0.507336
-21.07978,41.3908,14.0,43.36679,-0.1372751
-53.97931,40.62172,14.0,47.28897,0.19596739999999999
-91.22993000000001,40.186840000000004,14.0,53.28173,0.4305372
-130.2503,40.40074,14.0,44.58571,-1.8730419999999999
-145.3961,24.45952,14.0,16.07312,-1.325243
-143.6391,22.77124,14.0,5.852536,0.3314655
-141.2645,25.49599,14.0,2.115757,-0.9915312
-142.9629,23.26529,14.0,7.7965029999999995,0.42385690000000004
-148.7173,21.699679999999997,14.0,5.2044559999999995,-0.8423440000000001
-148.842,21.652839999999998,14.0,4.707735,0.6928546999999999
-143.8532,17.07368,14.0,13.60471,0.3111696
-140.8133,4.47938,14.0,21.7983,0.2938114
-141.8407,-14.6669,14.0,29.73882,0.5342894
-141.8146,-35.10876,1.0,5.798545,-0.07326028
-142.3295,-41.888259999999995,1.0,13.85116,0.6340539000000001
-149.6554,-52.689980000000006,1.0,22.13214,0.592409
-162.9544,-65.4794,1.0,27.41061,-0.16430899999999998
-151.6143,-76.45898000000001,1.0,23.878729999999997,-0.04119803
-137.4572,-68.97028,1.0,13.54141,-1.8654709999999999
-135.8653,-68.27846,1.0,0.02560272,0.0009380430000000001
-135.8465,-68.28126999999999,1.0,0.02536116,0.0006471321
-135.8295,-68.28345,1.0,0.01486593,-0.02440391
-136.0729,-69.56189,1.0,4.475243,-0.08950188
-135.7164,-72.88474000000001,1.0,4.338672,-0.04881822
-136.1262,-75.69174,1.0,3.5245839999999995,-0.02690951
-136.4499,-76.20103,1.0,3.7491589999999997,0.6353343000000001
-130.5735,-75.00033,1.0,12.645610000000001,0.3290427
-119.8115,-80.24319,1.0,20.28402,0.5546425
-111.9233,-96.34902,1.0,28.03599,0.2568052
-113.0185,-118.7388,1.0,33.89504,0.4031391
-133.5214,-133.3717,1.0,34.81852,-0.6400095
-146.8281,-121.5901,1.0,22.21623,-0.1493786
-138.4772,-109.3194,1.0,8.651685,-1.383031
-138.458,-108.72,1.0,0.02719677,0.02777435
-138.4588,-108.7368,1.0,0.02122199,0.0129964
-140.2358,-108.1762,1.0,6.560022,0.3155584
-145.3462,-110.2705,1.0,6.059261,-0.7594135000000001
-145.0756,-109.5752,1.0,5.884171,0.6427833000000001
-145.2566,-102.2794,1.0,14.2599,0.5508476
-155.4714,-95.6763,1.0,17.31108,-0.1960315
-164.6581,-101.1626,1.0,15.92205,0.5707291999999999
-167.1635,-118.4728,1.0,30.558909999999997,0.8360040000000001
-168.2513,-143.9943,1.0,38.97505,0.6971818000000001
-163.8746,-171.4344,1.0,34.143229999999996,-0.27447540000000004
-167.9104,-194.6137,1.0,33.91803,1.424231
-166.7052,-223.4808,1.0,37.84771,-0.2703423
-160.8644,-246.9844,1.0,28.05958,-0.8216095999999999
-142.1092,-250.2583,1.0,29.195829999999997,0.1852976
-122.6454,-239.8159,1.0,27.598879999999998,-0.7805788
-129.3689,-224.6378,1.0,25.804370000000002,0.06886403
-125.5292,-209.6734,1.0,21.56863,-0.4361053
-124.0493,-196.4631,1.0,18.13713,-0.01589736
-122.3091,-185.5567,1.0,14.62704,0.3542982
-111.2554,-188.2979,1.0,16.91994,-0.4018359
-110.1453,-199.5001,1.0,14.073979999999999,-0.08916086
-109.7315,-211.4344,1.0,20.02109,0.5679506999999999
-107.8998,-229.0358,1.0,27.719009999999997,0.5559440999999999
-103.6235,-251.7905,1.0,34.63817,0.41013809999999995
-84.81271,-270.3283,1.0,38.621109999999994,0.16919620000000002
-58.41563000000001,-262.8076,1.0,39.5191,0.05670329
-51.9394,-234.4775,1.0,42.498259999999995,0.19179010000000002
-41.35492,-203.2119,1.0,47.56089,0.1826718
-17.89612,-174.5098,1.0,53.05072,0.45894129999999994
6.603548,-141.2693,1.0,58.301280000000006,0.1919145
11.16382,-108.8918,1.0,22.201,-4.608335
9.907686,-104.3236,1.0,0.6608486,-0.03202302
9.912951,-104.3452,1.0,1.9689189999999999,0.6339467
13.16981,-106.4787,1.0,7.869418,0.3182259
18.19971,-107.0203,1.0,3.0288169999999996,-0.3733785
17.036170000000002,-107.37799999999999,1.0,6.1188839999999995,0.6503989
10.05952,-110.4763,1.0,14.0409,0.33151929999999996
0.1959703,-108.01799999999999,1.0,18.17525,0.40394949999999996
1.2903209999999998,-92.14194,1.0,25.01446,0.4034482
-4.078951,-71.97301999999999,1.0,31.63353,0.2305274
-5.770776000000001,-46.09487,1.0,38.312740000000005,0.229827
-6.430651,-15.339879999999999,1.0,44.68291,0.46541499999999997
-6.897596000000001,19.94501,1.0,49.33719,-0.8295165000000001
-17.685979999999997,43.83348,1.0,19.390620000000002,-2.308637
-26.977870000000003,39.82911,1.0,17.14343,0.5301871
-41.81657,38.488459999999996,1.0,24.18923,0.5402646
-62.29399,39.7093,1.0,31.322090000000003,0.5048311
-88.03633,39.64542,1.0,38.10266,0.2405913
-118.6423,40.55283,1.0,44.49915,0.4391273
-143.3234,32.650999999999996,1.0,25.128989999999998,-1.134291
-140.9392,24.547639999999998,1.0,8.278436,0.5080112
-137.7516,24.258879999999998,1.0,0.07252371,0.02124788
-137.7517,24.21527,1.0,0.05136328,-0.04542667
-139.3008,24.5764,1.0,5.782135,0.1880995
-145.8144,24.1094,1.0,11.0607,0.07584212
-151.0195,25.370929999999998,1.0,2.2734959999999997,-0.6801371
-149.6317,24.5788,1.0,6.3510230000000005,0.3009228
-147.086,17.697879999999998,1.0,14.009229999999999,0.5041815
-151.92600000000002,5.831535,1.0,20.42701,0.1649818
-148.3225,-11.10242,1.0,26.813640000000003,0.472476
-146.0599,-33.19412,1.0,33.14363,0.4291072
-158.8937,-51.82628,2.0,33.186479999999996,0.1085724
-165.0437,-69.95356,2.0,23.78156,-0.5471913
-156.3455,-70.40511,2.0,8.344764,0.19601670000000002
-155.7056,-68.52736999999999,2.0,0.05596872,-0.004076158
-155.6796,-68.54135,2.0,0.42187340000000007,0.49208029999999997
-156.2257,-71.26926,2.0,5.226312999999999,-0.04711878
-156.8284,-74.7886,2.0,3.40485,-0.7728292
-155.9125,-73.99207,2.0,6.409343,0.6754511
-148.2052,-73.5564,2.0,15.17296,0.5649502
-136.7237,-81.40745,2.0,20.21474,-0.3464547
-123.6284,-84.83672,2.0,17.10128,0.1024019
-112.2703,-98.12785,2.0,30.751559999999998,0.7640937
-115.678,-119.9316,2.0,32.24364,0.20715050000000002
-135.8302,-130.7322,2.0,29.8931,-1.079437
-144.7099,-119.1711,2.0,20.57142,0.3582639
-139.93,-105.1603,2.0,18.292070000000002,0.03662245
-153.6051,-101.8445,2.0,21.26684,-0.07069622
-161.0123,-111.5086,2.0,16.68234,-0.1277254
-163.1283,-124.0403,2.0,18.85322,0.1391223
-165.4103,-141.2301,2.0,27.637320000000003,0.5617725
-165.2975,-164.5746,2.0,35.27129,0.2558327
-165.63400000000001,-193.4803,2.0,42.50333,0.5000398
-165.6594,-227.4548,2.0,49.15891,0.2221574
-157.4637,-249.68900000000002,2.0,22.27375,0.23569310000000002
-138.8458,-251.8419,2.0,29.43589,0.5465774
-125.1792,-239.0021,2.0,24.38818,-0.44104709999999997
-126.4908,-218.6589,2.0,33.02905,0.5227187
-126.3894,-192.2528,2.0,31.85507,-3.7702970000000002
-119.5448,-183.9575,2.0,12.33157,0.5949352
-111.2265,-190.6807,2.0,19.2967,0.5508386
-109.6865,-207.9622,2.0,27.416109999999996,0.5777279000000001
-107.1357,-231.0005,2.0,35.090340000000005,0.5149020000000001
-98.7542,-258.0978,2.0,41.46692,0.33338
-72.93298,-270.2184,2.0,40.18895,0.001693007
-50.28867,-251.1082,2.0,42.34478,-0.01518728
-48.97306,-218.8334,2.0,46.439040000000006,0.18957539999999998
-33.14235,-187.4436,2.0,50.68501,0.46662040000000005
-5.9572449999999995,-158.2661,2.0,56.7932,0.4152419
8.871839,-128.7319,2.0,24.58863,-2.8242700000000003
-0.1192661,-117.3927,2.0,22.84735,0.5413328000000001
-6.597461,-99.48778,2.0,29.858929999999997,0.2720519
-6.6434809999999995,-74.55886,2.0,37.343959999999996,0.2557119
-6.800364999999999,-44.249109999999995,2.0,44.42436,0.5079272
-7.249389999999999,-8.832875999999999,2.0,51.06773,0.4604170999999999
-8.714172,30.0958,2.0,47.59022,-1.6557099999999998
-23.9818,46.16793,2.0,14.151860000000001,-1.355113
-25.56158,44.426790000000004,2.0,6.060104,0.6677728
-30.35322,39.70966,2.0,14.267520000000001,0.2777656
-42.70348,45.01271,2.0,22.40008,0.5176648
-61.41723,45.035759999999996,2.0,29.47585,0.2820607
-85.94173,41.96373,2.0,36.98101,0.272314
-115.9582,41.00548,2.0,44.0319,0.49071940000000003
-146.2104,31.619629999999997,2.0,34.9211,-1.186754
-149.7393,18.88997,2.0,2.7424180000000002,-1.321218
-146.0234,19.097160000000002,2.0,9.502403999999999,0.5503979
-143.7951,10.10322,2.0,17.64361,0.5423269000000001
-151.1725,-3.719876,2.0,24.255470000000003,0.09557595
-146.3586,-23.39416,2.0,30.962640000000004,0.36557490000000004
-142.6211,-37.84818,3.0,11.95297,-0.08743191
-145.9917,-45.82444,3.0,13.66753,1.028197
-155.8112,-53.028259999999996,3.0,15.94883,-0.2419305
-165.4215,-56.873180000000005,3.0,12.3395,-0.3451677
-165.8087,-64.41801,3.0,9.444798,-0.1592114
-158.8966,-71.63011999999999,3.0,17.82301,0.2534897
-143.0256,-71.88116,3.0,25.41216,0.5061532
-123.3021,-78.83759,3.0,27.963540000000002,-0.4809732
-110.5415,-92.22551999999999,3.0,23.13338,-0.11217339999999999
-108.5088,-111.7896,3.0,26.82974,-0.40750040000000004
-116.3979,-127.4104,3.0,21.360870000000002,-0.3616765
-131.1262,-133.83100000000002,3.0,25.34262,0.2658792
-143.4256,-123.0688,3.0,28.329240000000002,1.1380190000000001
-152.7979,-104.8313,3.0,21.809839999999998,-0.9301753
-164.2831,-107.5018,3.0,19.68582,0.4621362
-167.921,-124.40799999999999,3.0,27.463890000000003,0.28502209999999994
-169.9378,-147.5437,3.0,35.02748,0.2555725
-167.4937,-175.981,3.0,42.03372,0.5061373
-165.3017,-209.5807,3.0,48.67792,0.5984315
-162.8481,-245.3509,3.0,44.24027,-1.360491
-144.2293,-258.8388,3.0,26.3426,-0.7692420999999999
-128.8689,-245.3603,3.0,31.441270000000003,0.6586883000000001
-127.0225,-221.3679,3.0,36.3396,0.2509116
-127.1495,-195.00599999999997,3.0,33.58076,-0.31390640000000003
-116.5557,-178.4769,3.0,23.74579,-0.40922
-109.27799999999999,-189.5247,3.0,23.04626,0.3052827
-106.6004,-208.514,3.0,30.0025,0.5299379
-105.1531,-231.0505,3.0,28.66371,-0.4161643
-105.6517,-252.8146,3.0,34.834959999999995,0.4217258
-88.91379,-271.6208,3.0,36.22365,-0.03685314
-65.2627,-268.7648,3.0,18.80244,-1.018502
-56.74953000000001,-267.1763,3.0,5.062443,-0.46188429999999997
-56.805730000000004,-267.1642,3.0,2.0086169999999997,-0.1804353
-56.97979,-267.2233,3.0,2.349582,0.5251251
-54.46597,-264.2437,3.0,7.202205,0.166419
-49.3907,-262.6016,3.0,7.678172,-0.48634120000000003
-48.400909999999996,-263.3294,3.0,3.408751,0.6931719
-50.173120000000004,-257.9403,3.0,11.887089999999999,0.5732374
-47.65162,-246.4499,3.0,19.88725,0.5442225
-44.443020000000004,-229.2449,3.0,27.33118,0.27047859999999996
-41.86504,-206.4442,3.0,34.40613,0.24577179999999998
-31.669079999999997,-181.9337,3.0,38.827890000000004,0.21162470000000003
-10.7333,-161.2642,3.0,32.86034,-0.8368796000000001
3.723004,-149.7918,3.0,21.19139,-0.3511302
11.57752,-138.7039,3.0,16.21913,-0.32928
9.971516000000001,-127.74700000000001,3.0,16.99944,0.6746873000000001
0.8482146,-115.4927,3.0,24.36949,0.26476279999999996
-7.441461,-96.5053,3.0,31.415540000000004,0.5007437
-10.486089999999999,-71.07639,3.0,37.958,0.45779269999999994
-7.2499720000000005,-40.73188,3.0,44.248470000000005,0.46335859999999995
-3.4763830000000002,-7.815453,3.0,41.80721,-0.582283
-4.406926,12.15873,3.0,11.846969999999999,-1.8755389999999998
-5.070614,16.24524,3.0,7.451612,0.6367151
-7.020461,24.73724,3.0,15.97362,0.5992556
-14.4988,37.11007,3.0,23.38873,0.23287280000000002
-32.64391,44.87688,3.0,30.137390000000003,0.2014013
-57.43589,44.71079,3.0,36.95567,0.486712
-87.28996,43.441309999999994,3.0,43.60067,0.49184750000000005
-120.9768,40.42557,3.0,44.690690000000004,-0.31319959999999997
-147.7966,29.98623,3.0,36.40002,-0.2379203
-144.82399999999998,6.732742999999999,3.0,34.464009999999995,0.1872483
-145.1865,-20.11518,3.0,39.50114,0.43143640000000005
-147.1993,-48.97892,4.0,30.763609999999996,-2.7312119999999998
-160.9485,-54.396080000000005,4.0,19.69635,0.06628737
-167.4032,-64.52023,4.0,20.70188,0.3312515
-152.6468,-72.65436,4.0,26.72233,0.4690924
-130.8497,-75.7494,4.0,33.17066,0.4832241
-111.6728,-93.45699,4.0,38.571979999999996,0.3375078
-113.5069,-120.1999,4.0,37.49304,0.04615167
-135.4099,-132.265,4.0,33.65152,-0.8498145
-144.502,-114.18,4.0,30.77157,0.22665079999999999
-152.1985,-98.83563000000001,4.0,16.99073,-0.44154440000000006
-163.8183,-105.4715,4.0,22.8384,0.4452485
-168.4892,-124.3218,4.0,29.992690000000003,0.5323770999999999
-170.3617,-149.007,4.0,36.864090000000004,0.4855728
-167.517,-178.7005,4.0,43.52004,0.4605758
-164.3076,-213.1361,4.0,49.461040000000004,0.01181959
-161.6963,-246.0989,4.0,29.808659999999996,-3.0554349999999997
-150.5574,-256.0452,4.0,18.5055,0.9640931
-134.2425,-255.9777,4.0,24.92926,0.06690017
-126.4311,-237.2088,4.0,31.09028,0.4971307
-127.5547,-212.2518,4.0,37.26279,0.4716468
-124.5893,-183.9236,4.0,38.638020000000004,-0.7482451999999999
-102.9683,-179.43200000000002,4.0,27.88743,-0.3988619
-104.0874,-193.9963,4.0,21.71179,0.3125239
-114.57799999999999,-201.16,4.0,5.063975,-2.511695
-114.5551,-201.5558,4.0,0.004901268,0.008143931
-113.9306,-201.7159,4.0,3.367115,0.1873184
-110.3136,-200.2561,4.0,7.118828,0.04111091
-109.6804,-198.2616,4.0,1.256551,0.5560281
-109.2041,-201.8679,4.0,8.520087,0.4971225
-107.4048,-210.5616,4.0,15.31075,0.471921
-105.36200000000001,-224.1099,4.0,21.659489999999998,0.45120740000000004
-105.9457,-242.364,4.0,27.52729,0.3967986
-99.81039,-263.1122,4.0,31.86812,0.12074260000000002
-78.08592,-271.9643,4.0,34.39542,0.3016949
-54.33055,-260.9781,4.0,37.26143,-0.02844861
-49.32643,-234.0092,4.0,39.512170000000005,0.3466858
-43.755179999999996,-203.8935,4.0,43.73616,0.314592
-25.7371,-175.9773,4.0,46.77636,0.08230052
-1.846536,-154.7956,4.0,31.834840000000003,-2.429939
10.20138,-142.8723,4.0,18.76132,-0.4502927
11.55825,-130.2773,4.0,22.36806,0.6875243000000001
0.277142,-115.4019,4.0,28.014190000000003,0.3708007
-8.119447000000001,-94.50528,4.0,33.10524,0.1958776
-10.562710000000001,-68.28867,4.0,38.1473,0.3673675
-6.378679,-38.573840000000004,4.0,42.90443,0.33666009999999996
-1.51508,-5.469752,4.0,47.347590000000004,0.23882379999999997
-7.690765,27.65953,4.0,31.787640000000003,-3.3863980000000002
-23.08804,41.41822,4.0,30.569879999999998,0.3250912
-47.24112,43.68737,4.0,35.44574,0.3787787
-75.37769,43.30465,4.0,40.50441,0.1632485
-106.9406,41.49942,4.0,43.567170000000004,-0.03576308
-134.1795,38.08659,4.0,21.50122,-1.736287
-144.0992,31.85231,4.0,18.1572,0.2089424
-148.0755,16.95872,4.0,23.89495,0.2094605
-145.1617,-2.630168,4.0,29.61549,0.2047974
-141.5739,-26.314590000000003,4.0,34.81451,0.16403910000000002
-149.029,-47.6359,5.0,26.33672,-0.24859389999999998
-166.6169,-58.01395,5.0,26.574309999999997,-0.6691997
-163.3041,-69.48956,5.0,17.30195,-0.43831629999999994
-150.2207,-70.78246,5.0,21.6389,0.447902
-132.4651,-75.01203000000001,5.0,27.572159999999997,0.4103028
-113.6636,-86.45557,5.0,32.25503,0.2439259
-108.5524,-109.7983,5.0,34.38974,-0.1144826
-120.4088,-130.5201,5.0,31.756190000000004,-0.14500839999999998
-138.7275,-130.0074,5.0,23.03622,0.22640029999999997
-145.1485,-112.9023,5.0,27.404359999999997,0.34619570000000005
-160.1351,-100.3146,5.0,23.21665,-1.2976969999999999
-164.7368,-109.8473,5.0,16.47185,0.02315923
-166.4877,-124.2513,5.0,23.17022,0.5196652
-168.1492,-147.2638,5.0,40.513709999999996,1.361646
-165.9944,-181.0724,5.0,48.84324,0.5377456
-164.3102,-217.1886,5.0,39.91884,-1.368422
-163.4916,-236.5595,5.0,19.76075,-0.1488122
-160.6085,-248.8893,5.0,14.674929999999998,0.06274559
-151.4109,-257.8767,5.0,22.95799,0.6299556
-133.6308,-255.6941,5.0,29.274,0.35882709999999995
-125.3589,-231.3398,5.0,40.06457,0.3061822
-128.3998,-202.6609,5.0,29.40346,-1.332537
-126.3165,-187.5733,5.0,16.93059,-0.5075037
-115.1774,-182.0891,5.0,21.75467,0.6846671
-102.9587,-193.1431,5.0,26.096629999999998,0.4179263
-103.0945,-215.9482,5.0,35.099909999999994,0.3375783
-105.6166,-242.8485,5.0,35.49021,-0.657763
-100.096,-264.7953,5.0,28.644779999999997,0.7506493000000001
-78.80534,-272.0644,5.0,33.25564,0.16144239999999999
-55.93082,-261.7611,5.0,35.82108,0.01486207
-48.60199,-235.2662,5.0,39.55556,0.349618
-43.81525,-204.5583,5.0,44.30267,0.33282480000000003
-27.8688,-175.0219,5.0,47.27077,0.2743286
-5.468711,-157.6953,5.0,16.23501,-2.584078
2.556596,-152.3776,5.0,10.65421,-0.3161469
7.50635,-148.3245,5.0,6.923383,-0.13727179999999997
11.69002,-143.0998,5.0,12.38003,0.4832681
12.406369999999999,-131.9682,5.0,18.47596,0.22187529999999997
3.818629,-118.6842,5.0,24.44712,0.42570340000000007
-5.760898,-101.0809,5.0,29.923029999999997,0.18959089999999998
-10.507610000000001,-77.39804000000001,5.0,35.1635,0.19193870000000002
-8.070721,-49.6988,5.0,40.01161,0.17010029999999998
-2.680616,-18.73808,5.0,44.78774,0.3453067
-2.6771580000000004,12.30493,5.0,33.31693,-1.5580610000000001
-6.802207000000001,25.32985,5.0,9.403863000000001,0.5945704
-12.221589999999999,34.68011,5.0,18.30229,0.42351099999999997
-25.26735,43.04226,5.0,24.04457,0.1969332
-44.8983,45.318659999999994,5.0,29.60075,0.40881940000000005
-68.85644,44.76972,5.0,35.07308,0.3870261
-96.75256,43.39267,5.0,40.18857,0.351452
-125.6345,40.40939,5.0,35.22377,-0.3672723
-141.1533,35.08205,5.0,21.88107,0.3318208
-147.8927,18.527520000000003,5.0,27.09194,0.3687006
-144.9863,-3.124244,5.0,32.34364,0.40451770000000004
-141.9272,-28.459709999999998,5.0,32.13057,-1.065177
-145.4658,-43.507659999999994,6.0,11.89072,-0.3423813
-153.3298,-52.88871999999999,6.0,19.11681,-0.506401
-164.1552,-57.92332,6.0,13.27145,-0.44355020000000006
-164.6459,-67.6711,6.0,18.64329,0.7109890999999999
-148.9418,-72.30117,6.0,29.52587,0.5489659
-124.0729,-78.18775,6.0,40.21025,0.6965416
-109.0849,-101.67200000000001,6.0,36.13003,-0.47988980000000003
-116.3165,-117.2346,6.0,11.56974,-0.033820800000000005
-119.7858,-126.7821,6.0,19.48442,0.8145525
-130.2212,-134.1865,6.0,18.97233,0.21744179999999996
-143.0292,-125.9848,6.0,24.222929999999998,0.22986959999999998
-147.0333,-107.8955,6.0,17.047520000000002,-2.0693610000000002
-151.8417,-103.0685,6.0,8.771239,0.6483093000000001
-161.1039,-100.9193,6.0,16.58758,-0.1882683
-166.9571,-111.2055,6.0,20.69983,0.9942382
-168.3078,-131.659,6.0,34.413959999999996,0.47471540000000007
-168.582,-161.7993,6.0,46.25998,0.7922603
-165.7484,-199.6678,6.0,55.312569999999994,-0.288179
-163.497,-236.7559,6.0,44.24702,-1.06487
-152.7244,-257.6689,6.0,26.11382,-0.7700613000000001
-136.6345,-255.813,6.0,19.008229999999998,-0.04479369
-126.8078,-242.9507,6.0,25.794729999999998,0.38689429999999997
-125.15299999999999,-221.9689,6.0,31.1701,0.3521284
-128.8067,-197.1941,6.0,35.17771,-1.3121690000000001
-122.2853,-182.5299,6.0,17.875999999999998,0.5258675
-108.25,-186.6969,6.0,22.94541,0.30587800000000004
-102.5967,-204.2286,6.0,27.95338,0.19972779999999998
-104.3676,-226.9501,6.0,33.45125,0.3910542
-105.2719,-253.4972,6.0,38.28235,0.12647089999999997
-88.03872,-272.6113,6.0,35.13382,-1.110143
-66.14350999999999,-268.6085,6.0,26.26935,-0.2539629
-52.028059999999996,-259.43,6.0,24.11898,0.3061389
-47.184509999999996,-238.9853,6.0,31.46851,0.20359760000000002
-43.92373,-213.8786,6.0,36.80105,0.1830155
-37.52465,-185.8256,6.0,40.738820000000004,0.06629247
-14.536220000000002,-165.7896,6.0,39.218709999999994,-1.729516
0.5108941,-154.3095,6.0,13.98754,-0.1960634
7.612636999999999,-148.4137,6.0,12.13106,0.11204669999999999
12.65605,-139.2552,6.0,17.700129999999998,0.6491879
7.752184,-124.3219,6.0,26.54369,0.9095190000000001
-5.751799,-103.6412,6.0,40.68229,0.9946370999999999
-9.54606,-68.92262,6.0,53.69721,0.8708298000000001
-3.775658,-25.96029,6.0,61.327259999999995,0.2345667
-3.505933,13.89771,6.0,36.35693,-2.9805330000000003
-9.751421,30.6129,6.0,21.40196,0.2217748
-23.549870000000002,42.43365,6.0,29.870459999999998,0.7566008000000001
-50.22333,45.29213,6.0,43.78875,1.130339
-88.0809,43.74409,6.0,57.890159999999995,0.9382839
-121.7135,40.43707,6.0,21.50639,-2.6574459999999998
-132.1454,38.369,6.0,13.37854,0.45656149999999995
-144.8697,31.526870000000002,6.0,23.837770000000003,0.22265170000000004
-147.4094,12.55787,6.0,28.811690000000002,0.3993291
-143.4445,-10.44448,6.0,34.22733,0.1978842
-141.8924,-33.87281,7.0,6.355709,0.2604513
-142.8421,-41.09522,7.0,13.25777,0.4783455
-150.0332,-50.52062,7.0,19.29619,0.3991241
-164.4325,-57.83523,7.0,23.633570000000002,-0.2961086
-167.21599999999998,-70.98298,7.0,15.83564,-0.226154
-157.3764,-77.07981,7.0,17.76843,0.2625902
-143.4874,-73.82027,7.0,20.01588,0.006235742
-127.8059,-74.55717,7.0,22.9674,0.249237
-112.37899999999999,-87.18424,7.0,30.5962,0.1395144
-108.9552,-110.1909,7.0,34.09539,0.10858499999999999
-125.3879,-129.4774,7.0,36.71698,0.1710909
-146.7558,-126.0837,7.0,21.18029,-0.8900905000000001
-144.1161,-117.2388,7.0,9.955905,0.1026839
-145.072,-106.9894,7.0,17.63526,-0.1270406
-155.7949,-101.3399,7.0,18.81803,0.533525
-165.9926,-110.9302,7.0,19.97687,-0.04723091
-165.9009,-126.4045,7.0,23.84306,0.3156333
-168.2731,-148.0976,7.0,36.458290000000005,1.03922
-169.7219,-180.0265,7.0,49.462559999999996,0.8570822
-169.666,-219.4438,7.0,51.4168,-0.44252109999999995
-161.645,-248.7075,7.0,31.1588,-0.42747520000000006
-143.9314,-254.3963,7.0,22.1863,-0.37498459999999995
-129.0422,-248.2168,7.0,23.345860000000002,0.2559261
-125.8568,-228.6399,7.0,31.5176,0.202593
-126.1747,-203.2486,7.0,36.871809999999996,0.18605660000000002
-120.948,-180.7452,7.0,17.98829,-0.9723045
-111.4097,-183.9847,7.0,18.53687,0.3722816
-109.1475,-199.6495,7.0,24.47137,0.43295740000000005
-108.7458,-219.9287,7.0,30.263840000000002,0.40959840000000003
-107.6631,-244.31900000000002,7.0,35.3837,0.1404184
-93.57008,-267.0667,7.0,38.41754,0.08394188
-66.06446,-270.9618,7.0,39.37446,-0.01704805
-50.013659999999994,-248.2523,7.0,40.00207,0.2466118
-47.804790000000004,-217.0456,7.0,44.45981,0.2535165
-31.34735,-188.3906,7.0,47.05928,0.1729164
-6.5239650000000005,-161.3656,7.0,51.502720000000004,0.1446397
9.083369,-133.8018,7.0,29.23044,-0.9182376
2.260569,-116.8541,7.0,29.16725,0.21512779999999998
-5.911459,-94.85168,7.0,38.00489,0.5846795
-2.042982,-60.260909999999996,7.0,55.784240000000004,1.188982
-1.191406,-13.371739999999999,7.0,68.30230999999999,-1.045975
-5.605968,30.26789,7.0,44.63361,-2.977598
-24.83764,41.81595,7.0,30.78378,0.447776
-52.32216,40.5789,7.0,40.77843,0.17757779999999998
-84.37737,40.45978,7.0,45.55447,0.34956929999999997
-119.811,41.39499,7.0,49.900729999999996,0.03074494
-146.2669,30.50835,7.0,27.9848,-1.072155
-145.695,8.886886,7.0,32.03195,0.3818986
-145.1803,-16.86814,7.0,37.31006,0.1865128
-148.8779,-45.704809999999995,8.0,39.68569,-0.5528035
-166.8163,-61.609140000000004,8.0,22.16655,-0.7944418000000001
-163.2807,-76.44481999999999,8.0,26.419059999999998,0.21368310000000001
-142.8285,-77.61995,8.0,30.847929999999998,0.39116290000000004
-120.6352,-84.00451,8.0,33.796040000000005,0.2939611
-110.6691,-107.3513,8.0,36.68356,0.13113429999999998
-124.99799999999999,-129.3955,8.0,37.76383,0.1039971
-145.7055,-128.8486,8.0,12.25358,-1.364264
-145.1111,-126.4071,8.0,6.824933000000001,0.5069146
-141.7337,-119.8601,8.0,13.5191,0.22222260000000002
-146.1806,-108.6739,8.0,19.639329999999998,0.20433010000000001
-160.4052,-102.7018,8.0,23.4453,0.01916646
-167.7058,-117.4563,8.0,26.12201,0.421784
-167.00599999999997,-138.8555,8.0,31.558709999999998,0.3689946
-171.0352,-163.8431,8.0,36.75819,0.34387449999999997
-169.6208,-192.8787,8.0,41.55379,0.353044
-168.6185,-225.3893,8.0,46.25334,0.325522
-156.5616,-254.2604,8.0,38.07711,-0.48038230000000004
-134.6005,-251.4154,8.0,27.25406,-0.01196876
-126.9909,-231.0607,8.0,32.68861,0.1784499
-127.2758,-204.885,8.0,37.92627,0.3513092
-120.1325,-180.8506,8.0,22.69491,-1.9386299999999999
-109.3436,-183.6656,8.0,17.784570000000002,0.3406197
-106.9594,-198.6326,8.0,23.64902,0.21200500000000003
-106.3705,-218.4084,8.0,29.51476,0.41696809999999995
-105.4382,-242.2771,8.0,34.879979999999996,0.1634355
-94.07199,-266.1592,8.0,37.804520000000004,0.06993499
-67.49755,-271.1851,8.0,38.43869,0.03095494
-49.11182,-250.0813,8.0,39.90821,0.20291579999999998
-46.193670000000004,-219.0831,8.0,44.38709,0.1431026
-32.9712,-189.2405,8.0,45.95961,0.3273545
-8.05368,-163.7175,8.0,50.31222,0.2900086
8.755861999999999,-133.5348,8.0,38.673429999999996,-1.0925989999999999
-1.859463,-110.48899999999999,8.0,39.16183,0.4622679
-4.965391,-82.51942,8.0,40.755359999999996,0.1772757
-1.428962,-50.745129999999996,8.0,45.41245,0.3511112
-1.5374809999999999,-15.450820000000002,8.0,49.848240000000004,0.1404386
-3.775543,22.901229999999998,8.0,50.78949,-1.293603
-21.06672,42.64454,8.0,22.53829,-2.510815
-26.284329999999997,40.05791,8.0,6.528894,0.47258599999999995
-31.950979999999998,37.22314,8.0,12.80717,-0.10298969999999999
-40.5296,45.22945,8.0,19.180889999999998,0.406964
-48.031420000000004,48.58643,8.0,0.01710411,-0.003112121
-48.02245,48.562740000000005,8.0,0.750546,0.6273946
-48.44784,46.0237,8.0,5.205123,0.03829099
-47.07625,43.2303,8.0,0.40126690000000004,-0.3369045
-49.788470000000004,45.13779,8.0,9.123114,0.6384771
-59.53181,46.04473,8.0,17.79214,0.6269938
-75.70776,44.13157,8.0,26.0017,0.5884874
-97.72504,42.07837,8.0,33.672540000000005,0.5411498
-125.2013,44.13842,8.0,40.08976,0.1827053
-144.3255,25.54814,8.0,38.80706,0.1598625
-145.172,-6.244209,8.0,47.24296,0.28136540000000004
-141.9409,-33.84734,9.0,3.002984,-0.03249678
-142.3136,-36.14539,9.0,6.515643,0.6852365
-145.3554,-44.46841,9.0,13.99225,-0.1102066
-151.6646,-51.13174,9.0,11.41,-0.09415939
-161.0625,-54.25506,9.0,13.200170000000002,-0.2191178
-166.757,-60.19256,9.0,10.1415,-0.1041742
-163.3044,-69.75473000000001,9.0,20.45299,0.5572598000000001
-149.8995,-73.49689000000001,9.0,17.36054,-0.2599147
-138.1354,-72.95647,9.0,16.11695,0.47754650000000004
-122.2377,-78.28047,9.0,25.49449,0.08192949
-109.7595,-92.61282,9.0,26.404659999999996,0.07050502
-107.5949,-110.1745,9.0,15.076360000000001,-1.999082
-110.0239,-118.8215,9.0,10.85535,-0.08669443
-116.5571,-129.6505,9.0,21.66925,-0.05445917
-129.6762,-135.0376,9.0,17.45776,-0.2742084
-140.3919,-130.4541,9.0,16.6618,0.490346
-147.0108,-115.1989,9.0,26.96207,0.5979946999999999
-154.9915,-100.3258,9.0,16.06939,-0.1926111
-163.91,-102.3957,9.0,12.90157,0.7626185000000001
-167.6012,-116.9092,9.0,27.858220000000003,0.5150459
-168.718,-142.5997,9.0,41.18006,0.8850744
-167.9218,-175.3651,9.0,46.46458,0.2423712
-164.5067,-209.8689,9.0,44.29376,-0.7836934
-162.6199,-238.5934,9.0,29.8869,-0.7376418
-154.7356,-255.4854,9.0,22.79316,-0.37707290000000004
-140.9851,-260.1106,9.0,17.58018,-0.1688883
-129.51,-249.7089,9.0,28.16333,1.1449790000000002
-125.154,-224.9259,9.0,37.8704,-0.5162853000000001
-128.6005,-200.8224,9.0,23.76764,-0.8121510000000001
-127.8053,-188.4808,9.0,14.145760000000001,-0.1554117
-120.1595,-181.7847,9.0,18.15575,0.6361475999999999
-107.3202,-185.2604,9.0,16.73335,-0.1759935
-102.6716,-196.0582,9.0,20.275029999999997,0.5551633
-103.2801,-216.512,9.0,33.56285,0.6699743
-106.1783,-243.4436,9.0,36.950379999999996,-0.1996747
-97.74358000000001,-267.5474,9.0,33.41805,-0.31423449999999997
-74.84395,-272.6162,9.0,32.64318,-0.06013726
-54.75761,-260.7028,9.0,32.497009999999996,0.2980596
-47.85568,-236.4729,9.0,35.54978,0.1841586
-43.66295,-209.7254,9.0,36.040659999999995,-0.16507460000000002
-36.68848,-185.47799999999998,9.0,31.80019,-0.3825539
-22.335829999999998,-169.7612,9.0,25.937170000000002,-0.18975060000000002
-7.994152000000001,-159.8162,9.0,21.55671,-0.18022370000000001
4.28069,-151.5626,9.0,18.0328,-0.1338216
12.41301,-139.9005,9.0,22.5431,0.5166502000000001
6.64537,-122.7375,9.0,27.956559999999996,0.30792709999999995
-5.8495919999999995,-105.2579,9.0,29.65073,0.04198984
-10.75268,-83.61435999999999,9.0,30.39857,0.04838746
-10.20662,-59.5629,9.0,34.42775,0.12594280000000002
-5.934786,-33.82493,9.0,35.86752,0.03265622
-2.040479,-7.182078,9.0,36.45932,-0.5133238
-4.074625,15.717239999999999,9.0,25.40631,-0.643599
-9.108047000000001,30.747359999999997,9.0,18.72306,-0.1495118
-22.25231,42.18926,9.0,28.201240000000002,0.25762240000000003
-45.38884,44.812979999999996,9.0,35.16233,0.5322891
-74.04069,44.0973,9.0,42.25906,0.247074
-107.8847,42.58752,9.0,48.254459999999995,0.1271038
-138.5769,37.17249,9.0,33.50998,0.29662340000000004
-146.1945,14.81306,9.0,35.78841,0.2578528
-141.5833,-13.89342,9.0,42.416270000000004,0.455279
-144.3094,-37.14999,10.0,17.32976,-0.2672717
-150.0819,-49.08757,10.0,20.34194,-0.1739047
-161.5264,-55.87141999999999,10.0,16.28441,-0.2541382
-167.0548,-64.02075,10.0,13.71553,0.2343556
-158.9948,-72.87401,10.0,17.77107,0.03172128
-145.5004,-72.45766,10.0,18.332320000000003,-0.178108
-131.9854,-74.40475,10.0,23.1177,0.6953549
-114.7853,-84.26949,10.0,30.44036,0.4560567
-107.2417,-106.9379,10.0,35.98003,0.21230320000000003
-116.4432,-128.4148,10.0,24.65203,-0.2305469
-131.5072,-133.7615,10.0,19.505470000000003,-0.1757579
-142.5968,-127.2383,10.0,19.9745,0.6272430999999999
-147.2973,-110.5947,10.0,23.81462,-0.3820353
-151.2347,-103.65899999999999,10.0,5.4749099999999995,1.103913
-158.2645,-100.4662,10.0,14.44674,0.4714359
-166.8612,-108.7545,10.0,20.590139999999998,0.4955446
-168.3068,-126.6156,10.0,27.6832,0.5153981
-168.9221,-149.7673,10.0,34.414359999999995,0.1608184
-168.2182,-176.6273,10.0,38.15297,0.30361309999999997
-165.5352,-205.625,10.0,38.47586,-0.3039619
-163.9461,-231.2283,10.0,30.94528,-0.2539831
-159.4594,-250.7687,10.0,23.798779999999997,-0.2469535
-146.2929,-259.5011,10.0,23.2605,0.4777603
-131.3479,-252.4685,10.0,24.47096,0.13680720000000002
-124.8415,-234.0924,10.0,28.12675,0.2046937
-126.6078,-212.2543,10.0,29.80615,-0.2541218
-127.9595,-194.9351,10.0,16.88955,-0.3080429
-125.7593,-184.5573,10.0,12.276689999999999,-0.1753929
-116.21600000000001,-181.9902,10.0,17.03552,0.48436709999999994
-104.8766,-187.9908,10.0,18.083270000000002,0.1270037
-103.1833,-201.8951,10.0,20.43636,0.09362979
-104.1805,-217.782,10.0,21.8092,-0.01490314
-105.554,-234.891,10.0,26.3611,0.2526695
-105.0144,-256.2392,10.0,29.90713,-0.02510892
-90.6398,-271.8886,10.0,32.90658,0.6206702
-64.30511,-269.0627,10.0,38.57665,0.12443599999999999
-49.62162,-246.3003,10.0,39.89733,0.5719137
-45.18756,-215.0894,10.0,43.62555,-0.3041841
-37.035309999999996,-187.2949,10.0,34.78877,-0.5692669
-22.20961,-170.1559,10.0,27.368340000000003,-0.4491469
-8.527109,-160.4225,10.0,13.71476,-0.2151944
0.49921629999999995,-154.1282,10.0,19.78237,0.6772807
11.17849,-144.2328,10.0,19.809739999999998,0.2627078
10.33885,-127.2543,10.0,27.64078,0.1720973
-4.234999,-109.956,10.0,33.35451,0.38900419999999997
-10.24037,-85.29643,10.0,31.95288,-0.5226017
-9.544258000000001,-61.199580000000005,10.0,35.528929999999995,0.2374395
-6.062719,-32.69024,10.0,41.75095,0.205994
-1.887148,0.06123574,10.0,47.34578,0.37254299999999996
-10.14308,33.17497,10.0,42.989340000000006,-0.1005334
-38.94296,45.073570000000004,10.0,45.08455,0.309727
-74.24223,44.29003,10.0,50.34923,0.4098911
-113.0007,41.396879999999996,10.0,51.105909999999994,-0.7737769
-143.0073,33.376459999999994,10.0,38.78817,-0.1641625
-146.0493,7.7226729999999995,10.0,38.2621,0.21972379999999997
-141.8214,-21.97016,10.0,41.23672,-1.7623090000000001
-149.5185,-46.61699,11.0,35.32886,0.2857887
-168.5432,-65.38753,11.0,32.937529999999995,-1.6121450000000002
-164.1622,-80.71984,11.0,19.88854,-0.2739021
-151.6599,-71.94695,11.0,24.3798,0.3267781
-133.3707,-73.08159,11.0,28.932170000000003,0.4552337
-115.2091,-87.25229,11.0,30.323959999999996,-0.5523564999999999
-109.3766,-109.7078,11.0,34.93315,0.43786850000000005
-120.8696,-129.6688,11.0,26.843120000000003,-0.394654
-140.3763,-129.0654,11.0,31.066240000000004,0.2930743
-145.4377,-107.3163,11.0,23.076810000000002,-1.6676259999999998
-152.4432,-100.8624,11.0,17.00978,1.11605
-165.5955,-107.3439,11.0,24.1884,0.2660808
-166.0535,-127.2329,11.0,30.3641,0.47405109999999995
-168.1235,-152.0363,11.0,36.76084,0.43411720000000004
-166.9313,-181.3717,11.0,42.730579999999996,0.4257479
-164.0483,-215.0975,11.0,48.4019,0.1395399
-160.1344,-247.2032,11.0,35.6624,-0.6968849
-143.4837,-259.9184,11.0,30.05113,0.2355978
-127.9804,-246.873,11.0,31.294179999999997,0.45514079999999996
-125.48,-221.4156,11.0,37.38645,0.4380286
-127.8624,-194.0565,11.0,33.463440000000006,-0.20619160000000003
-114.4725,-179.7111,11.0,25.88978,-0.3701527
-107.2481,-194.3969,11.0,26.650129999999997,0.5218667
-105.6304,-216.3558,11.0,32.97077,0.4079114
-107.2333,-242.9957,11.0,39.00138,0.37822870000000003
-95.28424,-269.1972,11.0,39.95728,-0.2241963
-66.46766,-269.7457,11.0,41.91656,0.1019908
-48.67204,-246.581,11.0,42.43846,0.21040679999999998
-43.69939,-213.3212,11.0,48.172129999999996,0.1850733
-30.995,-178.8733,11.0,51.67328,0.1357088
-5.124817,-159.32299999999998,11.0,34.23874,-0.5439253000000001
10.87231,-143.1035,11.0,27.03445,-0.3246074
9.070308,-125.8345,11.0,25.19404,0.45066369999999994
-3.48494,-108.9492,11.0,31.540979999999998,0.40205949999999996
-9.632631,-84.19534,11.0,37.62272,0.4559508
-9.079532,-54.18538,11.0,43.45251,0.4217058
-3.056173,-20.42822,11.0,49.10295,0.3798454
-4.075597,17.55021,11.0,53.39455,-0.23876509999999998
-25.51539,44.42812,11.0,46.34814,-0.08151456
-60.574180000000005,43.118829999999996,11.0,49.94632,0.41533990000000004
-99.51711999999999,41.53628,11.0,55.271190000000004,0.35531599999999997
-136.7232,36.930209999999995,11.0,43.80383,-0.1649735
-149.5127,11.491810000000001,11.0,40.24323,0.05872811
-142.1384,-19.29404,11.0,45.12441,0.3132492
-149.1175,-47.88756,12.0,31.475740000000002,-1.396843
-167.0341,-58.06737,12.0,27.70106,-0.4440162
-161.1007,-72.13171,12.0,24.16228,0.11646589999999998
-141.0531,-71.37066999999999,12.0,30.358729999999998,0.45035569999999997
-118.541,-80.68491,12.0,35.96455,0.34298429999999996
-106.5351,-104.9331,12.0,39.22327,0.11617770000000001
-116.7822,-125.3432,12.0,27.77556,0.2778527
-133.9527,-133.0072,12.0,22.5089,-0.2888397
-145.8004,-122.5364,12.0,25.5048,0.20467449999999998
-151.0981,-103.3763,12.0,24.45533,-1.308724
-164.9629,-103.5401,12.0,20.19845,0.18680510000000003
-167.4602,-122.0542,12.0,33.08348,1.3328209999999998
-168.7802,-149.1195,12.0,39.66874,0.4087496
-167.0789,-180.6103,12.0,45.32654,0.43750600000000006
-164.9776,-216.2172,12.0,50.953540000000004,0.3937069
-159.3695,-250.6961,12.0,40.91665,-1.456069
-138.7824,-256.5059,12.0,27.232979999999998,0.9506789000000001
-128.2528,-237.313,12.0,32.55632,0.2364624
-125.818,-211.0259,12.0,38.4467,-0.135302
-126.7245,-185.9952,12.0,31.977759999999996,-0.5208845
-108.8143,-182.8712,12.0,25.51995,-0.3806035
-109.6054,-201.02900000000002,12.0,28.31255,0.404115
-109.9521,-224.3269,12.0,34.73191,0.4599769
-106.1037,-252.0664,12.0,40.80529,0.1798806
-86.06233,-271.8162,12.0,39.3531,0.03865894
-56.530809999999995,-264.9675,12.0,43.64277,0.10133330000000002
-46.39397,-240.2391,12.0,33.65398,-0.8326891
-53.41836,-221.2057,12.0,15.17534,-1.609512
-53.185469999999995,-215.8617,12.0,5.385839,-0.5171108
-53.1305,-215.5198,12.0,4.073533,0.7022083
-48.47472,-218.8344,12.0,11.907760000000001,0.5409254
-42.25295,-211.2936,12.0,14.569220000000001,-0.29705770000000004
-41.58425,-201.1002,12.0,17.21646,1.48856
-37.95316,-185.8203,12.0,24.80167,0.4794483
-24.62244,-170.1496,12.0,31.23442,0.46838029999999997
-2.9203930000000002,-156.7792,12.0,37.57962,0.41965600000000003
12.37526,-135.8714,12.0,30.91017,-0.9122471999999999
2.758723,-115.991,12.0,35.77341,1.273353
-9.810358,-86.57403000000001,12.0,51.036120000000004,0.422126
-7.665477,-47.14783,12.0,55.75695,0.17158900000000002
-2.213375,-4.510461,12.0,59.83171,-0.45993829999999997
-8.292913,28.46439,12.0,31.15734,0.36759990000000003
-27.93233,44.763740000000006,12.0,37.37891,0.12363289999999999
-57.21829,44.28776,12.0,42.441590000000005,0.19897120000000001
-90.82358,43.96139,12.0,48.09285,0.1725245
-127.5191,39.98489,12.0,48.570029999999996,-0.2658216
-153.6277,22.12489,12.0,27.085759999999997,-1.639621
-153.8299,12.54895,12.0,0.3113953,-2.1825799999999997
-150.4664,12.38355,12.0,8.850945,0.5801513
-146.4978,4.458937000000001,12.0,16.44781,0.2769382
-145.0887,-10.483080000000001,12.0,23.8185,0.514358
-142.0594,-30.454659999999997,12.0,30.63308,0.4347407999999999
-142.5819,-37.48209,13.0,10.14973,0.2911077
-147.4551,-46.56596,13.0,17.813489999999998,0.5314941999999999
-160.8271,-54.869640000000004,13.0,24.770970000000002,0.3902522
-166.4107,-69.74651,13.0,19.6107,-0.28001529999999997
-155.4271,-76.24535,13.0,19.516579999999998,0.41017890000000007
-140.5455,-72.63789,13.0,19.24674,-0.3999242
-125.3361,-74.38364,13.0,24.51247,0.46082029999999996
-110.5309,-87.70161,13.0,30.38359,0.416472
-107.9168,-111.3823,13.0,35.115520000000004,0.28817719999999997
-125.9865,-130.8586,13.0,38.68401,0.09457794
-145.6516,-126.4387,13.0,17.35817,-1.8140580000000002
-142.6311,-122.965,13.0,8.928367999999999,0.5755866999999999
-138.6404,-122.42,13.0,3.4690449999999995,0.5289130999999999
-143.5186,-124.4099,13.0,10.172039999999999,-0.13536170000000003
-145.5302,-129.0627,13.0,1.810195,-0.4026474
-145.0552,-126.8483,13.0,7.665757000000001,0.3298711
-140.9365,-118.9736,13.0,16.085,0.28218590000000005
-142.747,-105.0581,13.0,23.099320000000002,0.24392870000000003
-158.6995,-98.56279,13.0,24.847720000000002,-0.3351449
-167.0945,-113.0032,13.0,27.652790000000003,0.5185816
-167.763,-136.1069,13.0,34.72235,0.49721930000000003
-167.6906,-164.4637,13.0,41.41303,0.45914920000000004
-167.9568,-197.4753,13.0,47.71591,0.46689179999999997
-167.3213,-234.8889,13.0,51.587379999999996,-0.5128185000000001
-145.7975,-257.5711,13.0,41.6616,-0.9791542
-127.4445,-245.1407,13.0,30.4255,0.3080245
-127.9291,-219.0281,13.0,40.21993,0.5023559
-127.4031,-190.7998,13.0,25.25283,-1.272937
-120.045,-181.9122,13.0,14.57339,0.5039676
-108.2437,-186.7587,13.0,22.32215,0.23227609999999999
-104.8365,-205.2134,13.0,29.14548,0.5155064
-107.9073,-229.1898,13.0,36.09455,0.46867200000000003
-101.4789,-256.7006,13.0,41.2657,0.3476342
-76.24284,-272.7076,13.0,42.61724,0.002391603
-51.75483,-255.9537,13.0,42.5441,0.01145161
-48.41008,-223.1958,13.0,46.73761,-0.27300690000000005
-38.903240000000004,-192.9897,13.0,43.42562,0.1982375
-15.99363,-167.6236,13.0,49.2087,0.4561214
7.668848,-138.2857,13.0,48.75763,-0.496072
1.7580900000000002,-109.9203,13.0,34.34,-0.32218070000000004
-8.768155,-92.03435999999999,13.0,30.45774,0.8958486999999999
-6.055988,-67.00397,13.0,37.403259999999996,0.47461090000000006
-5.337821,-36.882459999999995,13.0,43.95098,0.4682528
-3.803993,-2.041245,13.0,50.03993,0.1948137
-10.40858,33.27663,13.0,42.10393,-1.683572
-31.02767,40.49308,13.0,21.1304,-0.9370983
-35.07828,32.584140000000005,13.0,0.1105144,0.1362607
-35.13344,32.5904,13.0,0.06196765,0.02018033
-35.15302,32.63879,13.0,1.062286,0.2073911
-34.134190000000004,36.52402,13.0,9.356527999999999,0.5112177
-32.42886,43.55343,13.0,5.7813930000000004,-0.7585598000000001
-32.379529999999995,44.30005,13.0,3.430864,0.6016756
-36.64788,41.21832,13.0,11.29289,0.2415955
-47.3258,43.93269,13.0,18.581570000000003,0.49861759999999994
-63.54245,45.09147,13.0,25.30022,0.45669259999999995
-84.46236,42.16458,13.0,31.696679999999997,0.4396503
-110.141,43.04432,13.0,37.51621,0.3682769
-137.71200000000002,35.15282,13.0,39.04085,-0.7472840000000001
-147.9031,9.876175,13.0,39.87386,0.37104299999999996
-144.6532,-21.464029999999998,13.0,45.147009999999995,0.1578288
-151.3241,-51.96403,14.0,33.976440000000004,-1.093025
-163.1568,-67.58324,14.0,22.66914,0.0613514
-148.0215,-75.72221,14.0,27.877240000000004,0.2197743
-125.785,-78.9614,14.0,32.994209999999995,0.15183529999999998
-110.0998,-98.75751,14.0,36.720620000000004,0.1693549
-117.6669,-124.5445,14.0,38.86965,0.11582039999999999
-141.6439,-130.142,14.0,27.014740000000003,-1.03608
-145.7193,-120.2044,14.0,2.444122,-1.2511860000000001
-146.5213,-119.21,14.0,1.915086,-0.004112514
-147.3448,-118.20700000000001,14.0,1.51597,-0.03436445
-148.6855,-117.3888,14.0,4.132129,0.2142354
-150.9793,-117.4894,14.0,0.2501605,0.7172389
-147.9648,-115.5802,14.0,9.262115,0.6085195999999999
-144.656,-106.7074,14.0,17.13664,0.24450329999999998
-154.5854,-96.78716,14.0,23.00711,0.27223959999999997
-167.6497,-107.1058,14.0,26.78753,0.1646731
-166.3384,-129.2383,14.0,33.46345,0.5034372
-166.7383,-156.5772,14.0,40.31442,0.4854840999999999
-167.0587,-188.8601,14.0,46.77793,0.440826
-166.7599,-225.7295,14.0,52.6081,-0.006808019
-152.7746,-253.3425,14.0,31.68358,-1.9815619999999998
-141.65,-252.3789,14.0,4.887064,-0.31295619999999996
-141.2144,-249.787,14.0,2.8462099999999997,0.2755067
-136.9136,-248.0275,14.0,10.626619999999999,0.41203649999999997
-127.7209,-251.6252,14.0,13.5708,-0.1692327
-121.1477,-248.0935,14.0,10.39381,0.1461067
-123.3163,-237.3687,14.0,19.360870000000002,0.553031
-126.3818,-220.4226,14.0,27.055940000000003,0.5407
-127.821,-197.7087,14.0,34.32633,0.5108382
-116.3407,-179.0659,14.0,27.763340000000003,-1.449443
-105.311,-190.5204,14.0,28.9071,1.2833780000000001
-107.3367,-219.3051,14.0,48.954229999999995,1.384958
-99.69933,-258.5918,14.0,53.297869999999996,-1.313058
-69.61496,-271.9031,14.0,46.61507,0.2225584
-48.30028,-249.7562,14.0,43.2019,0.06429105
-48.60096,-216.1864,14.0,47.63851,0.07671142
-30.71896,-184.4602,14.0,52.06488,0.16590529999999998
-1.6252010000000001,-156.2159,14.0,56.72934,-0.36861
9.189116,-124.5576,14.0,31.325259999999997,-0.5187432
-2.646379,-108.0699,14.0,28.31764,0.4551871
-5.701035,-85.11877,14.0,34.83543,0.253254
-3.382452,-56.86679,14.0,41.63883,0.482756
-2.237674,-23.603920000000002,14.0,48.00739,0.45637970000000005
-3.539507,14.12544,14.0,53.12068000000001,-0.5332839
-21.39076,41.4985,14.0,43.34322,-0.138903
-54.3236,40.606429999999996,14.0,47.35781,0.4102661
-91.6313,40.1911,14.0,53.34881,0.39922070000000004
-130.5678,40.31207,14.0,44.4348,-0.9303738000000001
-145.3952,24.3455,14.0,15.6152,-2.809797
-143.606,22.80026,14.0,5.960943,0.6474893
-141.256,25.50916,14.0,1.943487,-1.008546
-143.0038,23.22428,14.0,7.863026,0.39890840000000005
-148.7534,21.71238,14.0,5.138349,-0.40548690000000004
-148.8114,21.63545,14.0,4.763427,0.3411183
-143.7966,16.98974,14.0,13.70725,0.6071655
-140.8092,4.315893,14.0,21.89721,0.5809509
-141.8667,-14.889529999999999,14.0,29.782040000000002,0.2625511
-141.8163,-35.15034,1.0,5.785913,-0.07887539
-142.3469,-41.99225,1.0,13.95646,0.6173850000000001
-149.7913,-52.7878,1.0,22.23101,0.5771861999999999
-162.9908,-65.6741,1.0,27.39576,-0.09338013
-151.4434,-76.39989,1.0,23.870160000000002,-0.04951549
-137.3577,-68.99025999999999,1.0,13.22066,-1.8908770000000001
-135.8652,-68.2785,1.0,0.02574144,0.0008198839999999999
-135.8463,-68.2813,1.0,0.02534015,-0.0001285357
-135.8293,-68.28347,1.0,0.02112304,0.03841289
-136.0748,-69.59441,1.0,4.452863,-0.1348177
-135.7124,-72.91569,1.0,4.334355,-0.02729478
-136.1402,-75.714,1.0,3.522582,-0.01220565
-136.4277,-76.1859,1.0,3.861111,0.7071089
-130.4777,-75.01044,1.0,12.75039,0.604627
-119.7219,-80.36208,1.0,20.377470000000002,0.5673938000000001
-111.8585,-96.54329,1.0,28.124340000000004,0.5325895
-113.12899999999999,-118.96799999999999,1.0,33.95966,0.3832934
-133.7781,-133.3655,1.0,34.600359999999995,-1.294649
-146.8058,-121.4273,1.0,22.1681,-0.2870316
-138.4809,-109.2592,1.0,8.170461999999999,-2.896945
-138.458,-108.7202,1.0,0.0241965,-0.01808549
-138.4588,-108.73700000000001,1.0,0.02058274,-0.003822469
-140.2832,-108.16799999999999,1.0,6.779364999999999,1.338557
-145.373,-110.3071,1.0,5.809643,-1.414539
-145.0586,-109.5348,1.0,5.991124,0.6443241999999999
-145.3006,-102.1872,1.0,14.305520000000001,0.28801209999999994
-155.5993,-95.67515999999999,1.0,17.24669,-0.3788975
-164.71599999999998,-101.2691,1.0,16.12231,1.164004
-167.1913,-118.6953,1.0,30.698390000000003,0.8573215000000001
-168.1353,-144.2634,1.0,39.03135,0.3424413
-163.924,-171.688,1.0,34.05547,-0.5140906
-167.9219,-194.8651,1.0,34.03241,0.7164235999999999
-166.6947,-223.7528,1.0,37.7561,-0.5630666999999999
-160.711,-247.1198,1.0,27.9904,-0.43190509999999993
-141.8972,-250.2145,1.0,29.23971,0.2622736
-122.5626,-239.6256,1.0,27.34412,-1.4747940000000002
-129.4803,-224.4849,1.0,25.79324,-0.06613680000000001
-125.4296,-209.547,1.0,21.533929999999998,-0.2100333
-124.0859,-196.3371,1.0,18.12998,-0.04346057
-122.2234,-185.4914,1.0,14.70881,0.4966932
-111.2253,-188.4194,1.0,16.88898,-0.18973210000000001
-110.1404,-199.6067,1.0,14.06642,-0.04572731
-109.7197,-211.5777,1.0,20.06805,0.3003449
-107.8796,-229.2462,1.0,27.810940000000002,0.5371808000000001
-103.5323,-252.0233,1.0,34.70687,0.42924700000000005
-84.54827,-270.4096,1.0,38.633990000000004,0.08230478
-58.23548,-262.5919,1.0,39.52395,0.03175835
-51.927409999999995,-234.157,1.0,42.56514,0.3889419
-41.17917,-202.9197,1.0,47.62984,0.4221116
-17.629379999999998,-174.2087,1.0,53.121959999999994,0.4204232
6.814176,-140.8923,1.0,58.3265,0.15243210000000001
11.145010000000001,-108.7275,1.0,21.85575,-2.074718
9.903219,-104.3215,1.0,0.6498376,-0.06727852
9.925186,-104.3533,1.0,2.077729,0.6662785
13.22223,-106.5067,1.0,7.896272,0.1610592
18.22071,-107.0143,1.0,2.90824,-0.7183665
16.99212,-107.3917,1.0,6.1705,0.3128756
9.96556,-110.527,1.0,14.12831,0.5065858
0.1571108,-107.8934,1.0,18.20949,0.21826579999999998
1.285555,-91.95246,1.0,25.04598,0.1894406
-4.121230000000001,-71.73759,1.0,31.711009999999998,0.45243130000000004
-5.775154,-45.804809999999996,1.0,38.39302,0.46715109999999993
-6.428589,-15.01278,1.0,44.75646,0.4457134
-6.921352000000001,20.3274,1.0,49.1706,-0.9589774999999999
-17.80975,43.90501,1.0,19.2024,-1.158858
-27.08705,39.759440000000005,1.0,17.18534,0.2523287
-41.992979999999996,38.52073,1.0,24.2336,0.2724198
-62.52163,39.70213,1.0,31.36293,0.2544058
-88.32321,39.64912,1.0,38.18332,0.47095360000000003
-118.9809,40.56112,1.0,44.57255,0.4354862
-143.4138,32.48787,1.0,24.75927,-2.159103
-140.8809,24.56756,1.0,8.367778999999999,0.5372435999999999
-137.7516,24.258370000000003,1.0,0.06421366,-0.05142067
-137.7517,24.214879999999997,1.0,0.05805867,0.03960857
-139.344,24.58174,1.0,5.821619999999999,0.2329112
-145.8963,24.11185,1.0,11.0596,-0.006526316999999999
-151.0358,25.37505,1.0,2.1596849999999996,-0.6726101999999999
-149.5944,24.549310000000002,1.0,6.450741000000001,0.5924626999999999
-147.0973,17.59445,1.0,14.09162,0.49752240000000003
-151.9437,5.680912999999999,1.0,20.48304,0.33385529999999997
-148.2817,-11.29531,1.0,26.852859999999996,0.23980929999999998
-146.0657,-33.439640000000004,2.0,33.17713,0.1493003
-159.1182,-51.93956,2.0,33.219770000000004,0.1939025
-164.9327,-70.09541,2.0,23.603379999999998,-1.0300690000000001
-156.3396,-70.34451999999999,2.0,8.36868,0.15041279999999999
-155.7052,-68.52738000000001,2.0,0.05435432,-0.00957814
-155.6807,-68.54429,2.0,0.4623714,0.2575344
-156.2298,-71.30673,2.0,5.218173,-0.05046443
-156.8375,-74.81177,2.0,3.275502,-0.7795804000000001
-155.8742,-73.9632,2.0,6.52096,0.6728258
-148.1012,-73.60537,2.0,15.2206,0.2900296
-136.5783,-81.45329,2.0,20.18608,-0.1752779
-123.5133,-84.90281,2.0,17.142329999999998,0.2335925
-112.1794,-98.34380999999999,2.0,30.813670000000002,0.37089679999999997
-115.8076,-120.1233,2.0,32.32298,0.4894204000000001
-136.0483,-130.7091,2.0,29.71327,-1.111802
-144.6429,-119.0388,2.0,20.60354,0.2004479
-140.0051,-105.0525,2.0,18.29733,0.03322638
-153.7599,-101.8721,2.0,21.22823,-0.23168110000000003
-161.0091,-111.6351,2.0,16.67197,-0.06155295
-163.1671,-124.1778,2.0,18.89963,0.2692991
-165.4108,-141.4292,2.0,27.683320000000002,0.2898813
-165.3004,-164.8432,2.0,35.361940000000004,0.5264134
-165.6371,-193.7952,2.0,42.54298,0.2468373
-165.6405,-227.8143,2.0,49.2181,0.352705
-157.3235,-249.7747,2.0,22.34779,0.4363045
-138.6283,-251.8252,2.0,29.5228,0.5255964
-125.2085,-238.8264,2.0,24.35355,-0.21683809999999998
-126.4441,-218.4186,2.0,33.112970000000004,0.5028222999999999
-126.3656,-192.02,2.0,31.23017,-3.4828870000000003
-119.4546,-183.9528,2.0,12.43271,0.6186212
-111.1944,-190.8201,2.0,19.342589999999998,0.2827735
-109.666,-208.1711,2.0,27.51185,0.5589386
-107.0966,-231.2494,2.0,35.13264,0.27194409999999997
-98.58755,-258.3649,2.0,41.49188,0.1481543
-72.62408,-270.1448,2.0,40.1988,0.05483643
-50.17781,-250.8066,2.0,42.3419,-0.016623500000000003
-48.929109999999994,-218.4939,2.0,46.50827,0.4115728
-32.88697,-187.1682,2.0,50.75947,0.44755509999999993
-5.692863,-157.9436,2.0,56.82646999999999,0.2063757
8.848459,-128.5521,2.0,24.12105,-2.834184
-0.23705860000000004,-117.2667,2.0,22.89175,0.2667236
-6.611648,-99.26172,2.0,29.95273,0.5441142
-6.64584,-74.27534,2.0,37.43312,0.5183945
-6.80152,-43.9199,2.0,44.5064,0.49073
-7.253614999999999,-8.462453,2.0,51.10371,0.2250677
-8.808129,30.432370000000002,2.0,47.45411,-0.8371110999999999
-24.08448,46.1711,2.0,13.70006,-2.672695
-25.55529,44.38217,2.0,6.112682,0.32270290000000007
-30.45913,39.70398,2.0,14.36104,0.5570034
-42.85866,45.08339,2.0,22.44246,0.2530702
-61.63207,44.99523,2.0,29.57125,0.567821
-86.2219,41.94553,2.0,37.07199,0.5266151
-116.2894,40.984770000000005,2.0,44.1124,0.47793850000000004
-146.387,31.43192,2.0,34.51846,-2.388599
-149.7231,18.8795,2.0,2.5244310000000003,-1.343856
-145.9624,19.06738,2.0,9.600749,0.6217508
-143.8358,9.983271,2.0,17.68916,0.29100479999999995
-151.1867,-3.8991309999999997,2.0,24.28943,0.20148
-146.3313,-23.63044,2.0,31.04358,0.47129570000000004
-142.6425,-37.93632,3.0,11.938130000000001,-0.08781273
-146.0492,-45.90782,3.0,13.8329,0.9988285
-155.9288,-53.05696,3.0,15.928820000000002,-0.12126110000000001
-165.4792,-56.94643000000001,3.0,12.311110000000001,-0.16905599999999998
-165.7812,-64.48828,3.0,9.431613,-0.07544028
-158.7736,-71.67902,3.0,17.90554,0.48592529999999995
-142.8396,-71.89902,3.0,25.496489999999998,0.5086516
-123.1257,-78.94587,3.0,27.92522,-0.2324654
-110.4621,-92.37716999999999,3.0,23.104689999999998,-0.16991679999999998
-108.5452,-111.9799,3.0,26.7956,-0.21898379999999998
-116.5165,-127.5146,3.0,21.30039,-0.36795609999999995
-131.3163,-133.8328,3.0,25.36085,0.1103442
-143.4687,-122.8606,3.0,28.51352,1.095591
-152.938,-104.7613,3.0,21.49057,-1.9197349999999997
-164.3588,-107.6266,3.0,19.72477,0.2475612
-167.9429,-124.6107,3.0,27.560959999999998,0.5783953000000001
-169.9352,-147.8086,3.0,35.113440000000004,0.5035168
-167.4838,-176.2923,3.0,42.11642,0.5020618
-165.2557,-209.9219,3.0,48.756679999999996,0.4946038
-162.7574,-245.674,3.0,44.12735,-0.6897094
-144.049,-258.7857,3.0,26.27765,-0.4226375
-128.7442,-245.1737,3.0,31.492390000000004,0.33263550000000003
-127.0854,-221.0966,3.0,36.42628,0.49993000000000004
-127.1122,-194.7549,3.0,33.53071,-0.29188459999999994
-116.3821,-178.4588,3.0,23.7106,-0.2181875
-109.3148,-189.6918,3.0,23.14421,0.5692792
-106.5326,-208.7259,3.0,30.090659999999996,0.5365810999999999
-105.1742,-231.2608,3.0,28.5973,-0.403003
-105.6067,-253.0597,3.0,34.86843,0.2149163
-88.65735,-271.6575,3.0,36.221070000000005,-0.01648412
-65.12395,-268.7687,3.0,18.654220000000002,-0.9140251
-56.71982,-267.155,3.0,4.907546,-0.9312785
-56.817969999999995,-267.172,3.0,1.94973,-0.35414009999999996
-56.96586,-267.2124,3.0,2.393304,0.2685951
-54.43065,-264.2019,3.0,7.215796000000001,0.0810811
-49.34024,-262.6278,3.0,7.431831,-1.406327
-48.41338,-263.3074,3.0,3.4635730000000002,0.3377068
-50.1763,-257.8548,3.0,11.93498,0.3017007
-47.6129,-246.3079,3.0,19.932389999999998,0.2777992
-44.42067,-229.0422,3.0,27.42125,0.532346
-41.83548,-206.1907,3.0,34.4906,0.49962429999999997
-31.47405,-181.7362,3.0,38.904579999999996,0.4744916
-10.55689,-161.0984,3.0,32.57648,-1.672557
3.845994,-149.6898,3.0,21.13268,-0.34456279999999995
11.60041,-138.5839,3.0,16.16316,-0.33143140000000004
9.919524000000001,-127.6313,3.0,17.04427,0.2831256
0.743857,-115.3394,3.0,24.45575,0.49980159999999996
-7.505428,-96.27653000000001,3.0,31.4996,0.49795429999999996
-10.48317,-70.8049,3.0,37.99451,0.23064749999999998
-7.196974000000001,-40.40059,3.0,44.2846,0.2158605
-3.468147,-7.517164999999999,3.0,41.75595,-0.3276611
-4.418963,12.24468,3.0,11.5334,-1.8636709999999999
-5.08055,16.29972,3.0,7.503481,0.3170539
-7.054301,24.8508,3.0,16.02274,0.3035238
-14.63605,37.22276,3.0,23.46968,0.4729561
-32.87262,44.902409999999996,3.0,30.20709,0.40435
-57.715790000000005,44.71418,3.0,37.038129999999995,0.48653859999999993
-87.60083,43.42071,3.0,43.638659999999994,0.2413359
-121.2918,40.38063,3.0,44.66302,-0.1763169
-147.9387,29.766679999999997,3.0,36.24015,-0.9694983
-144.7372,6.492616,3.0,34.4912,0.1655614
-145.184,-20.397489999999998,3.0,39.57415,0.45669
-147.3273,-49.1697,4.0,30.544759999999997,-1.330098
-161.0941,-54.409819999999996,4.0,19.71779,0.12585339999999998
-167.3339,-64.6548,4.0,20.72813,0.1640801
-152.4565,-72.66123,4.0,26.76175,0.2498768
-130.6252,-75.84954,4.0,33.20937,0.23945100000000002
-111.5353,-93.71414,4.0,38.59782,0.15567609999999998
-113.6587,-120.4401,4.0,37.50162,0.05013182
-135.6429,-132.1992,4.0,33.50285,-0.9486418
-144.4566,-113.9499,4.0,30.8458,0.4334402
-152.3243,-98.82108000000001,4.0,16.91924,-0.43018140000000005
-163.9024,-105.6118,4.0,22.8747,0.229032
-168.5205,-124.5471,4.0,30.08114,0.5277892
-170.342,-149.2854,4.0,36.902159999999995,0.2268294
-167.4907,-179.0094,4.0,43.55638,0.22971770000000002
-164.2734,-213.5094,4.0,49.46741,0.03724863
-161.624,-246.3111,4.0,29.298540000000003,-3.019112
-150.4308,-256.0978,4.0,18.58494,0.48581549999999996
-134.0984,-255.8553,4.0,24.94144,0.0721448
-126.3771,-236.9846,4.0,31.170609999999996,0.47366030000000003
-127.6134,-211.9745,4.0,37.342290000000006,0.4790321
-124.4208,-183.6902,4.0,38.5758,-0.3822455
-102.8089,-179.5629,4.0,27.75735,-0.7736458
-104.2419,-194.0541,4.0,21.738020000000002,0.1569971
-114.5728,-201.1964,4.0,4.900832,-0.9964674000000001
-114.5551,-201.5557,4.0,0.00442195,-0.00280149
-113.9058,-201.7209,4.0,3.4271,0.3557993
-110.2856,-200.2118,4.0,7.125684,0.04185545
-109.6803,-198.2712,4.0,1.347494,0.5345017
-109.1932,-201.9279,4.0,8.561456,0.2624338
-107.3816,-210.6762,4.0,15.39037,0.46264700000000003
-105.3492,-224.2736,4.0,21.69545,0.2197317
-105.9525,-242.572,4.0,27.55858,0.186699
-99.66197,-263.3025,4.0,31.9099,0.24399780000000001
-77.83044,-271.9421,4.0,34.4175,0.1350701
-54.154830000000004,-260.7654,4.0,37.252759999999995,-0.05163069
-49.328990000000005,-233.7192,4.0,39.54014,0.17690150000000002
-43.65043,-203.6005,4.0,43.7611,0.15977239999999998
-25.48055,-175.7565,4.0,46.77898,0.01619329
-1.6686459999999999,-154.6341,4.0,31.64477,-1.1400139999999999
10.28075,-142.7651,4.0,18.72223,-0.2543992
11.49038,-130.1259,4.0,22.4708,0.6155122
0.15322979999999997,-115.2353,4.0,28.074790000000004,0.36547929999999995
-8.174108,-94.26363,4.0,33.17125,0.38847259999999995
-10.556280000000001,-68.00632,4.0,38.20821,0.3650363
-6.3161190000000005,-38.264340000000004,4.0,42.96066,0.3431945
-1.499417,-5.122493,4.0,47.36415,0.10248810000000001
-7.781944,27.86958,4.0,31.503190000000004,-1.813865
-23.30051,41.49662,4.0,30.5951,0.15511429999999998
-47.49973,43.67625,4.0,35.47585,0.18640179999999998
-75.68346,43.30492,4.0,40.56435,0.3549107
-107.2678,41.46415,4.0,43.55729,-0.05715613
-134.3592,38.04694,4.0,20.92009,-3.015707
-144.1758,31.74141,4.0,18.22789,0.4183553
-148.0744,16.7771,4.0,23.965970000000002,0.41227939999999996
-145.1129,-2.84199,4.0,29.68429,0.4169897
-141.5782,-26.57145,4.0,34.870909999999995,0.33871409999999996
-149.1665,-47.7686,5.0,26.26185,-0.4600384
-166.7415,-58.16555,5.0,26.35275,-1.312106
-163.1816,-69.50274,5.0,17.226689999999998,-0.4691617
-150.0674,-70.81345999999999,5.0,21.7148,0.46987629999999997
-132.2765,-75.07157,5.0,27.60517,0.20870479999999997
-113.5159,-86.63223,5.0,32.27451,0.1247665
-108.619,-110.0802,5.0,34.35335,-0.1843829
-120.6066,-130.6469,5.0,31.714170000000003,-0.2474155
-138.8501,-129.8883,5.0,23.09595,0.3553345
-145.2381,-112.7214,5.0,27.46002,0.3341926
-160.3062,-100.3229,5.0,22.99821,-1.316028
-164.7164,-109.9675,5.0,16.47737,0.03331041
-166.5191,-124.4216,5.0,23.215120000000002,0.283571
-168.1636,-147.5711,5.0,40.62453,0.6596875
-165.9379,-181.4326,5.0,48.88001,0.2240236
-164.3121,-217.4878,5.0,39.47198,-2.594426
-163.4786,-236.7079,5.0,19.7267,-0.1991628
-160.5553,-248.9841,5.0,14.690339999999999,0.09495088
-151.2692,-257.9622,5.0,23.00734,0.303816
-133.4826,-255.5357,5.0,29.302459999999996,0.1770062
-125.3489,-231.0305,5.0,40.12725,0.36016170000000003
-128.4254,-202.4496,5.0,28.944229999999997,-2.769964
-126.2528,-187.4655,5.0,16.88851,-0.2650617
-115.0184,-182.0957,5.0,21.86934,0.7003676
-102.9215,-193.3362,5.0,26.129070000000002,0.1947337
-103.1116,-216.2077,5.0,35.125409999999995,0.1555111
-105.6246,-243.1033,5.0,35.43483,-0.3496059
-99.94088,-264.954,5.0,28.71466,0.41840770000000005
-78.55431999999999,-272.0535,5.0,33.30808,0.3052904000000001
-55.776959999999995,-261.5549,5.0,35.8292,0.04917998
-48.56861,-234.9819,5.0,39.614509999999996,0.362175
-43.73616,-204.2343,5.0,44.32692,0.1451856
-27.621190000000002,-174.7743,5.0,47.29092,0.126568
-5.371642,-157.6343,5.0,16.02519,-1.308845
2.6213450000000003,-152.33,5.0,10.62813,-0.1555642
7.543391000000001,-148.2893,5.0,6.8792,-0.2637649
11.73391,-143.0155,5.0,12.41976,0.23420929999999998
12.36396,-131.8377,5.0,18.55024,0.4403678
3.702143,-118.5425,5.0,24.48126,0.20797529999999997
-5.831355,-100.8735,5.0,29.989,0.39933979999999997
-10.52559,-77.13224,5.0,35.22592,0.364971
-8.01105,-49.401379999999996,5.0,40.07219,0.3552489
-2.643176,-18.42061,5.0,44.84536,0.3625753
-2.7276119999999997,12.54235,5.0,33.06029,-1.6049440000000001
-6.829731,25.39406,5.0,9.458728,0.3364994
-12.30608,34.783590000000004,5.0,18.3375,0.2217141
-25.44294,43.10445,5.0,24.11064,0.3755437
-45.117740000000005,45.31796,5.0,29.6683,0.4082803
-69.1143,44.75855,5.0,35.10329,0.1855285
-97.04645,43.3688,5.0,40.21586,0.1689016
-125.8975,40.38221,5.0,34.74793,-2.771429
-141.2721,34.96134,5.0,21.9084,0.1627076
-147.9133,18.3227,5.0,27.152720000000002,0.360092
-144.9299,-3.3513830000000002,5.0,32.37574,0.2008979
-141.9407,-28.698759999999996,5.0,32.043620000000004,-0.5282559
-145.5042,-43.589690000000004,6.0,11.83539,-0.32472199999999996
-153.4589,-52.95336999999999,6.0,19.03676,-0.4746291
-164.2242,-57.993030000000005,6.0,13.198279999999999,-0.433699
-164.5668,-67.78548,6.0,18.700020000000002,0.34689559999999997
-148.7208,-72.26431,6.0,29.71394,1.0785770000000001
-123.8163,-78.35184,6.0,40.26495,0.3254243
-109.1262,-101.9415,6.0,35.97234,-0.9188001
-116.3448,-117.31299999999999,6.0,11.52029,-0.29629190000000005
-119.8517,-126.914,6.0,19.55037,0.3968335
-130.3572,-134.19,6.0,19.04905,0.46004979999999995
-143.1008,-125.8201,6.0,24.30024,0.45550070000000004
-147.095,-107.7917,6.0,16.70066,-2.15568
-151.8958,-103.0321,6.0,8.878796000000001,0.653683
-161.2172,-100.9574,6.0,16.57046,-0.1075403
-166.9721,-111.3528,6.0,20.78441,0.530638
-168.3343,-131.9204,6.0,34.57355,0.9336769
-168.5765,-162.1461,6.0,46.38964,0.7637663
-165.7076,-200.0599,6.0,55.28677,-0.16500479999999998
-163.495,-237.0883,6.0,44.15456,-0.5569856
-152.5327,-257.7157,6.0,26.054560000000002,-0.3507352
-136.5101,-255.7519,6.0,19.00019,-0.046971399999999996
-126.7538,-242.7643,6.0,25.82593,0.1875751
-125.175,-221.7337,6.0,31.20024,0.1856743
-128.8162,-196.9343,6.0,34.940670000000004,-1.449009
-122.1628,-182.4926,6.0,18.04515,1.0494430000000001
-108.1363,-186.8233,6.0,22.97083,0.1570106
-102.5881,-204.4325,6.0,28.018659999999997,0.3902901
-104.4004,-227.1958,6.0,33.48211,0.1892749
-105.2276,-253.7932,6.0,38.32613,0.24697249999999998
-87.78744,-272.6353,6.0,35.0441,-0.5650638000000001
-65.95523,-268.5573,6.0,26.18223,-0.507165
-51.94283,-259.2679,6.0,24.22512,0.6141278
-47.15033,-238.7553,6.0,31.53637,0.39577829999999997
-43.89776,-213.6028,6.0,36.86458,0.373787
-37.374109999999995,-185.5632,6.0,40.74808,0.05595614
-14.311960000000001,-165.62599999999998,6.0,39.07523,-0.9145334
0.5961380000000001,-154.2459,6.0,13.927610000000001,-0.3463803
7.6771020000000005,-148.3482,6.0,12.15395,0.1351287
12.676910000000001,-139.1304,6.0,17.81115,0.6973467
7.6202630000000005,-124.1737,6.0,26.69081,0.8795105
-5.838451,-103.3441,6.0,40.847770000000004,0.9823481
-9.534637,-68.52481999999999,6.0,53.766009999999994,0.4323849
-3.682039,-25.51579,6.0,61.34356,0.09951891
-3.574812,14.163860000000001,6.0,36.10447,-1.585409
-9.827065,30.75253,6.0,21.47755,0.44721590000000006
-23.75088,42.50297,6.0,29.933459999999997,0.40017870000000005
-50.551190000000005,45.28515,6.0,43.877109999999995,0.5389964
-88.5097,43.72983,6.0,57.9636,0.4549121
-121.8727,40.40717,6.0,21.28911,-1.298822
-132.2398,38.34938,6.0,13.53791,0.9791206
-144.9633,31.379609999999996,6.0,23.87471,0.2203565
-147.3931,12.3474,6.0,28.84467,0.204943
-143.386,-10.692089999999999,6.0,34.29446,0.3970465
-141.8946,-33.92239,7.0,6.442675,0.4982328
-142.8683,-41.19037,7.0,13.336979999999999,0.4746768
-150.1536,-50.59199,7.0,19.32907,0.2064571
-164.5566,-57.965219999999995,7.0,23.535079999999997,-0.5692904999999999
-167.1632,-71.08739,7.0,15.80631,-0.1779364
-157.2443,-77.08667,7.0,17.80969,0.2483683
-143.3408,-73.78591,7.0,20.021520000000002,0.03408206
-127.6439,-74.60906999999999,7.0,22.98701,0.12081789999999999
-112.2556,-87.36783,7.0,30.64462,0.2936572
-109.0159,-110.4362,7.0,34.13277,0.22122529999999996
-125.6409,-129.5924,7.0,36.74362,0.15656040000000002
-146.8334,-125.9485,7.0,20.88941,-1.721816
-144.0774,-117.1759,7.0,9.981621,0.15522879999999997
-145.1454,-106.8845,7.0,17.6242,-0.06982023
-155.93,-101.346,7.0,18.862289999999998,0.28469099999999997
-166.0217,-111.0805,7.0,19.9636,-0.07517417
-165.9033,-126.5805,7.0,23.94828,0.6232615
-168.3053,-148.3784,7.0,36.6297,0.9881298000000001
-169.7244,-180.3798,7.0,49.53049,0.4330495
-169.6403,-219.8317,7.0,51.270340000000004,-0.8450690999999999
-161.483,-248.8804,7.0,31.0109,-0.8734618000000001
-143.7645,-254.3847,7.0,22.12736,-0.3487895
-128.9292,-248.0823,7.0,23.365070000000003,0.1166923
-125.8627,-228.4063,7.0,31.58567,0.4023237
-126.1765,-202.9691,7.0,36.93513,0.3689728
-120.8387,-180.6674,7.0,17.67452,-1.8404349999999998
-111.35,-184.1099,7.0,18.60001,0.3832224
-109.1387,-199.8335,7.0,24.54341,0.42553640000000004
-108.7422,-220.1588,7.0,30.29634,0.1936862
-107.6157,-244.5665,7.0,35.43365,0.30802009999999996
-93.34501,-267.2253,7.0,38.44883,0.1909257
-65.80164,-270.8497,7.0,39.37097,-0.021480000000000003
-49.97723,-247.9546,7.0,40.02124,0.11599839999999999
-47.75056,-216.7319,7.0,44.478790000000004,0.121683
-31.105659999999997,-188.13400000000001,7.0,47.12023,0.3591298
-6.27628,-161.0752,7.0,51.55692,0.3225587
9.109173,-133.5884,7.0,28.922079999999998,-1.822907
2.11425,-116.6898,7.0,29.22125,0.3130341
-5.912673000000001,-94.56241999999999,7.0,38.21236,1.201288
-1.999871,-59.8457,7.0,55.979969999999994,1.174949
-1.21824,-12.83893,7.0,68.12557,-0.9981809000000001
-5.734974,30.579420000000002,7.0,44.389309999999995,-1.474157
-25.07092,41.79144,7.0,30.93913,0.8882196
-52.63052,40.57547,7.0,40.839009999999995,0.35148709999999994
-84.71491999999999,40.46402,7.0,45.612429999999996,0.34929240000000006
-120.1901,41.388659999999994,7.0,49.893159999999995,-0.04458641
-146.3558,30.3185,7.0,27.836640000000003,-0.8901082
-145.6786,8.658586999999999,7.0,32.09669,0.4086703
-145.1858,-17.14793,7.0,37.37277,0.3686795
-149.0048,-45.960809999999995,8.0,39.58422,-0.6275104
-166.9072,-61.750069999999994,8.0,22.03172,-0.8200618000000001
-163.1181,-76.5542,8.0,26.491740000000004,0.43618809999999997
-142.5968,-77.58724000000001,8.0,30.912959999999998,0.3853188
-120.4528,-84.17738,8.0,33.8446,0.29084970000000004
-110.6776,-107.6178,8.0,36.69375,0.06401311
-125.2388,-129.5164,8.0,37.781620000000004,0.1114693
-145.7763,-128.7923,8.0,11.789760000000001,-2.719693
-145.0717,-126.3759,8.0,6.867780000000001,0.2678563
-141.72799999999998,-119.7617,8.0,13.59445,0.45917120000000006
-146.2698,-108.5653,8.0,19.70877,0.4297108
-160.5751,-102.7519,8.0,23.45172,0.03752253
-167.6915,-117.6515,8.0,26.15549,0.2051024
-167.0361,-139.0907,8.0,31.621,0.3738862
-171.05599999999998,-164.1151,8.0,36.7849,0.16305429999999999
-169.6029,-193.1804,8.0,41.6126,0.3607836
-168.6021,-225.7261,8.0,46.278259999999996,0.1537657
-156.31799999999998,-254.4021,8.0,37.92703,-0.8920565999999999
-134.4529,-251.2735,8.0,27.253890000000002,-0.0009896632
-126.9915,-230.8183,8.0,32.751059999999995,0.3710868
-127.2662,-204.6162,8.0,37.986309999999996,0.38349440000000007
-120.0004,-180.7589,8.0,22.36218,-2.101355
-109.2798,-183.7773,8.0,17.81399,0.1891285
-106.9518,-198.8031,8.0,23.7225,0.4452692
-106.3607,-218.6301,8.0,29.54782,0.2002773
-105.4122,-242.5358,8.0,34.93691,0.3347595
-93.85361,-266.3388,8.0,37.82973,0.14744939999999998
-67.23615,-271.0781,8.0,38.444959999999995,0.03809153
-49.0403,-249.7824,8.0,39.923970000000004,0.09344092
-46.16492,-218.7464,8.0,44.43998,0.30710279999999995
-32.72269,-189.0028,8.0,46.013020000000004,0.3203509
-7.813662,-163.4369,8.0,50.35983,0.2910968
8.778721,-133.2542,8.0,38.58313,-0.5636217
-2.043054,-110.2598,8.0,39.31047,0.8720459
-4.903817,-82.21536,8.0,40.81755,0.35919829999999997
-1.415342,-50.40031,8.0,45.437940000000005,0.1527753
-1.542253,-15.096070000000001,8.0,49.90189,0.3333047
-3.857468,23.25336,8.0,50.675329999999995,-0.7305508000000001
-21.22568,42.66771,8.0,22.33119,-1.280022
-26.292340000000003,40.01142,8.0,6.568777000000001,0.2507604
-32.04387,37.2532,8.0,12.88527,0.4602321
-40.62753,45.33082,8.0,19.24845,0.4083412
-48.031279999999995,48.58644,8.0,0.01660986,-0.002633588
-48.02418,48.55748,8.0,0.7931852,0.27183140000000006
-48.44509,45.98518,8.0,5.217008,0.07034442
-47.07414,43.22878,8.0,0.29011170000000003,-0.6489148
-49.84681,45.16992,8.0,9.230285,0.6533306999999999
-59.66478000000001,46.023740000000004,8.0,17.84314,0.30482420000000005
-75.90183,44.10133,8.0,26.09791,0.5683703
-97.97958,42.08302,8.0,33.714040000000004,0.2518762
-125.4848,44.10497,8.0,40.10322,0.08683356
-144.3538,25.26003,8.0,38.866890000000005,0.3509442
-145.2101,-6.592389,8.0,47.343509999999995,0.5959885
-141.9433,-33.869409999999995,9.0,2.992652,-0.06161039
-142.3232,-36.19209,9.0,6.7552080000000005,1.476475
-145.4071,-44.56106,9.0,13.95659,-0.2071536
-151.7401,-51.1724,9.0,11.39829,-0.06964616
-161.1505,-54.28913000000001,9.0,13.18215,-0.11448039999999998
-166.7729,-60.26633,9.0,10.10855,-0.19498800000000002
-163.1963,-69.8522,9.0,20.54072,0.5505227
-149.7699,-73.48356,9.0,17.3396,-0.1266774
-138.0149,-72.9698,9.0,16.281010000000002,0.9630061
-122.0767,-78.38002,9.0,25.500429999999998,0.03686001
-109.6816,-92.79507,9.0,26.41488,0.06093490000000001
-107.6144,-110.2855,9.0,14.675279999999999,-2.3687840000000002
-110.0534,-118.899,9.0,10.85248,-0.01710558
-116.6732,-129.7651,9.0,21.653229999999997,-0.09328572
-129.8005,-135.0328,9.0,17.409270000000003,-0.2990699
-140.4783,-130.3609,9.0,16.82601,0.9518059000000001
-147.0816,-114.94,9.0,27.058020000000003,0.43252690000000005
-155.0982,-100.2685,9.0,16.00812,-0.3586514
-163.9655,-102.4768,9.0,13.02925,0.7540189
-167.6191,-117.1207,9.0,28.037409999999998,1.056584
-168.7234,-142.9121,9.0,41.298,0.6897340000000001
-167.8843,-175.71099999999998,9.0,46.49967,0.21099980000000002
-164.477,-210.1954,9.0,44.243840000000006,-0.30603259999999993
-162.6038,-238.8085,9.0,29.656940000000002,-1.433934
-154.6075,-255.5911,9.0,22.76142,-0.198716
-140.8632,-260.08099999999996,9.0,17.52178,-0.358888
-129.4129,-249.5219,9.0,28.348740000000003,1.096558
-125.1777,-224.6524,9.0,37.77928,-0.5629173000000001
-128.61700000000002,-200.644,9.0,23.49541,-1.569231
-127.7772,-188.3799,9.0,14.12,-0.15397529999999998
-120.0259,-181.7661,9.0,18.199579999999997,0.26803899999999997
-107.2241,-185.3428,9.0,16.675079999999998,-0.3378778
-102.6577,-196.2102,9.0,20.46357,1.120396
-103.3017,-216.76,9.0,33.6702,0.6461385000000001
-106.179,-243.7237,9.0,36.93332,-0.1014327
-97.56029000000001,-267.7134,9.0,33.36436,-0.32433390000000006
-74.60032,-272.5731,9.0,32.63738,-0.03469669
-54.62588,-260.51099999999997,9.0,32.547129999999996,0.3145893
-47.81364,-236.2067,9.0,35.57841,0.16904160000000001
-43.61742,-209.4626,9.0,35.98874,-0.3086366
-36.57073,-185.2682,9.0,31.735870000000002,-0.37944190000000005
-22.18132,-169.6425,9.0,25.87576,-0.35956859999999996
-7.8554960000000005,-159.7254,9.0,21.52601,-0.17787709999999998
4.390031,-151.4798,9.0,18.0042,-0.1662135
12.444339999999999,-139.7363,9.0,22.62721,0.49878729999999993
6.510918,-122.58,9.0,28.00677,0.3119823
-5.926988,-105.0524,9.0,29.656579999999998,0.03688054
-10.77637,-83.39838,9.0,30.40186,0.02090415
-10.17331,-59.30523,9.0,34.43697,0.05541072
-5.885997,-33.56955,9.0,35.88264,0.09171725
-2.02204,-6.912967999999999,9.0,36.37315,-0.5268633
-4.11439,15.904539999999999,9.0,25.353170000000002,-0.3217412
-9.180322,30.86893,9.0,18.67426,-0.28289240000000004
-22.44276,42.272090000000006,9.0,28.28691,0.515092
-45.64161,44.790040000000005,9.0,35.205220000000004,0.2712102
-74.36573,44.1063,9.0,42.34587,0.4999669
-108.2351,42.546079999999996,9.0,48.26455,0.06305344
-138.7923,37.04891,9.0,33.54135,0.1945338
-146.1273,14.55675,9.0,35.87508,0.5164919
-141.5968,-14.21645,9.0,42.45282,0.22084229999999996
-144.341,-37.2729,10.0,17.28632,-0.2545979
-150.1787,-49.19767,10.0,20.28286,-0.3636321
-161.6311,-55.920519999999996,10.0,16.23934,-0.2830591
-167.0389,-64.12352,10.0,13.81199,0.5632149000000001
-158.863,-72.9041,10.0,17.775779999999997,0.02775805
-145.3615,-72.4574,10.0,18.302329999999998,-0.17552120000000002
-131.8173,-74.45562,10.0,23.22221,0.6181390999999999
-114.6318,-84.43477,10.0,30.476409999999998,0.22114189999999997
-107.2616,-107.2016,10.0,36.05298,0.427489
-116.5859,-128.5272,10.0,24.57919,-0.42978809999999995
-131.6541,-133.7529,10.0,19.449679999999997,-0.32511290000000004
-142.6707,-127.1098,10.0,20.0758,0.6064096999999999
-147.3535,-110.4265,10.0,23.75058,-0.3845875
-151.2645,-103.6303,10.0,5.568372,0.5689986
-158.3717,-100.4676,10.0,14.52599,0.4792972
-166.8941,-108.9035,10.0,20.6302,0.24714450000000002
-168.3192,-126.8205,10.0,27.76697,0.49937829999999994
-168.9199,-150.0273,10.0,34.43342,0.1152739
-168.2106,-176.9153,10.0,38.17642,0.1396696
-165.5078,-205.9146,10.0,38.37634,-0.5814553000000001
-163.9375,-231.4593,10.0,30.8622,-0.48903549999999996
-159.356,-250.9135,10.0,23.72009,-0.46345569999999997
-146.1259,-259.5283,10.0,23.33912,0.48572550000000003
-131.2544,-252.3109,10.0,24.52,0.2876469
-124.8171,-233.8806,10.0,28.160190000000004,0.2039309
-126.6348,-212.0315,10.0,29.72502,-0.46844259999999993
-127.9625,-194.8138,10.0,16.837410000000002,-0.3242067
-125.6965,-184.4899,10.0,12.221639999999999,-0.32080590000000003
-116.0903,-182.0029,10.0,17.07477,0.2432215
-104.8101,-188.1081,10.0,18.09323,0.06065047
-103.1915,-202.05,10.0,20.4682,0.18605429999999998
-104.1903,-217.945,10.0,21.80745,-0.010605700000000001
-105.5696,-235.0902,10.0,26.44626,0.49383540000000004
-104.9623,-256.4545,10.0,29.901190000000003,-0.03524642
-90.41094,-271.9509,10.0,32.95693,0.3166062
-64.04517,-268.9484,10.0,38.59322,0.09970425
-49.57863,-246.0108,10.0,39.942440000000005,0.2698784
-45.13087,-214.77700000000002,10.0,43.517720000000004,-0.6507429
-36.92242,-187.0769,10.0,34.73965,-0.316662
-22.040670000000002,-170.0261,10.0,27.29229,-0.44644979999999995
-8.442438000000001,-160.3633,10.0,13.67182,-0.2518253
0.621215,-154.0404,10.0,19.84207,0.3933758
11.25672,-144.1082,10.0,19.89856,0.5236556
10.21349,-127.0838,10.0,27.698059999999998,0.33117620000000003
-4.340161,-109.73100000000001,10.0,33.385040000000004,0.18688229999999997
-10.25628,-85.06705,10.0,31.908890000000003,-0.27632629999999997
-9.521275,-60.93486,10.0,35.60759,0.4648688
-6.01581,-32.395559999999996,10.0,41.825070000000004,0.45648940000000005
-1.8853689999999999,0.4184337,10.0,47.4073,0.36452829999999997
-10.34389,33.42902,10.0,42.971709999999995,-0.1060684
-39.27652,45.0901,10.0,45.107659999999996,0.1437807
-74.62125,44.293929999999996,10.0,50.379490000000004,0.1807074
-113.3804,41.35168,10.0,50.851040000000005,-1.5370549999999998
-143.2171,33.17864,10.0,38.73488,-0.3064491
-145.952,7.4576970000000005,10.0,38.33876,0.45686059999999995
-141.8598,-22.272679999999998,10.0,41.09089,-0.9099933000000001
-149.6734,-46.87455,11.0,35.37423,0.238677
-168.6474,-65.60709,11.0,32.66805,-1.632915
-164.0171,-80.74467,11.0,19.86676,-0.1329173
-151.5159,-71.83795,11.0,24.403579999999998,0.14657079999999997
-133.1803,-73.19389,11.0,29.009990000000002,0.45503990000000005
-115.0639,-87.42349,11.0,30.278090000000002,-0.28792340000000005
-109.4212,-109.9627,11.0,34.95937,0.1627547
-121.0329,-129.7911,11.0,26.81444,-0.1710794
-140.5387,-128.9082,11.0,31.103140000000003,0.22630100000000003
-145.4869,-107.1509,11.0,22.54373,-3.083501
-152.5662,-100.8338,11.0,17.0968,0.5360417
-165.6668,-107.5132,11.0,24.23415,0.26903119999999997
-166.0462,-127.4654,11.0,30.44322,0.46081279999999997
-168.1495,-152.3139,11.0,36.833009999999994,0.42519629999999997
-166.8992,-181.6928,11.0,42.76474,0.2105519
-164.0309,-215.4426,11.0,48.40977,0.04981466
-160.0437,-247.4502,11.0,35.431309999999996,-1.3745180000000001
-143.2596,-259.9312,11.0,30.06867,0.10750119999999999
-127.9167,-246.6444,11.0,31.36988,0.4437644
-125.5047,-221.1377,11.0,37.45805,0.43382299999999996
-127.8422,-193.8095,11.0,33.45404,-0.05867555
-114.2793,-179.7441,11.0,25.82645,-0.37707690000000005
-107.2643,-194.5931,11.0,26.733959999999996,0.5066229
-105.6149,-216.6053,11.0,33.00352,0.1953985
-107.2309,-243.2834,11.0,39.02868,0.1716662
-95.03758,-269.3527,11.0,39.88454,-0.4388058
-66.18315,-269.645,11.0,41.9531,0.22272529999999996
-48.60683,-246.2749,11.0,42.51072,0.42976909999999996
-43.65071,-212.9787,11.0,48.240829999999995,0.41246409999999994
-30.75331,-178.5738,11.0,51.693870000000004,0.1221539
-4.913613,-159.183,11.0,34.1987,-0.2504144
10.9525,-142.9163,11.0,26.926609999999997,-0.6355843000000001
8.974436,-125.6791,11.0,25.27069,0.47343850000000004
-3.6067199999999997,-108.7029,11.0,31.60714,0.3426189
-9.665405999999999,-83.9119,11.0,37.69686,0.4429053
-9.036105000000001,-53.86029,11.0,43.52243,0.41501509999999997
-3.006014,-20.06793,11.0,49.13215,0.1790197
-4.16642,17.92669,11.0,53.36384,-0.213243
-25.85446,44.52582,11.0,46.3255,-0.1318047
-60.95163,43.08925,11.0,49.97757,0.18692160000000002
-99.91199,41.526,11.0,55.29915,0.18298129999999999
-137.0117,36.79593,11.0,43.77077,-0.19991389999999998
-149.451,11.21061,11.0,40.26959,0.1621483
-142.1306,-19.6322,11.0,45.14862,0.1459154
-149.2705,-48.06256,12.0,31.25873,-1.306919
-167.1503,-58.24576,12.0,27.62827,-0.4236062
-160.9289,-72.15883000000001,12.0,24.20411,0.2527941
-140.8295,-71.39594,12.0,30.432740000000003,0.4400388
-118.3337,-80.85242,12.0,36.02044,0.33977009999999996
-106.5393,-105.2263,12.0,39.231320000000004,0.04931992
-116.9375,-125.4803,12.0,27.8788,0.6050711999999999
-134.1194,-133.0061,12.0,22.41624,-0.4937777
-145.8342,-122.3538,12.0,25.5775,0.44036270000000005
-151.2329,-103.2581,12.0,24.09195,-2.1514729999999997
-165.0547,-103.6499,12.0,20.215120000000002,0.10690519999999999
-167.4459,-122.3049,12.0,33.181309999999996,0.5799758
-168.8056,-149.4123,12.0,39.69965,0.18958160000000002
-167.0582,-180.9535,12.0,45.39703,0.414109
-164.96,-216.5943,12.0,50.98335,0.1828735
-159.2045,-250.9478,12.0,40.800470000000004,-0.7139810000000001
-138.6108,-256.3994,12.0,27.310709999999997,0.4763929
-128.2057,-237.0697,12.0,32.63478,0.455017
-125.8464,-210.7428,12.0,38.387879999999996,-0.3517917
-126.6107,-185.7971,12.0,31.932540000000003,-0.28947280000000003
-108.694,-183.0069,12.0,25.45419,-0.4105282
-109.648,-201.2265,12.0,28.345509999999997,0.20987960000000003
-109.9335,-224.5824,12.0,34.768409999999996,0.224572
-106.0275,-252.35299999999998,12.0,40.86888,0.38380679999999995
-85.78194,-271.8409,12.0,39.35628,0.02019102
-56.25095,-264.8055,12.0,43.66098,0.10671359999999999
-46.47984,-240.0006,12.0,33.58951,-0.386781
-53.391630000000006,-221.0978,12.0,14.64437,-3.1196200000000003
-53.19181999999999,-215.8227,12.0,5.3013639999999995,-0.507547
-53.11704,-215.5519,12.0,4.188318,0.6137024
-48.38097,-218.8333,12.0,11.99527,0.5007845999999999
-42.23513,-211.1882,12.0,14.51929,-0.30226020000000003
-41.57793,-200.9747,12.0,17.4514,1.442312
-37.87607,-185.6573,12.0,24.88285,0.49981709999999996
-24.4392,-170.0081,12.0,31.31095,0.4585184
-2.681584,-156.6248,12.0,37.611509999999996,0.1937108
12.39718,-135.6549,12.0,30.833479999999998,-0.49315190000000003
2.602256,-115.7872,12.0,35.878609999999995,0.6834121
-9.867936,-86.19041,12.0,51.16726,0.7581493
-7.591619000000001,-46.757529999999996,12.0,55.82168000000001,0.402779
-2.206789,-4.06769,12.0,59.72458,-0.6420471999999999
-8.409177,28.66445,12.0,31.29622,0.8262798000000001
-28.204629999999998,44.83368,12.0,37.42202,0.25152979999999997
-57.532230000000006,44.281220000000005,12.0,42.510909999999996,0.41775109999999993
-91.16901,43.93215,12.0,48.157959999999996,0.4003791
-127.8757,39.941140000000004,12.0,48.48036,-0.5308894000000001
-153.5701,21.877110000000002,12.0,26.92675,-0.753325
-153.8301,12.54857,12.0,0.2263865,-0.5222829999999999
-150.4035,12.35724,12.0,8.898286,0.28032640000000003
-146.4913,4.334655000000001,12.0,16.54104,0.5516346
-145.0526,-10.65195,12.0,23.90636,0.5424164
-142.05700000000002,-30.691059999999997,12.0,30.70529,0.42111899999999997
-142.6011,-37.55747,13.0,10.2484,0.5639795999999999
-147.5468,-46.66361,13.0,17.89976,0.5167242
-160.9779,-54.964059999999996,13.0,24.83601,0.4045014
-166.3491,-69.88171,13.0,19.52264,-0.5114302
-155.2854,-76.24547,13.0,19.550420000000003,0.21471669999999998
-140.4056,-72.61188,13.0,19.21536,-0.18906420000000002
-125.162,-74.45170999999999,13.0,24.59039,0.45836499999999997
-110.4242,-87.90298,13.0,30.41661,0.20216629999999997
-107.9943,-111.6279,13.0,35.16126,0.27729709999999996
-126.2513,-130.9644,13.0,38.68974,0.03516637
-145.7008,-126.3195,13.0,17.05927,-1.785973
-142.5636,-122.9751,13.0,8.974751,0.2711055
-138.6639,-122.4285,13.0,3.5140300000000004,0.28893470000000004
-143.576,-124.459,13.0,10.160860000000001,-0.06825484
-145.5296,-129.0755,13.0,1.6798959999999998,-0.7715426999999999
-145.0352,-126.7946,13.0,7.776689999999999,0.6582395999999999
-140.8929,-118.8611,13.0,16.17694,0.5399241
-142.8422,-104.912,13.0,23.1794,0.4653167
-158.8743,-98.63263,13.0,24.74399,-0.5997638000000001
-167.1036,-113.206,13.0,27.695140000000002,0.26474359999999997
-167.7563,-136.3693,13.0,34.761959999999995,0.2355701
-167.6962,-164.7582,13.0,41.49103,0.4848366
-167.9553,-197.8235,13.0,47.74964,0.21034299999999997
-167.2579,-235.2715,13.0,51.4101,-1.030167
-145.4914,-257.6058,13.0,41.498940000000005,-0.9883364
-127.4226,-244.9112,13.0,30.518240000000002,0.49540159999999994
-127.9082,-218.7389,13.0,40.30489,0.5336632
-127.3685,-190.618,13.0,24.83171,-2.4775840000000002
-119.9422,-181.8787,13.0,14.614529999999998,0.25303139999999996
-108.1551,-186.9022,13.0,22.400570000000002,0.4536876
-104.8485,-205.4292,13.0,29.23013,0.5135744000000001
-107.9306,-229.4609,13.0,36.13129,0.22088229999999998
-101.3233,-256.9668,13.0,41.32108,0.3313368
-75.91922,-272.7048,13.0,42.61637,-0.005185268
-51.641090000000005,-255.65900000000002,13.0,42.552240000000005,0.04807628
-48.38387,-222.8629,13.0,46.68841,-0.3102203
-38.7243,-192.7158,13.0,43.49344,0.39914120000000003
-15.739189999999999,-167.3623,13.0,49.283570000000005,0.45198770000000005
7.8144979999999995,-137.9414,13.0,48.59365,-0.928694
1.549408,-109.7689,13.0,34.235279999999996,-0.611104
-8.743022999999999,-91.81726,13.0,30.58809,0.8105223000000001
-6.045158,-66.73716999999999,13.0,37.48449,0.5046278000000001
-5.330058,-36.54675,13.0,43.98675,0.21220920000000001
-3.793827,-1.6611240000000003,13.0,50.11181,0.41748630000000003
-10.58644,33.526070000000004,13.0,41.81201,-1.792721
-31.16198,40.41904,13.0,20.81767,-1.874593
-35.078959999999995,32.584109999999995,13.0,0.17063499999999998,0.3556042
-35.13388,32.59043,13.0,0.05920115,-0.01701473
-35.14949,32.64624,13.0,1.184318,0.7315332
-34.12223,36.59336,13.0,9.397469000000001,0.24788110000000002
-32.42035,43.595420000000004,13.0,5.657079,-0.7445843000000001
-32.38828,44.275079999999996,13.0,3.5309839999999997,0.5959954000000001
-36.72761,41.20892,13.0,11.38078,0.54348
-47.45916,43.9675,13.0,18.66508,0.4926793
-63.72213000000001,45.07439,13.0,25.37973,0.4951625
-84.70293000000001,42.144090000000006,13.0,31.73177,0.20914970000000002
-110.4086,43.04652,13.0,37.57915,0.3964698
-137.9484,34.98169,13.0,38.989709999999995,-0.31750659999999997
-147.8947,9.573359,13.0,39.90319,0.17577420000000002
-144.6385,-21.785220000000002,13.0,45.20649,0.36919250000000003
-151.5047,-52.14608,14.0,33.673159999999996,-1.750818
-163.1169,-67.74975,14.0,22.70441,0.2057337
-147.8216,-75.72057,14.0,27.95515,0.4780894
-125.5793,-79.07669,14.0,33.04825,0.33002950000000003
-110.038,-99.02815,14.0,36.74844,0.16327429999999998
-117.8636,-124.7411,14.0,38.88845,0.1168452
-141.8145,-130.0379,14.0,26.93105,-0.5087036
-145.7148,-120.1872,14.0,2.344386,-0.6149458000000001
-146.5304,-119.1987,14.0,1.9137,-0.008059815
-147.3531,-118.199,14.0,1.5306819999999999,0.08872184
-148.7145,-117.37899999999999,14.0,4.144275,0.07479799
-150.9774,-117.4887,14.0,0.2893743,0.23529789999999998
-147.9123,-115.5332,14.0,9.312921000000001,0.3065386
-144.6695,-106.5849,14.0,17.220370000000003,0.5194879
-154.7492,-96.76411,14.0,23.02919,0.1412837
-167.6896,-107.2975,14.0,26.84617,0.3466338
-166.3294,-129.4906,14.0,33.5481,0.5072350999999999
-166.7377,-156.8661,14.0,40.35365,0.2493444
-167.0667,-189.1972,14.0,46.812870000000004,0.21971420000000003
-166.7359,-226.1183,14.0,52.59809,-0.05958408
-152.5673,-253.4367,14.0,31.51649,-1.05247
-141.6539,-252.3433,14.0,4.810448,-0.4591924
-141.2028,-249.7693,14.0,2.896076,0.3030835
-136.8334,-248.0366,14.0,10.65501,0.1670107
-127.6218,-251.6478,14.0,13.516160000000001,-0.320841
-121.1297,-248.0165,14.0,10.49837,0.6042483000000001
-123.35,-237.2345,14.0,19.45605,0.583249
-126.40100000000001,-220.2191,14.0,27.14593,0.5324711999999999
-127.8271,-197.4585,14.0,34.36507,0.241432
-116.1366,-179.0391,14.0,27.52526,-1.432833
-105.3021,-190.7336,14.0,29.011359999999996,0.6426767
-107.3509,-219.6542,14.0,49.18473,1.441344
-99.47407,-258.9245,14.0,53.07724,-1.3078809999999998
-69.26934,-271.8409,14.0,46.62975,0.08993544
-48.26717,-249.4526,14.0,43.207209999999996,0.03440714
-48.52769,-215.8504,14.0,47.669129999999996,0.1875812
-30.46177,-184.1728,14.0,52.12717,0.37256350000000005
-1.347893,-155.9054,14.0,56.698119999999996,-0.19474520000000003
9.1161,-124.3417,14.0,31.164920000000002,-0.9438446
-2.734691,-107.8811,14.0,28.38999,0.4348473
-5.684824,-84.85753000000001,14.0,34.92053,0.4999564
-3.3616089999999996,-56.55249,14.0,41.71782,0.4650947
-2.234491,-23.24825,14.0,48.08163,0.4405483
-3.578499,14.50434,14.0,53.072559999999996,-0.3022366
-21.6869,41.59665,14.0,43.33065,-0.07933533
-54.67546,40.591390000000004,14.0,47.42549,0.4084224
-92.03548,40.196090000000005,14.0,53.37945,0.1842103
-130.8896,40.218070000000004,14.0,44.126459999999994,-1.77735
-145.3929,24.230339999999998,14.0,15.16281,-2.682896
-143.5717,22.83042,14.0,6.068219999999999,0.6279922
-141.2486,25.52075,14.0,1.858848,-0.5362359999999999
-143.0471,23.181420000000003,14.0,7.895562,0.1925933
-148.7888,21.72498,14.0,5.004965,-0.794367
-148.7796,21.6173,14.0,4.876056,0.6550441
-143.738,16.90165,14.0,13.80889,0.5908101
-140.8055,4.155201,14.0,21.99503,0.5948808000000001
-141.8921,-15.105220000000001,14.0,29.87332,0.5505960999999999
-141.81799999999998,-35.19401,1.0,5.779591,-0.03790648
-142.3642,-42.09168,1.0,14.00825,0.32729369999999997
-149.923,-52.88148,1.0,22.27925,0.3078913
-163.0239,-65.87411,1.0,27.36562,-0.1800882
-151.282,-76.3403,1.0,23.86616,-0.02487124
-137.2639,-69.00701,1.0,13.057139999999999,-1.025245
-135.865,-68.27852,1.0,0.02581486,0.0004409918
-135.8461,-68.28132,1.0,0.0253687,0.0001679943
-135.8292,-68.28348000000001,1.0,0.01709103,-0.02350508
-136.0766,-69.62755,1.0,4.438683999999999,-0.08571336
-135.7083,-72.94798,1.0,4.325438,-0.05188139
-136.1546,-75.73658,1.0,3.518783,-0.02201363
-136.403,-76.16913000000001,1.0,3.916446,0.32674000000000003
-130.3815,-75.02122,1.0,12.854569999999999,0.6097182
-119.6318,-80.48338000000001,1.0,20.42318,0.2815672
-111.7933,-96.74155,1.0,28.210520000000002,0.5225019000000001
-113.2386,-119.1909,1.0,33.99025,0.19195
-134.0391,-133.3551,1.0,34.38074,-1.2868389999999998
-146.7796,-121.2639,1.0,22.121589999999998,-0.2792217
-138.4835,-109.2001,1.0,7.727908,-2.689477
-138.458,-108.7204,1.0,0.02512159,0.005747234
-138.4588,-108.7371,1.0,0.02109484,0.00314559
-140.3407,-108.1589,1.0,6.999736,1.159019
-145.39700000000002,-110.3403,1.0,5.561932,-1.563445
-145.0412,-109.493,1.0,6.043684,0.3149163
-145.3474,-102.0922,1.0,14.398279999999998,0.5516949999999999
-155.7283,-95.67549,1.0,17.18307,-0.380974
-164.7737,-101.3774,1.0,16.325210000000002,1.1982629999999999
-167.2207,-118.921,1.0,30.765040000000003,0.40910799999999997
-168.0166,-144.5356,1.0,39.155390000000004,0.7190982
-163.9718,-171.929,1.0,33.96885,-0.5411505999999999
-167.9329,-195.1233,1.0,34.27158,1.390314
-166.68400000000003,-224.0354,1.0,37.6651,-0.5400921999999999
-160.5537,-247.2539,1.0,27.85042,-0.8310356
-141.6829,-250.1696,1.0,29.273709999999998,0.20339089999999999
-122.4874,-239.4431,1.0,27.09767,-1.5262639999999998
-129.5896,-224.3283,1.0,25.7686,-0.1500514
-125.3328,-209.4222,1.0,21.46257,-0.42473820000000007
-124.1233,-196.2082,1.0,18.116970000000002,-0.07868269
-122.1356,-185.4267,1.0,14.755770000000002,0.2903751
-111.1945,-188.5532,1.0,16.830070000000003,-0.3158039
-110.1358,-199.7131,1.0,14.051929999999999,-0.08372562
-109.7069,-211.729,1.0,20.16497,0.563258
-107.8604,-229.4456,1.0,27.855259999999998,0.28035759999999993
-103.4358,-252.2654,1.0,34.73939,0.19487449999999998
-84.26836999999999,-270.4924,1.0,38.663109999999996,0.16978529999999997
-58.05016,-262.3653,1.0,39.53498,0.06525268
-51.914359999999995,-233.8475,1.0,42.62912,0.39226259999999996
-40.99975,-202.6236,1.0,47.69585,0.40734549999999997
-17.37659,-173.9227,1.0,53.154540000000004,0.20568820000000002
7.031461999999999,-140.4968,1.0,58.33461,0.04758989
11.12595,-108.5729,1.0,21.12235,-4.409544
9.898833999999999,-104.3194,1.0,0.6318239,-0.10437560000000001
9.938421,-104.36200000000001,1.0,2.13198,0.3290814
13.27227,-106.5331,1.0,7.950195,0.3321719
18.24146,-107.0083,1.0,2.788584,-0.7020409000000001
16.9487,-107.4053,1.0,6.275944,0.6308381
9.874977000000001,-110.5756,1.0,14.268939999999999,0.8397653
0.11899960000000001,-107.7637,1.0,18.28066,0.42194899999999996
1.279084,-91.77103000000001,1.0,25.11147,0.393204
-4.162416,-71.50169,1.0,31.78728,0.4516902
-5.779335,-45.52851,1.0,38.47175,0.48962159999999993
-6.426312,-14.6812,1.0,44.79083,0.2131593
-6.943783,20.67747,1.0,49.07589,-0.602267
-17.9339,43.97422,1.0,18.82229,-2.233286
-27.19332,39.69315,1.0,17.27064,0.5128223
-42.169959999999996,38.5532,1.0,24.32563,0.5473666
-62.75411,39.69487,1.0,31.4487,0.5117649000000001
-88.60178,39.65273,1.0,38.262640000000005,0.48842240000000003
-119.29899999999999,40.56856,1.0,44.607040000000005,0.219243
-143.5016,32.3235,1.0,24.388360000000002,-2.192545
-140.8209,24.58773,1.0,8.412268,0.26816540000000005
-137.7517,24.25787,1.0,0.06933381,0.03113557
-137.7517,24.21445,1.0,0.05419883,-0.02318517
-139.3878,24.58701,1.0,5.844933999999999,0.1403276
-145.9794,24.11499,1.0,11.05148,-0.04854183
-151.0515,25.37898,1.0,2.103177,-0.33785859999999995
-149.5565,24.51882,1.0,6.549529,0.589033
-147.1099,17.49067,1.0,14.13202,0.24811260000000002
-151.9597,5.525887,1.0,20.53966,0.3321302
-148.2409,-11.49038,1.0,26.93429,0.4891719
-146.0727,-33.693740000000005,2.0,33.247440000000005,0.6212991
-159.3288,-52.04817,2.0,33.245129999999996,0.1582249
-164.8256,-70.22713,2.0,23.51494,-0.5577279
-156.3336,-70.28253000000001,2.0,8.428778,0.3529055
-155.7048,-68.52739,2.0,0.06034471,0.03522145
-155.6821,-68.54796999999999,2.0,0.5877984,0.7195995
-156.2339,-71.34515,2.0,5.214043,-0.02533408
-156.8464,-74.83412,2.0,3.211185,-0.3974561
-155.8354,-73.93459,2.0,6.5762160000000005,0.3403156
-148.0028,-73.65305,2.0,15.318229999999998,0.5947348000000001
-136.4316,-81.49817,2.0,20.12949,-0.32507859999999994
-123.4071,-84.96474,2.0,17.19514,0.329253
-112.0959,-98.54699000000001,2.0,30.94565,0.8110404
-115.9409,-120.3186,2.0,32.36011,0.230527
-136.2664,-130.6821,2.0,29.6231,-0.557643
-144.5714,-118.9036,2.0,20.672320000000003,0.4149197
-140.0863,-104.9411,2.0,18.322029999999998,0.14459370000000002
-153.9167,-101.9018,2.0,21.17042,-0.3450212
-161.0059,-111.7553,2.0,16.65144,-0.1255461
-163.2058,-124.3159,2.0,18.94463,0.2649401
-165.4112,-141.6367,2.0,27.779759999999996,0.5677369000000001
-165.3032,-165.0892,2.0,35.45087,0.5722635
-165.6405,-194.1232,2.0,42.628640000000004,0.4895311
-165.6205,-228.1789,2.0,49.23755,0.11829849999999999
-157.1811,-249.8594,2.0,22.38191,0.2089081
-138.4102,-251.8074,2.0,29.56424,0.2529084
-125.2415,-238.6491,2.0,24.30336,-0.2948295
-126.3983,-218.1775,2.0,33.15292,0.246761
-126.3384,-191.7804,2.0,30.93412,-1.8939259999999998
-119.3622,-183.9491,2.0,12.48258,0.3041615
-111.1632,-190.9627,2.0,19.43825,0.5588213000000001
-109.6467,-208.3676,2.0,27.55818,0.29537709999999995
-107.055,-231.5119,2.0,35.22262,0.5217636999999999
-98.42674,-258.618,2.0,41.54572,0.3294312
-72.33516999999999,-270.0727,2.0,40.21348,0.08894239999999999
-50.07111,-250.5048,2.0,42.337270000000004,-0.02472091
-48.88333,-218.1523,2.0,46.57537,0.4073389
-32.62018,-186.8816,2.0,50.794059999999995,0.2047135
-5.4265550000000005,-157.6172,2.0,56.90087,0.4418094
8.821596000000001,-128.3712,2.0,23.89251,-1.356056
-0.34789380000000003,-117.1463,2.0,22.98333,0.5649516
-6.6245899999999995,-99.04779,2.0,30.04518,0.5734824000000001
-6.648208,-74.005,2.0,37.5208,0.5419857
-6.8027820000000006,-43.58278,2.0,44.54513,0.23650079999999998
-7.257874,-8.081186,2.0,51.18293,0.4671223
-8.906297,30.76867,2.0,47.17033,-1.681236
-24.18458,46.1729,2.0,13.2562,-2.69203
-25.54952,44.33681,2.0,6.219636,0.6342126
-30.56565,39.69983,2.0,14.45401,0.5631010999999999
-43.004459999999995,45.14846,2.0,22.529729999999997,0.5342183
-61.851409999999994,44.9539,2.0,29.6175,0.27718940000000003
-86.48933000000001,41.92844,2.0,37.160759999999996,0.5515321
-116.6101,40.96415,2.0,44.15014,0.2369902
-146.559,31.2448,2.0,34.31886,-1.205592
-149.7068,18.870420000000003,2.0,2.4271279999999997,-0.5903406999999999
-145.9003,19.03556,2.0,9.649204,0.3040138
-143.8801,9.857072,2.0,17.7822,0.5448211
-151.1978,-4.078794,2.0,24.32406,0.2085283
-146.3069,-23.85139,2.0,31.082690000000003,0.24816039999999998
-142.66299999999998,-38.01962,3.0,11.93062,-0.04731376
-146.108,-45.99203,3.0,13.914010000000001,0.49487259999999994
-156.0404,-53.083490000000005,3.0,15.8891,-0.24044169999999998
-165.5328,-57.016740000000006,3.0,12.25302,-0.35309009999999996
-165.7552,-64.55305,3.0,9.416038,-0.09219164
-158.6477,-71.72725,3.0,17.98744,0.489859
-142.6516,-71.91852,3.0,25.53741,0.2543661
-122.9504,-79.05501,3.0,27.848029999999998,-0.45870029999999995
-110.382,-92.53271,3.0,23.08328,-0.1255961
-108.5834,-112.1744,3.0,26.72687,-0.4036637
-116.6357,-127.6178,3.0,21.27048,-0.1850285
-131.5085,-133.8324,3.0,25.31821,-0.24669580000000002
-143.5098,-122.6555,3.0,28.603509999999996,0.5617686
-153.0803,-104.6919,3.0,21.177570000000003,-1.897083
-164.4342,-107.7547,3.0,19.80571,0.473163
-167.9648,-124.8139,3.0,27.65659,0.5692663
-169.9317,-148.075,3.0,35.197959999999995,0.4964693
-167.4743,-176.6042,3.0,42.155640000000005,0.235301
-165.2077,-210.2799,3.0,48.79334,0.22460570000000002
-162.6674,-245.9785,3.0,43.89172,-1.467021
-143.8599,-258.7267,3.0,26.148979999999998,-0.7452701999999999
-128.6175,-244.9819,3.0,31.59447,0.612905
-127.1456,-220.8334,3.0,36.51063,0.5020599
-127.069,-194.4698,3.0,33.483670000000004,-0.24697270000000004
-116.2074,-178.4441,3.0,23.63785,-0.42670690000000006
-109.3522,-189.8616,3.0,23.240820000000003,0.5983046999999999
-106.4656,-208.9386,3.0,30.13281,0.2587661
-105.1954,-231.47099999999998,3.0,28.56423,-0.201666
-105.5586,-253.3115,3.0,34.93929,0.42010859999999994
-88.38628,-271.6919,3.0,36.219879999999996,-0.006879905
-64.98618,-268.7739,3.0,18.57609,-0.4805824000000001
-56.691140000000004,-267.134,3.0,4.754453,-0.9231693000000001
-56.83076,-267.1801,3.0,1.8957060000000001,-0.30963359999999995
-56.95131,-267.20099999999996,3.0,2.480633,0.5068481
-54.39691,-264.1625,3.0,7.2427660000000005,0.16634720000000003
-49.294270000000004,-262.6529,3.0,7.170133,-1.6471
-48.42618,-263.2846,3.0,3.573957,0.6527029000000001
-50.17885,-257.7643,3.0,12.031930000000001,0.5689828
-47.575759999999995,-246.1702,3.0,20.02535,0.5736383
-44.39864,-228.8411,3.0,27.510170000000002,0.5378988
-41.8058,-205.9367,3.0,34.57349,0.504151
-31.26623,-181.5267,3.0,38.980579999999996,0.4467633
-10.381269999999999,-160.9341,3.0,32.29868,-1.680333
3.969522,-149.5869,3.0,21.10347,-0.17590870000000003
11.62096,-138.4704,3.0,16.13549,-0.1751448
9.867372999999999,-127.5168,3.0,17.13622,0.5271509
0.6462960999999999,-115.1947,3.0,24.54107,0.5357924
-7.566203,-96.05691999999999,3.0,31.540090000000003,0.2546154
-10.47948,-70.5228,3.0,38.07253,0.4626831
-7.146255,-40.08485,3.0,44.36266,0.4746567
-3.4601089999999997,-7.208385000000001,3.0,41.65185,-0.6160864
-4.431042,12.33046,3.0,11.37852,-0.9504146000000001
-5.090619,16.354860000000002,3.0,7.609931,0.6342260000000001
-7.089208999999999,24.96707,3.0,16.122770000000003,0.5820623
-14.766689999999999,37.32824,3.0,23.54968,0.4996742
-33.08867,44.92479,3.0,30.276020000000003,0.42886450000000004
-57.98066,44.71717,3.0,37.07744,0.2491462
-87.91995,43.3997,3.0,43.720459999999996,0.4844594
-121.6273,40.332440000000005,3.0,44.60696,-0.3256325
-148.0826,29.53712,3.0,36.05062,-1.1379569999999999
-144.6519,6.24674,3.0,34.50251,0.06761764
-145.1801,-20.69695,3.0,39.60881,0.2079317
-147.4534,-49.351459999999996,4.0,30.09474,-2.697884
-161.2435,-54.425290000000004,4.0,19.73134,0.08020446
-167.2568,-64.79793000000001,4.0,20.78293,0.308485
-152.2586,-72.66708,4.0,26.84471,0.49192529999999995
-130.3977,-75.9521,4.0,33.29139,0.4810066
-111.405,-93.96223,4.0,38.653259999999996,0.3349857
-113.8033,-120.6671,4.0,37.50495,0.02129195
-135.8957,-132.1234,4.0,33.35716,-0.8343646999999998
-144.4149,-113.7342,4.0,30.880329999999997,0.1993895
-152.4496,-98.80847,4.0,16.88404,-0.2140331
-163.99,-105.7614,4.0,22.95042,0.44532920000000004
-168.5502,-124.7607,4.0,30.123890000000003,0.2709586
-170.3225,-149.5523,4.0,36.98383,0.4970695
-167.4635,-179.3296,4.0,43.63538,0.4748567
-164.2417,-213.8606,4.0,49.47309,0.03562073
-161.5536,-246.5092,4.0,29.04828,-1.574376
-150.3026,-256.1503,4.0,18.78094,1.160464
-133.9648,-255.7375,4.0,24.94756,0.03889305
-126.3207,-236.7474,4.0,31.24902,0.4585065
-127.6681,-211.7124,4.0,37.379740000000005,0.2378069
-124.2461,-183.4566,4.0,38.4474,-0.7473046
-102.649,-179.6992,4.0,27.62892,-0.7517329
-104.3881,-194.1063,4.0,21.7934,0.3414623
-114.5682,-201.231,4.0,4.576023999999999,-1.9437950000000002
-114.5551,-201.5557,4.0,0.006989398000000001,0.01568827
-113.8801,-201.726,4.0,3.486871,0.3525103
-110.2576,-200.1661,4.0,7.129161999999999,0.02098628
-109.6802,-198.2812,4.0,1.391968,0.27831540000000005
-109.1819,-201.9898,4.0,8.646912,0.5148317
-107.3598,-210.7839,4.0,15.429770000000001,0.25237600000000004
-105.3373,-224.4301,4.0,21.76959,0.45038059999999996
-105.9583,-242.7722,4.0,27.623620000000003,0.393807
-99.51966999999999,-263.4819,4.0,31.95004,0.2473484
-77.5692,-271.9175,4.0,34.465070000000004,0.2701677
-53.98177,-260.5506,4.0,37.24241,-0.06271178
-49.33128,-233.4162,4.0,39.600390000000004,0.3477534
-43.538059999999994,-203.2875,4.0,43.81592,0.3150124
-25.215020000000003,-175.5293,4.0,46.7868,0.04704599
-1.499874,-154.4811,4.0,31.2491,-2.348486
10.364,-142.651,4.0,18.64245,-0.46700119999999995
11.42105,-129.9744,4.0,22.51687,0.28515240000000003
0.03006635,-115.0676,4.0,28.10343,0.17399679999999998
-8.22739,-94.02589,4.0,33.23576,0.3889985
-10.54924,-67.72334000000001,4.0,38.23677,0.17669289999999999
-6.253351,-37.9523,4.0,42.98683,0.15797479999999997
-1.485406,-4.77182,4.0,47.401920000000004,0.22605799999999998
-7.876405999999999,28.08257,4.0,30.92122,-3.404094
-23.51735,41.57497,4.0,30.648609999999998,0.30263029999999996
-47.76312,43.66486,4.0,35.53982,0.37836040000000004
-75.97353000000001,43.304970000000004,4.0,40.623290000000004,0.3686962
-107.5791,41.43045,4.0,43.545,-0.07822604
-134.5081,38.01323,4.0,20.34637,-3.462104
-144.2528,31.628079999999997,4.0,18.29828,0.42694390000000004
-148.0727,16.60589,4.0,24.0361,0.43717209999999995
-145.0633,-3.056353,4.0,29.752259999999996,0.409356
-141.5837,-26.829829999999998,4.0,34.92625,0.33462820000000004
-149.3079,-47.90265,5.0,26.20605,-0.33597350000000004
-166.8652,-58.3222,5.0,26.13157,-1.302483
-163.0513,-69.51515,5.0,17.190089999999998,-0.21894339999999998
-149.9083,-70.84581,5.0,21.751839999999998,0.225071
-132.0782,-75.13490999999999,5.0,27.67377,0.4030812
-113.3603,-86.82166,5.0,32.31621,0.23904189999999997
-108.6803,-110.3321,5.0,34.31904,-0.20995250000000001
-120.806,-130.7709,5.0,31.671329999999998,-0.2569891
-138.9709,-129.767,5.0,23.13982,0.2604384
-145.3344,-112.5309,5.0,27.48705,0.1586118
-160.4768,-100.3348,5.0,22.889570000000003,-0.6580781
-164.6966,-110.0911,5.0,16.47991,0.01518408
-166.5502,-124.5952,5.0,23.314339999999998,0.5766864
-168.1774,-147.8619,5.0,40.85845,1.453157
-165.8811,-181.7994,5.0,48.95035,0.4096913
-164.3139,-217.7735,5.0,39.035509999999995,-2.675353
-163.466,-236.8507,5.0,19.71078,-0.0991886
-160.4984,-249.084,5.0,14.69824,0.04578008
-151.1201,-258.0506,5.0,23.110139999999998,0.6175569000000001
-133.3334,-255.3713,5.0,29.3734,0.41038290000000005
-125.3414,-230.7428,5.0,40.15805,0.193379
-128.4506,-202.2361,5.0,28.49502,-2.694404
-126.1866,-187.3564,5.0,16.80238,-0.49985630000000003
-114.8563,-182.1043,5.0,21.92447,0.33875140000000004
-102.8856,-193.5317,5.0,26.19918,0.40940740000000003
-103.1292,-216.4676,5.0,35.1819,0.33541770000000004
-105.632,-243.3653,5.0,35.322340000000004,-0.6700859
-99.79652,-265.0979,5.0,28.865109999999998,0.9132608
-78.28481,-272.0401,5.0,33.35935,0.2792686
-55.61813000000001,-261.3371,5.0,35.8374,0.04890783
-48.534,-234.6865,5.0,39.6424,0.16911400000000001
-43.65854,-203.9206,5.0,44.3799,0.322444
-27.37221,-174.5277,5.0,47.33612,0.26838320000000004
-5.270345,-157.5706,5.0,15.669929999999999,-2.096503
2.682714,-152.2848,5.0,10.57574,-0.31552659999999993
7.580946000000001,-148.2536,5.0,6.83518,-0.2607107
11.77458,-142.9362,5.0,12.49967,0.4971952
12.32062,-131.7071,5.0,18.623829999999998,0.44395450000000003
3.584704,-118.399,5.0,24.55181,0.4113691
-5.906433,-100.6503,5.0,30.054190000000002,0.36993059999999994
-10.54204,-76.87737,5.0,35.2872,0.3762351
-7.953749,-49.11705,5.0,40.13185,0.3721812
-2.6036799999999998,-18.08289,5.0,44.871959999999994,0.158718
-2.7793740000000002,12.781189999999999,5.0,32.93418,-0.7708626000000001
-6.857653999999999,25.45893,5.0,9.583901,0.7396216
-12.39291,34.888659999999994,5.0,18.40908,0.4228799
-25.604210000000002,43.160579999999996,5.0,24.176270000000002,0.41109140000000005
-45.34156,45.317009999999996,5.0,29.700770000000002,0.1951019
-69.37431,44.747279999999996,5.0,35.167629999999996,0.3787614
-97.34354,43.34431,5.0,40.27534,0.3550531
-126.15,40.35603,5.0,34.19607,-3.353533
-141.3809,34.84838,5.0,21.96519,0.3481012
-147.9327,18.11809,5.0,27.18194,0.17515799999999998
-144.8719,-3.5863110000000002,5.0,32.44377,0.40915429999999997
-141.9551,-28.932959999999998,5.0,31.86808,-1.049778
-145.5403,-43.66624,6.0,11.808110000000001,-0.17254239999999998
-153.5822,-53.013690000000004,6.0,18.99769,-0.24669139999999998
-164.2929,-58.06437,6.0,13.16262,-0.2194785
-164.4843,-67.90142,6.0,18.8173,0.6590728
-148.5108,-72.22933,6.0,29.897340000000003,1.16638
-123.5711,-78.50976999999999,6.0,40.38247,0.7150671
-109.1693,-102.1981,6.0,35.81901,-0.9395901
-116.3738,-117.3936,6.0,11.472710000000001,-0.28883359999999997
-119.9159,-127.0406,6.0,19.686970000000002,0.8282431999999998
-130.5014,-134.1921,6.0,19.12367,0.4563927
-143.1708,-125.6541,6.0,24.33694,0.2209384
-147.1585,-107.6879,6.0,16.53106,-1.083603
-151.9516,-102.9948,6.0,8.932172,0.3236176
-161.3327,-100.9986,6.0,16.53594,-0.20507240000000002
-166.9876,-111.5103,6.0,20.96096,1.022162
-168.3591,-132.1669,6.0,34.72885,0.9737723
-168.571,-162.4832,6.0,46.45113,0.3915643
-165.6647,-200.4734,6.0,55.23921,-0.27583379999999996
-163.4928,-237.4094,6.0,43.94305,-1.278993
-152.3522,-257.7575,6.0,25.93572,-0.74062
-136.3841,-255.6888,6.0,18.99886,-0.008246647
-126.6984,-242.5691,6.0,25.89068,0.37010879999999996
-125.197,-221.5087,6.0,31.26417,0.3869043
-128.8241,-196.6749,6.0,34.82227,-0.7268019
-122.0306,-182.4544,6.0,18.19361,0.8742398000000001
-108.0238,-186.9513,6.0,23.02401,0.3140635
-102.5797,-204.6526,6.0,28.0831,0.3683178
-104.4338,-227.4467,6.0,33.54753,0.3817212
-105.1855,-254.063,6.0,38.367940000000004,0.26242129999999997
-87.52571,-272.6566,6.0,34.86176,-1.066035
-65.76395,-268.505,6.0,26.09603,-0.5090949
-51.86311,-259.1129,6.0,24.32827,0.6394166
-47.11589,-238.5241,6.0,31.60309,0.40260050000000003
-43.87158,-213.3243,6.0,36.92719,0.36602540000000006
-37.21767,-185.2968,6.0,40.75095,0.01711646
-14.07947,-165.4559,6.0,38.79635,-1.654737
0.6755443,-154.1866,6.0,13.89814,-0.18698220000000002
7.741514,-148.2823,6.0,12.16463,0.06375023
12.69716,-139.0024,6.0,17.86551,0.3400849
7.488797999999999,-124.0278,6.0,26.76261,0.4471576
-5.919061,-103.0628,6.0,40.92709,0.5037804
-9.522356,-68.11882,6.0,53.916990000000006,0.8579903
-3.5875199999999996,-25.06232,6.0,61.38527,0.2439527
-3.640458,14.41438,6.0,35.577909999999996,-3.194455
-9.90352,30.89231,6.0,21.55319,0.45756990000000003
-23.9672,42.5761,6.0,30.06754,0.7776255999999999
-50.87355,45.27796,6.0,44.066309999999994,1.136888
-88.94648000000001,43.71516,6.0,58.1249,0.936841
-122.0205,40.379290000000005,6.0,20.84895,-2.446632
-132.3376,38.32894,6.0,13.694270000000001,0.9581681999999999
-145.0566,31.228309999999997,6.0,23.892870000000002,0.1133085
-147.3762,12.13389,6.0,28.91382,0.407991
-143.3251,-10.949810000000001,6.0,34.36061,0.3830914
-141.8966,-33.96825,7.0,6.528613,0.5369919
-142.909,-41.33513,7.0,13.415220000000001,0.3100711
-150.2787,-50.66475,7.0,19.39644,0.3957874
-164.6718,-58.08806,7.0,23.43735,-0.6035550000000001
-167.1092,-71.19121,7.0,15.793029999999998,-0.08168567
-157.1093,-77.09228,7.0,17.82946,0.1184288
-143.1984,-73.75333,7.0,20.03515,0.08230294
-127.4812,-74.66248,7.0,23.03613,0.2891245
-112.1287,-87.55960999999999,7.0,30.69128,0.276594
-109.0787,-110.6811,7.0,34.168820000000004,0.21552480000000002
-125.8843,-129.7003,7.0,36.75537,0.07431902
-146.9075,-125.8135,7.0,20.74588,-0.8791509
-144.0392,-117.1126,7.0,9.995802000000001,0.08751735
-145.2216,-106.7777,7.0,17.597170000000002,-0.1592323
-156.0698,-101.3542,7.0,18.954620000000002,0.5463095
-166.0476,-111.2208,7.0,19.95034,-0.08355413
-165.9062,-126.7581,7.0,24.05027,0.620628
-168.335,-148.6385,7.0,36.71221,0.5245178
-169.7271,-180.7469,7.0,49.67803,0.8670021000000001
-169.6142,-220.2102,7.0,51.12531,-0.8799355
-161.3314,-249.0386,7.0,30.86488,-0.9182793
-143.6067,-254.373,7.0,22.09938,-0.17658210000000002
-128.8172,-247.945,7.0,23.406979999999997,0.24111799999999997
-125.8686,-228.1722,7.0,31.65273,0.407532
-126.1781,-202.7021,7.0,36.9972,0.3826691
-120.7332,-180.5954,7.0,17.36496,-1.895993
-111.2928,-184.234,7.0,18.63174,0.19753099999999998
-109.1302,-200.0124,7.0,24.5782,0.2175792
-108.7387,-220.3775,7.0,30.36477,0.4150742
-107.5651,-244.8219,7.0,35.48225,0.29656109999999997
-93.10634,-267.3906,7.0,38.479240000000004,0.1803701
-65.53481,-270.7322,7.0,39.36813,-0.01749149
-49.9431,-247.66,7.0,40.06429,0.2560862
-47.69296,-216.4075,7.0,44.520559999999996,0.2475799
-30.86038,-187.87400000000002,7.0,47.18002,0.3549246
-6.028794,-160.7842,7.0,51.61057,0.32404479999999997
9.135061,-133.35399999999998,7.0,28.61951,-1.6589759999999998
1.966938,-116.5241,7.0,29.265459999999997,0.2601425
-5.912481,-94.2942,7.0,38.41676,1.304922
-1.956482,-59.42176,7.0,56.07264,0.5537549
-1.242536,-12.3551,7.0,68.03808000000001,-0.5725666
-5.863124,30.879040000000003,7.0,43.9027,-2.905201
-25.2917,41.76775,7.0,31.0977,0.9972719999999999
-52.926930000000006,40.572140000000005,7.0,40.86804,0.18125750000000002
-85.05513,40.46847,7.0,45.6394,0.1655083
-120.5408,41.38159,7.0,49.884840000000004,-0.05431424
-146.4386,30.133159999999997,7.0,27.777509999999996,-0.3692864
-145.6622,8.422703,7.0,32.12754,0.1902115
-145.1915,-17.42156,7.0,37.43438,0.3751792
-149.1401,-46.22455,8.0,39.53048,-0.3274037
-166.9904,-61.884409999999995,8.0,21.9659,-0.4157947
-162.9537,-76.66154,8.0,26.52716,0.2160725
-142.3759,-77.55656,8.0,30.943890000000003,0.1952327
-120.2707,-84.3522,8.0,33.86748,0.13996429999999999
-110.6893,-107.8913,8.0,36.715790000000005,0.12902249999999998
-125.4844,-129.6367,8.0,37.78915,0.04764662
-145.8409,-128.7397,8.0,11.33155,-2.8510009999999997
-145.0316,-126.3438,8.0,6.955342,0.5205988
-141.72299999999998,-119.6606,8.0,13.66932,0.4510112
-146.3655,-108.4503,8.0,19.77744,0.399912
-160.7375,-102.803,8.0,23.45486,0.01965024
-167.6763,-117.8485,8.0,26.22545,0.4057433
-167.0662,-139.3198,8.0,31.65075,0.184436
-171.0758,-164.3865,8.0,36.842240000000004,0.34266640000000004
-169.5847,-193.4907,8.0,41.63994,0.16637220000000003
-168.5847,-226.0686,8.0,46.333290000000005,0.32904390000000006
-156.0659,-254.5438,8.0,37.855309999999996,-0.4268393
-134.3053,-251.1288,8.0,27.25886,0.02888478
-126.9929,-230.572,8.0,32.81301,0.3649888
-127.2555,-204.3262,8.0,38.01478,0.16892390000000002
-119.8599,-180.6657,8.0,22.201220000000003,-0.9755164000000001
-109.2152,-183.8937,8.0,17.87496,0.3583903
-106.9438,-198.9811,8.0,23.79533,0.4377288
-106.351,-218.8458,8.0,29.61712,0.41467380000000004
-105.3846,-242.7997,8.0,34.99256,0.32294470000000003
-93.6377,-266.5132,8.0,37.84191,0.07501741
-66.97391999999999,-270.9672,8.0,38.447559999999996,0.01593575
-48.97609,-249.5053,8.0,39.96076,0.22555509999999998
-46.13728,-218.4322,8.0,44.49146,0.32250809999999996
-32.470729999999996,-188.7629,8.0,46.0377,0.147805
-7.571895,-163.1528,8.0,50.381170000000004,0.1318842
8.798428,-132.9696,8.0,38.398959999999995,-1.091956
-2.221663,-110.0331,8.0,39.44615,0.8235596
-4.844191,-81.91977,8.0,40.87812,0.3644171
-1.402874,-50.07399,8.0,45.494409999999995,0.3453401
-1.547241,-14.7281,8.0,49.95426,0.3158132
-3.9479019999999996,23.62619,8.0,50.43322,-1.4134360000000001
-21.39091,42.6897,8.0,21.89678,-2.5454790000000003
-26.301540000000003,39.96232,8.0,6.651258,0.48159250000000003
-32.13152,37.28294,8.0,12.96467,0.49769940000000007
-40.72736,45.43274,8.0,19.28116,0.1992194
-48.03116,48.58644,8.0,0.01785466,0.007651598000000001
-48.02623,48.55125,8.0,0.9002017,0.6198928000000001
-48.44187,45.94485,8.0,5.228803,0.06804454
-47.0726,43.227709999999995,8.0,0.1738742,-0.7203253000000001
-49.907509999999995,45.20285,8.0,9.282789999999999,0.3193085
-59.79915,46.00233,8.0,17.94782,0.6089296999999999
-76.08941,44.07204,8.0,26.14459,0.291204
-98.22366,42.08826,8.0,33.80203,0.5251743000000001
-125.7849,44.06612,8.0,40.13213,0.168074
-144.3794,24.96728,8.0,38.92657,0.3540156
-145.2483,-6.941192999999999,8.0,47.4405,0.5828191
-141.9458,-33.89141,9.0,2.982353,-0.06206814
-142.3337,-36.24264,9.0,6.9948619999999995,1.418886
-145.4565,-44.64875,9.0,13.92107,-0.21843379999999998
-151.8135,-51.21128,9.0,11.39175,-0.04082627
-161.2412,-54.324819999999995,9.0,13.14579,-0.21418470000000003
-166.7879,-60.339369999999995,9.0,10.076139999999999,-0.1947559
-163.0821,-69.95291999999999,9.0,20.5833,0.2614107
-149.6442,-73.47038,9.0,17.29769,-0.24839679999999997
-137.8959,-72.98340999999999,9.0,16.4517,1.031665
-121.9127,-78.48267,9.0,25.515179999999997,0.0840257
-109.6068,-92.97298,9.0,26.41923,0.02712079
-107.634,-110.3944,9.0,14.479829999999998,-1.1854959999999999
-110.0812,-118.9717,9.0,10.86397,0.07084475
-116.7907,-129.8793,9.0,21.636470000000003,-0.09656669
-129.9328,-135.0267,9.0,17.385170000000002,-0.1451626
-140.5603,-130.2708,9.0,16.90793,0.505807
-147.1344,-114.7464,9.0,27.152559999999998,0.5678681
-155.2056,-100.2128,9.0,15.94793,-0.3543221
-164.0173,-102.554,9.0,13.091560000000001,0.39642940000000004
-167.6358,-117.3216,9.0,28.211920000000003,1.082101
-168.7286,-143.2064,9.0,41.34702,0.31408309999999995
-167.8475,-176.0497,9.0,46.51522,0.09588792
-164.4468,-210.5279,9.0,44.14345,-0.5857842
-162.5867,-239.0284,9.0,29.440240000000003,-1.30277
-154.4767,-255.6976,9.0,22.69772,-0.37487800000000004
-140.735,-260.0484,9.0,17.46431,-0.33878459999999994
-129.3147,-249.3299,9.0,28.43921,0.5470709
-125.2029,-224.3717,9.0,37.73389,-0.2716922
-128.632,-200.4765,9.0,23.363970000000002,-0.8365645
-127.7474,-188.2761,9.0,14.10694,-0.07729322
-119.8921,-181.7487,9.0,18.28135,0.4877129
-107.1342,-185.4214,9.0,16.61711,-0.3630712
-102.6445,-196.3599,9.0,20.64882,1.126568
-103.324,-217.0131,9.0,33.721920000000004,0.31099899999999997
-106.1781,-243.9906,9.0,36.901309999999995,-0.1946537
-97.37082,-267.8807,9.0,33.33724,-0.1636475
-74.3709,-272.5309,9.0,32.62878,-0.05310522
-54.492090000000005,-260.3122,9.0,32.5721,0.1545322
-47.771570000000004,-235.9398,9.0,35.59152,0.07826562
-43.56947,-209.1869,9.0,35.93643,-0.3001184
-36.457240000000006,-185.0686,9.0,31.70379,-0.20206970000000002
-22.031679999999998,-169.5281,9.0,25.814770000000003,-0.3731224
-7.726172,-159.6407,9.0,21.5105,-0.09869278
4.492163,-151.4021,9.0,17.9808,-0.1473882
12.47436,-139.5695,9.0,22.667920000000002,0.2528604
6.375496,-122.4228,9.0,28.0309,0.1493739
-6.005044,-104.8421,9.0,29.65895,0.01409396
-10.800930000000001,-83.16963,9.0,30.42506,0.13503010000000001
-10.139489999999999,-59.04577,9.0,34.459990000000005,0.1342487
-5.837565000000001,-33.31566,9.0,35.89568,0.0813171
-2.004038,-6.64009,9.0,36.3302,-0.2587482
-4.153418,16.08803,9.0,25.24472,-0.6435969
-9.252931,30.989690000000003,9.0,18.62578,-0.2874657
-22.63552,42.35453,9.0,28.328440000000004,0.2517092
-45.90169,44.76637,9.0,35.2963,0.5304127
-74.66803,44.11458,9.0,42.430209999999995,0.5259338000000001
-108.5902,42.503859999999996,9.0,48.2892,0.1467611
-139.009,36.92075,9.0,33.62256,0.4745219
-146.0575,14.29277,9.0,35.91686,0.248406
-141.6107,-14.52144,9.0,42.53222,0.48515559999999996
-144.3734,-37.396679999999996,10.0,17.2647,-0.13944
-150.2787,-49.30961,10.0,20.22409,-0.3553837
-161.743,-55.97375,10.0,16.21667,-0.1349668
-167.0222,-64.22277,10.0,13.91204,0.6086906999999999
-158.7389,-72.93099000000001,10.0,17.777929999999998,0.01340537
-145.2292,-72.45758000000001,10.0,18.2873,-0.09517592
-131.6592,-74.50395,10.0,23.27051,0.2983494
-114.4775,-84.6035,10.0,30.55215,0.44605340000000004
-107.2833,-107.46799999999999,10.0,36.1245,0.44066179999999994
-116.7365,-128.6439,10.0,24.507720000000003,-0.40558299999999997
-131.80100000000002,-133.7432,10.0,19.39415,-0.3264873
-142.7437,-126.98,10.0,20.12529,0.3032864
-147.4097,-110.2612,10.0,23.71859,-0.1961629
-151.2946,-103.6015,10.0,5.771558,1.185913
-158.4794,-100.4705,10.0,14.56499,0.23988769999999998
-166.9267,-109.0561,10.0,20.71321,0.48578370000000004
-168.3318,-127.0292,10.0,27.80749,0.2496864
-168.9174,-150.2774,10.0,34.48082,0.28962940000000004
-168.2028,-177.1925,10.0,38.22931,0.3231925
-165.4818,-206.19099999999997,10.0,38.27762,-0.6027275
-163.9289,-231.6852,10.0,30.779770000000003,-0.49828500000000003
-159.2542,-251.0539,10.0,23.64263,-0.4676872
-145.9549,-259.5546,10.0,23.37698,0.23328379999999999
-131.1637,-252.1556,10.0,24.56709,0.2876933
-124.7946,-233.6732,10.0,28.17608,0.09684924
-126.6604,-211.8172,10.0,29.644540000000003,-0.4915504
-127.9654,-194.6872,10.0,16.81156,-0.1551115
-125.635,-184.4255,10.0,12.19461,-0.16866679999999998
-115.9628,-182.0165,10.0,17.130329999999997,0.3188382
-104.7459,-188.2248,10.0,18.11586,0.1353738
-103.1992,-202.1966,10.0,20.49868,0.18930970000000003
-104.2003,-218.1102,10.0,21.8058,-0.009605513000000001
-105.5845,-235.2811,10.0,26.52842,0.5032707000000001
-104.9078,-256.6733,10.0,29.893290000000004,-0.046946499999999995
-90.17088000000001,-272.0133,10.0,33.064840000000004,0.6277128000000001
-63.78464,-268.8307,10.0,38.59957,0.03905096
-49.53573,-245.7177,10.0,40.04175,0.6132501
-45.07285,-214.4589,10.0,43.40815,-0.6657929
-36.80338,-186.8492,10.0,34.640029999999996,-0.5830348000000001
-21.88596,-169.9078,10.0,27.254559999999998,-0.23690340000000001
-8.362158,-160.3071,10.0,13.65073,-0.1340453
0.736934,-153.957,10.0,19.96633,0.7676172
11.33422,-143.9826,10.0,19.98435,0.5217647
10.09419,-126.925,10.0,27.75599,0.3604501
-4.446494,-109.4995,10.0,33.4506,0.3670286
-10.27201,-84.82936,10.0,31.82017,-0.5215712
-9.497776,-60.66684,10.0,35.68469,0.45586899999999997
-5.965539,-32.08213,10.0,41.89735,0.425813
-1.8849360000000002,0.7778115,10.0,47.43558,0.16886489999999998
-10.54092,33.67185,10.0,42.96171,-0.06228174
-39.62447,45.1053,10.0,45.159729999999996,0.2950295
-74.98853000000001,44.297309999999996,10.0,50.44681,0.4124016
-113.7629,41.3063,10.0,50.60256,-1.469531
-143.422,32.9799,10.0,38.67971,-0.3376731
-145.85,7.1800820000000005,10.0,38.41388,0.43660329999999997
-141.8996,-22.576079999999997,10.0,40.7907,-1.756288
-149.8106,-47.097840000000005,11.0,35.39482,0.1259066
-168.7474,-65.82673,11.0,32.536590000000004,-0.8114374
-163.8717,-80.76584,11.0,19.82519,-0.2478794
-151.3653,-71.72695999999999,11.0,24.452170000000002,0.2809784
-133.0012,-73.30046,11.0,29.047729999999998,0.24334560000000002
-114.9172,-87.59872,11.0,30.1847,-0.5294418000000001
-109.4682,-110.2201,11.0,35.01549,0.3273689
-121.1875,-129.9044,11.0,26.775009999999998,-0.2436802
-140.7016,-128.7454,11.0,31.11748,0.08699582
-145.5347,-106.9982,11.0,22.01727,-3.2649779999999997
-152.6906,-100.8064,11.0,17.26647,1.005527
-165.7316,-107.6735,11.0,24.25675,0.1447369
-166.04,-127.6836,11.0,30.48133,0.2410757
-168.1732,-152.577,11.0,36.86715,0.21629740000000003
-166.8682,-182.002,11.0,42.83868,0.4381049
-164.0125,-215.8088,11.0,48.41932,0.05524805
-159.9512,-247.6951,11.0,35.20513,-1.337976
-143.0389,-259.941,11.0,30.10515,0.2116607
-127.8566,-246.4255,11.0,31.406229999999997,0.23004360000000001
-125.5308,-220.8549,11.0,37.49214,0.2018684
-127.8201,-193.5627,11.0,33.47485,0.12286079999999999
-114.096,-179.7792,11.0,25.7947,-0.200233
-107.2807,-194.7905,11.0,26.77445,0.25065429999999994
-105.6015,-216.8433,11.0,33.0729,0.425548
-107.2268,-243.5726,11.0,39.08708,0.3430522
-94.78469,-269.5072,11.0,39.81309,-0.42929529999999994
-65.89104,-269.5389,11.0,41.98659,0.2032656
-48.54173,-245.9667,11.0,42.58161,0.43146530000000005
-43.599090000000004,-212.6181,11.0,48.30788,0.4070468
-30.50788,-178.2748,11.0,51.702259999999995,0.05137537
-4.703115,-159.0426,11.0,34.14705,-0.3049496
11.02754,-142.7357,11.0,26.819359999999996,-0.6438243
8.8741,-125.5188,11.0,25.30777,0.22419250000000002
-3.709007,-108.4921,11.0,31.63897,0.1956405
-9.695594,-83.646,11.0,37.73207,0.2246803
-8.993607,-53.54671999999999,11.0,43.55526,0.20394479999999998
-2.9556709999999997,-19.70029,11.0,49.19693,0.3710314
-4.260886,18.31008,11.0,53.28398000000001,-0.475616
-26.173029999999997,44.61367,11.0,46.302820000000004,-0.1421779
-61.3123,43.06133,11.0,50.04658,0.41845779999999994
-100.3307,41.5149,11.0,55.36243,0.3682519
-137.3044,36.655190000000005,11.0,43.75233,-0.11744600000000001
-149.38299999999998,10.91367,11.0,40.29861,0.16713150000000002
-142.1249,-19.965510000000002,11.0,45.202659999999995,0.3250555
-149.4262,-48.2355,12.0,31.1574,-0.6171203000000001
-167.2544,-58.41262,12.0,27.591829999999998,-0.23193809999999998
-160.7491,-72.18448000000001,12.0,24.248079999999998,0.2637735
-140.6009,-71.42298000000001,12.0,30.4684,0.217955
-118.1245,-81.02403000000001,12.0,36.04659,0.15855550000000002
-106.5468,-105.5238,12.0,39.18342,-0.2780823
-117.0969,-125.6197,12.0,27.99815,0.7087916999999999
-134.2894,-133.0031,12.0,22.3242,-0.5992473
-145.8674,-122.1664,12.0,25.650270000000003,0.43942200000000003
-151.3679,-103.1432,12.0,23.77917,-1.8973520000000001
-165.1484,-103.7658,12.0,20.27035,0.33241770000000004
-167.4315,-122.5565,12.0,33.37265,1.103612
-168.8298,-149.7056,12.0,39.76615,0.39264109999999997
-167.0378,-181.2971,12.0,45.42993,0.19598729999999998
-164.9423,-216.9807,12.0,51.04998,0.38747059999999994
-159.0356,-251.1969,12.0,40.55965,-1.445863
-138.4318,-256.2848,12.0,27.472859999999997,0.9192077
-128.1619,-236.8404,12.0,32.67365,0.24488289999999996
-125.8763,-210.458,12.0,38.351209999999995,-0.2235636
-126.4869,-185.5896,12.0,31.83956,-0.5398123
-108.573,-183.1488,12.0,25.42172,-0.2030168
-109.6907,-201.4314,12.0,28.41495,0.412642
-109.9146,-224.8396,12.0,34.84629,0.4644563
-105.9477,-252.6475,12.0,40.929520000000004,0.3633393
-85.49129,-271.863,12.0,39.36752,0.06664274
-55.96876999999999,-264.6379,12.0,43.64334,-0.106196
-46.56941,-239.7624,12.0,33.461929999999995,-0.7390085
-53.36537,-220.9917,12.0,14.112779999999999,-3.14893
-53.19825,-215.7835,12.0,5.252608,-0.29624140000000004
-53.10479,-215.5806,12.0,4.2394870000000004,0.31479559999999995
-48.297290000000004,-218.831,12.0,12.03487,0.2573085
-42.21784,-211.0822,12.0,14.494660000000001,-0.1507021
-41.57134,-200.8442,12.0,17.56351,0.6845232
-37.79591,-185.4899,12.0,24.922279999999997,0.23942329999999998
-24.255020000000002,-169.8671,12.0,31.347620000000003,0.22718850000000002
-2.4530279999999998,-156.4757,12.0,37.67918,0.4100781
12.41704,-135.428,12.0,30.6768,-0.9289914
2.43699,-115.5714,12.0,36.09916,1.2873
-9.922032000000002,-85.81553000000001,12.0,51.27527,0.6451701999999999
-7.5151449999999995,-46.355109999999996,12.0,55.88383,0.384179
-2.2015919999999998,-3.620968,12.0,59.658669999999994,-0.40729640000000006
-8.529312,28.86852,12.0,31.445240000000002,0.8795795
-28.48149,44.90225,12.0,37.46444,0.24948789999999998
-57.84425,44.27554,12.0,42.57885,0.41113
-91.52946,43.90102,12.0,48.2218,0.3811531
-128.2346,39.89605,12.0,48.39245,-0.5314552
-153.5269,21.683239999999998,12.0,26.77001,-0.9602593
-153.8292,12.548739999999999,12.0,0.2125476,-0.08136006
-150.3449,12.3318,12.0,8.995281,0.5958348000000001
-146.4852,4.209186,12.0,16.63334,0.5469105
-145.0154,-10.82618,12.0,23.94906,0.25797470000000006
-142.0559,-30.91137,12.0,30.73992,0.22040879999999996
-142.6196,-37.62901,13.0,10.3452,0.6111977
-147.637,-46.7585,13.0,17.94203,0.2624677
-161.1329,-55.0632,13.0,24.8668,0.1885415
-166.2897,-70.00768000000001,13.0,19.4793,-0.27307070000000006
-155.1395,-76.24429,13.0,19.62145,0.4151965
-140.2659,-72.58681,13.0,19.15185,-0.38106690000000004
-124.99799999999999,-74.51695,13.0,24.62817,0.24187270000000002
-110.3178,-88.10694000000001,13.0,30.486320000000003,0.3940829
-108.0751,-111.8756,13.0,35.18262,0.1316491
-126.5186,-131.0678,13.0,38.70235,0.07498126
-145.7458,-126.2031,13.0,16.911579999999997,-0.9158902
-142.496,-122.9846,13.0,9.070425,0.5695657
-138.6888,-122.4374,13.0,3.604682,0.5343674
-143.6338,-124.5101,13.0,10.138530000000001,-0.12974180000000002
-145.529,-129.0877,13.0,1.550243,-0.7667871999999999
-145.0148,-126.7404,13.0,7.885655,0.6615803000000001
-140.8493,-118.7459,13.0,16.267889999999998,0.5342821999999999
-142.9388,-104.7664,13.0,23.2585,0.4732991
-159.0374,-98.70058,13.0,24.64224,-0.6297429
-167.112,-113.4114,13.0,27.783759999999997,0.5221385000000001
-167.7497,-136.6201,13.0,34.84639,0.5184293
-167.702,-165.0653,13.0,41.5278,0.2285266
-167.9538,-198.1781,13.0,47.82414,0.4357754
-167.1906,-235.6547,13.0,51.23189,-1.0547520000000001
-145.1833,-257.6365,13.0,41.41968,-0.4847612
-127.4041,-244.6873,13.0,30.60173,0.5438245
-127.8864,-218.437,13.0,40.34514,0.2438788
-127.3306,-190.4314,13.0,24.41607,-2.41794
-119.8365,-181.8454,13.0,14.705910000000001,0.529328
-108.0708,-187.0417,13.0,22.478170000000002,0.4805937
-104.8615,-205.6491,13.0,29.27088,0.24589160000000002
-107.9533,-229.7383,13.0,36.208890000000004,0.4316427
-101.1635,-257.2357,13.0,41.34668,0.1525279
-75.61646,-272.6987,13.0,42.61756,0.007356315
-51.52852,-255.3573,13.0,42.5608,0.05032641
-48.3559,-222.5188,13.0,46.66088,-0.168327
-38.549609999999994,-192.4511,13.0,43.559090000000005,0.3957403
-15.484620000000001,-167.1006,13.0,49.31836,0.2133009
7.951979,-137.606,13.0,48.42969,-0.9902601999999999
1.346717,-109.6236,13.0,34.13476,-0.6214398
-8.716378,-91.59573,13.0,30.643179999999997,0.344826
-6.034232,-66.46423,13.0,37.52312,0.24235
-5.32254,-36.23216,13.0,44.06459,0.46325299999999997
-3.784768,-1.30292,13.0,50.181059999999995,0.43238190000000004
-10.768889999999999,33.77563,13.0,41.66659,-0.8969862
-31.2949,40.34292,13.0,20.508860000000002,-1.8648799999999999
-35.07965,32.58403,13.0,0.2321467,0.3693132
-35.13432,32.59049,13.0,0.06032041,0.006594332
-35.14548,32.6546,13.0,1.33436,0.9037753000000001
-34.11053,36.66145,13.0,9.480177000000001,0.49986620000000004
-32.41223,43.63604,13.0,5.595553,-0.37774179999999996
-32.39686,44.2511,13.0,3.5804970000000003,0.31207290000000004
-36.81172,41.20012,13.0,11.4651,0.5078321
-47.5952,44.00233,13.0,18.70615,0.25295839999999997
-63.905840000000005,45.0565,13.0,25.41837,0.2411567
-84.92876,42.125659999999996,13.0,31.805709999999998,0.4520344
-110.6928,43.04762,13.0,37.6089,0.1786178
-138.1784,34.81273,13.0,38.896029999999996,-0.546024
-147.8857,9.287038,13.0,39.96707,0.3919694
-144.6239,-22.12894,13.0,45.26462,0.3393921
-151.6778,-52.31622,14.0,33.449259999999995,-1.385759
-163.0734,-67.91672,14.0,22.75305,0.2857119
-147.6108,-75.71839,14.0,28.0321,0.4587535
-125.3619,-79.20065,14.0,33.10191,0.3198106
-109.98200000000001,-99.28548,14.0,36.76101,0.08008045
-118.0695,-124.9425,14.0,38.8965,0.04960778
-141.9863,-129.9289,14.0,26.758359999999996,-1.006941
-145.7113,-120.1709,14.0,2.153689,-1.13873
-146.5395,-119.1874,14.0,1.912237,-0.008594507
-147.3609,-118.1915,14.0,1.527517,-0.01975561
-148.7438,-117.3693,14.0,4.1612,0.10031389999999998
-150.975,-117.4877,14.0,0.41695059999999995,0.7700584
-147.8628,-115.4882,14.0,9.417347,0.6471560000000001
-144.6852,-106.456,14.0,17.30311,0.49380680000000005
-154.9215,-96.74258,14.0,23.07422,0.2605414
-167.7281,-107.4936,14.0,26.90485,0.3568877
-166.3213,-129.7348,14.0,33.58854,0.2537386
-166.7369,-157.1704,14.0,40.43744,0.49170410000000003
-167.0749,-189.5491,14.0,46.88982,0.4512816
-166.7108,-226.507,14.0,52.57759,-0.1229617
-152.3521,-253.5314,14.0,31.17105,-2.0308770000000003
-141.6587,-252.3078,14.0,4.762231,-0.2881207
-141.191,-249.7512,14.0,2.923769,0.16832049999999998
-136.7579,-248.0461,14.0,10.66907,0.08987003
-127.5218,-251.6695,14.0,13.4617,-0.3217469
-121.1133,-247.9429,14.0,10.60507,0.6704803
-123.3843,-237.0956,14.0,19.50238,0.2896072
-126.4192,-220.0226,14.0,27.18948,0.2730267
-127.8326,-197.2031,14.0,34.446529999999996,0.4812969
-115.9353,-179.0166,14.0,27.408440000000002,-0.7205824000000001
-105.2946,-190.9493,14.0,29.23015,1.300452
-107.3648,-220.0142,14.0,49.29438,0.6802779999999999
-99.25444,-259.2411,14.0,52.96901,-0.6812645
-68.93588000000001,-271.7768,14.0,46.65847,0.172483
-48.23595,-249.1341,14.0,43.22364,0.09794167
-48.449729999999995,-215.50599999999997,14.0,47.69785,0.1732771
-30.20713,-183.8902,14.0,52.156259999999996,0.18064929999999998
-1.070511,-155.5905,14.0,56.63482,-0.37036679999999994
9.038219,-124.1217,14.0,31.0083,-0.9462988000000001
-2.82232,-107.6899,14.0,28.42478,0.2165542
-5.668622,-84.60268,14.0,34.96159,0.2545323
-3.341008,-56.23689,14.0,41.75504,0.2244833
-2.231484,-22.886960000000002,14.0,48.11629,0.21476370000000003
-3.620626,14.900770000000001,14.0,52.95993000000001,-0.6615435000000001
-21.99545,41.6945,14.0,43.307629999999996,-0.13452750000000002
-55.0375,40.57653,14.0,47.45715,0.1875218
-92.41721,40.20149,14.0,53.44838000000001,0.42097170000000006
-131.1944,40.12519,14.0,43.821659999999994,-1.8897529999999998
-145.389,24.1195,14.0,14.9418,-1.37061
-143.5388,22.85949,14.0,6.12132,0.3353414
-141.2415,25.53196,14.0,1.6930669999999999,-0.9694450000000001
-143.0877,23.1419,14.0,7.96097,0.4003883
-148.8243,21.73774,14.0,4.872212,-0.7860847
-148.7488,21.59967,14.0,4.9881459999999995,0.6961094
-143.684,16.8191,14.0,13.858839999999999,0.3176549
-140.80200000000002,3.991935,14.0,22.04276,0.2926143
-141.9182,-15.32513,14.0,29.963890000000003,0.5470616999999999
-141.8196,-35.235620000000004,1.0,5.766991,-0.07660053
-142.3829,-42.19553,1.0,14.113829999999998,0.6177911
-150.0598,-52.97755,1.0,22.379379999999998,0.5878637
-163.0541,-66.08088000000001,1.0,27.33418,-0.1846146
-151.1154,-76.27441,1.0,23.8657,-0.0027902070000000003
-137.1691,-69.02131,1.0,12.680060000000001,-2.223789
-135.8648,-68.27856,1.0,0.025991000000000004,0.001078379
-135.8459,-68.28134,1.0,0.02532361,-0.0002696888
-135.829,-68.28349,1.0,0.01235062,-0.02890879
-136.0781,-69.65939,1.0,4.414903,-0.14308410000000002
-135.7045,-72.97927,1.0,4.316389,-0.05525079
-136.1684,-75.75761999999999,1.0,3.5150379999999997,-0.02336338
-136.3794,-76.15324,1.0,4.028364,0.6914107
-130.2901,-75.03201999999999,1.0,12.906089999999999,0.3352819
-119.5419,-80.60641,1.0,20.5176,0.5553728
-111.7289,-96.94029,1.0,28.25188,0.25358569999999997
-113.3519,-119.4166,1.0,34.055679999999995,0.38501599999999997
-134.2983,-133.3406,1.0,34.16077,-1.156815
-146.7493,-121.09899999999999,1.0,22.099079999999997,-0.1345449
-138.485,-109.1437,1.0,7.5194589999999994,-1.285907
-138.458,-108.7206,1.0,0.02432653,-0.004750506
-138.4588,-108.7373,1.0,0.02321498,0.01278732
-140.3921,-108.1516,1.0,7.111811,0.673878
-145.4212,-110.3741,1.0,5.438464,-0.7449315
-145.0244,-109.4518,1.0,6.1509849999999995,0.6535903000000001
-145.3981,-101.9921,1.0,14.49035,0.5324166
-155.8539,-95.67728000000001,1.0,17.15156,-0.1962036
-164.8275,-101.4812,1.0,16.4255,0.6372736
-167.2524,-119.1523,1.0,30.90669,0.8259561
-167.9041,-144.7912,1.0,39.277429999999995,0.7634788
-164.0219,-172.1776,1.0,33.926,-0.2585393
-167.9426,-195.3723,1.0,34.50678,1.4470459999999998
-166.6736,-224.3105,1.0,37.61981,-0.282497
-160.3953,-247.385,1.0,27.71265,-0.8318644000000001
-141.4731,-250.1251,1.0,29.28905,0.09570123
-122.4143,-239.255,1.0,26.978590000000004,-0.7268340999999999
-129.6971,-224.1668,1.0,25.754820000000002,-0.08286438
-125.2329,-209.2915,1.0,21.39069,-0.42052259999999997
-124.1603,-196.0792,1.0,18.10887,-0.04956337
-122.0445,-185.3619,1.0,14.85914,0.5973415
-111.1683,-188.675,1.0,16.77414,-0.3412085
-110.1316,-199.8132,1.0,14.03731,-0.09206415
-109.6944,-211.8752,1.0,20.21272,0.2990175
-107.8407,-229.6515,1.0,27.948109999999996,0.5494876999999999
-103.3401,-252.5008,1.0,34.8083,0.41401579999999993
-83.98881999999999,-270.5718,1.0,38.69092,0.16482449999999998
-57.867090000000005,-262.1368,1.0,39.5444,0.05568555
-51.899229999999996,-233.5298,1.0,42.658559999999994,0.1792993
-40.814859999999996,-202.321,1.0,47.72648,0.18446279999999998
-17.11126,-173.6217,1.0,53.22701,0.4226415
7.228713000000001,-140.1318,1.0,58.35181,0.10554960000000001
11.10635,-108.4193,1.0,20.47167,-3.89425
9.894546,-104.3174,1.0,0.6293054,-0.01535963
9.951658,-104.3707,1.0,2.2405060000000003,0.6596763000000001
13.323529999999998,-106.5596,1.0,8.00365,0.33064099999999996
18.2606,-107.0027,1.0,2.729308,-0.37412399999999996
16.90403,-107.4192,1.0,6.380226,0.6318699000000001
9.78046,-110.626,1.0,14.34075,0.4508144
0.08227898,-107.631,1.0,18.35166,0.4221579000000001
1.27054,-91.58324,1.0,25.176029999999997,0.38869109999999996
-4.200389,-71.27789,1.0,31.823959999999996,0.2336203
-5.783739,-45.23917,1.0,38.50911,0.22572260000000002
-6.423862000000001,-14.349129999999999,1.0,44.86611,0.4436516
-6.968252000000001,21.04891,1.0,48.8513,-1.300141
-18.05446,44.03909,1.0,18.447589999999998,-2.272374
-27.30288,39.62623,1.0,17.35523,0.5116404
-42.34861,38.586009999999995,1.0,24.416539999999998,0.5406204000000001
-62.9871,39.68766,1.0,31.4905,0.2553394
-88.90214,39.65667,1.0,38.30028,0.2171163
-119.6296,40.57593,1.0,44.68217,0.4459879
-143.5812,32.16888,1.0,24.18402,-1.3008790000000001
-140.7623,24.60685,1.0,8.503923,0.5538645999999999
-137.7517,24.25732,1.0,0.07432683,0.02873429
-137.7517,24.21408,1.0,0.0534371,-0.004669974
-139.4292,24.59188,1.0,5.896024,0.3155004
-146.0599,24.11871,1.0,11.04732,-0.02602095
-151.0656,25.38251,1.0,1.989656,-0.691104
-149.518,24.48722,1.0,6.647834,0.5820109
-147.1239,17.38606,1.0,14.214089999999999,0.4868563
-151.9727,5.378464,1.0,20.56781,0.177668
-148.2005,-11.686,1.0,27.014979999999998,0.48703090000000004
-146.0805,-33.94379,2.0,33.316109999999995,0.41039970000000003
-159.5519,-52.16624,2.0,33.2539,0.05284527
-164.7126,-70.36031,2.0,23.33289,-1.074293
-156.3274,-70.2206,2.0,8.459506,0.1911287
-155.7043,-68.52741,2.0,0.05801763,-0.01488839
-155.6837,-68.55219,2.0,0.6472076,0.3764985
-156.238,-71.38351,2.0,5.205908,-0.04819188
-156.8553,-74.85645,2.0,3.08196,-0.7376335
-155.7955,-73.9058,2.0,6.689045,0.6701078
-147.9021,-73.70321,2.0,15.414979999999998,0.5880482
-136.2961,-81.53845,2.0,20.0738,-0.3573647
-123.2949,-85.03126,2.0,17.223570000000002,0.1704771
-112.0087,-98.76462,2.0,31.00797,0.36720749999999996
-116.085,-120.5271,2.0,32.450990000000004,0.5120348
-136.4829,-130.6518,2.0,29.433609999999998,-1.094182
-144.4966,-118.7677,2.0,20.741789999999998,0.414642
-140.1667,-104.8345,2.0,18.348879999999998,0.1635295
-154.0739,-101.9332,2.0,21.13958,-0.1837208
-161.0026,-111.8799,2.0,16.6276,-0.1429591
-163.2421,-124.4455,2.0,18.96614,0.13858779999999998
-165.4113,-141.8405,2.0,27.82655,0.28867370000000003
-165.3062,-165.3519,2.0,35.49338,0.26006910000000005
-165.6439,-194.4264,2.0,42.71225,0.517863
-165.5997,-228.5424,2.0,49.2406,0.01859751
-157.0372,-249.9424,2.0,22.45337,0.4319111
-138.1907,-251.7884,2.0,29.65055,0.5094963
-125.2775,-238.47299999999998,2.0,24.26274,-0.2460435
-126.3526,-217.9309,2.0,33.23615,0.4779242
-126.3078,-191.5356,2.0,30.33923,-3.2674369999999997
-119.2673,-183.9463,2.0,12.58336,0.5906887
-111.134,-191.1017,2.0,19.53349,0.5815374
-109.6266,-208.5711,2.0,27.6549,0.5722576
-107.0147,-231.7646,2.0,35.31102,0.5421892
-98.258,-258.8793,2.0,41.59669,0.3036724
-72.04611,-269.9977,2.0,40.23025,0.09967373
-49.97403,-250.2184,2.0,42.3337,-0.02559869
-48.83578,-217.8106,2.0,46.60648,0.19027529999999998
-32.37319,-186.6171,2.0,50.8713,0.4688917
-5.155948,-157.2843,2.0,56.97275,0.4266376
8.793045,-128.1988,2.0,23.42907,-2.712486
-0.4625857,-117.0201,2.0,23.07333,0.5432333
-6.63742,-98.82754,2.0,30.089609999999997,0.2763873
-6.650798,-73.72363,2.0,37.56256,0.2540702
-6.804065,-43.25991,2.0,44.629090000000005,0.5069389
-7.261999,-7.7043669999999995,2.0,51.25942,0.4634044
-9.012874,31.1179,2.0,46.88292,-1.661026
-24.28197,46.17335,2.0,13.0465,-1.280589
-25.54424,44.29076,2.0,6.325413,0.6349023
-30.67646,39.69728,2.0,14.500160000000001,0.2731865
-43.16111,45.21691,2.0,22.572,0.2550266
-62.07283,44.912259999999996,2.0,29.714440000000003,0.5615151999999999
-86.76785,41.910959999999996,2.0,37.20308,0.2559512
-116.9379,40.94247,2.0,44.2318,0.48015379999999996
-146.7356,31.0474,2.0,33.90355,-2.3840380000000003
-149.691,18.8629,2.0,2.23069,-1.1449
-145.8364,19.00143,2.0,9.749373,0.5903104
-143.924,9.735909,2.0,17.8278,0.28613099999999997
-151.2058,-4.2588230000000005,2.0,24.34163,0.1077594
-146.2823,-24.084970000000002,2.0,31.165979999999998,0.4844388
-142.6846,-38.10672,3.0,11.915939999999999,-0.08573905
-146.1686,-46.07792,3.0,14.08087,0.9836913
-156.1563,-53.11045,3.0,15.849879999999999,-0.23464110000000002
-165.5873,-57.09066,3.0,12.19565,-0.3452981
-165.7283,-64.61925,3.0,9.412044999999999,-0.02354557
-158.5201,-71.77418,3.0,18.02757,0.24146279999999998
-142.4592,-71.94001999999999,3.0,25.62227,0.49485
-122.7762,-79.16499,3.0,27.771420000000003,-0.4662367
-110.3027,-92.6898,3.0,23.07478,-0.05114461
-108.6238,-112.3749,3.0,26.69278,-0.2039769
-116.7606,-127.7241,3.0,21.2106,-0.3389952
-131.6895,-133.83,3.0,25.275170000000003,-0.27441550000000003
-143.5505,-122.4468,3.0,28.794240000000002,1.130767
-153.2219,-104.6247,3.0,21.0244,-0.9322046999999999
-164.50599999999997,-107.8802,3.0,19.88714,0.49735799999999997
-167.9866,-125.0177,3.0,27.702709999999996,0.28434840000000006
-169.9275,-148.3259,3.0,35.238459999999996,0.25978989999999996
-167.4653,-176.9166,3.0,42.240359999999995,0.5118977
-165.1598,-210.6384,3.0,48.87386,0.48111640000000006
-162.5705,-246.292,3.0,43.65338,-1.419546
-143.6817,-258.668,3.0,26.02554,-0.7677868
-128.4894,-244.7853,3.0,31.623790000000003,0.1624098
-127.2051,-220.5695,3.0,36.550779999999996,0.24886479999999997
-127.0311,-194.2235,3.0,33.46317,-0.1258555
-116.0293,-178.4329,3.0,23.56394,-0.4430473
-109.3887,-190.0278,3.0,23.28773,0.2921408
-106.3985,-209.1555,3.0,30.22152,0.5184976
-105.2177,-231.6911,3.0,28.497870000000002,-0.3786251
-105.5084,-253.5655,3.0,35.00825,0.41936270000000003
-88.12468,-271.7213,3.0,36.220490000000005,0.003753293
-64.84940999999999,-268.7803,3.0,18.429489999999998,-0.8621482
-56.663109999999996,-267.1132,3.0,4.678522,-0.46894179999999996
-56.84406,-267.1884,3.0,1.880295,-0.08432069
-56.93719,-267.1899,3.0,2.5677689999999997,0.5451424
-54.36116,-264.1211,3.0,7.2693710000000005,0.15722020000000003
-49.24863,-262.67900000000003,3.0,7.044703999999999,-0.7737381999999999
-48.43922,-263.2612,3.0,3.683706,0.6597743
-50.18063,-257.6732,3.0,12.12829,0.5703498
-47.536640000000006,-246.0237,3.0,20.11733,0.5417999
-44.37526,-228.6264,3.0,27.553079999999998,0.2499596
-41.77536,-205.6768,3.0,34.61282,0.2349101
-31.067090000000004,-181.327,3.0,39.016690000000004,0.2258525
-10.200289999999999,-160.7657,3.0,32.162240000000004,-0.8081805999999999
4.083247,-149.4916,3.0,21.04464,-0.36581529999999995
11.6409,-138.3544,3.0,16.07982,-0.3358045
9.814072,-127.4014,3.0,17.18143,0.28977090000000005
0.5428106,-115.0394,3.0,24.58245,0.2477895
-7.629086999999999,-95.82766,3.0,31.62511,0.5003808
-10.47513,-70.24207,3.0,38.11006,0.23029589999999997
-7.092931,-39.754059999999996,3.0,44.438520000000004,0.45383500000000004
-3.452613,-6.900204,3.0,41.60029,-0.31517080000000003
-4.442404,12.410739999999999,3.0,11.06672,-1.8858400000000002
-5.100812,16.4106,3.0,7.715378,0.6373776999999999
-7.1232,25.07951,3.0,16.2219,0.5890010999999999
-14.90345,37.43675,3.0,23.58861,0.2396706
-33.31535,44.946290000000005,3.0,30.30945,0.1996464
-58.26215,44.72012,3.0,37.16133,0.4879674
-88.24343,43.37854,3.0,43.799929999999996,0.48483409999999993
-121.9419,40.287009999999995,3.0,44.55278,-0.30827899999999997
-148.219,29.311740000000004,3.0,35.95815,-0.5726629
-144.5696,5.999169,3.0,34.52641,0.1399
-145.1753,-20.98409,3.0,39.68336,0.4548394
-147.5823,-49.531490000000005,4.0,29.655009999999997,-2.680027
-161.3843,-54.4412,4.0,19.73425,0.01846664
-167.1842,-64.9277,4.0,20.83751,0.34389200000000003
-152.0596,-72.67177,4.0,26.92768,0.5001101
-130.17600000000002,-76.05303,4.0,33.37243,0.4959443
-111.2732,-94.21785,4.0,38.70675,0.3208506
-113.956,-120.9049,4.0,37.513490000000004,0.04998131
-136.1382,-132.046,4.0,33.28609,-0.42221090000000006
-144.3718,-113.5045,4.0,30.94995,0.44374840000000004
-152.5721,-98.79793000000001,4.0,16.81345,-0.4226156
-164.0723,-105.9051,4.0,23.02542,0.4627463
-168.5816,-124.9859,4.0,30.213420000000003,0.5090644
-170.3016,-149.8281,4.0,37.02306,0.24009650000000002
-167.4363,-179.6518,4.0,43.672709999999995,0.22805029999999998
-164.2086,-214.2334,4.0,49.4744,0.007830523
-161.4785,-246.7118,4.0,28.53554,-3.007207
-150.1714,-256.2033,4.0,18.99428,1.271608
-133.8315,-255.6153,4.0,24.96242,0.09036598
-126.27,-236.5305,4.0,31.286559999999998,0.24020999999999998
-127.7251,-211.4353,4.0,37.45905,0.4606867
-124.0777,-183.2384,4.0,38.31785,-0.8105683000000001
-102.4926,-179.8378,4.0,27.490840000000002,-0.8201702
-104.5401,-194.1578,4.0,21.821920000000002,0.1743355
-114.5643,-201.2643,4.0,4.256698,-1.8959869999999999
-114.5551,-201.5556,4.0,0.0041749429999999995,-0.01704965
-113.8553,-201.7307,4.0,3.5166839999999997,0.1876046
-110.23100000000001,-200.1214,4.0,7.13625,0.04240201
-109.6801,-198.2919,4.0,1.482041,0.5299301
-109.1702,-202.0531,4.0,8.688275,0.2519965
-107.3371,-210.8962,4.0,15.509529999999998,0.4733786
-105.3253,-224.5911,4.0,21.80612,0.2243912
-105.9635,-242.9787,4.0,27.687829999999998,0.3855442
-99.36867,-263.6689,4.0,31.96865,0.112693
-77.32395,-271.8927,4.0,34.51186,0.29901459999999996
-53.811530000000005,-260.3336,4.0,37.23588,-0.0398735
-49.3331,-233.1227,4.0,39.6595,0.3588314
-43.43177,-202.993,4.0,43.84179,0.16655029999999998
-24.952170000000002,-175.3057,4.0,46.79055,0.02305541
-1.328317,-154.3257,4.0,30.862509999999997,-2.3694040000000003
10.44185,-142.5427,4.0,18.562839999999998,-0.4829899
11.35035,-129.82299999999998,4.0,22.6039,0.5189463
-0.0922111,-114.8988,4.0,28.163359999999997,0.35798959999999996
-8.280756,-93.7855,4.0,33.26636,0.1896981
-10.54158,-67.43998,4.0,38.297940000000004,0.364929
-6.1899809999999995,-37.63557,4.0,43.04423,0.343185
-1.472896,-4.413238,4.0,47.43715,0.2076549
-7.972294000000001,28.294390000000003,4.0,30.35473,-3.350515
-23.73307,41.651309999999995,4.0,30.70157,0.32550759999999995
-48.0256,43.65345,4.0,35.60287,0.384947
-76.28152,43.304759999999995,4.0,40.650909999999996,0.1661757
-107.9054,41.394940000000005,4.0,43.53557,-0.05625376
-134.6536,37.97952,4.0,19.77705,-3.464665
-144.327,31.516740000000002,4.0,18.33295,0.21601350000000002
-148.0701,16.423820000000003,4.0,24.06997,0.20390279999999997
-145.0136,-3.271106,4.0,29.78497,0.20007120000000003
-141.5906,-27.08851,4.0,34.95213,0.1577165
-149.4496,-48.0345,5.0,26.18207,-0.1470655
-166.9841,-58.47877,5.0,25.91069,-1.301966
-162.9298,-69.52551,5.0,17.11701,-0.4543920999999999
-149.7464,-70.87886,5.0,21.82793,0.44398329999999997
-131.8862,-75.19694,5.0,27.74118,0.4106898
-113.2137,-87.00319,5.0,32.35692,0.2542941
-108.7432,-110.5839,5.0,34.28362,-0.206504
-121.0077,-130.8923,5.0,31.63833,-0.2027155
-139.0909,-129.6422,5.0,23.15617,0.1013461
-145.4346,-112.3363,5.0,27.544209999999996,0.3113937
-160.6437,-100.35,5.0,22.665029999999998,-1.347976
-164.6788,-110.2088,5.0,16.50329,0.1429788
-166.5792,-124.7604,5.0,23.41165,0.6113619
-168.1916,-148.162,5.0,41.08761,1.389617
-165.8281,-182.1463,5.0,49.009190000000004,0.366374
-164.3155,-218.0645,5.0,38.82248,-1.296578
-163.453,-236.9964,5.0,19.68441,-0.15627149999999998
-160.447,-249.173,5.0,14.716339999999999,0.1108098
-150.9743,-258.1358,5.0,23.20919,0.6021065
-133.1922,-255.2115,5.0,29.45823,0.5218586
-125.3352,-230.4394,5.0,40.22808,0.4211079000000001
-128.4752,-202.0234,5.0,28.275159999999996,-1.313602
-126.1225,-187.2534,5.0,16.71707,-0.5132808
-114.694,-182.1147,5.0,22.03963,0.6878526999999999
-102.8534,-193.7156,5.0,26.26793,0.43053359999999996
-103.1472,-216.7284,5.0,35.235240000000005,0.322311
-105.6385,-243.6266,5.0,35.26705,-0.33933709999999995
-99.63880999999999,-265.2515,5.0,29.01752,0.9171517
-78.03395,-272.0261,5.0,33.40855,0.2976525
-55.46119,-261.116,5.0,35.84089,0.02116401
-48.49917,-234.3886,5.0,39.70299,0.3496343
-43.57793,-203.5989,5.0,44.43092,0.305512
-27.122020000000003,-174.2819,5.0,47.37982,0.2595621
-5.170839,-157.50799999999998,5.0,15.393460000000001,-1.613716
2.7456099999999997,-152.2384,5.0,10.523660000000001,-0.32297729999999997
7.616761,-148.2194,5.0,6.813215,-0.1372201
11.81753,-142.8513,5.0,12.57901,0.4655112
12.27635,-131.5763,5.0,18.659860000000002,0.22069120000000003
3.473668,-118.2626,5.0,24.6215,0.4344715
-5.973999,-100.4475,5.0,30.0855,0.20093270000000002
-10.5582,-76.6142,5.0,35.316320000000005,0.1762445
-7.894100999999999,-48.82235,5.0,40.15977,0.166403
-2.5663560000000003,-17.76071,5.0,44.93,0.3530615
-2.8317259999999997,13.01828,5.0,32.673809999999996,-1.548075
-6.886202000000001,25.525,5.0,9.720742,0.8215756999999999
-12.48288,34.99624,5.0,18.48007,0.41937529999999995
-25.77896,43.220259999999996,5.0,24.208000000000002,0.1894651
-45.55785,45.31588,5.0,29.768859999999997,0.41142349999999994
-69.63965999999999,44.73576,5.0,35.23085,0.3793457
-97.64707,43.31892,5.0,40.33379,0.3445785
-126.4009,40.32986,5.0,33.92385,-1.664764
-141.4916,34.73111,5.0,22.021620000000002,0.34400549999999996
-147.95,17.92379,5.0,27.24355,0.3795708
-144.8148,-3.818,5.0,32.5108,0.4042228
-141.9706,-29.168390000000002,5.0,31.69445,-1.051441
-145.5785,-43.746970000000005,6.0,11.797189999999999,-0.0638928
-153.7103,-53.07501,6.0,18.91943,-0.45499350000000005
-164.3608,-58.136669999999995,6.0,13.09079,-0.4160130999999999
-164.4043,-68.01106,6.0,18.93161,0.7319336999999999
-148.2921,-72.19299000000001,6.0,29.98605,0.5424159000000001
-123.3171,-78.67448,6.0,40.497209999999995,0.6873676
-109.2173,-102.4587,6.0,35.7447,-0.4589776
-116.4032,-117.4756,6.0,11.41323,-0.35301209999999994
-119.9834,-127.17200000000001,6.0,19.816779999999998,0.7782979999999999
-130.6402,-134.1925,6.0,19.160079999999997,0.22772759999999997
-143.2398,-125.4847,6.0,24.414839999999998,0.47188599999999997
-147.2229,-107.5852,6.0,16.1867,-2.039469
-152.0061,-102.9587,6.0,9.04383,0.669654
-161.4472,-101.0417,6.0,16.501170000000002,-0.2080516
-167.0028,-111.6688,6.0,21.1353,1.040563
-168.3883,-132.4585,6.0,34.88157,0.8054363
-168.5654,-162.8282,6.0,46.58525,0.7907647
-165.6231,-200.8737,6.0,55.19011999999999,-0.2984712
-163.49,-237.7343,6.0,43.71526,-1.372763
-152.165,-257.7988,6.0,25.82039,-0.6969890000000001
-136.2555,-255.6232,6.0,18.998929999999998,0.000363922
-126.6447,-242.3752,6.0,25.95509,0.3728656
-125.2206,-221.2755,6.0,31.32746,0.3778373
-128.8305,-196.4192,6.0,34.5765,-1.429239
-121.8982,-182.4181,6.0,18.25838,0.38940690000000006
-107.9126,-187.0807,6.0,23.07672,0.31837150000000003
-102.5731,-204.8481,6.0,28.11403,0.20305379999999998
-104.4672,-227.6986,6.0,33.61195,0.3808382
-105.1387,-254.3512,6.0,38.38658,0.1114636
-87.26236999999999,-272.6745,6.0,34.68332,-1.0563420000000001
-65.57365,-268.4527,6.0,26.01132,-0.5045255
-51.78092,-258.949,6.0,24.37864,0.30096890000000004
-47.08129,-238.2925,6.0,31.6349,0.20106870000000002
-43.84695,-213.062,6.0,36.95663,0.1840376
-37.0662,-185.0449,6.0,40.758829999999996,0.04813807
-13.84847,-165.2864,6.0,38.5535,-1.474104
0.7594475,-154.1239,6.0,13.838470000000001,-0.3518892
7.802094,-148.2198,6.0,12.197389999999999,0.1966683
12.71692,-138.8707,6.0,17.97837,0.6618432
7.3550580000000005,-123.8808,6.0,26.9234,0.9513946
-6.001106,-102.7712,6.0,41.09648,1.0100200000000001
-9.509473,-67.71176,6.0,54.06286,0.8820714
-3.493504,-24.60651,6.0,61.42211999999999,0.2173174
-3.7081480000000004,14.669629999999998,6.0,35.06438,-3.107181
-9.983433,31.03695,6.0,21.58994,0.2179759
-24.172639999999998,42.64428,6.0,30.1982,0.807836
-51.20033,45.27037,6.0,44.25074,1.1168209999999998
-89.3792,43.70047,6.0,58.27946,0.9297351
-122.1737,40.35026,6.0,20.41669,-2.857751
-132.4372,38.30803,6.0,13.77157,0.4727802
-145.1494,31.07262,6.0,23.9315,0.2225053
-147.3587,11.9205,6.0,28.98204,0.4054084
-143.2692,-11.186689999999999,6.0,34.392109999999995,0.2015739
-141.8988,-34.01807,7.0,6.570883,0.25416479999999997
-142.9368,-41.43189,7.0,13.492239999999999,0.4621675
-150.4025,-50.735490000000006,7.0,19.4635,0.4086885
-164.7892,-58.215619999999994,7.0,23.388939999999998,-0.295197
-167.0537,-71.29500999999999,7.0,15.77464,-0.10835650000000001
-156.9817,-77.09621,7.0,17.872020000000003,0.2613921
-143.0536,-73.72099,7.0,20.04739,0.07345773
-127.3201,-74.71666,7.0,23.09111,0.33414299999999997
-112.0063,-87.7478,7.0,30.71292,0.1355973
-109.1465,-110.9358,7.0,34.185390000000005,0.09850673
-126.1343,-129.8084,7.0,36.78106,0.1525906
-146.9812,-125.67200000000001,7.0,20.45456,-1.6540979999999998
-144.0014,-117.0485,7.0,10.035639999999999,0.2351325
-145.2977,-106.67299999999999,7.0,17.555310000000002,-0.2550461
-156.2155,-101.3646,7.0,19.04406,0.5227845999999999
-166.07299999999998,-111.3663,7.0,19.94383,-0.04002915
-165.9097,-126.9392,7.0,24.09976,0.2993555
-168.3664,-148.9162,7.0,36.88722,1.012787
-169.7302,-181.1332,7.0,49.81997,0.8284147
-169.588,-220.5785,7.0,51.05361,-0.45033670000000003
-161.1675,-249.2053,7.0,30.792890000000003,-0.4306331
-143.4411,-254.36,7.0,22.043129999999998,-0.3301794
-128.7133,-247.8141,7.0,23.4464,0.2482978
-125.8745,-227.9315,7.0,31.6846,0.19073829999999997
-126.1796,-202.4249,7.0,37.0265,0.1782536
-120.6256,-180.525,7.0,17.21416,-0.9262253
-111.2365,-184.3602,7.0,18.69749,0.3903103
-109.1216,-200.1952,7.0,24.65085,0.4285445
-108.735,-220.6051,7.0,30.43233,0.40550729999999996
-107.5107,-245.0882,7.0,35.50497,0.13469620000000002
-92.87869,-267.5453,7.0,38.49286,0.08608823
-65.26935999999999,-270.6116,7.0,39.36461,-0.0207818
-49.91042,-247.3628,7.0,40.1076,0.260471
-47.63371,-216.083,7.0,44.53953,0.1159417
-30.6287,-187.6288,7.0,47.2078,0.1744743
-5.775995,-160.4861,7.0,51.63583,0.15076679999999998
9.156500999999999,-133.139,7.0,28.31852,-1.768935
1.8282509999999998,-116.3675,7.0,29.285659999999996,0.1292174
-5.910846,-94.00932,7.0,38.51569,0.6069645
-1.916234,-59.02255,7.0,56.273590000000006,1.2477530000000001
-1.268309,-11.84013,7.0,67.8604,-1.03005
-5.989969,31.16682,7.0,43.43016,-2.924827
-25.52484,41.742259999999995,7.0,31.17522,0.46814399999999995
-53.235130000000005,40.56863,7.0,40.93081,0.36829059999999997
-85.40120999999999,40.47322,7.0,45.698479999999996,0.34001149999999997
-120.9101,41.37283,7.0,49.86226,-0.133767
-146.5192,29.94309,7.0,27.710490000000004,-0.3935146
-145.6463,8.188591,7.0,32.19294,0.39241240000000005
-145.1975,-17.69887,7.0,37.46349,0.17871589999999998
-149.2803,-46.48832,8.0,39.417429999999996,-0.6542345
-167.0749,-62.02599,8.0,21.833370000000002,-0.7671547
-162.7872,-76.76656,8.0,26.59974,0.43118029999999996
-142.1456,-77.52513,8.0,31.00876,0.37904679999999996
-120.0867,-84.53148,8.0,33.91637,0.28188509999999994
-110.7039,-108.1692,8.0,36.73605,0.11924860000000001
-125.7391,-129.7582,8.0,37.80689,0.1046096
-145.9065,-128.6851,8.0,11.10573,-1.345646
-144.9906,-126.3107,8.0,7.041776,0.5100967000000001
-141.719,-119.5564,8.0,13.706420000000001,0.22081710000000002
-146.4567,-108.3422,8.0,19.81096,0.21568890000000002
-160.9031,-102.8588,8.0,23.46185,0.04135513
-167.6612,-118.0367,8.0,26.294529999999998,0.4322195
-167.0976,-139.5524,8.0,31.713720000000002,0.3744358
-171.0956,-164.6721,8.0,36.89857,0.3211797
-169.567,-193.7963,8.0,41.69947,0.3535085
-168.5665,-226.4158,8.0,46.38644,0.3165963
-155.8278,-254.6727,8.0,37.71075,-0.8857789
-134.1677,-250.9916,8.0,27.26755,0.05446801
-126.9948,-230.3325,8.0,32.842690000000005,0.1876804
-127.2449,-204.0534,8.0,38.07575,0.37168850000000003
-119.7257,-180.5807,8.0,21.87503,-1.9752759999999998
-109.1527,-184.0095,8.0,17.93647,0.37344520000000003
-106.9359,-199.1611,8.0,23.83075,0.2125955
-106.3412,-219.0651,8.0,29.68559,0.41657040000000006
-105.3572,-243.0495,8.0,35.01862,0.1694275
-93.41781999999999,-266.6872,8.0,37.86939,0.1637194
-66.71281,-270.8536,8.0,38.4565,0.05328678
-48.90934,-249.2084,8.0,39.998129999999996,0.2203621
-46.10673,-218.0958,8.0,44.51494,0.1401612
-32.230709999999995,-188.5352,8.0,46.093140000000005,0.3410741
-7.326743,-162.8636,8.0,50.42958,0.2818848
8.815118,-132.6794,8.0,38.21772,-1.070276
-2.400525,-109.8018,8.0,39.50679,0.37371940000000003
-4.786194,-81.63104,8.0,40.90635,0.1793506
-1.390241,-49.731840000000005,8.0,45.54939,0.3261936
-1.552303,-14.35811,8.0,49.97822,0.14787979999999998
-4.041133,23.9956,8.0,50.18974,-1.439683
-21.554560000000002,42.70935,8.0,21.46781,-2.544655
-26.31157,39.91268,8.0,6.733371000000001,0.4807681
-32.22077,37.31472,8.0,13.05429,0.5555945999999999
-40.8304,45.53635,8.0,19.34766,0.38894409999999996
-48.03105,48.58645,8.0,0.01948271,0.009666301
-48.02836,48.544779999999996,8.0,0.9822525,0.5108443
-48.43861,45.90767,8.0,5.234468,0.03610469
-47.07164,43.227129999999995,8.0,0.1240711,-0.3026001
-49.970209999999994,45.236270000000005,8.0,9.390291,0.6238779000000001
-59.923230000000004,45.98243,8.0,18.05165,0.6615509
-76.28235,44.04185,8.0,26.24193,0.5799544
-98.47415,42.09437,8.0,33.88845,0.5319911
-126.0857,44.02382,8.0,40.15735,0.14874289999999998
-144.4008,24.68736,8.0,38.95555,0.1827623
-145.2876,-7.298411,8.0,47.48605,0.2758361
-141.9483,-33.91372,9.0,2.97721,-0.03075334
-142.3445,-36.29353,9.0,7.113644,0.7090886
-145.5078,-44.739090000000004,9.0,13.903379999999999,-0.10760519999999998
-151.8883,-51.25031,9.0,11.38557,-0.03661869
-161.3355,-54.36251,9.0,13.10955,-0.21223289999999997
-166.8025,-60.414190000000005,9.0,10.06007,-0.09683096
-162.9664,-70.05275999999999,9.0,20.67316,0.5364251
-149.5126,-73.45633000000001,9.0,17.25604,-0.2419826
-137.7747,-72.99776999999999,9.0,16.53716,0.5310333
-121.7573,-78.58113,9.0,25.52853,0.08456856
-109.5318,-93.15445,9.0,26.43072,0.06779883
-107.6524,-110.4947,9.0,14.109229999999998,-2.277721
-110.1107,-119.0483,9.0,10.88848,0.14524279999999998
-116.902,-129.9857,9.0,21.627589999999998,-0.05838515
-130.0561,-135.02,9.0,17.33691,-0.300035
-140.6451,-130.1758,9.0,17.079710000000002,1.0288620000000002
-147.1883,-114.5486,9.0,27.19825,0.2699317
-155.3071,-100.1618,9.0,15.918370000000001,-0.18744
-164.0708,-102.6355,9.0,13.2339,0.8467946
-167.6529,-117.5301,9.0,28.29678,0.5225059
-168.7345,-143.513,9.0,41.446290000000005,0.5904229999999999
-167.8102,-176.3923,9.0,46.55317,0.22221820000000003
-164.418,-210.8466,9.0,44.043620000000004,-0.6147395
-162.5693,-239.2437,9.0,29.3335,-0.6558741
-154.3427,-255.8053,9.0,22.634610000000002,-0.3695082
-140.6149,-260.0163,9.0,17.436120000000003,-0.18180929999999998
-129.2227,-249.1474,9.0,28.62782,1.166533
-125.2287,-224.0961,9.0,37.642720000000004,-0.5523821
-128.6469,-200.3027,9.0,23.09238,-1.576493
-127.719,-188.1793,9.0,14.08056,-0.16352370000000002
-119.7575,-181.7325,9.0,18.36039,0.47698679999999993
-107.041,-185.505,9.0,16.588260000000002,-0.1690279
-102.6317,-196.5128,9.0,20.73933,0.5519742
-103.3469,-217.2681,9.0,33.8324,0.6441762
-106.1758,-244.2669,9.0,36.86801,-0.1986241
-97.18819,-268.0378,9.0,33.285,-0.3093425
-74.12958,-272.485,9.0,32.61877,-0.05932954
-54.35931,-260.1105,9.0,32.62794,0.33329390000000003
-47.73203,-235.6884,9.0,35.62246,0.1910977
-43.525420000000004,-208.9344,9.0,35.910109999999996,-0.1676576
-36.34013,-184.8655,9.0,31.63992,-0.3710518
-21.87378,-169.4077,9.0,25.78436,-0.17891279999999998
-7.594192999999999,-159.5543,9.0,21.48014,-0.18182089999999998
4.5999099999999995,-151.3197,9.0,17.97107,-0.05825518
12.50297,-139.4003,9.0,22.75593,0.5086241
6.237164,-122.2635,9.0,28.08438,0.3084024
-6.079053,-104.6402,9.0,29.666859999999996,0.04668344
-10.823739999999999,-82.95281,9.0,30.46841,0.2631848
-10.107489999999999,-58.801919999999996,9.0,34.48059,0.1277946
-5.787832,-33.05449,9.0,35.9011,0.03329577
-1.987341,-6.376217,9.0,36.243759999999995,-0.5195242
-4.1920839999999995,16.26949,9.0,25.137710000000002,-0.6505036999999999
-9.321503,31.102520000000002,9.0,18.60162,-0.155726
-22.83991,42.44028,9.0,28.41555,0.49565349999999997
-46.16232,44.74264,9.0,35.38541,0.5431298999999999
-75.00005,44.12355,9.0,42.46978,0.22920229999999997
-108.9539,42.46043,9.0,48.313309999999994,0.1406029
-139.24200000000002,36.7785,9.0,33.711220000000004,0.4799035
-145.9906,14.0423,9.0,36.00627,0.5454886999999999
-141.6261,-14.8363,9.0,42.596990000000005,0.3850165
-144.4061,-37.52006,10.0,17.22136,-0.2556317
-150.3793,-49.42042,10.0,20.19487,-0.1748979
-161.8466,-56.02389,10.0,16.170579999999998,-0.2832522
-167.0038,-64.32513,10.0,13.961089999999999,0.30337990000000004
-158.6071,-72.958,10.0,17.78441,0.03835307
-145.0924,-72.45827,10.0,18.25771,-0.1738762
-131.4967,-74.55415,10.0,23.36906,0.6070946
-114.3276,-84.76982,10.0,30.62645,0.45083019999999996
-107.3068,-107.7346,10.0,36.15858,0.2087035
-116.8754,-128.7496,10.0,24.472520000000003,-0.2318947
-131.9379,-133.733,10.0,19.366410000000002,-0.17827089999999998
-142.816,-126.8485,10.0,20.2289,0.6092757
-147.4673,-110.0956,10.0,23.653979999999997,-0.38407759999999996
-151.3262,-103.5716,10.0,5.978972,1.2894079999999999
-158.5896,-100.475,10.0,14.64427,0.45896000000000003
-166.9572,-109.2038,10.0,20.79587,0.46067520000000006
-168.3445,-127.2394,10.0,27.89228,0.4779526
-168.9146,-150.5329,10.0,34.52916,0.29219509999999993
-168.1943,-177.4757,10.0,38.278890000000004,0.29894440000000005
-165.4554,-206.4749,10.0,38.228609999999996,-0.3020593
-163.9201,-231.9128,10.0,30.73878,-0.2530117
-159.1505,-251.1948,10.0,23.60456,-0.2353695
-145.7833,-259.5793,10.0,23.44509,0.3985445
-131.0719,-251.9958,10.0,24.58977,0.137787
-124.7734,-233.4654,10.0,28.21155,0.212509
-126.6862,-211.5988,10.0,29.60456,-0.2470413
-127.9682,-194.5599,10.0,16.7593,-0.30371970000000004
-125.5718,-184.3612,10.0,12.14058,-0.3196687
-115.838,-182.0304,10.0,17.18522,0.3392097
-104.6825,-188.3431,10.0,18.13748,0.1314477
-103.2074,-202.3514,10.0,20.51313,0.08696059
-104.2098,-218.2656,10.0,21.80324,-0.01553626
-105.5999,-235.4795,10.0,26.567970000000003,0.24131750000000002
-104.8536,-256.8837,10.0,29.888440000000003,-0.03055332
-89.93642,-272.0712,10.0,33.11589,0.32169709999999996
-63.52071,-268.7081,10.0,38.616209999999995,0.09769447
-49.49241,-245.4178,10.0,40.1376,0.5612963000000001
-45.01351,-214.1352,10.0,43.35353,-0.3231303
-36.68343,-186.6221,10.0,34.590759999999996,-0.30592140000000007
-21.7284,-169.7878,10.0,27.178420000000003,-0.4506138
-8.277983,-160.2482,10.0,13.605429999999998,-0.25872779999999995
0.8595902,-153.8685,10.0,20.08745,0.7182659
11.41226,-143.8537,10.0,20.025660000000002,0.24893110000000002
9.966484,-126.7589,10.0,27.784570000000002,0.17219089999999998
-4.548368,-109.2741,10.0,33.516040000000004,0.41065150000000006
-10.286719999999999,-84.59673000000001,10.0,31.7322,-0.5339275
-9.475100999999999,-60.410740000000004,10.0,35.72135,0.2208734
-5.917458,-31.78466,10.0,41.931129999999996,0.21379970000000004
-1.8859169999999998,1.117552,10.0,47.49799,0.3846933
-10.74492,33.91695,10.0,42.94355,-0.1074029
-39.94484,45.11757,10.0,45.21076,0.31965759999999993
-75.36298000000001,44.30032,10.0,50.511959999999995,0.3887587
-114.1208,41.26399,10.0,50.480290000000004,-0.7750001999999999
-143.6243,32.77726,10.0,38.65123,-0.1777278
-145.7519,6.91288,10.0,38.449529999999996,0.22013310000000003
-141.9397,-22.87205,10.0,40.64411,-0.9180941999999999
-149.9499,-47.32011,11.0,35.43884,0.2598806
-168.8432,-66.04643,11.0,32.26827,-1.5746870000000002
-163.726,-80.78345,11.0,19.786279999999998,-0.23408800000000002
-151.2231,-71.62494000000001,11.0,24.475260000000002,0.14541800000000002
-132.8164,-73.41125,11.0,29.127190000000002,0.4710009
-114.7779,-87.76705,11.0,30.091409999999996,-0.5624840999999999
-109.5178,-110.4806,11.0,35.07079,0.32864920000000003
-121.3484,-130.0202,11.0,26.743679999999998,-0.18857179999999998
-140.8622,-128.5795,11.0,31.145909999999997,0.1701734
-145.5863,-106.8411,11.0,21.7591,-1.560007
-152.8163,-100.7801,11.0,17.42551,0.9603368
-165.7982,-107.8454,11.0,24.30441,0.2724768
-166.0343,-127.9061,11.0,30.561390000000003,0.4882689
-168.1969,-152.8493,11.0,36.94017,0.4303298
-166.8358,-182.3248,11.0,42.91103,0.4392835
-163.9951,-216.1527,11.0,48.41616,-0.02003909
-159.85399999999998,-247.9448,11.0,35.09367,-0.6766805
-142.8159,-259.9484,11.0,30.13905,0.2085475
-127.7955,-246.1994,11.0,31.483159999999998,0.4494184
-125.5567,-220.5864,11.0,37.56523,0.45236270000000006
-127.7956,-193.3104,11.0,33.52753,0.2835482
-113.90700000000001,-179.8195,11.0,25.73021,-0.377787
-107.2973,-194.9907,11.0,26.858959999999996,0.4961601
-105.5889,-217.0916,11.0,33.14139,0.40875009999999995
-107.2209,-243.8676,11.0,39.14304,0.3291461
-94.53185,-269.6564,11.0,39.77827,-0.21339539999999999
-65.59966999999999,-269.4302,11.0,42.00087,0.08800327
-48.47623,-245.6538,11.0,42.615120000000005,0.2019751
-43.5469,-212.2565,11.0,48.339040000000004,0.1858165
-30.25703,-177.97400000000002,11.0,51.72356,0.1232214
-4.48616,-158.8972,11.0,34.12679,-0.11845719999999998
11.10342,-142.5474,11.0,26.766090000000002,-0.32165820000000006
8.77433,-125.3618,11.0,25.3853,0.46457650000000006
-3.809978,-108.2803,11.0,31.706670000000003,0.4001953
-9.726458000000001,-83.36964,11.0,37.80753,0.4514852
-8.94933,-53.224430000000005,11.0,43.6267,0.39512359999999996
-2.907944,-19.34591,11.0,49.25993,0.3944871
-4.3570400000000005,18.69258,11.0,53.1966,-0.5309233
-26.51228,44.7029,11.0,46.290729999999996,-0.07294228
-61.68504,43.0328,11.0,50.11306,0.398726
-100.7297,41.50411,11.0,55.39154,0.1850531
-137.5938,36.51137,11.0,43.71278,-0.2359595
-149.3116,10.61611,11.0,40.313179999999996,0.09044756
-142.121,-20.30046,11.0,45.25485,0.3171883
-149.5864,-48.40822,12.0,30.950870000000002,-1.1849290000000001
-167.3617,-58.5926,12.0,27.51782,-0.4313701
-160.5732,-72.20666999999999,12.0,24.270310000000002,0.1392454
-140.3813,-71.45000999999999,12.0,30.543290000000002,0.4550809
-117.9173,-81.19655999999999,12.0,36.102759999999996,0.3298796
-106.5568,-105.8042,12.0,39.040690000000005,-0.8880249
-117.2493,-125.7517,12.0,28.065659999999998,0.41572200000000004
-134.4499,-132.9983,12.0,22.27874,-0.2912927
-145.8989,-121.9796,12.0,25.68595,0.219766
-151.5033,-103.0317,12.0,23.62239,-0.959405
-165.2411,-103.8841,12.0,20.326710000000002,0.33366409999999996
-167.4178,-122.7948,12.0,33.54515,1.0988280000000001
-168.8528,-149.9993,12.0,39.79742,0.187718
-167.0189,-181.6209,12.0,45.50175,0.4353906
-164.9257,-217.3495,12.0,51.11462,0.39783
-158.8545,-251.4558,12.0,40.319179999999996,-1.3679270000000001
-138.2679,-256.1769,12.0,27.632309999999997,1.008584
-128.116,-236.5967,12.0,32.75728,0.4889162
-125.90799999999999,-210.1687,12.0,38.22371,-0.7343010999999999
-126.3599,-185.3852,12.0,31.74567,-0.5555097
-108.4543,-183.2946,12.0,25.35686,-0.3844657
-109.7322,-201.6379,12.0,28.4835,0.40395929999999997
-109.8951,-225.1006,12.0,34.92323,0.4557598
-105.8676,-252.9376,12.0,40.95725,0.1719779
-85.18639,-271.8828,12.0,39.38051,0.07345623
-55.69716999999999,-264.472,12.0,43.62223,-0.1295626
-46.6564,-239.5401,12.0,33.399570000000004,-0.4015678
-53.341409999999996,-220.8939,12.0,13.853620000000001,-1.63355
-53.20441999999999,-215.7463,12.0,5.112793,-0.8312537
-53.09206,-215.6099,12.0,4.352984999999999,0.6759455
-48.20407,-218.8267,12.0,12.119110000000001,0.4824023
-42.19727,-210.9512,12.0,14.445020000000001,-0.23515229999999998
-41.56467,-200.7133,12.0,17.77479,1.239674
-37.71308,-185.3194,12.0,25.003989999999998,0.47605920000000007
-24.06185,-169.7202,12.0,31.42522,0.4389267
-2.21794,-156.3209,12.0,37.74487,0.3951573
12.43355,-135.2015,12.0,30.599809999999998,-0.4588969
2.27783,-115.3631,12.0,36.31429,1.31869
-9.972694,-85.44945,12.0,51.31955,0.2829151
-7.437549000000001,-45.94845,12.0,55.91179,0.171753
-2.1979830000000002,-3.184603,12.0,59.4839,-1.026674
-8.646411,29.06485,12.0,31.524009999999997,0.4945178
-28.74072,44.96403,12.0,37.48435,0.12645810000000002
-58.1768,44.27045,12.0,42.610820000000004,0.1882296
-91.88031,43.87004,12.0,48.25175,0.1858086
-128.5983,39.849109999999996,12.0,48.348,-0.26551640000000004
-153.4845,21.48607,12.0,26.603690000000004,-0.953095
-153.8273,12.54918,12.0,0.3561884,0.8862501
-150.2825,12.30377,12.0,9.090689999999999,0.5642965999999999
-146.4799,4.090418,12.0,16.67851,0.2880384
-144.9783,-10.99911,12.0,24.0377,0.5387936
-142.0561,-31.14381,12.0,30.81281,0.4107226
-142.6389,-37.70326,13.0,10.39273,0.2944398
-147.7297,-46.85465,13.0,18.0287,0.5130401
-161.2874,-55.16401,13.0,24.930120000000002,0.37098259999999994
-166.225,-70.13956999999999,13.0,19.39175,-0.5132245
-154.9948,-76.24194,13.0,19.690179999999998,0.41808779999999995
-140.1241,-72.56226,13.0,19.08877,-0.3751921
-124.8254,-74.58678,13.0,24.70682,0.4582629
-110.2178,-88.30153,13.0,30.554909999999996,0.4352578
-108.1581,-112.1227,13.0,35.22913,0.2728492
-126.7908,-131.1696,13.0,38.71243,0.05965790000000001
-145.7882,-126.0864,13.0,16.61317,-1.7669439999999998
-142.4316,-122.9933,13.0,9.164877,0.5876213
-138.7143,-122.4464,13.0,3.69489,0.546399
-143.6877,-124.5591,13.0,10.127469999999999,-0.0701999
-145.5284,-129.0988,13.0,1.4916040000000002,-0.36431959999999997
-144.9937,-126.6856,13.0,7.9389199999999995,0.32566690000000004
-140.8065,-118.6301,13.0,16.312520000000003,0.2688604
-143.0323,-104.6278,13.0,23.29712,0.24320329999999998
-159.2077,-98.7749,13.0,24.592370000000003,-0.3004985
-167.1198,-113.6173,13.0,27.871740000000003,0.5178723
-167.7426,-136.8783,13.0,34.88712,0.24913369999999999
-167.7079,-165.3732,13.0,41.60722,0.471185
-167.9523,-198.5413,13.0,47.89663,0.43140790000000007
-167.12400000000002,-236.0134,13.0,51.141999999999996,-0.5728719
-144.8727,-257.6628,13.0,41.261540000000004,-0.9163302
-127.3884,-244.4611,13.0,30.6419,0.2531377
-127.8645,-218.13099999999997,13.0,40.432829999999996,0.5059689
-127.2941,-190.2629,13.0,24.21204,-1.322172
-119.7343,-181.8144,13.0,14.795020000000001,0.5493357
-107.9858,-187.1858,13.0,22.51609,0.23251449999999999
-104.8752,-205.86700000000002,13.0,29.3562,0.4990443
-107.9742,-230.0059,13.0,36.28436,0.47241640000000007
-101.0017,-257.504,13.0,41.402120000000004,0.3251473
-75.29404,-272.6886,13.0,42.61813,0.0034101340000000004
-51.424409999999995,-255.0679,13.0,42.56451,0.023585
-48.32705,-222.1747,13.0,46.6045,-0.33593049999999997
-38.37055,-192.1824,13.0,43.58977,0.19070879999999998
-15.21943,-166.8275,13.0,49.39456,0.43409529999999996
8.078838000000001,-137.2868,13.0,48.347229999999996,-0.5250646
1.1179780000000001,-109.4615,13.0,34.083890000000004,-0.28069240000000006
-8.68816,-91.3696,13.0,30.74597,0.5965417
-6.023209,-66.18545999999999,13.0,37.60572,0.4862287
-5.31449,-35.90578,13.0,44.14058,0.47840429999999995
-3.7760519999999995,-0.9361821,13.0,50.213029999999996,0.1979562
-10.95828,34.028009999999995,13.0,41.36357,-1.75368
-31.4273,40.26404,13.0,20.35744,-0.9038421999999998
-35.08036,32.58388,13.0,0.2597083,0.16627709999999998
-35.13476,32.59055,13.0,0.05645229,-0.0235565
-35.14091,32.66407,13.0,1.4412260000000001,0.639456
-34.09863,36.73103,13.0,9.562336,0.4908563
-32.40429,43.67625,13.0,5.470951,-0.7433813
-32.40607,44.225840000000005,13.0,3.680506,0.5952596
-36.89878,41.19231,13.0,11.50605,0.24401199999999998
-47.729279999999996,44.03608,13.0,18.79061,0.5008159000000001
-64.09476,45.03763,13.0,25.498260000000002,0.4729554
-85.16824,42.10686,13.0,31.878429999999998,0.43453690000000006
-110.9648,43.04753,13.0,37.67268,0.3823685
-138.4093,34.640809999999995,13.0,38.842859999999995,-0.3336663
-147.8752,8.986825999999999,13.0,40.02985,0.37584470000000003
-144.6112,-22.4531,13.0,45.2917,0.1715872
-151.8539,-52.4845,14.0,33.36715,-0.5114474
-163.0298,-68.07265,14.0,22.77846,0.16494979999999998
-147.4067,-75.71584,14.0,28.069340000000004,0.2336098
-125.1545,-79.32118,14.0,33.12746,0.1581899
-109.9256,-99.55824,14.0,36.78917,0.1626932
-118.2877,-125.1514,14.0,38.91525,0.1062652
-142.1475,-129.8228,14.0,26.58411,-1.0833030000000001
-145.7088,-120.1556,14.0,1.9767419999999998,-1.066824
-146.548,-119.1768,14.0,1.911399,-0.005358765
-147.3692,-118.1836,14.0,1.523892,-0.0212755
-148.7738,-117.3597,14.0,4.162781,0.009286435
-150.9702,-117.4857,14.0,0.5343536999999999,0.4844361
-147.8114,-115.441,14.0,9.520638,0.6250525
-144.7019,-106.331,14.0,17.343510000000002,0.2519508
-155.0885,-96.72437,14.0,23.0957,0.1347201
-167.7639,-107.6888,14.0,26.93341,0.1792052
-166.3139,-129.9839,14.0,33.67419,0.5075863
-166.7359,-157.4651,14.0,40.51936,0.5037208
-167.0828,-189.8915,14.0,46.96464,0.45836570000000004
-166.6846,-226.8954,14.0,52.5629,-0.09043797
-152.1347,-253.6238,14.0,30.825309999999998,-2.039893
-141.664,-252.2733,14.0,4.743969,-0.11351969999999999
-141.1788,-249.7325,14.0,2.983514,0.3462365
-136.6778,-248.0569,14.0,10.704369999999999,0.2044937
-127.4274,-251.6887,14.0,13.434420000000001,-0.1723566
-121.0966,-247.8641,14.0,10.65956,0.32720279999999996
-123.4202,-236.9473,14.0,19.59842,0.5460225000000001
-126.4376,-219.8201,14.0,27.280659999999997,0.5352243
-127.8373,-196.9425,14.0,34.52602,0.47393159999999995
-115.7248,-178.9971,14.0,27.169059999999998,-1.35
-105.2884,-191.1693,14.0,29.446479999999998,1.28608
-107.3781,-220.3826,14.0,49.52807,1.380075
-99.02679,-259.5623,14.0,52.74739,-1.3134190000000001
-68.59492,-271.7075,14.0,46.67973,0.1263423
-48.20795,-248.8152,14.0,43.2418,0.1088503
-48.368829999999996,-215.162,14.0,47.71043,0.07718001
-29.94718,-183.6041,14.0,52.22187,0.38998879999999997
-0.7907339,-155.269,14.0,56.5709,-0.384811
8.959478,-123.9095,14.0,30.93171,-0.4801916
-2.908583,-107.4975,14.0,28.497790000000002,0.43342240000000004
-5.651766,-84.34385999999999,14.0,35.04866,0.513678
-3.3219230000000004,-55.9404,14.0,41.83583,0.49662510000000004
-2.228755,-22.53546,14.0,48.19249,0.45059920000000003
-3.6627589999999994,15.284410000000001,14.0,52.89989,-0.3756116
-22.29955,41.78675,14.0,43.28448,-0.1418112
-55.376709999999996,40.563179999999996,14.0,47.52815,0.4396768
-92.82258,40.20791,14.0,53.51509,0.391864
-131.5031,40.026759999999996,14.0,43.674170000000004,-0.9038119000000001
-145.3836,24.00791,14.0,14.49835,-2.3511580000000003
-143.5045,22.88993,14.0,6.229496,0.6453321999999999
-141.2351,25.54201,14.0,1.586288,-0.654848
-143.1299,23.10131,14.0,7.993108,0.2005108
-148.8571,21.74971,14.0,4.806311,-0.41661149999999997
-148.7166,21.581139999999998,14.0,5.043468,0.3407327
-143.6268,16.73046,14.0,13.960920000000002,0.5937439
-140.7988,3.8285660000000004,14.0,22.14166,0.5895800999999999
-141.9452,-15.5506,14.0,30.00787,0.2635595
-141.8214,-35.27827,1.0,5.7544260000000005,-0.07597724
-142.4019,-42.29718,1.0,14.218760000000001,0.6437932
-150.1948,-53.07127,1.0,22.47857,0.6033428000000001
-163.0786,-66.27531,1.0,27.317790000000002,-0.1020107
-150.9546,-76.2069,1.0,23.869870000000002,0.02512675
-137.0746,-69.03265,1.0,12.331010000000001,-2.0036389999999997
-135.8646,-68.27858,1.0,0.02606786,0.0004329761
-135.8457,-68.28138,1.0,0.02530436,-0.000116295
-135.829,-68.2835,1.0,0.013879399999999998,0.00939667
-136.0797,-69.69202,1.0,4.393733999999999,-0.1284333
-135.7007,-73.01100000000001,1.0,4.311647,-0.02929777
-136.1831,-75.77978,1.0,3.5133379999999996,-0.01021149
-136.3529,-76.13557,1.0,4.139622,0.6348196999999999
-130.1926,-75.04414,1.0,13.01088,0.6040608000000001
-119.4512,-80.73246999999999,1.0,20.61078,0.5549805
-111.6652,-97.14001,1.0,28.337909999999997,0.5110874
-113.4692,-119.646,1.0,34.119609999999994,0.37994390000000006
-134.5393,-133.3229,1.0,34.05189,-0.8148618000000001
-146.717,-120.9442,1.0,22.0559,-0.26150439999999997
-138.4856,-109.0898,1.0,7.119346000000001,-2.373784
-138.458,-108.7207,1.0,0.02367167,-0.003913252
-138.4588,-108.7375,1.0,0.02573165,0.01526179
-140.4443,-108.1449,1.0,7.165156,0.3289158
-145.4443,-110.4068,1.0,5.190575,-1.44202
-145.0072,-109.4092,1.0,6.257613,0.6392151
-145.4458,-101.9002,1.0,14.53571,0.2892218
-155.9806,-95.68066,1.0,17.08801,-0.380367
-164.882,-101.5883,1.0,16.63202,1.2509540000000001
-167.2856,-119.3847,1.0,31.043540000000004,0.8039864999999999
-167.7831,-145.0636,1.0,39.33656,0.35465019999999997
-164.0716,-172.4214,1.0,33.839940000000006,-0.5159787
-167.9518,-195.6296,1.0,34.62056,0.6966026
-166.6632,-224.5887,1.0,37.528690000000005,-0.5353292
-160.2354,-247.5133,1.0,27.64511,-0.41332250000000004
-141.2608,-250.0794,1.0,29.324340000000003,0.2083699
-122.3467,-239.0698,1.0,26.74232,-1.404859
-129.7975,-224.0086,1.0,25.73064,-0.1471415
-125.1412,-209.1694,1.0,21.35458,-0.2322067
-124.1971,-195.9503,1.0,18.07414,-0.20574139999999996
-121.9553,-185.3004,1.0,14.968520000000002,0.6734074000000001
-111.1433,-188.7992,1.0,16.72035,-0.31849
-110.1274,-199.9201,1.0,14.02987,-0.04421449
-109.6813,-212.0251,1.0,20.310779999999998,0.5766859999999999
-107.8208,-229.8578,1.0,28.039240000000003,0.5473216
-103.2414,-252.7391,1.0,34.8752,0.40981590000000007
-83.72614,-270.6434,1.0,38.70337,0.08099208
-57.683969999999995,-261.903,1.0,39.54927,0.03015898
-51.88268,-233.2164,1.0,42.72225,0.3825466
-40.62993,-202.0209,1.0,47.793820000000004,0.40610959999999996
-16.8556,-173.331,1.0,53.296440000000004,0.4293911
7.436616000000001,-139.7404,1.0,58.361000000000004,0.05402695
11.085999999999999,-108.2669,1.0,20.157970000000002,-1.896681
9.890539,-104.3155,1.0,0.6106484999999999,-0.11829849999999999
9.965872000000001,-104.38,1.0,2.348751,0.6412641
13.376439999999999,-106.5865,1.0,8.030185000000001,0.1637257
18.279629999999997,-106.9972,1.0,2.610246,-0.6992634
16.85876,-107.4333,1.0,6.4316580000000005,0.3148344
9.683794,-110.6772,1.0,14.477260000000001,0.7838134
0.04730264,-107.4958,1.0,18.38729,0.21346379999999998
1.259843,-91.39262,1.0,25.207520000000002,0.1900728
-4.2386989999999996,-71.04538000000001,1.0,31.901709999999998,0.46303640000000007
-5.788062,-44.95798,1.0,38.58907,0.481979
-6.421083,-13.99567,1.0,44.93967,0.4191462
-6.9917240000000005,21.395,1.0,48.73581,-0.7345334
-18.17529,44.10152,1.0,18.263189999999998,-1.140709
-27.4156,39.55896,1.0,17.3967,0.25087889999999996
-42.525490000000005,38.618520000000004,1.0,24.46066,0.27586540000000004
-63.22062,39.68053,1.0,31.57797,0.5217187
-89.16922,39.66021,1.0,38.381029999999996,0.5087625
-119.9753,40.58324,1.0,44.75548,0.4246827
-143.6602,32.00998,1.0,23.82725,-2.11469
-140.7018,24.625999999999998,1.0,8.594821000000001,0.5486863000000001
-137.7517,24.25681,1.0,0.06829251,-0.03794475
-137.7517,24.21366,1.0,0.05320965,-0.00134306
-139.4735,24.59686,1.0,6.077587,1.056766
-146.142,24.1232,1.0,11.03924,-0.04772342
-151.0794,25.385920000000002,1.0,1.8767459999999998,-0.6941331999999999
-149.4813,24.45658,1.0,6.696072,0.30365820000000004
-147.1394,17.279329999999998,1.0,14.295679999999999,0.4791277
-151.9842,5.223565,1.0,20.626910000000002,0.3444902
-148.1599,-11.88516,1.0,27.05392,0.2347248
-146.0891,-34.18677,2.0,33.34839,0.199923
-159.7615,-52.28035,2.0,33.26812,0.08518919999999999
-164.5996,-70.48836999999999,2.0,23.149639999999998,-1.1149930000000001
-156.3206,-70.15813,2.0,8.525811000000001,0.39131479999999996
-155.7039,-68.52741999999999,2.0,0.05848924,0.0027965909999999997
-155.6855,-68.55722,2.0,0.764173,0.6909301
-156.24200000000002,-71.42184,2.0,5.197818,-0.04913384
-156.8635,-74.87658,2.0,2.953927,-0.7999068
-155.7549,-73.87702,2.0,6.800714,0.6639448
-147.8003,-73.75536,2.0,15.4627,0.29521479999999994
-136.1533,-81.57961,2.0,20.04641,-0.16834100000000002
-123.1893,-85.09492,2.0,17.303079999999998,0.48743990000000004
-111.9278,-98.97258000000001,2.0,31.13887,0.8185614
-116.2151,-120.7135,2.0,32.54101,0.5773438
-136.7082,-130.6164,2.0,29.24015,-1.115034
-144.4185,-118.6311,2.0,20.7769,0.2086931
-140.2502,-104.7272,2.0,18.360879999999998,0.07405258
-154.2219,-101.9647,2.0,21.075770000000002,-0.3924807
-160.9993,-112.006,2.0,16.614539999999998,-0.07808647
-163.2796,-124.5805,2.0,19.0174,0.3039124
-165.4112,-142.0471,2.0,27.92431,0.5825541
-165.3093,-165.6187,2.0,35.58382,0.529419
-165.6476,-194.7493,2.0,42.75181,0.24187350000000002
-165.5778,-228.9064,2.0,49.24522,0.027439299999999996
-156.8889,-250.0255,2.0,22.525879999999997,0.4260056
-137.9729,-251.7685,2.0,29.7342,0.5099114
-125.31700000000001,-238.2978,2.0,24.24682,-0.09804101
-126.3081,-217.6834,2.0,33.316520000000004,0.4773384
-126.277,-191.3115,2.0,29.76969,-3.3371699999999995
-119.176,-183.9446,2.0,12.68331,0.6146048000000001
-111.1055,-191.2442,2.0,19.58067,0.2877344
-109.6065,-208.7752,2.0,27.750140000000002,0.5769092
-106.9729,-232.0247,2.0,35.353229999999996,0.260278
-98.08471999999999,-259.1429,2.0,41.61971,0.1387079
-71.75926,-269.92,2.0,40.23669,0.04001024
-49.878040000000006,-249.9232,2.0,42.32874,-0.02985799
-48.78455,-217.4547,2.0,46.67468,0.3913739
-32.109120000000004,-186.3353,2.0,50.9465,0.4498955
-4.895109,-156.96200000000002,2.0,57.00565,0.20655
8.761346000000001,-128.0258,2.0,22.972929999999998,-2.750746
-0.5767637,-116.8928,2.0,23.1169,0.2669454
-6.649869,-98.60459,2.0,30.18243,0.5439476
-6.653535000000001,-73.43843000000001,2.0,37.65181,0.5186956
-6.8054630000000005,-42.9267,2.0,44.71113,0.49351229999999996
-7.266066,-7.324623,2.0,51.29482,0.2186621
-9.114084,31.43504,2.0,46.73952,-0.9142627000000001
-24.37661,46.17249,2.0,12.60587,-2.388655
-25.53944,44.24279,2.0,6.3773,0.3123307
-30.784309999999998,39.69645,2.0,14.59469,0.5616215
-43.311640000000004,45.28107,2.0,22.659129999999998,0.5305274999999999
-62.28014,44.873329999999996,2.0,29.80984,0.6017913
-87.03958,41.89423,2.0,37.2929,0.539841
-117.2726,40.919740000000004,2.0,44.31171,0.46766709999999995
-146.8914,30.86911,2.0,33.484970000000004,-2.659536
-149.6765,18.85728,2.0,2.053886,-1.104641
-145.7716,18.965329999999998,2.0,9.847961999999999,0.5788760000000001
-143.9711,9.61022,2.0,17.92107,0.5430593
-151.2104,-4.439368,2.0,24.3802,0.2298956
-146.2595,-24.31155,2.0,31.2488,0.5072362
-142.7065,-38.19415,3.0,11.90117,-0.08721515
-146.2285,-46.16199,3.0,14.245170000000002,0.9985171999999999
-156.2693,-53.13612,3.0,15.83051,-0.1206469
-165.6389,-57.163140000000006,3.0,12.166739999999999,-0.18018900000000002
-165.7022,-64.682,3.0,9.411334,-0.004510871
-158.3982,-71.81715,3.0,18.11009,0.5081095999999999
-142.2746,-71.96203,3.0,25.70611,0.4964285
-122.5991,-79.2785,3.0,27.73341,-0.225149
-110.2303,-92.83623,3.0,23.06681,-0.04924053
-108.6624,-112.5615,3.0,26.62404,-0.4238566
-116.8761,-127.821,3.0,21.15148,-0.36958959999999996
-131.8797,-133.825,3.0,25.183000000000003,-0.5390465999999999
-143.5913,-122.2319,3.0,28.982159999999997,1.105912
-153.3616,-104.56,3.0,20.69602,-1.9527290000000002
-164.5776,-108.0094,3.0,19.92756,0.23920740000000001
-168.0084,-125.2221,3.0,27.79914,0.5768059
-169.9221,-148.5928,3.0,35.32442,0.4959912
-167.4566,-177.2322,3.0,42.32334,0.5001561999999999
-165.1113,-211.0032,3.0,48.95198,0.462904
-162.4685,-246.6057,3.0,43.53479,-0.7119849
-143.4973,-258.6038,3.0,25.96623,-0.35854600000000003
-128.3635,-244.5881,3.0,31.701109999999996,0.5081975999999999
-127.2655,-220.2974,3.0,36.63565,0.48595649999999996
-126.9919,-193.9734,3.0,33.45272,-0.06061888
-115.8511,-178.4257,3.0,23.526670000000003,-0.22274229999999998
-109.4256,-190.1968,3.0,23.38426,0.5703304
-106.3341,-209.3665,3.0,30.30925,0.5406761999999999
-105.2383,-231.8926,3.0,28.4319,-0.41047920000000004
-105.456,-253.8195,3.0,35.04077,0.1999809
-87.85602,-271.7477,3.0,36.22104,0.003301782
-64.70801,-268.788,3.0,18.29317,-0.7958059000000001
-56.63541,-267.0923,3.0,4.52594,-0.8918369
-56.85565,-267.1955,3.0,1.827014,-0.3150228
-56.92187,-267.1777,3.0,2.611308,0.2538422
-54.32636,-264.0813,3.0,7.282342,0.0810222
-49.20258,-262.7066,3.0,6.837974000000001,-1.154858
-48.45252,-263.2372,3.0,3.738111,0.3352401
-50.18153,-257.5863,3.0,12.17605,0.30185029999999996
-47.49949,-245.88299999999998,3.0,20.1624,0.2838879
-44.35417,-228.4315,3.0,27.642640000000004,0.5537333999999999
-41.74603,-205.4272,3.0,34.69642,0.506342
-30.860840000000003,-181.1208,3.0,39.09499,0.4639793
-10.03256,-160.6104,3.0,31.87997,-1.7319360000000001
4.202362,-149.3913,3.0,20.98623,-0.3439481
11.660039999999999,-138.237,3.0,16.02477,-0.32435929999999996
9.759027,-127.2841,3.0,17.27403,0.5369744000000001
0.4397736,-114.8833,3.0,24.66868,0.5014849
-7.69195,-95.59636,3.0,31.708640000000003,0.4914714
-10.46978,-69.94811999999999,3.0,38.19014,0.4586122
-7.038989,-39.42057,3.0,44.47417,0.21233779999999997
-3.445618,-6.589294000000001,3.0,41.49609,-0.6148416999999999
-4.453837,12.49115,3.0,10.7627,-1.8372990000000002
-5.111242,16.46755,3.0,7.767167,0.31093000000000004
-7.158386999999999,25.195079999999997,3.0,16.27051,0.301766
-15.0426,37.545190000000005,3.0,23.66985,0.47678679999999996
-33.54482,44.966190000000005,3.0,30.3804,0.4152983
-58.52953,44.72268,3.0,37.243829999999996,0.5097672000000001
-88.56715,43.357479999999995,3.0,43.8372,0.2218935
-122.2762,40.23843,3.0,44.525090000000006,-0.1825539
-148.3544,29.079759999999997,3.0,35.7737,-1.084862
-144.495,5.76503,3.0,34.547340000000005,0.1312139
-145.1691,-21.28109,3.0,39.71913,0.21724259999999998
-147.7153,-49.71131,4.0,29.44088,-1.273759
-161.5294,-54.45919,4.0,19.73978,0.03270766
-167.0912,-65.08674,4.0,20.89174,0.26738259999999997
-151.857,-72.67532,4.0,26.96813,0.24680389999999996
-129.9498,-76.15704000000001,4.0,33.41098,0.2356652
-111.1445,-94.47268000000001,4.0,38.731429999999996,0.1511856
-114.1044,-121.1341,4.0,37.52235,0.05425002
-136.3773,-131.9652,4.0,33.14412,-0.8260790000000001
-144.3316,-113.2833,4.0,31.01577,0.4032731
-152.6967,-98.78891999999999,4.0,16.744229999999998,-0.4216928
-164.1572,-106.0568,4.0,23.062179999999998,0.21975799999999998
-168.6133,-125.2135,4.0,30.301609999999997,0.5255274000000001
-170.2797,-150.1079,4.0,37.10682,0.4849912
-167.4091,-179.9744,4.0,43.75371,0.4817693
-164.1775,-214.5895,4.0,49.47345,-0.005776646
-161.4008,-246.9131,4.0,28.0288,-2.963245
-150.042,-256.255,4.0,19.10366,0.6891991
-133.6967,-255.4872,4.0,24.97823,0.09479504
-126.2165,-236.2987,4.0,31.36621,0.459379
-127.7791,-211.1687,4.0,37.536229999999996,0.47836809999999996
-123.898,-183.0127,4.0,38.25307,-0.3870445
-102.3506,-179.9692,4.0,27.42272,-0.43763019999999997
-104.6979,-194.2085,4.0,21.88391,0.3620395
-114.5612,-201.2946,4.0,4.09227,-1.029601
-114.5551,-201.5556,4.0,0.0034704140000000002,-0.004243741
-113.829,-201.7355,4.0,3.5760940000000003,0.3466032
-110.2045,-200.0754,4.0,7.1431759999999995,0.04200081
-109.6799,-198.3033,4.0,1.571965,0.5358571
-109.1581,-202.1184,4.0,8.774475,0.4971839
-107.3144,-211.00900000000001,4.0,15.5489,0.24282779999999998
-105.3136,-224.7551,4.0,21.881079999999997,0.44038320000000003
-105.9678,-243.18200000000002,4.0,27.71858,0.1913105
-99.2204,-263.849,4.0,32.00764,0.23346639999999996
-77.06430999999999,-271.8647,4.0,34.533840000000005,0.1321311
-53.64425,-260.1144,4.0,37.22351,-0.07332954
-49.33446,-232.8258,4.0,39.687129999999996,0.1658743
-43.32101,-202.6877,4.0,43.898559999999996,0.33120570000000005
-24.68133,-175.0767,4.0,46.79887,0.04795926
-1.15985,-154.1734,4.0,30.67332,-1.1595950000000002
10.52116,-142.4306,4.0,18.52319,-0.249521
11.27818,-129.6711,4.0,22.681639999999998,0.46622250000000004
-0.2139428,-114.7287,4.0,28.22223,0.3421744
-8.335149000000001,-93.53796,4.0,33.33092,0.3725866
-10.53302,-67.1466,4.0,38.35735,0.3452329
-6.126523000000001,-37.31664,4.0,43.10048,0.33162090000000005
-1.462742,-4.069668,4.0,47.45255,0.09636185
-8.062942,28.4905,4.0,30.080709999999996,-1.740025
-23.94282,41.72384,4.0,30.72686,0.16185120000000003
-48.302459999999996,43.64137,4.0,35.63259,0.1735178
-76.57475,43.304320000000004,4.0,40.71115,0.35717129999999997
-108.2339,41.35902,4.0,43.51056,-0.1417904
-134.798,37.94513,4.0,19.49706,-1.6718110000000002
-144.4017,31.402820000000002,4.0,18.40406,0.41919059999999997
-148.0668,16.24918,4.0,24.14027,0.4207125
-144.9616,-3.495232,4.0,29.85378,0.3869008
-141.5988,-27.347509999999996,4.0,35.00724,0.3256696
-149.5996,-48.17161,5.0,26.14575,-0.20710720000000002
-167.0933,-58.62896,5.0,25.80149,-0.6958419
-162.8038,-69.53508000000001,5.0,17.08159,-0.2168493
-149.5929,-70.91034,5.0,21.90302,0.45959700000000003
-131.6904,-75.26086,5.0,27.77347,0.19964400000000002
-113.0647,-87.19096,5.0,32.37587,0.11579539999999999
-108.804,-110.8209,5.0,34.26574,-0.1151585
-121.2134,-131.0121,5.0,31.503079999999997,-0.7933776
-139.2066,-129.5178,5.0,23.18267,0.1572151
-145.5298,-112.1548,5.0,27.601259999999996,0.3512888
-160.81,-100.3685,5.0,22.44205,-1.31197
-164.6613,-110.3314,5.0,16.5253,0.13081289999999998
-166.6086,-124.9314,5.0,23.459139999999998,0.2889085
-168.2062,-148.4663,5.0,41.1975,0.6727368
-165.7742,-182.5054,5.0,49.03521,0.15911589999999998
-164.3169,-218.3557,5.0,38.3777,-2.59636
-163.4396,-237.1448,5.0,19.65768,-0.15793139999999997
-160.3921,-249.2672,5.0,14.733579999999998,0.10675639999999999
-150.8247,-258.2216,5.0,23.25681,0.2920058
-133.049,-255.0452,5.0,29.50123,0.2624719
-125.3309,-230.1501,5.0,40.295390000000005,0.403504
-128.4981,-201.8207,5.0,27.81772,-2.75509
-126.0556,-187.1488,5.0,16.6748,-0.2631489
-114.531,-182.127,5.0,22.151,0.6696886
-102.8208,-193.9116,5.0,26.3013,0.2007796
-103.1662,-216.9959,5.0,35.287729999999996,0.30794190000000005
-105.64399999999999,-243.8887,5.0,35.15466,-0.6608326
-99.48711999999999,-265.3956,5.0,29.092109999999998,0.4637199000000001
-77.78078000000001,-272.0102,5.0,33.431670000000004,0.13873210000000002
-55.31531,-260.9055,5.0,35.85079,0.05850244
-48.465920000000004,-234.1036,5.0,39.762890000000006,0.3741315
-43.49544,-203.2741,5.0,44.454159999999995,0.1384761
-26.87065,-174.037,5.0,47.39976,0.1251317
-5.078241,-157.4497,5.0,15.247489999999999,-0.9454037000000001
2.808199,-152.1921,5.0,10.497689999999999,-0.1590002
7.653306,-148.1844,5.0,6.769280999999999,-0.25879070000000004
11.859060000000001,-142.7677,5.0,12.618089999999999,0.23918609999999998
12.231110000000001,-131.4454,5.0,18.73351,0.43881190000000003
3.356479,-118.1179,5.0,24.65512,0.20334960000000002
-6.042562,-100.2398,5.0,30.1514,0.39957859999999995
-10.57323,-76.355,5.0,35.37787,0.3711446
-7.833506,-48.52427,5.0,40.22051,0.3594074
-2.528361,-17.42995,5.0,44.98621,0.337458
-2.884625,13.2537,5.0,32.41782,-1.526748
-6.9147229999999995,25.59075,5.0,9.790014999999999,0.4279254
-12.56888,35.09772,5.0,18.51474,0.2185226
-25.94399,43.27557,5.0,24.27394,0.40355009999999997
-45.78083,45.31452,5.0,29.83623,0.4031391
-69.89551,44.72466,5.0,35.260940000000005,0.1877286
-97.93867,43.29417,5.0,40.36119,0.17257750000000002
-126.679,40.30069,5.0,33.35946,-2.982687
-141.6024,34.61125,5.0,22.04929,0.17001660000000002
-147.9665,17.726770000000002,5.0,27.30467,0.3752397
-144.7545,-4.064375,5.0,32.54292,0.1884968
-141.9875,-29.40677,5.0,31.608759999999997,-0.4976202
-145.6167,-43.827220000000004,6.0,11.81499,0.10593989999999999
-153.8354,-53.13371,6.0,18.84284,-0.47218640000000006
-164.4277,-58.20972,6.0,13.02025,-0.41676769999999996
-164.3201,-68.1235,6.0,18.98731,0.3421599
-148.06799999999998,-72.15598,6.0,30.1726,1.062881
-123.0687,-78.83679000000001,6.0,40.55186,0.3377509
-109.2709,-102.7266,6.0,35.596940000000004,-0.8477104999999999
-116.4321,-117.5568,6.0,11.35481,-0.340546
-120.0533,-127.3056,6.0,19.877370000000003,0.36142779999999997
-130.7846,-134.1913,6.0,19.23643,0.440352
-143.3055,-125.3184,6.0,24.49045,0.4567175
-147.2889,-107.4826,6.0,16.01824,-1.01316
-152.0623,-102.9217,6.0,9.155782,0.6783561
-161.5611,-101.0871,6.0,16.48378,-0.10502210000000001
-167.0168,-111.8194,6.0,21.22095,0.5466853
-168.4139,-132.7159,6.0,34.955740000000006,0.456478
-168.5596,-163.1821,6.0,46.71444,0.7451614000000001
-165.5808,-201.2813,6.0,55.16455,-0.1578848
-163.4866,-238.0631,6.0,43.59798,-0.7023708000000001
-151.97799999999998,-257.8377,6.0,25.76426,-0.34546509999999997
-136.134,-255.56,6.0,19.0162,0.10971389999999999
-126.5961,-242.1964,6.0,25.98613,0.19914210000000002
-125.2445,-221.0473,6.0,31.35789,0.18830260000000001
-128.8354,-196.1637,6.0,34.3428,-1.4471379999999998
-121.7733,-182.3857,6.0,18.373829999999998,0.7198823000000001
-107.8026,-187.2117,6.0,23.102420000000002,0.1585623
-102.5669,-205.0565,6.0,28.179059999999996,0.3850298
-104.4987,-227.9364,6.0,33.642540000000004,0.1948451
-105.0931,-254.6203,6.0,38.42645,0.24586750000000002
-87.01605,-272.688,6.0,34.59646,-0.550633
-65.39497,-268.4033,6.0,25.96935,-0.26371459999999997
-51.702490000000004,-258.7892,6.0,24.48689,0.6628491999999999
-47.04533,-238.0525,6.0,31.702209999999997,0.3845139
-43.82076,-212.7829,6.0,37.0201,0.3738921
-36.90815,-184.7877,6.0,40.76497,0.03688291
-13.61498,-165.1146,6.0,38.45728,-0.5766695
0.8396415,-154.0639,6.0,13.779160000000001,-0.3625719
7.86415,-148.1555,6.0,12.21257,0.09733380000000001
12.736089999999999,-138.7354,6.0,18.08868,0.6562
7.219968,-123.7336,6.0,27.00409,0.4934644
-6.08235,-102.4774,6.0,41.26182,0.9882279
-9.496755,-67.32616,6.0,54.13155,0.43891610000000003
-3.4057180000000002,-24.17626,6.0,61.437290000000004,0.09634811
-3.7748839999999997,14.918029999999998,6.0,34.81358,-1.558453
-10.05895,31.17207,6.0,21.66714,0.4756678
-24.38884,42.714690000000004,6.0,30.261540000000004,0.3504359
-51.53487,45.26228,6.0,44.33869,0.5321786999999999
-89.82862,43.685,6.0,58.352,0.427964
-122.3187,40.32262,6.0,20.2055,-1.326287
-132.5392,38.28648,6.0,13.931770000000002,0.9319329
-145.2357,30.923409999999997,6.0,23.97044,0.24307620000000002
-147.34,11.695780000000001,6.0,29.01482,0.19530350000000002
-143.2107,-11.43492,6.0,34.45881,0.393494
-141.9009,-34.065540000000006,7.0,6.657639,0.5238495
-142.9655,-41.52995,7.0,13.56845,0.4530378
-150.5283,-50.80599,7.0,19.4964,0.2030467
-164.9096,-58.348980000000005,7.0,23.29014,-0.5763618
-166.9964,-71.39957,7.0,15.75939,-0.0903334
-156.8494,-77.09900999999999,7.0,17.91307,0.2486068
-142.9026,-73.68816,7.0,20.05284,0.03205317
-127.1584,-74.77245,7.0,23.11792,0.16399229999999998
-111.8838,-87.93964,7.0,30.758190000000003,0.2687429
-109.2114,-111.1712,7.0,34.22084,0.21905529999999998
-126.3854,-129.9142,7.0,36.80574,0.1485858
-147.0454,-125.5427,7.0,20.16628,-1.811753
-143.9632,-116.9826,7.0,10.08975,0.31864770000000003
-145.3751,-106.5687,7.0,17.52947,-0.1589917
-156.3514,-101.3762,7.0,19.08776,0.27735859999999996
-166.0977,-111.5151,7.0,19.93255,-0.06576796
-165.9137,-127.1152,7.0,24.204179999999997,0.6261904
-168.3976,-149.195,7.0,37.05744,1.007471
-169.7331,-181.4845,7.0,49.88686,0.43038679999999996
-169.5599,-220.9601,7.0,50.90782,-0.8562088999999999
-161.0017,-249.3698,7.0,30.646209999999996,-0.8421392
-143.2783,-254.3466,7.0,21.98955,-0.3227752
-128.6045,-247.6731,7.0,23.464570000000002,0.108821
-125.88,-227.7028,7.0,31.751890000000003,0.41004659999999993
-126.1811,-202.1536,7.0,37.089240000000004,0.3740555
-120.5158,-180.4565,7.0,16.95499,-1.495615
-111.1802,-184.4904,7.0,18.762610000000002,0.3826489
-109.1129,-200.3815,7.0,24.72278,0.4240064
-108.7311,-220.8357,7.0,30.46485,0.195206
-107.455,-245.3518,7.0,35.55362,0.27861009999999997
-92.63597,-267.7076,7.0,38.5236,0.1788014
-64.99977,-270.4854,7.0,39.36077,-0.02259825
-49.8799,-247.0694,7.0,40.12806,0.1279277
-47.57027,-215.7464,7.0,44.581,0.2378156
-30.382590000000004,-187.3687,7.0,47.2691,0.3582242
-5.534534,-160.2003,7.0,51.69421,0.3534257
9.175372,-132.92700000000002,7.0,28.171129999999998,-0.8884037
1.685516,-116.2058,7.0,29.32994,0.2639545
-5.907704,-93.72134,7.0,38.7255,1.2387139999999999
-1.8737650000000001,-58.595369999999996,7.0,56.46849,1.1373209999999998
-1.2933569999999999,-11.33765,7.0,67.68436,-1.055553
-6.123057,31.458809999999996,7.0,43.199940000000005,-1.415339
-25.75123,41.71709,7.0,31.3439,1.0179799999999999
-53.533190000000005,40.5652,7.0,40.99242,0.3788802
-85.72966,40.477909999999994,7.0,45.75558,0.356978
-121.2792,41.36272,7.0,49.83757,-0.14745439999999999
-146.5955,29.753840000000004,7.0,27.697540000000004,-0.07777967
-145.6254,7.870783,7.0,32.25732,0.2908097
-145.204,-17.98421,7.0,37.52619,0.3631719
-149.4159,-46.73518,8.0,39.303129999999996,-0.7139764000000001
-167.1541,-62.16356,8.0,21.76911,-0.4009296
-162.619,-76.86948000000001,8.0,26.670740000000002,0.42882309999999996
-141.9132,-77.49407,8.0,31.07228,0.3765225
-119.9138,-84.70215,8.0,33.96437,0.3011156
-110.7204,-108.4325,8.0,36.744659999999996,0.05542748
-125.992,-129.8759,8.0,37.82373,0.1012096
-145.9661,-128.6342,8.0,10.64396,-2.833454
-144.9508,-126.2782,8.0,7.084282000000001,0.26649870000000003
-141.7162,-119.4519,8.0,13.781820000000002,0.4346383
-146.5541,-108.2283,8.0,19.8794,0.39955040000000003
-161.0658,-102.9168,8.0,23.46876,0.04172642
-167.6448,-118.2342,8.0,26.328000000000003,0.2025411
-167.1307,-139.7914,8.0,31.776159999999997,0.366623
-171.1127,-164.9344,8.0,36.9252,0.1711081
-169.5486,-194.1216,8.0,41.75763,0.33589109999999994
-168.5475,-226.7662,8.0,46.41061,0.14609370000000002
-155.5781,-254.8035,8.0,37.57405,-0.8148623
-134.0222,-250.84400000000002,8.0,27.272940000000002,0.0318697
-126.9974,-230.08900000000003,8.0,32.9063,0.3744835
-127.2334,-203.7653,8.0,38.13597,0.3557433
-119.586,-180.49599999999998,8.0,21.56064,-1.870813
-109.0912,-184.1273,8.0,17.96716,0.1878634
-106.9284,-199.3316,8.0,23.90383,0.4494593
-106.3311,-219.2903,8.0,29.718420000000002,0.1958891
-105.3273,-243.3118,8.0,35.074220000000004,0.3217026
-93.19628,-266.8593,8.0,37.89659,0.16414579999999998
-66.45284000000001,-270.7372,8.0,38.46107,0.02801944
-48.84489,-248.9121,8.0,40.015840000000004,0.1065098
-46.07711,-217.7799,8.0,44.56702,0.32238779999999995
-31.977390000000003,-188.2957,8.0,46.147240000000004,0.31750159999999994
-7.089583999999999,-162.5826,8.0,50.45205,0.13927979999999998
8.827641,-132.4042,8.0,38.12876,-0.5607572
-2.621188,-109.5103,8.0,39.62547,0.5657998000000001
-4.7267660000000005,-81.33368,8.0,40.967209999999994,0.3626724
-1.378018,-49.38711,8.0,45.57493,0.1532435
-1.557481,-13.98308,8.0,50.03205,0.3147409
-4.1315029999999995,24.3402,8.0,50.0661,-0.7861615
-21.706210000000002,42.72552,8.0,21.25883,-1.35774
-26.3217,39.86618,8.0,6.7738309999999995,0.2630813
-32.31157,37.348420000000004,8.0,13.13439,0.4719571
-40.93016,45.6352,8.0,19.41287,0.4031245
-48.03092,48.586459999999995,8.0,0.02055145,0.006498571
-48.03075,48.53756,8.0,1.044906,0.37888099999999997
-48.434779999999996,45.8681,8.0,5.246007,0.06720557
-47.0713,43.22703,8.0,0.02516026,-0.5912889
-50.03009,45.26768,8.0,9.496739,0.6677048000000001
-60.05542,45.9611,8.0,18.10241,0.3098688
-76.47951,44.01099,8.0,26.33812,0.5643483
-98.72765,42.101409999999994,8.0,33.9298,0.24768769999999998
-126.3694,43.980709999999995,8.0,40.167590000000004,0.06530066
-144.4202,24.394289999999998,8.0,39.02219,0.38763590000000003
-145.3253,-7.640461999999999,8.0,47.58597,0.6022844
-141.9507,-33.93522,9.0,2.966936,-0.06210035
-142.3555,-36.34518,9.0,7.357912,1.5129920000000001
-145.5584,-44.82757,9.0,13.867870000000002,-0.21191060000000003
-151.9632,-51.28888,9.0,11.37984,-0.03423072
-161.422,-54.39771999999999,9.0,13.091439999999999,-0.11516660000000002
-166.8155,-60.485409999999995,9.0,10.028080000000001,-0.1932882
-162.8479,-70.15286,9.0,20.760270000000002,0.5142549
-149.3899,-73.44301,9.0,17.23527,-0.1347303
-137.6524,-73.01274000000001,9.0,16.729779999999998,1.126096
-121.5965,-78.6843,9.0,25.534470000000002,0.03596003
-109.4565,-93.3395,9.0,26.44057,0.05831452
-107.6714,-110.5961,9.0,13.92491,-1.129795
-110.1405,-119.1252,9.0,10.90428,0.0943479
-117.0218,-130.0985,9.0,21.611,-0.09578148
-130.1834,-135.0123,9.0,17.28899,-0.2903864
-140.7281,-130.0812,9.0,17.25432,1.065835
-147.2425,-114.3499,9.0,27.29356,0.566391
-155.4123,-100.1108,9.0,15.859160000000001,-0.3446437
-164.127,-102.7226,9.0,13.384910000000001,0.8720966999999998
-167.6705,-117.74700000000001,9.0,28.47503,1.004667
-168.7406,-143.8201,9.0,41.53736,0.5467333000000001
-167.77200000000002,-176.7414,9.0,46.587709999999994,0.20571779999999998
-164.3885,-211.1742,9.0,43.99395,-0.3034225
-162.5511,-239.4593,9.0,29.151640000000004,-1.086529
-154.2081,-255.9118,9.0,22.603289999999998,-0.18884990000000001
-140.4915,-259.9818,9.0,17.37995,-0.335113
-129.1261,-248.953,9.0,28.812179999999998,1.09037
-125.2553,-223.8189,9.0,37.55238,-0.5470489000000001
-128.6607,-200.136,9.0,22.82581,-1.6490939999999998
-127.6882,-188.0775,9.0,14.054160000000001,-0.1556191
-119.6207,-181.7174,9.0,18.39876,0.2322144
-106.9481,-185.5903,9.0,16.52988,-0.346069
-102.6194,-196.6664,9.0,20.92735,1.115784
-103.3688,-217.5082,9.0,33.939,0.6665826
-106.1717,-244.5471,9.0,36.85068,-0.1037363
-96.99951999999999,-268.1962,9.0,33.231790000000004,-0.3261624
-73.88664,-272.437,9.0,32.61311,-0.03388464
-54.226569999999995,-259.9047,9.0,32.68093,0.31454040000000005
-47.691629999999996,-235.4312,9.0,35.65099,0.1737427
-43.48024,-208.6764,9.0,35.85841,-0.3058782
-36.222120000000004,-184.6633,9.0,31.5762,-0.3818263
-21.72775,-169.2968,9.0,25.72345,-0.3597676
-7.4537830000000005,-159.4625,9.0,21.45206,-0.161649
4.708043,-151.2366,9.0,17.955270000000002,-0.09190599
12.52866,-139.2386,9.0,22.84382,0.5313779000000001
6.0966190000000005,-122.1029,9.0,28.135540000000002,0.3043505
-6.1544989999999995,-104.4318,9.0,29.67355,0.04137987
-10.84733,-82.72321,9.0,30.490879999999997,0.1378469
-10.073210000000001,-58.542609999999996,9.0,34.48988,0.05602611
-5.738173000000001,-32.79322,9.0,35.91605,0.08820304
-1.9710400000000001,-6.107907,9.0,36.15769,-0.5213792
-4.23034,16.44865,9.0,25.084770000000002,-0.3305612
-9.393559,31.2197,9.0,18.56379,-0.2212552
-23.028010000000002,42.51786,9.0,28.501520000000003,0.5383468000000001
-46.42347,44.71887,9.0,35.42796,0.2626019
-75.29682,44.13142,9.0,42.55526,0.5209394
-109.3007,42.41888,9.0,48.32383,0.06669787
-139.4588,36.64182,9.0,33.75503,0.2706102
-145.9204,13.7815,9.0,36.09454,0.5268042
-141.6432,-15.16359,9.0,42.61627,0.11563019999999999
-144.4407,-37.64846,10.0,17.178279999999997,-0.2526006
-150.4809,-49.530429999999996,10.0,20.13599,-0.3600525
-161.9537,-56.07645,10.0,16.12444,-0.27817729999999996
-166.9834,-64.42981999999999,10.0,14.06671,0.6089786
-158.4806,-72.98257,10.0,17.79055,0.03732941
-144.9541,-72.45943,10.0,18.228070000000002,-0.16930620000000002
-131.3307,-74.60597,10.0,23.466260000000002,0.5894925999999999
-114.1767,-84.93994,10.0,30.661920000000002,0.21745229999999996
-107.3332,-108.0123,10.0,36.23135,0.4169313
-117.0186,-128.857,10.0,24.40236,-0.4196391
-132.085,-133.7209,10.0,19.31035,-0.32288790000000006
-142.8886,-126.7134,10.0,20.330389999999998,0.6090938
-147.5267,-109.9279,10.0,23.589489999999998,-0.38488249999999996
-151.3587,-103.5409,10.0,6.081919,0.6283793000000001
-158.7007,-100.48100000000001,10.0,14.72287,0.4670451
-166.9888,-109.3631,10.0,20.8364,0.2585407
-168.3565,-127.4385,10.0,27.97604,0.5428797
-168.9113,-150.7919,10.0,34.55196,0.13810139999999999
-168.1849,-177.7653,10.0,38.30191,0.13778189999999998
-165.4294,-206.7547,10.0,38.12959,-0.5863379
-163.9111,-232.1447,10.0,30.656,-0.4816727
-159.046,-251.3346,10.0,23.52806,-0.4551201
-145.6111,-259.6025,10.0,23.49115,0.2811571
-130.9821,-251.8371,10.0,24.63966,0.29485520000000004
-124.7533,-233.2558,10.0,28.245179999999998,0.2004307
-126.7122,-211.37599999999998,10.0,29.52389,-0.4670992
-127.9707,-194.4401,10.0,16.70744,-0.3220485
-125.5064,-184.2964,10.0,12.08743,-0.31304529999999997
-115.7115,-182.0452,10.0,17.21154,0.1628272
-104.6191,-188.4648,10.0,18.14765,0.06133435
-103.2152,-202.5001,10.0,20.54488,0.1830567
-104.2197,-218.4268,10.0,21.80165,-0.009993128
-105.6164,-235.6935,10.0,26.652720000000002,0.4638935
-104.7965,-257.0987,10.0,29.88107,-0.04305243
-89.69644,-272.1272,10.0,33.22437,0.6433352
-63.25581999999999,-268.5818,10.0,38.62862,0.07294571
-49.45136,-245.1296,10.0,40.183040000000005,0.28785609999999995
-44.95707,-213.8289,10.0,43.243109999999994,-0.6844431
-36.560759999999995,-186.3925,10.0,34.49075,-0.5784833
-21.56778,-169.666,10.0,27.102990000000002,-0.46450280000000005
-8.197011,-160.1916,10.0,13.56052,-0.27792680000000003
0.9835947,-153.7788,10.0,20.14668,0.35096459999999996
11.48958,-143.7233,10.0,20.112370000000002,0.503895
9.841785,-126.5999,10.0,27.8456,0.3710467
-4.646095,-109.0544,10.0,33.5476,0.2008016
-10.30081,-84.36231,10.0,31.688570000000002,-0.26814140000000003
-9.451227000000001,-60.14383,10.0,35.7992,0.479436
-5.866827,-31.47387,10.0,42.004490000000004,0.4295064
-1.888134,1.461971,10.0,47.55809,0.3675335
-10.95626,34.16458,10.0,42.92405,-0.1127532
-40.27959,45.128479999999996,10.0,45.23462,0.1473708
-75.73645,44.30281,10.0,50.54182,0.18466729999999998
-114.4911,41.22034,10.0,50.22647,-1.5232649999999999
-143.8259,32.5695,10.0,38.59332,-0.32920770000000005
-145.6537,6.645249000000001,10.0,38.52583,0.45421229999999996
-141.9813,-23.16865,10.0,40.34813,-1.7489080000000001
-150.0926,-47.54351,11.0,35.48065,0.2519576
-168.9398,-66.27767,11.0,32.00448,-1.527792
-163.5784,-80.79729,11.0,19.76823,-0.1093513
-151.0709,-71.51906,11.0,24.52244,0.26668020000000003
-132.6315,-73.52291,11.0,29.20642,0.4662880999999999
-114.6358,-87.94081,11.0,30.04495,-0.2942177
-109.5669,-110.7273,11.0,35.097,0.1654722
-121.5103,-130.1342,11.0,26.7287,-0.09200282
-141.0231,-128.408,11.0,31.168640000000003,0.13453370000000003
-145.637,-106.6938,11.0,21.229689999999998,-3.198037
-152.9432,-100.7552,11.0,17.50055,0.46161599999999997
-165.8591,-108.0092,11.0,24.35235,0.30204440000000005
-166.02900000000002,-128.1326,11.0,30.64015,0.47231309999999993
-168.2202,-153.1269,11.0,37.01168,0.4316231
-166.8032,-182.6483,11.0,42.94495,0.20024260000000002
-163.9771,-216.51,11.0,48.40844,-0.04771138
-159.7605,-248.178,11.0,34.86172,-1.421813
-142.5907,-259.9528,11.0,30.153890000000004,0.09119727
-127.7358,-245.9751,11.0,31.55919,0.4588415
-125.5844,-220.3087,11.0,37.63702,0.43326549999999997
-127.7703,-193.0688,11.0,33.55238,0.1744175
-113.7241,-179.8623,11.0,25.665589999999998,-0.3935659
-107.3136,-195.1869,11.0,26.94262,0.5118814
-105.5779,-217.3335,11.0,33.17422,0.2041055
-107.2133,-244.1521,11.0,39.16896,0.1645897
-94.27619,-269.8022,11.0,39.71033,-0.4030083
-65.3074,-269.3183,11.0,42.03179,0.1799231
-48.4129,-245.3486,11.0,42.68805,0.4432858
-43.49723,-211.9152,11.0,48.407790000000006,0.4278141
-30.018159999999998,-177.6918,11.0,51.7434,0.12501569999999998
-4.283483,-158.7607,11.0,34.12697,0.001113307
11.1731,-142.3682,11.0,26.65755,-0.6683043000000001
8.671606,-125.2024,11.0,25.46187,0.4641081
-3.913582,-108.0593,11.0,31.77337,0.3894796
-9.757017,-83.09116,11.0,37.84383,0.2200489
-8.903764,-52.89728,11.0,43.69639,0.43563500000000005
-2.859841,-18.98198,11.0,49.288990000000005,0.1762288
-4.454973000000001,19.07401,11.0,53.15178,-0.27364109999999997
-26.83708,44.7841,11.0,46.26959,-0.1268963
-62.05228,43.005,11.0,50.143609999999995,0.18979849999999998
-101.1462,41.4926,11.0,55.457280000000004,0.3695952
-137.8818,36.36377,11.0,43.66896,-0.26222290000000004
-149.2428,10.33973,11.0,40.35007,0.2268049
-142.1189,-20.63569,11.0,45.27895,0.1488057
-149.7392,-48.56828,12.0,30.74532,-1.303341
-167.4598,-58.76445,12.0,27.443759999999997,-0.4491411
-160.3943,-72.22668,12.0,24.31877,0.2861631
-140.1551,-71.47894000000001,12.0,30.57968,0.2211538
-117.7094,-81.37213,12.0,36.15728,0.3227447
-106.5703,-106.09200000000001,12.0,38.94257,-0.6016719
-117.4097,-125.8893,12.0,28.22144,0.9346763000000001
-134.6167,-132.9915,12.0,22.18657,-0.5378603
-145.9299,-121.7878,12.0,25.761470000000003,0.4330532999999999
-151.6388,-102.9236,12.0,23.31096,-1.850061
-165.3339,-104.0068,12.0,20.355,0.17499489999999998
-167.4037,-123.0396,12.0,33.622279999999996,0.4818239
-168.8744,-150.2945,12.0,39.86481,0.40093070000000003
-166.9998,-181.953,12.0,45.57155,0.4344067
-164.9088,-217.731,12.0,51.14463,0.1824407
-158.6869,-251.6884,12.0,40.20065,-0.7530321
-138.0993,-256.0632,12.0,27.709229999999998,0.4722812
-128.0707,-236.3532,12.0,32.84109,0.4958295999999999
-125.939,-209.8977,12.0,38.06037,-1.028182
-126.2369,-185.1952,12.0,31.69835,-0.29880809999999997
-108.3389,-183.4424,12.0,25.29316,-0.3831354
-109.7729,-201.8492,12.0,28.516679999999997,0.20579410000000004
-109.8759,-225.3552,12.0,34.960159999999995,0.23082460000000002
-105.7852,-253.2298,12.0,41.0164,0.35087199999999996
-84.90596,-271.8976,12.0,39.38694,0.04183681
-55.422959999999996,-264.2998,12.0,43.57284,-0.2928137
-46.75627,-239.2964,12.0,33.26827,-0.7160919
-53.31739,-220.7942,12.0,13.298070000000001,-3.245301
-53.2109,-215.7081,12.0,4.940831,-1.006979
-53.07874,-215.6401,12.0,4.465606,0.6729055
-48.117329999999995,-218.8212,12.0,12.20076,0.5103962000000001
-42.18135,-210.8456,12.0,14.396020000000002,-0.3015733
-41.55774,-200.5783,12.0,17.9518,1.062761
-37.63374,-185.1582,12.0,25.08449,0.5016298
-23.88287,-169.5851,12.0,31.5017,0.47910459999999994
-1.986918,-156.1673,12.0,37.77565,0.1888951
12.44638,-134.9762,12.0,30.44245,-0.9664843000000001
2.113326,-115.1471,12.0,36.417790000000004,0.6350923
-10.02275,-85.07234,12.0,51.40317,0.4939708
-7.358184,-45.53407,12.0,55.975480000000005,0.3664888
-2.1957400000000002,-2.744344,12.0,59.290130000000005,-1.182376
-8.767547,29.26535,12.0,31.71077,1.1073520000000001
-29.01043,45.025909999999996,12.0,37.52827,0.2607833
-58.481080000000006,44.26662,12.0,42.68063,0.4199492
-92.23678000000001,43.83798,12.0,48.31847,0.39378620000000003
-128.9417,39.80362,12.0,48.256209999999996,-0.5421531999999999
-153.4444,21.29765,12.0,26.52487,-0.49394259999999995
-153.8245,12.5499,12.0,0.42855770000000004,0.4418206
-150.2227,12.275960000000001,12.0,9.137672,0.2957439
-146.4747,3.9639010000000003,12.0,16.77091,0.5356219
-144.9409,-11.17345,12.0,24.12527,0.5263948
-142.0574,-31.36542,12.0,30.84778,0.2280599
-142.6587,-37.77802,13.0,10.491060000000001,0.5799969
-147.8251,-46.95238,13.0,18.11479,0.503841
-161.4419,-55.26699,13.0,24.99166,0.3695033
-166.1622,-70.26332,13.0,19.30534,-0.5428069999999999
-154.8488,-76.23836999999999,13.0,19.72325,0.2039207
-139.987,-72.53941,13.0,19.05742,-0.1963201
-124.6591,-74.65508,13.0,24.78473,0.4724306
-110.1141,-88.50671,13.0,30.587709999999998,0.19836070000000003
-108.245,-112.3738,13.0,35.274609999999996,0.2728854
-127.0569,-131.2653,13.0,38.7156,0.01989718
-145.8284,-125.9683,13.0,16.3098,-1.752851
-142.3624,-123.00200000000001,13.0,9.211093,0.2757157
-138.7403,-122.4555,13.0,3.7398870000000004,0.27618309999999996
-143.7431,-124.6112,13.0,10.10538,-0.1283137
-145.5278,-129.1092,13.0,1.362641,-0.7629026
-144.9721,-126.6305,13.0,8.048244,0.6495741999999999
-140.7675,-118.522,13.0,16.40354,0.5675073
-143.1327,-104.4818,13.0,23.37699,0.46534390000000003
-159.37,-98.84862,13.0,24.49239,-0.603191
-167.1272,-113.8272,13.0,27.9142,0.2632788
-167.7352,-137.1401,13.0,34.97335,0.5053684
-167.7139,-165.6858,13.0,41.68485,0.4586146
-167.9509,-198.8867,13.0,47.93049,0.21410229999999997
-167.0496,-236.3921,13.0,50.952529999999996,-1.101669
-144.5767,-257.6837,13.0,41.10923,-0.9466209000000001
-127.3753,-244.2307,13.0,30.728579999999997,0.49029609999999996
-127.8439,-217.8425,13.0,40.51757,0.5253065
-127.25299999999999,-190.0843,13.0,23.79654,-2.3567099999999996
-119.62799999999999,-181.7835,13.0,14.83809,0.2626635
-107.9025,-187.3298,13.0,22.594910000000002,0.39559440000000007
-104.89,-206.0892,13.0,29.440559999999998,0.5001988
-107.994,-230.2741,13.0,36.319829999999996,0.21582420000000002
-100.8472,-257.7565,13.0,41.4281,0.16582779999999997
-74.97078,-272.6743,13.0,42.61737,-0.004594450999999999
-51.31923,-254.7654,13.0,42.57662,0.06948228
-48.29736,-221.8309,13.0,46.549609999999994,-0.3308999
-38.18183,-191.9023,13.0,43.656729999999996,0.37687709999999996
-14.97471,-166.5751,13.0,49.46847,0.4668348
8.209723,-136.9456,13.0,48.17346,-1.019654
0.911689,-109.3168,13.0,33.98775,-0.5686116
-8.658496000000001,-91.13924,13.0,30.836579999999998,0.5316276999999999
-6.012073,-65.90039,13.0,37.68683,0.4776402
-5.306012,-35.57428,13.0,44.17625,0.2124654
-3.7678160000000003,-0.5636165,13.0,50.28372,0.4210957
-11.13926,34.263459999999995,13.0,41.058479999999996,-1.892841
-31.55723,40.18332,13.0,20.05115,-1.787842
-35.08108,32.583659999999995,13.0,0.3083739,0.28372790000000003
-35.13519,32.5906,13.0,0.05998005,0.02162276
-35.13628,32.67373,13.0,1.563268,0.7486124
-34.086459999999995,36.80233,13.0,9.60293,0.24388310000000002
-32.39659,43.715759999999996,13.0,5.409451,-0.37863270000000004
-32.41565,44.2001,13.0,3.730078,0.3057127
-36.981640000000006,41.186009999999996,13.0,11.591239999999999,0.5209377000000001
-47.86315,44.0692,13.0,18.874489999999998,0.5161073
-64.28696,45.017990000000005,13.0,25.57718,0.46907719999999997
-85.39798,42.08959,13.0,31.9131,0.210749
-111.2439,43.04629,13.0,37.734790000000004,0.3800412
-138.6385,34.46702,13.0,38.84448,0.009962432
-147.864,8.694623,13.0,40.05938,0.1825009
-144.599,-22.793779999999998,13.0,45.35145,0.3498079
-152.0344,-52.65263,14.0,33.208659999999995,-0.9278197
-162.9812,-68.23373000000001,14.0,22.83495,0.3324474
-147.1966,-75.71281,14.0,28.14733,0.45831869999999997
-124.9431,-79.44611,14.0,33.1824,0.32563800000000004
-109.8747,-99.81709000000001,14.0,36.81641,0.1703704
-118.4904,-125.3416,14.0,38.93314,0.11167809999999999
-142.3107,-129.7109,14.0,26.497290000000003,-0.5313956
-145.7073,-120.141,14.0,1.888223,-0.5313366999999999
-146.5568,-119.1658,14.0,1.9096259999999998,-0.01064495
-147.3771,-118.1761,14.0,1.495929,-0.1765414
-148.8041,-117.3502,14.0,4.159463,-0.01908885
-150.9662,-117.484,14.0,0.6262998000000001,0.5674842
-147.7597,-115.3928,14.0,9.571252000000001,0.31067
-144.7205,-106.2031,14.0,17.42578,0.4847378
-155.2592,-96.7088,14.0,23.14002,0.2639915
-167.7976,-107.8856,14.0,26.993859999999998,0.35144970000000003
-166.3069,-130.2417,14.0,33.758,0.4903473
-166.7348,-157.7686,14.0,40.557829999999996,0.2324601
-167.0908,-190.2401,14.0,46.99973,0.21385720000000003
-166.6559,-227.3009,14.0,52.52056999999999,-0.24279070000000003
-151.9321,-253.7068,14.0,30.65454,-1.094417
-141.6698,-252.2377,14.0,4.713196,-0.17618720000000002
-141.1669,-249.7145,14.0,3.0509049999999998,0.41827129999999996
-136.5972,-248.0688,14.0,10.74349,0.2307814
-127.3276,-251.7078,14.0,13.378820000000001,-0.3246022
-121.0812,-247.7885,14.0,10.69785,0.2237239
-123.4528,-236.8107,14.0,19.69304,0.5928094
-126.4555,-219.6199,14.0,27.370690000000003,0.5480335
-127.84100000000001,-196.6796,14.0,34.56348,0.22237300000000002
-115.5317,-178.9828,14.0,26.95417,-1.343071
-105.2837,-191.3848,14.0,29.55169,0.6558279
-107.3905,-220.75,14.0,49.755359999999996,1.366133
-98.79914000000001,-259.8764,14.0,52.63912,-0.6668189999999999
-68.25915,-271.6354,14.0,46.6862,0.04063567
-48.183279999999996,-248.4958,14.0,43.25067,0.05488009
-48.284459999999996,-214.8167,14.0,47.740559999999995,0.17749679999999998
-29.68597,-183.3186,14.0,52.28556,0.38205559999999994
-0.5223697,-154.9566,14.0,56.53746999999999,-0.2076445
8.876331,-123.6953,14.0,30.776840000000004,-0.9091132
-2.9954400000000003,-107.2998,14.0,28.56982,0.42475640000000003
-5.634083,-84.07778,14.0,35.13418,0.4926166
-3.3023540000000002,-55.63207,14.0,41.87422,0.2374174
-2.226184,-22.178160000000002,14.0,48.22849,0.22475679999999998
-3.707235,15.674000000000001,14.0,52.767630000000004,-0.7764118
-22.60753,41.87558,14.0,43.27221,-0.07542544
-55.73536,40.549609999999994,14.0,47.59836,0.4157012
-93.20792,40.21471,14.0,53.545669999999994,0.1929411
-131.8138,39.92353,14.0,43.378029999999995,-1.7390240000000001
-145.3769,23.89999,14.0,14.06282,-2.850773
-143.4691,22.92154,14.0,6.308726999999999,0.46088
-141.2292,25.55133,14.0,1.422607,-0.9766302
-143.1731,23.060370000000002,14.0,8.05785,0.3870699
-148.8905,21.76204,14.0,4.6737459999999995,-0.7732986
-148.6833,21.56188,14.0,5.155854,0.6489176999999999
-143.5699,16.64077,14.0,14.06206,0.5918925
-140.7958,3.664368,14.0,22.239539999999998,0.5742669
-141.9713,-15.766589999999999,14.0,30.100559999999998,0.5639858
-141.8231,-35.32083,1.0,5.748133999999999,-0.03817416
-142.4231,-42.40661,1.0,14.270229999999998,0.2981399
-150.3322,-53.165569999999995,1.0,22.52701,0.29826909999999995
-163.1002,-66.48009,1.0,27.2848,-0.1933319
-150.793,-76.13518,1.0,23.87821,0.05012551
-136.9869,-69.04033000000001,1.0,12.18167,-0.9755984000000001
-135.8644,-68.27861,1.0,0.0261533,0.000532065
-135.8455,-68.2814,1.0,0.0253054,6.395614e-06
-135.8288,-68.28350999999999,1.0,0.01865065,0.02747924
-136.0811,-69.7243,1.0,4.3853800000000005,-0.05112711
-135.6968,-73.04348,1.0,4.301887000000001,-0.05639980000000001
-136.1973,-75.80081,1.0,3.510224,-0.01883375
-136.328,-76.11910999999999,1.0,4.194641000000001,0.35122329999999996
-130.1001,-75.05618,1.0,13.114770000000002,0.6495764
-119.3649,-80.85406,1.0,20.65628,0.286346
-111.6015,-97.34293000000001,1.0,28.422079999999998,0.49877910000000003
-113.5835,-119.865,1.0,34.149840000000005,0.1887297
-134.7898,-133.3008,1.0,33.827040000000004,-1.3159889999999999
-146.6802,-120.7852,1.0,22.01505,-0.249782
-138.475,-109.0451,1.0,5.764981,-8.025197
-138.4581,-108.7209,1.0,0.02436969,0.004319069
-138.4588,-108.7376,1.0,0.01594001,-0.05871305
-140.4972,-108.1388,1.0,7.267884,0.6097840999999999
-145.4653,-110.4368,1.0,4.943999,-1.528738
-144.989,-109.3637,1.0,6.309945,0.3044412
-145.4961,-101.806,1.0,14.628229999999999,0.5562575
-156.1068,-95.68549,1.0,17.02498,-0.3786509
-164.9369,-101.699,1.0,16.73242,0.6144119
-167.3183,-119.6038,1.0,31.10962,0.42079579999999994
-167.6669,-145.3234,1.0,39.46539,0.7852625
-164.1223,-172.6666,1.0,33.75484,-0.5107508
-167.9604,-195.8943,1.0,34.85828,1.35554
-166.6526,-224.873,1.0,37.4382,-0.5384971
-160.0741,-247.6383,1.0,27.50859,-0.8145964
-141.045,-250.0324,1.0,29.35772,0.1971251
-122.2827,-238.8831,1.0,26.51315,-1.380851
-129.8968,-223.8448,1.0,25.69435,-0.2166295
-125.0452,-209.0395,1.0,21.280910000000002,-0.42498859999999994
-124.2334,-195.8216,1.0,18.05565,-0.1136279
-121.8626,-185.2386,1.0,15.0245,0.3434712
-111.12100000000001,-188.9182,1.0,16.69435,-0.1633114
-110.1237,-200.0196,1.0,14.015620000000002,-0.08842409
-109.66799999999999,-212.1749,1.0,20.40804,0.5927451
-107.8009,-230.0647,1.0,28.083209999999998,0.2711928
-103.1409,-252.9772,1.0,34.906859999999995,0.1928716
-83.44872,-270.7159,1.0,38.73173,0.16856079999999998
-57.508140000000004,-261.6738,1.0,39.56174,0.07382047
-51.864329999999995,-232.9004,1.0,42.78306,0.36782070000000006
-40.44307,-201.7201,1.0,47.85888,0.3929862
-16.59449,-173.0332,1.0,53.32816,0.1934496
7.640828999999999,-139.34799999999998,1.0,58.361000000000004,0.0
11.066469999999999,-108.1262,1.0,19.541610000000002,-3.7741239999999996
9.885784,-104.3132,1.0,0.6069189,-0.01882478
9.980408,-104.3896,1.0,2.402822,0.3367054
13.43164,-106.61399999999999,1.0,8.081553999999999,0.2920889
18.297639999999998,-106.9919,1.0,2.4918400000000003,-0.7159823000000001
16.81185,-107.448,1.0,6.536879,0.6149882
9.591791,-110.7257,1.0,14.592310000000001,0.7305678000000001
0.01636571,-107.3681,1.0,18.46189,0.45826890000000003
1.247825,-91.21222,1.0,25.273239999999998,0.39978420000000003
-4.277792,-70.80104,1.0,31.97835,0.44421140000000003
-5.792542,-44.67024,1.0,38.66768,0.47068409999999994
-6.41831,-13.662120000000002,1.0,44.97433,0.212117
-7.017444,21.761860000000002,1.0,48.49351,-1.418405
-18.2976,44.16185,1.0,18.007,-1.494038
-27.524790000000003,39.49532,1.0,17.48164,0.514003
-42.70411,38.65129,1.0,24.552229999999998,0.5391654
-63.45534,39.67345,1.0,31.66446,0.5183198
-89.45366999999999,39.66401,1.0,38.46021,0.47598290000000004
-120.295,40.5896,1.0,44.789809999999996,0.2181163
-143.7387,31.845309999999998,1.0,23.58588,-1.40362
-140.6391,24.64507,1.0,8.639227,0.2636948
-137.7517,24.2563,1.0,0.0666248,-0.01001583
-137.7516,24.21329,1.0,0.04820821,-0.03195296
-139.5198,24.60141,1.0,6.244986,1.017975
-146.2257,24.12847,1.0,11.03112,-0.04767812
-151.0926,25.38919,1.0,1.8206330000000002,-0.3454525
-149.4433,24.42426,1.0,6.795047,0.5950853
-147.1554,17.17734,1.0,14.33574,0.25496820000000003
-151.9933,5.073765,1.0,20.656679999999998,0.187124
-148.1209,-12.07903,1.0,27.135209999999997,0.48955879999999996
-146.0989,-34.434329999999996,2.0,33.41623,0.3545708
-159.98,-52.402570000000004,2.0,33.27424,0.03685798
-164.484,-70.61445,2.0,23.05844,-0.5595763000000001
-156.3128,-70.09239000000001,2.0,8.567763000000001,0.24076799999999998
-155.7035,-68.52744,2.0,0.05416606,-0.02572786
-155.6877,-68.56275,2.0,0.8717958,0.6561885999999999
-156.246,-71.46086,2.0,5.193767,-0.02436811
-156.8717,-74.89663,2.0,2.890085,-0.3940814
-155.7115,-73.84699,2.0,6.85575,0.3293828
-147.6967,-73.80996,2.0,15.560360000000001,0.5657895000000001
-136.0089,-81.6201,2.0,19.99204,-0.31724959999999996
-123.0777,-85.16315,2.0,17.38235,0.469174
-111.8445,-99.19289,2.0,31.26455,0.7400314
-116.3541,-120.9105,2.0,32.58383,0.26336329999999997
-136.9132,-130.5805,2.0,29.14354,-0.6340095
-144.3425,-118.5031,2.0,20.85247,0.4533460999999999
-140.3372,-104.6186,2.0,18.41023,0.2876519
-154.3729,-101.9984,2.0,21.02351,-0.31743190000000004
-160.9962,-112.1245,2.0,16.58821,-0.161973
-163.3171,-124.7164,2.0,19.06683,0.29976540000000007
-165.4109,-142.2543,2.0,28.02088,0.5808585
-165.3125,-165.8894,2.0,35.672709999999995,0.5235748
-165.6514,-195.0597,2.0,42.837109999999996,0.5133492000000001
-165.5539,-229.2873,2.0,49.244170000000004,-0.006076734
-156.7395,-250.1069,2.0,22.599079999999997,0.4330068
-137.7536,-251.7472,2.0,29.77395,0.2438969
-125.36,-238.1214,2.0,24.23764,-0.05339222
-126.2674,-217.4499,2.0,33.35445,0.2441339
-126.2451,-191.0979,2.0,29.49097,-1.7730110000000001
-119.081,-183.9439,2.0,12.73259,0.2980477
-111.0775,-191.3905,2.0,19.67857,0.5707878000000001
-109.5861,-208.981,2.0,27.79607,0.279814
-106.93,-232.2892,2.0,35.44297,0.5161975999999999
-97.91895,-259.3905,2.0,41.66944,0.3005523
-71.47231,-269.8394,2.0,40.25622,0.1164028
-49.77978,-249.6075,2.0,42.3224,-0.03644902
-48.73561,-217.1255,2.0,46.740429999999996,0.41382520000000006
-31.857609999999998,-186.0677,2.0,50.98146,0.21938760000000002
-4.628226000000001,-156.6307,2.0,57.07909,0.4331417
8.729391,-127.8677,2.0,22.74984,-1.446884
-0.6914465,-116.7628,2.0,23.20684,0.5301882
-6.661859,-98.38108000000001,2.0,30.274079999999998,0.5469096999999999
-6.656210000000001,-73.16942,2.0,37.7396,0.5481996
-6.806975,-42.58798,2.0,44.749759999999995,0.2312228
-7.270115,-6.937498,2.0,51.37332,0.452504
-9.221966,31.76,2.0,46.44055,-1.791125
-24.46886,46.17044,2.0,12.16963,-2.896925
-25.53545,44.19652,2.0,6.482528,0.6426202
-30.888920000000002,39.69709,2.0,14.68834,0.5827311
-43.46867,45.346509999999995,2.0,22.74511,0.5135310000000001
-62.49731,44.83262,2.0,29.85588,0.2832905
-87.33173000000001,41.87658,2.0,37.38061,0.5018666
-117.5913,40.89751,2.0,44.349090000000004,0.23846420000000002
-147.0518,30.68119,2.0,33.277570000000004,-1.273025
-149.6621,18.85315,2.0,1.974639,-0.48679459999999997
-145.7105,18.92975,2.0,9.896878,0.3125095
-144.0184,9.487726,2.0,18.01322,0.5664186999999999
-151.2119,-4.624853,2.0,24.418670000000002,0.2261005
-146.2369,-24.54787,2.0,31.289109999999997,0.2417134
-142.7274,-38.27639,3.0,11.89368,-0.04782928
-146.2903,-46.24776,3.0,14.32557,0.4940776
-156.3836,-53.161530000000006,3.0,15.791910000000001,-0.22819899999999999
-165.69,-57.23766,3.0,12.10785,-0.3418884
-165.6748,-64.74693,3.0,9.410275,-0.006194394000000001
-158.27100000000002,-71.86028,3.0,18.19221,0.4941616
-142.0856,-71.98603,3.0,25.74654,0.26001660000000004
-122.4311,-79.38764,3.0,27.657020000000003,-0.4639697
-110.1536,-92.99399,3.0,23.06095,-0.03453130000000001
-108.7039,-112.7578,3.0,26.55575,-0.4003184
-116.9995,-127.92299999999999,3.0,21.1223,-0.17512270000000002
-132.0681,-133.8177,3.0,25.08916,-0.5609921999999999
-143.6294,-122.0255,3.0,29.07345,0.5728675999999999
-153.5006,-104.4973,3.0,20.38182,-1.91283
-164.6491,-108.1423,3.0,20.01199,0.5068007000000001
-168.0303,-125.429,3.0,27.8943,0.5689534
-169.9161,-148.8474,3.0,35.36582,0.2633503
-167.4484,-177.544,3.0,42.36258,0.24243160000000002
-165.0627,-211.3718,3.0,48.98831,0.21634120000000004
-162.3685,-246.8999,3.0,43.28783,-1.470804
-143.3123,-258.5361,3.0,25.849420000000002,-0.6747125
-128.2068,-244.3372,3.0,31.772759999999998,0.3453049
-127.3219,-220.0396,3.0,36.71822,0.5235635999999999
-126.954,-193.7352,3.0,33.51162,0.36638119999999996
-115.68299999999999,-178.4225,3.0,23.45051,-0.467638
-109.463,-190.3695,3.0,23.47887,0.5602156
-106.2694,-209.5821,3.0,30.35186,0.26053930000000003
-105.2596,-232.1004,3.0,28.399040000000003,-0.20481729999999998
-105.4018,-254.0737,3.0,35.1097,0.40282140000000005
-87.58234,-271.7704,3.0,36.227129999999995,0.03568521
-64.57127,-268.7963,3.0,18.22605,-0.3999107
-56.60873,-267.0718,3.0,4.375786,-0.8842113000000001
-56.8671,-267.2025,3.0,1.773824,-0.3197069
-56.90616,-267.1652,3.0,2.698249,0.5192215
-54.29029,-264.0404,3.0,7.3082259999999994,0.1527116
-49.15943,-262.7335,3.0,6.678591,-0.9603689000000001
-48.46654,-263.2116,3.0,3.8475260000000002,0.6327505
-50.181670000000004,-257.4961,3.0,12.27303,0.5793686
-47.46116,-245.7363,3.0,20.25519,0.5464908
-44.33178,-228.2236,3.0,27.730690000000003,0.5194454000000001
-41.715740000000004,-205.1702,3.0,34.77832,0.49462029999999996
-30.6507,-180.9116,3.0,39.17216,0.4567737
-9.855392,-160.4473,3.0,31.603240000000003,-1.644384
4.323631,-149.2887,3.0,20.9572,-0.1771771
11.67837,-138.1172,3.0,15.99758,-0.1668134
9.70472,-127.17,3.0,17.3657,0.5669329000000001
0.34344949999999996,-114.7359,3.0,24.71078,0.26800009999999996
-7.750642999999999,-95.37825,3.0,31.74885,0.2573327
-10.46415,-69.67593000000001,3.0,38.26863,0.49549090000000007
-6.9881470000000006,-39.1073,3.0,44.55118,0.47523630000000006
-3.4392989999999997,-6.285789,3.0,41.392720000000004,-0.629204
-4.465269,12.57116,3.0,10.61117,-0.9078309000000001
-5.122015,16.5263,3.0,7.873701,0.6069483
-7.194732000000001,25.31355,3.0,16.36969,0.5812132
-15.184970000000002,37.65425,3.0,23.750339999999998,0.4742045999999999
-33.761309999999995,44.98333,3.0,30.450740000000003,0.44232079999999996
-58.81109,44.72509,3.0,37.28311,0.2375016
-88.89154,43.33651,3.0,43.91772,0.478049
-122.5919,40.19227,3.0,44.46925,-0.3428452
-148.4873,28.84367,3.0,35.59734,-1.038864
-144.4186,5.514098000000001,3.0,34.55623,0.05298191
-145.1616,-21.58318,3.0,39.796209999999995,0.44611769999999995
-147.8437,-49.878890000000006,4.0,29.00197,-2.703584
-161.6743,-54.4787,4.0,19.74231,0.01527011
-167.0079,-65.22321,4.0,20.918770000000002,0.1652606
-151.6526,-72.67773000000001,4.0,27.053379999999997,0.494304
-129.7214,-76.26312,4.0,33.49263,0.4740137
-111.0169,-94.72983,4.0,38.78463,0.319221
-114.2606,-121.3733,4.0,37.52585,0.02074115
-136.5992,-131.8864,4.0,33.00676,-0.8591259
-144.2915,-113.0549,4.0,31.045240000000003,0.180943
-152.8232,-98.78166999999999,4.0,16.71031,-0.202932
-164.2377,-106.2042,4.0,23.13906,0.46898090000000003
-168.643,-125.4261,4.0,30.344070000000002,0.2767082
-170.2583,-150.3736,4.0,37.18926,0.5082719
-167.3809,-180.3099,4.0,43.83266,0.46181289999999997
-164.1457,-214.9593,4.0,49.47065,-0.01642942
-161.3272,-247.0964,4.0,27.779840000000004,-1.606464
-149.9092,-256.3073,4.0,19.33579,1.369594
-133.562,-255.3542,4.0,24.9865,0.04959319
-126.1655,-236.0741,4.0,31.405040000000003,0.23828979999999997
-127.8337,-210.8945,4.0,37.57243,0.22017689999999998
-123.7215,-182.7983,4.0,38.12014,-0.8007925
-102.2045,-180.1096,4.0,27.2854,-0.8130531999999999
-104.8491,-194.2546,4.0,21.94885,0.401027
-114.5587,-201.3236,4.0,3.7820379999999996,-1.837032
-114.5551,-201.5556,4.0,0.006660062,0.01926453
-113.802,-201.7403,4.0,3.6353400000000002,0.3518697
-110.1781,-200.0282,4.0,7.1424449999999995,-0.004369841
-109.6797,-198.3147,4.0,1.617987,0.2882656
-109.1464,-202.1808,4.0,8.859107,0.5272163000000001
-107.2914,-211.1233,4.0,15.629389999999999,0.47347100000000003
-105.3024,-224.9145,4.0,21.95549,0.4531852
-105.9713,-243.3875,4.0,27.78288,0.3791953
-99.06779,-264.0312,4.0,32.04507,0.2287359
-76.81535,-271.8361,4.0,34.58145,0.2802217
-53.47979,-259.8933,4.0,37.20989,-0.08245885
-49.3353,-232.5348,4.0,39.74649,0.3587778
-43.209579999999995,-202.3821,4.0,43.9542,0.3417364
-24.42353,-174.8597,4.0,46.80024,0.008649726
-0.9923636999999998,-154.0221,4.0,30.28,-2.292104
10.59936,-142.3183,4.0,18.442079999999997,-0.4792659000000001
11.20509,-129.5203,4.0,22.71733,0.2164462
-0.33431740000000004,-114.5582,4.0,28.25037,0.1770322
-8.388931,-93.29075999999999,4.0,33.39407,0.3733836
-10.52443,-66.87224,4.0,38.38511,0.1760376
-6.066639,-37.013870000000004,4.0,43.12662,0.1662182
-1.454218,-3.716714,4.0,47.48771,0.2083069
-8.157033,28.68964,4.0,29.534979999999997,-3.26113
-24.161620000000003,41.79792,4.0,30.7804,0.30564359999999996
-48.55595,43.63027,4.0,35.696690000000004,0.3941078
-76.87608,43.30362,4.0,40.77016,0.3653958
-108.5412,41.32528,4.0,43.48222,-0.18472449999999999
-134.9334,37.91209,4.0,18.935679999999998,-3.405298
-144.4755,31.288259999999998,4.0,18.47479,0.4305598
-148.0627,16.070220000000003,4.0,24.20975,0.4237183
-144.9134,-3.702839,4.0,29.921609999999998,0.4335155
-141.6084,-27.61018,4.0,35.06084,0.3226909
-149.7365,-48.2946,5.0,26.11877,-0.1702442
-167.2006,-58.78219,5.0,25.57721,-1.33875
-162.6716,-69.54384,5.0,17.01064,-0.4022648
-149.4299,-70.94386999999999,5.0,21.939529999999998,0.22409099999999998
-131.4902,-75.327,5.0,27.84085,0.3899769
-112.9162,-87.38136999999999,5.0,32.416270000000004,0.2391129
-108.8681,-111.065,5.0,34.2298,-0.21495720000000001
-121.4117,-131.124,5.0,31.340709999999998,-0.9966288000000001
-139.3245,-129.3868,5.0,23.20412,0.12547660000000002
-145.6257,-111.975,5.0,27.62885,0.1684164
-160.9743,-100.3905,5.0,22.33108,-0.7032716999999999
-164.6452,-110.4512,5.0,16.53593,0.06610581
-166.6373,-125.1033,5.0,23.56886,0.6566731
-168.2211,-148.7771,5.0,41.429190000000006,1.339664
-165.72099999999998,-182.8648,5.0,49.09473,0.35271540000000007
-164.3181,-218.6306,5.0,37.94358,-2.715532
-163.4269,-237.28599999999997,5.0,19.64426,-0.08457924
-160.3362,-249.3618,5.0,14.74175,0.05034375
-150.671,-258.3082,5.0,23.356579999999997,0.574607
-132.905,-254.8731,5.0,29.5948,0.5454444
-125.3281,-229.8468,5.0,40.32698,0.1922524
-128.5207,-201.6161,5.0,27.597690000000004,-1.3166959999999999
-125.9863,-187.0432,5.0,16.58879,-0.5005353
-114.3651,-182.1415,5.0,22.20491,0.3265726
-102.7911,-194.0995,5.0,26.3793,0.4711907
-103.1845,-217.2488,5.0,35.31243,0.1566239
-105.6486,-244.157,5.0,35.0434,-0.6531680999999999
-99.32866999999999,-265.5425,5.0,29.2452,0.9083238000000001
-77.54382,-271.994,5.0,33.48107,0.2974024
-55.163219999999995,-260.6808,5.0,35.86104,0.06297302
-48.4322,-233.8138,5.0,39.79125,0.17701689999999998
-43.41547,-202.9635,5.0,44.50538,0.3139441
-26.618009999999998,-173.7929,5.0,47.44453,0.2648757
-4.984341000000001,-157.3906,5.0,15.170679999999999,-0.4607821
2.870482,-152.1459,5.0,10.44561,-0.3082815
7.6903,-148.1489,5.0,6.725491000000001,-0.2589643
11.90191,-142.6801,5.0,12.697519999999999,0.45432959999999994
12.183760000000001,-131.3109,5.0,18.80643,0.4282512
3.244163,-117.9784,5.0,24.72478,0.4213635
-6.112593,-100.0257,5.0,30.21667,0.388627
-10.58758,-76.09319,5.0,35.43827,0.3658993
-7.775874000000001,-48.24183,5.0,40.27993,0.3684828
-2.490666,-17.09883,5.0,45.01205,0.1598144
-2.938091,13.4873,5.0,32.291940000000004,-0.7829455
-6.944619,25.6594,5.0,9.932025999999999,0.8250726
-12.659410000000001,35.20323,5.0,18.58539,0.4149835
-26.123520000000003,43.33461,5.0,24.33896,0.3752571
-45.9996,45.312979999999996,5.0,29.86867,0.2007264
-70.15668000000001,44.71333,5.0,35.32512,0.38093530000000003
-98.23676,43.2685,5.0,40.42067,0.3513027
-126.9224,40.27499,5.0,32.80342,-3.344543
-141.7142,34.4877,5.0,22.10687,0.32909640000000007
-147.9824,17.524739999999998,5.0,27.334120000000002,0.1819687
-144.6995,-4.29021,5.0,32.610659999999996,0.40805779999999997
-142.0048,-29.63482,5.0,31.4358,-1.081828
-145.6531,-43.90327,6.0,11.82118,0.03898032
-153.9621,-53.19189,6.0,18.80539,-0.2299987
-164.4897,-58.27919,6.0,12.985560000000001,-0.22130389999999997
-164.2341,-68.23541999999999,6.0,19.10386,0.6945775
-147.851,-72.12039,6.0,30.358079999999998,1.1734879999999999
-122.8174,-79.00214,6.0,40.66867,0.6981038
-109.3262,-102.9831,6.0,35.45568,-0.8616197
-116.4592,-117.6335,6.0,11.2994,-0.3469383
-120.1199,-127.4312,6.0,19.968120000000003,0.560917
-130.925,-134.1886,6.0,19.31044,0.4595259
-143.3704,-125.1489,6.0,24.52725,0.2237629
-147.3519,-107.3875,6.0,15.65625,-2.1840490000000004
-152.1205,-102.8837,6.0,9.211146000000001,0.3297868
-161.6759,-101.1352,6.0,16.44986,-0.20187560000000002
-167.0312,-111.9771,6.0,21.39786,1.049942
-168.4398,-132.97899999999998,6.0,35.11287,0.9158226
-168.5539,-163.5192,6.0,46.77563,0.39319770000000004
-165.5376,-201.6976,6.0,55.11747,-0.27452329999999997
-163.4826,-238.3917,6.0,43.30836,-1.6957779999999998
-151.7884,-257.8751,6.0,25.65145,-0.6619877
-136.0095,-255.4941,6.0,19.03964,0.13981629999999998
-126.5471,-242.0122,6.0,26.05135,0.39092940000000004
-125.2697,-220.8161,6.0,31.422259999999998,0.37914190000000003
-128.8387,-195.9056,6.0,34.23458,-0.6473749
-121.6408,-182.3531,6.0,18.46819,0.5655446999999999
-107.6931,-187.345,6.0,23.1555,0.28446950000000004
-102.5615,-205.2685,6.0,28.243109999999998,0.3813335
-104.53200000000001,-228.1896,6.0,33.70769,0.3786075
-105.0425,-254.9078,6.0,38.46405,0.22099499999999997
-86.76118000000001,-272.6987,6.0,34.42115,-1.039878
-65.21266999999999,-268.3525,6.0,25.88407,-0.5125017
-51.62344,-258.6246,6.0,24.539920000000002,0.32409040000000006
-47.01161,-237.8281,6.0,31.76833,0.4142519
-43.795809999999996,-212.5168,6.0,37.05061,0.1941165
-36.747409999999995,-184.5322,6.0,40.76636,0.008629356999999999
-13.381260000000001,-164.942,6.0,38.306509999999996,-0.8804947
0.9216799000000001,-154.0025,6.0,13.750020000000001,-0.1738914
7.926824000000001,-148.09,6.0,12.2476,0.20775429999999998
12.75324,-138.6061,6.0,18.142529999999997,0.3398569
7.083425999999999,-123.5863,6.0,27.17584,1.016848
-6.162508,-102.1822,6.0,41.34118,0.4878024
-9.482622000000001,-66.91404,6.0,54.282669999999996,0.8555259
-3.3165050000000003,-23.73348,6.0,61.48336,0.2772493
-3.8419779999999997,15.165020000000002,6.0,34.29077,-3.035875
-10.13795,31.312009999999997,6.0,21.74155,0.44800500000000004
-24.59959,42.78197,6.0,30.395570000000003,0.8848927
-51.85732,45.25419,6.0,44.527570000000004,1.130624
-90.24540999999999,43.67042,6.0,58.51113,0.9838931999999999
-122.465,40.2946,6.0,19.776310000000002,-2.486189
-132.643,38.26442,6.0,14.094029999999998,0.9599655
-145.32399999999998,30.76587,6.0,23.989520000000002,0.11530339999999999
-147.3225,11.49208,6.0,29.08346,0.42781369999999996
-143.1342,-11.76052,6.0,34.52425,0.30379659999999997
-141.9033,-34.11603,7.0,6.743562,0.4930946
-142.9933,-41.62336,7.0,13.60621,0.2404038
-150.6551,-50.875679999999996,7.0,19.56383,0.39785149999999997
-165.0196,-58.47311,7.0,23.19223,-0.6017061
-166.9407,-71.49834,7.0,15.751729999999998,-0.0484348
-156.7167,-77.10046,7.0,17.93294,0.1226128
-142.7578,-73.65756,7.0,20.066010000000002,0.07890736
-126.9947,-74.83028,7.0,23.17926,0.3611031
-111.7626,-88.13269,7.0,30.80172,0.2606437
-109.2822,-111.42,7.0,34.25524,0.2019951
-126.6376,-130.0177,7.0,36.81666,0.06722606
-147.1087,-125.4088,7.0,20.024070000000002,-0.8759874
-143.9274,-116.9192,7.0,10.11979,0.1925367
-145.4544,-106.4638,7.0,17.47097,-0.3424497
-156.4918,-101.3901,7.0,19.1785,0.5333956
-166.1202,-111.6577,7.0,19.92125,-0.06906883
-165.9183,-127.2946,7.0,24.30545,0.6148650999999999
-168.4267,-149.4567,7.0,37.1392,0.5244808000000001
-169.7363,-181.8546,7.0,50.032959999999996,0.8588680000000001
-169.5307,-221.3442,7.0,50.76355,-0.8512871
-160.844,-249.5227,7.0,30.501309999999997,-0.9047773000000001
-143.1164,-254.3324,7.0,21.96416,-0.15517
-128.5031,-247.5376,7.0,23.50368,0.2386863
-125.8857,-227.4675,7.0,31.81819,0.399987
-126.1824,-201.878,7.0,37.15102,0.3756131
-120.4116,-180.3944,7.0,16.7331,-1.3748
-111.1277,-184.6157,7.0,18.794610000000002,0.20118060000000001
-109.1047,-200.5601,7.0,24.75768,0.22101020000000005
-108.7274,-221.0538,7.0,30.53305,0.4167201
-107.40100000000001,-245.5998,7.0,35.60117,0.30265359999999997
-92.39225,-267.8676,7.0,38.5535,0.1772947
-64.74277,-270.3614,7.0,39.35772,-0.01935596
-49.850809999999996,-246.7734,7.0,40.17398,0.27264340000000004
-47.50928,-215.43200000000002,7.0,44.61991,0.24210389999999998
-30.14743,-187.1205,7.0,47.29826,0.1846835
-5.286375,-159.9056,7.0,51.75443,0.3645724
9.191111,-132.7268,7.0,27.865240000000004,-1.8727479999999999
1.5349059999999999,-116.0342,7.0,29.37122,0.23703310000000002
-5.903225,-93.43579,7.0,38.93307,1.2647709999999999
-1.8341290000000001,-58.1907,7.0,56.560919999999996,0.5827157
-1.317188,-10.85722,7.0,67.59738,-0.5560783
-6.258302,31.74673,7.0,42.720040000000004,-2.8343689999999997
-25.98249,41.69107,7.0,31.51966,1.0651629999999999
-53.83811,40.56165,7.0,41.02124,0.1760733
-86.07375,40.48301,7.0,45.78187,0.16053370000000003
-121.6569,41.3508,7.0,49.82358,-0.08497801
-146.671,29.555970000000002,7.0,27.707859999999997,0.06235962
-145.6103,7.632102000000001,7.0,32.319790000000005,0.3792718
-145.2105,-18.25443,7.0,37.58762,0.3841053
-149.5595,-46.98812,8.0,39.24555,-0.3526917
-167.2319,-62.3046,8.0,21.63968,-0.7608249
-162.4454,-76.97227,8.0,26.70464,0.20544229999999997
-141.6926,-77.46526999999999,8.0,31.10228,0.1901425
-119.7316,-84.88450999999999,8.0,33.98683,0.1342575
-110.7408,-108.7093,8.0,36.76348,0.10975689999999999
-126.2461,-129.9911,8.0,37.8306,0.04209121
-146.0255,-128.5826,8.0,10.20686,-2.6036900000000003
-144.9099,-126.2444,8.0,7.171504,0.5138478
-141.7144,-119.3538,8.0,13.856589999999999,0.47278509999999996
-146.6483,-108.1194,8.0,19.94744,0.4198924
-161.2284,-102.9782,8.0,23.47189,0.01907349
-167.6282,-118.4255,8.0,26.39753,0.41073519999999997
-167.1628,-140.0183,8.0,31.80589,0.18742879999999998
-171.1295,-165.2048,8.0,36.98213,0.337967
-169.5321,-194.4183,8.0,41.7847,0.1732755
-168.5278,-227.1171,8.0,46.46414,0.30742240000000004
-155.3327,-254.9275,8.0,37.50922,-0.39820490000000003
-133.8787,-250.6956,8.0,27.31203,0.22852820000000001
-127.0007,-229.84,8.0,32.96935,0.374395
-127.22200000000001,-203.4892,8.0,38.164429999999996,0.1794973
-119.4502,-180.4176,8.0,21.40902,-0.9491433000000001
-109.031,-184.2462,8.0,18.03035,0.37278940000000005
-106.9205,-199.5131,8.0,23.97634,0.4264302
-106.3214,-219.5049,8.0,29.787390000000002,0.4187665
-105.2971,-243.5655,8.0,35.1284,0.32781350000000004
-92.96382,-267.0367,8.0,37.92236,0.1496759
-66.19086999999999,-270.6162,8.0,38.4741,0.07661907
-48.78695,-248.6372,8.0,40.05624,0.2527428
-46.04546,-217.4522,8.0,44.61766,0.3055634
-31.73381,-188.0661,8.0,46.172129999999996,0.15737379999999998
-6.847902,-162.2947,8.0,50.5028,0.30236779999999996
8.837150999999999,-132.1204,8.0,37.94732,-1.063105
-2.795906,-109.2738,8.0,39.73104,0.6374643
-4.666449,-81.03027,8.0,41.02624,0.3503642
-1.366802,-49.05814,8.0,45.63107,0.3439393
-1.56277,-13.60375,8.0,50.08437,0.30997959999999997
-4.228096,24.6941,8.0,49.804159999999996,-1.5452
-21.865070000000003,42.74044,8.0,20.82255,-2.461583
-26.33313,39.817029999999995,8.0,6.856921000000001,0.49125470000000004
-32.40417,37.384159999999994,8.0,13.213560000000001,0.4742634
-41.03407,45.73653,8.0,19.44444,0.1927709
-48.03078,48.58647,8.0,0.02094441,0.002394377
-48.03329,48.52994,8.0,1.144425,0.5947498
-48.430859999999996,45.83072,8.0,5.25544,0.05895643
-47.07154,43.22741,8.0,0.134877,0.6349313
-50.09409,45.3007,8.0,9.548986,0.312645
-60.18946999999999,45.93938,8.0,18.20637,0.6188836999999999
-76.66624,43.98174,8.0,26.38488,0.2960297
-98.97671,42.1091,8.0,34.01764,0.53318
-126.6699,43.931470000000004,8.0,40.181670000000004,0.08146667
-144.4367,24.09909,8.0,39.09,0.36525840000000004
-145.3646,-7.995191999999999,8.0,47.682390000000005,0.56424
-141.9532,-33.95706,9.0,2.961815,-0.03159896
-142.3672,-36.39905,9.0,7.601255999999999,1.4769649999999999
-145.6098,-44.91643,9.0,13.83249,-0.2150014
-152.0384,-51.32695,9.0,11.376539999999999,-0.02029281
-161.514,-54.43575,9.0,13.05492,-0.21136839999999998
-166.8282,-60.55849,9.0,9.996522,-0.1907429
-162.7298,-70.25036999999999,9.0,20.80234,0.2583672
-149.2604,-73.42874,9.0,17.1937,-0.2403763
-137.529,-73.0283,9.0,16.92224,1.146407
-121.3703,-78.83163,9.0,25.555239999999998,0.08541585
-109.3855,-93.51698,9.0,26.444740000000003,0.02637327
-107.6906,-110.6961,9.0,13.68021,-1.456357
-110.1691,-119.1984,9.0,10.948939999999999,0.2753505
-117.1358,-130.2043,9.0,21.59367,-0.1073242
-130.3105,-135.0037,9.0,17.26517,-0.1465106
-140.8117,-129.9841,9.0,17.3428,0.5477808000000001
-147.2939,-114.1618,9.0,27.38771,0.5918903
-155.5185,-100.061,9.0,15.80083,-0.3608615
-164.1781,-102.8035,9.0,13.45907,0.47459129999999994
-167.6867,-117.9504,9.0,28.560409999999997,0.5466821999999999
-168.7487,-144.2039,9.0,41.62598,0.4266754
-167.735,-177.0782,9.0,46.60313,0.09712532
-164.3596,-211.4953,9.0,43.894079999999995,-0.6002064
-162.5318,-239.6776,9.0,28.989420000000003,-0.9602571
-154.0814,-256.0106,9.0,22.54045,-0.39117820000000003
-140.368,-259.9458,9.0,17.32452,-0.33422729999999995
-129.0302,-248.7568,9.0,28.90178,0.5339176
-125.2833,-223.5373,9.0,37.50755,-0.2710613
-128.674,-199.9679,9.0,22.695439999999998,-0.7916813
-127.6567,-187.9758,9.0,14.04079,-0.08048107
-119.4863,-181.7039,9.0,18.47952,0.487475
-106.8628,-185.6705,9.0,16.47202,-0.3620711
-102.6074,-196.8213,9.0,21.11126,1.110187
-103.39200000000001,-217.7582,9.0,33.98988,0.31135999999999997
-106.1664,-244.8094,9.0,36.81832,-0.1988917
-96.8091,-268.35200000000003,9.0,33.205,-0.1667743
-73.65811,-272.3904,9.0,32.60456,-0.05252881
-54.09904,-259.7026,9.0,32.70579,0.15457939999999998
-47.65072,-235.1703,9.0,35.66404,0.07994524
-43.434290000000004,-208.4149,9.0,35.80637,-0.3199337
-36.1032,-184.4621,9.0,31.54437,-0.19937629999999998
-21.5761,-169.1821,9.0,25.6629,-0.3827696
-7.326403,-159.3792,9.0,21.43909,-0.0824
4.809157,-151.1584,9.0,17.9413,-0.08431555
12.55349,-139.0711,9.0,22.88651,0.2693973
5.9635,-121.9521,9.0,28.15993,0.15450129999999998
-6.227826,-104.2265,9.0,29.67625,0.01680389
-10.87018,-82.49558,9.0,30.541190000000004,0.29690679999999997
-10.0404,-58.29605,9.0,34.51275,0.13793110000000003
-5.688587999999999,-32.53185,9.0,35.92892,0.07748446
-1.955179,-5.834515000000001,9.0,36.11479,-0.256036
-4.269172,16.63008,9.0,24.9768,-0.6286861
-9.466186,31.33652,9.0,18.549429999999997,-0.08825046
-23.22833,42.599070000000005,9.0,28.543029999999998,0.24763200000000002
-46.68807,44.69482,9.0,35.51831,0.5221359
-75.61211999999999,44.13963,9.0,42.63844,0.508533
-109.6598,42.37571,9.0,48.33231,0.04976783
-139.6713,36.50372,9.0,33.84918,0.5416179
-145.8513,13.5263,9.0,36.13694,0.2629431
-141.66,-15.466479999999999,9.0,42.5946,-0.1342666
-144.4727,-37.76575,10.0,17.15681,-0.136447
-150.5825,-49.63884,10.0,20.07747,-0.33165690000000003
-162.0605,-56.12973,10.0,16.10117,-0.1426748
-166.963,-64.52866,10.0,14.17254,0.6553296
-158.3503,-73.00645,10.0,17.79325,0.016693200000000002
-144.8239,-72.46091,10.0,18.21321,-0.0942132
-131.1654,-74.65818,10.0,23.51344,0.2854261
-114.0238,-85.11505,10.0,30.73684,0.43489099999999997
-107.3591,-108.26899999999999,10.0,36.302609999999994,0.4457185
-117.1639,-128.9642,10.0,24.3333,-0.41742879999999993
-132.2229,-133.7085,10.0,19.25445,-0.3464188
-142.9569,-126.5833,10.0,20.37985,0.3112062
-147.5851,-109.7665,10.0,23.55728,-0.2016342
-151.3923,-103.5095,10.0,6.29323,1.259584
-158.806,-100.4882,10.0,14.76149,0.24652449999999998
-167.0179,-109.515,10.0,20.92018,0.5019357
-168.3693,-127.6508,10.0,28.01656,0.2403988
-168.9075,-151.0539,10.0,34.60347,0.291013
-168.1754,-178.0428,10.0,38.354,0.31511849999999997
-165.4036,-207.0356,10.0,38.03138,-0.5978361
-163.9022,-232.3666,10.0,30.573790000000002,-0.5086625
-158.9409,-251.4733,10.0,23.45265,-0.45165390000000005
-145.437,-259.6243,10.0,23.51132,0.1223078
-130.8904,-251.6727,10.0,24.6877,0.27951940000000003
-124.7342,-233.043,10.0,28.261159999999997,0.0956087
-126.7365,-211.165,10.0,29.44388,-0.5015776
-127.9732,-194.3141,10.0,16.68168,-0.15603
-125.4439,-184.2359,10.0,12.06136,-0.1642803
-115.5847,-182.0608,10.0,17.26734,0.33367959999999997
-104.5597,-188.5823,10.0,18.17061,0.13832650000000002
-103.2234,-202.6537,10.0,20.57516,0.1909212
-104.2296,-218.5879,10.0,21.79992,-0.010320399999999999
-105.6318,-235.8939,10.0,26.73463,0.48609040000000003
-104.7369,-257.3166,10.0,29.871990000000004,-0.05329941
-89.45022,-272.1815,10.0,33.32907,0.6154228
-63.008230000000005,-268.4606,10.0,38.63292,0.02724247
-49.40824,-244.8231,10.0,40.28255,0.5635722
-44.898109999999996,-213.5103,10.0,43.133559999999996,-0.6422045999999999
-36.441959999999995,-186.1725,10.0,34.39137,-0.6153705
-21.40408,-169.5424,10.0,27.06553,-0.22009810000000002
-8.114351,-160.1339,10.0,13.53827,-0.13857160000000002
1.099189,-153.6951,10.0,20.27037,0.7735363000000001
11.56205,-143.5987,10.0,20.19613,0.524649
9.711789999999999,-126.4373,10.0,27.906909999999996,0.36581909999999995
-4.747458,-108.8228,10.0,33.61513,0.39360259999999997
-10.31415,-84.1284,10.0,31.600559999999998,-0.5195575
-9.427635,-59.88261,10.0,35.875859999999996,0.45515900000000004
-5.817069999999999,-31.170640000000002,10.0,42.07595,0.42348859999999994
-1.891788,1.816917,10.0,47.585609999999996,0.16978529999999997
-11.16023,34.39737,10.0,42.91325,-0.06921633
-40.61838,45.13766,10.0,45.287929999999996,0.3139655
-76.11102,44.30482,10.0,50.6082,0.39016090000000003
-114.8668,41.1762,10.0,49.97852,-1.438668
-144.0195,32.36412,10.0,38.53422,-0.37224240000000003
-145.5534,6.371176999999999,10.0,38.60052,0.44046369999999996
-142.0247,-23.46964,10.0,40.05985,-1.711384
-150.2348,-47.761540000000004,11.0,35.49972,0.11763489999999999
-169.0246,-66.48969,11.0,31.87603,-0.8132482
-163.4293,-80.80747,11.0,19.7356,-0.1904332
-150.9204,-71.41736,11.0,24.56816,0.2858579
-132.446,-73.63586,11.0,29.24475,0.2434869
-114.4974,-88.11225999999999,11.0,29.950359999999996,-0.5660967
-109.6195,-110.9821,11.0,35.1531,0.3355942
-121.6747,-130.2476,11.0,26.712459999999997,-0.09529357
-141.1751,-128.2405,11.0,31.177509999999998,0.05569242
-145.6905,-106.5454,11.0,20.70927,-3.118036
-153.0713,-100.7316,11.0,17.6483,0.8649313
-165.9207,-108.1822,11.0,24.37584,0.1405674
-166.0242,-128.3642,11.0,30.6779,0.2270033
-168.2418,-153.3955,11.0,37.045320000000004,0.2093158
-166.7724,-182.9544,11.0,43.01862,0.4630829000000001
-163.9588,-216.8679,11.0,48.37717,-0.1836122
-159.6626,-248.4162,11.0,34.6344,-1.369793
-142.3693,-259.9544,11.0,30.183729999999997,0.1782925
-127.6734,-245.7372,11.0,31.595740000000003,0.21457800000000002
-125.6131,-220.0312,11.0,37.67096,0.20672039999999997
-127.7421,-192.8201,11.0,33.6055,0.31141840000000004
-113.5401,-179.9093,11.0,25.63315,-0.19873929999999998
-107.3301,-195.3859,11.0,26.98313,0.24869290000000002
-105.5682,-217.5792,11.0,33.24427,0.41581409999999996
-107.2038,-244.4425,11.0,39.22482,0.3325067
-94.01516,-269.9461,11.0,39.64445,-0.3953715
-65.0164,-269.204,11.0,42.045120000000004,0.08277571
-48.34608,-245.0241,11.0,42.75933,0.4085489
-43.44535,-211.5613,11.0,48.47446,0.3971721
-29.76905,-177.4024,11.0,51.751329999999996,0.04862587
-4.070416000000001,-158.6162,11.0,34.155840000000005,0.1643186
11.24358,-142.1809,11.0,26.549809999999997,-0.6255977
8.56916,-125.0456,11.0,25.4989,0.22933779999999998
-4.00857,-107.8533,11.0,31.805359999999997,0.2024493
-9.787576,-82.80719,11.0,37.92138,0.4598749
-8.859798,-52.5862,11.0,43.72907,0.21117310000000003
-2.812814,-18.61978,11.0,49.35371,0.3853014
-4.554651,19.45438,11.0,53.05098,-0.5950198
-27.1729,44.864059999999995,11.0,46.2484,-0.1279583
-62.422940000000004,42.97729,11.0,50.21115,0.40074299999999996
-101.5665,41.48073,11.0,55.52081,0.39109859999999996
-138.1707,36.21087,11.0,43.64605,-0.1398272
-149.1682,10.050239999999999,11.0,40.3894,0.2378533
-142.1187,-20.97128,11.0,45.33258,0.31636679999999995
-149.9013,-48.73317,12.0,30.6437,-0.6095969
-167.5582,-58.94529,12.0,27.406909999999996,-0.22788270000000002
-160.2105,-72.24463,12.0,24.369020000000003,0.29707849999999997
-139.9249,-71.50964,12.0,30.656190000000002,0.44460059999999996
-117.5135,-81.54014000000001,12.0,36.18282,0.1625874
-106.5875,-106.3925,12.0,38.70627,-1.348424
-117.5731,-126.0282,12.0,28.287670000000002,0.391115
-134.7802,-132.983,12.0,22.095110000000002,-0.5555493
-145.9585,-121.6028,12.0,25.83704,0.4712585999999999
-151.7753,-102.8181,12.0,23.193260000000002,-0.7082503000000001
-165.4211,-104.1261,12.0,20.42021,0.39334759999999996
-167.3893,-123.2899,12.0,33.76886,0.8527902
-168.8946,-150.5884,12.0,39.929970000000004,0.40037259999999997
-166.9807,-182.2916,12.0,45.6041,0.2009806
-164.8924,-218.1065,12.0,51.21144,0.4003585
-158.5059,-251.9314,12.0,39.95602,-1.4328020000000001
-137.9302,-255.9456,12.0,27.865059999999996,0.9266841
-128.0285,-236.12400000000002,12.0,32.881809999999994,0.26107020000000003
-125.9729,-209.6124,12.0,37.9679,-0.5527819
-126.1075,-185.0026,12.0,31.6014,-0.5882509
-108.2267,-183.5923,12.0,25.26176,-0.1931971
-109.8106,-202.0531,12.0,28.58701,0.42500390000000005
-109.8561,-225.615,12.0,35.0387,0.46485950000000004
-105.7011,-253.5219,12.0,41.07208,0.3347018
-84.61755,-271.9098,12.0,39.40465,0.10643239999999998
-55.15141,-264.1248,12.0,43.51213,-0.37185440000000003
-46.85283,-239.0703,12.0,33.12865,-0.8570610999999999
-53.29564,-220.7015,12.0,12.77387,-3.217181
-53.21683,-215.6735,12.0,4.85414,-0.5533385000000001
-53.06482,-215.6712,12.0,4.521994,0.3354107
-48.02774,-218.8141,12.0,12.24375,0.26480840000000005
-42.16592,-210.7397,12.0,14.3475,-0.291926
-41.550670000000004,-200.4423,12.0,18.02429,0.43310249999999995
-37.54929,-184.9887,12.0,25.123379999999997,0.2331049
-23.691679999999998,-169.442,12.0,31.53831,0.21975160000000002
-1.754471,-156.0111,12.0,37.8408,0.39048249999999995
12.45598,-134.7499,12.0,30.286659999999998,-0.934135
1.9511150000000002,-114.9334,12.0,36.63517,1.2530290000000002
-10.070839999999999,-84.69451,12.0,51.4714,0.4110759
-7.281366,-45.134209999999996,12.0,56.036519999999996,0.3806182
-2.194995,-2.295946,12.0,59.1866,-0.6324466
-8.89035,29.4662,12.0,31.909909999999996,1.199233
-29.281959999999998,45.08585,12.0,37.57131,0.2610385
-58.79816999999999,44.26341,12.0,42.74907,0.4220465
-92.59295999999999,43.80534,12.0,48.35014,0.19425279999999998
-129.30200000000002,39.75462,12.0,48.16595,-0.5520329
-153.4034,21.10351,12.0,26.487820000000003,-0.2244803
-153.8206,12.5509,12.0,0.58887,0.9250404000000001
-150.1608,12.246139999999999,12.0,9.233283,0.5505939000000001
-146.4702,3.8426970000000003,12.0,16.862579999999998,0.5655522
-144.9026,-11.35149,12.0,24.16788,0.2577433
-142.0602,-31.59822,12.0,30.9218,0.43538069999999995
-142.6789,-37.85327,13.0,10.53861,0.2892849
-147.9218,-47.05014,13.0,18.156979999999997,0.257023
-161.5941,-55.3708,13.0,25.02072,0.1805608
-166.0946,-70.39216,13.0,19.26281,-0.25329229999999997
-154.7006,-76.2334,13.0,19.79328,0.41019229999999995
-139.8477,-72.51711,13.0,18.99405,-0.3743636
-124.4891,-74.72618,13.0,24.82255,0.2321509
-110.0134,-88.70905,13.0,30.65679,0.40652059999999995
-108.3348,-112.6251,13.0,35.295770000000005,0.127243
-127.32799999999999,-131.3593,13.0,38.72303,0.04365058
-145.8653,-125.851,13.0,16.16106,-0.9188497
-142.2969,-123.0096,13.0,9.306232000000001,0.5907415
-138.7674,-122.4647,13.0,3.8299730000000003,0.5258805999999999
-143.7959,-124.6624,13.0,10.08355,-0.1343851
-145.5272,-129.1191,13.0,1.237781,-0.7435716
-144.9499,-126.5748,13.0,8.156195,0.6536297
-140.7273,-118.4081,13.0,16.49404,0.5484926
-143.2291,-104.3438,13.0,23.45619,0.49278940000000004
-159.5339,-98.92593000000001,13.0,24.44344,-0.307344
-167.1338,-114.0308,13.0,28.00317,0.5392296
-167.7278,-137.3962,13.0,35.05819,0.5205158
-167.7201,-166.0009,13.0,41.7215,0.22329320000000002
-167.9494,-199.2456,13.0,48.00526,0.44200559999999994
-166.9716,-236.7688,13.0,50.76276,-1.12335
-144.273,-257.7009,13.0,41.03593,-0.4486657
-127.3651,-244.0065,13.0,30.81397,0.5390733
-127.8223,-217.5371,13.0,40.55774,0.2454035
-127.2129,-189.9198,13.0,23.38639,-2.541504
-119.5192,-181.7531,13.0,14.92825,0.5195475
-107.82,-187.4756,13.0,22.63362,0.2895521
-104.9047,-206.2971,13.0,29.48098,0.2569135
-108.0126,-230.5428,13.0,36.39502,0.4516371
-100.6878,-258.0125,13.0,41.48429,0.33811290000000005
-74.66620999999999,-272.6573,13.0,42.61892,0.009528978
-51.22039,-254.4712,13.0,42.589620000000004,0.08133688
-48.26589,-221.4789,13.0,46.52149,-0.1681653
-38.00825,-191.64700000000002,13.0,43.72157,0.41590320000000003
-14.713070000000002,-166.3049,13.0,49.50249,0.2018431
8.330110000000001,-136.6211,13.0,47.998940000000005,-1.077149
0.7053517,-109.1731,13.0,33.897890000000004,-0.5438715999999999
-8.627601,-90.90634,13.0,30.877840000000003,0.253359
-6.001595,-65.62875,13.0,37.725390000000004,0.2448132
-5.297493,-35.25155,13.0,44.2535,0.46764920000000004
-3.7599379999999996,-0.17844179999999998,13.0,50.35208,0.3997986
-11.32981,34.5053,13.0,40.90668,-0.9249843000000001
-31.676479999999998,40.10645,13.0,19.74984,-1.8995090000000001
-35.081759999999996,32.583420000000004,13.0,0.3438865,0.22067640000000002
-35.13561,32.59066,13.0,0.05740018,-0.01534366
-35.1312,32.68445,13.0,1.679541,0.6988032
-34.07445,36.87297,13.0,9.685121,0.4901161
-32.38906,43.75492,13.0,5.284816999999999,-0.7338321
-32.4257,44.17368,13.0,3.830537,0.5925322
-37.06844,41.18053,13.0,11.67652,0.5098807
-47.999109999999995,44.10221,13.0,18.91564,0.2519248
-64.47019,44.99884,13.0,25.61528,0.23971460000000003
-85.63712,42.07246,13.0,31.98586,0.4416071
-111.5234,43.04372,13.0,37.76396,0.17996900000000002
-138.8661,34.29099,13.0,38.85542,0.06308067
-147.8515,8.398058,13.0,40.12382,0.3823729
-144.5878,-23.13492,13.0,45.40984,0.3464759
-152.2159,-52.817640000000004,14.0,33.05842,-0.9229742
-162.9286,-68.39721999999999,14.0,22.89066,0.3345348
-146.9824,-75.70935,14.0,28.224659999999997,0.45446369999999997
-124.7279,-79.57545,14.0,33.23687,0.32569349999999997
-109.8241,-100.0897,14.0,36.828720000000004,0.07474483
-118.7002,-125.5341,14.0,38.94062,0.04678369
-142.469,-129.5983,14.0,26.317520000000002,-1.073885
-145.7068,-120.1279,14.0,1.727557,-0.9704785
-146.5656,-119.1547,14.0,1.9086419999999997,-0.006037635
-147.3854,-118.1684,14.0,1.490824,-0.02956312
-148.8327,-117.3416,14.0,4.149908,-0.06082788
-150.9615,-117.48200000000001,14.0,0.7496716999999999,0.7369842
-147.7073,-115.3433,14.0,9.675557000000001,0.6117646999999999
-144.7405,-106.0759,14.0,17.50669,0.4898005999999999
-155.4301,-96.69594000000001,14.0,23.18305,0.258198
-167.8297,-108.0857,14.0,27.023320000000002,0.1819951
-166.3009,-130.4849,14.0,33.79831,0.2545444
-166.7336,-158.075,14.0,40.640570000000004,0.4841473
-167.0988,-190.5976,14.0,47.07658,0.4480800999999999
-166.6285,-227.6713,14.0,52.46829,-0.32849290000000003
-151.7226,-253.7896,14.0,30.30276,-2.07488
-141.6752,-252.2043,14.0,4.686749,-0.1647559
-141.1544,-249.6954,14.0,3.0863400000000003,0.21502870000000002
-136.5216,-248.0808,14.0,10.76523,0.1388667
-127.2283,-251.7256,14.0,13.32325,-0.32599320000000004
-121.0655,-247.7071,14.0,10.80035,0.6115118
-123.48700000000001,-236.6651,14.0,19.73927,0.2787475
-126.4735,-219.4136,14.0,27.41408,0.2606131
-127.8436,-196.4364,14.0,34.6419,0.4880064
-115.3284,-178.9718,14.0,26.86072,-0.5650689999999999
-105.2803,-191.6049,14.0,29.77263,1.308179
-107.402,-221.1161,14.0,49.86365,0.6705738
-98.56746,-260.1886,14.0,52.41722,-1.3169680000000001
-67.92193,-271.5588,14.0,46.697140000000005,0.06405642
-48.1619,-248.1761,14.0,43.27454,0.1400632
-48.19827,-214.4758,14.0,47.7693,0.1733441
-29.423509999999997,-183.0337,14.0,52.31493,0.1815411
-0.24985929999999998,-154.6349,14.0,56.46913000000001,-0.4016297
8.791087,-123.4847,14.0,30.62503,-0.9165324
-3.077171,-107.1096,14.0,28.604470000000003,0.2167314
-5.616154,-83.81300999999999,14.0,35.217909999999996,0.5109836
-3.283008,-55.32233000000001,14.0,41.95705,0.4914436
-2.2238439999999997,-21.82078,14.0,48.30733,0.4643143
-3.754142,16.070420000000002,14.0,52.635419999999996,-0.7826861999999999
-22.92306,41.96217,14.0,43.25058,-0.1257473
-56.094719999999995,40.5366,14.0,47.63154,0.2005333
-93.6046,40.222409999999996,14.0,53.61485,0.4115705
-132.112,39.820409999999995,14.0,43.085029999999996,-1.8000619999999998
-145.3694,23.80141,14.0,13.84229,-1.422894
-143.435,22.95205,14.0,6.3362940000000005,0.1730535
-141.2238,25.55975,14.0,1.256464,-1.008543
-143.2179,23.0185,14.0,8.121999,0.3759533
-148.923,21.77419,14.0,4.541986,-0.782337
-148.6505,21.54283,14.0,5.267704,0.6872195
-143.5168,16.555770000000003,14.0,14.1118,0.3192032
-140.7932,3.499539,14.0,22.287229999999997,0.30053209999999997
-141.9984,-15.98957,14.0,30.19262,0.5560316
-141.8248,-35.36331,1.0,5.735601,-0.076054
-142.4428,-42.504709999999996,1.0,14.37529,0.6589982
-150.4733,-53.26125,1.0,22.62745,0.5901844
-163.1172,-66.67756999999999,1.0,27.250790000000002,-0.2106911
-150.6331,-76.05975,1.0,23.883779999999998,0.03424329
-136.898,-69.04558,1.0,11.873,-1.8199049999999999
-135.8642,-68.27864,1.0,0.02622283,0.00040806230000000005
-135.8453,-68.28143,1.0,0.02531086,3.2013070000000005e-05
-135.8287,-68.28352,1.0,0.01645306,-0.0137365
-136.0825,-69.75842,1.0,4.379094,-0.03553522
-135.6933,-73.0743,1.0,4.292226,-0.06024095
-136.2122,-75.82236999999999,1.0,3.507027,-0.01924147
-136.3022,-76.10216,1.0,4.30581,0.6732028
-129.9993,-75.06989,1.0,13.16625,0.3028148
-119.277,-80.97978,1.0,20.75025,0.5535064000000001
-111.5377,-97.54963000000001,1.0,28.46254,0.2425254
-113.7038,-120.09100000000001,1.0,34.214220000000005,0.3771434
-135.0385,-133.2749,1.0,33.715790000000005,-0.6887379
-146.6389,-120.6245,1.0,21.995739999999998,-0.1165884
-138.4612,-109.0068,1.0,5.243974,-3.247974
-138.4581,-108.7211,1.0,0.02622377,0.01101598
-138.4588,-108.7378,1.0,0.01904731,0.01892384
-140.5509,-108.1332,1.0,7.3606240000000005,0.5603600000000001
-145.4855,-110.46600000000001,1.0,4.821276999999999,-0.7684928000000001
-144.9727,-109.3221,1.0,6.4167819999999995,0.6725205
-145.5482,-101.7108,1.0,14.72005,0.5517405
-156.2326,-95.69176,1.0,16.99371,-0.19253979999999998
-164.9913,-101.8115,1.0,16.93873,1.2266860000000002
-167.3535,-119.8303,1.0,31.24966,0.8420896000000001
-167.5451,-145.5943,1.0,39.591429999999995,0.748149
-164.1746,-172.9163,1.0,33.71264,-0.2536009
-167.9677,-196.1442,1.0,35.09093,1.46689
-166.6421,-225.1579,1.0,37.393190000000004,-0.2672367
-159.9116,-247.7605,1.0,27.37452,-0.793732
-140.8362,-249.9863,1.0,29.37343,0.09932688
-122.2218,-238.6926,1.0,26.39805,-0.6966068
-129.9911,-223.6809,1.0,25.67025,-0.1488979
-124.955,-208.9151,1.0,21.24416,-0.2312232
-124.2698,-195.6906,1.0,18.00978,-0.2648508
-121.7665,-185.1766,1.0,15.14158,0.6777917
-111.0989,-189.044,1.0,16.64331,-0.2921315
-110.1199,-200.1256,1.0,14.001339999999999,-0.08382308
-109.6538,-212.3331,1.0,20.455560000000002,0.27596859999999995
-107.7808,-230.2722,1.0,28.174809999999997,0.54099
-103.0387,-253.2149,1.0,34.97357,0.3973047
-83.16939,-270.7857,1.0,38.75874,0.1626604
-57.332069999999995,-261.4396,1.0,39.57399,0.07419188
-51.84402,-232.5841,1.0,42.81119,0.1722235
-40.25486,-201.4196,1.0,47.88884,0.1844094
-16.335079999999998,-172.7366,1.0,53.39901999999999,0.4202903
7.830581,-138.976,1.0,58.36016,-0.0051302859999999995
11.04595,-107.9832,1.0,18.976129999999998,-3.367231
9.881722,-104.3112,1.0,0.6132709,0.03813063
9.995616,-104.3996,1.0,2.510754,0.6422093000000001
13.48502,-106.6402,1.0,8.131882000000001,0.3077313
18.31511,-106.9867,1.0,2.433043,-0.3658047
16.76652,-107.4622,1.0,6.6409270000000005,0.6428088000000001
9.489944,-110.7791,1.0,14.682670000000002,0.5101293
-0.01383345,-107.2352,1.0,18.53706,0.4505734
1.233236,-91.02147,1.0,25.33859,0.389893
-4.312809,-70.57549,1.0,32.01535,0.23514179999999996
-5.79705,-44.38554,1.0,38.70493,0.22998890000000002
-6.415408,-13.329279999999999,1.0,45.04972,0.447662
-7.042732000000001,22.11134,1.0,48.255320000000005,-1.464048
-18.42122,44.219429999999996,1.0,17.81377,-1.1350719999999999
-27.638920000000002,39.43026,1.0,17.56576,0.4992049
-42.88326,38.6841,1.0,24.64256,0.5463808000000001
-63.689280000000004,39.6665,1.0,31.70595,0.2539263
-89.73855999999999,39.66788,1.0,38.49798,0.2328097
-120.6336,40.595890000000004,1.0,44.82522,0.20576129999999998
-143.808,31.69261,1.0,23.46901,-0.748508
-140.5791,24.66241,1.0,8.729754,0.5596376000000001
-137.7517,24.2558,1.0,0.06905679,0.01410556
-137.7516,24.212889999999998,1.0,0.05814317,0.05789099
-139.57,24.605610000000002,1.0,6.386227,0.7746691
-146.30700000000002,24.13431,1.0,11.02703,-0.02510285
-151.1055,25.392329999999998,1.0,1.7078650000000002,-0.6530236999999999
-149.4052,24.39118,1.0,6.843435,0.2962337
-147.1736,17.0705,1.0,14.41731,0.4730679
-152.0008,4.9126449999999995,1.0,20.71919,0.35196700000000003
-148.0815,-12.27675,1.0,27.2151,0.4639147
-146.1102,-34.68777,2.0,33.48172,0.44487659999999996
-160.19,-52.52366,2.0,33.27332,-0.005749247
-164.3644,-70.73946,2.0,22.870720000000002,-1.08758
-156.3049,-70.03079,2.0,8.590591,0.1446318
-155.7031,-68.52745999999999,2.0,0.0582193,0.0248377
-155.69,-68.56893000000001,2.0,0.9138671999999999,0.2549458
-156.25,-71.50012,2.0,5.185561,-0.04746087
-156.8797,-74.91594,2.0,2.762314,-0.7521244
-155.6708,-73.81934,2.0,6.968666000000001,0.6918333999999999
-147.5927,-73.86621,2.0,15.65745,0.5768989000000001
-135.8678,-81.65852,2.0,19.93855,-0.3256344
-122.9707,-85.22958,2.0,17.421020000000002,0.24594789999999997
-111.7628,-99.41512,2.0,31.324540000000002,0.363686
-116.4954,-121.1083,2.0,32.675990000000006,0.5430654
-137.1427,-130.5363,2.0,28.94225,-1.0885989999999999
-144.2596,-118.3679,2.0,20.92882,0.4560316
-140.4222,-104.5157,2.0,18.457710000000002,0.29202490000000003
-154.5244,-102.0342,2.0,21.00284,-0.1273807
-160.9931,-112.25,2.0,16.5617,-0.1557694
-163.355,-124.8547,2.0,19.09058,0.14359149999999998
-165.4104,-142.46200000000002,2.0,28.06754,0.2881641
-165.3156,-166.1437,2.0,35.71525,0.27052209999999993
-165.6555,-195.3771,2.0,42.87792,0.25285389999999996
-165.5298,-229.6513,2.0,49.2419,-0.01387925
-156.5964,-250.1825,2.0,22.635070000000002,0.2300913
-137.5315,-251.7243,2.0,29.855829999999997,0.481022
-125.405,-237.9497,2.0,24.24209,0.02673269
-126.2253,-217.2002,2.0,33.43395,0.46362380000000003
-126.2104,-190.8845,2.0,28.91657,-3.372119
-118.9871,-183.9443,2.0,12.83245,0.6024203
-111.052,-191.5304,2.0,19.7756,0.6019681
-109.5659,-209.1852,2.0,27.89218,0.5719129
-106.8889,-232.5412,2.0,35.53133,0.5478286
-97.74325999999999,-259.6485,2.0,41.71637,0.2815793
-71.18292,-269.7552,2.0,40.27858,0.1323191
-49.69553,-249.3235,2.0,42.318090000000005,-0.0280093
-48.68311,-216.7844,2.0,46.77085,0.1849739
-31.59528,-185.7895,2.0,51.05915,0.4592665
-4.357364,-156.293,2.0,57.1494,0.41025740000000005
8.693577000000001,-127.7048,2.0,22.296570000000003,-2.6756159999999998
-0.8072424,-116.6298,2.0,23.29539,0.5205346
-6.673375999999999,-98.15701,2.0,30.31805,0.2762167
-6.659153999999999,-72.88325,2.0,37.78139,0.2489808
-6.8084929999999995,-42.266220000000004,2.0,44.83398,0.5108693
-7.273938,-6.563733999999999,2.0,51.44947,0.4737814
-9.343646000000001,32.11172,2.0,46.138329999999996,-1.652734
-24.56021,46.167120000000004,2.0,11.95326,-1.30216
-25.53191,44.14788,2.0,6.5865029999999996,0.6148254
-30.99783,39.69943,2.0,14.73458,0.28484699999999996
-43.62855,45.41153,2.0,22.78677,0.2507645
-62.715109999999996,44.79189,2.0,29.9523,0.5667218
-87.59201999999999,41.86116,2.0,37.42241,0.2701504
-117.9247,40.87363,2.0,44.430479999999996,0.47456570000000003
-147.208,30.49343,2.0,32.832370000000004,-2.644589
-149.6476,18.85047,2.0,1.848903,-0.7179116999999999
-145.6465,18.89094,2.0,9.997575999999999,0.5838553000000001
-144.0678,9.3636,2.0,18.05819,0.2753665
-151.2104,-4.800822,2.0,24.437620000000003,0.1199223
-146.2164,-24.77151,2.0,31.37495,0.44610500000000003
-142.7491,-38.36162,3.0,11.87899,-0.0875174
-146.3546,-46.33599,3.0,14.49143,0.9622338
-156.4977,-53.18642,3.0,15.75365,-0.23213240000000002
-165.7392,-57.311840000000004,3.0,12.04974,-0.3570222
-165.6466,-64.81238,3.0,9.412927999999999,0.01571702
-158.1427,-71.90181,3.0,18.23248,0.24776420000000002
-141.8963,-72.01156999999999,3.0,25.831129999999998,0.4899362
-122.2594,-79.50071,3.0,27.581229999999998,-0.4598318
-110.0827,-93.1427,3.0,23.05764,-0.02111528
-108.7447,-112.9463,3.0,26.5218,-0.2149382
-117.1173,-128.019,3.0,21.06409,-0.35582509999999995
-132.247,-133.8086,3.0,25.04194,-0.30196609999999996
-143.6681,-121.8109,3.0,29.266109999999998,1.134775
-153.6404,-104.436,3.0,20.23126,-0.9015886000000001
-164.7164,-108.2708,3.0,20.053810000000002,0.26540349999999996
-168.0525,-125.6391,3.0,27.940379999999998,0.2752289
-169.9088,-149.1141,3.0,35.45364,0.5120874
-167.4403,-177.8641,3.0,42.4477,0.4831598
-165.0171,-211.7195,3.0,49.06816,0.4944453
-162.2616,-247.2015,3.0,43.039229999999996,-1.559597
-143.1405,-258.4703,3.0,25.737460000000002,-0.704943
-128.0841,-244.1361,3.0,31.83649,0.37942790000000004
-127.37899999999999,-219.7736,3.0,36.75724,0.23524629999999996
-126.9138,-193.4875,3.0,33.5649,0.3215672
-115.5061,-178.4227,3.0,23.3737,-0.4535129
-109.5004,-190.5437,3.0,23.52454,0.2750995
-106.2041,-209.8038,3.0,30.44197,0.5202911
-105.2811,-232.3094,3.0,28.333090000000002,-0.38984709999999995
-105.3444,-254.3334,3.0,35.1763,0.39928800000000003
-87.32269000000001,-271.7883,3.0,36.23509,0.04910083
-64.43718,-268.8047,3.0,18.0876,-0.8315652
-56.58435,-267.0528,3.0,4.301657,-0.4703236
-56.87811,-267.2092,3.0,1.735456,-0.2364701
-56.890980000000006,-267.153,3.0,2.7416720000000003,0.2753773
-54.254509999999996,-264.0003,3.0,7.3338779999999995,0.1555831
-49.11877,-262.7596,3.0,6.6009899999999995,-0.4856038
-48.47987,-263.1872,3.0,3.9560150000000003,0.6780001999999999
-50.18105,-257.4049,3.0,12.36968,0.5816723000000001
-47.42257,-245.5869,3.0,20.34734,0.5383993
-44.31069,-228.0267,3.0,27.77321,0.2707657
-41.68567,-204.9159,3.0,34.81732,0.23916410000000002
-30.45117,-180.7137,3.0,39.20882,0.230936
-9.687126,-160.2932,3.0,31.46748,-0.8471247
4.438951,-149.1905,3.0,20.89868,-0.3558165
11.69559,-137.9974,3.0,15.942910000000001,-0.31949279999999997
9.648731,-127.054,3.0,17.4107,0.2752146
0.2417683,-114.5785,3.0,24.79821,0.5065405
-7.811319999999999,-95.15086,3.0,31.833370000000002,0.497896
-10.457460000000001,-69.38664,3.0,38.30596,0.22264179999999997
-6.9355080000000005,-38.783840000000005,3.0,44.62595,0.45534369999999996
-3.4334480000000003,-5.979489,3.0,41.3414,-0.3146465
-4.47599,12.64585,3.0,10.30095,-1.895902
-5.132185,16.581670000000003,3.0,7.9790339999999995,0.6815
-7.2295940000000005,25.42636,3.0,16.46808,0.6077647
-15.321489999999999,37.75705,3.0,23.78947,0.24904
-33.9854,44.99922,3.0,30.484840000000002,0.2026333
-59.07962,44.727109999999996,3.0,37.3668,0.5103943
-89.21945,43.31543,3.0,43.99589,0.48077259999999994
-122.9232,40.14358,3.0,44.40865,-0.3593619
-148.6084,28.6209,3.0,35.51337,-0.5166655
-144.3492,5.274355,3.0,34.57557,0.1186383
-145.1534,-21.8674,3.0,39.871759999999995,0.4727052
-147.9759,-50.046409999999995,4.0,28.5734,-2.492051
-161.8194,-54.499919999999996,4.0,19.74195,-0.002225364
-166.9276,-65.35007,4.0,20.9758,0.3482389
-151.4588,-72.67903000000001,4.0,27.137909999999998,0.5282043000000001
-129.5018,-76.36610999999999,4.0,33.57285,0.4947439
-110.8895,-94.99194,4.0,38.83556,0.3025078
-114.4091,-121.59899999999999,4.0,37.533809999999995,0.04903409
-136.8237,-131.8023,4.0,32.940490000000004,-0.4118423
-144.2539,-112.8299,4.0,31.104259999999996,0.3505751
-152.9434,-98.77646,4.0,16.64258,-0.4114821
-164.31900000000002,-106.3562,4.0,23.21644,0.4662604
-168.6751,-125.6556,4.0,30.433290000000003,0.5118520000000001
-170.2352,-150.6519,4.0,37.228609999999996,0.2390326
-167.3548,-180.6226,4.0,43.86985,0.23361010000000001
-164.1142,-215.3329,4.0,49.467659999999995,-0.01789629
-161.2467,-247.28900000000002,4.0,27.2711,-2.943821
-149.7753,-256.3593,4.0,19.573710000000002,1.4342540000000001
-133.4365,-255.2254,4.0,25.00654,0.12259280000000002
-126.1116,-235.8327,4.0,31.48718,0.4546691
-127.8867,-210.6225,4.0,37.64946,0.45820209999999995
-123.5391,-182.5834,4.0,37.98664,-0.8092159999999999
-102.0618,-180.2526,4.0,27.21732,-0.40236700000000003
-105.0074,-194.3005,4.0,21.98245,0.20393870000000003
-114.5567,-201.3513,4.0,3.47514,-1.8079630000000002
-114.5551,-201.5556,4.0,0.004629276,-0.01242444
-113.7764,-201.7446,4.0,3.664766,0.1872425
-110.1538,-199.9833,4.0,7.021578999999999,-0.7287938
-109.6795,-198.3272,4.0,1.708495,0.5343060000000001
-109.1342,-202.2455,4.0,8.900656,0.255727
-107.2687,-211.236,4.0,15.709320000000002,0.4861469
-105.2914,-225.0768,4.0,21.99173,0.2235703
-105.9739,-243.5935,4.0,27.84637,0.3849154
-98.91396999999999,-264.2113,4.0,32.062259999999995,0.10452660000000001
-76.55973,-271.8051,4.0,34.62828,0.28900149999999997
-53.31751,-259.6689,4.0,37.20175,-0.04976381
-49.33562,-232.2241,4.0,39.80449,0.3322877
-43.09594,-202.0722,4.0,43.9799,0.15455410000000003
-24.15331,-174.6333,4.0,46.797340000000005,-0.01756088
-0.8239194999999999,-153.87,4.0,30.09116,-1.166693
10.67695,-142.205,4.0,18.36113,-0.47827970000000003
11.13057,-129.3691,4.0,22.78753,0.4213862
-0.4594861,-114.3784,4.0,28.30882,0.33399090000000003
-8.439024,-93.05828000000001,4.0,33.42392,0.190551
-10.51488,-66.58785,4.0,38.444959999999995,0.3546768
-6.004983999999999,-36.70021,4.0,43.18398,0.33995440000000005
-1.44744,-3.35501,4.0,47.52098,0.195417
-8.251422,28.88525,4.0,29.03101,-3.011484
-24.375020000000003,41.86862,4.0,30.80668,0.16807629999999998
-48.81728,43.618809999999996,4.0,35.75977,0.383793
-77.19315,43.30258,4.0,40.79789,0.1613335
-108.8693,41.2891,4.0,43.46477,-0.10398620000000001
-135.0686,37.87826,4.0,18.41635,-3.1206150000000004
-144.5488,31.172559999999997,4.0,18.509539999999998,0.20993649999999997
-148.0576,15.8855,4.0,24.24332,0.199675
-144.8618,-3.9251519999999998,4.0,29.95427,0.1934119
-141.6192,-27.866290000000003,4.0,35.08579,0.155059
-149.8816,-48.42248,5.0,26.10717,-0.07145636
-167.30599999999998,-58.939069999999994,5.0,25.46671,-0.6851308
-162.5525,-69.55074,5.0,16.9407,-0.4469611
-149.2743,-70.976,5.0,22.01444,0.446528
-131.2994,-75.39076,5.0,27.907290000000003,0.4090262
-112.7666,-87.57677,5.0,32.455740000000006,0.23237779999999997
-108.9339,-111.3098,5.0,34.1962,-0.204283
-121.6172,-131.2359,5.0,31.258779999999998,-0.5018834
-139.4342,-129.2605,5.0,23.21408,0.06424455
-145.7235,-111.795,5.0,27.687340000000003,0.3514381
-161.1369,-100.4158,5.0,22.1017,-1.3527850000000001
-164.63,-110.5728,5.0,16.56004,0.14299289999999998
-166.6657,-125.2767,5.0,23.69165,0.7354843000000001
-168.2358,-149.0788,5.0,41.54112,0.7108045999999999
-165.6684,-183.2262,5.0,49.12085,0.15988339999999998
-164.3191,-218.9158,5.0,37.73175,-1.270033
-163.4135,-237.4326,5.0,19.61786,-0.1544289
-160.2789,-249.4575,5.0,14.7597,0.10415810000000002
-150.5232,-258.3899,5.0,23.451829999999998,0.5955128000000001
-132.7704,-254.7081,5.0,29.686940000000003,0.5724604999999999
-125.3271,-229.5409,5.0,40.39942,0.4334255
-128.5421,-201.416,5.0,27.140790000000003,-2.783789
-125.9198,-186.9445,5.0,16.50381,-0.5314871
-114.2033,-182.1576,5.0,22.317079999999997,0.6753382
-102.7618,-194.2947,5.0,26.45877,0.4803128
-103.2041,-217.5127,5.0,35.37679,0.3786955
-105.652,-244.4069,5.0,34.98835,-0.35097829999999997
-99.16788000000001,-265.6882,5.0,29.39247,0.8977578000000002
-77.29472,-271.9755,5.0,33.5048,0.1471914
-55.01328,-260.4531,5.0,35.865590000000005,0.02718339
-48.39816,-233.5208,5.0,39.852709999999995,0.36449390000000004
-43.330890000000004,-202.6393,5.0,44.55471,0.2857167
-26.36422,-173.5497,5.0,47.48795,0.2611405
-4.889442,-157.3308,5.0,15.107339999999999,-0.3861525
2.932472,-152.0999,5.0,10.3938,-0.312892
7.724989999999999,-148.1155,5.0,6.703639,-0.1373399
11.941360000000001,-142.5981,5.0,12.77634,0.49447920000000006
12.13792,-131.1831,5.0,18.842,0.2257126
3.1288259999999997,-117.8343,5.0,24.79353,0.4116758
-6.181015,-99.8144,5.0,30.248040000000003,0.19527579999999997
-10.60133,-75.82668000000001,5.0,35.46676,0.1709358
-7.716003999999999,-47.949490000000004,5.0,40.30791,0.1730628
-2.453294,-16.76732,5.0,45.06897,0.3362516
-2.99207,13.719170000000002,5.0,32.032759999999996,-1.543554
-6.97355,25.72559,5.0,10.071860000000001,0.8634643
-12.74872,35.306020000000004,5.0,18.65539,0.4256594
-26.28933,43.388020000000004,5.0,24.37049,0.1991785
-46.221090000000004,45.311240000000005,5.0,29.93658,0.40692480000000003
-70.41821999999999,44.702009999999994,5.0,35.38831,0.3817739
-98.5351,43.242459999999994,5.0,40.47917,0.3525915
-127.1638,40.24933,5.0,32.254059999999996,-3.2568919999999997
-141.8224,34.365629999999996,5.0,22.1642,0.3565492
-147.9972,17.3229,5.0,27.39617,0.3658229
-144.6434,-4.521918,5.0,32.6771,0.4124516
-142.0236,-29.86743,5.0,31.2663,-1.027996
-145.6923,-43.98444,6.0,11.896469999999999,0.43932829999999995
-154.0919,-53.25036,6.0,18.7302,-0.4361016
-164.5511,-58.34966,6.0,12.91548,-0.41597259999999997
-164.1461,-68.34719,6.0,19.2176,0.6831779
-147.6244,-72.08355999999999,6.0,30.44786,0.5416068
-122.5611,-79.17197,6.0,40.782740000000004,0.6659752
-109.3836,-103.2307,6.0,35.38825,-0.42777020000000004
-116.4864,-117.7108,6.0,11.338189999999999,0.2442772
-120.1915,-127.5641,6.0,20.01323,0.26477990000000007
-131.06799999999998,-134.1842,6.0,19.34656,0.22181199999999998
-143.4342,-124.9764,6.0,24.60609,0.47245410000000004
-147.4167,-107.2917,6.0,15.29638,-2.164745
-152.1794,-102.8455,6.0,9.323748,0.6586141
-161.7846,-101.1831,6.0,16.41329,-0.2263891
-167.0453,-112.1374,6.0,21.57188,1.008437
-168.4658,-133.2453,6.0,35.2663,0.9036618000000001
-168.5477,-163.8722,6.0,46.9091,0.7875263000000001
-165.4966,-202.0922,6.0,55.0434,-0.4599808
-163.4781,-238.7003,6.0,42.97643,-2.0838360000000002
-151.5982,-257.9105,6.0,25.54165,-0.6368744000000001
-135.8854,-255.4271,6.0,19.05184,0.0748324
-126.4984,-241.8253,6.0,26.11593,0.3890578
-125.2963,-220.5796,6.0,31.485870000000002,0.37797
-128.8405,-195.657,6.0,34.011179999999996,-1.3557569999999999
-121.5074,-182.3222,6.0,18.50855,0.2491875
-107.5834,-187.4816,6.0,23.2085,0.344448
-102.557,-205.4829,6.0,28.273940000000003,0.1839488
-104.5636,-228.4302,6.0,33.77196,0.39910840000000003
-104.9898,-255.1954,6.0,38.48076,0.10002029999999999
-86.50079000000001,-272.7061,6.0,34.25055,-1.0124799999999998
-65.02792,-268.3008,6.0,25.84204,-0.26165900000000003
-51.545759999999994,-258.4587,6.0,24.65531,0.6858433
-46.9758,-237.5906,6.0,31.80007,0.19078989999999998
-43.76982,-212.2399,6.0,37.116009999999996,0.3798654
-36.58337,-184.2773,6.0,40.771390000000004,0.02957894
-13.161170000000002,-164.7789,6.0,38.20208,-0.6516893
1.004866,-153.9401,6.0,13.69067,-0.3437706
7.990800999999999,-148.0228,6.0,12.285689999999999,0.22379139999999997
12.77023,-138.4697,6.0,18.25467,0.6548946
6.944546000000001,-123.4377,6.0,27.34768,1.037884
-6.241578,-101.8856,6.0,41.51073,1.010314
-9.465288000000001,-66.42774,6.0,54.42831999999999,0.7382
-3.227602,-23.28671,6.0,61.53926,0.3321632
-3.910858,15.41574,6.0,33.78067,-3.062333
-10.217839999999999,31.45198,6.0,21.77769,0.2224246
-24.815,42.849509999999995,6.0,30.527720000000002,0.7945757
-52.190329999999996,45.24556,6.0,44.7113,1.109947
-90.68991,43.65462,6.0,58.66372,0.8935562
-122.6107,40.26654,6.0,19.35516,-2.533074
-132.7421,38.24323,6.0,14.17569,0.5199265000000001
-145.4074,30.61216,6.0,24.0302,0.24204160000000002
-147.3036,11.27731,6.0,29.15125,0.40737890000000004
-143.0755,-12.01123,6.0,34.58739,0.3794067
-141.9055,-34.16505,7.0,6.785744,0.2637131
-143.0227,-41.72005,7.0,13.682429999999998,0.44933720000000005
-150.7848,-50.94569,7.0,19.63113,0.4006632
-165.1318,-58.60215,7.0,23.14366,-0.3048373
-166.8815,-71.60077,7.0,15.742820000000002,-0.05229262
-156.5824,-77.10051,7.0,17.975479999999997,0.2490201
-142.6175,-73.6287,7.0,20.080679999999997,0.09146216
-126.8288,-74.89027,7.0,23.24385,0.37274120000000005
-111.6377,-88.3357,7.0,30.82187,0.1193032
-109.3556,-111.6687,7.0,34.27104,0.09546248
-126.9032,-130.1237,7.0,36.84088,0.1367075
-147.1682,-125.2752,7.0,19.73585,-1.702093
-143.8903,-116.8523,7.0,10.18706,0.3894594
-145.532,-106.363,7.0,17.412570000000002,-0.3575264
-156.6402,-101.4067,7.0,19.266479999999998,0.5107309
-166.142,-111.8043,7.0,19.91562,-0.03427543
-165.9235,-127.4747,7.0,24.35456,0.2999469
-168.4563,-149.726,7.0,37.31301,1.043785
-169.7398,-182.2255,7.0,50.17361,0.8624736
-169.5023,-221.705,7.0,50.69215,-0.4553621
-160.6765,-249.6809,7.0,30.42985,-0.43255
-142.9546,-254.3175,7.0,21.92073,-0.26058560000000003
-128.4006,-247.3967,7.0,23.54008,0.21857600000000002
-125.8913,-227.2318,7.0,31.84964,0.19327660000000002
-126.1837,-201.597,7.0,37.18011,0.1731662
-120.3028,-180.3328,7.0,16.62496,-0.6608143
-111.0749,-184.7462,7.0,18.8602,0.3833268
-109.0963,-200.7451,7.0,24.83024,0.4253797
-108.7233,-221.2847,7.0,30.6004,0.4025304
-107.3422,-245.8623,7.0,35.623290000000004,0.13335999999999998
-92.16131,-268.0164,7.0,38.56682,0.08506817
-64.48038000000001,-270.231,7.0,39.35411,-0.02128491
-49.822790000000005,-246.4723,7.0,40.21991,0.2679362
-47.44508,-215.1103,7.0,44.63693,0.1041711
-29.9039,-186.8638,7.0,47.3626,0.37495009999999995
-5.04132,-159.6136,7.0,51.783840000000005,0.1790182
9.205537,-132.5167,7.0,27.56503,-1.7781759999999998
1.3968209999999999,-115.8761,7.0,29.390520000000002,0.12315410000000002
-5.897267,-93.14714000000001,7.0,39.03379,0.6184913000000001
-1.7938169999999998,-57.77288000000001,7.0,56.76195,1.194324
-1.3424530000000001,-10.34532,7.0,67.42065,-1.020183
-6.396386,32.03202,7.0,42.249390000000005,-2.832549
-26.217209999999998,41.66442,7.0,31.60718,0.5323624
-54.150130000000004,40.557959999999994,7.0,41.08368,0.36154050000000004
-86.4079,40.488170000000004,7.0,45.8397,0.3470446
-122.0166,41.337990000000005,7.0,49.79616,-0.1513139
-146.7385,29.369,7.0,27.76046,0.31828
-145.5952,7.389009,7.0,32.38054,0.36132190000000003
-145.2175,-18.53616,7.0,37.616640000000004,0.1737057
-149.7064,-47.23833,8.0,39.12525,-0.717795
-167.3086,-62.44936,8.0,21.51326,-0.7519189000000001
-162.2763,-77.06897,8.0,26.77325,0.4078332
-141.4639,-77.4361,8.0,31.165059999999997,0.3706612
-119.5591,-85.05951,8.0,34.035340000000005,0.296239
-110.76299999999999,-108.9754,8.0,36.78067,0.10568810000000001
-126.5025,-130.1041,8.0,37.84657,0.09602523
-146.0808,-128.5332,8.0,9.993381,-1.333283
-144.869,-126.2103,8.0,7.257842999999999,0.5254803000000001
-141.7136,-119.2487,8.0,13.89359,0.2212991
-146.7469,-108.0072,8.0,19.980539999999998,0.20069620000000002
-161.3924,-103.0439,8.0,23.47866,0.04003591
-167.6108,-118.6206,8.0,26.46643,0.4213514
-167.1967,-140.2517,8.0,31.869259999999997,0.37611079999999997
-171.1453,-165.4784,8.0,37.03803,0.3414196
-169.5154,-194.72299999999998,8.0,41.84356,0.35433590000000004
-168.5086,-227.4481,8.0,46.51567,0.3254116
-155.082,-255.0493,8.0,37.41144,-0.5803748000000001
-133.7459,-250.55599999999998,8.0,27.358040000000003,0.2926729
-127.0044,-229.6009,8.0,32.9995,0.1898652
-127.2096,-203.2021,8.0,38.22569,0.35820290000000005
-119.3125,-180.3418,8.0,21.10276,-1.8076470000000002
-108.97200000000001,-184.3662,8.0,18.093529999999998,0.3846373
-106.9131,-199.6862,8.0,24.011570000000003,0.2210375
-106.3114,-219.7274,8.0,29.855259999999998,0.4032771
-105.265,-243.8243,8.0,35.15395,0.15950350000000002
-92.74635,-267.1992,8.0,37.93383,0.07278728
-65.93665,-270.4957,8.0,38.48851,0.08761074
-48.72742,-248.3464,8.0,40.09765,0.2426092
-46.012640000000005,-217.1234,8.0,44.64076,0.14291900000000002
-31.482840000000003,-187.83,8.0,46.22762,0.32922979999999996
-6.60279,-162.0014,8.0,50.55205,0.2914877
8.843295,-131.8423,8.0,37.76879,-1.091733
-2.9688779999999997,-109.0349,8.0,39.821090000000005,0.5455641999999999
-4.6086290000000005,-80.73772,8.0,41.0536,0.1713636
-1.355566,-48.714940000000006,8.0,45.68578,0.325932
-1.567833,-13.2445,8.0,50.10836,0.15213010000000002
-4.328429,25.04823,8.0,49.5414,-1.624815
-22.01321,42.752520000000004,8.0,20.393810000000002,-2.701091
-26.34535,39.767559999999996,8.0,6.939197,0.4931985
-32.49302,37.4199,8.0,13.211979999999999,-0.009839892
-41.13731,45.83554,8.0,19.50818,0.3789548
-48.03063,48.58648,8.0,0.02194912,0.005701974
-48.03603,48.5217,8.0,1.240159,0.5802918
-48.42649,45.79203,8.0,5.259824,0.02707057
-47.072520000000004,43.22841,8.0,0.19683050000000002,0.3327613
-50.15632,45.33222,8.0,9.65612,0.6433848000000001
-60.32578,45.91724,8.0,18.30913,0.6038148
-76.86227,43.95102,8.0,26.48231,0.5716551999999999
-99.22870999999999,42.11765,8.0,34.10413,0.5234433
-126.9547,43.88158,8.0,40.178129999999996,-0.02199185
-144.45,23.8121,8.0,39.12413,0.23331710000000003
-145.4035,-8.345955,8.0,47.72785,0.28761620000000004
-141.9557,-33.97876,9.0,2.951573,-0.05978869999999999
-142.3796,-36.45558,9.0,7.721596000000001,0.7214275
-145.6623,-45.00645,9.0,13.81487,-0.1048494
-152.1138,-51.36456,9.0,11.37148,-0.02945772
-161.5999,-54.471869999999996,9.0,13.01848,-0.2275241
-166.8402,-60.63239,9.0,9.980949,-0.09505135
-162.6105,-70.34679,9.0,20.88233,0.4829344
-149.1368,-73.41496,9.0,17.15236,-0.25679450000000004
-137.4042,-73.04456,9.0,17.01701,0.5904954000000001
-121.2056,-78.94054,9.0,25.56097,0.03437798
-109.3125,-93.70249,9.0,26.45569,0.06376421
-107.7101,-110.7964,9.0,13.47153,-1.24156
-110.1985,-119.2731,9.0,10.99985,0.3081273
-117.2594,-130.3169,9.0,21.584670000000003,-0.05330358
-130.4442,-134.9936,9.0,17.21732,-0.27107990000000004
-140.8952,-129.8853,9.0,17.53322,1.119243
-147.3486,-113.9614,9.0,27.433329999999998,0.2730967
-155.6263,-100.0121,9.0,15.771870000000002,-0.17595829999999998
-164.2303,-102.8877,9.0,13.61215,0.9169806999999999
-167.7033,-118.162,9.0,28.738540000000004,1.0605950000000002
-168.7558,-144.5203,9.0,41.66806,0.2556947
-167.6972,-177.4231,9.0,46.641040000000004,0.2254322
-164.3307,-211.8188,9.0,43.79479,-0.5972654000000001
-162.5122,-239.8897,9.0,28.91354,-0.4723259
-153.9459,-256.1149,9.0,22.47815,-0.36737359999999997
-140.2434,-259.9078,9.0,17.29726,-0.1656382
-128.9401,-248.5697,9.0,29.08972,1.145746
-125.311,-223.2664,9.0,37.41766,-0.5325913000000001
-128.6866,-199.8017,9.0,22.425720000000002,-1.604798
-127.6262,-187.8803,9.0,14.01395,-0.163157
-119.3499,-181.6913,9.0,18.55791,0.4757576
-106.7728,-185.757,9.0,16.44334,-0.1725805
-102.5959,-196.9787,9.0,21.200979999999998,0.5467966999999999
-103.4156,-218.0094,9.0,34.09961,0.6499934
-106.1592,-245.0875,9.0,36.78463,-0.2011259
-96.60625999999999,-268.5135,9.0,33.15327,-0.2848065
-73.42147,-272.3405,9.0,32.59462,-0.05808097
-53.97173000000001,-259.4962,9.0,32.761340000000004,0.33121940000000005
-47.60886,-234.9029,9.0,35.69485,0.1794924
-43.38715,-208.1477,9.0,35.78009,-0.15704820000000003
-35.98125,-184.2586,9.0,31.48106,-0.37399699999999997
-21.42445,-169.0678,9.0,25.63271,-0.1865076
-7.195367999999999,-159.2936,9.0,21.41398,-0.1517613
4.913119,-151.0777,9.0,17.934060000000002,-0.04630464
12.57664,-138.9028,9.0,22.97654,0.5339335999999999
5.821727,-121.7926,9.0,28.213790000000003,0.3137507
-6.302932,-104.0137,9.0,29.68498,0.0506085
-10.89227,-82.27033,9.0,30.589029999999998,0.2857059
-10.00571,-58.03697,9.0,34.53351,0.12389569999999998
-5.638622,-32.26786,9.0,35.934290000000004,0.03252522
-1.9408439999999998,-5.574701999999999,9.0,36.02844,-0.5208931
-4.307862999999999,16.810389999999998,9.0,24.870260000000002,-0.6508178000000001
-9.539223,31.45267,9.0,18.54741,-0.01235343
-23.41747,42.6743,9.0,28.62978,0.5383769
-46.95805,44.67033,9.0,35.60715,0.5308430000000001
-75.92966,44.14772,9.0,42.677440000000004,0.2422143
-110.0114,42.33334,9.0,48.332209999999996,-0.0005997335
-139.8774,36.36586,9.0,33.94185,0.5715882
-145.7806,13.266779999999999,9.0,36.22702,0.5329068
-141.6787,-15.78825,9.0,42.51498,-0.46803019999999995
-144.5075,-37.89165,10.0,17.113789999999998,-0.24513690000000002
-150.6897,-49.75121,10.0,20.048389999999998,-0.1806973
-162.1678,-56.1842,10.0,16.05388,-0.2817125
-166.9405,-64.63138000000001,10.0,14.22439,0.3218257
-158.2211,-73.0287,10.0,17.8009,0.04562229
-144.6892,-72.46291,10.0,18.18394,-0.1789568
-130.9991,-74.71122,10.0,23.611060000000002,0.5889169
-113.8717,-85.29204,10.0,30.810309999999998,0.4349424
-107.3886,-108.5433,10.0,36.3365,0.20416710000000002
-117.3121,-129.0717,10.0,24.29924,-0.20598720000000004
-132.3647,-133.6945,10.0,19.22651,-0.1726848
-143.0269,-126.447,10.0,20.48398,0.6150607
-147.6458,-109.6022,10.0,23.49227,-0.3801157
-151.4274,-103.4771,10.0,6.504683,1.2700129999999998
-158.9143,-100.4971,10.0,14.8403,0.47117829999999994
-167.0461,-109.6677,10.0,21.0035,0.5016189999999999
-168.3815,-127.8526,10.0,28.101229999999997,0.5069955
-168.9036,-151.3011,10.0,34.652229999999996,0.3167988
-168.1649,-178.3294,10.0,38.402879999999996,0.29501109999999997
-165.3776,-207.32,10.0,37.9826,-0.2911979
-163.893,-232.5946,10.0,30.5329,-0.24741970000000002
-158.8343,-251.6117,10.0,23.4154,-0.227895
-145.2652,-259.6441,10.0,23.55481,0.2598935
-130.8051,-251.5173,10.0,24.71097,0.14799679999999998
-124.7172,-232.8402,10.0,28.29702,0.2182979
-126.7612,-210.9485,10.0,29.40414,-0.24191039999999997
-127.9753,-194.1942,10.0,16.62968,-0.3170425
-125.3791,-184.1749,10.0,12.009160000000001,-0.3074611
-115.4498,-182.0781,10.0,17.32155,0.3086105
-104.4999,-188.7038,10.0,18.19256,0.1324797
-103.2313,-202.8043,10.0,20.58961,0.08969348
-104.2396,-218.74900000000002,10.0,21.79748,-0.01483101
-105.6472,-236.0963,10.0,26.81588,0.47910349999999996
-104.6783,-257.5239,10.0,29.86657,-0.03466399
-89.21461,-272.2305,10.0,33.37964,0.31936709999999996
-62.74782,-268.3295,10.0,38.645309999999995,0.07231274
-49.36861,-244.5384,10.0,40.37849,0.6093126999999999
-44.84047,-213.2003,10.0,43.079190000000004,-0.33527840000000003
-36.31863,-185.9466,10.0,34.34197,-0.2968716
-21.24825,-169.4253,10.0,26.990029999999997,-0.4742972
-8.032689999999999,-160.0769,10.0,13.49345,-0.2676702
1.2209940000000001,-153.6068,10.0,20.38887,0.7113231
11.63604,-143.4689,10.0,20.2367,0.2484956
9.578133,-126.2736,10.0,27.93716,0.1800737
-4.844504,-108.5977,10.0,33.68235,0.40612729999999997
-10.32709,-83.88929,10.0,31.513370000000002,-0.5195609
-9.403485,-59.61789,10.0,35.9122,0.23000700000000002
-5.766154,-30.8626,10.0,42.10955,0.2138375
-1.896793,2.166906,10.0,47.64646,0.36378119999999997
-11.37257,34.6337,10.0,42.893409999999996,-0.1170661
-40.96307,45.14513,10.0,45.34028,0.3064261
-76.49235999999999,44.30632,10.0,50.67233,0.3826762
-115.2273,41.13399999999999,10.0,49.85693,-0.7766685999999999
-144.2118,32.1534,10.0,38.504059999999996,-0.18649000000000002
-145.4575,6.108479,10.0,38.635999999999996,0.22248040000000002
-142.0674,-23.75625,10.0,39.9185,-0.8750053
-150.3806,-47.98055,11.0,35.54096,0.2466047
-169.1075,-66.70749,11.0,31.614490000000004,-1.562964
-163.2883,-80.81371,11.0,19.70704,-0.17912
-150.7714,-71.31954,11.0,24.58971,0.1356875
-132.2617,-73.74877,11.0,29.325590000000002,0.480034
-114.3593,-88.28546999999999,11.0,29.85603,-0.5699984
-109.6763,-111.24700000000001,11.0,35.20825,0.31865190000000004
-121.8425,-130.3607,11.0,26.70505,-0.04368747
-141.3293,-128.0647,11.0,31.18876,0.06580564
-145.7436,-106.4044,11.0,20.454520000000002,-1.584571
-153.2005,-100.7092,11.0,17.78839,0.855038
-165.9778,-108.3504,11.0,24.42567,0.3027488
-166.0202,-128.5871,11.0,30.75767,0.48318
-168.263,-153.6702,11.0,37.11785,0.41864650000000003
-166.7396,-183.2785,11.0,43.09041,0.4215629
-163.9402,-217.2317,11.0,48.35844,-0.1133499
-159.5586,-248.6614,11.0,34.52225,-0.6671522
-142.1457,-259.9532,11.0,30.2109,0.1613872
-127.617,-245.5187,11.0,31.673070000000003,0.47812250000000006
-125.6428,-219.7529,11.0,37.743970000000004,0.42183950000000003
-127.7113,-192.5672,11.0,33.65742,0.29954109999999995
-113.3537,-179.9612,11.0,25.56741,-0.38393590000000005
-107.3466,-195.5854,11.0,27.067790000000002,0.4992727
-105.5597,-217.8254,11.0,33.3133,0.415271
-107.1922,-244.74099999999999,11.0,39.27843,0.3137138
-93.75013,-270.0869,11.0,39.61248,-0.1910174
-64.72128000000001,-269.0846,11.0,42.07378,0.16639849999999998
-48.285059999999994,-244.7254,11.0,42.79291,0.21395160000000002
-43.3928,-211.2061,11.0,48.505340000000004,0.186341
-29.516779999999997,-177.1138,11.0,51.77193,0.1225695
-3.865022,-158.4763,11.0,34.20943,0.3369712
11.309619999999999,-141.9992,11.0,26.49635,-0.3362232
8.464302,-124.8874,11.0,25.575879999999998,0.4537286
-4.105716,-107.6388,11.0,31.873379999999997,0.4024791
-9.816983,-82.52891,11.0,37.997440000000005,0.45798140000000004
-8.812901,-52.25881,11.0,43.80011,0.41571729999999996
-2.7654009999999998,-18.24775,11.0,49.41668,0.3599125
-4.656016,19.83369,11.0,52.94004,-0.6718135999999999
-27.50977,44.93997,11.0,46.23724,-0.06742965
-62.80169,42.9493,11.0,50.27641,0.38636190000000004
-101.9628,41.46927,11.0,55.54971999999999,0.18408039999999998
-138.451,36.057629999999996,11.0,43.60014,-0.2765469
-149.091,9.761192999999999,11.0,40.40911,0.12127360000000001
-142.1202,-21.3076,11.0,45.38462,0.3145125
-150.0594,-48.88916,12.0,30.43645,-1.2650620000000001
-167.6532,-59.12855,12.0,27.332929999999998,-0.4309024
-160.0351,-72.25907,12.0,24.394470000000002,0.15949349999999998
-139.6943,-71.54153000000001,12.0,30.7317,0.42236270000000004
-117.3119,-81.71556,12.0,36.23748,0.3257472
-106.6061,-106.6669,12.0,38.459920000000004,-1.519709
-117.728,-126.1588,12.0,28.28854,0.005465803000000001
-134.9472,-132.9721,12.0,22.0497,-0.2708211
-145.9865,-121.4122,12.0,25.874000000000002,0.22571300000000002
-151.9184,-102.7112,12.0,23.13724,-0.3307702
-165.5092,-104.2507,12.0,20.48364,0.3801324
-167.375,-123.5389,12.0,33.89702,0.7857765
-168.9134,-150.8836,12.0,39.96028,0.186565
-166.9614,-182.6359,12.0,45.6753,0.4044565
-164.8761,-218.4855,12.0,51.276720000000005,0.3953153
-158.3329,-252.1569,12.0,39.71249,-1.519955
-137.7618,-255.8255,12.0,28.01326,0.8886284
-127.9836,-235.8771,12.0,32.96772,0.4960054
-126.0067,-209.3401,12.0,37.75336,-1.289256
-125.9738,-184.8108,12.0,31.55295,-0.29681599999999997
-108.1175,-183.7453,12.0,25.19924,-0.3680328
-109.8477,-202.2619,12.0,28.65648,0.42165820000000004
-109.8362,-225.8727,12.0,35.11629,0.4680982
-105.6153,-253.8138,12.0,41.097229999999996,0.1545536
-84.30995,-271.9193,12.0,39.42399,0.108759
-54.88423,-263.9474,12.0,43.476209999999995,-0.22204459999999998
-46.95545,-238.8393,12.0,32.98608,-0.8345921000000001
-53.27489,-220.6095,12.0,12.52096,-1.534773
-53.22295,-215.6382,12.0,4.676177,-1.0349409999999999
-53.051190000000005,-215.7011,12.0,4.633729,0.6934111
-47.93715,-218.8051,12.0,12.323269999999999,0.47345870000000007
-42.15082,-210.6321,12.0,14.32364,-0.1425289
-41.54385,-200.313,12.0,18.14767,0.7630361
-37.46605,-184.824,12.0,25.20403,0.48418549999999994
-23.50956,-169.3066,12.0,31.61621,0.4572625
-1.518282,-155.8507,12.0,37.90359,0.3725166
12.4621,-134.5276,12.0,30.20993,-0.47613
1.7871990000000002,-114.7167,12.0,36.73939,0.6672227
-10.11696,-84.31448,12.0,51.49935,0.1729436
-7.2024539999999995,-44.72461,12.0,56.06422,0.1686499
-2.1957869999999997,-1.868583,12.0,58.96706,-1.314483
-9.014956,29.667440000000003,12.0,32.01143,0.6233419
-29.558020000000003,45.14415,12.0,37.59137,0.12129780000000001
-59.121759999999995,44.26102,12.0,42.781220000000005,0.1930753
-92.96677,43.77041,12.0,48.4205,0.40148870000000003
-129.6487,39.70609,12.0,48.12019,-0.2874483
-153.3638,20.91402,12.0,26.37298,-0.6827065
-153.8147,12.55241,12.0,0.7319131999999999,0.6932808000000001
-150.0979,12.214839999999999,12.0,9.327262,0.5498124
-146.4659,3.7177300000000004,12.0,16.90764,0.2724026
-144.8655,-11.52369,12.0,24.25594,0.5230139
-142.0641,-31.823459999999997,12.0,30.99398,0.4386985
-142.6995,-37.92906,13.0,10.63702,0.5898064000000001
-148.0141,-47.14208,13.0,18.243570000000002,0.524109
-161.7463,-55.47688,13.0,25.080460000000002,0.35619570000000006
-166.0252,-70.51984,13.0,19.17681,-0.502271
-154.5558,-76.22737,13.0,19.8611,0.4133708
-139.7077,-72.49559,13.0,18.93119,-0.3765544
-124.3202,-74.79794,13.0,24.90136,0.4707699000000001
-109.9146,-88.91063,13.0,30.72498,0.42462330000000004
-108.42200000000001,-112.8625,13.0,35.341809999999995,0.2808892
-127.5999,-131.45,13.0,38.72528,0.0139899
-145.8974,-125.7412,13.0,15.851529999999999,-1.8951509999999998
-142.2265,-123.0173,13.0,9.4002,0.5557178
-138.7941,-122.4738,13.0,3.919689,0.5473351
-143.8489,-124.7152,13.0,10.07273,-0.06602284
-145.5267,-129.1277,13.0,1.151845,-0.5395305
-144.9268,-126.5177,13.0,8.209396,0.3225341
-140.6857,-118.2866,13.0,16.538439999999998,0.256651
-143.3313,-104.2001,13.0,23.49456,0.23030279999999997
-159.6959,-99.00565,13.0,24.34521,-0.578476
-167.1401,-114.2384,13.0,28.090940000000003,0.5266967
-167.7201,-137.6567,13.0,35.09875,0.249577
-167.7258,-166.2995,13.0,41.80075,0.4837825
-167.94799999999998,-199.5977,13.0,48.07788,0.4348871
-166.894,-237.1246,13.0,50.667640000000006,-0.6006168000000001
-143.97,-257.7137,13.0,40.89167,-0.8618589
-127.3576,-243.7783,13.0,30.85584,0.2564967
-127.8009,-217.2303,13.0,40.64503,0.5021412000000001
-127.1699,-189.7527,13.0,23.185029999999998,-1.263531
-119.4158,-181.7254,13.0,14.971079999999999,0.2709475
-107.7312,-187.6365,13.0,22.71394,0.4379566
-104.9208,-206.5152,13.0,29.566209999999998,0.505985
-108.0301,-230.812,13.0,36.468090000000004,0.4390878
-100.5226,-258.274,13.0,41.53849,0.3229216
-74.34439,-272.6358,13.0,42.6198,0.005209671
-51.12343,-254.1711,13.0,42.595729999999996,0.0374077
-48.23511,-221.1448,13.0,46.46458,-0.34672509999999995
-37.82391,-191.3785,13.0,43.75185,0.1833727
-14.465060000000001,-166.0484,13.0,49.577329999999996,0.4598827999999999
8.451566,-136.2818,13.0,47.911120000000004,-0.5377851
0.49918190000000007,-109.0302,13.0,33.85196,-0.2816113
-8.597856,-90.68826,13.0,30.9625,0.5231918
-5.990608,-65.34076999999999,13.0,37.80806,0.4750808
-5.28851,-34.92191,13.0,44.29039,0.22493160000000004
-3.753142,0.1844201,13.0,50.38364,0.19828370000000003
-11.52319,34.74453,13.0,40.59032,-1.8313830000000002
-31.80033,40.023509999999995,13.0,19.60269,-0.8798665000000001
-35.082370000000004,32.58317,13.0,0.2791784,-0.40383009999999997
-35.13605,32.590720000000005,13.0,0.06358923,0.03727087
-35.125679999999996,32.696220000000004,13.0,1.726688,0.28262059999999994
-34.06269,36.94231,13.0,9.766639999999999,0.5020949
-32.38194,43.79253,13.0,5.161951999999999,-0.7458038
-32.43634,44.14627,13.0,3.9299510000000004,0.5859139
-37.15701,41.17624,13.0,11.72033,0.2638238
-48.13596,44.134890000000006,13.0,19.00038,0.49656419999999996
-64.66226999999999,44.978320000000004,13.0,25.69481,0.4600897
-85.87062,42.05648,13.0,32.0574,0.4348867
-111.8069,43.03989,13.0,37.82653,0.3640285
-139.0954,34.11022,13.0,38.87292,0.10714180000000001
-147.8381,8.101067,13.0,40.18728,0.3835031
-144.5782,-23.46061,13.0,45.43687,0.17125610000000002
-152.399,-52.979780000000005,14.0,32.98661,-0.43868549999999995
-162.8721,-68.56219,14.0,22.91809,0.1635384
-146.7806,-75.70573,14.0,28.26213,0.2381004
-124.5224,-79.70125,14.0,33.26282,0.1644531
-109.7759,-100.3651,14.0,36.85657,0.1615634
-118.9254,-125.7365,14.0,38.95831,0.1002832
-142.6255,-129.4829,14.0,26.13609,-1.0811680000000001
-145.7073,-120.1154,14.0,1.650816,-0.4693085
-146.5745,-119.1435,14.0,1.9066759999999998,-0.01149486
-147.3934,-118.1609,14.0,1.514253,0.1467599
-148.8614,-117.3332,14.0,4.14015,-0.06047457
-150.9561,-117.4797,14.0,0.8041567,0.3252912
-147.6558,-115.2942,14.0,9.778504,0.6291926999999999
-144.7622,-105.9479,14.0,17.54617,0.24039029999999997
-155.6016,-96.68584,14.0,23.20344,0.1252432
-167.8595,-108.2884,14.0,27.085559999999997,0.35981399999999997
-166.2953,-130.7424,14.0,33.883070000000004,0.49010940000000003
-166.7323,-158.3673,14.0,40.72124,0.49741270000000004
-167.1068,-190.9524,14.0,47.15173,0.4444772
-166.5984,-228.0587,14.0,52.436080000000004,-0.1976134
-151.5136,-253.8693,14.0,29.950609999999998,-2.135267
-141.6809,-252.1696,14.0,4.674314,-0.07556062
-141.1418,-249.6766,14.0,3.162964,0.4622093
-136.4438,-248.0939,14.0,10.81495,0.2981505
-127.1358,-251.7408,14.0,13.29522,-0.1810549
-121.0517,-247.6311,14.0,10.85234,0.3343248
-123.5186,-236.5279,14.0,19.83401,0.5830651
-126.4905,-219.2156,14.0,27.50488,0.5506095999999999
-127.8453,-196.1774,14.0,34.71764,0.45505829999999997
-115.1368,-178.9651,14.0,26.67196,-1.158452
-105.2781,-191.8316,14.0,29.992109999999997,1.288712
-107.4126,-221.4863,14.0,50.09512,1.366352
-98.32919,-260.5026,14.0,52.19835,-1.297266
-67.57924,-271.4769,14.0,46.699459999999995,0.01391358
-48.143440000000005,-247.8542,14.0,43.30024,0.15535970000000002
-48.10866,-214.1335,14.0,47.78197,0.07802122
-29.15737,-182.747,14.0,52.38066,0.3825754
0.01609552,-154.3167,14.0,56.39959,-0.4249741
8.703207,-123.2766,14.0,30.55085,-0.4588992
-3.1602240000000004,-106.9121,14.0,28.6776,0.4302984
-5.598827,-83.56183,14.0,35.25778,0.2522024
-3.2638979999999997,-55.0119,14.0,42.03825,0.489029
-2.22171,-21.46278,14.0,48.38393,0.4561745
-3.8003379999999995,16.44725,14.0,52.56895,-0.42105479999999995
-23.226329999999997,42.0413,14.0,43.22906,-0.1329464
-56.43529,40.5248,14.0,47.705459999999995,0.4542317
-94.00175,40.23081,14.0,53.681630000000006,0.40216740000000006
-132.4128,39.71184,14.0,42.93893,-0.8941710999999999
-145.3601,23.699379999999998,14.0,13.39618,-2.604833
-143.3985,22.98491,14.0,6.37178,0.2026318
-141.2189,25.56759,14.0,1.081688,-1.009852
-143.2612,22.978620000000003,14.0,8.153624,0.19783670000000003
-148.9535,21.78572,14.0,4.476832,-0.40924940000000004
-148.6165,21.52298,14.0,5.3227720000000005,0.33747119999999997
-143.4606,16.4643,14.0,14.21309,0.5875446
-140.7908,3.334105,14.0,22.386029999999998,0.5870010999999999
-142.0255,-16.210160000000002,14.0,30.23712,0.27406240000000004
-141.8265,-35.40573,1.0,5.723103,-0.07462610000000001
-142.4649,-42.61094,1.0,14.479389999999999,0.6195480999999999
-150.61,-53.353080000000006,1.0,22.726879999999998,0.6012649
-163.1306,-66.87993,1.0,27.23317,-0.10628789999999999
-150.4745,-75.98116,1.0,23.899379999999997,0.0926147
-136.8107,-69.0486,1.0,11.75045,-0.7539519
-135.864,-68.27866999999999,1.0,0.02629178,0.00041478269999999995
-135.8452,-68.28146,1.0,0.02528358,-0.0001725841
-135.8286,-68.28353,1.0,0.01671842,0.001593372
-136.0838,-69.78909,1.0,4.3836129999999995,0.02895635
-135.6898,-73.10625,1.0,4.287131,-0.03072204
-136.2275,-75.84415,1.0,3.505518,-0.009041828
-136.2751,-76.08463,1.0,4.416417,0.6647424
-129.9057,-75.08318,1.0,13.2711,0.6397513000000001
-119.1895,-81.1065,1.0,20.84323,0.5672472
-111.4788,-97.74417,1.0,28.54697,0.519188
-113.8233,-120.3114,1.0,34.27697,0.3847563
-135.2895,-133.2445,1.0,33.485659999999996,-1.34259
-146.5933,-120.4636,1.0,21.95996,-0.20655010000000001
-138.4555,-108.9708,1.0,4.707066,-3.16187
-138.4581,-108.7213,1.0,0.02705111,0.004920018
-138.4588,-108.7379,1.0,0.01934196,0.001757395
-140.6052,-108.1282,1.0,7.401652,0.2519729
-145.5052,-110.4946,1.0,4.574197,-1.463359
-144.9547,-109.2757,1.0,6.522876999999999,0.6151103
-145.6017,-101.6156,1.0,14.76545,0.2798903
-156.3588,-95.69965,1.0,16.93046,-0.3727607
-165.0452,-101.9256,1.0,17.14199,1.230201
-167.3905,-120.0592,1.0,31.385340000000003,0.8177225
-167.4261,-145.8577,1.0,39.65202,0.37896929999999995
-164.2252,-173.1551,1.0,33.62782,-0.5156714
-167.9744,-196.4044,1.0,35.20341,0.6957995
-166.6325,-225.4222,1.0,37.30258,-0.562351
-159.7469,-247.8803,1.0,27.308790000000002,-0.4052527
-140.6219,-249.9385,1.0,29.4186,0.2626848
-122.1657,-238.5022,1.0,26.176920000000003,-1.282406
-130.0872,-223.5059,1.0,25.635089999999998,-0.19818029999999998
-124.863,-208.7857,1.0,21.16901,-0.44332089999999996
-124.3044,-195.5646,1.0,17.95681,-0.3295804
-121.6736,-185.1186,1.0,15.2564,0.7129154000000001
-111.0796,-189.1613,1.0,16.618679999999998,-0.1577483
-110.1163,-200.2321,1.0,13.994029999999999,-0.04374617
-109.6406,-212.477,1.0,20.553079999999998,0.6092985
-107.7607,-230.4801,1.0,28.265109999999996,0.5511686
-102.9347,-253.4523,1.0,35.03837,0.3916329
-82.88461,-270.8535,1.0,38.77088,0.07259962
-57.15501999999999,-261.1985,1.0,39.57933,0.03241329
-51.821909999999995,-232.2675,1.0,42.87175,0.36075820000000003
-40.06532,-201.1195,1.0,47.95523,0.3872866
-16.075029999999998,-172.4384,1.0,53.467290000000006,0.3516293
8.020013,-138.5972,1.0,58.35549,-0.02943265
11.02586,-107.8469,1.0,18.71001,-1.657766
9.877672,-104.3092,1.0,0.5888078,-0.148849
10.01153,-104.41,1.0,2.613846,0.6148319999999999
13.539370000000002,-106.6663,1.0,8.156864,0.1534511
18.33185,-106.9818,1.0,2.3150459999999997,-0.6986023
16.71895,-107.4772,1.0,6.692324,0.31227859999999996
9.393478,-110.8296,1.0,14.72365,0.2538469
-0.04220369,-107.1008,1.0,18.574720000000003,0.23441620000000002
1.216479,-90.82951,1.0,25.37031,0.1881174
-4.3490150000000005,-70.33511,1.0,32.09394,0.45432330000000004
-5.801684,-44.09858,1.0,38.78502,0.47612
-6.412387,-12.99543,1.0,45.12358,0.4465588
-7.069357000000001,22.46724,1.0,48.13785,-0.7137203000000001
-18.537010000000002,44.27004,1.0,17.703,-0.7000599000000001
-27.75127,39.36776,1.0,17.60685,0.2557179
-43.070679999999996,38.718309999999995,1.0,24.686239999999998,0.2554315
-63.924409999999995,39.65964,1.0,31.79301,0.5205261
-90.02396999999999,39.6718,1.0,38.57874,0.4800916
-120.9559,40.601459999999996,1.0,44.82159,-0.02253264
-143.8766,31.534000000000002,1.0,23.22876,-1.421119
-140.5156,24.67984,1.0,8.819434,0.5348042
-137.7517,24.25531,1.0,0.07039672,0.008695632
-137.7516,24.2125,1.0,0.0562789,-0.01100249
-139.6189,24.60909,1.0,6.486241000000001,0.5862807
-146.386,24.14066,1.0,11.01912,-0.04844338
-151.1172,25.39518,1.0,1.595698,-0.6933925
-149.3668,24.3573,1.0,6.942972999999999,0.5858751999999999
-147.1932,16.96284,1.0,14.49816,0.47732420000000003
-152.0056,4.765333,1.0,20.78205,0.397293
-148.0426,-12.474310000000001,1.0,27.253759999999996,0.2475119
-146.1226,-34.94102,2.0,33.512370000000004,0.1843719
-160.4027,-52.65015,2.0,33.26638,-0.040708
-164.243,-70.86151,2.0,22.68187,-1.10705
-156.2961,-69.96938,2.0,8.640507000000001,0.30400759999999993
-155.7027,-68.52748000000001,2.0,0.0599418,0.01032591
-155.6926,-68.57582,2.0,1.032892,0.7139229
-156.2537,-71.53676999999999,2.0,5.177345,-0.05179255
-156.8876,-74.93463,2.0,2.635337,-0.7634085
-155.6267,-73.7901,2.0,7.080228999999999,0.6676861999999999
-147.4944,-73.92081,2.0,15.70534,0.3042278
-135.7252,-81.69624,2.0,19.9122,-0.1624846
-122.8598,-85.29944,2.0,17.520020000000002,0.5763653
-111.6881,-99.62533,2.0,31.4516,0.7833224
-116.641,-121.3097,2.0,32.76312,0.5144721
-137.3553,-130.4915,2.0,28.73998,-1.188516
-144.1788,-118.2402,2.0,20.96724,0.24394770000000005
-140.5125,-104.4108,2.0,18.48909,0.1902688
-154.6773,-102.0723,2.0,20.96582,-0.2158283
-160.9901,-112.3752,2.0,16.548289999999998,-0.0810784
-163.393,-124.9946,2.0,19.14659,0.32512909999999995
-165.4097,-142.6727,2.0,28.16488,0.5703973000000001
-165.31900000000002,-166.4162,2.0,35.80574,0.5213618
-165.6599,-195.6951,2.0,42.9655,0.5192465
-165.5035,-230.0306,2.0,49.2326,-0.05304081
-156.44799999999998,-250.2588,2.0,22.7097,0.4421032999999999
-137.3059,-251.6997,2.0,29.93447,0.4621273
-125.4539,-237.7765,2.0,24.25003,0.04992959
-126.1865,-216.9615,2.0,33.51065,0.4601088
-126.17299999999999,-190.6705,2.0,28.35042,-3.299953
-118.8918,-183.9458,2.0,12.9313,0.5968649
-111.0264,-191.6769,2.0,19.823320000000002,0.29041500000000003
-109.5455,-209.3911,2.0,27.986829999999998,0.5710481
-106.8454,-232.8052,2.0,35.57359,0.25831329999999997
-97.56335,-259.9079,2.0,41.737390000000005,0.1268343
-70.90034,-269.6701,2.0,40.2916,0.08119818
-49.61006,-249.02200000000002,2.0,42.31194,-0.03634246
-48.62874,-216.442,2.0,46.8372,0.3981449
-31.329309999999996,-185.5081,2.0,51.134859999999996,0.4457562
-4.101172,-155.9722,2.0,57.18127,0.2049212
8.655511,-127.5451,2.0,22.073710000000002,-1.372477
-0.9157805,-116.5032,2.0,23.33815,0.273152
-6.6844529999999995,-97.9313,2.0,30.41072,0.5519574
-6.662043,-72.6097,2.0,37.8707,0.5394821
-6.810175,-41.92823,2.0,44.91608,0.4917384
-7.277769,-6.179993,2.0,51.48467,0.2156498
-9.459373,32.43266,2.0,45.98782,-0.9492895
-24.64442,46.16287,2.0,11.5043,-2.74095
-25.529020000000003,44.09773,2.0,6.637472,0.30456059999999996
-31.107259999999997,39.70333,2.0,14.82981,0.5656315
-43.78025,45.471579999999996,2.0,22.87283,0.5260895000000001
-62.93348,44.75116,2.0,30.04702,0.5787791
-87.86909,41.845079999999996,2.0,37.51126,0.5285816
-118.2591,40.84903,2.0,44.50982,0.4698175
-147.3606,30.30622,2.0,32.38024,-2.716454
-149.6348,18.849339999999998,2.0,1.804066,-0.2866752
-145.5847,18.85205,2.0,10.0466,0.30520640000000004
-144.1188,9.239486999999999,2.0,18.150370000000002,0.5431634
-151.2055,-4.981944,2.0,24.47795,0.2387107
-146.1958,-25.00756,2.0,31.46045,0.6058418000000001
-142.7711,-38.44677,3.0,11.87155,-0.04571587
-146.417,-46.42072,3.0,14.57187,0.5084675999999999
-156.6139,-53.21126999999999,3.0,15.734679999999999,-0.1142645
-165.7871,-57.387,3.0,12.02064,-0.17993399999999998
-165.6196,-64.87415,3.0,9.421257,0.05266667
-158.0133,-71.94181999999999,3.0,18.31571,0.4922823
-141.7066,-72.03855,3.0,25.91483,0.5147309
-122.0905,-79.61364,3.0,27.54363,-0.2311
-110.0104,-93.29741,3.0,23.06505,0.04401495
-108.7874,-113.1387,3.0,26.453470000000003,-0.390797
-117.2387,-128.1166,3.0,21.00668,-0.34454159999999995
-132.4357,-133.7964,3.0,24.94484,-0.562408
-143.7056,-121.59899999999999,3.0,29.455509999999997,1.1452930000000001
-153.7805,-104.3761,3.0,19.915670000000002,-1.843334
-164.7844,-108.4049,3.0,20.1409,0.5044708
-168.0735,-125.8389,3.0,28.03663,0.5916258000000001
-169.9009,-149.3724,3.0,35.54012,0.5320034
-167.4326,-178.1873,3.0,42.5308,0.49959529999999996
-164.9694,-212.0874,3.0,49.105709999999995,0.2256551
-162.1509,-247.4999,3.0,42.91602,-0.7508694
-142.9642,-258.3996,3.0,25.6837,-0.330444
-127.9607,-243.9295,3.0,31.865029999999997,0.17458529999999997
-127.4351,-219.5069,3.0,36.83997,0.49654490000000007
-126.8722,-193.2353,3.0,33.74275,1.0350700000000002
-115.3383,-178.4268,3.0,23.335179999999998,-0.24470250000000002
-109.5351,-190.708,3.0,23.6182,0.5769075
-106.1427,-210.0159,3.0,30.53231,0.5581326
-105.3031,-232.5216,3.0,28.267529999999997,-0.38721259999999996
-105.2849,-254.5924,3.0,35.20747,0.1876404
-87.05391999999999,-271.8032,3.0,36.23942,0.02657477
-64.30391999999999,-268.8129,3.0,17.94282,-0.8824279
-56.55936,-267.0329,3.0,4.1528089999999995,-0.8418171
-56.88896999999999,-267.2157,3.0,1.684437,-0.30379959999999995
-56.87498000000001,-267.14,3.0,2.82835,0.520003
-54.21807,-263.96,3.0,7.346189,0.0751597
-49.07874,-262.7863,3.0,6.445639,-0.9224471
-48.49419,-263.1609,3.0,4.009898000000001,0.32587340000000004
-50.17958,-257.3131,3.0,12.41773,0.29553809999999997
-47.38671,-245.4465,3.0,20.39246,0.2874212
-44.28886,-227.822,3.0,27.861959999999996,0.5284934
-41.655229999999996,-204.6595,3.0,34.90025,0.4985763
-30.24452,-180.5092,3.0,39.287929999999996,0.4691295999999999
-9.514694,-160.1361,3.0,31.186359999999997,-1.665859
4.557723,-149.089,3.0,20.84054,-0.3485568
11.71084,-137.8847,3.0,15.888879999999999,-0.33584640000000004
9.591711,-126.9377,3.0,17.50274,0.5436484
0.14618689999999998,-114.4291,3.0,24.88446,0.5417308000000001
-7.871630000000001,-94.92278,3.0,31.874109999999998,0.2514288
-10.450280000000001,-69.10898,3.0,38.38544,0.4803063
-6.880837,-38.448809999999995,3.0,44.66107,0.20941329999999997
-3.4281639999999998,-5.673824,3.0,41.23786,-0.6154947
-4.486903,12.72153,3.0,9.994576,-1.8117560000000001
-5.14291,16.63997,3.0,8.030803,0.3155757
-7.266477,25.5448,3.0,16.51634,0.2934498
-15.465910000000001,37.86392,3.0,23.8711,0.4767982
-34.21099,45.01357,3.0,30.55742,0.4439518
-59.36269,44.72895,3.0,37.44917,0.4902379
-89.54169,43.29483,3.0,44.03259,0.22767670000000004
-123.2428,40.09633,3.0,44.373459999999994,-0.2213745
-148.7325,28.383390000000002,3.0,35.34913,-0.9863966000000001
-144.2811,5.02747,3.0,34.593090000000004,0.1050971
-145.1437,-22.168229999999998,3.0,39.907779999999995,0.2159781
-148.1104,-50.2112,4.0,28.36545,-1.306994
-161.9668,-54.52338,4.0,19.74118,-0.004464887
-166.8404,-65.48325,4.0,21.03325,0.3417825
-151.2532,-72.67936999999999,4.0,27.179240000000004,0.2493229
-129.2747,-76.47363,4.0,33.6111,0.23507020000000003
-110.7677,-95.24804,4.0,38.85897,0.14618050000000002
-114.5655,-121.8344,4.0,37.53841,0.02728708
-137.0517,-131.7127,4.0,32.8098,-0.778098
-144.2177,-112.6022,4.0,31.1581,0.3315468
-153.0707,-98.77266999999999,4.0,16.57629,-0.38728029999999997
-164.4001,-106.5117,4.0,23.25449,0.2275353
-168.7054,-125.8724,4.0,30.476640000000003,0.2728127
-170.2121,-150.9234,4.0,37.312540000000006,0.5068202
-167.3279,-180.9454,4.0,43.95035,0.48009040000000003
-164.0852,-215.6848,4.0,49.46441,-0.02035886
-161.16899999999998,-247.4682,4.0,26.76796,-3.105477
-149.6332,-256.4137,4.0,19.69209,0.6935011
-133.3072,-255.088,4.0,25.02835,0.12574849999999999
-126.0636,-235.6139,4.0,31.568740000000002,0.5263315
-127.9392,-210.3485,4.0,37.72394,0.4526954000000001
-123.354,-182.3719,4.0,37.9201,-0.40464429999999996
-101.9232,-180.3977,4.0,27.081490000000002,-0.8379485000000001
-105.1626,-194.3433,4.0,22.05621,0.4416923
-114.5553,-201.3758,4.0,3.329561,-0.9205738000000001
-114.5551,-201.5555,4.0,0.007047693000000001,0.01444746
-113.7493,-201.7489,4.0,3.7237730000000004,0.3501105
-110.1301,-199.9377,4.0,6.836752000000001,-1.115407
-109.6792,-198.3398,4.0,1.7523090000000001,0.27256990000000003
-109.1214,-202.313,4.0,8.986361,0.4924234
-107.2458,-211.3502,4.0,15.74877,0.24176129999999998
-105.2805,-225.2437,4.0,22.06621,0.43074359999999995
-105.9757,-243.8038,4.0,27.8769,0.1831568
-98.75798,-264.3905,4.0,32.09852,0.2157999
-76.2998,-271.7717,4.0,34.65036,0.1287312
-53.158390000000004,-259.4425,4.0,37.1866,-0.08961137
-49.33534,-231.9454,4.0,39.83148,0.1747527
-42.9847,-201.7706,4.0,44.03627,0.33746740000000003
-23.8918,-174.4151,4.0,46.79353,-0.02284825
-0.662431,-153.7245,4.0,29.69933,-2.3631349999999998
10.75221,-142.093,4.0,18.32093,-0.2558475
11.05367,-129.2157,4.0,22.854860000000002,0.403495
-0.572823,-114.2133,4.0,28.36603,0.3626498
-8.491807000000001,-92.81075,4.0,33.48764,0.37027109999999996
-10.504710000000001,-66.30313000000001,4.0,38.50315,0.3403804
-5.940891000000001,-36.372040000000005,4.0,43.2402,0.3230595
-1.442776,-2.99595,4.0,47.535340000000005,0.08648721
-8.353861,29.09273,4.0,28.793870000000002,-1.354818
-24.592389999999998,41.9389,4.0,30.862040000000004,0.2932284
-49.08206,43.60718,4.0,35.78973,0.1831379
-77.48592,43.30135,4.0,40.85808,0.3717542
-109.1802,41.2547,4.0,43.42324,-0.254469
-135.2032,37.84361,4.0,18.17304,-1.457429
-144.6214,31.055979999999998,4.0,18.5807,0.425979
-148.0521,15.71105,4.0,24.313010000000002,0.4237032
-144.8107,-4.145352,4.0,30.02297,0.3961827
-141.6314,-28.12616,4.0,35.12588,0.23330820000000002
-150.0284,-48.549609999999994,5.0,26.1348,0.1632535
-167.408,-59.09779,5.0,25.23921,-1.3479459999999999
-162.4273,-69.55704,5.0,16.90665,-0.20845789999999997
-149.1131,-71.00941999999999,5.0,22.08858,0.4489727
-131.1011,-75.45772,5.0,27.93924,0.1964632
-112.6266,-87.76301,5.0,32.47403,0.11632039999999999
-109.0022,-111.55799999999999,5.0,34.17942,-0.09963322
-121.8209,-131.3431,5.0,31.090059999999998,-0.9956640999999999
-139.5448,-129.1288,5.0,23.23551,0.1266837
-145.8226,-111.6152,5.0,27.74557,0.3488119
-161.3007,-100.4447,5.0,21.87266,-1.326934
-164.6155,-110.698,5.0,16.58364,0.1391905
-166.69400000000002,-125.4547,5.0,23.76041,0.4095469
-168.2509,-149.3884,5.0,41.77565,1.387243
-165.61700000000002,-183.5852,5.0,49.199329999999996,0.4689755
-164.3199,-219.1886,5.0,37.289190000000005,-2.668882
-163.4003,-237.5754,5.0,19.591160000000002,-0.1627079
-160.2211,-249.553,5.0,14.77679,0.10032139999999999
-150.3703,-258.4727,5.0,23.497510000000002,0.2809745
-132.6316,-254.5335,5.0,29.731890000000003,0.2722985
-125.3277,-229.2524,5.0,40.47254,0.458534
-128.5626,-201.2177,5.0,26.69432,-2.690893
-125.8492,-186.8425,5.0,16.46207,-0.2505424
-114.0388,-182.1758,5.0,22.42579,0.6595222
-102.7346,-194.487,5.0,26.497740000000004,0.2410297
-103.2237,-217.7712,5.0,35.408640000000005,0.1965691
-105.6545,-244.6649,5.0,34.87645,-0.6627723000000001
-99.0037,-265.8333,5.0,29.46027,0.41493290000000005
-77.04884,-271.9557,5.0,33.55581,0.3049696
-54.8753,-260.2386,5.0,35.87787,0.07609732
-48.363490000000006,-233.2217,5.0,39.913470000000004,0.3573726
-43.247859999999996,-202.3254,5.0,44.57713,0.14371099999999998
-26.10925,-173.3074,5.0,47.50756,0.11739460000000002
-4.794875,-157.2712,5.0,15.07637,-0.1884797
2.997179,-152.0517,5.0,10.367980000000001,-0.15061300000000002
7.761807000000001,-148.08,5.0,6.6599509999999995,-0.24730589999999997
11.98283,-142.5104,5.0,12.815339999999999,0.232314
12.08896,-131.0492,5.0,18.91475,0.4245032
3.0153060000000003,-117.6915,5.0,24.82679,0.2012224
-6.249547,-99.60089,5.0,30.314020000000003,0.3937098
-10.613760000000001,-75.56831,5.0,35.52721,0.36307649999999997
-7.654895,-47.65218,5.0,40.36847,0.335476
-2.4162209999999997,-16.43543,5.0,45.12381,0.3316777
-3.049513,13.96181,5.0,31.77815,-1.461644
-7.003622999999999,25.79413,5.0,10.14105,0.4277977
-12.84015,35.40976,5.0,18.68955,0.2101788
-26.458890000000004,43.44157,5.0,24.43538,0.39508150000000003
-46.44465,45.3093,5.0,30.00378,0.39969899999999997
-70.68506,44.69048,5.0,35.418240000000004,0.1798642
-98.83381,43.21601,5.0,40.50671,0.16919220000000001
-127.4065,40.2233,5.0,31.985809999999997,-1.6349280000000002
-141.9285,34.24344,5.0,22.19215,0.1744037
-148.0116,17.110429999999997,5.0,27.45787,0.34483800000000003
-144.5867,-4.757328,5.0,32.70865,0.19457220000000003
-142.0433,-30.0967,5.0,31.1859,-0.4980028
-145.7318,-44.06597,6.0,11.97449,0.46038770000000007
-154.2155,-53.30495,6.0,18.65629,-0.4493486
-164.6134,-58.423,6.0,12.88057,-0.2174839
-164.0568,-68.45776,6.0,19.27327,0.34525809999999996
-147.4053,-72.0484,6.0,30.637529999999998,1.134929
-122.3148,-79.33651,6.0,40.83683,0.34153490000000003
-109.4464,-103.4846,6.0,35.25683,-0.778417
-116.5142,-117.7901,6.0,11.29227,-0.2706619
-120.2614,-127.6916,6.0,20.02318,0.06262401
-131.2114,-134.1781,6.0,19.42216,0.44818800000000003
-143.4952,-124.806,6.0,24.68298,0.467084
-147.4823,-107.197,6.0,15.12425,-1.0260850000000001
-152.2356,-102.8094,6.0,9.378735,0.3469143
-161.8948,-101.2342,6.0,16.3943,-0.1159137
-167.0588,-112.2948,6.0,21.65669,0.5445352
-168.4896,-133.4935,6.0,35.34004,0.474438
-168.5415,-164.2183,6.0,47.03745,0.7619566
-165.454,-202.5034,6.0,54.98209,-0.36791779999999996
-163.4726,-239.0171,6.0,42.80376,-1.056729
-151.4186,-257.942,6.0,25.48805,-0.343895
-135.7617,-255.359,6.0,19.083560000000002,0.1861901
-126.4495,-241.6338,6.0,26.147289999999998,0.18884700000000001
-125.3225,-220.3529,6.0,31.51625,0.19140179999999998
-128.8406,-195.3842,6.0,33.7933,-1.215803
-121.3732,-182.2929,6.0,18.581979999999998,0.4374375
-107.4801,-187.6131,6.0,23.23413,0.1629545
-102.5535,-205.6851,6.0,28.339000000000002,0.4033512
-104.5965,-228.6817,6.0,33.80254,0.1842301
-104.9393,-255.4601,6.0,38.51643,0.2236272
-86.25355,-272.71,6.0,34.16805,-0.5172960999999999
-64.84447,-268.249,6.0,25.75379,-0.5218541
-51.470279999999995,-258.29400000000004,6.0,24.77345,0.7014093000000001
-46.94123,-237.3622,6.0,31.86679,0.3904742
-43.74443,-211.9694,6.0,37.18047,0.3961915
-36.41799,-184.02599999999998,6.0,40.77512,0.02250362
-12.93568,-164.6113,6.0,38.15359,-0.2972243
1.083386,-153.8811,6.0,13.631689999999999,-0.3751977
8.054688,-147.9551,6.0,12.32825,0.25184029999999996
12.78613,-138.3329,6.0,18.363970000000002,0.6306255000000001
6.801617,-123.2859,6.0,27.43202,0.5011352
-6.319644,-101.5878,6.0,41.676429999999996,1.000385
-9.450139,-66.01751999999999,6.0,54.57082,0.8251283000000001
-3.138091,-22.83062,6.0,61.566069999999996,0.16258889999999998
-3.975769,15.64923,6.0,33.53131,-1.578008
-10.29945,31.593290000000003,6.0,21.85373,0.44842730000000003
-25.03643,42.917590000000004,6.0,30.59285,0.3944601
-52.529630000000004,45.23645,6.0,44.79902,0.5134718
-91.11155,43.639359999999996,6.0,58.735380000000006,0.45434079999999993
-122.7465,40.24023,6.0,19.147920000000003,-1.313395
-132.8475,38.22055,6.0,14.34269,0.9741008
-145.4906,30.45403,6.0,24.07156,0.2525516
-147.2843,11.06145,6.0,29.183740000000004,0.2000818
-143.0172,-12.260819999999999,6.0,34.64824,0.3598167
-141.908,-34.21591,7.0,6.872317999999999,0.537313
-143.0539,-41.82104,7.0,13.758339999999999,0.44104740000000003
-150.9114,-51.01258,7.0,19.66416,0.20675100000000002
-165.2427,-58.732240000000004,7.0,23.04476,-0.5806469
-166.82299999999998,-71.69955999999999,7.0,15.7331,-0.05911065
-156.4449,-77.09918,7.0,18.01669,0.24070239999999998
-142.469,-73.59904,7.0,20.08855,0.04749474
-126.6736,-74.94781,7.0,23.27505,0.2007632
-111.5238,-88.52461,7.0,30.863970000000002,0.2587181
-109.4261,-111.9001,7.0,34.30498,0.2099076
-127.1486,-130.2189,7.0,36.86404,0.14526779999999997
-147.2247,-125.1415,7.0,19.45085,-1.741191
-143.851,-116.7798,7.0,10.25867,0.3953688
-145.6118,-106.2614,7.0,17.383470000000003,-0.1781338
-156.7806,-101.4244,7.0,19.30901,0.265036
-166.1624,-111.9497,7.0,19.90622,-0.05619143
-165.9293,-127.6554,7.0,24.45841,0.6151593000000001
-168.4864,-150.0027,7.0,37.48236,1.010903
-169.7434,-182.6055,7.0,50.24005,0.3950579
-169.4721,-222.0785,7.0,50.54721,-0.8554431
-160.5183,-249.8267,7.0,30.28443,-0.905718
-142.7905,-254.3016,7.0,21.880129999999998,-0.2392587
-128.2961,-247.2487,7.0,23.5577,0.10400339999999998
-125.8968,-226.9948,7.0,31.916490000000003,0.3948748
-126.1848,-201.3279,7.0,37.24276,0.37975180000000003
-120.19200000000001,-180.2733,7.0,16.488,-0.7951521
-111.0226,-184.8793,7.0,18.92524,0.3861713
-109.0882,-200.9274,7.0,24.901989999999998,0.438925
-108.7194,-221.5068,7.0,30.63268,0.2021641
-107.2846,-246.1113,7.0,35.67085,0.29247270000000003
-91.9132,-268.1735,7.0,38.59681,0.1735529
-64.21468,-270.0952,7.0,39.35015,-0.02336621
-49.79717,-246.1803,7.0,40.241659999999996,0.1387747
-47.37838,-214.7863,7.0,44.67393,0.2207431
-29.664479999999998,-186.6116,7.0,47.42543,0.3834111
-4.795148,-159.3191,7.0,51.854040000000005,0.4202222
9.216889,-132.3203,7.0,27.41777,-0.9345009
1.256186,-115.7141,7.0,29.43311,0.2567269
-5.889752,-92.85254,7.0,39.246759999999995,1.247251
-1.7539740000000001,-57.353809999999996,7.0,56.95698,1.1778959999999998
-1.3662159999999999,-9.861189,7.0,67.24557,-1.092614
-6.53961,32.31831,7.0,42.019859999999994,-1.362568
-26.455759999999998,41.63715,7.0,31.79355,1.080115
-54.44537,40.55444,7.0,41.14451,0.3782934
-86.74948,40.49364,7.0,45.89573,0.3364272
-122.3851,41.323370000000004,7.0,49.76525,-0.2023229
-146.8052,29.17432,7.0,27.83155,0.42591590000000007
-145.5811,7.153599000000001,7.0,32.40932,0.179065
-145.2247,-18.81154,7.0,37.67924,0.3750861
-149.8572,-47.48723,8.0,39.00463,-0.7216175
-167.3788,-62.58704,8.0,21.45174,-0.38933
-162.1022,-77.16530999999999,8.0,26.83945,0.3994012
-141.2301,-77.4071,8.0,31.19534,0.1823712
-119.3814,-85.24205,8.0,34.08276,0.2833461
-110.7888,-109.2486,8.0,36.78785,0.04377144
-126.7601,-130.2147,8.0,37.8612,0.08797501
-146.1345,-128.4845,8.0,9.557292,-2.565136
-144.8257,-126.1737,8.0,7.2999350000000005,0.2453491
-141.7139,-119.1494,8.0,13.968979999999998,0.46776090000000003
-146.8479,-107.8938,8.0,20.048470000000002,0.3903742
-161.5501,-103.1103,8.0,23.48537,0.04127287
-167.5924,-118.8208,8.0,26.49976,0.2004716
-167.2326,-140.4942,8.0,31.932090000000002,0.36418690000000004
-171.1601,-165.7524,8.0,37.06425,0.159727
-169.4986,-195.0333,8.0,41.90102,0.3450065
-168.4883,-227.7856,8.0,46.53902,0.1470036
-154.8326,-255.1662,8.0,37.35,-0.3760341
-133.6054,-250.4055,8.0,27.380190000000002,0.1338703
-127.0087,-229.3538,8.0,33.06381,0.3771369
-127.1973,-202.9236,8.0,38.285759999999996,0.36885290000000004
-119.1704,-180.2673,8.0,20.80777,-1.7383080000000002
-108.9142,-184.4878,8.0,18.12486,0.1929629
-106.9055,-199.8657,8.0,24.08462,0.42769070000000003
-106.3015,-219.9464,8.0,29.887929999999997,0.20394379999999998
-105.2307,-244.0899,8.0,35.20857,0.3132949
-92.52174000000001,-267.3642,8.0,37.95994,0.1562405
-65.6803,-270.371,8.0,38.49552,0.04325576
-48.669709999999995,-248.055,8.0,40.117329999999995,0.12429569999999998
-45.9783,-216.79,8.0,44.69171,0.2966972
-31.22728,-187.5901,8.0,46.28148,0.3143881
-6.369746,-161.7212,8.0,50.574290000000005,0.1395863
8.84607,-131.5629,8.0,37.68121,-0.5377818
-3.1427970000000003,-108.7892,8.0,39.85862,0.22561599999999998
-4.549942,-80.43883000000001,8.0,41.113040000000005,0.35182129999999995
-1.345309,-48.38629,8.0,45.71107,0.158573
-1.573093,-12.87498,8.0,50.16223,0.320679
-4.433867,25.40606,8.0,49.40907,-0.7845932
-22.16328,42.76267,8.0,20.18514,-1.2826170000000001
-26.3585,39.71775,8.0,6.979586,0.2511381
-32.58379,37.45769,8.0,13.29607,0.49876390000000004
-41.24252,45.93481,8.0,19.5709,0.3758035
-48.03046,48.5865,8.0,0.02386647,0.01215465
-48.038959999999996,48.512890000000006,8.0,1.266629,0.16368229999999998
-48.42156,45.75163,8.0,5.268867,0.05103079
-47.074020000000004,43.2298,8.0,0.3054025,0.6467736
-50.220859999999995,45.36437,8.0,9.762097,0.6433028000000001
-60.45568000000001,45.8961,8.0,18.35945,0.3198353
-77.05367,43.92102,8.0,26.578770000000002,0.5883404999999999
-99.48651,42.12727,8.0,34.145590000000006,0.2485137
-127.2512,43.82606,8.0,40.173759999999994,-0.02654222
-144.4602,23.531270000000003,8.0,39.20228,0.482228
-145.4421,-8.693776,8.0,47.82758,0.5850621
-141.9584,-34.001529999999995,9.0,2.941366,-0.05995337
-142.392,-36.511109999999995,9.0,7.968513000000001,1.491956
-145.7132,-45.09292,9.0,13.77945,-0.2148123
-152.1901,-51.40208,9.0,11.3705,-0.006008097
-161.6893,-54.51011,9.0,13.00025,-0.11043199999999999
-166.8517,-60.7076,9.0,9.95001,-0.17734520000000004
-162.4892,-70.44293,9.0,20.95832,0.45252650000000005
-149.0089,-73.40052,9.0,17.131729999999997,-0.1237317
-137.2755,-73.06181,9.0,17.21269,1.14333
-121.0546,-79.04156,9.0,25.57564,0.09063312
-109.2431,-93.88206,9.0,26.46518,0.05776995
-107.7291,-110.8921,9.0,13.360510000000001,-0.6862096999999999
-110.2301,-119.3532,9.0,11.03149,0.1852998
-117.3742,-130.4199,9.0,21.5679,-0.10280639999999998
-130.567,-134.9835,9.0,17.169729999999998,-0.2974354
-140.9785,-129.7849,9.0,17.72264,1.138923
-147.401,-113.7699,9.0,27.5287,0.5284072
-155.7318,-99.9662,9.0,15.712979999999998,-0.3548259
-164.2859,-102.9793,9.0,13.76247,0.8410527
-167.7198,-118.3749,9.0,28.911559999999998,1.047168
-168.7629,-144.8211,9.0,41.761340000000004,0.5636703000000001
-167.6585,-177.7746,9.0,46.67558,0.2038362
-164.3013,-212.1483,9.0,43.74538,-0.29464559999999995
-162.4919,-240.0999,9.0,28.80756,-0.6353293000000001
-153.81799999999998,-256.2119,9.0,22.44724,-0.1918455
-140.1185,-259.8682,9.0,17.2949,-0.01364711
-128.8484,-248.3767,9.0,29.27297,1.122113
-125.34,-222.9906,9.0,37.32857,-0.5473339
-128.6991,-199.6291,9.0,22.160429999999998,-1.527194
-127.5933,-187.7796,9.0,13.97715,-0.22032600000000002
-119.2128,-181.68,9.0,18.5959,0.23172710000000002
-106.6893,-185.8392,9.0,16.38567,-0.35613579999999995
-102.5845,-197.1407,9.0,21.38799,1.0741829999999999
-103.4399,-218.2641,9.0,34.20387,0.6268796
-106.1507,-245.3541,9.0,36.767109999999995,-0.10997699999999999
-96.41903,-268.6588,9.0,33.10076,-0.3381082
-73.18784000000001,-272.2897,9.0,32.58895,-0.03630766
-53.8462,-259.2884,9.0,32.81367,0.3139117
-47.5672,-234.6364,9.0,35.72311,0.16703389999999999
-43.34209,-207.8933,9.0,35.73717,-0.2608792
-35.85737,-184.0544,9.0,31.41788,-0.3712071
-21.27134,-168.9527,9.0,25.572229999999998,-0.35093579999999996
-7.062644000000001,-159.207,9.0,21.38861,-0.15259479999999997
5.023743,-150.9912,9.0,17.9204,-0.07703678
12.598239999999999,-138.7332,9.0,23.06342,0.5210991
5.686262,-121.6411,9.0,28.23875,0.1575691
-6.373382,-103.8118,9.0,29.688029999999998,0.01914621
-10.91383,-82.04472,9.0,30.61157,0.1406771
-9.972502,-57.790569999999995,9.0,34.54268,0.05764101
-5.589709,-32.00884,9.0,35.94917,0.08713996
-1.926638,-5.304079,9.0,35.94246,-0.5186026
-4.346566999999999,16.990270000000002,9.0,24.81755,-0.32499959999999994
-9.613073,31.568720000000003,9.0,18.58751,0.2356737
-23.61444,42.75134,9.0,28.71508,0.5190676
-47.21021,44.64754,9.0,35.64956,0.2682742
-76.24429,44.15553,9.0,42.76197,0.5073548
-110.3668,42.29045,9.0,48.330020000000005,-0.01363996
-140.0846,36.22317,9.0,33.98597,0.2719008
-145.7083,13.00261,9.0,36.31562,0.5211395999999999
-141.6984,-16.109720000000003,9.0,42.45455,-0.363216
-144.5407,-38.00994,10.0,17.07103,-0.272
-150.7892,-49.85387,10.0,19.98975,-0.36270840000000004
-162.2759,-56.24004,10.0,16.006629999999998,-0.27899759999999996
-166.9162,-64.73637,10.0,14.332270000000001,0.6280361
-158.0909,-73.0498,10.0,17.80809,0.04348034
-144.5547,-72.46529,10.0,18.15467,-0.1772918
-130.8299,-74.76579,10.0,23.70757,0.5757065
-113.73,-85.45945,10.0,30.845340000000004,0.2248909
-107.425,-108.8607,10.0,36.408970000000004,0.362329
-117.462,-129.1788,10.0,24.2312,-0.3874970999999999
-132.506,-133.6795,10.0,19.16999,-0.3367193
-143.0957,-126.3098,10.0,20.58525,0.6010099
-147.7085,-109.4356,10.0,23.427410000000002,-0.384313
-151.4641,-103.4433,10.0,6.611231,0.6341821999999999
-159.0239,-100.5077,10.0,14.91833,0.4705402
-167.0734,-109.821,10.0,21.04446,0.241918
-168.3942,-128.0629,10.0,28.18494,0.5107217000000001
-168.8991,-151.5578,10.0,34.67496,0.1402805
-168.1539,-178.611,10.0,38.42542,0.13898870000000002
-165.3525,-207.5957,10.0,37.88412,-0.6050406999999999
-163.8837,-232.8184,10.0,30.450259999999997,-0.49694040000000006
-158.7286,-251.7473,10.0,23.3405,-0.448399
-145.0917,-259.6626,10.0,23.595670000000002,0.24457779999999998
-130.7179,-251.3562,10.0,24.761570000000003,0.3019768
-124.7006,-232.6279,10.0,28.33087,0.20281970000000002
-126.7854,-210.7324,10.0,29.323929999999997,-0.4772826
-127.9774,-194.0695,10.0,16.578039999999998,-0.3044881
-125.3125,-184.1138,10.0,11.95777,-0.30757429999999997
-115.3273,-182.0945,10.0,17.34771,0.1657035
-104.4404,-188.8281,10.0,18.20277,0.06093802
-103.2394,-202.9567,10.0,20.62107,0.18691429999999998
-104.2497,-218.9102,10.0,21.79583,-0.01003227
-105.6616,-236.2873,10.0,26.855009999999996,0.2503798
-104.6155,-257.7399,10.0,29.85789,-0.05032107
-88.96783,-272.2787,10.0,33.48854,0.6367754
-62.50011,-268.2017,10.0,38.65327,0.04922206
-49.326840000000004,-244.2346,10.0,40.4239,0.27140679999999995
-44.7819,-212.8868,10.0,42.969429999999996,-0.6621838000000001
-36.19325,-185.7197,10.0,34.24168,-0.5931557
-21.08846,-169.3056,10.0,26.91521,-0.4524735
-7.946216000000001,-160.0166,10.0,13.448820000000001,-0.2548473
1.343313,-153.5179,10.0,20.445510000000002,0.3512099
11.70923,-143.3376,10.0,20.32137,0.5023829000000001
9.445403,-126.11399999999999,10.0,28.00139,0.384712
-4.942175,-108.3676,10.0,33.71477,0.1985561
-10.3387,-83.66203,10.0,31.47017,-0.2714357
-9.379047,-59.35272,10.0,35.989740000000005,0.449704
-5.713557,-30.54669,10.0,42.1825,0.42232879999999995
-1.9031619999999998,2.519915,10.0,47.7048,0.34523309999999996
-11.58773,34.867329999999995,10.0,42.87229,-0.129141
-41.28625,45.15035,10.0,45.36458,0.1551369
-76.86129,44.30717,10.0,50.702,0.1863375
-115.5931,41.09131,10.0,49.603640000000006,-1.496618
-144.4009,31.940140000000003,10.0,38.44304,-0.3487631
-145.3588,5.837238,10.0,38.71155,0.4445482
-142.1119,-24.04704,10.0,39.62945,-1.704135
-150.5284,-48.19842,11.0,35.58028,0.2367906
-169.1865,-66.92432,11.0,31.35892,-1.5196889999999998
-163.1392,-80.81626,11.0,19.69499,-0.07119211
-150.6163,-71.22106,11.0,24.63424,0.26214699999999996
-132.0767,-73.86286,11.0,29.4057,0.4835871
-114.2202,-88.4623,11.0,29.80893,-0.2779021
-109.73100000000001,-111.4924,11.0,35.23425,0.1646415
-122.0023,-130.466,11.0,26.70305,-0.01277604
-141.4818,-127.8851,11.0,31.18432,-0.02622938
-145.7984,-106.2654,11.0,19.933139999999998,-3.0870740000000003
-153.3308,-100.6882,11.0,17.85489,0.4114771
-166.0339,-108.5231,11.0,24.47579,0.30119650000000003
-166.0167,-128.8177,11.0,30.836240000000004,0.46996049999999995
-168.2838,-153.9512,11.0,37.18874,0.42782020000000004
-166.7068,-183.6036,11.0,43.124159999999996,0.20119720000000002
-163.9221,-217.5831,11.0,48.310590000000005,-0.2875937
-159.4609,-248.8856,11.0,34.28869,-1.4417440000000001
-141.9177,-259.9488,11.0,30.22253,0.07129171
-127.5595,-245.2931,11.0,31.7495,0.4654357
-125.6733,-219.4754,11.0,37.81541,0.44477330000000004
-127.68,-192.3272,11.0,33.68197,0.15746749999999998
-113.1763,-180.0144,11.0,25.50163,-0.4042768
-107.3629,-195.7854,11.0,27.151120000000002,0.5063979000000001
-105.5523,-218.0834,11.0,33.34646,0.19400699999999999
-107.1793,-245.0233,11.0,39.303259999999995,0.1569385
-93.4832,-270.2236,11.0,39.55127,-0.3571861
-64.44256999999999,-268.9689,11.0,42.098890000000004,0.1562488
-48.22265,-244.4175,11.0,42.86578,0.43630870000000005
-43.33974,-210.8505,11.0,48.573479999999996,0.41733909999999996
-29.26223,-176.827,11.0,51.7908,0.1137055
-3.655911,-158.333,11.0,34.24666,0.227825
11.374360000000001,-141.8141,11.0,26.3876,-0.6588779
8.356256,-124.7265,11.0,25.65196,0.45305379999999995
-4.201868,-107.42299999999999,11.0,31.94042,0.4031571
-9.845655,-82.25253000000001,11.0,38.03358,0.22603760000000003
-8.767228999999999,-51.944179999999996,11.0,43.833909999999996,0.21109760000000002
-2.721477,-17.89595,11.0,49.44558,0.19033920000000001
-4.761152,20.21893,11.0,52.879709999999996,-0.3659203
-27.844620000000003,45.01122,11.0,46.217909999999996,-0.1155009
-63.16545,42.92272,11.0,50.30648,0.1883527
-102.3823,41.45683,11.0,55.614819999999995,0.3719683
-138.7323,35.89926,11.0,43.55232,-0.28482399999999997
-149.0102,9.467345,11.0,40.455529999999996,0.2721908
-142.1237,-21.651989999999998,11.0,45.40876,0.1446289
-150.2217,-49.044779999999996,12.0,30.230190000000004,-1.197131
-167.7449,-59.3144,12.0,27.26094,-0.4241875
-159.8529,-72.27176999999999,12.0,24.44987,0.32657240000000004
-139.4772,-71.57258,12.0,30.76785,0.243441
-117.1106,-81.89326,12.0,36.29063,0.3233243
-106.6288,-106.9563,12.0,38.3364,-0.7586473000000001
-117.8879,-126.2924,12.0,28.28779,-0.004504221
-135.1039,-132.9602,12.0,21.95675,-0.5706448000000001
-146.0132,-121.2233,12.0,25.95188,0.46308140000000003
-152.05200000000002,-102.6148,12.0,23.02529,-0.6937264
-165.5966,-104.37899999999999,12.0,20.51422,0.1802353
-167.3607,-123.7897,12.0,33.9535,0.3420257
-168.93099999999998,-151.1832,12.0,40.0256,0.3756217
-166.9432,-182.9655,12.0,45.74463,0.4368505999999999
-164.8596,-218.8725,12.0,51.30663,0.1800187
-158.1512,-252.3868,12.0,39.5924,-0.736707
-137.5943,-255.7026,12.0,28.08185,0.42613290000000004
-127.9415,-235.6435,12.0,33.052209999999995,0.5240002
-126.0423,-209.0623,12.0,37.53586,-1.316848
-125.8336,-184.6177,12.0,31.453740000000003,-0.5706916
-108.0099,-183.9028,12.0,25.13808,-0.3596335
-109.8842,-202.4767,12.0,28.69022,0.1999632
-109.8158,-226.1333,12.0,35.15347,0.22844160000000002
-105.5271,-254.1071,12.0,41.15095,0.3166603
-84.03387,-271.9249,12.0,39.43343,0.06276124
-54.618430000000004,-263.7663,12.0,43.38306,-0.5577208
-47.05461,-238.6248,12.0,32.917640000000006,-0.43394620000000006
-53.25518,-220.5215,12.0,11.87076,-3.9100010000000003
-53.22865,-215.6057,12.0,4.491098,-1.143459
-53.03661999999999,-215.7325,12.0,4.745118,0.6642880999999999
-47.84472,-218.7943,12.0,12.40086,0.4586799
-42.137,-210.5301,12.0,14.27561,-0.2952841
-41.536809999999996,-200.18099999999998,12.0,18.24915,0.6227971999999999
-37.37877,-184.6535,12.0,25.28369,0.46983959999999997
-23.31832,-169.1654,12.0,31.69302,0.4786974
-1.282087,-155.6885,12.0,37.9326,0.1724891
12.46471,-134.3047,12.0,30.05355,-0.9170638000000001
1.6200809999999999,-114.4945,12.0,36.95675,1.241427
-10.16075,-83.9369,12.0,51.555820000000004,0.3335703
-7.1215910000000004,-44.30588,12.0,56.12724,0.36880630000000003
-2.19808,-1.427263,12.0,58.751180000000005,-1.304136
-9.142806,29.8714,12.0,32.23165,1.303285
-29.827270000000002,45.19865,12.0,37.63582,0.2681422
-59.439930000000004,44.25945,12.0,42.85151,0.41392170000000006
-93.30705,43.73805,12.0,48.4894,0.43524250000000003
-130.0027,39.65514,12.0,48.02527,-0.55977
-153.3253,20.72319,12.0,26.199089999999998,-1.066797
-153.8091,12.55384,12.0,0.8685451,0.8164977
-150.0384,12.18418,12.0,9.373028999999999,0.29940159999999993
-146.4619,3.59215,12.0,16.99986,0.5590544
-144.8273,-11.701369999999999,12.0,24.34281,0.5296085
-142.0695,-32.053059999999995,12.0,31.028640000000003,0.20860979999999998
-142.7205,-38.005340000000004,13.0,10.73405,0.5812419
-148.1093,-47.23584,13.0,18.32956,0.525149
-161.8998,-55.586259999999996,13.0,25.13782,0.33823709999999996
-165.9571,-70.64108,13.0,19.09206,-0.5183652
-154.4085,-76.22001,13.0,19.89378,0.2010329
-139.5663,-72.47478000000001,13.0,18.90005,-0.18789160000000002
-124.1418,-74.87495,13.0,24.97927,0.44969709999999996
-109.8157,-89.11574,13.0,30.757579999999997,0.197684
-108.5165,-113.113,13.0,35.38669,0.2597844
-127.8731,-131.5371,13.0,38.73079,0.03260656
-145.9276,-125.6293,13.0,15.7009,-0.9347370999999999
-142.159,-123.0241,13.0,9.446108,0.2853217
-138.8219,-122.4831,13.0,3.966411,0.2865758
-143.90200000000002,-124.7698,13.0,10.051169999999999,-0.1232047
-145.5261,-129.1359,13.0,1.022715,-0.7624123
-144.9038,-126.4619,13.0,8.319067,0.6552508
-140.648,-118.17399999999999,13.0,16.629189999999998,0.5679194000000001
-143.4321,-104.0609,13.0,23.5741,0.4786305
-159.8561,-99.08744,13.0,24.24898,-0.5817658
-167.146,-114.4485,13.0,28.133329999999997,0.25664410000000004
-167.7123,-137.9161,13.0,35.18476,0.508138
-167.7319,-166.6092,13.0,41.878170000000004,0.465834
-167.9467,-199.9538,13.0,48.11183,0.2108391
-166.8084,-237.4976,13.0,50.46731,-1.1670770000000001
-143.6662,-257.7223,13.0,40.75388,-0.8249308000000001
-127.3527,-243.5495,13.0,30.946509999999996,0.5349691
-127.7808,-216.9404,13.0,40.729209999999995,0.5265806
-127.1244,-189.5854,13.0,22.77626,-2.350899
-119.3059,-181.6974,13.0,15.06599,0.5517972
-107.6512,-187.7849,13.0,22.79354,0.48139609999999994
-104.9376,-206.7337,13.0,29.64987,0.5095518
-108.0464,-231.0817,13.0,36.502340000000004,0.21020070000000002
-100.3527,-258.5387,13.0,41.5635,0.1515494
-74.04142,-272.6116,13.0,42.61918,-0.003945805
-51.027409999999996,-253.8629,13.0,42.61303,0.1003169
-48.20227,-220.7989,13.0,46.40915,-0.3316493
-37.64013,-191.1134,13.0,43.81797,0.39705690000000005
-14.20529,-165.7793,13.0,49.649570000000004,0.422013
8.565089,-135.9521,13.0,47.7261,-1.102566
0.2932588,-108.88799999999999,13.0,33.76181,-0.533871
-8.565396,-90.45573,13.0,31.04492,0.4715044
-5.980361,-65.06928,13.0,37.84779,0.2515368
-5.279051,-34.58698,13.0,44.37014,0.4664324
-3.7466739999999996,0.5669466999999999,13.0,50.45361,0.4069466
-11.70758,34.96737,13.0,40.2724,-1.9956740000000002
-31.91491,39.943670000000004,13.0,19.30845,-1.7937580000000002
-35.082840000000004,32.58293,13.0,0.16889479999999998,-0.6520828000000001
-35.136509999999994,32.59077,13.0,0.06193051,-0.01022352
-35.12025,32.70793,13.0,1.846695,0.7331434
-34.05043,37.01477,13.0,9.806979,0.24364729999999998
-32.37498,43.82986,13.0,5.100994999999999,-0.3763449
-32.44685,44.11977,13.0,3.9792129999999997,0.3095102
-37.24108,41.17324,13.0,11.80763,0.5363296999999999
-48.27662,44.1679,13.0,19.08439,0.5027183
-64.8486,44.958,13.0,25.77361,0.4907944
-86.10766,42.041090000000004,13.0,32.09147,0.2107596
-112.0836,43.034929999999996,13.0,37.887640000000005,0.368899
-139.3248,33.92585,13.0,38.8808,0.04680638
-147.8237,7.803702,13.0,40.21728,0.1847284
-144.5692,-23.80471,13.0,45.49693,0.3495764
-152.5857,-53.14122,14.0,32.8446,-0.8243851999999999
-162.8162,-68.71561,14.0,22.98321,0.4014821
-146.5668,-75.70158,14.0,28.340359999999997,0.4510928
-124.3108,-79.83279,14.0,33.318529999999996,0.3250903
-109.7332,-100.6239,14.0,36.88351,0.1683831
-119.1312,-125.9177,14.0,38.97485,0.1046618
-142.7789,-129.3652,14.0,26.04565,-0.5602357
-145.7089,-120.104,14.0,1.52862,-0.7345029000000001
-146.5835,-119.1322,14.0,1.904822,-0.01091788
-147.4016,-118.1533,14.0,1.50962,-0.02760935
-148.8913,-117.3248,14.0,4.135212,-0.03000737
-150.9503,-117.4772,14.0,0.9167824,0.6901555
-147.6023,-115.2423,14.0,9.828963,0.3033389
-144.7859,-105.8181,14.0,17.62646,0.47055820000000004
-155.7753,-96.67871,14.0,23.24551,0.24857289999999999
-167.8857,-108.4808,14.0,27.14735,0.38612270000000004
-166.2906,-130.9854,14.0,33.96638,0.5181241
-166.7308,-158.6741,14.0,40.759170000000005,0.22925720000000002
-167.1142,-191.2899,14.0,47.18688,0.22326790000000002
-166.5669,-228.4454,14.0,52.35264,-0.4971789000000001
-151.3058,-253.9452,14.0,29.77654,-1.0686799999999999
-141.6864,-252.1357,14.0,4.6502669999999995,-0.14370429999999998
-141.1288,-249.6572,14.0,3.242424,0.4749532
-136.3648,-248.1081,14.0,10.87067,0.337843
-127.0387,-251.7556,14.0,13.2376,-0.34255890000000006
-121.0382,-247.5521,14.0,10.95576,0.6168170999999999
-123.5521,-236.3811,14.0,19.92788,0.5577053000000001
-126.5078,-219.0104,14.0,27.594790000000003,0.5378599000000001
-127.8457,-195.9072,14.0,34.752990000000004,0.20629850000000002
-114.9399,-178.9617,14.0,26.48603,-1.115644
-105.2774,-192.0483,14.0,30.099320000000002,0.6784825
-107.4226,-221.865,14.0,50.320370000000004,1.345966
-98.07675,-260.8278,14.0,51.98223,-1.2295719999999999
-67.23772,-271.3912,14.0,46.696490000000004,-0.017949400000000004
-48.12833,-247.5357,14.0,43.31301,0.07848033
-48.01614,-213.7918,14.0,47.8126,0.18022249999999998
-28.89465,-182.46599999999998,14.0,52.44415,0.390847
0.29674320000000004,-153.9762,14.0,56.325790000000005,-0.3868551
8.610353,-123.0656,14.0,30.40157,-0.8664171
-3.2403720000000003,-106.7174,14.0,28.74983,0.4406514
-5.580164,-83.29531999999999,14.0,35.34234,0.49030470000000004
-3.244831,-54.69753000000001,14.0,42.0766,0.23316660000000003
-2.219762,-21.09947,14.0,48.41969,0.221757
-3.8495120000000003,16.83277,14.0,52.43028,-0.8185916
-23.53934,42.118390000000005,14.0,43.2178,-0.06778815
-56.79668,40.51279,14.0,47.77818,0.4255718
-94.39933,40.23997,14.0,53.712540000000004,0.1897407
-132.7156,39.59836,14.0,42.634440000000005,-1.7627669999999998
-145.3501,23.60331,14.0,12.95129,-2.735725
-143.3647,23.01551,14.0,6.375711,0.02460111
-141.2148,25.57412,14.0,0.9876428,-0.5785672
-143.3065,22.93756,14.0,8.217178,0.3757235
-148.984,21.797420000000002,14.0,4.345251,-0.7754901999999999
-148.5813,21.50228,14.0,5.434893,0.6452197
-143.4076,16.376820000000002,14.0,14.31388,0.6278813
-140.7886,3.1669970000000003,14.0,22.48375,0.5871056
-142.0531,-16.43274,14.0,30.330840000000002,0.5502958
-141.8283,-35.44806,1.0,5.716842,-0.03834992
-142.4871,-42.71415,1.0,14.53062,0.31865659999999996
-150.7507,-53.446569999999994,1.0,22.77545,0.2983978
-163.1398,-67.08019,1.0,27.197740000000003,-0.215017
-150.3163,-75.89873,1.0,23.90877,0.05752438
-136.725,-69.0499,1.0,11.49785,-1.5044950000000001
-135.8638,-68.2787,1.0,0.02633985,0.0002980898
-135.845,-68.28149,1.0,0.02525959,-0.000141825
-135.8285,-68.28355,1.0,0.01672285,2.5663099999999998e-05
-136.0851,-69.82266,1.0,4.3907110000000005,0.04191471
-135.6864,-73.13739,1.0,4.276721,-0.06302135
-136.2421,-75.86455,1.0,3.5027239999999997,-0.01723924
-136.2467,-76.06638000000001,1.0,4.471077999999999,0.32802909999999996
-129.8056,-75.0979,1.0,13.375,0.6175175
-119.0973,-81.2421,1.0,20.88881,0.26291040000000004
-111.4171,-97.95169,1.0,28.629929999999998,0.49047650000000004
-113.9461,-120.5337,1.0,34.30658,0.1817147
-135.5303,-133.2115,1.0,33.25504,-1.412807
-146.5461,-120.3101,1.0,21.92776,-0.19647799999999999
-138.4518,-108.9378,1.0,4.181512000000001,-3.1838040000000003
-138.4581,-108.7214,1.0,0.02390743,-0.01963597
-138.4588,-108.7381,1.0,0.02219205,0.01738653
-140.6601,-108.1238,1.0,7.478136,0.4530166
-145.5244,-110.5228,1.0,4.328896,-1.42646
-144.938,-109.2321,1.0,6.57498,0.33137259999999996
-145.6565,-101.5205,1.0,14.85794,0.5479016999999999
-156.4865,-95.70911,1.0,16.86756,-0.36947220000000003
-165.0996,-102.0435,1.0,17.24326,0.6069226
-167.4297,-120.2923,1.0,31.45082,0.3924722
-167.2567,-146.2319,1.0,39.84537,0.8167191999999999
-164.2777,-173.4004,1.0,33.58597,-0.25489720000000005
-167.9802,-196.6661,1.0,35.43853,1.3849690000000001
-166.6225,-225.6951,1.0,37.212590000000006,-0.5481666999999999
-159.5831,-247.9956,1.0,27.151909999999997,-0.9405355
-140.4042,-249.8894,1.0,29.47353,0.3247215
-122.1167,-238.3229,1.0,25.97881,-1.250868
-130.1721,-223.3442,1.0,25.60468,-0.1906918
-124.7746,-208.6588,1.0,21.09367,-0.45720340000000004
-124.3393,-195.4359,1.0,17.93021,-0.1623825
-121.5721,-185.0574,1.0,15.312579999999999,0.32977290000000004
-111.0604,-189.2858,1.0,16.57003,-0.2800856
-110.1131,-200.3316,1.0,13.980089999999999,-0.0852795
-109.6265,-212.6289,1.0,20.64978,0.5866531
-107.7401,-230.6919,1.0,28.3084,0.262022
-102.8287,-253.6893,1.0,35.06879,0.1867459
-82.61095,-270.9155,1.0,38.79848,0.16641240000000002
-56.98745,-260.9653,1.0,39.59279,0.08139146
-51.79787,-231.9499,1.0,42.92969,0.347477
-39.8753,-200.8197,1.0,47.8948,-0.3725063
-15.81068,-172.1344,1.0,53.498290000000004,0.22756839999999998
8.21031,-138.2071,1.0,58.34423,-0.06610977
11.00533,-107.7118,1.0,18.19139,-3.057605
9.873842,-104.3073,1.0,0.5883824000000001,-0.002513655
10.028189999999999,-104.421,1.0,2.6640599999999997,0.30109759999999997
13.59513,-106.6926,1.0,8.207116000000001,0.29404309999999995
18.347920000000002,-106.9769,1.0,2.1977330000000004,-0.7070407
16.67015,-107.4926,1.0,6.797317999999999,0.6079218000000001
9.295719,-110.8805,1.0,14.80275,0.4654545
-0.06914226,-106.9636,1.0,18.652739999999998,0.458279
1.198933,-90.64993,1.0,25.42859,0.36215749999999997
-4.382327,-70.10754,1.0,32.171690000000005,0.4851205
-5.806468,-43.80881,1.0,38.863690000000005,0.4728193
-6.4092199999999995,-12.657160000000001,1.0,45.15815,0.20894970000000002
-7.096862,22.82157,1.0,47.89042,-1.4680600000000001
-18.66004,44.3206,1.0,17.44265,-1.532068
-27.866159999999997,39.30536,1.0,17.6912,0.499406
-43.24385,38.74977,1.0,24.77693,0.5599422
-64.16356999999999,39.65278,1.0,31.87861,0.5088977
-90.30984000000001,39.67577,1.0,38.6579,0.4786361
-121.2878,40.60668,1.0,44.81264,-0.05532373
-143.9419,31.375490000000003,1.0,22.986810000000002,-1.47137
-140.4505,24.6967,1.0,8.863041,0.259106
-137.7517,24.25483,1.0,0.06990756,-0.002883487
-137.7516,24.21211,1.0,0.0519869,-0.02722605
-139.6653,24.611929999999997,1.0,6.537445,0.324482
-146.4673,24.14785,1.0,11.01121,-0.04809811
-151.1285,25.39791,1.0,1.540075,-0.3396068
-149.3282,24.32256,1.0,7.041235,0.5956267
-147.2129,16.8614,1.0,14.537939999999999,0.2537123
-152.0087,4.613054,1.0,20.81352,0.19500150000000002
-148.004,-12.67281,1.0,27.33418,0.47320379999999995
-146.1357,-35.17966,2.0,33.57627,0.39640929999999996
-160.6189,-52.782869999999996,2.0,33.25085,-0.09206868
-164.127,-70.97376,2.0,22.587870000000002,-0.6068904
-156.2863,-69.90531999999999,2.0,8.676599000000001,0.21219610000000003
-155.7023,-68.5275,2.0,0.05037507,-0.0590018
-155.6954,-68.58328,2.0,1.136793,0.6299880999999999
-156.2575,-71.57465,2.0,5.173225,-0.02546759
-156.8953,-74.9529,2.0,2.572298,-0.3786941
-155.5837,-73.76219,2.0,7.135248,0.34340370000000003
-147.3941,-73.97789,2.0,15.80318,0.5846933000000001
-135.5797,-81.73366,2.0,19.859720000000003,-0.3046624
-122.7516,-85.36865,2.0,17.62424,0.6401488000000001
-111.6112,-99.84823,2.0,31.57302,0.7246354
-116.7799,-121.4996,2.0,32.80429,0.26020370000000004
-137.567,-130.4431,2.0,28.63963,-0.6153586999999999
-144.093,-118.1087,2.0,21.04833,0.4760394
-140.6066,-104.3062,2.0,18.53363,0.257184
-154.8252,-102.1111,2.0,20.92726,-0.236119
-160.9875,-112.4931,2.0,16.559479999999997,0.06867321
-163.4287,-125.1266,2.0,19.20572,0.370411
-165.4088,-142.886,2.0,28.260820000000002,0.5668148000000001
-165.3222,-166.6738,2.0,35.89448,0.5546474
-165.6644,-196.0136,2.0,43.05115,0.5166608
-165.47799999999998,-230.3813,2.0,49.21275,-0.12437830000000001
-156.2974,-250.334,2.0,22.74545,0.22193429999999997
-137.0936,-251.6751,2.0,29.97118,0.23449270000000003
-125.5054,-237.6048,2.0,24.2794,0.1733718
-126.1482,-216.7162,2.0,33.546890000000005,0.2275904
-126.1354,-190.4705,2.0,28.07245,-1.769207
-118.7959,-183.9483,2.0,12.98001,0.300536
-111.0026,-191.8201,2.0,19.921860000000002,0.5911596
-109.5247,-209.6006,2.0,28.032740000000004,0.2772407
-106.803,-233.0613,2.0,35.66348,0.5387284000000001
-97.39053,-260.1525,2.0,41.78306,0.2805886
-70.61474,-269.5812,2.0,40.32447,0.19419879999999998
-49.52809,-248.7185,2.0,42.304790000000004,-0.04257003
-48.57193,-216.0953,2.0,46.9008,0.37764390000000003
-31.077090000000002,-185.2421,2.0,51.169940000000004,0.22324720000000003
-3.8324809999999996,-155.6342,2.0,57.25273000000001,0.41737109999999994
8.613854,-127.3846,2.0,21.62367,-2.5758419999999997
-1.029757,-116.3681,2.0,23.42679,0.5148172999999999
-6.694980999999999,-97.70705,2.0,30.501890000000003,0.5478911999999999
-6.665092,-72.32717,2.0,37.95832,0.5245689
-6.811978,-41.586890000000004,2.0,44.95465,0.23179810000000003
-7.2814559999999995,-5.800969,2.0,51.56312,0.46592029999999995
-9.580927,32.75707,2.0,45.67443,-1.8080049999999999
-24.72919,46.15749,2.0,11.0548,-2.6772240000000003
-25.526970000000002,44.05,2.0,6.741667,0.6507994
-31.217190000000002,39.70877,2.0,14.924539999999999,0.5725308000000001
-43.941759999999995,45.53395,2.0,22.957520000000002,0.5039582
-63.158390000000004,44.70932,2.0,30.092609999999997,0.2719419
-88.1467,41.8293,2.0,37.598079999999996,0.5204386
-118.5765,40.825070000000004,2.0,44.547129999999996,0.23767739999999998
-147.5095,30.11913,2.0,32.21329,-1.031882
-149.6215,18.84965,2.0,1.7285830000000002,-0.4339042
-145.5216,18.8106,2.0,10.14795,0.597621
-144.1712,9.115397999999999,2.0,18.24129,0.5533262
-151.1974,-5.166924,2.0,24.5187,0.2416205
-146.1769,-25.2355,2.0,31.501759999999997,0.259997
-142.7935,-38.53277,3.0,11.856810000000001,-0.08697080000000001
-146.4825,-46.50863,3.0,14.737079999999999,0.9739013000000001
-156.7256,-53.234730000000006,3.0,15.696760000000001,-0.2278512
-165.8344,-57.46406999999999,3.0,11.961969999999999,-0.3421323
-165.5896,-64.94157,3.0,9.457416,0.2046198
-157.8772,-71.98199,3.0,18.3986,0.4799933
-141.513,-72.06764,3.0,25.9556,0.2455022
-121.9128,-79.73411999999999,3.0,27.467990000000004,-0.4281263
-109.9392,-93.45274,3.0,23.090889999999998,0.1550214
-108.8314,-113.3329,3.0,26.385609999999996,-0.40421209999999996
-117.3654,-128.217,3.0,20.97834,-0.1684989
-132.6192,-133.7821,3.0,24.847170000000002,-0.5915418
-143.743,-121.3838,3.0,29.547520000000002,0.5673845999999999
-153.9105,-104.322,3.0,19.6072,-1.93523
-164.8523,-108.5425,3.0,20.22777,0.5025390000000001
-168.0956,-126.0499,3.0,28.131459999999997,0.5613496
-169.892,-149.6361,3.0,35.581509999999994,0.251834
-167.4257,-178.4863,3.0,42.570209999999996,0.24569139999999998
-164.9243,-212.4385,3.0,49.18741,0.49849
-162.0357,-247.7979,3.0,42.660579999999996,-1.39585
-142.7891,-258.3266,3.0,25.57796,-0.6229169
-127.8408,-243.7238,3.0,31.9231,0.34495820000000005
-127.4905,-219.2391,3.0,36.920120000000004,0.4833996
-126.8321,-192.9969,3.0,33.9798,1.483452
-115.1659,-178.4345,3.0,23.25669,-0.4647698
-109.5707,-190.8789,3.0,23.71037,0.559513
-106.0805,-210.2352,3.0,30.576390000000004,0.2690685
-105.3243,-232.7261,3.0,28.234859999999998,-0.20587370000000002
-105.2266,-254.8375,3.0,35.273070000000004,0.4008771
-86.7865,-271.8143,3.0,36.25306,0.08128755
-64.16932,-268.8208,3.0,17.86778,-0.449879
-56.53645,-267.0144,3.0,4.005629,-0.9338927
-56.899840000000005,-267.2222,3.0,1.63425,-0.2962528
-56.85849,-267.1266,3.0,2.91479,0.52474
-54.18059,-263.9189,3.0,7.370659,0.14379229999999998
-49.03885,-262.8137,3.0,6.292998000000001,-0.8933312
-48.50899999999999,-263.1336,3.0,4.1183629999999996,0.6235961999999999
-50.17722,-257.2172,3.0,12.51585,0.5630965
-47.34876,-245.2963,3.0,20.48535,0.5435933000000001
-44.26587,-227.6055,3.0,27.94933,0.5011605
-41.6241,-204.3981,3.0,34.98185,0.46948199999999995
-30.02862,-180.2963,3.0,39.36568,0.45280020000000004
-9.344982,-159.9824,3.0,30.91122,-1.6606740000000002
4.677432,-148.986,3.0,20.81161,-0.1743011
11.72583,-137.7654,3.0,15.86225,-0.1600643
9.532566000000001,-126.8188,3.0,17.594070000000002,0.5416166
0.04545405,-114.2701,3.0,24.92626,0.2514703
-7.932221000000001,-94.69135,3.0,31.959840000000003,0.500977
-10.44225,-68.82455,3.0,38.4632,0.46984129999999996
-6.828803,-38.13078,3.0,44.73706,0.46271629999999997
-3.423406,-5.368811,3.0,41.13507,-0.6206501
-4.497294,12.79326,3.0,9.844307,-0.9395365999999999
-5.153771,16.69891,3.0,8.137332,0.6396001
-7.304117999999999,25.664620000000003,3.0,16.61516,0.5768595999999999
-15.609520000000002,37.96844,3.0,23.95214,0.49077790000000004
-34.43929,45.02644,3.0,30.629590000000004,0.4326121
-59.63399999999999,44.73039,3.0,37.4883,0.2451073
-89.86749,43.27411,3.0,44.111909999999995,0.47396220000000006
-123.5675,40.04807,3.0,44.30055,-0.43090439999999997
-148.8475,28.155170000000002,3.0,35.19437,-0.9595754999999999
-144.2162,4.7795819999999996,3.0,34.60046,0.04534548
-145.1326,-22.4719,3.0,39.9852,0.45013549999999997
-148.248,-50.37403,4.0,27.938740000000003,-2.475088
-162.1075,-54.547509999999996,4.0,19.737779999999997,-0.02081558
-166.7549,-65.60913000000001,4.0,21.06202,0.18133849999999999
-151.0565,-72.67873,4.0,27.26557,0.5212739000000001
-129.0417,-76.58514,4.0,33.69149,0.4560438
-110.6455,-95.51031,4.0,38.90911,0.2963327
-114.7179,-122.0617,4.0,37.53709,-0.00821872
-137.2747,-131.621,4.0,32.68638,-0.7449887
-144.1828,-112.3693,4.0,31.18157,0.1396961
-153.1889,-98.77084,4.0,16.54393,-0.19986529999999997
-164.4766,-106.6618,4.0,23.33481,0.48826400000000003
-168.7372,-126.0996,4.0,30.567790000000002,0.5309808000000001
-170.1881,-151.1989,4.0,37.394909999999996,0.4989325
-167.3009,-181.27,4.0,44.02863,0.4780924
-164.055,-216.0576,4.0,49.461220000000004,-0.01877944
-161.0879,-247.6482,4.0,26.52127,-1.521775
-149.5002,-256.4639,4.0,19.93514,1.505611
-133.1838,-254.9519,4.0,25.03981,0.07274356
-126.0105,-235.3675,4.0,31.649140000000003,0.4479366
-127.9916,-210.0689,4.0,37.75898,0.20995770000000002
-123.1661,-182.16400000000002,4.0,37.7839,-0.8071552
-101.7818,-180.5521,4.0,26.94962,-0.7663223000000001
-105.3211,-194.385,4.0,22.13316,0.46664970000000006
-114.5543,-201.3995,4.0,3.036995,-1.7135470000000002
-114.5551,-201.5555,4.0,0.006758445,-0.0017702689999999999
-113.7219,-201.7531,4.0,3.7803660000000003,0.33156199999999997
-110.1075,-199.8928,4.0,6.724275,-0.7001606
-109.6789,-198.3533,4.0,1.842341,0.5342482
-109.1093,-202.3763,4.0,9.070628999999998,0.5279225000000001
-107.2223,-211.4677,4.0,15.82884,0.46743909999999994
-105.2705,-225.403,4.0,22.14012,0.455707
-105.9765,-244.0065,4.0,27.940759999999997,0.3878546
-98.60023000000001,-264.5685,4.0,32.133590000000005,0.2089563
-76.05209,-271.7382,4.0,34.69802,0.2920288
-52.999869999999994,-259.2107,4.0,37.17021,-0.09721510000000001
-49.33444,-231.6501,4.0,39.88971,0.3459541
-42.87125,-201.4646,4.0,44.09107,0.3291602
-23.6222,-174.19099999999997,4.0,46.7899,-0.02172816
-0.4993577,-153.5776,4.0,29.315690000000004,-2.2827740000000003
10.82682,-141.98,4.0,18.23855,-0.4811032
10.977910000000001,-129.0672,4.0,22.88717,0.2017678
-0.6907108000000001,-114.0393,4.0,28.39327,0.1674236
-8.541348,-92.57613,4.0,33.5503,0.3917341
-10.49376,-66.01575,4.0,38.53054,0.1737858
-5.882141000000001,-36.06915,4.0,43.26645,0.1678135
-1.4403299999999999,-2.65725,4.0,47.56845,0.2037078
-8.450125,29.282940000000004,4.0,28.4567,-1.981359
-24.81564,42.00946,4.0,30.91677,0.3667098
-49.3522,43.595290000000006,4.0,35.85386,0.36563559999999995
-77.7892,43.29979,4.0,40.91718,0.3567047
-109.5046,41.21865,4.0,43.37862,-0.2546484
-135.328,37.81062,4.0,17.67548,-3.025033
-144.694,30.9373,4.0,18.65136,0.4131027
-148.0456,15.53089,4.0,24.38162,0.4156079000000001
-144.7621,-4.354435,4.0,30.09072,0.43099499999999996
-141.6453,-28.39191,4.0,35.13195,0.03664371
-150.1788,-48.67757,5.0,26.18579,0.3022026
-167.5112,-59.26579,5.0,25.013170000000002,-1.246213
-162.3022,-69.56241999999999,5.0,16.83804,-0.4013386
-148.9488,-71.04361999999999,5.0,22.124589999999998,0.21649169999999998
-130.9073,-75.52396,5.0,28.00603,0.3868704
-112.4812,-87.96002,5.0,32.51305,0.2266462
-109.0695,-111.7974,5.0,34.146029999999996,-0.2029862
-122.0258,-131.4474,5.0,30.92258,-1.0102360000000001
-139.6534,-128.9952,5.0,23.246229999999997,0.06608943
-145.9231,-111.4359,5.0,27.77373,0.1740533
-161.45600000000002,-100.4759,5.0,21.75866,-0.7437756999999999
-164.6027,-110.8169,5.0,16.59502,0.07180607
-166.7217,-125.633,5.0,23.91498,0.9014027
-168.2661,-149.6971,5.0,42.00504,1.359266
-165.5663,-183.9463,5.0,49.280159999999995,0.49031040000000004
-164.3205,-219.4648,5.0,36.85714,-2.605403
-163.3869,-237.72,5.0,19.57775,-0.08228714
-160.1657,-249.6434,5.0,14.78476,0.05080649
-150.2163,-258.5544,5.0,23.58876,0.5388586999999999
-132.4984,-254.3613,5.0,29.839290000000002,0.6252675
-125.3299,-228.9444,5.0,40.50862,0.21366079999999998
-128.5822,-201.0219,5.0,26.474790000000002,-1.358388
-125.7799,-186.745,5.0,16.37756,-0.5022053
-113.8699,-182.1967,5.0,22.47835,0.31612670000000004
-102.7084,-194.6819,5.0,26.581059999999997,0.49280379999999996
-103.244,-218.0336,5.0,35.47923,0.4213179
-105.6561,-244.9228,5.0,34.76574,-0.6671375
-98.83453,-265.9792,5.0,29.58967,0.7389359999999999
-76.80109,-271.9341,5.0,33.60633,0.2983139
-54.73065,-260.0082,5.0,35.89078,0.07609695
-48.32878,-232.9216,5.0,39.941829999999996,0.1677328
-43.16188,-202.0048,5.0,44.6268,0.29279299999999997
-25.8531,-173.0659,5.0,47.55237,0.2753636
-4.700664,-157.2119,5.0,15.014420000000001,-0.3680609
3.056094,-152.0077,5.0,10.316189999999999,-0.3168646
7.79727,-148.0457,5.0,6.616406,-0.2676858
12.02181,-142.4265,5.0,12.89439,0.48536809999999997
12.038889999999999,-130.9147,5.0,18.98668,0.425645
2.901189,-117.5471,5.0,24.89585,0.4215602
-6.317641,-99.38681,5.0,30.34613,0.19625589999999998
-10.6256,-75.30504,5.0,35.58644,0.3592824
-7.595431,-47.3638,5.0,40.42805,0.38269000000000003
-2.3794619999999997,-16.10316,5.0,45.14911,0.1535187
-3.1024700000000003,14.181779999999998,5.0,31.65264,-0.7986691999999999
-7.034737,25.86478,5.0,10.282210000000001,0.8208066999999999
-12.93467,35.515570000000004,5.0,18.75921,0.4029448
-26.63193,43.49514,5.0,24.4673,0.1948467
-46.66529,45.30723,5.0,30.03605,0.1994392
-70.94251,44.67937,5.0,35.4824,0.388436
-99.13878000000001,43.18865,5.0,40.56658,0.34895349999999997
-127.6326,40.19883,5.0,31.433220000000002,-3.398053
-142.0359,34.11736,5.0,22.25052,0.3444768
-148.0239,16.91442,5.0,27.48762,0.1958299
-144.5298,-4.995625,5.0,32.77498,0.3843789
-142.0643,-30.326040000000003,5.0,31.04222,-0.8484413000000001
-145.7691,-44.1426,6.0,12.01423,0.25276620000000005
-154.3434,-53.36046999999999,6.0,18.62002,-0.22372670000000003
-164.6754,-58.498000000000005,6.0,12.81028,-0.40833850000000005
-163.9634,-68.57042,6.0,19.38951,0.6775211999999999
-147.1793,-72.01263,6.0,30.82773,1.1497030000000001
-122.0624,-79.5063,6.0,40.95259,0.685109
-109.5151,-103.7462,6.0,35.135999999999996,-0.7024028
-116.5421,-117.8703,6.0,11.24521,-0.2780174
-120.3334,-127.8211,6.0,20.01326,-0.05821719
-131.3552,-134.1705,6.0,19.45819,0.22158939999999996
-143.5565,-124.6287,6.0,24.72052,0.22304659999999998
-147.54399999999998,-107.11,6.0,14.765310000000001,-2.168977
-152.2941,-102.7721,6.0,9.490953999999999,0.6729783
-162.0039,-101.287,6.0,16.33454,-0.3549826
-167.0722,-112.4555,6.0,21.83282,1.0419530000000001
-168.5154,-133.7657,6.0,35.49682,0.8812780000000001
-168.5349,-164.5744,6.0,47.09817,0.36871659999999995
-165.4127,-202.9019,6.0,54.84328000000001,-0.8358296999999999
-163.4662,-239.3325,6.0,42.39267,-2.430218
-151.2289,-257.9734,6.0,25.38019,-0.6138785
-135.6351,-255.2879,6.0,19.119,0.21148379999999997
-126.4014,-241.4408,6.0,26.212970000000002,0.38117080000000003
-125.3505,-220.1191,6.0,31.580740000000002,0.37820349999999997
-128.8389,-195.1284,6.0,33.685159999999996,-0.649874
-121.2382,-182.2653,6.0,18.646910000000002,0.38685879999999995
-107.3733,-187.7523,6.0,23.28739,0.31051490000000004
-102.5507,-205.8994,6.0,28.403740000000003,0.3803827
-104.6283,-228.9268,6.0,33.8675,0.3912746
-104.8817,-255.7505,6.0,38.549440000000004,0.1929119
-85.99823,-272.7108,6.0,34.00225,-0.9779239
-64.65255,-268.1942,6.0,25.6664,-0.4966793
-51.39513,-258.1264,6.0,24.8313,0.3635442
-46.905770000000004,-237.1287,6.0,31.93269,0.41247170000000005
-43.71861,-211.6949,6.0,37.21094,0.18876500000000002
-36.24152,-183.7641,6.0,40.7756,0.0028303940000000004
-12.70957,-164.4425,6.0,38.05853,-0.5612921999999999
1.165504,-153.8194,6.0,13.602739999999999,-0.177207
8.114875,-147.891,6.0,12.34895,0.1317752
12.8001,-138.2025,6.0,18.417379999999998,0.350514
6.658467,-123.135,6.0,27.608940000000004,1.037647
-6.396651,-101.2886,6.0,41.75585,0.4837174
-9.435033,-65.62031999999999,6.0,54.638290000000005,0.432987
-3.053209,-22.39142,6.0,61.63305,0.4050491
-4.042955999999999,15.88851,6.0,33.01226,-3.010425
-10.3804,31.73191,6.0,21.927629999999997,0.45042440000000006
-25.24863,42.981559999999995,6.0,30.73143,0.8495748
-52.85115,45.22756,6.0,44.98692,1.1878549999999999
-91.55479,43.62297,6.0,58.89301999999999,0.9278581
-122.8864,40.21297,6.0,18.73112,-2.434661
-132.9491,38.19853,6.0,14.50745,1.0239790000000002
-145.5721,30.293870000000002,6.0,24.092,0.1254151
-147.2646,10.846639999999999,6.0,29.25181,0.4070198
-142.9583,-12.51379,6.0,34.676759999999994,0.1753418
-141.9105,-34.26825,7.0,6.958168,0.5044231
-143.0836,-41.91517,7.0,13.795689999999999,0.2366979
-151.0412,-51.07996,7.0,19.732110000000002,0.3998505
-165.3521,-58.8629,7.0,22.94665,-0.5968427
-166.7623,-71.79926999999999,7.0,15.72804,-0.03122232
-156.3166,-77.09665,7.0,18.03676,0.12899449999999998
-142.3255,-73.57126,7.0,20.116770000000002,0.17053239999999997
-126.5122,-75.00899,7.0,23.34212,0.40181479999999997
-111.4085,-88.71938,7.0,30.90462,0.24537529999999996
-109.5023,-112.1425,7.0,34.32115,0.1000558
-127.4008,-130.3139,7.0,36.87417,0.06281946
-147.2783,-125.0067,7.0,19.31054,-0.8476171
-143.8149,-116.7116,7.0,10.29583,0.22500100000000003
-145.692,-106.1614,7.0,17.32439,-0.3497259
-156.9176,-101.4436,7.0,19.3978,0.5382536
-166.1817,-112.0958,7.0,19.89656,-0.05875796
-165.9358,-127.8385,7.0,24.559,0.5988768
-168.517,-150.2861,7.0,37.56366,0.4876101
-169.7471,-182.97,7.0,50.385490000000004,0.8791280999999999
-169.44099999999997,-222.4512,7.0,50.403690000000005,-0.8637084
-160.3519,-249.9766,7.0,30.14102,-0.8566815000000001
-142.632,-254.2856,7.0,21.859720000000003,-0.1274393
-128.2014,-247.11,7.0,23.6016,0.27208499999999997
-125.9024,-226.7509,7.0,31.982229999999998,0.3850645
-126.1858,-201.0495,7.0,37.30435,0.3666362
-120.0876,-180.22,7.0,16.350260000000002,-0.8524783000000001
-110.9744,-185.0063,7.0,18.957639999999998,0.2054769
-109.08,-201.1117,7.0,24.936770000000003,0.2141129
-108.7152,-221.7354,7.0,30.700670000000002,0.39910159999999995
-107.22399999999999,-246.3662,7.0,35.71728,0.25564610000000004
-91.66533000000001,-268.3275,7.0,38.6259,0.1715942
-63.95806999999999,-269.9602,7.0,39.34724,-0.01781203
-49.77238,-245.8809,7.0,40.29063,0.28706329999999997
-47.30977,-214.4626,7.0,44.70838,0.2086507
-29.422420000000002,-186.357,7.0,47.454570000000004,0.1793287
-4.549273,-159.0238,7.0,51.931259999999995,0.45704480000000003
9.226624000000001,-132.1147,7.0,27.113020000000002,-1.777107
1.111753,-115.5466,7.0,29.47298,0.2349095
-5.881153,-92.56609,7.0,39.457370000000004,1.289242
-1.7146169999999998,-56.933319999999995,7.0,57.0492,0.5661725000000001
-1.390458,-9.364021000000001,7.0,67.15911,-0.5301673000000001
-6.676916,32.584959999999995,7.0,41.54128,-2.932011
-26.68277,41.611129999999996,7.0,31.97767,1.149549
-54.75019,40.55076,7.0,41.172779999999996,0.1728293
-87.08743,40.49925,7.0,45.92131,0.1585281
-122.7532,41.30702,7.0,49.74613,-0.118966
-146.8712,28.96998,7.0,27.866359999999997,0.20925460000000004
-145.5671,6.913753999999999,7.0,32.47101,0.3634886
-145.2327,-19.106579999999997,7.0,37.7406,0.3546704
-150.0095,-47.730509999999995,8.0,38.94422,-0.3691763
-167.4492,-62.73121999999999,8.0,21.32805,-0.7209926999999999
-161.9227,-77.2614,8.0,26.870520000000003,0.1869664
-141.005,-77.38011,8.0,31.25827,0.3818655
-119.2078,-85.42286,8.0,34.10497,0.1381224
-110.8179,-109.525,8.0,36.804,0.08061244
-127.01899999999999,-130.3226,8.0,37.86681,0.03427805
-146.1868,-128.4359,8.0,9.354983,-1.2240659999999999
-144.7858,-126.1395,8.0,7.386597999999999,0.5336114000000001
-141.7153,-119.0383,8.0,14.04385,0.416171
-146.944,-107.7872,8.0,20.08191,0.21351220000000004
-161.7097,-103.1811,8.0,23.48827,0.01773642
-167.5744,-119.0115,8.0,26.569409999999998,0.4245813
-167.2667,-140.7192,8.0,31.962229999999998,0.1920313
-171.1739,-166.0268,8.0,37.12072,0.3375689
-169.4819,-195.3506,8.0,41.92777,0.16063929999999998
-168.4665,-228.1341,8.0,46.590559999999996,0.3001197
-154.5805,-255.2799,8.0,37.3323,-0.1065289
-133.4653,-250.2527,8.0,27.44165,0.3549962
-127.0133,-229.1113,8.0,33.12749,0.38861009999999996
-127.1843,-202.6403,8.0,38.31413,0.1732185
-119.0308,-180.1978,8.0,20.66527,-0.8604871
-108.8564,-184.6129,8.0,18.18921,0.36863140000000005
-106.8981,-200.0425,8.0,24.1205,0.22315970000000002
-106.2915,-220.1678,8.0,29.956259999999997,0.40696570000000004
-105.1971,-244.3407,8.0,35.23466,0.1655102
-92.28997,-267.5314,8.0,37.97215,0.07414308
-65.42045999999999,-270.2411,8.0,38.51413,0.10776369999999999
-48.61234,-247.7563,8.0,40.1618,0.25876129999999997
-45.94378,-216.465,8.0,44.741240000000005,0.3030131
-30.98465,-187.3627,8.0,46.30639,0.158388
-6.127545,-161.4284,8.0,50.62445,0.2952676
8.845550999999999,-131.2846,8.0,37.50295,-1.055482
-3.307058,-108.5513,8.0,39.927659999999996,0.4183511
-4.491669,-80.14009,8.0,41.170840000000005,0.34719690000000003
-1.335006,-48.040859999999995,8.0,45.76679,0.3243824
-1.5787360000000001,-12.48301,8.0,50.21464,0.3004473
-4.538755999999999,25.74837,8.0,49.12976,-1.7072029999999998
-22.3173,42.77112,8.0,19.7506,-2.458127
-26.37248,39.66768,8.0,7.062498,0.49161859999999996
-32.67455,37.49677,8.0,13.37225,0.469826
-41.350570000000005,46.034929999999996,8.0,19.60119,0.186156
-48.03032,48.58651,8.0,0.01791768,-0.03663972
-48.04208,48.50362,8.0,1.349877,0.4951807
-48.416709999999995,45.714459999999995,8.0,5.27792,0.05697891
-47.07598,43.23158,8.0,0.4182232,0.6759334
-50.285759999999996,45.39611,8.0,9.813999,0.32241759999999997
-60.59222,45.87389,8.0,18.46245,0.6079788
-77.2483,43.89055,8.0,26.625390000000003,0.2855864
-99.73425,42.13728,8.0,34.23339,0.5277568
-127.5495,43.76643,8.0,40.16525,-0.04955681
-144.4685,23.23443,8.0,39.28183,0.4677507000000001
-145.4813,-9.045986,8.0,47.87407,0.29316440000000005
-141.9609,-34.022220000000004,9.0,2.936267,-0.03258447
-142.4051,-36.56968,9.0,8.211473,1.456691
-145.7655,-45.181000000000004,9.0,13.74416,-0.21396790000000002
-152.2651,-51.438390000000005,9.0,11.36913,-0.008537663000000001
-161.7766,-54.54811,9.0,12.96338,-0.2228389
-166.8616,-60.77731,9.0,9.919616,-0.1940346
-162.3642,-70.53962,9.0,20.99524,0.22315100000000002
-148.8802,-73.38583,9.0,17.090410000000002,-0.23701689999999997
-137.15200000000002,-73.07883000000001,9.0,17.3078,0.5818011
-120.8933,-79.15075999999999,9.0,25.588810000000002,0.07754426
-109.1735,-94.06551,9.0,26.469170000000002,0.02467821
-107.7488,-110.9901,9.0,13.129179999999998,-1.357063
-110.2592,-119.4263,9.0,11.12555,0.5795425000000001
-117.4969,-130.5283,9.0,21.550639999999998,-0.1020435
-130.6914,-134.9723,9.0,17.14604,-0.1472445
-141.0656,-129.678,9.0,17.815739999999998,0.5510758000000001
-147.455,-113.5731,9.0,27.622970000000002,0.6240485
-155.8389,-99.92119,9.0,15.65375,-0.3580899
-164.3352,-103.0621,9.0,13.836129999999999,0.4903599
-167.7361,-118.5887,9.0,28.99577,0.5095018
-168.7706,-145.1348,9.0,41.85094,0.5370451999999999
-167.6198,-178.1259,9.0,46.69085,0.09036698
-164.2732,-212.4639,9.0,43.64605,-0.5855981
-162.4692,-240.3235,9.0,28.73167,-0.3971626
-153.6821,-256.3136,9.0,22.38516,-0.3695928
-140.0013,-259.8297,9.0,17.30574,0.06727766
-128.7565,-248.1801,9.0,29.361759999999997,0.5516217
-125.3698,-222.7151,9.0,37.28433,-0.2701042
-128.71,-199.472,9.0,22.03081,-0.8252363000000001
-127.5613,-187.6845,9.0,13.95689,-0.1275456
-119.0687,-181.6694,9.0,18.658360000000002,0.35519409999999996
-106.6039,-185.9251,9.0,16.32885,-0.3437361
-102.5743,-197.2934,9.0,21.575,1.181828
-103.4642,-218.5134,9.0,34.25246,0.3007453
-106.1404,-245.6284,9.0,36.73438,-0.19239460000000003
-96.22783000000001,-268.8035,9.0,33.07438,-0.16640239999999998
-72.95239000000001,-272.2368,9.0,32.58052,-0.04986105
-53.72258000000001,-259.079,9.0,32.83851,0.15325539999999999
-47.52767,-234.3833,9.0,35.736090000000004,0.08222298
-43.29527,-207.6301,9.0,35.70851,-0.1717955
-35.74041,-183.8639,9.0,31.386290000000002,-0.20116420000000002
-21.116329999999998,-168.8366,9.0,25.51212,-0.3591598
-6.929827,-159.1203,9.0,21.375729999999997,-0.0787075
5.124032,-150.9124,9.0,17.912010000000002,-0.05110411
12.61795,-138.5639,9.0,23.105420000000002,0.2591222
5.544296,-121.4835,9.0,28.29308,0.3199922
-6.445880000000001,-103.6013,9.0,29.697029999999998,0.05123436
-10.93528,-81.81468000000001,9.0,30.66163,0.2908382
-9.937691000000001,-57.533730000000006,9.0,34.56557,0.1341373
-5.540415,-31.747190000000003,9.0,35.96202,0.07760657
-1.913199,-5.0329239999999995,9.0,35.8996,-0.25511999999999996
-4.385736,17.17175,9.0,24.71007,-0.6187479
-9.688107,31.68532,9.0,18.65286,0.39403530000000003
-23.81626,42.82887,9.0,28.75633,0.24647670000000002
-47.47356,44.62384,9.0,35.739470000000004,0.5341505
-76.56111,44.16318,9.0,42.84454,0.501362
-110.7221,42.24749,9.0,48.321459999999995,-0.05022345
-140.2941,36.074490000000004,9.0,34.078509999999994,0.525094
-145.6353,12.73732,9.0,36.35796,0.2550116
-141.7175,-16.40831,9.0,42.277609999999996,-1.100054
-144.5759,-38.13375,10.0,17.0497,-0.1281675
-150.892,-49.95824,10.0,19.93157,-0.3486329
-162.377,-56.29319,10.0,15.98285,-0.1506823
-166.8904,-64.842,10.0,14.43834,0.6311445
-157.9585,-73.06987,10.0,17.81125,0.01863737
-144.4203,-72.46806,10.0,18.139979999999998,-0.09019851
-130.6654,-74.81938000000001,10.0,23.75442,0.29448959999999996
-113.5798,-85.63991,10.0,30.91927,0.4253147
-107.4576,-109.1286,10.0,36.471470000000004,0.3752815
-117.6032,-129.2782,10.0,24.16408,-0.427313
-132.6469,-133.6634,10.0,19.11365,-0.3380545
-143.1615,-126.1758,10.0,20.6347,0.31089429999999996
-147.7689,-109.2786,10.0,23.39501,-0.2050746
-151.4998,-103.4109,10.0,6.834914,1.385348
-159.1338,-100.5198,10.0,14.95667,0.2363828
-167.0999,-109.9756,10.0,21.129360000000002,0.5189471
-168.4067,-128.269,10.0,28.225179999999998,0.25056910000000004
-168.8941,-151.826,10.0,34.726259999999996,0.2906062
-168.1421,-178.8955,10.0,38.47699,0.3080231
-165.3269,-207.8798,10.0,37.786429999999996,-0.5762546
-163.8741,-233.0435,10.0,30.409440000000004,-0.2504393
-158.6215,-251.8828,10.0,23.2665,-0.44693130000000003
-144.9143,-259.6796,10.0,23.61489,0.11706400000000002
-130.6303,-251.1919,10.0,24.81061,0.2910453
-124.6858,-232.4219,10.0,28.346940000000004,0.1005923
-126.8094,-210.5165,10.0,29.24441,-0.48001759999999993
-127.9792,-193.9485,10.0,16.55239,-0.1582407
-125.2478,-184.0558,10.0,11.93263,-0.15748499999999999
-115.1968,-182.1127,10.0,17.40012,0.3063872
-104.3852,-188.947,10.0,18.226110000000002,0.1416164
-103.2476,-203.1118,10.0,20.651329999999998,0.1789017
-104.2599,-219.0712,10.0,21.79419,-0.009816749
-105.6764,-236.4849,10.0,26.939259999999997,0.5014899
-104.5509,-257.9557,10.0,29.84351,-0.08538812
-88.72721999999999,-272.3228,10.0,33.59534,0.641257
-62.24395,-268.0659,10.0,38.65538,0.01239795
-49.287459999999996,-243.9454,10.0,40.52385,0.6097549
-44.72334,-212.5746,10.0,42.86054,-0.6539729999999999
-36.06675,-185.4933,10.0,34.14198,-0.5901787
-20.92311,-169.1823,10.0,26.878020000000003,-0.2224172
-7.8691889999999995,-159.9629,10.0,13.42676,-0.1415378
1.467993,-153.4271,10.0,20.56342,0.6818017
11.78241,-143.2036,10.0,20.40325,0.4902444
9.315787,-125.9608,10.0,28.03339,0.2029015
-5.040828,-108.1314,10.0,33.78402,0.4069928
-10.35,-83.4274,10.0,31.38297,-0.5141849000000001
-9.354334,-59.087109999999996,10.0,36.06613,0.4681258
-5.663302,-30.246809999999996,10.0,42.25375,0.43765649999999995
-1.9111169999999997,2.880558,10.0,47.7314,0.157219
-11.80836,35.10048,10.0,42.860859999999995,-0.06889711
-41.63022,45.154109999999996,10.0,45.4194,0.31883449999999997
-77.25102,44.30748,10.0,50.76765,0.37667890000000004
-115.9575,41.04891,10.0,49.482,-0.7462307
-144.5894,31.721220000000002,10.0,38.38123,-0.380418
-145.2617,5.569629,10.0,38.785540000000005,0.4500723
-142.1576,-24.33703,10.0,39.34533,-1.738177
-150.6864,-48.42615,11.0,35.598259999999996,0.10448519999999999
-169.2624,-67.1433,11.0,31.234690000000004,-0.7870194
-162.9966,-80.8152,11.0,19.67697,-0.1096244
-150.4574,-71.12323,11.0,24.67724,0.2475806
-131.8889,-73.97938,11.0,29.4444,0.23458649999999998
-114.0876,-88.63325999999999,11.0,29.712870000000002,-0.5976461999999999
-109.7918,-111.7562,11.0,35.25156,0.09925754
-122.1715,-130.5749,11.0,26.71835,0.08850032
-141.6236,-127.7125,11.0,31.17854,-0.0367919
-145.855,-106.1274,11.0,19.4218,-3.038924
-153.4637,-100.6684,11.0,17.986629999999998,0.7694138
-166.0875,-108.6958,11.0,24.50044,0.1519039
-166.0138,-129.0514,11.0,30.873959999999997,0.224122
-168.3026,-154.2185,11.0,37.22235,0.21197570000000002
-166.6763,-183.9039,11.0,43.197520000000004,0.4548515
-163.9035,-217.9422,11.0,48.25484,-0.3370868
-159.3551,-249.1222,11.0,34.05973,-1.339069
-141.6982,-259.9416,11.0,30.245520000000003,0.13918670000000002
-127.5008,-245.0592,11.0,31.786170000000002,0.21846929999999998
-125.7048,-219.197,11.0,37.849340000000005,0.20868409999999998
-127.6456,-192.0799,11.0,33.73555,0.32378850000000003
-112.9954,-180.0728,11.0,25.46871,-0.20007750000000002
-107.3792,-195.9877,11.0,27.1914,0.2422604
-105.5467,-218.3212,11.0,33.41734,0.4392446
-107.1638,-245.3197,11.0,39.35669,0.3113018
-93.23052,-270.3484,11.0,39.49285,-0.36390759999999994
-64.15055,-268.8445,11.0,42.1091,0.06143699
-48.15997,-244.1061,11.0,42.937020000000004,0.43314300000000006
-43.286159999999995,-210.4947,11.0,48.60548,0.1967805
-29.00517,-176.5422,11.0,51.79827,0.04594777
-3.4468089999999996,-158.1888,11.0,34.329640000000005,0.4842559
11.438239999999999,-141.6245,11.0,26.27962,-0.6195201
8.251899,-124.5733,11.0,25.68885,0.231863
-4.297915,-107.2037,11.0,31.972509999999996,0.1974058
-9.874229,-81.97148,11.0,38.11063,0.44490340000000006
-8.71973,-51.621809999999996,11.0,43.90715,0.4313384
-2.676154,-17.52589,11.0,49.51007,0.3757641
-4.866059,20.59562,11.0,52.725519999999996,-0.9185479
-28.181079999999998,45.07884,11.0,46.19895,-0.1142059
-63.53836,42.89581,11.0,50.37342,0.395253
-102.7853,41.444590000000005,11.0,55.67735,0.39279590000000003
-139.0111,35.73724,11.0,43.52687,-0.1578505
-148.9265,9.171252,11.0,40.504220000000004,0.2844042
-142.1288,-21.979860000000002,11.0,45.462540000000004,0.3256739
-150.4125,-49.22181,12.0,30.025129999999997,-1.088941
-167.8274,-59.49051,12.0,27.226259999999996,-0.22068320000000002
-159.6737,-72.28196,12.0,24.478189999999998,0.176533
-139.2459,-71.60691,12.0,30.843770000000003,0.4423005
-116.9078,-82.07526,12.0,36.31535,0.1488991
-106.65299999999999,-107.2297,12.0,38.08081,-1.552271
-118.0492,-126.4261,12.0,28.288320000000002,0.003224148
-135.2656,-132.9459,12.0,21.864,-0.5539940999999999
-146.0389,-121.0327,12.0,26.02975,0.473739
-152.1906,-102.5179,12.0,22.91682,-0.6597795999999999
-165.6777,-104.5023,12.0,20.57934,0.40458449999999996
-167.3463,-124.0444,12.0,34.06207,0.6478126999999999
-168.9469,-151.4807,12.0,40.08872,0.3765248
-166.9245,-183.3083,12.0,45.77702,0.19637939999999998
-164.8439,-219.2463,12.0,51.36639,0.3635299
-157.9666,-252.613,12.0,39.34554,-1.463809
-137.4113,-255.5644,12.0,28.21172,0.6945996999999999
-127.8978,-235.3985,12.0,33.092490000000005,0.24388249999999997
-126.0865,-208.7304,12.0,37.31241,-1.122118
-125.6969,-184.4362,12.0,31.354190000000003,-0.6025795
-107.9112,-184.0539,12.0,25.10802,-0.18542070000000002
-109.9191,-202.6915,12.0,28.76135,0.41435500000000003
-109.7948,-226.3996,12.0,35.23279,0.4587661
-105.4357,-254.4047,12.0,41.20158,0.2990258
-83.73019000000001,-271.9278,12.0,39.45731,0.1364003
-54.35091,-263.579,12.0,43.26419,-0.7046581999999999
-47.15982,-238.4055,12.0,32.79126,-0.7460141
-53.236180000000004,-220.4373,12.0,11.63205,-1.4622110000000001
-53.23444,-215.5729,12.0,4.391602,-0.6017100000000001
-53.02158000000001,-215.7645,12.0,4.800577,0.34016840000000004
-47.75513,-218.7822,12.0,12.43485,0.2133281
-42.12307,-210.4238,12.0,14.227929999999999,-0.2833472
-41.52948,-200.0458,12.0,18.29511,0.28051609999999993
-37.29533,-184.4926,12.0,25.32207,0.24285199999999998
-23.129379999999998,-169.02700000000002,12.0,31.72968,0.22434110000000002
-1.060166,-155.5343,12.0,37.94607,0.08323413
12.46407,-134.0826,12.0,29.89905,-0.9427572
1.458459,-114.2786,12.0,37.16805,1.313996
-10.2029,-83.55624,12.0,51.60518,0.29745809999999995
-7.04507,-43.910379999999996,12.0,56.18792,0.36941820000000003
-2.202013,-0.9831675,12.0,58.644,-0.6327427
-9.274693,30.079320000000003,12.0,32.45394,1.3036020000000001
-30.15222,45.26129,12.0,37.67938,0.22212939999999998
-59.743,44.25862,12.0,42.92041,0.4288335
-93.67617,43.70237,12.0,48.55579,0.38930370000000003
-130.3526,39.60333,12.0,47.93112,-0.5704296
-153.2877,20.5297,12.0,26.10546,-0.5621401
-153.8027,12.55545,12.0,0.9795425,0.6738263000000001
-149.9768,12.15139,12.0,9.467048,0.5539552
-146.4583,3.466032,12.0,17.09157,0.5507339
-144.7897,-11.87597,12.0,24.384929999999997,0.2594611
-142.0764,-32.28881,12.0,31.10108,0.42965859999999995
-142.7419,-38.08212,13.0,10.78129,0.2920817
-148.2072,-47.33104,13.0,18.37169,0.26074980000000003
-162.0481,-55.69457,13.0,25.16474,0.16645639999999998
-165.8878,-70.76061999999999,13.0,19.05025,-0.2639184
-154.2572,-76.2111,13.0,19.96321,0.39969899999999997
-139.4322,-72.45595,13.0,18.837220000000002,-0.3778067
-123.9789,-74.94651,13.0,25.01715,0.24239270000000002
-109.7159,-89.32634,13.0,30.826220000000003,0.4052132
-108.6087,-113.3504,13.0,35.40768,0.1361844
-128.1475,-131.6209,13.0,38.733579999999996,0.01688727
-145.9561,-125.5121,13.0,15.38754,-1.766059
-142.089,-123.0305,13.0,9.540673,0.5639365
-138.851,-122.4927,13.0,4.060754,0.5467774999999999
-143.9519,-124.8225,13.0,10.02984,-0.13412829999999998
-145.5256,-129.1432,13.0,0.8969084999999999,-0.7672993
-144.8799,-126.4046,13.0,8.427743,0.656454
-140.609,-118.054,13.0,16.719170000000002,0.5292661999999999
-143.5357,-103.9201,13.0,23.65271,0.4793933
-160.0147,-99.17133000000001,13.0,24.201810000000002,-0.2897513
-167.1515,-114.6553,13.0,28.22223,0.5361248000000001
-167.7044,-138.1768,13.0,35.269059999999996,0.5116048
-167.738,-166.9265,13.0,41.914809999999996,0.2210728
-167.9455,-200.3104,13.0,48.18672,0.4426576
-166.7243,-237.8468,13.0,50.26603,-1.266214
-143.3579,-257.7265,13.0,40.686690000000006,-0.40372820000000004
-127.3501,-243.3201,13.0,31.03599,0.5461143
-127.7604,-216.6426,13.0,40.76899,0.2465038
-127.0776,-189.4215,13.0,22.37332,-2.350435
-119.1944,-181.6703,13.0,15.16265,0.5764185000000001
-107.5723,-187.9343,13.0,22.87194,0.47384849999999995
-104.9556,-206.9569,13.0,29.69035,0.2447676
-108.0616,-231.3562,13.0,36.57495,0.42159840000000004
-100.1891,-258.7894,13.0,41.61727,0.32565190000000005
-73.7193,-272.5823,13.0,42.62088,0.009846750999999999
-50.93868,-253.5675,13.0,42.6217,0.05438215
-48.16903,-220.4604,13.0,46.38054,-0.1772969
-37.453959999999995,-190.8474,13.0,43.88234,0.38804440000000007
-13.95454,-165.5193,13.0,49.68285,0.21052110000000002
8.676373,-135.6167,13.0,47.54099,-1.1192799999999998
0.08574808,-108.7449,13.0,33.67603,-0.5126068
-8.533916,-90.23526,13.0,31.084490000000002,0.2582326
-5.9698970000000005,-64.78876,13.0,37.9324,0.5033522
-5.269719,-34.26675,13.0,44.44815,0.4788156
-3.741192,0.9285958000000001,13.0,50.521359999999994,0.42144529999999997
-11.904589999999999,35.19968,13.0,40.11465,-0.9411065999999999
-32.031940000000006,39.859190000000005,13.0,19.01442,-1.756203
-35.083420000000004,32.58279,13.0,0.09196941,-0.4658477
-35.136959999999995,32.59083,13.0,0.05852216,-0.01966747
-35.11338,32.72291,13.0,1.964591,0.6019732
-34.03799,37.08858,13.0,9.888641999999999,0.4763365
-32.36815,43.86722,13.0,4.9781949999999995,-0.7128903
-32.4581,44.092,13.0,4.0787379999999995,0.58797
-37.32869,41.1712,13.0,11.8498,0.2588712
-48.41069,44.1988,13.0,19.12557,0.25915679999999996
-65.03986,44.93673,13.0,25.81181,0.2323488
-86.35079,42.02617,13.0,32.16337,0.4136643
-112.3801,43.02811,13.0,37.91646,0.1701858
-139.5392,33.74993,13.0,38.87656,-0.02627466
-147.8077,7.496536999999999,13.0,40.28223,0.3747914
-144.5612,-24.14875,13.0,45.55526,0.34537399999999996
-152.7756,-53.30175,14.0,32.709270000000004,-0.7921412
-162.7535,-68.87872,14.0,23.04972,0.3918624
-146.3613,-75.69731,14.0,28.378590000000003,0.2445926
-124.1042,-79.96323000000001,14.0,33.34551,0.16302339999999998
-109.6916,-100.8933,14.0,36.89573,0.07562181
-119.3588,-126.1135,14.0,38.98173,0.04047311
-142.9313,-129.2441,14.0,25.858060000000002,-1.102366
-145.7114,-120.0933,14.0,1.4216870000000001,-0.640649
-146.592,-119.1216,14.0,1.9037950000000001,-0.00654369
-147.4097,-118.1459,14.0,1.504666,-0.02948426
-148.9204,-117.3169,14.0,4.125259,-0.05956469
-150.9437,-117.4744,14.0,1.016689,0.5905359
-147.5515,-115.1924,14.0,9.933136,0.6215
-144.8106,-105.6915,14.0,17.70567,0.4822843
-155.9516,-96.67441,14.0,23.28646,0.24058020000000002
-167.9111,-108.6845,14.0,27.177709999999998,0.1831917
-166.2863,-131.241,14.0,34.006,0.23847310000000002
-166.7292,-158.983,14.0,40.84093,0.47588240000000004
-167.1217,-191.6352,14.0,47.263940000000005,0.461462
-166.5332,-228.8397,14.0,52.26108,-0.5412070999999999
-151.099,-254.018,14.0,29.41845,-2.110327
-141.6917,-252.1021,14.0,4.638525,-0.07290362
-141.115,-249.6372,14.0,3.2883379999999995,0.2741112
-136.2834,-248.1237,14.0,10.90135,0.1811576
-126.9382,-251.7695,14.0,13.18033,-0.3317474
-121.0252,-247.4717,14.0,11.007010000000001,0.315077
-123.5852,-236.2332,14.0,19.973770000000002,0.2731628
-126.5246,-218.8086,14.0,27.6381,0.2699478
-127.8449,-195.6592,14.0,34.82653,0.4539568
-114.744,-178.9625,14.0,26.39495,-0.5620782
-105.2779,-192.2748,14.0,30.324959999999997,1.319855
-107.4317,-222.2461,14.0,50.427820000000004,0.6473738
-97.83736999999999,-261.1289,14.0,51.87619,-0.6497248999999999
-66.91511,-271.3061,14.0,46.68732,-0.056202699999999994
-48.11613,-247.215,14.0,43.345009999999995,0.1886178
-47.92085,-213.4507,14.0,47.84248,0.1818336
-28.61722,-182.1712,14.0,52.47319,0.17093770000000003
0.5486047,-153.6659,14.0,56.287009999999995,-0.27545929999999996
8.519155,-122.866,14.0,30.25549,-0.8848248
-3.3199160000000005,-106.5198,14.0,28.78493,0.21675999999999998
-5.562193,-83.04245,14.0,35.38293,0.256924
-3.225834,-54.37922,14.0,42.15885,0.4763125
-2.218038,-20.73236,14.0,48.49783,0.45178779999999996
-3.900378,17.21724,14.0,52.292809999999996,-0.8355178
-23.84881,42.19047,14.0,43.198440000000005,-0.11557830000000001
-57.14102,40.50188,14.0,47.81262,0.21705259999999998
-94.80625,40.25008,14.0,53.78171999999999,0.40203479999999997
-133.0021,39.48702,14.0,42.48265,-0.9609495000000001
-145.3389,23.50871,14.0,12.73422,-1.332983
-143.3291,23.04792,14.0,6.371494,-0.02552645
-141.2112,25.57982,14.0,0.8034039000000001,-1.059209
-143.3531,22.89591,14.0,8.280159,0.3718415
-149.0142,21.8091,14.0,4.280049,-0.40125890000000003
-148.5456,21.481170000000002,14.0,5.546302,0.6679797
-143.3524,16.28397,14.0,14.36341,0.2985131
-140.7868,3.0014529999999997,14.0,22.53138,0.2949347
-142.0814,-16.66004,14.0,30.42365,0.5554882
-141.83,-35.49082,1.0,5.704376,-0.07273019
-142.5107,-42.82,1.0,14.635,0.6198883000000001
-150.8954,-53.54165,1.0,22.87623,0.5915
-163.1452,-67.28143,1.0,27.1613,-0.21897039999999998
-150.1622,-75.81416,1.0,23.93233,0.14055109999999998
-136.6383,-69.0497,1.0,11.248280000000001,-1.46397
-135.8636,-68.27874,1.0,0.02634722,4.372168e-05
-135.8448,-68.28151,1.0,0.02538665,0.0007671111
-135.8284,-68.28355,1.0,0.01658777,-0.0008257864
-136.0861,-69.85387,1.0,4.394908,0.02574178
-135.6831,-73.1689,1.0,4.266516,-0.06071359
-136.2577,-75.8859,1.0,3.499794,-0.01727453
-136.2191,-76.04881,1.0,4.581583,0.6694207
-129.711,-75.11233,1.0,13.42656,0.3269984
-119.0141,-81.36614,1.0,20.98284,0.5768193
-111.3564,-98.15973000000001,1.0,28.669659999999997,0.2407943
-114.0737,-120.7601,1.0,34.36949,0.36299840000000005
-135.8094,-133.1685,1.0,33.02512,-1.211543
-146.4937,-120.1532,1.0,21.91333,-0.08739564
-138.4535,-108.9075,1.0,3.9824800000000002,-1.23422
-138.4581,-108.7216,1.0,0.020677200000000003,-0.01913554
-138.4588,-108.7382,1.0,0.02123171,-0.005722605
-140.7171,-108.1197,1.0,7.545478999999999,0.39274570000000003
-145.5416,-110.5484,1.0,4.206391,-0.7832380999999999
-144.9203,-109.185,1.0,6.681518,0.6218672
-145.7131,-101.4247,1.0,14.94987,0.5516167
-156.6071,-95.71948,1.0,16.83624,-0.2000651
-165.1512,-102.1587,1.0,17.45164,1.25736
-167.4693,-120.5187,1.0,31.58993,0.8462459000000001
-167.1347,-146.5008,1.0,39.904,0.3671153
-164.3299,-173.6412,1.0,33.50169,-0.5064305
-167.9853,-196.9306,1.0,35.66852,1.370507
-166.6125,-225.9703,1.0,37.16785,-0.2749452
-159.4127,-248.1115,1.0,27.00067,-0.8870502
-140.19799999999998,-249.8425,1.0,29.49865,0.16061040000000001
-122.07,-238.1373,1.0,25.88416,-0.5792615
-130.2557,-223.17700000000002,1.0,25.58967,-0.09370451
-124.6814,-208.5223,1.0,21.01766,-0.4328233
-124.3742,-195.3046,1.0,17.87591,-0.31295890000000004
-121.4772,-185.0022,1.0,15.44307,0.804875
-111.0425,-189.4099,1.0,16.52206,-0.279131
-110.1098,-200.4375,1.0,13.966070000000002,-0.08387411
-109.6121,-212.7813,1.0,20.6969,0.2881475
-107.72,-230.8977,1.0,28.399340000000002,0.5441204000000001
-102.721,-253.9259,1.0,35.13315,0.3823218
-82.33001999999999,-270.9761,1.0,38.824909999999996,0.161631
-56.81783000000001,-260.7242,1.0,39.59582,0.01866343
-51.77186,-231.6339,1.0,42.95642,0.1652475
-39.6796,-200.5132,1.0,47.91985,0.1496594
-15.5554,-171.8399,1.0,53.56819,0.42069449999999997
8.395294999999999,-137.8188,1.0,58.323440000000005,-0.1258407
10.9845,-107.5774,1.0,17.70984,-2.844954
9.869848,-104.3053,1.0,0.6026477,0.08615336
10.04444,-104.4316,1.0,2.7639150000000003,0.6092669
13.649460000000001,-106.7178,1.0,8.256910000000001,0.3071346
18.36329,-106.9723,1.0,2.139491,-0.3602417
16.62358,-107.5074,1.0,6.901027,0.647334
9.199363,-110.931,1.0,14.84079,0.2360304
-0.09391148,-106.8278,1.0,18.73078,0.46919929999999993
1.17898,-90.46368000000001,1.0,25.48641,0.35118940000000004
-4.416487999999999,-69.86685,1.0,32.20913,0.2251118
-5.811308,-43.523270000000004,1.0,38.90106,0.23064310000000002
-6.405996,-12.32218,1.0,45.23363,0.44961540000000005
-7.125226,23.17434,1.0,47.64048,-1.527828
-18.7836,44.36817,1.0,17.18619,-1.493249
-27.982090000000003,39.24385,1.0,17.77467,0.5065107
-43.4295,38.78332,1.0,24.866120000000002,0.5290805000000001
-64.40477,39.646,1.0,31.91947,0.24654679999999998
-90.60219000000001,39.6799,1.0,38.6955,0.2238741
-121.6247,40.61146,1.0,44.76723,-0.2649204
-144.0035,31.217209999999998,1.0,22.8664,-0.7370270000000001
-140.3888,24.7116,1.0,8.952633,0.556887
-137.7517,24.2543,1.0,0.07202979,0.0126452
-137.7516,24.21171,1.0,0.04854214,-0.02056734
-139.7148,24.61448,1.0,6.6375589999999995,0.5817626
-146.5513,24.15606,1.0,11.00721,-0.02363486
-151.1391,25.40046,1.0,1.431825,-0.638662
-149.2886,24.28629,1.0,7.0895399999999995,0.2888476
-147.2349,16.755329999999997,1.0,14.61919,0.4834737
-152.0098,4.458215,1.0,20.87929,0.38916890000000004
-147.9653,-12.87444,1.0,27.41344,0.4736937
-146.1503,-35.42548,2.0,33.637890000000006,0.37688990000000006
-160.8197,-52.91029,2.0,33.23918,-0.07410775
-164.002,-71.08974,2.0,22.39434,-1.124701
-156.2758,-69.84274,2.0,8.675445,-0.0072923319999999995
-155.7018,-68.52750999999999,2.0,0.05736308,0.03537338
-155.6984,-68.59136,2.0,1.197461,0.3716255
-156.2612,-71.61274,2.0,5.164756,-0.05015668
-156.9024,-74.96941,2.0,2.44565,-0.7742060000000001
-155.5381,-73.73326,2.0,7.248310000000001,0.6512885
-147.2875,-74.04015,2.0,15.900310000000001,0.5586168
-135.434,-81.77013000000001,2.0,19.8079,-0.308784
-122.6419,-85.43978,2.0,17.67739,0.3250622
-111.5354,-100.0753,2.0,31.631090000000004,0.348825
-116.9271,-121.6981,2.0,32.89228,0.5177291
-137.7651,-130.3941,2.0,28.432059999999996,-1.277207
-144.0068,-117.9801,2.0,21.130779999999998,0.5086537999999999
-140.697,-104.2098,2.0,18.55266,0.120032
-154.9797,-102.1539,2.0,20.90723,-0.1185371
-160.985,-112.615,2.0,16.5675,0.04879734
-163.4665,-125.2674,2.0,19.2341,0.1692739
-165.4077,-143.1007,2.0,28.35499,0.5464365
-165.3257,-166.9447,2.0,35.93695,0.2557311
-165.6693,-196.3384,2.0,43.091609999999996,0.24273119999999998
-165.4495,-230.7541,2.0,49.19748,-0.09059716
-156.1454,-250.4074,2.0,22.81617,0.41574229999999995
-136.8681,-251.6474,2.0,30.04611,0.4340111
-125.5598,-237.4333,2.0,24.29525,0.09740581
-126.1113,-216.4702,2.0,33.623059999999995,0.45375790000000005
-126.0944,-190.2666,2.0,27.50276,-3.368528
-118.6994,-183.952,2.0,13.079080000000001,0.586661
-110.9793,-191.9665,2.0,20.01943,0.5877798000000001
-109.5036,-209.8131,2.0,28.12862,0.5559404
-106.7594,-233.3224,2.0,35.751540000000006,0.5343488000000001
-97.2056,-260.4097,2.0,41.8257,0.25045860000000003
-70.33086,-269.4902,2.0,40.35937,0.2111199
-49.45086,-248.416,2.0,42.30025,-0.0283173
-48.51252,-215.7449,2.0,46.93007,0.1746903
-30.81669,-184.968,2.0,51.248059999999995,0.4635874
-3.5742199999999995,-155.3078,2.0,57.320719999999994,0.4083616
8.572482,-127.2363,2.0,21.18366,-2.759601
-1.144649,-116.2299,2.0,23.51397,0.5089707
-6.705621000000001,-97.46913,2.0,30.5458,0.2575518
-6.66817,-72.04782,2.0,38.00009,0.2591229
-6.813764999999999,-41.26572,2.0,45.0386,0.5148457999999999
-7.285080000000001,-5.418883,2.0,51.63933,0.46327650000000004
-9.700428,33.064890000000005,2.0,45.35802,-1.925198
-24.80905,46.1513,2.0,10.83324,-1.3619290000000002
-25.525479999999998,43.9988,2.0,6.844772,0.6041159
-31.32763,39.715920000000004,2.0,14.97155,0.2888615
-44.097809999999996,45.59264,2.0,22.99847,0.2557409
-63.371990000000004,44.6697,2.0,30.18802,0.5824549
-88.42487,41.813829999999996,2.0,37.63929,0.25433510000000004
-118.9139,40.79893,2.0,44.6282,0.4721497
-147.6557,29.929640000000003,2.0,31.92704,-1.6807439999999998
-149.6087,18.85134,2.0,1.6825290000000002,-0.27172199999999996
-145.4595,18.76831,2.0,10.24742,0.6064888
-144.2263,8.988843,2.0,18.28564,0.2662474
-151.1867,-5.3445160000000005,2.0,24.53891,0.1251592
-146.1579,-25.47583,2.0,31.58985,0.5066248
-142.8156,-38.61665,3.0,11.842030000000001,-0.08937687
-146.5502,-46.59853,3.0,14.89913,0.9491719999999999
-156.8396,-53.2583,3.0,15.659,-0.227729
-165.8785,-57.538819999999994,3.0,11.90473,-0.35091550000000005
-165.5617,-65.00317,3.0,9.518614,0.3812
-157.7507,-72.01746999999999,3.0,18.439529999999998,0.2591424
-141.3265,-72.09709000000001,3.0,26.04097,0.5163595999999999
-121.7518,-79.84466,3.0,27.39289,-0.47062709999999996
-109.869,-93.60941,3.0,23.10955,0.11490239999999999
-108.8758,-113.5244,3.0,26.351840000000003,-0.2111024
-117.48299999999999,-128.3089,3.0,20.92201,-0.3477197
-132.7985,-133.7659,3.0,24.79816,-0.3069759
-143.7806,-121.1632,3.0,29.740809999999996,1.111141
-154.0447,-104.2677,3.0,19.45832,-0.8990284
-164.9149,-108.67299999999999,3.0,20.2707,0.28189580000000003
-168.1177,-126.2615,3.0,28.17735,0.2757392
-169.8818,-149.9069,3.0,35.66932,0.5103512
-167.4188,-178.8018,3.0,42.65553,0.5078483
-164.8785,-212.8001,3.0,49.26651,0.4740964
-161.9191,-248.088,3.0,42.40485,-1.690252
-142.6133,-258.2504,3.0,25.52723,-0.3096704
-127.7208,-243.5135,3.0,31.97762,0.320904
-127.5445,-218.9714,3.0,36.95802,0.2322179
-126.7886,-192.7429,3.0,34.077890000000004,0.5835562
-114.9861,-178.4465,3.0,23.17791,-0.4554444
-109.60600000000001,-191.0511,3.0,23.75489,0.2731639
-106.0204,-210.4508,3.0,30.672659999999997,0.5740778
-105.3459,-232.9346,3.0,28.16931,-0.3871932
-105.1628,-255.0969,3.0,35.33633,0.3745275
-86.51807,-271.8219,3.0,36.26897,0.09449801
-64.0401,-268.8276,3.0,17.70937,-0.9619616
-56.513380000000005,-266.9954,3.0,3.9325650000000003,-0.44443940000000004
-56.909969999999994,-267.2282,3.0,1.622997,-0.0710934
-56.841390000000004,-267.1126,3.0,2.957936,0.2595255
-54.14421,-263.8796,3.0,7.394997999999999,0.1493109
-49.00203,-262.8398,3.0,6.2187220000000005,-0.4685944
-48.52302,-263.1076,3.0,4.22636,0.6799201
-50.17431,-257.1279,3.0,12.61391,0.6149359000000001
-47.31276,-245.1523,3.0,20.57764,0.5711316
-44.24485,-227.4068,3.0,27.991540000000004,0.26696149999999996
-41.59384,-204.1452,3.0,35.02075,0.2504089
-29.8275,-180.0984,3.0,39.40251,0.23292620000000003
-9.175179,-159.8295,3.0,30.77625,-0.8348646999999999
4.789855,-148.8888,3.0,20.75306,-0.348912
11.73903,-137.6527,3.0,15.808829999999999,-0.3222801
9.475156,-126.705,3.0,17.63879,0.28122800000000003
-0.05067015,-114.1166,3.0,25.013360000000002,0.524734
-7.993119999999999,-94.45657,3.0,32.04395,0.4995779
-10.43348,-68.53968,3.0,38.49985,0.2278238
-6.774453,-37.79931,3.0,44.81098,0.44255609999999995
-3.419147,-5.06078,3.0,41.08401,-0.3076788
-4.507608,12.864139999999999,3.0,9.537495,-1.821969
-5.164763,16.75844,3.0,8.242669,0.6349934
-7.340114,25.778270000000003,3.0,16.71305,0.6154377
-15.75087,38.06961,3.0,23.991629999999997,0.2467554
-34.67165,45.037690000000005,3.0,30.664590000000004,0.2090759
-59.94859,44.73169,3.0,37.57196,0.4382789000000001
-90.1994,43.2531,3.0,44.18909,0.45695600000000003
-123.8917,39.99962,3.0,44.22931,-0.4278696
-148.9621,27.91872,3.0,35.1191,-0.45114840000000006
-144.1547,4.530747,3.0,34.61796,0.10428
-145.1212,-22.75705,3.0,40.06077,0.47235420000000006
-148.3787,-50.52377,4.0,27.52324,-2.5878419999999998
-162.2527,-54.574380000000005,4.0,19.734779999999997,-0.01842351
-166.6647,-65.73775,4.0,21.12314,0.3579574
-150.8544,-72.67721,4.0,27.351359999999996,0.5177227
-128.8169,-76.69389,4.0,33.770109999999995,0.4787012
-110.5234,-95.77814000000001,4.0,38.9565,0.27989200000000003
-114.8774,-122.2975,4.0,37.53485,-0.01303727
-137.4967,-131.525,4.0,32.62782,-0.3612982
-144.1502,-112.1353,4.0,31.22743,0.26858200000000004
-153.3131,-98.77055,4.0,16.47953,-0.3828007
-164.5547,-106.8181,4.0,23.415110000000002,0.4854977
-168.7683,-126.3208,4.0,30.65758,0.5439795000000001
-170.1636,-151.4749,4.0,37.43415,0.24028720000000003
-167.2735,-181.5999,4.0,44.06535,0.2203719
-164.0266,-216.415,4.0,49.45815,-0.01937226
-161.0049,-247.8251,4.0,26.01846,-2.918181
-149.3583,-256.5167,4.0,20.17442,1.412535
-133.0584,-254.8085,4.0,25.06677,0.15469839999999999
-125.9607,-235.132,4.0,31.68778,0.2322317
-128.041,-209.7983,4.0,37.83333,0.4520389
-122.9757,-181.9596,4.0,37.64739,-0.8214276
-101.6563,-180.695,4.0,26.88516,-0.41597690000000004
-105.4837,-194.426,4.0,22.172420000000002,0.23507110000000003
-114.5536,-201.4218,4.0,2.75263,-1.663893
-114.555,-201.5554,4.0,0.005835911,-0.005488138
-113.6934,-201.7572,4.0,3.808392,0.1731901
-110.0863,-199.8488,4.0,6.535225,-1.1195549999999999
-109.6785,-198.3676,4.0,1.932655,0.5324492
-109.0966,-202.4424,4.0,9.111918,0.2520639
-107.1999,-211.5802,4.0,15.90823,0.48764480000000004
-105.2605,-225.5669,4.0,22.17597,0.21806460000000003
-105.9764,-244.2164,4.0,28.003659999999996,0.3765171
-98.44059,-264.745,4.0,32.14949,0.09983473
-75.79406999999999,-271.7017,4.0,34.7449,0.28390340000000003
-52.8521,-258.9881,4.0,37.16101,-0.05838946
-49.33289,-231.3529,4.0,39.9465,0.34286079999999997
-42.754709999999996,-201.1524,4.0,44.11637,0.15125
-23.35853,-173.9725,4.0,46.786840000000005,-0.01913768
-0.33533070000000004,-153.4299,4.0,29.1282,-1.141585
10.90204,-141.8639,4.0,18.156570000000002,-0.4892392
10.89976,-128.9165,4.0,22.95392,0.3939744
-0.8110399,-113.859,4.0,28.450459999999996,0.3307255
-8.593136,-92.32826,4.0,33.57993,0.1772256
-10.4823,-65.7327,4.0,38.58931,0.3477531
-5.821976,-35.75687,4.0,43.32397,0.3452215
-1.4397010000000001,-2.296979,4.0,47.60003,0.186648
-8.549203,29.47441,4.0,28.17551,-1.6455119999999999
-25.02937,42.07549,4.0,30.94288,0.1612672
-49.62494,43.583290000000005,4.0,35.91718,0.3836098
-78.10178,43.29787,4.0,40.94469,0.1605326
-109.8189,41.183609999999994,4.0,43.35355,-0.1633322
-135.4533,37.77664,4.0,17.43196,-1.5051940000000001
-144.7645,30.82003,4.0,18.686,0.2189524
-148.0384,15.35033,4.0,24.415110000000002,0.20512960000000002
-144.7126,-4.567961,4.0,30.12342,0.2052013
-141.6606,-28.65772,4.0,35.12482,-0.04254377
-150.3242,-48.7989,5.0,26.21058,0.15597360000000002
-167.6049,-59.42507,5.0,24.9019,-0.7080464
-162.1781,-69.56697,5.0,16.77046,-0.40491220000000006
-148.7934,-71.0761,5.0,22.19875,0.44623320000000005
-130.7035,-75.59439,5.0,28.07143,0.3903514
-112.3365,-88.15966999999999,5.0,32.55095,0.2236312
-109.1394,-112.041,5.0,34.130959999999995,-0.09336895
-122.2342,-131.5492,5.0,30.840120000000002,-0.5047202000000001
-139.7597,-128.8595,5.0,23.26908,0.13223729999999997
-146.0272,-111.2529,5.0,27.83298,0.3318982
-161.6139,-100.51100000000001,5.0,21.523120000000002,-1.378739
-164.5904,-110.9406,5.0,16.63206,0.2173476
-166.7473,-125.8023,5.0,24.07056,0.9745166
-168.2815,-150.0083,5.0,42.11485,0.6908476
-165.5156,-184.3139,5.0,49.31863,0.2323045
-164.3209,-219.7439,5.0,36.6461,-1.260959
-163.3731,-237.8674,5.0,19.55135,-0.15393220000000002
-160.1089,-249.7349,5.0,14.802489999999999,0.1076964
-150.0608,-258.6352,5.0,23.63066,0.25915520000000003
-132.3537,-254.1694,5.0,29.95648,0.6652031
-125.3337,-228.6529,5.0,40.58979,0.48577259999999994
-128.6015,-200.8213,5.0,26.0193,-2.6177479999999997
-125.7086,-186.64700000000002,5.0,16.294610000000002,-0.5108399
-113.7011,-182.2197,5.0,22.58813,0.6352494000000001
-102.6837,-194.8773,5.0,26.62053,0.24165029999999996
-103.2648,-218.2951,5.0,35.54697,0.4082815
-105.6567,-245.1825,5.0,34.71087,-0.3338574
-98.6712,-266.1168,5.0,29.6974,0.668673
-76.54924,-271.9108,5.0,33.63055,0.1510795
-54.596759999999996,-259.7892,5.0,35.896770000000004,0.03806376
-48.296009999999995,-232.6378,5.0,40.003640000000004,0.3842656
-43.07323,-201.6787,5.0,44.67498,0.2865498
-25.59144,-172.8211,5.0,47.59576,0.253573
-4.605918,-157.1521,5.0,14.952729999999999,-0.37140070000000003
3.1185970000000003,-151.961,5.0,10.26464,-0.3071629
7.831091000000001,-148.0129,5.0,6.594676,-0.1337273
12.06217,-142.3383,5.0,12.972760000000001,0.46460680000000004
11.991,-130.7885,5.0,19.0218,0.2243094
2.787282,-117.4019,5.0,24.929879999999997,0.20720639999999999
-6.386158,-99.16922,5.0,30.413870000000003,0.398054
-10.63684,-75.03493,5.0,35.61435,0.1657766
-7.534357000000001,-47.068529999999996,5.0,40.4561,0.1717476
-2.343043,-15.77055,5.0,45.20512,0.33889600000000003
-3.156917,14.404520000000002,5.0,31.3947,-1.562599
-7.065075,25.93344,5.0,10.4214,0.859085
-13.02585,35.61629,5.0,18.79341,0.21596239999999997
-26.805670000000003,43.54768,5.0,24.533279999999998,0.39114920000000003
-46.888009999999994,45.30498,5.0,30.10412,0.4069653
-71.20763000000001,44.66798,5.0,35.54572,0.3795469
-99.4322,43.16199,5.0,40.625409999999995,0.36426959999999997
-127.8671,40.17323,5.0,30.888479999999998,-3.2351509999999997
-142.1409,33.99152,5.0,22.30847,0.3494705
-148.0356,16.70844,5.0,27.550040000000003,0.3614297
-144.4742,-5.22956,5.0,32.84028,0.4065562
-142.0863,-30.554540000000003,5.0,30.94143,-0.5904005
-145.8095,-44.22481,6.0,12.10132,0.5033181
-154.4731,-53.41576,6.0,18.546870000000002,-0.42642870000000005
-164.7329,-58.569309999999994,6.0,12.740260000000001,-0.4372856
-163.8723,-68.67789,6.0,19.50291,0.693435
-146.9547,-71.97773000000001,6.0,30.92013,0.570362
-121.8122,-79.67589,6.0,41.06515,0.6817810000000001
-109.5825,-103.9874,6.0,35.0802,-0.3533577
-116.5685,-117.9465,6.0,11.14504,-0.6252273
-120.4063,-127.9501,6.0,20.00272,-0.06510346
-131.5011,-134.1609,6.0,19.53359,0.4373252
-143.6131,-124.4595,6.0,24.80111,0.49315349999999997
-147.6086,-107.0208,6.0,14.41124,-2.143682
-152.3538,-102.7343,6.0,9.601995,0.6731597
-162.1117,-101.3416,6.0,16.30194,-0.2012378
-167.0853,-112.6169,6.0,21.91842,0.5238606
-168.5389,-134.0181,6.0,35.64933,0.9685863000000001
-168.5285,-164.9117,6.0,47.23101,0.8180039000000001
-165.3707,-203.3072,6.0,54.698269999999994,-0.8766358
-163.4585,-239.6599,6.0,41.97245,-2.4320060000000003
-151.0392,-258.0029,6.0,25.27487,-0.6257541999999999
-135.5154,-255.2195,6.0,19.13822,0.12230419999999999
-126.35700000000001,-241.2593,6.0,26.277829999999998,0.4036488
-125.3796,-219.8819,6.0,31.64445,0.37923979999999996
-128.8356,-194.88,6.0,33.44775,-1.3967559999999999
-121.0966,-182.2383,6.0,18.67736,0.1808839
-107.2715,-187.8878,6.0,23.34,0.32137519999999997
-102.5487,-206.1047,6.0,28.43505,0.1975738
-104.6606,-229.1761,6.0,33.93159,0.3878031
-104.8261,-256.0201,6.0,38.56378,0.09045714
-85.74985,-272.7086,6.0,33.84186,-0.9809775
-64.47884,-268.1441,6.0,25.62346,-0.28461759999999997
-51.32114,-257.9574,6.0,24.953570000000003,0.7068682
-46.87012,-236.8948,6.0,31.964209999999998,0.19355160000000002
-43.69275,-211.4205,6.0,37.275859999999994,0.38195229999999997
-36.07638,-183.5246,6.0,40.77905,0.02116503
-12.48017,-164.2708,6.0,37.97023,-0.5297776999999999
1.2474399999999999,-153.7578,6.0,13.543779999999998,-0.344896
8.179342,-147.8218,6.0,12.39966,0.2935979
12.81397,-138.0626,6.0,18.52851,0.6409276999999999
6.519536,-122.9895,6.0,27.781990000000004,1.049726
-6.472641,-100.9881,6.0,41.92582,1.0165879999999998
-9.419184,-65.21529,6.0,54.78811999999999,0.8631966999999999
-2.967789,-21.942829999999997,6.0,61.69834,0.39539650000000004
-4.11125,16.12922,6.0,32.505140000000004,-3.0203
-10.46306,31.87187,6.0,21.963179999999998,0.21877159999999998
-25.47051,43.04724,6.0,30.867340000000002,0.807394
-53.19635,45.21774,6.0,45.16962,1.04379
-92.00327,43.60603,6.0,59.04415,0.8900405999999998
-123.01899999999999,40.18699,6.0,18.326520000000002,-2.473169
-133.0544,38.17556,6.0,14.5884,0.4949446
-145.6528,30.13018,6.0,24.13544,0.24791129999999997
-147.2443,10.63076,6.0,29.319029999999998,0.40335770000000004
-142.8987,-12.77046,6.0,34.73785,0.35409809999999997
-141.9129,-34.31825,7.0,7.0002770000000005,0.2548414
-143.1146,-42.011790000000005,7.0,13.872010000000001,0.458976
-151.175,-51.14812,7.0,19.80003,0.3984917
-165.4639,-58.999190000000006,7.0,22.897920000000003,-0.2883963
-166.7008,-71.89795,7.0,15.71879,-0.05435833
-156.1833,-77.0927,7.0,18.07996,0.2567692
-142.1779,-73.54356,7.0,20.14631,0.1764795
-126.3508,-75.07149,7.0,23.40858,0.4025936
-111.2938,-88.91749,7.0,30.92353,0.11698519999999998
-109.581,-112.3849,7.0,34.35602,0.20591610000000002
-127.6724,-130.4133,7.0,36.89672,0.12726780000000001
-147.3271,-124.8754,7.0,19.026220000000002,-1.704927
-143.7802,-116.6445,7.0,10.38739,0.5542716
-145.7771,-106.0572,7.0,17.265520000000002,-0.3400965
-157.0632,-101.4659,7.0,19.48368,0.5069218
-166.2002,-112.2447,7.0,19.89162,-0.02951673
-165.94299999999998,-128.0252,7.0,24.60801,0.29323109999999997
-168.5456,-150.5546,7.0,37.736309999999996,1.061178
-169.7511,-183.347,7.0,50.52558,0.8450615
-169.4089,-222.8242,7.0,50.332679999999996,-0.4389629
-160.1843,-250.1237,7.0,30.07038,-0.43311890000000003
-142.4701,-254.2684,7.0,21.81944,-0.23724479999999998
-128.1026,-246.9611,7.0,23.65157,0.2913304
-125.9075,-226.5223,7.0,32.01364,0.19952679999999998
-126.1866,-200.7667,7.0,37.33334,0.1770594
-119.9763,-180.1665,7.0,16.284029999999998,-0.39989240000000004
-110.9259,-185.1383,7.0,19.02444,0.39631659999999996
-109.072,-201.2965,7.0,25.0091,0.4295097
-108.7109,-221.9682,7.0,30.767879999999998,0.3969868
-107.1599,-246.6284,7.0,35.73879,0.1416376
-91.42938000000001,-268.4713,7.0,38.63895,0.08287816
-63.69545,-269.8181,7.0,39.34377,-0.02022305
-49.74923,-245.5854,7.0,40.33937,0.29574759999999994
-47.239129999999996,-214.139,7.0,44.72311,0.09050862
-29.17509,-186.097,7.0,47.51846,0.3724139
-4.298373000000001,-158.7212,7.0,51.97141,0.2451395
9.233891999999999,-131.9187,7.0,26.821679999999997,-1.7858049999999999
0.9684020000000001,-115.37899999999999,7.0,29.49175,0.1151384
-5.870966,-92.27291,7.0,39.5599,0.6246728
-1.675787,-56.511959999999995,7.0,57.249719999999996,1.193087
-1.414501,-8.867854,7.0,66.98328000000001,-1.04977
-6.822139999999999,32.85906,7.0,41.07281,-2.8166189999999998
-26.9222,41.58364,7.0,32.06715,0.5427107
-55.05535,40.54704,7.0,41.23415,0.3666514
-87.42775,40.50512,7.0,45.97772,0.3350316
-123.1328,41.28842,7.0,49.70045,-0.2643552
-146.9291,28.779590000000002,7.0,27.931240000000003,0.40040349999999997
-145.5534,6.672525,7.0,32.53255,0.372579
-145.2403,-19.375729999999997,7.0,37.76947,0.18155739999999998
-150.1658,-47.97224,8.0,38.81163,-0.7896159
-167.5151,-62.8719,8.0,21.2076,-0.7446736999999999
-161.7508,-77.35001,8.0,26.931259999999998,0.37150459999999996
-140.7742,-77.35332,8.0,31.32,0.37290690000000004
-119.03,-85.61063,8.0,34.15252,0.2740519
-110.8484,-109.7885,8.0,36.81876,0.109546
-127.2792,-130.4279,8.0,37.879740000000005,0.07693981
-146.2363,-128.3888,8.0,8.917389,-2.535647
-144.7448,-126.1041,8.0,7.472263000000001,0.5241800999999999
-141.7176,-118.9341,8.0,14.0811,0.2318985
-147.0467,-107.6751,8.0,20.150489999999998,0.3985768
-161.8706,-103.2563,8.0,23.49501,0.03910955
-167.5551,-119.2101,8.0,26.63839,0.41138109999999994
-167.3029,-140.9534,8.0,32.0261,0.3817205
-171.1868,-166.3033,8.0,37.175979999999996,0.3329018
-169.4662,-195.6529,8.0,41.98637,0.3581094
-168.4444,-228.4742,8.0,46.64022,0.30276190000000003
-154.3244,-255.3907,8.0,37.30943,-0.1361508
-133.3341,-250.1071,8.0,27.503529999999998,0.3906989
-127.0185,-228.8659,8.0,33.158120000000004,0.1879622
-127.1709,-202.3566,8.0,38.37538,0.36264409999999997
-118.8903,-180.1314,8.0,20.377010000000002,-1.650234
-108.8002,-184.7387,8.0,18.25329,0.3816833
-106.8907,-200.2213,8.0,24.19475,0.44006000000000006
-106.2815,-220.3896,8.0,29.98963,0.2049159
-105.161,-244.5994,8.0,35.290409999999994,0.3334888
-92.06394,-267.6911,8.0,37.99977,0.1652471
-65.17121999999999,-270.1136,8.0,38.53411,0.1229836
-48.559059999999995,-247.4706,8.0,40.20641,0.2732378
-45.9076,-216.1356,8.0,44.7637,0.1386991
-30.7295,-187.1239,8.0,46.36205,0.32354440000000007
-5.892454,-161.1428,8.0,50.67256,0.2924074
8.84189,-131.0073,8.0,37.32784,-1.052463
-3.474044,-108.3039,8.0,39.98088,0.31590820000000003
-4.4307669999999995,-79.82552,8.0,41.197720000000004,0.1569096
-1.325576,-47.70878,8.0,45.79319,0.16565139999999998
-1.583858,-12.13154,8.0,50.2385,0.15501900000000002
-4.649436,26.09689,8.0,48.84845,-1.694339
-22.45652,42.77701,8.0,19.54074,-1.370637
-26.38731,39.617340000000006,8.0,7.103126,0.2503341
-32.770540000000004,37.539629999999995,8.0,13.45338,0.45447
-41.45647,46.13127,8.0,19.66272,0.3672922
-48.03018,48.58652,8.0,0.02091655,0.01764496
-48.04535,48.49386,8.0,1.435643,0.5154293
-48.411190000000005,45.67477,8.0,5.282415,0.02675344
-47.078540000000004,43.23384,8.0,0.4760125,0.3467309
-50.35523,45.429429999999996,8.0,9.920947,0.5961488
-60.725640000000006,45.85222,8.0,18.564610000000002,0.6197495
-77.44806,43.8593,8.0,26.7229,0.5654914000000001
-99.98901,42.14836,8.0,34.31977,0.5209703
-127.8318,43.70667,8.0,40.15444,-0.06736924
-144.4737,22.94981,8.0,39.32082,0.24762329999999996
-145.5212,-9.403486000000001,8.0,47.975359999999995,0.5842024
-141.9635,-34.044290000000004,9.0,2.926086,-0.05889097
-142.4187,-36.628840000000004,9.0,8.329121,0.7290071
-145.8176,-45.26785,9.0,13.726579999999998,-0.108544
-152.3412,-51.47466,9.0,11.386280000000001,0.1015069
-161.8643,-54.586909999999996,9.0,12.92658,-0.221185
-166.8714,-60.8517,9.0,9.904676,-0.08977465
-162.2422,-70.63207,9.0,21.06796,0.44558180000000003
-148.7515,-73.37099,9.0,17.04929,-0.24649610000000002
-137.0091,-73.09917,9.0,17.50453,1.065885
-120.7331,-79.26058,9.0,25.59471,0.03523562
-109.1038,-94.25275,9.0,26.47976,0.06159503
-107.7694,-111.0911,9.0,13.11038,-0.1064724
-110.2907,-119.505,9.0,11.23755,0.6595586999999999
-117.613,-130.6292,9.0,21.54172,-0.05609285
-130.8176,-134.9601,9.0,17.09845,-0.2836797
-141.1456,-129.5779,9.0,18.02115,1.26955
-147.5094,-113.3756,9.0,27.668540000000004,0.28328109999999995
-155.9485,-99.87691,9.0,15.62394,-0.17389960000000002
-164.3873,-103.1512,9.0,13.99334,0.9358697
-167.7524,-118.8037,9.0,29.17176,1.068969
-168.7787,-145.4523,9.0,41.89304,0.2486083
-167.5832,-178.4584,9.0,46.728590000000004,0.23379120000000003
-164.2433,-212.8016,9.0,43.54728,-0.5847968000000001
-162.44799999999998,-240.5234,9.0,28.69415,-0.2666412
-153.5522,-256.4095,9.0,22.3236,-0.37533390000000005
-139.8768,-259.7871,9.0,17.31113,0.03242765
-128.6637,-247.9783,9.0,29.54753,1.077939
-125.4,-222.4424,9.0,37.195609999999995,-0.520543
-128.7207,-199.3068,9.0,21.762539999999998,-1.570327
-127.5277,-187.58700000000002,9.0,13.91385,-0.2533554
-118.9356,-181.6608,9.0,18.71175,0.3351226
-106.5177,-186.0141,9.0,16.30084,-0.1656146
-102.5642,-197.4531,9.0,21.67023,0.5832147
-103.4892,-218.7667,9.0,34.3569,0.6225033
-106.1283,-245.9065,9.0,36.70033,-0.2009157
-96.02928,-268.9499,9.0,33.02341,-0.29860640000000005
-72.71341,-272.1815,9.0,32.57056,-0.05926549
-53.59926,-258.8653,9.0,32.893809999999995,0.32275040000000005
-47.48738,-234.1248,9.0,35.76677,0.1836741
-43.24759,-207.3631,9.0,35.69433,-0.08295099
-35.61823,-183.6675,9.0,31.32357,-0.37502579999999996
-20.97012,-168.7275,9.0,25.48216,-0.1858986
-6.797542,-159.034,9.0,21.35076,-0.1443683
5.226114,-150.8317,9.0,17.9095,-0.01624677
12.63758,-138.3777,9.0,23.19427,0.48387479999999994
5.405298999999999,-121.3301,9.0,28.345029999999998,0.31836290000000006
-6.5158830000000005,-103.3957,9.0,29.704629999999998,0.04796884
-10.95547,-81.59255,9.0,30.70908,0.2923489
-9.903564,-57.2833,9.0,34.586259999999996,0.126967
-5.490296,-31.48041,9.0,35.967209999999994,0.03225413
-1.9013060000000002,-4.777549,9.0,35.81326,-0.5341846
-4.425192,17.35396,9.0,24.60401,-0.6392392
-9.763106,31.80053,9.0,18.69514,0.2571241
-24.01276,42.90292,9.0,28.84259,0.5113143
-47.73745,44.600229999999996,9.0,35.82808,0.5312244
-76.88373,44.17071,9.0,42.88337,0.23291550000000003
-111.0773,42.2045,9.0,48.311170000000004,-0.06189131
-140.4943,35.92843,9.0,34.16747,0.5580494
-145.5663,12.48703,9.0,36.448190000000004,0.5424569
-141.7382,-16.7211,9.0,42.087140000000005,-1.148716
-144.6116,-38.25747,10.0,17.00698,-0.24879139999999997
-150.9964,-50.062470000000005,10.0,19.90266,-0.18059679999999997
-162.4835,-56.3502,10.0,15.93449,-0.28142490000000003
-166.8648,-64.94167,10.0,14.490179999999999,0.32931109999999997
-157.8248,-73.08872,10.0,17.81991,0.05117782
-144.2835,-72.4713,10.0,18.11107,-0.16845629999999998
-130.4977,-74.8746,10.0,23.85172,0.5730134
-113.4397,-85.81085999999999,10.0,30.991870000000002,0.4584121
-107.4921,-109.3987,10.0,36.517590000000006,0.22574940000000002
-117.7494,-129.3795,10.0,24.130879999999998,-0.2039078
-132.7892,-133.6458,10.0,19.08547,-0.1718947
-143.2283,-126.0364,10.0,20.73872,0.600023
-147.8331,-109.1147,10.0,23.29766,-0.5680531
-151.5386,-103.3758,10.0,7.062174000000001,1.343987
-159.244,-100.5336,10.0,15.03475,0.4585433
-167.1262,-110.1341,10.0,21.21379,0.5021816
-168.4196,-128.4845,10.0,28.30981,0.48400950000000004
-168.889,-152.0746,10.0,34.77451,0.29504240000000004
-168.1297,-179.1803,10.0,38.52499,0.287348
-165.2981,-208.2022,10.0,37.73791,-0.25650059999999997
-163.8642,-233.268,10.0,30.32681,-0.4874133
-158.5119,-252.0195,10.0,23.22983,-0.2209736
-144.7432,-259.6943,10.0,23.652160000000002,0.2256104
-130.5427,-251.0253,10.0,24.83416,0.1409199
-124.67200000000001,-232.2122,10.0,28.383309999999998,0.2149138
-126.8329,-210.3016,10.0,29.204890000000002,-0.2387297
-127.9809,-193.8259,10.0,16.50058,-0.3108769
-125.1813,-183.9979,10.0,11.89344,-0.23087510000000003
-115.0738,-182.1306,10.0,17.44606,0.2868663
-104.3289,-189.0719,10.0,18.24837,0.1334348
-103.2556,-203.2621,10.0,20.66563,0.08958198
-104.2703,-219.2354,10.0,21.79168,-0.01477998
-105.6915,-236.6892,10.0,26.97873,0.2360801
-104.4877,-258.16,10.0,29.83271,-0.06898537
-88.48135,-272.3649,10.0,33.64685,0.3215611
-61.9957,-267.9307,10.0,38.66312,0.04762714
-49.24657,-243.6423,10.0,40.6195,0.5666720999999999
-44.664590000000004,-212.2629,10.0,42.806509999999996,-0.3335249
-35.94425,-185.2766,10.0,34.092420000000004,-0.3018396
-20.76931,-169.06799999999998,10.0,26.80307,-0.4588563
-7.785958,-159.9049,10.0,13.38212,-0.26222740000000005
1.594366,-153.3348,10.0,20.67823,0.6805547
11.85365,-143.0702,10.0,20.44282,0.24258249999999998
9.177776,-125.8006,10.0,28.101359999999996,0.3981874
-5.133717,-107.9059,10.0,33.85266,0.4268598
-10.36079,-83.18966,10.0,31.29665,-0.5062104000000001
-9.329042999999999,-58.81805,10.0,36.10261,0.2155873
-5.611218,-29.938109999999998,10.0,42.28711,0.2052818
-1.9201549999999998,3.226862,10.0,47.79074,0.3630255
-12.02693,35.32568,10.0,42.839490000000005,-0.1287654
-41.97509,45.15609,10.0,45.4734,0.31902579999999997
-77.61310999999999,44.307190000000006,10.0,50.798359999999995,0.1958788
-116.3203,41.006840000000004,10.0,49.230779999999996,-1.4961
-144.7684,31.50628,10.0,38.34988,-0.1924193
-145.1617,5.292393,10.0,38.82049,0.2082935
-142.2051,-24.63083,10.0,39.20576,-0.8340754000000001
-150.8333,-48.63341,11.0,35.636990000000004,0.23970970000000003
-169.3357,-67.36646,11.0,30.98312,-1.471363
-162.8481,-80.8105,11.0,19.66401,-0.07754526
-150.305,-71.03232,11.0,24.697470000000003,0.13082169999999999
-131.7062,-74.09339,11.0,29.526090000000003,0.4866113
-113.9534,-88.80864,11.0,29.63188,-0.48180959999999995
-109.853,-112.0129,11.0,35.24653,-0.03025459
-122.3438,-130.6832,11.0,26.738640000000004,0.1194366
-141.7702,-127.5276,11.0,31.1674,-0.06504349
-145.9126,-105.993,11.0,19.17166,-1.4889270000000001
-153.5989,-100.6498,11.0,18.116139999999998,0.7444718000000001
-166.1414,-108.8788,11.0,24.55307,0.2984454
-166.0116,-129.2727,11.0,30.953509999999998,0.48876090000000005
-168.3213,-154.497,11.0,37.29425,0.42109709999999995
-166.644,-184.2223,11.0,43.26917,0.42722170000000004
-163.8849,-218.2969,11.0,48.22388,-0.19054939999999998
-159.2522,-249.3457,11.0,33.94664,-0.7184136
-141.4724,-259.9313,11.0,30.26578,0.1213404
-127.446,-244.8377,11.0,31.86379,0.43146599999999996
-125.7372,-218.9182,11.0,37.92235,0.4321981
-127.6082,-191.8278,11.0,33.79153,0.29344590000000004
-112.8187,-180.1339,11.0,25.40233,-0.3892688
-107.3951,-196.1871,11.0,27.2754,0.5068235
-105.542,-218.5746,11.0,33.48733,0.41203729999999994
-107.1463,-245.6158,11.0,39.40802,0.3029485
-92.96063000000001,-270.4767,11.0,39.46478,-0.1679336
-63.87002,-268.7214,11.0,42.130390000000006,0.128884
-48.09653,-243.7885,11.0,42.97044,0.2002576
-43.23169,-210.137,11.0,48.67558,0.4020745
-28.74475,-176.2581,11.0,51.78392,-0.08432413
-3.23765,-158.0438,11.0,34.417159999999996,0.5390095
11.49653,-141.4446,11.0,26.22611,-0.34030429999999995
8.142169,-124.4144,11.0,25.76565,0.4480686
-4.393975,-106.9803,11.0,32.04092,0.3972402
-9.902221,-81.69084000000001,11.0,38.185970000000005,0.4610816
-8.670341,-51.291109999999996,11.0,43.97847,0.4199343
-2.6331900000000004,-17.168039999999998,11.0,49.54031,0.182686
-4.9726669999999995,20.9711,11.0,52.551480000000005,-1.0522790000000002
-28.524729999999998,45.14362,11.0,46.18906,-0.05912915
-63.92097,42.868520000000004,11.0,50.43812,0.3821118
-103.2003,41.43165,11.0,55.70556,0.1718326
-139.2874,35.57162,11.0,43.47485,-0.3090603
-148.8457,8.893599,11.0,40.52805,0.15207679999999998
-142.1358,-22.32056,11.0,45.50719,0.2658791
-150.5801,-49.37206,12.0,29.92431,-0.6130441
-167.91099999999997,-59.6785,12.0,27.159679999999998,-0.37808159999999996
-159.4923,-72.2899,12.0,24.5399,0.3254965
-139.0277,-71.64035,12.0,30.91825,0.46726990000000007
-116.7115,-82.25408,12.0,36.36848,0.32140840000000004
-106.6805,-107.5098,12.0,37.82595,-1.528033
-118.2139,-126.5614,12.0,28.289040000000004,0.004309734
-135.4335,-132.9289,12.0,21.817729999999997,-0.2754402
-146.064,-120.8378,12.0,26.06764,0.22681220000000002
-152.3309,-102.4228,12.0,22.86409,-0.3223494
-165.7596,-104.631,12.0,20.64655,0.4050688
-167.3324,-124.2933,12.0,34.15903,0.5903189
-168.9611,-151.7722,12.0,40.11805,0.1899725
-166.9065,-183.6426,12.0,45.84775,0.4254384
-164.8278,-219.6358,12.0,51.410090000000004,0.2554712
-157.7773,-252.8383,12.0,39.10033,-1.469588
-137.246,-255.4359,12.0,28.3215,0.6607164000000001
-127.854,-235.1511,12.0,33.17705,0.4914045
-126.1243,-208.4571,12.0,37.201440000000005,-0.6799746
-125.5541,-184.2534,12.0,31.30455,-0.3016514
-107.8113,-184.2145,12.0,25.048460000000002,-0.3525374
-109.9506,-202.8943,12.0,28.83179,0.4426661
-109.7747,-226.6523,12.0,35.31073,0.48524520000000004
-105.3466,-254.6882,12.0,41.224509999999995,0.1448235
-83.44793,-271.9277,12.0,39.48276,0.15688110000000002
-54.09561,-263.395,12.0,43.20001,-0.39768790000000004
-47.26778,-238.1883,12.0,32.69008,-0.6159554
-53.217980000000004,-220.3553,12.0,11.25107,-2.264533
-53.24025,-215.54,12.0,4.181792,-1.181365
-53.005880000000005,-215.7973,12.0,4.9132,0.6656504
-47.66356,-218.768,12.0,12.51057,0.4493549
-42.11009,-210.321,12.0,14.2043,-0.14760979999999999
-41.52197,-199.9102,12.0,18.38719,0.5466163
-37.20795,-184.3263,12.0,25.401989999999998,0.4768144
-22.93914,-168.8886,12.0,31.807740000000003,0.46629220000000005
-0.8244834999999999,-155.3686,12.0,37.93362,-0.07387271
12.46008,-133.8615,12.0,29.822979999999998,-0.4657544
1.292966,-114.0564,12.0,37.26903,0.6179969
-10.243730000000001,-83.16743000000001,12.0,51.626529999999995,0.1278913
-6.96455,-43.494890000000005,12.0,56.21536,0.16919510000000001
-2.207256,-0.5644878000000001,12.0,58.41259,-1.446078
-9.399569,30.273840000000003,12.0,32.56257,0.6887835999999999
-30.43167,45.312529999999995,12.0,37.721309999999995,0.2477849
-60.07127,44.25853,12.0,42.952940000000005,0.1902273
-94.0226,43.6683,12.0,48.5865,0.194152
-130.7218,39.546859999999995,12.0,47.88297,-0.2808494
-153.2534,20.34455,12.0,25.81681,-1.7367759999999999
-153.7956,12.55722,12.0,1.044706,0.39832449999999997
-149.9125,12.116010000000001,12.0,9.558912,0.5392316999999999
-146.455,3.3360870000000005,12.0,17.1367,0.27104629999999996
-144.7515,-12.0529,12.0,24.4721,0.508392
-142.0843,-32.513529999999996,12.0,31.17203,0.42600200000000005
-142.7647,-38.16297,13.0,10.87973,0.5538860999999999
-148.3051,-47.42497,13.0,18.45841,0.5170524000000001
-162.1977,-55.8063,13.0,25.21971,0.3330473
-165.8144,-70.88325999999999,13.0,18.96603,-0.4916719
-154.1137,-76.20149,13.0,20.03057,0.4207522
-139.2913,-72.43703000000001,13.0,18.775029999999997,-0.3665522
-123.8051,-75.02408,13.0,25.09587,0.4561438
-109.6215,-89.52887,13.0,30.89355,0.41348549999999995
-108.7072,-113.5974,13.0,35.45327,0.2663983
-128.4319,-131.704,13.0,38.73272,-0.005051901
-145.9792,-125.4077,13.0,15.07707,-1.977009
-142.018,-123.0364,13.0,9.586521000000001,0.28020959999999995
-138.879,-122.5019,13.0,4.154939,0.5886672
-144.0022,-124.8771,13.0,10.01923,-0.06454854
-145.5251,-129.1496,13.0,0.8541205,-0.2606734
-144.8549,-126.3455,13.0,8.481152999999999,0.32165720000000003
-140.57299999999998,-117.9403,13.0,16.763360000000002,0.28210609999999997
-143.6435,-103.7763,13.0,23.69081,0.2261996
-160.1714,-99.25739,13.0,24.107329999999997,-0.5574504
-167.1566,-114.8645,13.0,28.30967,0.5313827
-167.6962,-138.444,13.0,35.30923,0.24065540000000002
-167.7442,-167.24200000000002,13.0,41.99382,0.4594433
-167.9443,-200.6675,13.0,48.25967,0.4335733
-166.6309,-238.2167,13.0,50.16522,-0.601961
-143.0654,-257.7263,13.0,40.544309999999996,-0.8684308000000001
-127.3502,-243.0869,13.0,31.0799,0.2638724
-127.7401,-216.34099999999998,13.0,40.85563,0.5180594000000001
-127.03200000000001,-189.2694,13.0,22.17558,-1.295852
-119.0891,-181.6459,13.0,15.21016,0.3044662
-107.4929,-188.088,13.0,22.910020000000003,0.2283949
-104.9737,-207.1723,13.0,29.77542,0.5089024000000001
-108.0756,-231.6342,13.0,36.64523,0.41904579999999997
-100.016,-259.0506,13.0,41.66851,0.30679179999999995
-73.41331,-272.5509,13.0,42.62096,0.0005046308999999999
-50.850559999999994,-253.2617,13.0,42.644059999999996,0.13149570000000002
-48.134479999999996,-220.1188,13.0,46.3198,-0.36029040000000007
-37.26253,-190.5764,13.0,43.91231,0.18008929999999998
-13.69912,-165.25400000000002,13.0,49.756209999999996,0.4381858
8.782969999999999,-135.282,13.0,47.44825,-0.5694720999999999
-0.12482739999999999,-108.5998,13.0,33.63286,-0.2591355
-8.50005,-90.00305999999999,13.0,31.1682,0.4916325
-5.959162999999999,-64.49795,13.0,38.01536,0.48362799999999995
-5.259681,-33.932629999999996,13.0,44.48467,0.222518
-3.7362269999999995,1.302842,13.0,50.55277,0.19422910000000002
-12.09402,35.4176,13.0,39.787040000000005,-1.9895080000000003
-32.14693,39.77288,13.0,18.872139999999998,-0.8478949
-35.08397,32.58283,13.0,0.07348783,-0.11326789999999999
-35.137370000000004,32.59089,13.0,0.05620246,-0.01421481
-35.10725,32.73641,13.0,2.0811479999999998,0.7083723000000001
-34.02625,37.1584,13.0,9.969592,0.5082230999999999
-32.36184,43.90232,13.0,4.856555,-0.7473472
-32.4702,44.062740000000005,13.0,4.177741,0.5800466
-37.41876,41.170320000000004,13.0,11.939630000000001,0.5213393
-48.54911,44.2302,13.0,19.21011,0.5021336
-65.23354,44.91475,13.0,25.89098,0.4630566
-86.58321,42.012679999999996,13.0,32.23395,0.43824250000000003
-112.6506,43.02065,13.0,37.97802,0.3774327
-139.7598,33.56519,13.0,38.823840000000004,-0.3149777
-147.7919,7.20799,13.0,40.34619,0.3962604
-144.5547,-24.47458,13.0,45.582390000000004,0.17258779999999999
-152.9554,-53.45038,14.0,32.644529999999996,-0.42471729999999996
-162.691,-69.03259,14.0,23.081979999999998,0.20266779999999998
-146.1488,-75.6926,14.0,28.45867,0.4675228
-123.8962,-80.09691,14.0,33.403259999999996,0.3522866
-109.6527,-101.1639,14.0,36.92333,0.16478399999999999
-119.5712,-126.2924,14.0,38.99794,0.1001714
-143.0769,-129.1242,14.0,25.76472,-0.586341
-145.715,-120.0834,14.0,1.3861729999999999,-0.2136765
-146.6007,-119.1105,14.0,1.901735,-0.01227375
-147.4182,-118.1381,14.0,1.475618,-0.1721746
-148.9501,-117.3091,14.0,4.115323,-0.05977568
-150.9365,-117.4712,14.0,1.077626,0.369786
-147.4987,-115.1399,14.0,10.0359,0.6250991
-144.8374,-105.56299999999999,14.0,17.74417,0.2401748
-156.1183,-96.67303000000001,14.0,23.30586,0.12388450000000001
-167.9332,-108.8803,14.0,27.24264,0.39277829999999997
-166.2828,-131.4893,14.0,34.0901,0.5081576
-166.7276,-159.2741,14.0,40.92058,0.5013702999999999
-167.1292,-191.9854,14.0,47.30046,0.22519360000000002
-166.4992,-229.2169,14.0,52.2137,-0.2984132
-150.8903,-254.0884,14.0,29.24131,-1.087784
-141.6969,-252.0682,14.0,4.615295,-0.1373334
-141.1013,-249.6183,14.0,3.189858,-0.5989174
-136.2063,-248.1393,14.0,10.96815,0.4097781
-126.845,-251.7812,14.0,13.151760000000001,-0.1840112
-121.0129,-247.3907,14.0,11.10861,0.6032093000000001
-123.6155,-236.0958,14.0,20.06856,0.5926961
-126.5412,-218.6043,14.0,27.72898,0.5363057
-127.8429,-195.4044,14.0,34.89678,0.4213005
-114.5471,-178.967,14.0,26.21,-1.088315
-105.2796,-192.5049,14.0,30.548409999999997,1.328378
-107.4394,-222.6059,14.0,50.658409999999996,1.4205649999999999
-97.59473,-261.4277,14.0,51.659209999999995,-1.283101
-66.57401999999999,-271.2119,14.0,46.669909999999994,-0.10148489999999999
-48.1066,-246.8881,14.0,43.37875,0.20163989999999998
-47.82264,-213.1102,14.0,47.85581,0.08206452
-28.360129999999998,-181.9,14.0,52.538790000000006,0.4053474
0.8268851,-153.3182,14.0,56.2079,-0.43505920000000003
8.422077999999999,-122.6618,14.0,30.18432,-0.4392644
-3.3998180000000002,-106.3168,14.0,28.859109999999998,0.42923100000000003
-5.542806,-82.77364,14.0,35.46942,0.5034081
-3.208087,-54.07756,14.0,42.239,0.5046967000000001
-2.216618,-20.38581,14.0,48.57349,0.47210969999999997
-3.9533669999999996,17.60302,14.0,52.22357,-0.42149949999999997
-24.16122,42.25912,14.0,43.17948,-0.11633239999999999
-57.49925,40.49102,14.0,47.8887,0.44939890000000005
-95.19563000000001,40.26041,14.0,53.84891999999999,0.4168639
-133.2964,39.36803,14.0,42.16604,-1.83197
-145.3266,23.41687,14.0,12.28155,-2.663086
-143.2954,23.07878,14.0,6.334178,-0.22953420000000002
-141.2083,25.584429999999998,14.0,0.7152166,-0.562753
-143.3978,22.85653,14.0,8.31133,0.1980308
-149.0427,21.820320000000002,14.0,4.149125,-0.7872887
-148.5114,21.46085,14.0,5.601285,0.35142490000000004
-143.2993,16.19341,14.0,14.46475,0.6107465999999999
-140.7851,2.834221,14.0,22.63006,0.5814971999999999
-142.109,-16.87952,14.0,30.46834,0.27959629999999996
-141.8318,-35.53249,1.0,5.691944,-0.07630624
-142.5349,-42.92541,1.0,14.68629,0.3152109
-151.0409,-53.636480000000006,1.0,22.97591,0.5830483
-163.1466,-67.48250999999999,1.0,27.14255,-0.11496949999999999
-150.0035,-75.72301999999999,1.0,23.95854,0.1538405
-136.558,-69.04816,1.0,11.128789999999999,-0.7621863
-135.8634,-68.27875999999999,1.0,0.02631394,-0.0001997568
-135.8446,-68.28153,1.0,0.02531022,-0.00047063339999999995
-135.8282,-68.28357,1.0,0.01618382,-0.002551103
-136.0868,-69.88618000000001,1.0,4.401244999999999,0.03834133
-135.6799,-73.20026999999999,1.0,4.261264,-0.03260319
-136.2735,-75.90723,1.0,3.4984309999999996,-0.008158675
-136.1897,-76.03031999999999,1.0,4.69161,0.6482328
-129.6101,-75.12825,1.0,13.53129,0.6112689
-118.9301,-81.49282,1.0,21.07615,0.5728006
-111.3002,-98.35678,1.0,28.75283,0.509768
-114.2033,-120.9856,1.0,34.430609999999994,0.363175
-136.0501,-133.1271,1.0,32.91215,-0.6990211999999999
-146.4406,-120.006,1.0,21.88876,-0.1513001
-138.4552,-108.8794,1.0,3.579705,-2.331331
-138.4581,-108.7218,1.0,0.02292113,0.01351479
-138.4588,-108.7384,1.0,0.02576394,0.02722649
-140.7714,-108.1164,1.0,7.575336,0.18982960000000001
-145.5586,-110.5737,1.0,3.9609360000000002,-1.44354
-144.9035,-109.1396,1.0,6.787122,0.650328
-145.7722,-101.3273,1.0,14.99509,0.2688576
-156.7309,-95.73168000000001,1.0,16.77255,-0.3720447
-165.2034,-102.2779,1.0,17.656579999999998,1.2356989999999999
-167.5111,-120.7499,1.0,31.724809999999998,0.8142751
-167.0108,-146.7743,1.0,40.03326,0.7581246
-164.3828,-173.8832,1.0,33.418240000000004,-0.49947820000000004
-167.9895,-197.1936,1.0,35.7795,0.6901845
-166.6024,-226.2508,1.0,37.077740000000006,-0.5235416
-159.2504,-248.2181,1.0,26.92806,-0.4624126
-139.9808,-249.7926,1.0,29.56087,0.36281779999999997
-122.0269,-237.9514,1.0,25.695710000000002,-1.125643
-130.3377,-223.0053,1.0,25.53342,-0.3324765
-124.6002,-208.4006,1.0,20.9792,-0.2519715
-124.4067,-195.1804,1.0,17.8218,-0.33707659999999995
-121.3783,-184.9465,1.0,15.583110000000001,0.8507475
-111.0266,-189.5268,1.0,16.49869,-0.15013210000000002
-110.1068,-200.5373,1.0,13.958839999999999,-0.04575630000000001
-109.5974,-212.9343,1.0,20.7937,0.5754199999999999
-107.6994,-231.1074,1.0,28.48875,0.5434018
-102.6109,-254.1631,1.0,35.19547,0.3760107
-82.03754,-271.0357,1.0,38.83675,0.06892867
-56.647040000000004,-260.4755,1.0,39.60705,0.06354052
-51.74386,-231.3168,1.0,43.01474,0.3471768
-39.4922,-200.2223,1.0,47.97545,0.3359489
-15.283929999999998,-171.5258,1.0,53.63539,0.3871843
8.577292,-137.4272,1.0,58.306909999999995,-0.1021607
10.96473,-107.4523,1.0,17.482670000000002,-1.436597
9.865829,-104.3033,1.0,0.5836895000000001,-0.1154644
10.06173,-104.443,1.0,2.8116950000000003,0.2953611
13.705520000000002,-106.7431,1.0,8.281644,0.15017239999999998
18.37794,-106.9678,1.0,2.02258,-0.6898744000000001
16.574720000000003,-107.5229,1.0,6.952125,0.31533520000000004
9.101222,-110.9814,1.0,14.92126,0.4768202
-0.11658110000000002,-106.6925,1.0,18.76954,0.2422679
1.1569260000000001,-90.27613000000001,1.0,25.51504,0.1757457
-4.4484449999999995,-69.63486999999999,1.0,32.288740000000004,0.4816808
-5.816371,-43.23284,1.0,38.98113,0.4704823
-6.402635,-11.98053,1.0,45.30748,0.4382906
-7.155166,23.5329,1.0,47.514559999999996,-0.7487627
-18.8986,44.40937,1.0,17.06179,-0.7848508000000001
-28.099159999999998,39.18335,1.0,17.8155,0.24953979999999998
-43.605579999999996,38.81494,1.0,24.90931,0.27068159999999997
-64.63315,39.639720000000004,1.0,32.00565,0.5303720999999999
-90.89765,39.684129999999996,1.0,38.77625,0.4701767
-121.9508,40.61554,1.0,44.69916,-0.3805676
-144.0637,31.05355,1.0,22.61883,-1.41373
-140.3222,24.72662,1.0,9.040734,0.5173426999999999
-137.7517,24.25376,1.0,0.06885861,-0.01878385
-137.7516,24.21134,1.0,0.05082002,0.01407983
-139.7633,24.61662,1.0,6.737992,0.6213088999999999
-146.6342,24.16491,1.0,10.99951,-0.04458264
-151.149,25.402820000000002,1.0,1.322126,-0.6625918000000001
-149.251,24.25119,1.0,7.188639,0.606226
-147.2585,16.64731,1.0,14.70021,0.48040550000000004
-152.0089,4.30049,1.0,20.945079999999997,0.3883855
-147.9265,-13.07873,1.0,27.45157,0.23007840000000002
-146.1665,-35.67418,2.0,33.66625,0.1742348
-161.0405,-53.055119999999995,2.0,33.21035,-0.1588319
-163.8821,-71.19678,2.0,22.1994,-1.20713
-156.2644,-69.77949,2.0,8.678678,0.01911985
-155.7014,-68.52753,2.0,0.05287791,-0.02657929
-155.7017,-68.60007,2.0,1.311002,0.6701191
-156.2648,-71.65079,2.0,5.156264,-0.05079782
-156.9097,-74.98605,2.0,2.319778,-0.7499338000000001
-155.4913,-73.70415,2.0,7.3603179999999995,0.6708449000000001
-147.1917,-74.09751,2.0,15.948139999999999,0.3105735
-135.2965,-81.80357,2.0,19.78228,-0.1615213
-122.5321,-85.51204,2.0,17.7981,0.7129701
-111.4659,-100.2913,2.0,31.714859999999998,0.5148356
-117.07700000000001,-121.8977,2.0,32.97522,0.48268140000000004
-137.9722,-130.3392,2.0,28.22375,-1.205344
-143.918,-117.8511,2.0,21.171870000000002,0.2533238
-140.7951,-104.1096,2.0,18.55856,0.03501271
-155.1317,-102.1982,2.0,20.83675,-0.40840970000000004
-160.9828,-112.7377,2.0,16.57089,0.02091793
-163.5022,-125.4019,2.0,19.31251,0.47594849999999994
-165.4064,-143.3176,2.0,28.40028,0.2733683
-165.3291,-167.2059,2.0,36.02756,0.5479957
-165.6745,-196.6655,2.0,43.17875,0.5091478
-165.4214,-231.105,2.0,49.14717,-0.30821279999999995
-155.9892,-250.4802,2.0,22.88491,0.40994440000000004
-136.6423,-251.618,2.0,30.117209999999996,0.41743159999999996
-125.6177,-237.2609,2.0,24.343770000000003,0.2855344
-126.0758,-216.2231,2.0,33.697140000000005,0.4433959
-126.0527,-190.0718,2.0,26.93944,-3.413018
-118.6012,-183.9569,2.0,13.17743,0.5825734
-110.9564,-192.1165,2.0,20.06727,0.2876381
-109.4838,-210.0132,2.0,28.223329999999997,0.5893918
-106.7143,-233.5902,2.0,35.79372,0.2512034
-97.0269,-260.6535,2.0,41.84455,0.11915730000000001
-70.04709,-269.3962,2.0,40.37637,0.10527730000000002
-49.377109999999995,-248.1115,2.0,42.29407,-0.03693458
-48.45241,-215.4012,2.0,46.994,0.3790544
-30.54154,-184.6792,2.0,51.324009999999994,0.4371831
-3.3108150000000003,-154.9733,2.0,57.351290000000006,0.19108770000000003
8.527467999999999,-127.0852,2.0,20.969739999999998,-1.295311
-1.249102,-116.1024,2.0,23.5561,0.27452519999999997
-6.714721000000001,-97.25479,2.0,30.638090000000002,0.5648546
-6.671317999999999,-71.76590999999999,2.0,38.08944,0.5308723000000001
-6.815702000000001,-40.934290000000004,2.0,45.078540000000004,0.24608979999999997
-7.28861,-5.036327,2.0,51.67473,0.2157337
-9.82618,33.37708,2.0,45.20068,-0.9845443000000001
-24.88705,46.14416,2.0,10.3795,-2.714193
-25.524810000000002,43.949009999999994,2.0,6.895295,0.3201182
-31.43855,39.72459,2.0,15.06795,0.5677673000000001
-44.25928,45.65165,2.0,23.08292,0.4957707
-63.59477,44.62851,2.0,30.28197,0.5604514
-88.70387,41.79867,2.0,37.72741,0.5215057
-119.2354,40.77337,2.0,44.70722,0.48406140000000003
-147.8003,29.73682,2.0,31.641440000000003,-1.6749610000000001
-149.5971,18.85415,2.0,1.6711189999999998,-0.07299642
-145.3958,18.72317,2.0,10.29606,0.2902717
-144.2832,8.862014,2.0,18.37668,0.5305551
-151.1725,-5.526413,2.0,24.58325,0.26536420000000005
-146.1404,-25.70934,2.0,31.67721,0.5280455
-142.8381,-38.70138,3.0,11.83451,-0.04656335
-146.615,-46.68365,3.0,14.97861,0.5054883
-156.9559,-53.28196,3.0,15.64025,-0.1120874
-165.9221,-57.61577,3.0,11.87652,-0.1732729
-165.5325,-65.06659,3.0,9.563711,0.283033
-157.6194,-72.05251,3.0,18.52412,0.5039392
-141.1348,-72.12872,3.0,26.12579,0.5096616
-121.588,-79.95889,3.0,27.35561,-0.2327342
-109.7984,-93.77008000000001,3.0,23.19615,0.4981063
-108.9195,-113.7084,3.0,26.283890000000003,-0.4175856
-117.6053,-128.4033,3.0,20.86646,-0.334318
-132.9817,-133.7467,3.0,24.697329999999997,-0.5939561
-143.8165,-120.9498,3.0,29.83393,0.5948
-154.1841,-104.2128,3.0,19.148979999999998,-1.789093
-164.9795,-108.8119,3.0,20.359939999999998,0.5230878
-168.1386,-126.4622,3.0,28.273229999999998,0.5922914
-169.8712,-150.1636,3.0,35.75513,0.5366911999999999
-167.412,-179.1187,3.0,42.6962,0.2557252
-164.8315,-213.1756,3.0,49.303259999999995,0.2172842
-161.7896,-248.3967,3.0,42.27855,-0.7308915
-142.4436,-258.1738,3.0,25.42766,-0.5956849
-127.6111,-243.3172,3.0,32.003170000000004,0.16417120000000002
-127.5975,-218.7026,3.0,37.038140000000006,0.4751095
-126.7423,-192.4777,3.0,34.00375,-0.4132871
-114.8234,-178.4613,3.0,23.1386,-0.2526705
-109.6412,-191.2268,3.0,23.8465,0.5338269
-105.9605,-210.6703,3.0,30.773629999999997,0.6136643
-105.3674,-233.1412,3.0,28.13682,-0.2016439
-105.1001,-255.3431,3.0,35.36555,0.1862572
-86.24639,-271.82599999999996,3.0,36.27721,0.05063747
-63.90908,-268.8337,3.0,17.54393,-0.9953165999999999
-56.491040000000005,-266.9767,3.0,3.786117,-0.8562001
-56.920190000000005,-267.2342,3.0,1.571791,-0.3012351
-56.82371,-267.0981,3.0,3.044045,0.49602340000000006
-54.1066,-263.8394,3.0,7.406803999999999,0.07187743
-48.96516,-262.8667,3.0,6.069022,-0.8836351
-48.53792,-263.08,3.0,4.27979,0.328465
-50.17038,-257.032,3.0,12.66283,0.2889864
-47.27584,-245.003,3.0,20.62284,0.26498590000000005
-44.223490000000005,-227.204,3.0,28.07968,0.5308357
-41.56232,-203.8829,3.0,35.103320000000004,0.480137
-29.6209,-179.8957,3.0,39.48182,0.4757188
-9.002844,-159.6753,3.0,30.496640000000003,-1.628241
4.908188,-148.7859,3.0,20.69464,-0.3561156
11.75195,-137.534,3.0,15.78263,-0.1607367
9.415376,-126.5884,3.0,17.73026,0.5446696
-0.1497054,-113.9569,3.0,25.09918,0.5122985999999999
-8.051803999999999,-94.22821,3.0,32.08423,0.24706039999999999
-10.42393,-68.25433000000001,3.0,38.578359999999996,0.461017
-6.719091000000001,-37.46239,3.0,44.8456,0.2075049
-3.415545,-4.76061,3.0,40.98104,-0.6214598000000001
-4.517922,12.9347,3.0,9.235533,-1.7445869999999999
-5.1759010000000005,16.81865,3.0,8.294635000000001,0.3164338
-7.377650999999999,25.89574,3.0,16.76095,0.2951071
-15.89781,38.17301,3.0,24.074270000000002,0.4869437
-34.90385,45.04732,3.0,30.73951,0.4299201
-60.22711999999999,44.732479999999995,3.0,37.65403,0.4979274
-90.53542,43.23193,3.0,44.225120000000004,0.2143542
-124.2235,39.94979,3.0,44.193509999999996,-0.2150894
-149.0704,27.68573,3.0,34.951190000000004,-1.007649
-144.0952,4.275474,3.0,34.63412,0.09508355
-145.1085,-23.05113,3.0,40.09642,0.2143408
-148.5171,-50.67722,4.0,27.32146,-1.211168
-162.3991,-54.60358000000001,4.0,19.72873,-0.03493632
-166.5704,-65.86791,4.0,21.18534,0.36786729999999995
-150.6502,-72.67477,4.0,27.39307,0.2532894
-128.5921,-76.80379,4.0,33.807140000000004,0.22854570000000005
-110.4091,-96.03496,4.0,38.97766,0.13291570000000003
-115.0303,-122.5212,4.0,37.53363,-0.007674913
-137.7201,-131.4241,4.0,32.514309999999995,-0.6645355
-144.122,-111.9155,4.0,31.267359999999996,0.2506965
-153.433,-98.77181,4.0,16.41639,-0.38593940000000004
-164.6326,-106.9778,4.0,23.45459,0.2328337
-168.8,-126.5461,4.0,30.700809999999997,0.2723753
-170.1384,-151.7514,4.0,37.51749,0.4927815
-167.2471,-181.9207,4.0,44.1451,0.48228459999999995
-163.998,-216.7832,4.0,49.45477,-0.01993752
-160.9217,-247.9962,4.0,25.5244,-3.039252
-149.2224,-256.5665,4.0,20.2887,0.7190601
-132.9428,-254.6717,4.0,25.095679999999998,0.1839313
-125.9143,-234.9079,4.0,31.76929,0.48916270000000006
-128.0904,-209.5217,4.0,37.9053,0.42309040000000003
-122.7755,-181.7513,4.0,37.57936,-0.4064638
-101.5245,-180.8517,4.0,26.7562,-0.745133
-105.6399,-194.4638,4.0,22.25657,0.5124679
-114.5532,-201.4411,4.0,2.618268,-0.8578892
-114.555,-201.5554,4.0,0.009298207,0.01908285
-113.6659,-201.7609,4.0,3.8644160000000003,0.3405905
-110.0654,-199.8045,4.0,6.411457,-0.7317595
-109.6781,-198.3817,4.0,1.979216,0.2933117
-109.0831,-202.5119,4.0,9.197202,0.49011689999999997
-107.1768,-211.6966,4.0,15.94725,0.2361373
-105.2509,-225.7312,4.0,22.249979999999997,0.4417714
-105.9753,-244.4283,4.0,28.034029999999998,0.17563499999999999
-98.27711,-264.9223,4.0,32.18298,0.19409089999999998
-75.53455,-271.6631,4.0,34.76712,0.1345584
-52.702980000000004,-258.757,4.0,37.143240000000006,-0.10519300000000001
-49.3306,-231.0572,4.0,39.9729,0.161415
-42.63677,-200.8385,4.0,44.17155,0.3248366
-23.09146,-173.7517,4.0,46.7828,-0.02389941
-0.1724211,-153.2834,4.0,28.73875,-2.259954
10.97222,-141.7534,4.0,18.11593,-0.25547770000000003
10.81863,-128.7625,4.0,23.01999,0.38718179999999996
-0.9296011000000001,-113.6788,4.0,28.506890000000002,0.33374940000000003
-8.642589,-92.08896999999999,4.0,33.643159999999995,0.38165859999999996
-10.470080000000001,-65.44699,4.0,38.64686,0.3496752
-5.76164,-35.4416,4.0,43.38053,0.341089
-1.44113,-1.9570900000000002,4.0,47.61376,0.087055
-8.642942999999999,29.65168,4.0,28.035109999999996,-0.8975313
-25.24906,42.14168,4.0,30.99812,0.3228807
-49.88123,43.57202,4.0,35.94723,0.1906901
-78.39394,43.29578,4.0,41.00481,0.3778927
-110.13799999999999,41.14792,4.0,43.30225,-0.3033603
-135.5763,37.74232,4.0,16.94324,-2.8693880000000003
-144.8351,30.70072,4.0,18.75686,0.4246288
-148.0304,15.16908,4.0,24.484289999999998,0.41254880000000005
-144.6615,-4.788112,4.0,30.191840000000003,0.3995848
-141.6764,-28.90878,4.0,35.09455,-0.1867301
-150.4759,-48.9233,5.0,26.262690000000003,0.3036603
-167.6954,-59.586690000000004,5.0,24.67351,-1.317744
-162.0542,-69.57079,5.0,16.737379999999998,-0.20660389999999998
-148.6293,-71.11055,5.0,22.27216,0.43921540000000003
-130.5072,-75.66305,5.0,28.10303,0.19493039999999998
-112.2024,-88.34843000000001,5.0,32.56858,0.11227129999999999
-109.2123,-112.2894,5.0,34.10099,-0.173262
-122.4374,-131.645,5.0,30.671879999999998,-1.001415
-139.8637,-128.7221,5.0,23.29172,0.13877679999999998
-146.1281,-111.0782,5.0,27.892090000000003,0.3789532
-161.7714,-100.5496,5.0,21.28833,-1.39018
-164.5793,-111.06200000000001,5.0,16.68177,0.3021162
-166.7739,-125.9827,5.0,24.14675,0.4542487
-168.2971,-150.3209,5.0,42.34548,1.357957
-165.4675,-184.6704,5.0,49.39887,0.48173240000000006
-164.321,-220.0057,5.0,36.20581,-2.682331
-163.3597,-238.0081,5.0,19.524720000000002,-0.1635376
-160.0504,-249.8282,5.0,14.81056,0.0492392
-149.9046,-258.7143,5.0,23.71742,0.5070701
-132.222,-253.9901,5.0,30.07897,0.7426358000000001
-125.3392,-228.3521,5.0,40.66822,0.4844023
-128.6184,-200.638,5.0,25.57348,-2.7871919999999997
-125.6365,-186.5505,5.0,16.25401,-0.24850129999999998
-113.5411,-182.2433,5.0,22.6943,0.6669885
-102.6594,-195.0824,5.0,26.704929999999997,0.48063859999999997
-103.286,-218.5577,5.0,35.57886,0.19608979999999998
-105.6563,-245.4445,5.0,34.59944,-0.6440175
-98.50123,-266.2567,5.0,29.74225,0.28158190000000005
-76.30508,-271.8864,5.0,33.68212,0.3104949
-54.457609999999995,-259.5561,5.0,35.91195,0.08866572
-48.26228,-232.3452,5.0,40.06443,0.3715265
-42.987629999999996,-201.3682,5.0,44.69686,0.1359759
-25.326999999999998,-172.5757,5.0,47.61534,0.1181567
-4.51008,-157.0916,5.0,14.92229,-0.1810714
3.177395,-151.917,5.0,10.23899,-0.1635002
7.8659669999999995,-147.97899999999998,5.0,6.551193,-0.2685038
12.1024,-142.2485,5.0,13.011519999999999,0.23438879999999998
11.938830000000001,-130.6534,5.0,19.09374,0.41576579999999996
2.673658,-117.256,5.0,24.999879999999997,0.40419429999999995
-6.454923,-98.94881,5.0,30.480940000000004,0.3925906
-10.64663,-74.778,5.0,35.673970000000004,0.3683749
-7.472157000000001,-46.76867,5.0,40.516659999999995,0.3442126
-2.306387,-15.43246,5.0,45.259440000000005,0.32129709999999995
-3.213218,14.63149,5.0,31.14108,-1.514783
-7.096660000000001,26.00464,5.0,10.48997,0.41431080000000003
-13.121139999999999,35.71994,5.0,18.863429999999997,0.4130653
-26.9801,43.599309999999996,5.0,24.59845,0.383542
-47.11528,45.30253,5.0,30.17152,0.39801759999999997
-71.47594000000001,44.65648,5.0,35.575790000000005,0.1744822
-99.73189,43.1344,5.0,40.65305,0.1696654
-128.0979,40.147729999999996,5.0,30.621990000000004,-1.58521
-142.2509,33.85678,5.0,22.33694,0.16450050000000002
-148.0459,16.50974,5.0,27.612070000000003,0.3883288
-144.4183,-5.466387999999999,5.0,32.87125,0.18900770000000003
-142.1105,-30.79135,5.0,30.896720000000002,-0.271943
-145.8479,-44.30278,6.0,12.19617,0.5943485
-154.5951,-53.46696,6.0,18.47476,-0.44598109999999996
-164.7922,-58.64479,6.0,12.70598,-0.20573260000000002
-163.7766,-68.78806,6.0,19.5586,0.337932
-146.7275,-71.94322,6.0,31.11487,1.1639700000000002
-121.561,-79.84761,6.0,41.1184,0.32985949999999997
-109.6575,-104.2416,6.0,34.97588,-0.6092029999999999
-116.5958,-118.0258,6.0,11.13632,-0.05132632
-120.4801,-128.0784,6.0,19.96815,-0.1998564
-131.6439,-134.15,6.0,19.60649,0.44980760000000003
-143.6702,-124.2833,6.0,24.87963,0.46067700000000006
-147.6705,-106.9371,6.0,14.237079999999999,-1.0875780000000002
-152.4156,-102.6955,6.0,9.656719,0.32785
-162.218,-101.398,6.0,16.2299,-0.42906540000000004
-167.0983,-112.7823,6.0,22.09458,1.00505
-168.5628,-134.28,6.0,35.72283,0.44520240000000005
-168.5214,-165.2697,6.0,47.35841,0.7542177
-165.3281,-203.7191,6.0,54.62556,-0.43274359999999995
-163.4504,-239.9556,6.0,41.76617,-1.326419
-150.8613,-258.0288,6.0,25.22328,-0.33726649999999997
-135.3915,-255.1472,6.0,19.18443,0.27091259999999995
-126.3121,-241.0714,6.0,26.30935,0.1969515
-125.40799999999999,-219.6558,6.0,31.674909999999997,0.1896247
-128.8307,-194.63299999999998,6.0,33.212759999999996,-1.42551
-120.9652,-182.2151,6.0,18.7379,0.3725177
-107.1691,-188.0273,6.0,23.3653,0.1562257
-102.5474,-206.3177,6.0,28.500970000000002,0.38491090000000006
-104.6933,-229.43099999999998,6.0,33.96223,0.1844713
-104.7648,-256.3056,6.0,38.59401,0.1769056
-85.49953000000001,-272.7033,6.0,33.76433,-0.473257
-64.29557,-268.0907,6.0,25.53613,-0.5148775
-51.2482,-257.7872,6.0,25.07328,0.7478541999999999
-46.83429,-236.6605,6.0,32.03087,0.3976449
-43.66677,-211.1454,6.0,37.33947,0.38539670000000004
-35.904090000000004,-183.2799,6.0,40.78164,0.01588019
-12.25947,-164.1049,6.0,37.93209,-0.23750700000000002
1.324793,-153.6996,6.0,13.48514,-0.3646725
8.239435,-147.7569,6.0,12.42353,0.1516514
12.82606,-137.9295,6.0,18.58166,0.3370847
6.376766,-122.8408,6.0,27.86625,0.5237277
-6.548353,-100.6836,6.0,42.09146,0.992368
-9.402436,-64.79826,6.0,54.9338,0.8840669
-2.8814189999999997,-21.48162,6.0,61.72785,0.1761989
-4.175472,16.35312,6.0,32.25752,-1.534736
-10.546669999999999,32.01178,6.0,22.03878,0.4454327
-25.686999999999998,43.11009,6.0,30.93324,0.4109032
-53.519330000000004,45.20831,6.0,45.25703,0.5644606
-92.42378000000001,43.58977,6.0,59.11469,0.45154579999999994
-123.1518,40.1608,6.0,18.12941,-1.20856
-133.1644,38.151379999999996,6.0,14.7547,0.9539095
-145.7275,29.974109999999996,6.0,24.179579999999998,0.2780617
-147.2234,10.41204,6.0,29.351290000000002,0.1967963
-142.8428,-13.012089999999999,6.0,34.79809,0.3791744
-141.9156,-34.37124,7.0,7.086689,0.5015550999999999
-143.1466,-42.10958,7.0,13.909870000000002,0.23123539999999998
-151.3025,-51.21172,7.0,19.83342,0.21220509999999998
-165.5658,-59.12595,7.0,22.79855,-0.6100499
-166.6382,-71.99605,7.0,15.709229999999998,-0.05800802
-156.0493,-77.08745,7.0,18.1219,0.25210889999999997
-142.0321,-73.51708,7.0,20.16155,0.09424698
-126.1874,-75.13634,7.0,23.441860000000002,0.2003149
-111.1787,-89.12040999999999,7.0,30.96326,0.23169879999999998
-109.6637,-112.6317,7.0,34.38978,0.1993122
-127.9148,-130.4994,7.0,36.91817,0.1371609
-147.3732,-124.7432,7.0,18.744989999999998,-1.7039819999999999
-143.7453,-116.5755,7.0,10.48725,0.6003659
-145.8548,-105.9639,7.0,17.23625,-0.18890479999999998
-157.2015,-101.4892,7.0,19.52508,0.26771259999999997
-166.2169,-112.3883,7.0,19.88348,-0.04918899
-165.9504,-128.201,7.0,24.71122,0.6398706000000001
-168.5754,-150.8365,7.0,37.90475,1.003215
-169.7552,-183.718,7.0,50.5917,0.4103714
-169.3753,-223.2043,7.0,50.18843,-0.8350785
-160.0129,-250.2704,7.0,29.92643,-0.8437764000000001
-142.3064,-254.2503,7.0,21.77899,-0.2398009
-128.0099,-246.8169,7.0,23.67585,0.1542334
-125.9129,-226.2799,7.0,32.08017,0.3874958
-126.1873,-200.4987,7.0,37.395920000000004,0.38060659999999996
-119.8695,-180.1178,7.0,16.1494,-0.8189434
-110.8786,-185.2712,7.0,19.09181,0.4070704
-109.064,-201.4817,7.0,25.04465,0.21835349999999998
-108.7067,-222.1893,7.0,30.80006,0.20332120000000004
-107.0966,-246.8801,7.0,35.78521,0.28465999999999997
-91.18911,-268.6152,7.0,38.668240000000004,0.17742349999999998
-63.45321,-269.6835,7.0,39.340140000000005,-0.02307859
-49.72726,-245.2874,7.0,40.362559999999995,0.14321989999999998
-47.16633,-213.8158,7.0,44.75562,0.194056
-28.92509,-185.8343,7.0,47.58038,0.3635733
-4.047067,-158.4167,7.0,52.07101,0.5682033000000001
9.238995,-131.7191,7.0,26.682570000000002,-0.8503754000000001
0.8303957000000001,-115.2164,7.0,29.533209999999997,0.25228470000000003
-5.859125,-91.97185999999999,7.0,39.77644,1.254679
-1.637405,-56.08914,7.0,57.44424,1.164081
-1.438331,-8.372726,7.0,66.89697,-0.5298229
-6.966092999999999,33.122240000000005,7.0,40.84433,-1.416929
-27.164590000000004,41.55584,7.0,32.25734,1.102684
-55.3609,40.54327,7.0,41.2938,0.3578775
-87.77409,40.51129,7.0,46.03252,0.3247662
-123.5003,41.26867,7.0,49.64948,-0.30363579999999996
-146.9859,28.5814,7.0,27.98095,0.2972131
-145.5397,6.426719,7.0,32.562259999999995,0.1789425
-145.2484,-19.64994,7.0,37.83163,0.3794067
-150.328,-48.21553,8.0,38.67918,-0.7926104
-167.5794,-63.01497,8.0,21.149070000000002,-0.35568520000000003
-161.5693,-77.44051999999999,8.0,26.98579,0.32214309999999996
-140.5374,-77.32685,8.0,31.3491,0.17441070000000003
-118.8536,-85.79939,8.0,34.198890000000006,0.2756249
-110.8827,-110.059,8.0,36.82481,0.03748333
-127.5474,-130.5332,8.0,37.89094,0.06611218
-146.281,-128.3449,8.0,8.496163000000001,-2.6371759999999997
-144.7031,-126.0676,8.0,7.514082000000001,0.2568741
-141.721,-118.8295,8.0,14.15688,0.4483879
-147.1464,-107.5678,8.0,20.2183,0.415951
-162.0231,-103.3309,8.0,23.501820000000002,0.04196772
-167.5359,-119.404,8.0,26.671609999999998,0.204915
-167.3414,-141.1983,8.0,32.08952,0.3669111
-171.1983,-166.5767,8.0,37.20178,0.1592971
-169.4501,-195.9676,8.0,42.0437,0.3409273
-168.4211,-228.8189,8.0,46.66255,0.1381781
-154.07,-255.4968,8.0,37.30093,-0.05108049
-133.19899999999998,-249.9546,8.0,27.533040000000003,0.1806183
-127.0244,-228.6074,8.0,33.223209999999995,0.3674248
-127.1564,-202.0603,8.0,38.43566,0.35113790000000006
-118.7589,-180.0724,8.0,20.097520000000003,-1.7729380000000001
-108.7484,-184.8586,8.0,18.28485,0.19996889999999998
-106.8834,-200.4006,8.0,24.2683,0.4464037
-106.2711,-220.6222,8.0,30.059720000000002,0.3983762
-105.1219,-244.8686,8.0,35.34495,0.31153459999999994
-91.83203,-267.8521,8.0,38.02704,0.163759
-64.9184,-269.9811,8.0,38.54347,0.0575946
-48.50563,-247.1746,8.0,40.22744,0.1293098
-45.87025,-215.80599999999998,8.0,44.81342,0.29363059999999996
-30.472959999999997,-186.88400000000001,8.0,46.41605,0.3188318
-5.654602,-160.8524,8.0,50.69437,0.1338104
8.834787,-130.7287,8.0,37.24207,-0.5242603
-3.6405879999999997,-108.0507,8.0,40.00043,0.11760129999999999
-4.375344999999999,-79.53688000000001,8.0,41.25598,0.3564732
-1.3164639999999999,-47.36895,8.0,45.85131,0.3445907
-1.589341,-11.759319999999999,8.0,50.29222,0.319603
-4.7617080000000005,26.437479999999997,8.0,48.70844,-0.8543497
-22.59863,42.781009999999995,8.0,19.10449,-2.597627
-26.40346,39.56565,8.0,7.186367,0.4836134
-32.85781,37.57985,8.0,13.53249,0.4933432
-41.56687,46.22992,8.0,19.72374,0.3640382
-48.03001,48.586529999999996,8.0,0.02143681,0.002837565
-48.048790000000004,48.48361,8.0,1.482073,0.28405
-48.405590000000004,45.63712,8.0,5.291563,0.05597629
-47.0816,43.23648,8.0,0.5963861,0.7377826999999999
-50.4217,45.46071,8.0,10.02663,0.6368499
-60.8622,45.83008,8.0,18.61436,0.3048845
-77.63923,43.829440000000005,8.0,26.81918,0.5993069000000001
-100.2418,42.1602,8.0,34.36105,0.2562932
-128.1275,43.64027,8.0,40.14728,-0.04274604
-144.4767,22.656129999999997,8.0,39.408559999999994,0.5151273000000001
-145.5601,-9.752308,8.0,48.07277,0.6034313
-141.9661,-34.06588,9.0,2.915937,-0.05795158
-142.433,-36.69093,9.0,8.562449,1.368291
-145.8701,-45.35472,9.0,13.691239999999999,-0.21026370000000003
-152.4176,-51.51055,9.0,11.39635,0.06151779
-161.953,-54.6269,9.0,12.90813,-0.1114187
-166.8802,-60.922819999999994,9.0,9.889165,-0.09314937
-162.1123,-70.72834,9.0,21.133129999999998,0.3783695
-148.6308,-73.35696,9.0,17.02879,-0.1309218
-136.8799,-73.11806,9.0,17.700779999999998,1.174074
-120.5825,-79.36506,9.0,25.609379999999998,0.09043514
-109.0377,-94.43323000000001,9.0,26.486829999999998,0.04325067
-107.7905,-111.1927,9.0,13.08117,-0.16331189999999998
-110.3221,-119.5828,9.0,11.29984,0.3794397
-117.7365,-130.7347,9.0,21.5227,-0.1122043
-130.9434,-134.947,9.0,17.05114,-0.2842878
-141.2299,-129.4704,9.0,18.2294,1.233851
-147.5645,-113.1761,9.0,27.76401,0.5627302
-156.0539,-99.83615,9.0,15.56305,-0.37906409999999996
-164.44,-103.2433,9.0,14.14778,0.9092681
-167.769,-119.0251,9.0,29.34362,1.010299
-168.7866,-145.7527,9.0,41.986509999999996,0.5841185
-167.546,-178.7964,9.0,46.76287,0.2105777
-164.21599999999998,-213.1115,9.0,43.49812,-0.3114828
-162.4246,-240.7343,9.0,28.618129999999997,-0.45502120000000007
-153.4185,-256.5067,9.0,22.293020000000002,-0.190227
-139.7594,-259.7455,9.0,17.32454,0.08230675
-128.5748,-247.7822,9.0,29.729440000000004,1.115281
-125.4311,-222.1689,9.0,37.10765,-0.5267875
-128.7303,-199.1523,9.0,21.498620000000003,-1.6402419999999998
-127.4933,-187.4899,9.0,13.892179999999998,-0.13328810000000002
-118.7987,-181.6531,9.0,18.73757,0.1609934
-106.43700000000001,-186.0994,9.0,16.2448,-0.34223109999999995
-102.5545,-197.614,9.0,21.86968,1.185563
-103.5152,-219.0255,9.0,34.45675,0.5904909
-106.1153,-246.1692,9.0,36.68261,-0.11185639999999998
-95.82639,-269.0956,9.0,32.97875,-0.26236770000000004
-72.4827,-272.1265,9.0,32.564859999999996,-0.035724
-53.47705,-258.6487,9.0,32.94616,0.30993709999999997
-47.44661,-233.863,9.0,35.79495,0.1711628
-43.20263,-207.1125,9.0,35.66861,-0.162129
-35.49476,-183.4713,9.0,31.26098,-0.3741435
-20.81586,-168.6128,9.0,25.4221,-0.348574
-6.665147,-158.9477,9.0,21.32555,-0.15630729999999998
5.330724,-150.7484,9.0,17.92996,0.1198806
12.65438,-138.1992,9.0,23.28004,0.501039
5.263383999999999,-121.1744,9.0,28.36972,0.1492314
-6.586075999999999,-103.1871,9.0,29.70768,0.01873621
-10.9756,-81.36465,9.0,30.73155,0.1367856
-9.868744,-57.02925,9.0,34.59548,0.0563984
-5.442169,-31.22353,9.0,35.98199,0.08939093
-1.8894540000000002,-4.5064910000000005,9.0,35.72726,-0.5085406
-4.462561,17.52593,9.0,24.55159,-0.32140219999999997
-9.839584,31.916590000000003,9.0,18.82129,0.7517755
-24.21398,42.97743,9.0,28.92745,0.5184202
-48.004290000000005,44.57653,9.0,35.87025,0.2609841
-77.19635,44.17774,9.0,42.967620000000004,0.5094212
-111.4345,42.16127,9.0,48.30449,-0.04075536
-140.6989,35.7747,9.0,34.20912,0.2546085
-145.4948,12.22879,9.0,36.53658,0.5520461
-141.7601,-17.03881,9.0,41.992259999999995,-0.5644191999999999
-144.6455,-38.37382,10.0,16.9645,-0.2666847
-151.1014,-50.165620000000004,10.0,19.8445,-0.34364029999999995
-162.5895,-56.408,10.0,15.886239999999999,-0.2854889
-166.8369,-65.04575,10.0,14.600710000000001,0.6605916999999999
-157.69899999999998,-73.10526999999999,10.0,17.82805,0.05081186
-144.1521,-72.47476999999999,10.0,18.08214,-0.1770025
-130.3259,-74.93171,10.0,23.94783,0.572074
-113.2923,-85.99377,10.0,31.02657,0.20678249999999998
-107.5289,-109.6725,10.0,36.53857,0.1642204
-117.8968,-129.4801,10.0,24.06435,-0.3967155
-132.9273,-133.6277,10.0,19.02831,-0.3361469
-143.2953,-125.8935,10.0,20.839979999999997,0.6080014
-147.8958,-108.9578,10.0,23.11401,-1.1294629999999999
-151.5771,-103.3413,10.0,7.1764339999999995,0.7164951999999999
-159.3564,-100.5492,10.0,15.112179999999999,0.4634616
-167.1503,-110.2849,10.0,21.25522,0.26110229999999995
-168.4323,-128.694,10.0,28.39309,0.5095397
-168.8832,-152.3383,10.0,34.79715,0.13628270000000003
-168.11599999999999,-179.4768,10.0,38.54741,0.132125
-165.273,-208.4844,10.0,37.639959999999995,-0.5704428
-163.8541,-233.4921,10.0,30.24478,-0.49461239999999995
-158.4056,-252.1504,10.0,23.1559,-0.44411649999999997
-144.56799999999998,-259.7078,10.0,23.68151,0.1767622
-130.4612,-250.8681,10.0,24.88615,0.32113359999999996
-124.6593,-232.0024,10.0,28.41767,0.2068024
-126.8561,-210.0869,10.0,29.12517,-0.4794353
-127.9823,-193.7041,10.0,16.44911,-0.3120748
-125.1144,-183.9409,10.0,11.8578,-0.2155969
-114.9474,-182.1496,10.0,17.46711,0.1303987
-104.2755,-189.19400000000002,10.0,18.25902,0.06677119
-103.2637,-203.416,10.0,20.697039999999998,0.1855279
-104.2804,-219.3934,10.0,21.790010000000002,-0.01048744
-105.7058,-236.8837,10.0,27.0627,0.5114479999999999
-104.4195,-258.3749,10.0,29.81199,-0.1206348
-88.22946,-272.405,10.0,33.758559999999996,0.6494295999999999
-61.745309999999996,-267.7908,10.0,38.66637,0.01947455
-49.205890000000004,-243.3376,10.0,40.66495,0.2728973
-44.60572,-211.9518,10.0,42.697390000000006,-0.6481623000000001
-35.82399,-185.0663,10.0,33.991820000000004,-0.6315878
-20.6064,-168.9474,10.0,26.728820000000002,-0.4254535
-7.706521,-159.8496,10.0,13.337710000000001,-0.2719553
1.7136080000000002,-153.2477,10.0,20.7343,0.3588142
11.92526,-142.9328,10.0,20.52625,0.4825823
9.036928,-125.64,10.0,28.1693,0.395839
-5.227955000000001,-107.6734,10.0,33.8856,0.20061579999999998
-10.370289999999999,-82.96625999999999,10.0,31.25392,-0.27205159999999995
-9.304025,-58.55452,10.0,36.18023,0.46890699999999996
-5.558736,-29.629040000000003,10.0,42.35994,0.4333088
-1.9307889999999999,3.5827519999999997,10.0,47.84769,0.3451805
-12.250639999999999,35.55057,10.0,42.81735,-0.133338
-42.3002,45.15623,10.0,45.49866,0.1599886
-77.98969,44.3062,10.0,50.86654,0.4008118
-116.6873,40.96439,10.0,48.986470000000004,-1.455841
-144.947,31.285690000000002,10.0,38.28682,-0.3723277
-145.0618,5.014266,10.0,38.89537,0.4355179
-142.2537,-24.9234,10.0,38.92027,-1.366603
-150.9919,-48.85279,11.0,35.673970000000004,0.2183895
-169.4023,-67.58028,11.0,30.73814,-1.494298
-162.7056,-80.80219,11.0,19.65991,-0.02561985
-150.1434,-70.93924,11.0,24.73955,0.24458760000000002
-131.5204,-74.20998,11.0,29.60707,0.48495550000000004
-113.822,-88.98293000000001,11.0,29.602359999999997,-0.18320379999999997
-109.917,-112.2718,11.0,35.24073,-0.03449762
-122.505,-130.782,11.0,26.747840000000004,0.05933597
-141.9132,-127.34100000000001,11.0,31.152520000000003,-0.08747331
-145.9676,-105.8698,11.0,18.659570000000002,-3.166002
-153.7354,-100.6326,11.0,18.18102,0.4025368
-166.1886,-109.04700000000001,11.0,24.60622,0.3310212
-166.0099,-129.502,11.0,31.03205,0.47863890000000003
-168.3393,-154.78,11.0,37.36497,0.4099844
-166.6114,-184.5426,11.0,43.30281,0.21142550000000002
-163.8661,-218.6533,11.0,48.16024,-0.3773757
-159.144,-249.5743,11.0,33.7118,-1.3663459999999998
-141.2506,-259.9178,11.0,30.274009999999997,0.05120224
-127.3892,-244.6047,11.0,31.940409999999996,0.5062404
-125.7704,-218.6391,11.0,37.994240000000005,0.4257906
-127.5698,-191.5853,11.0,33.81941,0.20228410000000002
-112.6423,-180.1989,11.0,25.33621,-0.40377240000000003
-107.411,-196.39,11.0,27.358340000000002,0.4970687
-105.5389,-218.8151,11.0,33.520920000000004,0.21229189999999998
-107.1276,-245.8985,11.0,39.43159,0.15125450000000001
-92.70392,-270.5942,11.0,39.41267,-0.322202
-63.5834,-268.5924,11.0,42.14829,0.1076876
-48.03567,-243.4818,11.0,43.04305,0.4342672000000001
-43.17705,-209.7819,11.0,48.74391,0.4231178
-28.477690000000003,-175.9713,11.0,51.73007,-0.3180905
-3.025424,-157.8957,11.0,34.46171,0.27047659999999996
11.554739999999999,-141.2573,11.0,26.11747,-0.650143
8.03412,-124.2599,11.0,25.841839999999998,0.4615943
-4.4830559999999995,-106.7697,11.0,32.10828,0.42194090000000006
-9.929744,-81.40923000000001,11.0,38.2214,0.22017989999999998
-8.623057000000001,-50.9786,11.0,44.011959999999995,0.21203089999999997
-2.5902369999999997,-16.80187,11.0,49.60719,0.4101111
-5.080855000000001,21.34433,11.0,52.46219,-0.5435004
-28.85312,45.20152,11.0,46.17289,-0.09840754
-64.28239,42.84303,11.0,50.46798,0.1889501
-103.6245,41.41805,11.0,55.76951,0.365516
-139.5634,35.40123,11.0,43.42106,-0.3219886
-148.7583,8.599607,11.0,40.58258,0.31416809999999995
-142.1446,-22.66518,11.0,45.521159999999995,0.08433169
-150.7501,-49.51981,12.0,29.72277,-1.151074
-167.9864,-59.857169999999996,12.0,27.1003,-0.3743237
-159.3069,-72.29589,12.0,24.60416,0.4220318
-138.7965,-71.6769,12.0,30.953909999999997,0.21371710000000002
-116.5136,-82.43713000000001,12.0,36.41975,0.3090555
-106.711,-107.7878,12.0,37.69992,-0.78242
-118.3803,-126.6967,12.0,28.295890000000004,0.03973689
-135.5878,-132.9113,12.0,21.72289,-0.5678429
-146.0882,-120.6419,12.0,26.14759,0.45972240000000003
-152.4733,-102.3294,12.0,22.75858,-0.6108772
-165.8395,-104.7615,12.0,20.681720000000002,0.2128911
-167.3183,-124.5461,12.0,34.20272,0.2679402
-168.97400000000002,-152.0701,12.0,40.18148,0.3600973
-166.8884,-183.9824,12.0,45.916709999999995,0.4132332
-164.8126,-220.0056,12.0,51.42852,0.11676310000000001
-157.5837,-253.0619,12.0,38.97978,-0.7190613
-137.0797,-255.3033,12.0,28.40645,0.5141092
-127.8132,-234.918,12.0,33.25953,0.5165708999999999
-126.1649,-208.1736,12.0,36.971140000000005,-1.3074430000000001
-125.4082,-184.0738,12.0,31.203409999999998,-0.6161565
-107.7183,-184.3708,12.0,24.99059,-0.3580032
-109.9815,-203.1029,12.0,28.86607,0.21360460000000003
-109.7536,-226.9131,12.0,35.34814,0.226402
-105.2516,-254.9839,12.0,41.273140000000005,0.28624099999999997
-83.14891999999999,-271.9245,12.0,39.49512,0.07497580000000001
-53.83886,-263.205,12.0,43.067009999999996,-0.7906976
-47.37872,-237.9732,12.0,32.64648,-0.2671223
-53.20021,-220.2748,12.0,11.00689,-1.4717069999999999
-53.24564,-215.5098,12.0,4.0007410000000005,-1.0447879999999998
-52.98946,-215.8311,12.0,5.024923,0.6518742
-47.56986,-218.7517,12.0,12.5849,0.43726620000000005
-42.09735,-210.2163,12.0,14.156720000000002,-0.2809601
-41.51428,-199.774,12.0,18.47802,0.5422402
-37.119479999999996,-184.16,12.0,25.480829999999997,0.47918770000000005
-22.750339999999998,-168.7522,12.0,31.84559,0.2352973
-0.5902486,-155.2018,12.0,37.92129,-0.07353239
12.45257,-133.6396,12.0,29.66827,-0.8808334000000001
1.124387,-113.8284,12.0,37.48109,1.210541
-10.28079,-82.7965,12.0,51.67459,0.2906851
-6.886533999999999,-43.0928,12.0,56.27822,0.3716276
-2.2143029999999997,-0.1246982,12.0,58.17696,-1.364435
-9.534952,30.482259999999997,12.0,32.79201,1.3391469999999999
-30.70208,45.35958,12.0,37.74068,0.1208722
-60.37935,44.25911,12.0,43.023720000000004,0.44663149999999996
-94.38087,43.63256,12.0,48.65424,0.4050875
-131.0595,39.49353,12.0,47.78215,-0.6247789
-153.2216,20.15825,12.0,25.21384,-3.6051260000000003
-153.7879,12.55915,12.0,1.139385,0.5642081
-149.8527,12.08197,12.0,9.603957000000001,0.28494640000000004
-146.4521,3.212041,12.0,17.229,0.5553412
-144.7127,-12.23306,12.0,24.55839,0.5236923
-142.0939,-32.74736,12.0,31.2056,0.20871479999999998
-142.7861,-38.23754,13.0,10.976189999999999,0.6137355999999999
-148.4045,-47.51915,13.0,18.54439,0.5138366
-162.3497,-55.92267,13.0,25.27238,0.308153
-165.7419,-71.00069,13.0,18.88298,-0.5058551
-153.9639,-76.19024,13.0,20.063229999999997,0.197855
-139.1563,-72.41977,13.0,18.744239999999998,-0.1973056
-123.6325,-75.10236,13.0,25.173560000000002,0.4584345
-109.5254,-89.73884,13.0,30.9258,0.19605720000000001
-108.8072,-113.8419,13.0,35.474920000000004,0.1325625
-128.6992,-131.7782,13.0,38.7301,-0.01667739
-146.0017,-125.2942,13.0,14.7673,-1.809554
-141.9451,-123.0418,13.0,9.681131,0.5524651999999999
-138.9089,-122.5116,13.0,4.202875,0.289114
-144.0534,-124.9344,13.0,9.998185000000001,-0.12188800000000001
-145.5246,-129.1556,13.0,0.7129404,-0.8156926999999999
-144.8285,-126.28399999999999,13.0,8.5913,0.6158667
-140.5356,-117.8184,13.0,16.85353,0.5232703
-143.7473,-103.6401,13.0,23.769470000000002,0.47861570000000003
-160.3268,-99.34561,13.0,24.014689999999998,-0.5495145
-167.1615,-115.0743,13.0,28.3519,0.257681
-167.6883,-138.6999,13.0,35.39412,0.5140905
-167.7501,-167.5423,13.0,42.07137,0.4870463
-167.9432,-201.025,13.0,48.29379,0.21367870000000003
-166.5385,-238.5655,13.0,49.95163,-1.291767
-142.7625,-257.7219,13.0,40.36529,-1.064945
-127.3525,-242.8595,13.0,31.17535,0.5807663000000001
-127.72,-216.0388,13.0,40.93906,0.5000892
-126.9833,-189.1143,13.0,21.77469,-2.374164
-118.9758,-181.62099999999998,13.0,15.30826,0.5616623000000001
-107.4179,-188.2367,13.0,22.98903,0.4837885
-104.993,-207.3938,13.0,29.85933,0.5053303
-108.0875,-231.8959,13.0,36.67817,0.20828400000000002
-99.84633000000001,-259.3026,13.0,41.6918,0.1452504
-73.09642,-272.5144,13.0,42.62406,0.01826622
-50.76682,-252.9597,13.0,42.66715,0.1399299
-48.09884,-219.7769,13.0,46.28842,-0.192194
-37.07732,-190.3169,13.0,43.977920000000005,0.39661579999999996
-13.443570000000001,-164.9883,13.0,49.8274,0.4286538
8.885288000000001,-134.9467,13.0,47.25312,-1.151457
-0.32262290000000005,-108.4636,13.0,33.52863,-0.633977
-8.466693,-89.77853,13.0,31.251070000000002,0.5069199000000001
-5.94862,-64.20938000000001,13.0,38.09612,0.47590150000000003
-5.249598000000001,-33.607890000000005,13.0,44.56384,0.4759714
-3.731985,1.6774950000000002,13.0,50.622440000000005,0.4112095
-12.29165,35.63975,13.0,39.45955,-1.9560849999999999
-32.251979999999996,39.69083,13.0,18.57941,-1.800509
-35.084559999999996,32.58298,13.0,0.1066633,0.1957369
-35.13778,32.59094,13.0,0.05601961,-0.001135014
-35.10075,32.750859999999996,13.0,2.1392849999999997,0.3498937
-34.01405,37.231159999999996,13.0,10.00958,0.2448585
-32.355579999999996,43.9379,13.0,4.79651,-0.36450190000000005
-32.482009999999995,44.03481,13.0,4.226636,0.30986040000000004
-37.50567,41.17051,13.0,12.02904,0.5495701999999999
-48.68815,44.26122,13.0,19.25198,0.25738130000000004
-65.42956,44.89208,13.0,25.96956,0.460524
-86.82451,41.99953,13.0,32.26769,0.20545839999999999
-112.9379,43.01143,13.0,38.037890000000004,0.3540063
-139.9778,33.37785,13.0,38.80525,-0.11480810000000001
-147.7742,6.904021000000001,13.0,40.37627,0.1809724
-144.5489,-24.81939,13.0,45.64249,0.299161
-153.1472,-53.6057,14.0,32.516329999999996,-0.7376198
-162.6227,-69.19209000000001,14.0,23.15097,0.405458
-145.9398,-75.68773,14.0,28.537979999999997,0.4792665
-123.6851,-80.23473,14.0,33.46045,0.3394697
-109.616,-101.4387,14.0,36.95015,0.1572598
-119.7993,-126.4804,14.0,39.012859999999996,0.08788941
-143.2213,-129.0005,14.0,25.57116,-1.144838
-145.72,-120.0745,14.0,1.338063,-0.2808299
-146.6099,-119.09899999999999,14.0,1.899746,-0.01142357
-147.4261,-118.1309,14.0,1.470687,-0.03035392
-148.9794,-117.3016,14.0,4.110348,-0.03069991
-150.9289,-117.46799999999999,14.0,1.183653,0.6510534
-147.4467,-115.0874,14.0,10.08613,0.312882
-144.8659,-105.4344,14.0,17.82303,0.4645205
-156.2911,-96.67466,14.0,23.34621,0.2375667
-167.954,-109.0827,14.0,27.30785,0.3884256
-166.2798,-131.7422,14.0,34.17277,0.49900370000000005
-166.7258,-159.5772,14.0,40.95807,0.23140639999999998
-167.1368,-192.3434,14.0,47.37999,0.4636308
-166.4626,-229.6049,14.0,52.10929,-0.6113639
-150.6889,-254.1533,14.0,28.87746,-2.169803
-141.702,-252.0337,14.0,4.592662000000001,-0.1340044
-141.0853,-249.5972,14.0,3.258613,0.37459709999999996
-136.1259,-248.1565,14.0,11.04032,0.4336753
-126.7484,-251.7919,14.0,13.09323,-0.3464448
-121.0011,-247.3078,14.0,11.20648,0.5869424
-123.6484,-235.9448,14.0,20.1627,0.5475449
-126.5577,-218.3994,14.0,27.77315,0.2727745
-127.8392,-195.1459,14.0,34.9292,0.2028678
-114.3558,-178.975,14.0,26.02787,-1.112447
-105.2825,-192.72400000000002,14.0,30.657770000000003,0.6940589
-107.4464,-222.9809,14.0,50.88281,1.358479
-97.34508000000001,-261.7286,14.0,51.44471,-1.261738
-66.25041,-271.1185,14.0,46.6573,-0.08043439999999999
-48.10026,-246.5728,14.0,43.39539,0.1046006
-47.72161,-212.7704,14.0,47.88818,0.1925249
-28.09217,-181.61900000000003,14.0,52.60233,0.3829665
1.08455,-152.9915,14.0,56.12517,-0.4983345
8.320338000000001,-122.4556,14.0,30.04117,-0.8226399
-3.47506,-106.1216,14.0,28.932779999999998,0.45611179999999996
-5.524164,-82.51841999999999,14.0,35.55425,0.5241423
-3.189612,-53.7589,14.0,42.27661,0.22641509999999998
-2.215333,-20.01785,14.0,48.6086,0.2118522
-4.009193,17.99284,14.0,52.07489,-0.7846245
-24.47445,42.32342,14.0,43.1697,-0.05411801
-57.849940000000004,40.48085,14.0,47.96321,0.45438590000000006
-95.59934,40.27191,14.0,53.8798,0.1873187
-133.5793,39.24958,14.0,41.845459999999996,-1.9754470000000002
-145.3135,23.32786,14.0,12.0583,-1.38253
-143.2605,23.110970000000002,14.0,6.276903,-0.33931059999999996
-141.2059,25.5882,14.0,0.5462623999999999,-1.002773
-143.4453,22.81542,14.0,8.373991,0.3654949
-149.0708,21.83152,14.0,4.0190220000000005,-0.7825121
-148.4758,21.43955,14.0,5.713488,0.6733536
-143.2455,16.10006,14.0,14.565,0.6059001
-140.7838,2.663662,14.0,22.72772,0.5802440999999999
-142.1377,-17.10616,14.0,30.56242,0.5540015
-141.8335,-35.574659999999994,1.0,5.685718,-0.03824645
-142.5603,-43.03171,1.0,14.79071,0.6230119000000001
-151.1792,-53.725730000000006,1.0,23.024720000000002,0.3111105
-163.1439,-67.68483,1.0,27.104940000000003,-0.2219544
-149.8562,-75.63463,1.0,23.973010000000002,0.09035216
-136.5009,-69.02469,1.0,7.559987,-20.587970000000002
-135.8632,-68.27879,1.0,0.02630797,-3.68425e-05
-135.8444,-68.28156,1.0,0.02531403,2.2183890000000002e-05
-135.8281,-68.28358,1.0,0.01542099,-0.004400992
-136.0871,-69.91948000000001,1.0,4.4116290000000005,0.06191985
-135.6767,-73.23314,1.0,4.2506,-0.06038733
-136.2886,-75.92715,1.0,3.4960269999999998,-0.01476336
-136.1604,-76.01215,1.0,4.745989,0.344631
-129.5116,-75.14426,1.0,13.6352,0.627202
-118.8436,-81.62501999999999,1.0,21.1219,0.28052859999999996
-111.2433,-98.5602,1.0,28.83444,0.49345340000000004
-114.3275,-121.1977,1.0,34.45943,0.18401889999999999
-136.2944,-133.0811,1.0,32.67868,-1.35388
-146.3807,-119.851,1.0,21.86834,-0.11845239999999999
-138.4565,-108.8544,1.0,3.169398,-2.515566
-138.4581,-108.72200000000001,1.0,0.02780688,0.02978228
-138.4588,-108.7385,1.0,0.02377986,-0.01224163
-140.8282,-108.1135,1.0,7.634239,0.347792
-145.5748,-110.598,1.0,3.7164669999999997,-1.444944
-144.8861,-109.0915,1.0,6.838958,0.3167483
-145.8288,-101.2361,1.0,15.087629999999999,0.5695529
-156.8541,-95.74528000000001,1.0,16.70891,-0.3876978
-165.25599999999997,-102.4014,1.0,17.7572,0.6083203
-167.5555,-120.9865,1.0,31.790059999999997,0.3870881
-166.8901,-147.041,1.0,40.1589,0.7603032
-164.4361,-174.1247,1.0,33.37688,-0.256687
-167.9929,-197.4596,1.0,36.012240000000006,1.3911360000000002
-166.5922,-226.5318,1.0,36.98825,-0.5269661999999999
-159.0797,-248.3264,1.0,26.7883,-0.7998956
-139.7714,-249.74400000000003,1.0,29.627390000000002,0.406939
-121.9868,-237.7625,1.0,25.51318,-1.077405
-130.4153,-222.8341,1.0,25.41367,-0.7280679
-124.5154,-208.2707,1.0,20.9001,-0.47227600000000003
-124.44,-195.0508,1.0,17.79479,-0.1636614
-121.2767,-184.8913,1.0,15.65308,0.4273933
-111.0113,-189.6461,1.0,16.452070000000003,-0.2825882
-110.1037,-200.6429,1.0,13.945110000000001,-0.07966929
-109.5825,-213.0879,1.0,20.88926,0.5781974
-107.6783,-231.322,1.0,28.531640000000003,0.2577427
-102.4966,-254.4044,1.0,35.22484,0.1755116
-81.76501,-271.08799999999997,1.0,38.86353,0.1674714
-56.48895,-260.2402,1.0,39.617290000000004,0.06466977
-51.71387,-230.9995,1.0,43.04197,0.1657645
-39.29591,-199.9201,1.0,48.02888,0.3189141
-15.03454,-171.2363,1.0,53.66611999999999,0.1953792
8.757381,-137.0285,1.0,58.266119999999994,-0.2389465
10.944189999999999,-107.3246,1.0,17.02809,-2.643381
9.861971,-104.3013,1.0,0.5725034999999999,-0.0647728
10.07952,-104.4546,1.0,2.903924,0.5473445
13.76149,-106.7679,1.0,8.331464,0.2986324
18.39193,-106.9636,1.0,1.906412,-0.7031941999999999
16.52531,-107.5387,1.0,7.0569679999999995,0.6193072
9.000816,-111.0327,1.0,14.996720000000002,0.4450773
-0.13792870000000002,-106.5544,1.0,18.850379999999998,0.47765420000000003
1.132624,-90.08539,1.0,25.57633,0.3573117
-4.480462,-69.39577,1.0,32.367540000000005,0.471321
-5.821662,-42.938340000000004,1.0,39.0595,0.4671838
-6.399376999999999,-11.6555,1.0,45.34217,0.22029629999999997
-7.184892999999999,23.87482,1.0,47.24262,-1.65925
-19.01513,44.448240000000006,1.0,16.81334,-1.5152860000000001
-28.217909999999996,39.1235,1.0,17.89913,0.4946532
-43.7901,38.847809999999996,1.0,24.999010000000002,0.5267143
-64.87631999999999,39.63319,1.0,32.09013,0.4943093
-91.17347,39.68813,1.0,38.85538,0.492925
-122.2819,40.61905,1.0,44.65765,-0.28203249999999996
-144.1183,30.89645,1.0,22.3703,-1.507082
-140.2549,24.74062,1.0,9.083575,0.2556021
-137.7517,24.25327,1.0,0.06708685,-0.01118872
-137.7516,24.210929999999998,1.0,0.05243672,0.00945893
-139.8133,24.6185,1.0,6.789078999999999,0.31381220000000004
-146.7125,24.1739,1.0,10.99182,-0.04793123
-151.1588,25.40514,1.0,1.247383,-0.4359844
-149.2122,24.21429,1.0,7.286592,0.5893212
-147.2836,16.53841,1.0,14.74025,0.23724879999999998
-152.0062,4.1485449999999995,1.0,20.97757,0.20509589999999997
-147.8903,-13.27164,1.0,27.53153,0.49273649999999997
-146.1847,-35.92773,2.0,33.72444,0.3364366
-161.2439,-53.19316,2.0,33.17306,-0.2252927
-163.7576,-71.30359,2.0,22.10217,-0.5986726
-156.252,-69.71623000000001,2.0,8.74555,0.40033159999999995
-155.701,-68.52754,2.0,0.05398224,0.006754263000000001
-155.7052,-68.60942,2.0,1.420192,0.6604079
-156.2684,-71.68879,2.0,5.152009,-0.02641302
-156.9166,-75.00194,2.0,2.257108,-0.3756676
-155.4462,-73.67681999999999,2.0,7.415563000000001,0.3527533
-147.0865,-74.16199,2.0,16.046110000000002,0.5568892
-135.1542,-81.83731,2.0,19.73112,-0.3032106
-122.4173,-85.58863000000001,2.0,17.9257,0.7385361
-111.3961,-100.5157,2.0,31.742559999999997,0.16595729999999997
-117.2198,-122.0852,2.0,33.01396,0.2490218
-138.1677,-130.2838,2.0,28.12087,-0.6656512
-143.8254,-117.7198,2.0,21.25899,0.5025744000000001
-140.8913,-104.0154,2.0,18.57105,0.07634756
-155.2703,-102.2406,2.0,20.76476,-0.4636854
-160.9809,-112.8609,2.0,16.560470000000002,-0.06159322
-163.5398,-125.5441,2.0,19.40286,0.5329670999999999
-165.405,-143.5284,2.0,28.495070000000002,0.5558459
-165.3327,-167.4782,2.0,36.11652,0.5279543999999999
-165.6795,-196.9742,2.0,43.26356,0.5267297
-165.3903,-231.4738,2.0,49.09926,-0.28548340000000005
-155.8374,-250.5486,2.0,22.91806,0.2074734
-136.4291,-251.5884,2.0,30.14987,0.2091373
-125.6772,-237.0923,2.0,24.40626,0.3830433
-126.0413,-215.9698,2.0,33.73236,0.20849770000000004
-126.0086,-189.8781,2.0,26.66238,-1.718316
-118.5048,-183.9628,2.0,13.225929999999998,0.30492420000000003
-110.9355,-192.2604,2.0,20.16566,0.5954583999999999
-109.4628,-210.2255,2.0,28.269009999999998,0.2752735
-106.6688,-233.8581,2.0,35.88358,0.5151344
-96.84138,-260.902,2.0,41.88547,0.243081
-69.75927,-269.2981,2.0,40.41628,0.2312768
-49.306259999999995,-247.8022,2.0,42.28763,-0.03727947
-48.3931,-215.0718,2.0,47.02348,0.1881634
-30.2922,-184.4182,2.0,51.35921,0.22447550000000002
-3.0421009999999997,-154.6302,2.0,57.42001,0.39339409999999997
8.479875999999999,-126.9363,2.0,20.54058,-2.492213
-1.362735,-115.9613,2.0,23.64334,0.5020187
-6.7240470000000006,-97.0244,2.0,30.72904,0.5443762
-6.674503,-71.48384,2.0,38.132220000000004,0.26271100000000003
-6.817888000000001,-40.58097,2.0,45.16494,0.4824608
-7.292046000000001,-4.653325,2.0,51.75325,0.4697628
-9.954069,33.68371,2.0,44.87335,-1.895882
-24.962320000000002,46.13625,2.0,9.931975999999999,-2.709711
-25.52487,43.897090000000006,2.0,6.998506,0.5913609000000001
-31.551579999999998,39.73495,2.0,15.163889999999999,0.5739390000000001
-44.41948,45.7086,2.0,23.165670000000002,0.5043517
-63.81285,44.58833,2.0,30.326970000000003,0.2811896
-88.9828,41.783840000000005,2.0,37.813590000000005,0.5231795
-119.5683,40.7462,2.0,44.74435,0.22884000000000002
-147.9334,29.55407,2.0,31.4993,-0.9028554
-149.5858,18.858420000000002,2.0,1.663625,-0.04538346
-145.3359,18.67897,2.0,10.39628,0.6137395999999999
-144.3382,8.742738000000001,2.0,18.466520000000003,0.5623404000000001
-151.1549,-5.712611,2.0,24.63032,0.2765321
-146.1239,-25.9435,2.0,31.71957,0.2597623
-142.8613,-38.78787,3.0,11.81975,-0.08236557
-146.6844,-46.773709999999994,3.0,15.14226,0.9588709999999999
-157.0663,-53.30413000000001,3.0,15.60265,-0.22925720000000002
-165.9651,-57.6947,3.0,11.81983,-0.327254
-165.5021,-65.13121,3.0,9.690465,0.7269536
-157.4863,-72.08629,3.0,18.60814,0.5138929
-140.9395,-72.16245,3.0,26.167170000000002,0.2472913
-121.4221,-80.07603,3.0,27.280559999999998,-0.4427758
-109.7323,-93.92381,3.0,23.30271,0.6590868000000001
-108.9659,-113.9001,3.0,26.216309999999996,-0.4025121
-117.7282,-128.4968,3.0,20.839000000000002,-0.169147
-133.1679,-133.7246,3.0,24.59582,-0.587487
-143.8538,-120.7255,3.0,30.02812,1.127033
-154.3094,-104.1648,3.0,18.84502,-1.915534
-165.0407,-108.9471,3.0,20.448629999999998,0.5327854000000001
-168.1609,-126.6768,3.0,28.36785,0.553196
-169.8595,-150.4284,3.0,35.795970000000004,0.24756079999999997
-167.4054,-179.44299999999998,3.0,42.78379,0.5131511999999999
-164.7855,-213.5492,3.0,49.383109999999995,0.45796320000000007
-161.6633,-248.6858,3.0,42.01753,-1.4770159999999999
-142.2731,-258.0943,3.0,25.331770000000002,-0.5856158
-127.4974,-243.109,3.0,32.05703,0.3206034
-127.6495,-218.4331,3.0,37.0764,0.23484720000000003
-126.6984,-192.2305,3.0,33.74287,-1.59055
-114.6534,-178.4802,3.0,23.05883,-0.4719313
-109.6747,-191.3975,3.0,23.93689,0.5512682
-105.9016,-210.8905,3.0,30.82573,0.3179264
-105.3889,-233.3481,3.0,28.07147,-0.3828487
-105.0323,-255.6004,3.0,35.427240000000005,0.3568563
-85.97079000000001,-271.8265,3.0,36.299279999999996,0.1283963
-63.77659,-268.8389,3.0,17.459220000000002,-0.5094422000000001
-56.47076,-266.9594,3.0,3.640675,-0.9100519
-56.93034,-267.2401,3.0,1.52831,-0.2566986
-56.80679,-267.0841,3.0,3.129998,0.5446134
-54.067890000000006,-263.7986,3.0,7.430103,0.13599229999999998
-48.92995,-262.8932,3.0,5.922046,-0.8878041999999999
-48.553129999999996,-263.0517,3.0,4.387983999999999,0.6441674
-50.165929999999996,-256.9403,3.0,12.7629,0.6201415
-47.23975,-244.8555,3.0,20.71623,0.5735996999999999
-44.20162,-226.9959,3.0,28.166629999999998,0.5237107
-41.53083,-203.6219,3.0,35.18444,0.4841018
-29.400640000000003,-179.68,3.0,39.56001,0.44947159999999997
-8.830935,-159.5222,3.0,30.22271,-1.615472
5.026082,-148.6827,3.0,20.6655,-0.17302779999999998
11.76327,-137.4203,3.0,15.73011,-0.3180185
9.35413,-126.4706,3.0,17.82081,0.539237
-0.2458163,-113.8004,3.0,25.14086,0.2591067
-8.108841,-94.00398,3.0,32.16898,0.5208489000000001
-10.41367,-67.96857,3.0,38.654790000000006,0.46095059999999993
-6.6673089999999995,-37.147890000000004,3.0,44.92115,0.4621471
-3.412414,-4.456741,3.0,40.87879,-0.618058
-4.527571,13.00042,3.0,9.086637,-0.9565108
-5.1873949999999995,16.88063,3.0,8.401363,0.6225308
-7.417772,26.02007,3.0,16.85905,0.5532609
-16.0432,38.273740000000004,3.0,24.15604,0.49524480000000004
-35.123090000000005,45.055,3.0,30.814059999999998,0.47420450000000003
-60.506130000000006,44.732929999999996,3.0,37.6929,0.23809149999999998
-90.85024,43.2122,3.0,44.30364,0.48662849999999996
-124.5555,39.899640000000005,3.0,44.11272,-0.46123859999999994
-149.1758,27.44994,3.0,34.83982,-0.6732484000000001
-144.0415,4.03046,3.0,34.641329999999996,0.04526294
-145.0945,-23.348010000000002,3.0,40.15095,0.333793
-148.6571,-50.8271,4.0,26.911009999999997,-2.388448
-162.5374,-54.63307,4.0,19.72021,-0.05356967
-166.4793,-65.98956,4.0,21.21678,0.2000684
-150.4418,-72.67144,4.0,27.480809999999998,0.5143723
-128.36700000000002,-76.91508,4.0,33.885020000000004,0.4589885
-110.2924,-96.30326,4.0,39.02278,0.2574921
-115.1899,-122.7521,4.0,37.53117,-0.01440594
-137.9342,-131.3233,4.0,32.45987,-0.3387603
-144.0949,-111.6855,4.0,31.28395,0.10162710000000001
-153.5549,-98.77481999999999,4.0,16.38553,-0.19028789999999998
-164.705,-107.1295,4.0,23.53744,0.5081825
-168.8324,-126.777,4.0,30.79155,0.5109044
-170.1125,-152.0316,4.0,37.5991,0.4852175
-167.2202,-182.2472,4.0,44.222640000000006,0.4685873
-163.9704,-217.1472,4.0,49.45142,-0.02022116
-160.8368,-248.1642,4.0,25.284110000000002,-1.474402
-149.079,-256.6183,4.0,20.50835,1.306489
-132.82299999999998,-254.5246,4.0,25.110670000000002,0.0898029
-125.8669,-234.6742,4.0,31.84951,0.47289620000000004
-128.1383,-209.2456,4.0,37.93894,0.2101913
-122.5871,-181.5614,4.0,37.43998,-0.8374117
-101.4041,-181.0007,4.0,26.62408,-0.8187844
-105.8023,-194.5016,4.0,22.341839999999998,0.5100998
-114.5531,-201.4597,4.0,2.3352180000000002,-1.645818
-114.555,-201.5553,4.0,0.008230579,-0.006485725
-113.637,-201.7646,4.0,3.9202209999999997,0.33539179999999996
-110.0453,-199.7605,4.0,6.3503099999999995,-0.363939
-109.6775,-198.3969,4.0,2.06871,0.5277159
-109.0705,-202.5767,4.0,9.281214,0.5254266
-107.1532,-211.8158,4.0,16.02674,0.4654126
-105.2417,-225.8959,4.0,22.322879999999998,0.4405023
-105.9732,-244.62900000000002,4.0,28.097509999999996,0.4065851
-98.11583,-265.094,4.0,32.21488,0.1948095
-75.28831,-271.6249,4.0,34.81501,0.2899946
-52.55565,-258.5219,4.0,37.12469,-0.10786369999999999
-49.327529999999996,-230.7555,4.0,40.0302,0.3358518
-42.5255,-200.5442,4.0,44.22506,0.3345468
-22.824170000000002,-173.5313,4.0,46.77912,-0.02198784
-0.02122952,-153.1475,4.0,28.357090000000003,-2.39735
11.04301,-141.6397,4.0,18.032870000000003,-0.48595429999999995
10.73992,-128.6155,4.0,23.05238,0.19880970000000003
-1.040751,-113.5074,4.0,28.53375,0.17161300000000002
-8.692547,-91.8447,4.0,33.70544,0.3769446
-10.45692,-65.15638,4.0,38.67385,0.16254849999999998
-5.700541,-35.11992,4.0,43.40674,0.15788010000000002
-1.4446379999999999,-1.604681,4.0,47.64565,0.1887335
-8.742857,29.836440000000003,4.0,27.670370000000002,-2.110896
-25.47607,42.20847,4.0,31.052770000000002,0.32944429999999997
-50.15274,43.56008,4.0,36.01157,0.3702136
-78.70414,43.29327,4.0,41.06357,0.3459392
-110.4636,41.11139,4.0,43.25265,-0.2889414
-135.6982,37.7074,4.0,16.47469,-2.7674279999999998
-144.9051,30.580509999999997,4.0,18.7919,0.21484450000000002
-148.0215,14.98352,4.0,24.55293,0.39813459999999995
-144.6096,-5.011906,4.0,30.25955,0.39155159999999994
-141.6944,-29.17298,4.0,35.06015,-0.2042399
-150.626,-49.04425,5.0,26.28831,0.16016889999999998
-167.7803,-59.7454,5.0,24.44687,-1.384815
-161.9292,-69.57396,5.0,16.67063,-0.3932483
-148.4708,-71.14395999999999,5.0,22.30789,0.22548569999999998
-130.3093,-75.73305,5.0,28.16882,0.3882534
-112.0645,-88.54619,5.0,32.60583,0.222877
-109.2826,-112.5247,5.0,34.06971,-0.1951727
-122.6438,-131.7389,5.0,30.58972,-0.5058331
-139.9656,-128.5829,5.0,23.30246,0.06567206
-146.2336,-110.8984,5.0,27.92062,0.1724769
-161.9187,-100.5894,5.0,21.17165,-0.7274305999999999
-164.5692,-111.1852,5.0,16.70809,0.1618103
-166.7991,-126.1575,5.0,24.30631,0.9681402
-168.3134,-150.6471,5.0,42.57071,1.316049
-165.4192,-185.0349,5.0,49.45875,0.3615595
-164.3209,-220.2765,5.0,35.77587,-2.563511
-163.3457,-238.1533,5.0,19.5113,-0.08206284
-159.9902,-249.9229,5.0,14.828129999999998,0.102272
-149.7469,-258.7922,5.0,23.79956,0.4980122
-132.0898,-253.8053,5.0,30.1401,0.36618870000000003
-125.3462,-228.0508,5.0,40.70557,0.231304
-128.6349,-200.4509,5.0,25.35574,-1.336012
-125.5634,-186.4552,5.0,16.171960000000002,-0.4773115
-113.3766,-182.2699,5.0,22.74596,0.3186797
-102.6383,-195.2715,5.0,26.786890000000003,0.516269
-103.3082,-218.8268,5.0,35.649440000000006,0.4044394
-105.655,-245.6925,5.0,34.48911,-0.6935617
-98.32297,-266.3999,5.0,29.82116,0.4504571
-76.04453000000001,-271.8589,5.0,33.73307,0.2880938
-54.3265,-259.3311,5.0,35.919509999999995,0.04721331
-48.22835,-232.0504,5.0,40.09296,0.17718910000000002
-42.897490000000005,-201.0458,5.0,44.74557,0.2867012
-25.075570000000003,-172.3442,5.0,47.66012,0.27789559999999996
-4.4200029999999995,-157.0347,5.0,14.86043,-0.3842311
3.239076,-151.8707,5.0,10.18747,-0.30025759999999996
7.900631,-147.9452,5.0,6.507919,-0.2598377
12.13997,-142.1631,5.0,13.089830000000001,0.48018180000000005
11.88844,-130.5251,5.0,19.16509,0.4369807
2.559875,-117.1087,5.0,25.0693,0.4325371
-6.536963,-98.68309,5.0,30.546059999999997,0.319083
-10.65596,-74.51063,5.0,35.73223,0.3449083
-7.412742999999999,-46.48292,5.0,40.576209999999996,0.37835290000000005
-2.271163,-15.10416,5.0,45.2845,0.15739029999999998
-3.268996,14.85285,5.0,31.016240000000003,-0.7694664999999999
-7.129230000000001,26.0778,5.0,10.63607,0.8543651
-13.215720000000001,35.82138,5.0,18.93296,0.4098023
-27.15744,43.65065,5.0,24.63004,0.1970449
-47.33467,45.30002,5.0,30.203879999999998,0.2034582
-71.73184,44.64555,5.0,35.63997,0.4072489
-100.0409,43.10561,5.0,40.71315,0.3464928
-128.3132,40.12366,5.0,30.0725,-3.4076169999999997
-142.3491,33.73426,5.0,22.39612,0.3727301
-148.0555,16.30285,5.0,27.641990000000003,0.1814039
-144.3627,-5.703704,5.0,32.93663,0.37877790000000006
-142.1341,-31.0103,5.0,30.80733,-0.551074
-145.888,-44.38335,6.0,12.24435,0.29890659999999997
-154.724,-53.520140000000005,6.0,18.43919,-0.21637179999999998
-164.8505,-58.721090000000004,6.0,12.63527,-0.4021055
-163.678,-68.89873,6.0,19.67427,0.6713960999999999
-146.499,-71.90939,6.0,31.306390000000004,1.146819
-121.3098,-80.02060999999999,6.0,41.23273,0.6569853
-109.7325,-104.4834,6.0,34.883720000000004,-0.571671
-116.6232,-118.1054,6.0,11.08526,-0.2934147
-120.5547,-128.2059,6.0,19.93045,-0.2348512
-131.7887,-134.1373,6.0,19.64186,0.2166748
-143.7265,-124.1032,6.0,24.91806,0.23731300000000002
-147.7333,-106.8539,6.0,13.877670000000002,-2.124882
-152.47799999999998,-102.6566,6.0,9.768324,0.6522356
-162.32299999999998,-101.456,6.0,16.15863,-0.4246394
-167.1113,-112.9505,6.0,22.26706,1.044114
-168.5865,-134.5455,6.0,35.87856,0.9401788000000001
-168.514,-165.6281,6.0,47.41871,0.35665490000000005
-165.2877,-204.1101,6.0,54.477340000000005,-0.9032049999999999
-163.4409,-240.2632,6.0,41.34693,-2.439294
-150.6718,-258.0546,6.0,25.119320000000002,-0.6039045
-135.2705,-255.0754,6.0,19.2289,0.27047020000000005
-126.2676,-240.8814,6.0,26.37524,0.38781479999999996
-125.4385,-219.4195,6.0,31.73948,0.3826044
-128.8241,-194.3875,6.0,33.0962,-0.7174954000000001
-120.8244,-182.192,6.0,18.79725,0.35078259999999994
-107.0656,-188.1714,6.0,23.41807,0.30650340000000004
-102.5469,-206.5269,6.0,28.5664,0.3985043
-104.7243,-229.6749,6.0,34.02747,0.39217290000000005
-104.7041,-256.5781,6.0,38.62143,0.1697563
-85.24553,-272.6949,6.0,33.609,-0.9046714
-64.11010999999999,-268.0362,6.0,25.44955,-0.5088482
-51.1754,-257.6134,6.0,25.13157,0.350655
-46.79827,-236.4258,6.0,32.09669,0.3805896
-43.640440000000005,-210.8674,6.0,37.36927,0.18167329999999998
-35.727470000000004,-183.0349,6.0,40.78196,0.0019303620000000001
-12.03435,-163.935,6.0,37.88472,-0.2787055
1.40602,-153.6383,6.0,13.45629,-0.1722297
8.303224,-147.6875,6.0,12.473139999999999,0.2905995
12.837489999999999,-137.7899,6.0,18.69207,0.635545
6.232817,-122.6917,6.0,28.042759999999998,1.041091
-6.624039999999999,-100.3736,6.0,42.17114,0.4769685
-9.385278,-64.38175,6.0,55.0023,0.4119991
-2.8008759999999997,-21.04372,6.0,61.798719999999996,0.43386890000000006
-4.242534,16.584789999999998,6.0,31.7418,-3.071942
-10.63532,32.15844,6.0,22.1122,0.4226339
-25.90814,43.17307,6.0,31.0729,0.7954201999999999
-53.85909,45.19812,6.0,45.4436,1.10365
-92.87094,43.57204,6.0,59.27095,0.8949440000000001
-123.2816,40.13503,6.0,17.73977,-2.3060110000000003
-133.2678,38.128479999999996,6.0,14.92182,1.040853
-145.804,29.808690000000002,6.0,24.20148,0.1305783
-147.2025,10.19787,6.0,29.41896,0.39534240000000004
-142.7837,-13.268889999999999,6.0,34.8268,0.17167520000000003
-141.9182,-34.422990000000006,7.0,7.172386,0.5534781999999999
-143.18,-42.20949,7.0,13.98688,0.43981970000000004
-151.4365,-51.27735,7.0,19.90219,0.4053369
-165.6727,-59.26156999999999,7.0,22.70001,-0.5810460999999999
-166.5745,-72.09338000000001,7.0,15.70405,-0.03188302
-155.9133,-77.08074,7.0,18.14238,0.1233638
-141.8849,-73.49126,7.0,20.19483,0.1996311
-126.0224,-75.20331,7.0,23.52287,0.46998500000000004
-111.0693,-89.31735,7.0,31.001859999999997,0.23589490000000002
-109.7448,-112.8666,7.0,34.40517,0.09785441
-128.1776,-130.5898,7.0,36.92726,0.05475631
-147.4171,-124.60799999999999,7.0,18.606579999999997,-0.8290402
-143.7109,-116.5058,7.0,10.53841,0.3134297
-145.9373,-105.8669,7.0,17.17411,-0.36926220000000004
-157.3441,-101.5152,7.0,19.61182,0.510559
-166.2329,-112.5347,7.0,19.87494,-0.05201458
-165.9588,-128.3883,7.0,24.81127,0.584879
-168.6042,-151.1123,7.0,37.98542,0.4996691
-169.7594,-184.0932,7.0,50.7367,0.8524876
-169.3409,-223.582,7.0,50.04567,-0.8442014000000001
-159.8391,-250.4155,7.0,29.78428,-0.8398225
-142.1505,-254.2323,7.0,21.758689999999998,-0.1286076
-127.9172,-246.6678,7.0,23.729020000000002,0.31603400000000004
-125.9181,-226.0381,7.0,32.14591,0.3911079
-126.1879,-200.2164,7.0,37.4576,0.3671012
-119.7587,-180.0702,7.0,16.020310000000002,-0.7730503000000001
-110.8323,-185.4054,7.0,19.125329999999998,0.20609270000000002
-109.0561,-201.6702,7.0,25.11808,0.4278696
-108.7024,-222.4214,7.0,30.86822,0.4001304
-107.0303,-247.1368,7.0,35.83064,0.2744473
-90.94107,-268.7609,7.0,38.681979999999996,0.08394808
-63.20024,-269.539,7.0,39.33746,-0.01626371
-49.70621,-244.9844,7.0,40.41382,0.3003005
-47.08985,-213.486,7.0,44.785340000000005,0.17419520000000002
-28.69234,-185.59,7.0,47.60881,0.1826339
-3.8134089999999996,-158.1322,7.0,52.18956,0.7666398
9.241897,-131.5241,7.0,26.394820000000003,-1.7179349999999998
0.6879305,-115.0471,7.0,29.58225,0.2935937
-5.845936,-91.67054,7.0,39.99086,1.269037
-1.599164,-55.66095,7.0,57.53624,0.5639105
-1.461916,-7.878758,7.0,66.72142,-1.038765
-7.113492,33.38446,7.0,40.3698,-2.809457
-27.393109999999997,41.52969,7.0,32.44625,1.185318
-55.66681,40.53945,7.0,41.32148,0.1713044
-88.12216,40.51771,7.0,46.05771,0.1517396
-123.8716,41.24673,7.0,49.6203,-0.1778555
-147.0395,28.381140000000002,7.0,28.00102,0.12352919999999999
-145.5271,6.191841999999999,7.0,32.6257,0.3865927
-145.2569,-19.93234,7.0,37.89289,0.367139
-150.4939,-48.45641,8.0,38.61359,-0.3937631
-167.641,-63.158359999999995,8.0,21.03189,-0.6974236
-161.392,-77.52582,8.0,27.00988,0.15222829999999998
-140.3131,-77.30287,8.0,31.40943,0.3682955
-118.6882,-85.97872,8.0,34.22055,0.13808779999999998
-110.9213,-110.3393,8.0,36.83887,0.0801738
-127.8024,-130.6302,8.0,37.894870000000004,0.02483675
-146.3254,-128.2999,8.0,8.289615,-1.242772
-144.6611,-126.0304,8.0,7.600128,0.5081300999999999
-141.7254,-118.7245,8.0,14.23218,0.4547057
-147.2501,-107.4577,8.0,20.25139,0.20148729999999998
-162.1799,-103.4113,8.0,23.5049,0.01878342
-167.516,-119.6008,8.0,26.74135,0.4170632000000001
-167.3777,-141.4243,8.0,32.119859999999996,0.1946604
-171.2088,-166.8522,8.0,37.25743,0.33011890000000005
-169.4342,-196.2866,8.0,42.07053,0.1599739
-168.3963,-229.1715,8.0,46.71213,0.28824190000000005
-153.8075,-255.6017,8.0,37.29911,-0.01105312
-133.0589,-249.7933,8.0,27.600279999999998,0.3841
-127.0302,-228.3696,8.0,33.28777,0.4053653
-127.1426,-201.78599999999997,8.0,38.46403,0.1810759
-118.6192,-180.013,8.0,19.96213,-0.8103441
-108.6947,-184.9866,8.0,18.349529999999998,0.3713068
-106.8761,-200.5833,8.0,24.30409,0.2163449
-106.2615,-220.8364,8.0,30.12908,0.4327219
-105.0846,-245.1174,8.0,35.37041,0.16547060000000002
-91.59306,-268.0148,8.0,38.039429999999996,0.07462095
-64.66676,-269.8461,8.0,38.56621,0.1356064
-48.45306,-246.8742,8.0,40.274429999999995,0.270511
-45.829809999999995,-215.4603,8.0,44.86132,0.27619720000000003
-30.231509999999997,-186.6583,8.0,46.44108,0.1602802
-5.411763,-160.5542,8.0,50.74309,0.28427990000000003
8.824311999999999,-130.4479,8.0,37.06747,-1.0064819999999999
-3.795208,-107.8091,8.0,40.032340000000005,0.1950772
-4.316732,-79.22923,8.0,41.31289,0.3384626
-1.307609,-47.019459999999995,8.0,45.90795,0.33285990000000004
-1.594922,-11.384960000000001,8.0,50.31733,0.1528424
-4.877912,26.777659999999997,8.0,48.41505,-1.761422
-22.73861,42.78318,8.0,18.6752,-2.594741
-26.4198,39.515879999999996,8.0,7.268163,0.49981149999999996
-32.9465,37.62194,8.0,13.550220000000001,0.1109087
-41.675129999999996,46.324740000000006,8.0,19.753120000000003,0.18443610000000002
-48.02988,48.58654,8.0,0.02409548,0.01599408
-48.05239,48.47285,8.0,1.567437,0.5073065
-48.39951,45.59838,8.0,5.29866,0.04289684
-47.085370000000005,43.239670000000004,8.0,0.7213767,0.747694
-50.486059999999995,45.49045,8.0,10.07831,0.33893579999999995
-60.998090000000005,45.80813,8.0,18.71695,0.6141345
-77.83563000000001,43.798840000000006,8.0,26.865840000000002,0.2861901
-100.4963,42.1729,8.0,34.44887,0.5207731
-128.4257,43.56937,8.0,40.13384,-0.07785097
-144.4773,22.35748,8.0,39.49623,0.5165548
-145.5998,-10.10679,8.0,48.11854,0.27722959999999996
-141.9688,-34.088229999999996,9.0,2.905814,-0.06162664
-142.4473,-36.751979999999996,9.0,8.671649,0.6785336
-145.9229,-45.44122,9.0,13.673670000000001,-0.10726569999999999
-152.4956,-51.546620000000004,9.0,11.43243,0.21204220000000001
-162.0383,-54.666030000000006,9.0,12.87053,-0.2268215
-166.8884,-60.995619999999995,9.0,9.901396,0.07432877
-161.9899,-70.81703,9.0,21.162110000000002,0.18562889999999999
-148.5088,-73.34264,9.0,16.98769,-0.24899720000000003
-136.749,-73.1377,9.0,17.8962,1.198134
-120.4306,-79.47156,9.0,25.6225,0.08029799
-108.971,-94.61908000000001,9.0,26.4883,0.008980281
-107.8105,-111.2877,9.0,13.06632,-0.09031862
-110.3529,-119.6587,9.0,11.432269999999999,0.8133236
-117.8561,-130.8354,9.0,21.498170000000002,-0.147361
-131.0688,-134.933,9.0,17.02759,-0.14466320000000002
-141.3128,-129.3627,9.0,18.33458,0.6406158000000001
-147.6208,-112.9736,9.0,27.85825,0.5576469000000001
-156.1618,-99.79607,9.0,15.50185,-0.3697581
-164.4905,-103.3331,9.0,14.22356,0.4796866
-167.7848,-119.2368,9.0,29.426709999999996,0.5225273
-168.7953,-146.0691,9.0,42.07569,0.5224698
-167.50799999999998,-179.1415,9.0,46.778,0.09254579
-164.1872,-213.4395,9.0,43.39931,-0.5760441999999999
-162.4,-240.9456,9.0,28.541990000000002,-0.45856769999999997
-153.2845,-256.6027,9.0,22.23159,-0.35214809999999996
-139.6373,-259.70099999999996,9.0,17.33778,0.07879757
-128.4845,-247.5795,9.0,29.81697,0.5371382
-125.4631,-221.8932,9.0,37.063959999999994,-0.26807220000000004
-128.7397,-198.9905,9.0,21.36971,-0.7720212
-127.458,-187.3931,9.0,13.84786,-0.2601042
-118.6598,-181.6465,9.0,18.79271,0.32527659999999997
-106.3546,-186.1884,9.0,16.18971,-0.3307986
-102.5451,-197.7761,9.0,21.96688,0.6000924
-103.5405,-219.2738,9.0,34.504690000000004,0.30095479999999997
-106.1,-246.4446,9.0,36.64954,-0.1750243
-95.63219000000001,-269.2313,9.0,32.96167,-0.10875410000000002
-72.24818,-272.069,9.0,32.55638,-0.05029554
-53.36317,-258.4421,9.0,32.97099,0.1585094
-47.4052,-233.5967,9.0,35.80772,0.07613471
-43.15457,-206.8457,9.0,35.64186,-0.15802360000000001
-35.37041,-183.2762,9.0,31.229670000000002,-0.1947766
-20.66783,-168.503,9.0,25.3624,-0.36396059999999997
-6.532874,-158.8615,9.0,21.31273,-0.0765605
5.433657,-150.666,9.0,17.95327,0.1400728
12.668289999999999,-138.0331,9.0,23.32137,0.2614931
5.118302,-121.0162,9.0,28.42032,0.2703427
-6.657030000000001,-102.9738,9.0,29.71708,0.05478893
-10.995,-81.13895,9.0,30.78935,0.34586409999999995
-9.832798,-56.7683,9.0,34.61825,0.1309235
-5.393055,-30.96067,9.0,35.98754,0.03398488
-1.878982,-4.248615,9.0,35.68437,-0.2700964
-4.502048,17.70693,9.0,24.444589999999998,-0.579257
-9.91821,32.03457,9.0,18.971429999999998,0.8944169
-24.414820000000002,43.05042,9.0,28.9683,0.2313165
-48.26849,44.553259999999995,9.0,35.96,0.5311284000000001
-77.51642,44.184670000000004,9.0,43.04981,0.49203559999999996
-111.7982,42.11725,9.0,48.29289,-0.06773907
-140.9043,35.61574,9.0,34.29405,0.4853302
-145.4056,11.90718,9.0,36.62273,0.4230207
-141.7816,-17.34021,9.0,41.79488,-1.207427
-144.681,-38.49385,10.0,16.94334,-0.129699
-151.2117,-50.272290000000005,10.0,19.786739999999998,-0.32921009999999995
-162.6883,-56.46291,10.0,15.861979999999999,-0.1539983
-166.8076,-65.15016999999999,10.0,14.71065,0.658589
-157.5662,-73.12143,10.0,17.83183,0.02244046
-144.0178,-72.47865999999999,10.0,18.067610000000002,-0.08972793
-130.1619,-74.98685,10.0,23.99459,0.2917147
-113.1527,-86.16994,10.0,31.099529999999998,0.4420812
-107.5656,-109.9329,10.0,36.58403,0.27667559999999997
-118.0471,-129.5813,10.0,23.99858,-0.3885847
-133.0667,-133.6081,10.0,18.97131,-0.3502409
-143.3575,-125.7578,10.0,20.88949,0.31406799999999996
-147.9603,-108.7996,10.0,23.00414,-0.6707850000000001
-151.6179,-103.3052,10.0,7.410389,1.368945
-159.4695,-100.5666,10.0,15.15019,0.22908850000000003
-167.1748,-110.4439,10.0,21.34096,0.5013134
-168.445,-128.9074,10.0,28.43334,0.2385585
-168.8774,-152.5876,10.0,34.84811,0.3184794
-168.1026,-179.7528,10.0,38.59838,0.31551440000000003
-165.24900000000002,-208.7575,10.0,37.5428,-0.5954897
-163.8436,-233.7178,10.0,30.20402,-0.2508023
-158.2963,-252.2834,10.0,23.08277,-0.44440559999999996
-144.3935,-259.7193,10.0,23.69509,0.07965518
-130.3752,-250.7003,10.0,24.93631,0.29779920000000004
-124.6474,-231.7838,10.0,28.43396,0.09607182
-126.87899999999999,-209.8726,10.0,29.046129999999998,-0.47712790000000005
-127.9836,-193.5824,10.0,16.42354,-0.1581239
-125.0469,-183.8848,10.0,11.83971,-0.1117191
-114.8194,-182.1696,10.0,17.51185,0.2653262
-104.2225,-189.3187,10.0,18.2827,0.139587
-103.272,-203.5724,10.0,20.726999999999997,0.17233510000000002
-104.2909,-219.5553,10.0,21.78839,-0.00957708
-105.7205,-237.0857,10.0,27.14364,0.4839562
-104.3526,-258.5796,10.0,29.80025,-0.07396799999999999
-87.98758000000001,-272.4409,10.0,33.86789,0.6807023
-61.4973,-267.6486,10.0,38.666140000000006,-0.001407663
-49.16768,-243.0492,10.0,40.76441,0.6100839
-44.54482,-211.6313,10.0,42.58915,-0.6339323
-35.695,-184.8433,10.0,33.8918,-0.5755234
-20.450789999999998,-168.8326,10.0,26.69192,-0.23955
-7.624300999999999,-159.7924,10.0,13.31577,-0.13328299999999998
1.837437,-153.1569,10.0,20.83662,0.6105464
11.99597,-142.79399999999998,10.0,20.60676,0.4787512
8.903369999999999,-125.49,10.0,28.20216,0.2128748
-5.32428,-107.4323,10.0,33.95635,0.4031121
-10.3795,-82.73533,10.0,31.167659999999998,-0.5109894
-9.278446,-58.28759,10.0,36.25673,0.46679560000000003
-5.505878,-29.319609999999997,10.0,42.43122,0.42885850000000003
-1.9432080000000003,3.947947,10.0,47.87382,0.15147339999999998
-12.477310000000001,35.772259999999996,10.0,42.80543,-0.073282
-42.63263,45.1548,10.0,45.555479999999996,0.3417328
-78.38538,44.30446,10.0,50.93262,0.3818776
-117.0548,40.92201,10.0,48.86626,-0.7197008
-145.122,31.06275,10.0,38.25525,-0.1977743
-144.9687,4.7537400000000005,10.0,38.96821,0.45916890000000005
-142.2992,-25.19142,10.0,38.640229999999995,-2.312864
-151.1432,-49.05749,11.0,35.69092,0.1084605
-169.4671,-67.79977,11.0,30.61938,-0.7252209
-162.5596,-80.79023000000001,11.0,19.6568,-0.01840913
-149.9797,-70.84814,11.0,24.78045,0.2430192
-131.3309,-74.32955,11.0,29.64602,0.23599859999999998
-113.6913,-89.1588,11.0,29.57163,-0.1803474
-109.9793,-112.5164,11.0,35.21056,-0.18600479999999997
-122.6751,-130.8837,11.0,26.7906,0.25484589999999996
-142.0454,-127.1624,11.0,31.14412,-0.05413716
-146.0247,-105.7462,11.0,18.15694,-3.009662
-153.8622,-100.6181,11.0,18.3196,0.8650403
-166.2351,-109.2214,11.0,24.63266,0.16632950000000002
-166.0089,-129.7423,11.0,31.06985,0.22181079999999997
-168.3553,-155.046,11.0,37.39855,0.21949029999999997
-166.5773,-184.8772,11.0,43.375820000000004,0.41644549999999997
-163.8468,-219.0145,11.0,48.097879999999996,-0.3737953
-159.0363,-249.7962,11.0,33.48127,-1.409515
-141.0269,-259.9012,11.0,30.29053,0.09784230000000001
-127.3348,-244.3781,11.0,31.9772,0.2305451
-125.8045,-218.3596,11.0,38.02834,0.21383760000000002
-127.5178,-191.2779,11.0,33.8848,0.30949940000000004
-112.4648,-180.2687,11.0,25.30335,-0.2002322
-107.4268,-196.5972,11.0,27.39825,0.23151970000000002
-105.5368,-219.0679,11.0,33.59258,0.41881899999999994
-107.1058,-246.1962,11.0,39.48255,0.29452890000000004
-92.43998,-270.7105,11.0,39.364329999999995,-0.29431
-63.29371999999999,-268.4584,11.0,42.15465,0.038208400000000003
-47.97382,-243.1679,11.0,43.11401,0.43593190000000004
-43.12155,-209.4251,11.0,48.77531,0.1935941
-28.2214,-175.7007,11.0,51.69173,-0.24246679999999995
-2.811401,-157.7453,11.0,34.53435,0.4132379
11.61112,-141.06799999999998,11.0,26.01002,-0.62322
7.919886999999999,-124.0988,11.0,25.87894,0.22243249999999998
-4.576501,-106.545,11.0,32.14082,0.1960439
-9.956717999999999,-81.12711,11.0,38.29719,0.43760730000000003
-8.572803,-50.65112,11.0,44.08421,0.4207478
-2.548476,-16.438129999999997,11.0,49.67199,0.3895886
-5.1908080000000005,21.71613,11.0,52.2652,-1.169072
-29.190459999999998,45.25721,11.0,46.15748,-0.09319834
-64.66266,42.81654,11.0,50.53457,0.3865765
-104.0232,41.40494,11.0,55.83095,0.38963990000000004
-139.8324,35.2299,11.0,43.39317,-0.1720985
-148.6735,8.320364,11.0,40.609770000000005,0.173959
-142.1548,-22.99086,11.0,45.53837,0.1050894
-150.9123,-49.65668,12.0,29.531990000000004,-1.1907729999999999
-168.0599,-60.04224,12.0,27.0742,-0.16274439999999998
-159.1281,-72.29968000000001,12.0,24.63637,0.20688289999999998
-138.5765,-71.7129,12.0,31.028440000000003,0.405444
-116.3124,-82.62635,12.0,36.4437,0.14222479999999998
-106.7442,-108.0661,12.0,37.4415,-1.530628
-118.5375,-126.8234,12.0,28.30984,0.0844539
-135.7509,-132.8908,12.0,21.628510000000002,-0.5745615
-146.1101,-120.4564,12.0,26.22733,0.5094313
-152.6141,-102.2399,12.0,22.65576,-0.6326144
-165.9176,-104.8936,12.0,20.7606,0.4669487
-167.3041,-124.8056,12.0,34.29037,0.5108229000000001
-168.9856,-152.3746,12.0,40.242940000000004,0.3678297
-166.8704,-184.3215,12.0,45.948879999999996,0.2001865
-164.7969,-220.3916,12.0,51.47071,0.23989339999999998
-157.3987,-253.2688,12.0,38.73198,-1.52673
-136.9131,-255.1667,12.0,28.440309999999997,0.2021891
-127.7709,-234.6755,12.0,33.29854,0.2387806
-126.2033,-207.9133,12.0,36.74596,-1.420232
-125.2597,-183.8972,12.0,31.10254,-0.6118022
-107.6269,-184.5322,12.0,24.96221,-0.1753239
-110.0115,-203.3148,12.0,28.938290000000002,0.42883009999999994
-109.7315,-227.1853,12.0,35.42747,0.4592593
-105.1538,-255.2808,12.0,41.31882,0.2687797
-82.8645,-271.9186,12.0,39.52514,0.18211629999999998
-53.578990000000005,-263.0074,12.0,42.93267,-0.7954015
-47.492340000000006,-237.7602,12.0,32.565870000000004,-0.47798789999999997
-53.18255,-220.1956,12.0,10.93112,-0.4657314
-53.25075,-215.4815,12.0,3.931863,-0.43565509999999996
-52.97339,-215.8636,12.0,5.080719,0.35313190000000005
-47.47607,-218.7335,12.0,12.624889999999999,0.24068620000000002
-42.08489,-210.11,12.0,14.10945,-0.27893670000000004
-41.506370000000004,-199.6372,12.0,18.52231,0.2742364
-37.02874,-183.9917,12.0,25.51892,0.2303009
-22.55834,-168.6145,12.0,31.9251,0.47103770000000006
-0.3714711,-155.0439,12.0,37.8912,-0.1862584
12.44158,-133.4147,12.0,29.51545,-0.9324636999999999
0.9642742,-113.6104,12.0,37.68655,1.286753
-10.316989999999999,-82.41541,12.0,51.72036,0.27914970000000006
-6.806681,-42.68158,12.0,56.338730000000005,0.3707597
-2.222693,0.2977962,12.0,58.05795,-0.7654173000000001
-9.672182000000001,30.691090000000003,12.0,33.01952,1.333704
-30.97983,45.4056,12.0,37.783429999999996,0.25347020000000003
-60.70415,44.26037,12.0,43.093109999999996,0.4126903
-94.7395,43.59625,12.0,48.68605,0.19488529999999998
-131.4024,39.43772,12.0,47.702729999999995,-0.48639259999999995
-153.1922,19.97051,12.0,24.95147,-1.552692
-153.7794,12.56124,12.0,1.201115,0.37565879999999996
-149.7896,12.0449,12.0,9.695936,0.5346156999999999
-146.4495,3.084215,12.0,17.32045,0.5570478
-144.6733,-12.41583,12.0,24.600179999999998,0.2496431
-142.1047,-32.97551,12.0,31.27611,0.42761570000000004
-142.8092,-38.31728,13.0,11.02335,0.28562750000000003
-148.505,-47.61302,13.0,18.586389999999998,0.25770329999999997
-162.5,-56.04082,13.0,25.29707,0.1485675
-165.6668,-71.11877,13.0,18.84199,-0.2523277
-153.8172,-76.17798,13.0,20.13253,0.4175665
-139.0182,-72.40302,13.0,18.68223,-0.3649516
-123.4684,-75.178,13.0,25.21115,0.2375569
-109.429,-89.95297,13.0,30.99367,0.3919
-108.9072,-114.0796,13.0,35.52163,0.2817079
-128.9765,-131.8515,13.0,38.724920000000004,-0.03040616
-146.0195,-125.191,13.0,14.615620000000002,-0.9583441999999999
-141.8752,-123.0463,13.0,9.774375,0.5791708000000001
-138.9386,-122.5211,13.0,4.2992349999999995,0.5813159999999999
-144.1002,-124.9881,13.0,9.977373,-0.1280252
-145.5242,-129.1603,13.0,0.6001797,-0.7048114000000001
-144.803,-126.2252,13.0,8.699686,0.6527824000000001
-140.5008,-117.7017,13.0,16.897779999999997,0.27635859999999995
-143.8567,-103.499,13.0,23.84679,0.45926320000000004
-160.4835,-99.43768,13.0,23.96919,-0.2803349
-167.1661,-115.2846,13.0,28.44026,0.5174997
-167.6801,-138.9641,13.0,35.47748,0.4997737
-167.7563,-167.8616,13.0,42.10795,0.2190955
-167.9422,-201.3829,13.0,48.36865,0.4438061
-166.43900000000002,-238.9248,13.0,49.73761,-1.288229
-142.4673,-257.7133,13.0,40.25423,-0.6925153000000001
-127.35700000000001,-242.6282,13.0,31.269990000000004,0.5605437
-127.6994,-215.7236,13.0,40.97852,0.23361839999999998
-126.9333,-188.96200000000002,13.0,21.37979,-2.342254
-118.86200000000001,-181.5975,13.0,15.4037,0.5706241
-107.3415,-188.3913,13.0,23.06748,0.46842659999999997
-105.0134,-207.6193,13.0,29.89984,0.24523789999999998
-108.0985,-232.1731,13.0,36.74842,0.4069992
-99.67164,-259.5577,13.0,41.74218,0.2988357
-72.78656,-272.475,13.0,42.62658,0.0154392
-50.685390000000005,-252.6543,13.0,42.67807,0.06747588
-48.06139,-219.4295,13.0,46.21716,-0.4151947
-36.88588,-190.0509,13.0,44.04177,0.3859616
-13.18791,-164.722,13.0,49.86015,0.2012028
8.983374000000001,-134.6114,13.0,47.05839,-1.184831
-0.5275643,-108.323,13.0,33.428290000000004,-0.6081605999999999
-8.431888,-89.54843000000001,13.0,31.290979999999998,0.24559120000000004
-5.939031,-63.9442,13.0,38.13436,0.2500092
-5.239047,-33.2776,13.0,44.640859999999996,0.4644265
-3.728454,2.053048,13.0,50.69004,0.4057239
-12.48579,35.8526,13.0,39.29833,-1.0026950000000001
-32.36087,39.60263,13.0,18.29476,-1.672084
-35.08509,32.58318,13.0,0.1545835,0.28758829999999996
-35.13824,32.591,13.0,0.06280014,0.03865927
-35.09394,32.76614,13.0,2.255139,0.6692677
-34.00178,37.30461,13.0,10.0906,0.48099
-32.34972,43.97195,13.0,4.674801,-0.7354528
-32.4945,44.00592,13.0,4.325751,0.5883341
-37.59534,41.17177,13.0,12.07625,0.2896882
-48.828070000000004,44.2919,13.0,19.337670000000003,0.5029662
-65.61288,44.870509999999996,13.0,26.00768,0.24403339999999998
-87.07039,41.98703,13.0,32.33878,0.4096785
-113.2091,43.00134,13.0,38.06623,0.17876689999999998
-140.1953,33.18602,13.0,38.762409999999996,-0.2499536
-147.7563,6.610896,13.0,40.4418,0.3987469
-144.5444,-25.14953,13.0,45.67091,0.218604
-153.3312,-53.75188000000001,14.0,32.39383,-0.7526457
-162.5507,-69.35225,14.0,23.217229999999997,0.3914654
-145.7284,-75.68258,14.0,28.576159999999998,0.2382386
-123.4823,-80.36916,14.0,33.48766,0.1700023
-109.5832,-101.7067,14.0,36.962540000000004,0.07733138
-120.0187,-126.6571,14.0,39.01897,0.03864682
-143.3662,-128.8718,14.0,25.3751,-1.137282
-145.7256,-120.0671,14.0,1.3312469999999998,-0.04270974
-146.6183,-119.0884,14.0,1.898626,-0.007202939
-147.4344,-118.1234,14.0,1.4656719999999999,-0.02951536
-149.009,-117.2944,14.0,4.100332,-0.05941195
-150.9206,-117.4643,14.0,1.306806,0.7420179
-147.3942,-115.0338,14.0,10.18985,0.6083044
-144.8961,-105.3057,14.0,17.86135,0.2356259
-156.4717,-96.67938000000001,14.0,23.385189999999998,0.2261083
-167.9725,-109.2828,14.0,27.33975,0.1809269
-166.2773,-131.9952,14.0,34.2125,0.24442510000000003
-166.7239,-159.8809,14.0,41.039120000000004,0.4831653
-167.1439,-192.6871,14.0,47.45771,0.477083
-166.425,-229.9853,14.0,52.05787,-0.31828690000000004
-150.4855,-254.21599999999998,14.0,28.51415,-2.205219
-141.7068,-251.9993,14.0,4.570344,-0.1316736
-141.0704,-249.5779,14.0,3.379475,0.7306210999999999
-136.047,-248.1743,14.0,11.07923,0.24054270000000003
-126.6521,-251.8013,14.0,13.03536,-0.3522482
-120.9903,-247.2264,14.0,11.25411,0.2954687
-123.6787,-235.8037,14.0,20.20881,0.293742
-126.5741,-218.1907,14.0,27.865609999999997,0.5391465
-127.8339,-194.8812,14.0,34.99613,0.38544190000000006
-114.1637,-178.9871,14.0,25.938670000000002,-0.5470304
-105.2867,-192.9519,14.0,30.886409999999998,1.357985
-107.4525,-223.358,14.0,50.98963,0.6551433000000001
-97.09232,-262.0261,14.0,51.33935,-0.6326373000000001
-65.91632,-271.0177,14.0,46.629259999999995,-0.1641734
-48.0965,-246.25099999999998,14.0,43.43537,0.2361665
-47.6179,-212.4311,14.0,47.92008,0.1931928
-27.809509999999996,-181.3245,14.0,52.63126,0.1694408
1.348211,-152.6517,14.0,56.0805,-0.2695956
8.223557000000001,-122.266,14.0,29.90121,-0.8915395
-3.551032,-105.9197,14.0,28.968490000000003,0.21748360000000003
-5.504507,-82.25247,14.0,35.59472,0.24586799999999998
-3.1720990000000002,-53.452130000000004,14.0,42.35761,0.4825754
-2.214339,-19.665689999999998,14.0,48.6854,0.46416430000000003
-4.064374,18.36371,14.0,51.918690000000005,-1.085807
-24.78835,42.38384,14.0,43.15443,-0.09901557
-58.207240000000006,40.47099,14.0,47.99823,0.2145005
-95.99348,40.28383,14.0,53.94911,0.412312
-133.8631,39.126709999999996,14.0,41.68574,-0.9810781
-145.2992,23.241239999999998,14.0,11.608089999999999,-2.630697
-143.2271,23.142020000000002,14.0,6.243474,-0.20830079999999998
-141.2041,25.591079999999998,14.0,0.3520995,-1.12551
-143.4938,22.77409,14.0,8.436036,0.365027
-149.0982,21.84254,14.0,3.954508,-0.39581809999999995
-148.4391,21.41749,14.0,5.824529,0.6661012
-143.186,15.99479,14.0,14.6145,0.2713359
-140.7827,2.49795,14.0,22.77528,0.2972796
-142.1661,-17.32844,14.0,30.60815,0.2836546
-141.8354,-35.61768,1.0,5.673318,-0.07171809
-142.5869,-43.139790000000005,1.0,14.8943,0.6129034000000001
-151.3262,-53.81977,1.0,23.126070000000002,0.5939171999999999
-163.1371,-67.89013,1.0,27.06659,-0.2256554
-149.7034,-75.53872,1.0,24.007189999999998,0.20274479999999998
-136.4635,-68.99039,1.0,7.123422,-2.589522
-135.863,-68.27883,1.0,0.02635022,0.00025033849999999997
-135.8442,-68.28159000000001,1.0,0.02521475,-0.0006149326
-135.828,-68.2836,1.0,0.01543808,0.00010711709999999999
-136.0872,-69.95129,1.0,4.431248,0.1199358
-135.6739,-73.26331,1.0,4.240083,-0.06618121
-136.3046,-75.94809000000001,1.0,3.4936059999999998,-0.01434626
-136.13,-75.99347,1.0,4.856423,0.6532859000000001
-129.4133,-75.16073,1.0,13.686620000000001,0.32259
-118.7593,-81.75525999999999,1.0,21.21675,0.5678810000000001
-111.1869,-98.7663,1.0,28.87374,0.2436578
-114.4615,-121.4222,1.0,34.52057,0.3542993
-136.5252,-133.0341,1.0,32.445029999999996,-1.426509
-146.3214,-119.7078,1.0,21.86091,-0.04794505
-138.4575,-108.8311,1.0,2.9576849999999997,-1.275266
-138.4581,-108.7221,1.0,0.01966682,-0.04872798
-138.4588,-108.7387,1.0,0.02167487,-0.01235796
-140.8843,-108.1112,1.0,7.693919999999999,0.3631818
-145.5894,-110.62,1.0,3.594614,-0.7736098000000001
-144.8685,-109.0423,1.0,6.9453309999999995,0.6146871
-145.8888,-101.1416,1.0,15.179429999999998,0.554416
-156.9774,-95.76041,1.0,16.67713,-0.19496670000000002
-165.3055,-102.5208,1.0,17.9647,1.246345
-167.5994,-121.2121,1.0,31.928309999999996,0.8438283999999999
-166.7677,-147.3122,1.0,40.21904,0.3711974
-164.4898,-174.3656,1.0,33.29374,-0.49414179999999996
-167.9954,-197.731,1.0,36.240190000000005,1.355956
-166.5828,-226.7928,1.0,36.94376,-0.2865205
-158.9139,-248.4282,1.0,26.658,-0.8134307
-139.5555,-249.6934,1.0,29.66559,0.23336239999999997
-121.9503,-237.5737,1.0,25.42447,-0.5340732
-130.491,-222.6556,1.0,25.340320000000002,-0.4341992
-124.4322,-208.1404,1.0,20.86027,-0.24449110000000002
-124.4715,-194.9251,1.0,17.73975,-0.3293463
-121.1712,-184.8361,1.0,15.80444,0.8838853000000001
-110.9968,-189.7669,1.0,16.40586,-0.2779802
-110.1009,-200.7438,1.0,13.93798,-0.0451125
-109.5674,-213.24200000000002,1.0,20.9359,0.2855523
-107.6569,-231.5379,1.0,28.6218,0.5216156
-102.3863,-254.6329,1.0,35.28739,0.378806
-81.48244,-271.1393,1.0,38.88898,0.15250279999999997
-56.32285,-259.9876,1.0,39.62571,0.04986857
-51.68164,-230.6821,1.0,43.10098,0.35209159999999995
-39.101290000000006,-199.6232,1.0,48.05388,0.15433260000000001
-14.77733,-170.9369,1.0,53.73529,0.4191706
8.934597,-136.6251,1.0,58.21249,-0.31685100000000005
10.92437,-107.2035,1.0,16.62236,-2.489706
9.858344,-104.2995,1.0,0.5566937,-0.09731487
10.0979,-104.4667,1.0,2.993443,0.5320613000000001
13.81819,-106.7925,1.0,8.355338,0.1473949
18.405279999999998,-106.9594,1.0,1.848718,-0.35219829999999996
16.47533,-107.5548,1.0,7.1082,0.3152312
8.903279,-111.0821,1.0,15.043170000000002,0.2924369
-0.1579911,-106.4129,1.0,18.93176,0.4812444
1.106806,-89.89703,1.0,25.63855,0.37825549999999997
-4.512124,-69.15184,1.0,32.40548,0.2254461
-5.8271809999999995,-42.64155,1.0,39.097,0.2232573
-6.395891000000001,-11.3127,1.0,45.4178,0.4399159000000001
-7.216716,24.2271,1.0,46.96784,-1.611747
-19.13417,44.485040000000005,1.0,16.572429999999997,-1.455503
-28.33642,39.06524,1.0,17.982039999999998,0.5058225000000001
-43.97692,38.88081,1.0,25.08744,0.5217635
-65.1086,39.62709,1.0,32.13063,0.2531908
-91.46833000000001,39.692479999999996,1.0,38.89294,0.2251013
-122.6573,40.62223,1.0,44.54248,-0.6018883
-144.1678,30.74442,1.0,22.24689,-0.7872455
-140.1909,24.75272,1.0,9.170993,0.5319573000000001
-137.7517,24.25277,1.0,0.06779427,0.004091201
-137.7516,24.21056,1.0,0.04468696,-0.0472408
-139.8639,24.620079999999998,1.0,6.888953,0.5872144
-146.7919,24.18372,1.0,10.98794,-0.02423919
-151.1671,25.40708,1.0,1.1367690000000001,-0.683233
-149.1734,24.17659,1.0,7.334736,0.2982341
-147.3086,16.435670000000002,1.0,14.82233,0.5070968
-152.0014,3.99171,1.0,21.04503,0.39696770000000003
-147.85299999999998,-13.47233,1.0,27.61024,0.47393159999999995
-146.2037,-36.17225,2.0,33.77948,0.3414663
-161.4449,-53.33425,2.0,33.15106,-0.134212
-163.6319,-71.40701,2.0,21.902179999999998,-1.1854209999999998
-156.2386,-69.65274000000001,2.0,8.776978999999999,0.1950507
-155.7006,-68.52756,2.0,0.05582127,0.01130688
-155.7089,-68.61949,2.0,1.4691370000000001,0.3011288
-156.27200000000002,-71.72694,2.0,5.143361,-0.05109574
-156.923,-75.01632,2.0,2.131224,-0.7683241
-155.3975,-73.64792,2.0,7.528897,0.6585635999999999
-146.9892,-74.22292,2.0,16.14378,0.6149588
-135.0087,-81.87095,2.0,19.68049,-0.30178920000000004
-122.3113,-85.66038,2.0,17.99111,0.42034579999999994
-111.3287,-100.7409,2.0,31.73948,-0.01904839
-117.369,-122.2784,2.0,33.08598,0.4307428
-138.3694,-130.2229,2.0,27.909290000000002,-1.233935
-143.7352,-117.5947,2.0,21.34696,0.5362906
-140.9928,-103.9201,2.0,18.59137,0.12131769999999999
-155.4166,-102.2875,2.0,20.72842,-0.2236415
-160.9793,-112.9861,2.0,16.5351,-0.15005829999999998
-163.5773,-125.6873,2.0,19.45354,0.30164309999999994
-165.4034,-143.7482,2.0,28.58826,0.5428094
-165.3362,-167.7405,2.0,36.15892,0.26234850000000004
-165.6851,-197.3012,2.0,43.30338,0.2411091
-165.3574,-231.8446,2.0,49.084509999999995,-0.08844952
-155.6806,-250.6165,2.0,22.98616,0.4016217
-136.2026,-251.555,2.0,30.215390000000003,0.37966609999999995
-125.7398,-236.9226,2.0,24.44202,0.21654229999999997
-126.01,-215.72799999999998,2.0,33.8069,0.46059609999999995
-125.9618,-189.6844,2.0,26.09766,-3.267224
-118.4066,-183.97,2.0,13.328420000000001,0.5994855
-110.9147,-192.4102,2.0,20.262970000000003,0.5836819000000001
-109.4426,-210.4289,2.0,28.365059999999996,0.5870791999999999
-106.6263,-234.1072,2.0,35.971959999999996,0.5700849
-96.64769,-261.1565,2.0,41.92334,0.221806
-69.48143,-269.2006,2.0,40.43544,0.12027180000000001
-49.23891,-247.4879,2.0,42.2837,-0.02373299
-48.32798,-214.7219,2.0,47.08775,0.3735082
-30.01918,-184.1329,2.0,51.437470000000005,0.4528939
-2.774784,-154.2872,2.0,57.47676,0.3388236
8.432167,-126.7956,2.0,20.1208,-2.569226
-1.467826,-115.8289,2.0,23.72932,0.5361515
-6.733002000000001,-96.79072,2.0,30.77287,0.2657246
-6.677727,-71.20049,2.0,38.22351,0.5458071999999999
-6.819972,-40.26055,2.0,45.24935,0.5383525
-7.295396,-4.2690980000000005,2.0,51.829640000000005,0.4570879
-10.08526,33.98809,2.0,44.54361,-2.013793
-25.03461,46.12757,2.0,9.711973,-1.349795
-25.52574,43.8438,2.0,7.100314,0.6129988000000001
-31.66171,39.74666,2.0,15.211310000000001,0.2950144
-44.5906,45.76761,2.0,23.20574,0.2344357
-64.03439,44.547670000000004,2.0,30.421740000000003,0.5598481
-89.27593,41.76867,2.0,37.85472,0.2407691
-119.9066,40.71782,2.0,44.82488,0.4595425
-148.0671,29.36463,2.0,31.20392,-1.7699060000000002
-149.5747,18.86407,2.0,1.701532,0.2256471
-145.2737,18.6314,2.0,10.49456,0.5868581
-144.3981,8.616100999999999,2.0,18.51031,0.26069899999999996
-151.1355,-5.888724,2.0,24.65484,0.1559824
-146.1081,-26.17823,2.0,31.809009999999997,0.5311165
-142.8846,-38.8738,3.0,11.80492,-0.09042225
-146.7525,-46.86104,3.0,15.30316,0.9795035
-157.1808,-53.32685,3.0,15.56514,-0.22547889999999998
-166.0045,-57.769890000000004,3.0,11.764569999999999,-0.3418953
-165.47099999999998,-65.1964,3.0,9.85533,1.017902
-157.3489,-72.11913,3.0,18.64944,0.2465875
-140.7541,-72.19582,3.0,26.25405,0.5187066
-121.2541,-80.19626,3.0,27.20604,-0.43735029999999997
-109.6639,-94.0865,3.0,23.36424,0.3745887
-109.0119,-114.0857,3.0,26.18264,-0.2098056
-117.8513,-128.5894,3.0,20.78431,-0.32546820000000004
-133.3519,-133.7002,3.0,24.54499,-0.3114418
-143.8891,-120.5107,3.0,30.21725,1.1707450000000001
-154.4397,-104.1162,3.0,18.697039999999998,-0.9165905999999999
-165.1022,-109.0866,3.0,20.49229,0.2707044
-168.1819,-126.8786,3.0,28.413590000000003,0.2893165
-169.8464,-150.703,3.0,35.882709999999996,0.502328
-167.3994,-179.7514,3.0,42.86955,0.5309849
-164.7408,-213.9188,3.0,49.45997,0.45748940000000005
-161.532,-248.9754,3.0,41.75712,-1.587148
-142.1044,-258.013,3.0,25.2855,-0.27577340000000006
-127.3855,-242.8994,3.0,32.10989,0.31998699999999997
-127.7002,-218.1626,3.0,37.15742,0.4787447
-126.654,-191.9843,3.0,33.60048,-0.8685959999999999
-114.4841,-178.5028,3.0,23.01921,-0.2455798
-109.7081,-191.5718,3.0,23.98057,0.2701344
-105.8438,-211.1119,3.0,30.94466,0.7145066
-105.4108,-233.558,3.0,28.006529999999998,-0.3892992
-104.9616,-255.86,3.0,35.48645,0.349935
-85.7117,-271.8238,3.0,36.323679999999996,0.1527598
-63.651559999999996,-268.8426,3.0,17.28213,-1.0792059999999999
-56.45064,-266.9421,3.0,3.568661,-0.445374
-56.940259999999995,-267.2458,3.0,1.496181,-0.1900869
-56.788340000000005,-267.0687,3.0,3.172885,0.2561058
-54.03078000000001,-263.76,3.0,7.453181,0.14132160000000002
-48.894420000000004,-262.9208,3.0,5.849817,-0.4289739000000001
-48.5688,-263.0224,3.0,4.495419,0.639942
-50.16062,-256.8444,3.0,12.86255,0.5896035
-47.20355,-244.7061,3.0,20.808670000000003,0.5611456
-44.179320000000004,-226.783,3.0,28.20857,0.25180349999999996
-41.499759999999995,-203.3657,3.0,35.223259999999996,0.24040010000000003
-29.20228,-179.4861,3.0,39.59698,0.2389903
-8.669977000000001,-159.3798,3.0,30.08867,-0.8512436
5.13654,-148.5854,3.0,20.60639,-0.3657492
11.774000000000001,-137.3033,3.0,15.67816,-0.3126569
9.292974000000001,-126.3547,3.0,17.86514,0.27349359999999995
-0.34268459999999995,-113.6409,3.0,25.22737,0.5154634
-8.167947,-93.76942,3.0,32.25173,0.491613
-10.402610000000001,-67.68101999999999,3.0,38.6908,0.2205172
-6.613157000000001,-36.81949,3.0,44.994859999999996,0.4461733
-3.4098059999999997,-4.149484999999999,3.0,40.82796,-0.3064314
-4.537271,13.066189999999999,3.0,8.784097000000001,-1.78673
-5.198597,16.940910000000002,3.0,8.506680000000001,0.6525407
-7.455108,26.13468,3.0,16.95616,0.6070479
-16.19117,38.374520000000004,3.0,24.19598,0.2462837
-35.357659999999996,45.06155,3.0,30.850109999999997,0.21475329999999998
-60.79745,44.73301,3.0,37.77636,0.47319540000000004
-91.17546999999999,43.1919,3.0,44.37993,0.4627795
-124.8616,39.85321,3.0,44.03014,-0.5225064
-149.2782,27.21063,3.0,34.82982,-0.06097244
-143.9896,3.7770919999999997,3.0,34.65882,0.1032941
-145.0794,-23.64931,3.0,40.19467,0.2607741
-148.7896,-50.96448,4.0,26.5136,-2.495409
-162.6797,-54.66559,4.0,19.714660000000002,-0.03380724
-166.3832,-66.11421,4.0,21.28345,0.3928828
-150.2448,-72.66761,4.0,27.56785,0.5431799
-128.138,-77.02965,4.0,33.96034,0.442274
-110.1768,-96.57554,4.0,39.043279999999996,0.1264866
-115.3474,-122.9778,4.0,37.52834,-0.01733794
-138.1493,-131.2172,4.0,32.34198,-0.7012795999999999
-144.0708,-111.4549,4.0,31.31539,0.1857483
-153.6791,-98.77945,4.0,16.32415,-0.3583614
-164.77900000000002,-107.2876,4.0,23.61983,0.5064479000000001
-168.8634,-126.9975,4.0,30.880640000000003,0.5631520999999999
-170.0866,-152.3057,4.0,37.63783,0.240997
-167.1927,-182.5816,4.0,44.25908,0.2172978
-163.9428,-217.5206,4.0,49.4485,-0.01760337
-160.7506,-248.3283,4.0,24.80132,-2.8611470000000003
-148.9312,-256.6709,4.0,20.701539999999998,1.13104
-132.7103,-254.3814,4.0,25.145220000000002,0.2002005
-125.8215,-234.4456,4.0,31.8879,0.2460429
-128.1851,-208.9683,4.0,38.0106,0.4287803
-122.3894,-181.3678,4.0,37.30003,-0.8641916999999999
-101.2802,-181.1614,4.0,26.55785,-0.39524440000000005
-105.9623,-194.5377,4.0,22.38433,0.26480390000000004
-114.5532,-201.4766,4.0,2.052403,-1.67403
-114.555,-201.5553,4.0,0.00466044,-0.02169308
-113.6084,-201.7681,4.0,3.947972,0.1713264
-110.0274,-199.7199,4.0,6.226324,-0.7736472
-109.6769,-198.41299999999998,4.0,2.158403,0.5247312
-109.0569,-202.6459,4.0,9.322186,0.2428156
-107.1308,-211.9289,4.0,16.10535,0.49071000000000004
-105.2326,-226.0648,4.0,22.35807,0.2115734
-105.9701,-244.8416,4.0,28.160109999999996,0.3690163
-97.95048,-265.2663,4.0,32.22939,0.08978841
-75.03361,-271.5837,4.0,34.862120000000004,0.2879078
-52.413090000000004,-258.2871,4.0,37.11449,-0.06475843
-49.323879999999996,-230.4659,4.0,40.08623,0.3467906
-42.40975,-200.2402,4.0,44.24961,0.1506485
-22.54615,-173.3025,4.0,46.77595,-0.01888036
0.1656591,-152.9796,4.0,27.977190000000004,-1.88061
11.11251,-141.5259,4.0,17.99196,-0.2524098
10.65824,-128.4653,4.0,23.119229999999998,0.41092429999999996
-1.1571069999999999,-113.3252,4.0,28.59047,0.3264881
-8.743546,-91.59241,4.0,33.73503,0.1755984
-10.44345,-64.87463000000001,4.0,38.73213,0.34976490000000005
-5.642035,-34.80973,4.0,43.46448,0.34922159999999997
-1.450532,-1.234416,4.0,47.67586,0.17511129999999997
-8.839601,30.01159,4.0,27.497159999999997,-1.074188
-25.69059,42.2701,4.0,31.07873,0.164762
-50.41108,43.54874,4.0,36.0748,0.4012693
-78.99779000000001,43.29056,4.0,41.09109,0.1752025
-110.7746,41.07639,4.0,43.22722,-0.1623104
-135.8171,37.67249,4.0,16.06136,-2.4284470000000002
-144.9752,30.45775,4.0,18.86355,0.41980850000000003
-148.0123,14.80631,4.0,24.58611,0.21185860000000004
-144.561,-5.221879,4.0,30.291959999999996,0.210648
-141.7128,-29.4232,4.0,35.0402,-0.1259816
-150.7836,-49.16877,5.0,26.34198,0.3071541
-167.8625,-59.90654,5.0,24.3355,-0.6950682
-161.8057,-69.57655,5.0,16.60473,-0.3967184
-148.3088,-71.17824,5.0,22.381429999999998,0.4354571
-130.114,-75.80292,5.0,28.233929999999997,0.39588909999999994
-111.9281,-88.74556,5.0,32.64212,0.2143496
-109.3572,-112.7696,5.0,34.05198,-0.1061306
-122.8567,-131.8315,5.0,30.422309999999996,-0.9710323000000001
-140.0651,-128.4417,5.0,23.32507,0.131295
-146.3424,-110.7155,5.0,27.980529999999998,0.3482633
-162.0683,-100.6332,5.0,20.931060000000002,-1.442257
-164.56,-111.3089,5.0,16.76406,0.3290949
-166.8243,-126.337,5.0,24.46702,0.9631968000000001
-168.3287,-150.9508,5.0,42.67803,0.6781673
-165.3722,-185.3966,5.0,49.48403,0.15561470000000002
-164.3205,-220.5372,5.0,35.56599,-1.316842
-163.3319,-238.2956,5.0,19.45637,-0.32989050000000003
-159.9324,-250.0129,5.0,14.84489,0.10319080000000001
-149.5867,-258.8694,5.0,23.838420000000003,0.23896689999999998
-131.9587,-253.6176,5.0,30.27187,0.7577713
-125.3548,-227.7491,5.0,40.78863,0.47943820000000004
-128.6504,-200.2659,5.0,24.91903,-2.586706
-125.4896,-186.3612,5.0,16.091070000000002,-0.4962769
-113.2103,-182.2987,5.0,22.85378,0.6419154
-102.6171,-195.4741,5.0,26.87017,0.48900550000000004
-103.3299,-219.0839,5.0,35.71665,0.4175876
-105.6526,-245.9528,5.0,34.43438,-0.32733779999999996
-98.15558,-266.5315,5.0,29.88308,0.3765429
-75.80609,-271.8322,5.0,33.75724,0.1577517
-54.195190000000004,-259.0996,5.0,35.93812,0.1102748
-48.194320000000005,-231.7544,5.0,40.15477,0.3646192
-42.808040000000005,-200.7303,5.0,44.79274,0.2888524
-24.81727,-172.1081,5.0,47.70374,0.2595194
-4.325369,-156.9749,5.0,14.79897,-0.3624788
3.2980769999999997,-151.8263,5.0,10.13619,-0.3155185
7.935617,-147.911,5.0,6.4863,-0.1302588
12.178460000000001,-142.0741,5.0,13.16761,0.46712840000000005
11.8351,-130.3917,5.0,19.19996,0.2135447
2.444131,-116.9578,5.0,25.102710000000002,0.1938572
-6.603153999999999,-98.46659,5.0,30.609070000000003,0.38263959999999997
-10.664489999999999,-74.23949,5.0,35.75974,0.16466889999999998
-7.351416,-46.18861,5.0,40.60402,0.1722193
-2.235594,-14.769020000000001,5.0,45.34016,0.3291231
-3.3256089999999996,15.07445,5.0,30.759559999999997,-1.517283
-7.160602000000001,26.148020000000002,5.0,10.78407,0.9204829
-13.31215,35.92337,5.0,18.967129999999997,0.2177413
-27.33107,43.699659999999994,5.0,24.69528,0.3947835
-47.55975,45.297309999999996,5.0,30.27232,0.4013599
-71.99975,44.634170000000005,5.0,35.70355,0.3789797
-100.3322,43.07816,5.0,40.7721,0.3668973
-128.5327,40.09884,5.0,29.52988,-3.2763720000000003
-142.4517,33.60378,5.0,22.4552,0.3570047
-148.0638,16.10056,5.0,27.704790000000003,0.3762659
-144.3073,-5.941459,5.0,33.00072,0.39867199999999997
-142.1602,-31.24188,5.0,30.71865,-0.5101874
-145.9286,-44.46484,6.0,12.34871,0.614917
-154.8537,-53.5728,6.0,18.36733,-0.41668950000000005
-164.9041,-58.79325,6.0,12.56507,-0.45102200000000003
-163.5768,-69.00967,6.0,19.78707,0.6699725999999999
-146.2668,-71.8761,6.0,31.39899,0.5620185000000001
-121.0588,-80.19489,6.0,41.34353,0.6850799
-109.8138,-104.7319,6.0,34.8418,-0.25323779999999996
-116.6488,-118.1802,6.0,11.05984,-0.1666746
-120.6316,-128.335,6.0,19.911260000000002,-0.11565610000000001
-131.9338,-134.1229,6.0,19.71624,0.4393808
-143.7784,-123.9316,6.0,25.00061,0.5012031
-147.7967,-106.7715,6.0,13.52215,-2.100858
-152.5378,-102.6197,6.0,9.885125,0.7296020000000001
-162.4275,-101.5162,6.0,16.123520000000003,-0.2140696
-167.1232,-113.1094,6.0,22.35108,0.5331649
-168.6096,-134.8091,6.0,35.9526,0.452946
-168.5068,-165.96400000000003,6.0,47.55062,0.8298402
-165.2396,-204.576,6.0,54.33024,-0.7680665
-163.4294,-240.58900000000003,6.0,40.980129999999996,-1.9307009999999998
-150.4933,-258.0774,6.0,25.01758,-0.6366542
-135.1487,-255.0016,6.0,19.25021,0.1313608
-126.2239,-240.6908,6.0,26.44039,0.3941945
-125.4688,-219.1897,6.0,31.803009999999997,0.39073509999999995
-128.8156,-194.1405,6.0,32.85456,-1.406512
-120.6912,-182.1719,6.0,18.82649,0.1854866
-106.9683,-188.31,6.0,23.47052,0.3221741
-102.5471,-206.7385,6.0,28.597990000000003,0.1948622
-104.7575,-229.937,6.0,34.091640000000005,0.3724604
-104.6388,-256.8598,6.0,38.63272,0.06795327
-84.99019,-272.6835,6.0,33.45915,-0.8830208
-63.93538,-267.9842,6.0,25.4067,-0.2715735
-51.10555,-257.4429,6.0,25.25754,0.7480029
-46.76207,-236.1908,6.0,32.12823,0.1998003
-43.61445,-210.5942,6.0,37.43308,0.38479640000000004
-35.54433,-182.7864,6.0,40.784890000000004,0.01721102
-11.80613,-163.7622,6.0,37.89712,0.07393098
1.483239,-153.5801,6.0,13.3977,-0.3601052
8.366749,-147.618,6.0,12.5219,0.2867034
12.84789,-137.6481,6.0,18.7994,0.6435789000000001
6.087807,-122.5422,6.0,28.21655,1.049562
-6.694795,-100.0788,6.0,42.341429999999995,1.0479459999999998
-9.368694,-63.9893,6.0,55.15375,0.9033605
-2.7179740000000003,-20.585,6.0,61.86393,0.3862193
-4.306623,16.8041,6.0,31.494529999999997,-1.549356
-10.717310000000001,32.292559999999995,6.0,22.1478,0.2278672
-26.1316,43.23554,6.0,31.208809999999996,0.847733
-54.20142,45.18761,6.0,45.62535,1.069724
-93.29771,43.55468,6.0,59.420840000000005,0.9431130999999999
-123.4095,40.10951,6.0,17.37055,-2.2290669999999997
-133.3759,38.10434,6.0,15.006770000000001,0.5241455
-145.8794,29.64047,6.0,24.24786,0.2754957
-147.1807,9.979463,6.0,29.485809999999997,0.4110844
-142.7274,-13.51489,6.0,34.88836,0.37462399999999996
-141.9209,-34.47635,7.0,7.214421000000001,0.2565606
-143.2129,-42.30588,7.0,14.06357,0.4831641
-151.5676,-51.3404,7.0,19.97075,0.4153529
-165.7728,-59.39116,7.0,22.65103,-0.30984659999999997
-166.5074,-72.19353000000001,7.0,15.694729999999998,-0.05331454
-155.7809,-77.07293,7.0,18.186410000000002,0.2663547
-141.7348,-73.46581,7.0,20.226689999999998,0.188608
-125.8673,-75.26756999999999,7.0,23.62043,0.6091291999999999
-110.9592,-89.52015,7.0,31.019840000000002,0.1102474
-109.8314,-113.1094,7.0,34.43838,0.1936818
-128.433,-130.6747,7.0,36.94724,0.1217019
-147.4567,-124.4749,7.0,18.3266,-1.6269799999999999
-143.6769,-116.435,7.0,10.64517,0.6393295999999999
-146.0205,-105.7708,7.0,17.11055,-0.38493499999999997
-157.4924,-101.5443,7.0,19.69524,0.4825718
-166.2481,-112.6854,7.0,19.870420000000003,-0.02687286
-165.9679,-128.5763,7.0,24.85977,0.29249580000000003
-168.6331,-151.3927,7.0,38.15716,1.0094020000000001
-169.764,-184.4777,7.0,50.87657,0.8366184000000001
-169.3075,-223.9387,7.0,49.97503,-0.4457887
-159.6741,-250.5497,7.0,29.71422,-0.446
-141.9885,-254.2129,7.0,21.72087,-0.22212939999999998
-127.8255,-246.5157,7.0,23.77998,0.3052448
-125.92299999999999,-225.808,7.0,32.177240000000005,0.19997779999999998
-126.1882,-199.9441,7.0,37.48666,0.1816681
-119.6501,-180.0264,7.0,15.95795,-0.3866332
-110.7863,-185.5432,7.0,19.19483,0.4013633
-109.0482,-201.8599,7.0,25.19104,0.43145029999999995
-108.6979,-222.6561,7.0,30.935470000000002,0.3934487
-106.9623,-247.3934,7.0,35.85188,0.1293968
-90.68651,-268.9074,7.0,38.712540000000004,0.17674120000000001
-62.94858000000001,-269.3913,7.0,39.33441,-0.01833714
-49.6869,-244.6902,7.0,40.46508,0.3131677
-47.01435,-213.1701,7.0,44.79781,0.07868532
-28.44223,-185.3275,7.0,47.67136,0.3593255
-3.56057,-157.82299999999998,7.0,52.25545,0.39358509999999997
9.242666999999999,-131.319,7.0,26.12078,-1.570576
0.5439568,-114.8743,7.0,29.61331,0.1854193
-5.832216000000001,-91.38595,7.0,40.095,0.6607295
-1.5621459999999998,-55.239830000000005,7.0,57.73611999999999,1.198028
-1.485279,-7.385782000000001,7.0,66.54771,-1.044191
-7.2626669999999995,33.64241,7.0,40.1411,-1.410852
-27.63461,41.50217,7.0,32.5385,0.5550829
-55.97308,40.53561,7.0,41.381679999999996,0.3579142
-88.45121999999999,40.52398,7.0,46.113609999999994,0.3427062
-124.2456,41.22268,7.0,49.55,-0.4113819
-147.0903,28.17714,7.0,28.03412,0.19124620000000003
-145.5142,5.946554,7.0,32.68919,0.3738697
-145.266,-20.21878,7.0,37.92177,0.1745785
-150.6531,-48.68047,8.0,38.47511,-0.8449769
-167.7001,-63.30206999999999,8.0,20.917839999999998,-0.6878359000000001
-161.2098,-77.61021,8.0,27.05619,0.27463699999999996
-140.0752,-77.27854,8.0,31.467990000000004,0.34473590000000004
-118.5135,-86.17090999999999,8.0,34.26693,0.267705
-110.9599,-110.5991,8.0,36.8517,0.08044354
-128.0691,-130.7284,8.0,37.903929999999995,0.05297076
-146.3649,-128.2581,8.0,7.878151,-2.495762
-144.619,-125.9927,8.0,7.6852149999999995,0.5148662
-141.7307,-118.619,8.0,14.26956,0.2301114
-147.3564,-107.3466,8.0,20.31916,0.39767579999999997
-162.3314,-103.4926,8.0,23.51165,0.04070859
-167.4952,-119.8022,8.0,26.81052,0.41054830000000003
-167.4157,-141.6576,8.0,32.18412,0.3819028
-171.2184,-167.1326,8.0,37.3121,0.3226662
-169.4195,-196.5861,8.0,42.1291,0.36436779999999996
-168.3715,-229.50900000000001,8.0,46.759640000000005,0.29452979999999995
-153.5576,-255.6976,8.0,37.27932,-0.1201086
-132.9309,-249.6434,8.0,27.67173,0.44413800000000003
-127.0365,-228.1275,8.0,33.31861,0.1923721
-127.1275,-201.4947,8.0,38.525259999999996,0.35438569999999997
-118.4795,-179.9569,8.0,19.68715,-1.591048
-108.6455,-185.1078,8.0,18.38198,0.2094451
-106.8692,-200.7606,8.0,24.37796,0.4436282999999999
-106.2513,-221.0637,8.0,30.162409999999998,0.200344
-105.0431,-245.3833,8.0,35.42468,0.31297620000000004
-91.36543,-268.1667,8.0,38.06738,0.1708129
-64.41037,-269.7056,8.0,38.58967,0.13694220000000001
-48.40467,-246.5897,8.0,40.32135,0.29387379999999996
-45.7915,-215.1434,8.0,44.88309,0.1402639
-29.980559999999997,-186.4237,8.0,46.49655,0.3287503
-5.180746,-160.269,8.0,50.789970000000004,0.2901599
8.811453,-130.1826,8.0,36.896,-1.0823120000000002
-3.952154,-107.5575,8.0,40.05025,0.1093132
-4.262058000000001,-78.93973000000001,8.0,41.33944,0.1698295
-1.299736,-46.6898,8.0,45.93412,0.1655029
-1.600695,-11.002839999999999,8.0,50.37384,0.32847859999999995
-4.998786,27.11972,8.0,48.121,-1.7531400000000001
-22.87794,42.78353,8.0,18.46615,-1.253184
-26.437440000000002,39.464690000000004,8.0,7.308278,0.24591060000000003
-33.037620000000004,37.66661,8.0,13.63366,0.49337120000000007
-41.7863,46.420190000000005,8.0,19.8208,0.4016579
-48.029720000000005,48.58655,8.0,0.01862783,-0.03371363
-48.05615,48.46159,8.0,1.651311,0.5036109999999999
-48.39281,45.55814,8.0,5.301969000000001,0.01936971
-47.08963,43.24322,8.0,0.7836201999999999,0.3828513
-50.55449,45.52143,8.0,10.185030000000001,0.6284558000000001
-61.13525,45.78605,8.0,18.81855,0.6082227
-78.0326,43.768229999999996,8.0,26.963279999999997,0.5674735
-100.7551,42.1866,8.0,34.534890000000004,0.5099077000000001
-128.7047,43.499559999999995,8.0,40.11853,-0.09548638
-144.4757,22.07351,8.0,39.53935,0.27351529999999996
-145.6395,-10.460930000000001,8.0,48.21281,0.5636779000000001
-141.9713,-34.10872,9.0,2.9007400000000003,-0.03216127
-142.4628,-36.81689,9.0,8.878103999999999,1.20925
-145.9765,-45.52818,9.0,13.63831,-0.20731170000000002
-152.5715,-51.58121,9.0,11.472389999999999,0.24378470000000002
-162.125,-54.706559999999996,9.0,12.83287,-0.226648
-166.896,-61.06985,9.0,9.914235000000001,0.07761131
-161.8618,-70.90795,9.0,21.19001,0.16410260000000002
-148.3826,-73.32771,9.0,16.946820000000002,-0.24521839999999998
-136.6183,-73.15781,9.0,17.99237,0.5891118000000001
-120.2749,-79.58211,9.0,25.62839,0.03606796
-108.9038,-94.80972,9.0,26.48497,-0.01932884
-107.8311,-111.3843,9.0,13.03328,-0.19634770000000001
-110.3855,-119.7388,9.0,11.56403,0.7763691
-117.9796,-130.9377,9.0,21.484479999999998,-0.08503378
-131.1939,-134.9182,9.0,16.98027,-0.2813957
-141.3952,-129.2534,9.0,18.56221,1.3471440000000001
-147.6747,-112.7804,9.0,27.90397,0.2891297
-156.2711,-99.75728000000001,9.0,15.47109,-0.1881326
-164.542,-103.4266,9.0,14.3821,0.9328175
-167.8011,-119.4567,9.0,29.6021,1.015492
-168.8038,-146.3736,9.0,42.11809,0.2690259
-167.4692,-179.49400000000003,9.0,46.81547,0.21843
-164.1602,-213.7482,9.0,43.30106,-0.6167763
-162.3746,-241.1543,9.0,28.503770000000003,-0.2296842
-153.1502,-256.6978,9.0,22.2012,-0.19448189999999999
-139.5187,-259.6562,9.0,17.34395,0.03843641
-128.3961,-247.378,9.0,30.00188,1.103809
-125.495,-221.6239,9.0,36.97632,-0.5232001000000001
-128.7481,-198.83700000000002,9.0,21.10286,-1.616493
-127.4222,-187.2976,9.0,13.803320000000001,-0.271357
-118.5181,-181.6409,9.0,18.84619,0.3168068
-106.2725,-186.2794,9.0,16.16262,-0.16177120000000003
-102.536,-197.9448,9.0,22.167360000000002,1.148303
-103.5671,-219.5314,9.0,34.60805,0.6062125
-106.083,-246.7217,9.0,36.61527,-0.2223223
-95.43047,-269.3685,9.0,32.93177,-0.1786266
-72.0136,-272.0098,9.0,32.546279999999996,-0.06031863
-53.247240000000005,-258.22700000000003,9.0,33.02686,0.3284599
-47.36517,-233.3389,9.0,35.838359999999994,0.1860642
-43.10881,-206.5929,9.0,35.62787,-0.08773626
-35.24367,-183.0798,9.0,31.1675,-0.36397809999999997
-20.5169,-168.3914,9.0,25.33265,-0.1879924
-6.400709,-158.7754,9.0,21.28793,-0.151137
5.537173,-150.5825,9.0,17.96518,0.07409611
12.68107,-137.8569,9.0,23.408820000000002,0.5080029
4.9789330000000005,-120.865,9.0,28.462970000000002,0.2898615
-6.724308000000001,-102.7692,9.0,29.7251,0.04910395
-11.01402,-80.91150999999999,9.0,30.8463,0.3423355
-9.798653999999999,-56.5216,9.0,34.62773,0.06020579
-5.342997,-30.69183,9.0,36.00235,0.08543011
-1.869004,-3.9825,9.0,35.5979,-0.5072061999999999
-4.541154,17.88544,9.0,24.33899,-0.7069343000000001
-9.998727,32.15396,9.0,19.05209,0.48608679999999993
-24.61726,43.1226,9.0,29.05384,0.5498029999999999
-48.53246,44.53022,9.0,36.04826,0.5397017
-77.84291999999999,44.19142,9.0,43.08883,0.2341866
-112.1426,42.075590000000005,9.0,48.28117,-0.07274339
-141.0964,35.46298,9.0,34.37386,0.5012913
-145.3329,11.645669999999999,9.0,36.66373,0.2530308
-141.8046,-17.652160000000002,9.0,41.60255,-1.153019
-144.7169,-38.6139,10.0,16.900920000000003,-0.2480345
-151.3185,-50.37378,10.0,19.758020000000002,-0.17919029999999997
-162.7895,-56.52028000000001,10.0,15.81272,-0.2885802
-166.7766,-65.2562,10.0,14.764579999999999,0.3289683
-157.4319,-73.13644000000001,10.0,17.84151,0.05651774
-143.8815,-72.48299,10.0,18.03901,-0.1662401
-129.9915,-75.04468,10.0,24.09153,0.5719536999999999
-113.0098,-86.35297,10.0,31.171020000000002,0.4315009
-107.6056,-110.2055,10.0,36.62867,0.26523559999999996
-118.1925,-129.6777,10.0,23.96603,-0.20253970000000002
-133.2079,-133.5871,10.0,18.94281,-0.1730217
-143.4209,-125.6162,10.0,20.99359,0.6168993
-148.0252,-108.6434,10.0,22.710060000000002,-1.740791
-151.6608,-103.2674,10.0,7.628497,1.29284
-159.5763,-100.5846,10.0,15.22751,0.4737343
-167.1976,-110.5974,10.0,21.42622,0.5204442
-168.4579,-129.1225,10.0,28.517570000000003,0.49464430000000004
-168.87099999999998,-152.8455,10.0,34.89602,0.2899164
-168.0877,-180.0446,10.0,38.64602,0.28141520000000003
-165.2246,-209.0356,10.0,37.49456,-0.29489829999999995
-163.833,-233.9387,10.0,30.12156,-0.4886282
-158.1846,-252.4175,10.0,23.04654,-0.2114527
-144.2182,-259.7292,10.0,23.72009,0.1554011
-130.2938,-250.5392,10.0,24.96048,0.1524132
-124.637,-231.571,10.0,28.470809999999997,0.2166486
-126.9016,-209.6574,10.0,29.006859999999996,-0.24046109999999998
-127.9847,-193.4592,10.0,16.37185,-0.3018885
-124.9788,-183.8297,10.0,11.80995,-0.175315
-114.6886,-182.1908,10.0,17.55486,0.25574369999999996
-104.1709,-189.4437,10.0,18.30534,0.13703089999999998
-103.2799,-203.7216,10.0,20.74129,0.09237137
-104.3017,-219.7213,10.0,21.78598,-0.01390742
-105.7349,-237.2845,10.0,27.18267,0.241654
-104.2813,-258.7912,10.0,29.77771,-0.1318518
-87.73659,-272.4752,10.0,33.92113,0.3218887
-61.25058000000001,-267.5032,10.0,38.66883,0.01601881
-49.1285,-242.7511,10.0,40.81073,0.287434
-44.487629999999996,-211.3317,10.0,42.53542,-0.3396754
-35.56517,-184.6215,10.0,33.842079999999996,-0.2991906
-20.29035,-168.7146,10.0,26.61757,-0.43540790000000007
-7.54173,-159.735,10.0,13.27139,-0.2598402
1.9667849999999998,-153.0619,10.0,20.88514,0.2804697
12.060139999999999,-142.665,10.0,20.64544,0.24253560000000002
8.759682000000002,-125.3314,10.0,28.27177,0.3929304
-5.413629,-107.2055,10.0,34.02639,0.4353165
-10.38809,-82.5049,10.0,31.082259999999998,-0.5157898
-9.252088,-58.015240000000006,10.0,36.29319,0.2237085
-5.450739,-28.99885,10.0,42.46457,0.1983326
-1.9562169999999999,4.289581,10.0,47.93188,0.36368
-12.70663,35.991,10.0,42.783609999999996,-0.1290991
-42.97012,45.15178,10.0,45.61176,0.34123600000000004
-78.74963000000001,44.302209999999995,10.0,50.96291,0.1931086
-117.4,40.88231,10.0,48.61618,-1.550893
-145.2947,30.83527,10.0,38.19202,-0.36671020000000004
-144.8733,4.485014,10.0,39.002720000000004,0.2128544
-142.3482,-25.47283,10.0,38.50371,-0.8425155999999999
-151.3019,-49.26798,11.0,35.72748,0.2154314
-169.5271,-68.01561,11.0,30.37936,-1.435439
-162.4113,-80.77447,11.0,19.65823,0.008168213
-149.8241,-70.76435,11.0,24.799970000000002,0.1237343
-131.1496,-74.44445,11.0,29.728170000000002,0.4998147
-113.5601,-89.33805,11.0,29.54652,-0.1511375
-110.0454,-112.7686,11.0,35.19338,-0.1060705
-122.8562,-130.9892,11.0,26.8381,0.27008459999999995
-142.1789,-126.9755,11.0,31.13001,-0.08347946
-146.0857,-105.6199,11.0,17.911360000000002,-1.453991
-154.0039,-100.6034,11.0,18.465120000000002,0.8235135
-166.2799,-109.3986,11.0,24.689239999999998,0.3020816
-166.0086,-129.9631,11.0,31.149490000000004,0.4902031
-168.3711,-155.3228,11.0,37.47052,0.42750059999999995
-166.5459,-185.1845,11.0,43.44719,0.43743050000000006
-163.8279,-219.3648,11.0,48.06593,-0.19962220000000003
-158.9256,-250.0177,11.0,33.366929999999996,-0.7025871
-140.7999,-259.881,11.0,30.304920000000003,0.08538678
-127.2798,-244.1459,11.0,32.05495,0.4558143
-125.8401,-218.0735,11.0,38.10202,0.4254657
-127.4558,-190.9392,11.0,34.00493,0.5170684
-112.2952,-180.3396,11.0,25.23712,-0.3875389
-107.4423,-196.8046,11.0,27.48153,0.49689040000000007
-105.5359,-219.3125,11.0,33.663090000000004,0.42911540000000004
-107.0831,-246.4796,11.0,39.531659999999995,0.275943
-92.15628000000001,-270.8303,11.0,39.34163,-0.1323243
-63.0201,-268.3282,11.0,42.16831,0.0823546
-47.91103,-242.847,11.0,43.147240000000004,0.1973002
-43.064479999999996,-209.0628,11.0,48.84395,0.3961878
-27.95225,-175.4207,11.0,51.583,-0.6365423000000001
-2.609982,-157.60299999999998,11.0,34.61461,0.48953149999999995
11.66199,-140.8896,11.0,25.956999999999997,-0.3387178
7.805058,-123.9389,11.0,25.95644,0.4501042
-4.664547,-106.3293,11.0,32.20983,0.41548029999999997
-9.983178,-80.8445,11.0,38.371109999999994,0.4431557
-8.521253999999999,-50.31958,11.0,44.15448,0.4158139
-2.505378,-16.05408,11.0,49.733779999999996,0.3569242
-5.302421,22.08623,11.0,52.06263,-1.210266
-29.52835,45.308859999999996,11.0,46.14959,-0.04865782
-65.04472,42.790240000000004,11.0,50.59924,0.38277940000000005
-104.4365,41.39096,11.0,55.85865,0.1695239
-140.1009,35.05376,11.0,43.33667,-0.3374143
-148.583,8.028658,11.0,40.67067,0.3555994
-142.1669,-23.327720000000003,11.0,45.55106,0.07680877
-151.0816,-49.79466,12.0,29.44499,-0.5501236999999999
-168.1304,-60.22979,12.0,27.03179,-0.24529179999999998
-158.9454,-72.30154,12.0,24.704539999999998,0.4068736
-138.3464,-71.75169,12.0,31.101440000000004,0.49220119999999995
-116.1218,-82.80843,12.0,36.49496,0.31056469999999997
-106.7796,-108.3385,12.0,37.185179999999995,-1.551143
-118.7209,-126.9696,12.0,28.32,0.05750019
-135.9048,-132.8692,12.0,21.58155,-0.2966143
-146.1325,-120.2588,12.0,26.2662,0.22973870000000002
-152.7567,-102.152,12.0,22.60557,-0.31152290000000005
-165.9961,-105.0317,12.0,20.8428,0.4927202
-167.2908,-125.0531,12.0,34.37238,0.5038872
-168.9953,-152.6649,12.0,40.27179,0.18654289999999998
-166.8522,-184.6675,12.0,46.01962,0.41317659999999995
-164.7812,-220.7816,12.0,51.51155,0.2417696
-157.2006,-253.4842,12.0,38.48661,-1.443423
-136.7576,-255.0359,12.0,28.49918,0.3642588
-127.7287,-234.4322,12.0,33.38049,0.4843366
-126.2441,-207.6448,12.0,36.63518,-0.6747139
-125.1053,-183.7205,12.0,31.05228,-0.3042262
-107.5374,-184.6986,12.0,24.90639,-0.31387709999999996
-110.0408,-203.5319,12.0,28.97375,0.2101042
-109.7108,-227.4361,12.0,35.50554,0.4898603
-105.0597,-255.5601,12.0,41.3391,0.1296864
-82.56793,-271.9098,12.0,39.55682,0.1861391
-53.32255,-262.8065,12.0,42.86578,-0.39659390000000005
-47.60853,-237.549,12.0,32.48984,-0.4608957
-53.16463,-220.1172,12.0,10.810780000000001,-0.7138302
-53.25585,-215.4535,12.0,3.8149919999999997,-0.7049404
-52.95624,-215.8977,12.0,5.208937000000001,0.7667571
-47.38747,-218.7145,12.0,12.69787,0.446568
-42.07351,-210.0089,12.0,14.086079999999999,-0.1465131
-41.49822,-199.4999,12.0,18.613039999999998,0.5371454999999999
-36.93581,-183.8216,12.0,25.598129999999998,0.46031769999999994
-22.361420000000003,-168.4743,12.0,32.00365,0.46503710000000004
-0.13930120000000001,-154.8742,12.0,37.85581,-0.20740479999999997
12.42812,-133.2047,12.0,29.44026,-0.4614447
0.799567,-113.3846,12.0,37.7852,0.6120156999999999
-10.352310000000001,-82.02069,12.0,51.74111,0.12238410000000001
-6.725447,-42.26347,12.0,56.36631,0.1651305
-2.232805,0.7265917,12.0,57.80048000000001,-1.522738
-9.802997,30.88785,12.0,33.12992,0.7007793000000001
-31.254509999999996,45.44878,12.0,37.80375,0.12489220000000001
-61.01738,44.26228,12.0,43.12573,0.19957339999999998
-95.10116,43.55908,12.0,48.75618,0.4132673
-131.7525,39.37865,12.0,47.67687,-0.15750350000000002
-153.17700000000002,19.794320000000003,12.0,24.11135,-4.978313
-153.7704,12.56344,12.0,1.299677,0.5917145
-149.7303,12.00897,12.0,9.786226,0.5632674
-146.447,2.951635,12.0,17.36544,0.2603524
-144.6362,-12.58792,12.0,24.68696,0.5357485
-142.1171,-33.20725,12.0,31.3447,0.4096345
-142.8318,-38.39423,13.0,11.12079,0.5869061
-148.6064,-47.7066,13.0,18.67304,0.507083
-162.6394,-56.15303,13.0,25.34737,0.3079148
-165.5906,-71.23494000000001,13.0,18.75938,-0.49265420000000004
-153.6428,-76.16187,13.0,20.19981,0.3441853
-138.8732,-72.38634,13.0,18.62085,-0.3518742
-123.2956,-75.25896,13.0,25.28896,0.454841
-109.3392,-90.15616999999999,13.0,31.06025,0.411221
-109.0118,-114.3223,13.0,35.56738,0.27254659999999997
-129.2668,-131.9243,13.0,38.69513,-0.17256860000000002
-146.0354,-125.0854,13.0,14.302029999999998,-1.872577
-141.8016,-123.0504,13.0,9.819946,0.27445
-138.9693,-122.5308,13.0,4.39515,0.5761932
-144.1492,-125.046,13.0,9.967038,-0.06269012
-145.5238,-129.1646,13.0,0.5274515999999999,-0.43901769999999996
-144.7768,-126.1655,13.0,8.752915,0.32469580000000003
-140.4656,-117.5798,13.0,16.98861,0.5401735
-143.9648,-103.3622,13.0,23.884079999999997,0.2326897
-160.639,-99.5323,13.0,23.87801,-0.5242053
-167.1708,-115.5072,13.0,28.527659999999997,0.5069515
-167.672,-139.2249,13.0,35.51715,0.2445054
-167.7622,-168.1649,13.0,42.18718,0.4727257
-167.9413,-201.7413,13.0,48.441829999999996,0.4385098
-166.3341,-239.287,13.0,49.6304,-0.6393087
-142.1705,-257.7002,13.0,40.00293,-1.4943870000000001
-127.3639,-242.3917,13.0,31.316290000000002,0.28231
-127.6807,-215.4307,13.0,41.06452,0.5289686
-126.8816,-188.8115,13.0,21.18603,-1.191057
-118.7539,-181.5763,13.0,15.45001,0.2945778
-107.2675,-188.5444,13.0,23.105439999999998,0.233619
-105.0335,-207.8337,13.0,29.98514,0.5178763
-108.1076,-232.438,13.0,36.81606,0.4197443
-99.49516,-259.8115,13.0,41.78976,0.2874122
-72.47305,-272.4315,13.0,42.626740000000005,0.0009753467
-50.60582,-252.3425,13.0,42.70562,0.159961
-48.02448,-219.0974,13.0,46.14348,-0.4537715
-36.689370000000004,-189.7805,13.0,44.07172,0.1804595
-12.92726,-164.4501,13.0,49.93277,0.4228287
9.076966,-134.276,13.0,46.96116,-0.5976395
-0.7310361999999999,-108.1838,13.0,33.38211,-0.2830742
-8.396799,-89.32014000000001,13.0,31.37538,0.49568729999999994
-5.928415,-63.6479,13.0,38.215959999999995,0.46212440000000005
-5.227961,-32.94038,13.0,44.67688,0.2163278
-3.7256620000000003,2.437234,13.0,50.72103,0.18737279999999998
-12.683539999999999,36.06422,13.0,38.96418,-1.9759470000000001
-32.46114,39.518190000000004,13.0,18.15719,-0.8750659
-35.0857,32.58344,13.0,0.1736903,0.11932910000000002
-35.13867,32.59105,13.0,0.05663344,-0.03853225
-35.08736,32.781040000000004,13.0,2.370518,0.7280188
-33.98924,37.37983,13.0,10.170860000000001,0.476099
-32.34401,44.0057,13.0,4.554069999999999,-0.7253398
-32.50779,43.975809999999996,13.0,4.42441,0.5892236999999999
-37.68717,41.17422,13.0,12.16788,0.5320326999999999
-48.97254,44.32306,13.0,19.42284,0.503644
-65.80896,44.84702,13.0,26.08711,0.45531869999999997
-87.3001,41.97614,13.0,32.40874,0.44194629999999996
-113.4971,42.9893,13.0,38.1268,0.3571618
-140.406,32.99544,13.0,38.71098,-0.30915970000000004
-147.7373,6.311846,13.0,40.473279999999995,0.19335529999999998
-144.5408,-25.48602,13.0,45.733470000000004,0.3729409
-153.5203,-53.89915,14.0,32.3349,-0.3637688
-162.4799,-69.50225,14.0,23.2491,0.2034215
-145.5123,-75.67709,14.0,28.655890000000003,0.4602893
-123.2751,-80.50874,14.0,33.54585,0.3396691
-109.5525,-101.9788,14.0,36.99013,0.16507449999999999
-120.2458,-126.8361,14.0,39.0337,0.08712023
-143.5002,-128.7487,14.0,25.277160000000002,-0.6278276999999999
-145.7321,-120.0599,14.0,1.2961129999999998,-0.2158558
-146.6272,-119.0771,14.0,1.8964439999999998,-0.01253872
-147.4423,-118.1163,14.0,1.490125,0.1560727
-149.0427,-117.2865,14.0,4.090396,-0.05271179
-150.9098,-117.4595,14.0,1.4184450000000002,0.5597656999999999
-147.3416,-114.9793,14.0,10.24012,0.31214990000000004
-144.9282,-105.177,14.0,17.93966,0.4592173
-156.6386,-96.68652,14.0,23.40382,0.1180828
-167.989,-109.4849,14.0,27.40835,0.4438679
-166.2755,-132.2489,14.0,34.296659999999996,0.5005670999999999
-166.722,-160.1851,14.0,41.11815,0.475063
-167.1511,-193.0413,14.0,47.49409,0.2221346
-166.3851,-230.3682,14.0,51.94148,-0.6895134
-150.2839,-254.2753,14.0,28.33475,-1.103121
-141.7111,-251.9669,14.0,4.559222,-0.07072058
-141.0548,-249.5579,14.0,3.452083,0.44362060000000003
-135.9668,-248.1931,14.0,11.20551,0.74528
-126.5551,-251.8092,14.0,13.00637,-0.17495229999999998
-120.9798,-247.1406,14.0,11.3519,0.5630673
-123.7098,-235.6573,14.0,20.30401,0.5657903000000001
-126.5898,-217.9877,14.0,27.95693,0.5535536
-127.8273,-194.6278,14.0,35.02717,0.193655
-113.9729,-179.0027,14.0,25.75815,-1.054997
-105.2921,-193.1812,14.0,31.1123,1.356079
-107.4577,-223.7428,14.0,51.21948,1.3426420000000001
-96.85347,-262.3014,14.0,51.123490000000004,-1.323279
-65.57878000000001,-270.9114,14.0,46.59404,-0.2071842
-48.09532,-245.9295,14.0,43.47668,0.248885
-47.51128,-212.0925,14.0,47.934740000000005,0.08953201
-27.54802,-181.0539,14.0,52.6968,0.40303979999999995
1.591386,-152.3336,14.0,55.985580000000006,-0.5808983
8.120035000000001,-122.0705,14.0,29.832929999999998,-0.41737240000000003
-3.6268569999999998,-105.7137,14.0,29.044009999999997,0.4338549
-5.484371,-81.98335,14.0,35.68071,0.5034786
-3.1543360000000003,-53.13665,14.0,42.436640000000004,0.4774219
-2.2135279999999997,-19.30041,14.0,48.759640000000005,0.4480472
-4.12399,18.749000000000002,14.0,51.83745,-0.48957829999999997
-25.10454,42.44064,14.0,43.1404,-0.08409867
-58.5608,40.46167,14.0,48.07519,0.45739189999999996
-96.39558000000001,40.29668,14.0,54.01621,0.4072292
-134.1432,39.00093,14.0,41.35341,-1.9787720000000002
-145.2845,23.1589,14.0,11.16617,-2.693377
-143.1935,23.17344,14.0,6.168446,-0.4420535
-141.203,25.59289,14.0,0.2586779,-0.5917292
-143.5402,22.73515,14.0,8.466751,0.1957154
-149.1248,21.853360000000002,14.0,3.82462,-0.7716395
-148.4022,21.395139999999998,14.0,5.879405,0.3374629
-143.1305,15.894789999999999,14.0,14.71527,0.5703229000000001
-140.7819,2.3282849999999997,14.0,22.873839999999998,0.5896493
-142.195,-17.55375,14.0,30.703740000000003,0.562901
-141.8372,-35.66039,1.0,5.660954,-0.07366396
-142.6138,-43.24552,1.0,14.9451,0.3184055
-151.4658,-53.9084,1.0,23.226470000000003,0.6199536999999999
-163.1268,-68.08398000000001,1.0,27.04689,-0.12568089999999998
-149.5547,-75.44159,1.0,24.04425,0.2233761
-136.4245,-68.95828,1.0,7.131711999999999,0.05291968
-135.8628,-68.27885,1.0,0.02638419,0.00020863080000000002
-135.8441,-68.28161999999999,1.0,0.02500136,-0.001286864
-135.8279,-68.28361,1.0,0.01909966,0.02140198
-136.08700000000002,-69.9845,1.0,4.4511519999999996,0.1187952
-135.671,-73.29527,1.0,4.234729,-0.03196643
-136.321,-75.96896,1.0,3.4925550000000003,-0.006273086999999999
-136.0983,-75.9742,1.0,4.9660459999999995,0.6368143
-129.3129,-75.17801999999999,1.0,13.791170000000001,0.6124275
-118.6699,-81.89513000000001,1.0,21.31083,0.5405437
-111.1304,-98.97766999999999,1.0,28.9557,0.4742298
-114.5905,-121.6343,1.0,34.57996,0.36821509999999996
-136.762,-132.9818,1.0,32.33016,-0.7002515
-146.2546,-119.5563,1.0,21.85149,-0.05398899
-138.4582,-108.811,1.0,2.5380409999999998,-2.493635
-138.4581,-108.7223,1.0,0.02552743,0.03373727
-138.4588,-108.7389,1.0,0.02006589,-0.01005346
-140.9413,-108.1094,1.0,7.7228259999999995,0.176145
-145.6038,-110.6418,1.0,3.3503279999999998,-1.413297
-144.8521,-108.9953,1.0,7.050451,0.6570094
-145.9502,-101.0473,1.0,15.224820000000001,0.2792458
-157.1022,-95.77736,1.0,16.61273,-0.3749667
-165.3562,-102.6464,1.0,18.16838,1.2247940000000002
-167.6471,-121.4501,1.0,32.06268,0.7852733000000001
-166.6454,-147.5844,1.0,40.3488,0.7703403
-164.5439,-174.6069,1.0,33.211459999999995,-0.49343739999999997
-167.9971,-198.0061,1.0,36.35029,0.6636035
-166.5729,-227.0674,1.0,36.85415,-0.5307228
-158.7442,-248.5291,1.0,26.596740000000004,-0.3769818
-139.3435,-249.6433,1.0,29.75177,0.5162011
-121.9191,-237.3949,1.0,25.258229999999998,-1.016376
-130.5583,-222.4875,1.0,25.19367,-0.8991429
-124.3483,-208.0052,1.0,20.7782,-0.47088370000000007
-124.5028,-194.7977,1.0,17.684929999999998,-0.3343762
-121.0687,-184.7843,1.0,15.95824,0.9434541
-110.9825,-189.8929,1.0,16.38314,-0.13336729999999997
-110.0981,-200.8477,1.0,13.92421,-0.08093011
-109.552,-213.3968,1.0,21.03217,0.569281
-107.6366,-231.7414,1.0,28.7106,0.5546768
-102.2695,-254.8705,1.0,35.34847,0.36591399999999996
-81.19846,-271.1874,1.0,38.900220000000004,0.0696663
-56.16931999999999,-259.7481,1.0,39.62855,0.0177197
-51.64732,-230.3643,1.0,43.15762,0.33829440000000005
-38.90704,-199.3296,1.0,48.11099,0.3417684
-14.51839,-170.6345,1.0,53.80215,0.4015338
9.098429,-136.2416,1.0,58.17995,-0.2068776
10.89838,-107.0477,1.0,16.26323,-1.6734259999999999
9.854756,-104.2977,1.0,0.5443491,-0.07772002
10.11646,-104.4789,1.0,3.0380529999999997,0.2776206
13.876320000000002,-106.81700000000001,1.0,8.400665,0.26538320000000004
18.418120000000002,-106.9554,1.0,1.73288,-0.6701585
16.42295,-107.5717,1.0,7.21299,0.5988286
8.803239999999999,-111.1322,1.0,15.125760000000001,0.48938820000000005
-0.1762661,-106.2706,1.0,18.9722,0.2415344
1.079648,-89.71265,1.0,25.66957,0.1913986
-4.541189,-68.92138,1.0,32.48599,0.5022175
-5.832463,-42.3669,1.0,39.17715,0.4957072
-6.3925019999999995,-10.98282,1.0,45.49174,0.4523424
-7.248837,24.56829,1.0,46.8317,-0.8601711
-19.25515,44.519040000000004,1.0,16.45559,-0.6968223000000001
-28.45944,39.006440000000005,1.0,18.022779999999997,0.24435
-44.15378,38.91176,1.0,25.13025,0.2729231
-65.34877,39.62096,1.0,32.21587,0.5032508
-91.74653,39.696659999999994,1.0,38.97343,0.49690680000000004
-122.9868,40.62427,1.0,44.406909999999996,-0.8185802
-144.2158,30.5878,1.0,21.99319,-1.485184
-140.1246,24.76418,1.0,9.25618,0.5273329999999999
-137.7517,24.25228,1.0,0.06834137,0.003489022
-137.7516,24.2102,1.0,0.05222237,0.0461426
-139.9154,24.62142,1.0,6.979267999999999,0.5438688
-146.8741,24.19458,1.0,10.98048,-0.04348475
-151.1768,25.40935,1.0,1.026626,-0.5355468000000001
-149.1341,24.13776,1.0,7.4332020000000005,0.5746316999999999
-147.3364,16.32668,1.0,14.90421,0.47593909999999995
-151.9946,3.832121,1.0,21.1126,0.3999263
-147.8161,-13.6736,1.0,27.6482,0.2332627
-146.2251,-36.42366,2.0,33.80408,0.15041960000000001
-161.6467,-53.480880000000006,2.0,33.1018,-0.2922892
-163.5052,-71.50725,2.0,21.70059,-1.214884
-156.2228,-69.58298,2.0,8.775056,-0.01040539
-155.7002,-68.52757,2.0,0.05369693,-0.01241089
-155.7128,-68.63013000000001,2.0,1.5805879999999999,0.6633427
-156.2755,-71.76465,2.0,5.134812999999999,-0.05159967
-156.9293,-75.03036,2.0,2.068659,-0.3864805
-155.3481,-73.61922,2.0,7.584506,0.33430770000000004
-146.889,-74.28723000000001,2.0,16.19179,0.2954364
-134.8707,-81.90193000000001,2.0,19.65539,-0.1578285
-122.1984,-85.73793,2.0,18.12649,0.7773526999999999
-111.2633,-100.9682,2.0,31.709529999999997,-0.176676
-117.5202,-122.4714,2.0,33.13198,0.275914
-138.5624,-130.1611,2.0,27.69844,-1.2889620000000002
-143.641,-117.4665,2.0,21.3905,0.27055
-141.0972,-103.8268,2.0,18.607,0.09437213
-155.5633,-102.3369,2.0,20.65392,-0.4371259
-160.9781,-113.1054,2.0,16.52112,-0.08715972
-163.6121,-125.8216,2.0,19.5731,0.7431621
-165.4018,-143.9521,2.0,28.6333,0.2876847
-165.3398,-168.0092,2.0,36.24944,0.5383384
-165.6907,-197.6137,2.0,43.38921,0.5197859
-165.3238,-232.2047,2.0,49.07031,-0.08462709
-155.5202,-250.6835,2.0,23.05126,0.3876206
-135.9889,-251.5217,2.0,30.245179999999998,0.19074460000000001
-125.805,-236.7532,2.0,24.54143,0.5912601
-125.9791,-215.4761,2.0,33.87963,0.4277339
-125.9156,-189.5031,2.0,25.54135,-3.429178
-118.306,-183.9785,2.0,13.434029999999998,0.6213628999999999
-110.8952,-192.5576,2.0,20.31079,0.2968578
-109.4216,-210.6415,2.0,28.45983,0.5623416999999999
-106.581,-234.3698,2.0,36.01413,0.25898649999999995
-96.45238,-261.4081,2.0,41.9398,0.09853369
-69.19899000000001,-269.0983,2.0,40.47998,0.2623797
-49.17946,-247.1931,2.0,42.279340000000005,-0.027390300000000003
-48.26364,-214.3864,2.0,47.14922,0.3800054
-29.764409999999998,-183.8673,2.0,51.47435,0.2355091
-2.5236240000000003,-153.9632,2.0,57.493959999999994,0.1103153
8.383038,-126.6586,2.0,19.91601,-1.299661
-1.576052,-115.6902,2.0,23.77094,0.254717
-6.740913000000001,-96.5721,2.0,30.865679999999998,0.5780053
-6.680960000000001,-70.91761,2.0,38.31289,0.536836
-6.822222,-39.92994,2.0,45.28921,0.24924870000000002
-7.298634,-3.885886,2.0,51.86503,0.2187053
-10.219510000000001,34.28887,2.0,44.37993,-1.013387
-25.10461,46.11817,2.0,9.264503,-2.65205
-25.52739,43.792609999999996,2.0,7.150291,0.3172336
-31.774109999999997,39.76008,2.0,15.30805,0.5753180999999999
-44.74855,45.82033,2.0,23.2883,0.5067695
-64.25608000000001,44.50713,2.0,30.514609999999998,0.5611611999999999
-89.54615,41.75502,2.0,37.94258,0.5411638000000001
-120.227,40.69027,2.0,44.903240000000004,0.49087070000000005
-148.1972,29.1748,2.0,30.90535,-1.7976450000000002
-149.5634,18.87086,2.0,1.7494,0.288608
-145.2134,18.5836,2.0,10.5429,0.2985442
-144.4565,8.496075,2.0,18.60025,0.5505845
-151.1123,-6.072471,2.0,24.71023,0.3235226
-146.0931,-26.41481,2.0,31.89752,0.5291861
-142.9083,-38.96043,3.0,11.79006,-0.08800185
-146.8233,-46.95087,3.0,15.381839999999999,0.4816214
-157.2926,-53.34879,3.0,15.54646,-0.11621010000000001
-166.044,-57.84893,3.0,11.73723,-0.1664177
-165.4383,-65.26358,3.0,9.948936999999999,0.5551839
-157.2117,-72.15006,3.0,18.73457,0.4991661
-140.56,-72.23205,3.0,26.34028,0.5298541999999999
-121.0956,-80.31142,3.0,27.16902,-0.234721
-109.5993,-94.24365,3.0,23.51529,0.9063783000000001
-109.0596,-114.2744,3.0,26.11489,-0.3972604
-117.9765,-128.6824,3.0,20.73027,-0.3195097
-133.5242,-133.6747,3.0,24.44112,-0.6391866999999999
-143.9255,-120.2883,3.0,30.308909999999997,0.5545846999999999
-154.5689,-104.0695,3.0,18.39133,-1.8048099999999998
-165.1618,-109.2257,3.0,20.58251,0.5385565999999999
-168.2038,-127.0883,3.0,28.5096,0.5653458
-169.8333,-150.9595,3.0,35.96758,0.5304038000000001
-167.3933,-180.0726,3.0,42.91017,0.24399539999999997
-164.6983,-214.2766,3.0,49.53294,0.4473379
-161.4049,-249.2455,3.0,41.62878,-0.8204485999999999
-141.9371,-257.9297,3.0,25.194110000000002,-0.5591418
-127.2726,-242.6832,3.0,32.13521,0.1521204
-127.7496,-217.8918,3.0,37.236090000000004,0.4715835
-126.6084,-191.736,3.0,33.30428,-1.553925
-114.3163,-178.5293,3.0,22.93885,-0.4697348
-109.7407,-191.7467,3.0,24.0711,0.5327731
-105.7864,-211.3363,3.0,31.0775,0.7881727
-105.4319,-233.7608,3.0,27.974190000000004,-0.2017909
-104.8928,-256.1036,3.0,35.51381,0.1745724
-85.44281,-271.8177,3.0,36.33598,0.07422271
-63.5222,-268.8453,3.0,17.10051,-1.079949
-56.43125,-266.925,3.0,3.423742,-0.8583368
-56.949419999999996,-267.251,3.0,1.459228,-0.22891660000000003
-56.770540000000004,-267.0538,3.0,3.258562,0.5226259
-53.99168,-263.7199,3.0,7.464491000000001,0.06902046
-48.86047,-262.948,3.0,5.703618,-0.8550962
-48.58493,-262.9922,3.0,4.548611,0.31939179999999995
-50.1545,-256.7473,3.0,12.91201,0.29750329999999997
-47.167559999999995,-244.5561,3.0,20.85398,0.2778125
-44.15705,-226.5701,3.0,28.296640000000004,0.5125619
-41.468140000000005,-203.1064,3.0,35.305820000000004,0.4900228
-28.992179999999998,-179.2811,3.0,39.67667,0.4688741
-8.499033,-159.2294,3.0,29.810509999999997,-1.6200430000000001
5.2534410000000005,-148.4818,3.0,20.54759,-0.3415322
11.78386,-137.1851,3.0,15.65259,-0.1503111
9.230263,-126.2377,3.0,17.956210000000002,0.5440385999999999
-0.44127920000000004,-113.4769,3.0,25.31275,0.5050945
-8.224974000000001,-93.54082,3.0,32.291270000000004,0.2469279
-10.39053,-67.38747,3.0,38.76811,0.4514951
-6.558847,-36.490559999999995,3.0,45.02912,0.21075429999999998
-3.407834,-3.853044,3.0,40.68743,-0.8473553
-4.546919,13.13132,3.0,8.485614,-1.758243
-5.210229,17.00333,3.0,8.558323,0.31282709999999997
-7.493944,26.2527,3.0,17.003870000000003,0.2984434
-16.34229,38.475809999999996,3.0,24.27923,0.4856753
-35.57727,45.06635,3.0,30.927509999999998,0.48245200000000005
-61.080369999999995,44.73271,3.0,37.85808,0.49142420000000003
-91.50363,43.17151,3.0,44.41587,0.2211647
-125.1838,39.80407,3.0,43.98619,-0.2761046
-149.3779,26.96642,3.0,34.779070000000004,-0.293625
-143.9403,3.5192669999999997,3.0,34.675670000000004,0.09909091
-145.0631,-23.95441,3.0,40.21445,0.11827280000000001
-148.9314,-51.106590000000004,4.0,26.321309999999997,-1.142619
-162.8215,-54.700230000000005,4.0,19.70355,-0.06586345
-166.2852,-66.23782,4.0,21.35165,0.4117082
-150.0365,-72.66282,4.0,27.610129999999998,0.25470149999999997
-127.9182,-77.14098,4.0,33.99575,0.2229333
-110.0418,-96.90334,4.0,39.10666,0.3001572
-115.5077,-123.2048,4.0,37.52543,-0.0178373
-138.3618,-131.1079,4.0,32.17522,-0.9990764999999999
-144.0492,-111.2204,4.0,31.339809999999996,0.1459665
-153.8021,-98.78562,4.0,16.263939999999998,-0.3478064
-164.8533,-107.4499,4.0,23.6603,0.2384987
-168.8959,-127.2275,4.0,30.923479999999998,0.26329759999999997
-170.0599,-152.5836,4.0,37.7205,0.4941498
-167.1666,-182.9003,4.0,44.3381,0.483771
-163.9166,-217.8829,4.0,49.445,-0.02068125
-160.6584,-248.4971,4.0,24.34601,-2.583111
-148.7916,-256.7198,4.0,20.78514,0.5358356
-132.5828,-254.2134,4.0,25.18159,0.20148529999999998
-125.7764,-234.213,4.0,31.96867,0.4778981
-128.2306,-208.6903,4.0,38.08007,0.41196689999999997
-122.1891,-181.1779,4.0,37.23036,-0.42685959999999995
-101.1678,-181.3145,4.0,26.427509999999998,-0.7995346999999999
-106.1341,-194.5752,4.0,22.47332,0.49885969999999996
-114.5533,-201.4908,4.0,1.9157959999999998,-0.8678518
-114.555,-201.5552,4.0,0.007693768,0.01758604
-113.5791,-201.7714,4.0,4.0035300000000005,0.3317309
-110.0092,-199.6779,4.0,6.104183,-0.7368226999999999
-109.6763,-198.4286,4.0,2.202882,0.28090370000000003
-109.0432,-202.7157,4.0,9.407135,0.49984140000000005
-107.1078,-212.046,4.0,16.1441,0.236965
-105.22399999999999,-226.234,4.0,22.430999999999997,0.426104
-105.9661,-245.0459,4.0,28.190109999999997,0.187001
-97.77983,-265.4406,4.0,32.26048,0.1804314
-74.7674,-271.5389,4.0,34.88439,0.1283696
-52.27472,-258.0522,4.0,37.09496,-0.1167681
-49.31919,-230.16400000000002,4.0,40.11229,0.1573764
-42.29229,-199.93400000000003,4.0,44.30344,0.3241902
-22.28688,-173.0894,4.0,46.765029999999996,-0.0668864
0.3192312,-152.8416,4.0,27.79086,-1.157229
11.18058,-141.4118,4.0,17.90853,-0.5000498999999999
10.575439999999999,-128.3153,4.0,23.18556,0.396633
-1.26575,-113.1527,4.0,28.646379999999997,0.3510212
-8.791027,-91.35468,4.0,33.79797,0.38868270000000005
-10.42895,-64.58589,4.0,38.78922,0.3447633
-5.5823279999999995,-34.49102,4.0,43.52094,0.34063119999999997
-1.457956,-0.8987379000000001,4.0,47.689040000000006,0.08442687
-8.940599,30.190279999999998,4.0,27.43667,-0.368239
-25.91249,42.33222,4.0,31.13366,0.3212285
-50.68311,43.53683,4.0,36.10484,0.17967729999999998
-79.30908000000001,43.28736,4.0,41.150890000000004,0.3400386
-111.0987,41.039840000000005,4.0,43.17565,-0.29269720000000005
-135.9258,37.6397,4.0,15.860420000000001,-1.2834969999999999
-145.0428,30.33735,4.0,18.93469,0.4316189
-148.0022,14.624220000000001,4.0,24.65547,0.41064209999999995
-144.5092,-5.445567,4.0,30.360259999999997,0.4004078
-141.7337,-29.6876,4.0,34.99921,-0.2394645
-150.9332,-49.284890000000004,5.0,26.39538,0.3281927
-167.9421,-60.070890000000006,5.0,24.107689999999998,-1.331974
-161.6845,-69.57859,5.0,16.57232,-0.20288
-148.1465,-71.21275,5.0,22.45443,0.4430394
-129.9173,-75.87409,5.0,28.26515,0.19200050000000002
-111.7918,-88.94906,5.0,32.658840000000005,0.1031394
-109.4336,-113.0156,5.0,34.01603,-0.21020010000000003
-123.0581,-131.9157,5.0,30.2577,-0.9960346
-140.1623,-128.2989,5.0,23.34703,0.1365882
-146.4456,-110.5444,5.0,28.040029999999998,0.37142470000000005
-162.2211,-100.6816,5.0,20.69762,-1.3659379999999999
-164.5515,-111.4387,5.0,16.81803,0.3150965
-166.8488,-126.5161,5.0,24.55004,0.5126803
-168.3451,-151.2749,5.0,42.895270000000004,1.202676
-165.326,-185.7605,5.0,49.54144,0.3370758
-164.3199,-220.7998,5.0,35.1281,-2.586071
-163.3177,-238.4396,5.0,19.39206,-0.38723459999999993
-159.8716,-250.1064,5.0,14.852739999999999,0.04737313
-149.4276,-258.9437,5.0,23.918979999999998,0.48176179999999996
-131.8369,-253.4391,5.0,30.40275,0.8350324
-125.3653,-227.4391,5.0,40.86828,0.48095429999999995
-128.6651,-200.0814,5.0,24.51446,-2.412055
-125.4149,-186.2685,5.0,16.05136,-0.245573
-113.0405,-182.3302,5.0,22.90525,0.311397
-102.5984,-195.666,5.0,26.91198,0.26536040000000005
-103.3526,-219.3476,5.0,35.748490000000004,0.19630029999999998
-105.6492,-246.2126,5.0,34.32325,-0.6490798000000001
-97.98,-266.6664,5.0,29.90835,0.1601091
-75.55991999999999,-271.8031,5.0,33.8091,0.3071457
-54.06503000000001,-258.8645,5.0,35.95779,0.1183131
-48.1596,-231.452,5.0,40.21521,0.3575919
-42.71633,-200.4114,5.0,44.81419,0.1318218
-24.55556,-171.8707,5.0,47.72354,0.12389569999999998
-4.234564,-156.9175,5.0,14.7686,-0.19050150000000002
3.3584870000000002,-151.7808,5.0,10.110660000000001,-0.15483429999999998
7.969232000000001,-147.878,5.0,6.443026000000001,-0.26250009999999996
12.21653,-141.9842,5.0,13.20621,0.2378515
11.78012,-130.2567,5.0,19.27146,0.4177277
2.3285400000000003,-116.8058,5.0,25.17214,0.41530370000000005
-6.670228999999999,-98.24505,5.0,30.638959999999997,0.1780803
-10.67163,-73.9841,5.0,35.81857,0.364874
-7.289322,-45.89117,5.0,40.66452,0.3459993
-2.1996849999999997,-14.42704,5.0,45.39439,0.319585
-3.383518,15.298060000000001,5.0,30.50722,-1.50454
-7.1941559999999996,26.22284,5.0,10.85706,0.43784520000000005
-13.409679999999998,36.02493,5.0,19.03697,0.41536009999999995
-27.507609999999996,43.74837,5.0,24.75976,0.38799290000000003
-47.782990000000005,45.2945,5.0,30.3399,0.4120097
-72.25999,44.62316,5.0,35.73365,0.18759479999999998
-100.6371,43.04909,5.0,40.79984,0.1670986
-128.7491,40.07397,5.0,29.264190000000003,-1.584073
-142.5532,33.471920000000004,5.0,22.4842,0.1786076
-148.0711,15.89534,5.0,27.76675,0.3775274
-144.2503,-6.188587999999999,5.0,33.03136,0.1814231
-142.187,-31.46898,5.0,30.6746,-0.27568109999999996
-145.9698,-44.5468,6.0,12.47493,0.7615893
-154.9746,-53.62125,6.0,18.29618,-0.443698
-164.9583,-58.86799,6.0,12.53019,-0.21497670000000002
-163.4808,-69.11251999999999,6.0,19.84234,0.3506704
-146.03799999999998,-71.84447,6.0,31.59233,1.170136
-120.8071,-80.37116999999999,6.0,41.39609,0.32553340000000003
-109.8971,-104.9754,6.0,34.76052,-0.48005600000000004
-116.6751,-118.2573,6.0,11.0086,-0.30420590000000003
-120.7097,-128.4634,6.0,19.87195,-0.2291759
-132.0792,-134.1067,6.0,19.78802,0.434576
-143.8304,-123.7537,6.0,25.08134,0.49057799999999996
-147.8563,-106.6954,6.0,13.3482,-1.090583
-152.5999,-102.5817,6.0,9.944332000000001,0.3650064
-162.532,-101.579,6.0,16.052789999999998,-0.41332129999999995
-167.1351,-113.2741,6.0,22.525489999999998,1.048083
-168.6322,-135.0752,6.0,36.108670000000004,0.9277822
-168.4988,-166.3218,6.0,47.67737,0.75203
-165.1984,-204.9759,6.0,54.25743000000001,-0.445666
-163.4177,-240.8781,6.0,40.81785,-1.1779959999999998
-150.3064,-258.0995,6.0,24.96765,-0.29971970000000003
-135.0249,-254.9252,6.0,19.298070000000003,0.2746344
-126.181,-240.4996,6.0,26.472109999999997,0.1960365
-125.5004,-218.9551,6.0,31.833470000000002,0.1847291
-128.8057,-193.9011,6.0,32.61708,-1.445095
-120.551,-182.1526,6.0,18.88615,0.35130320000000004
-106.8698,-188.4533,6.0,23.49614,0.1577287
-102.54799999999999,-206.9555,6.0,28.66436,0.3843658
-104.7878,-230.1783,6.0,34.12227,0.1947789
-104.5724,-257.135,6.0,38.65572,0.1373483
-84.75346,-272.6703,6.0,33.386759999999995,-0.4627238
-63.75213000000001,-267.9291,6.0,25.319589999999998,-0.5093340000000001
-51.03415,-257.2648,6.0,25.386470000000003,0.7622066
-46.725559999999994,-235.9545,6.0,32.194959999999995,0.3994225
-43.58808,-210.31799999999998,6.0,37.49561,0.36753040000000003
-35.36665,-182.5505,6.0,40.7873,0.01481273
-11.588410000000001,-163.5967,6.0,37.8554,-0.26245209999999997
1.562266,-153.5204,6.0,13.339360000000001,-0.34920840000000003
8.426931,-147.5516,6.0,12.54567,0.1503731
12.856639999999999,-137.5136,6.0,18.85189,0.3345985
5.939952,-122.3904,6.0,28.3019,0.5161583
-6.7669880000000004,-99.77324,6.0,42.50782,0.9921133
-9.351303,-63.5866,6.0,55.299640000000004,0.9181440000000001
-2.639437,-20.14188,6.0,61.89292,0.1815453
-4.371951999999999,17.025470000000002,6.0,30.980259999999998,-3.035288
-10.80309,32.43132,6.0,22.22343,0.4522429
-26.35959,43.29801,6.0,31.274440000000002,0.39378420000000003
-54.529869999999995,45.177279999999996,6.0,45.7123,0.5550665
-93.77444,43.53476,6.0,59.490990000000004,0.3978078
-123.5369,40.08393,6.0,17.189970000000002,-1.087289
-133.485,38.07976,6.0,15.183279999999998,1.030585
-145.9481,29.48237,6.0,24.29465,0.29150679999999995
-147.1587,9.763536,6.0,29.517870000000002,0.1966358
-142.6695,-13.769029999999999,6.0,34.94947,0.3629
-141.9237,-34.52985,7.0,7.3006910000000005,0.5158536
-143.2473,-42.4045,7.0,14.10157,0.2349348
-151.7016,-51.403529999999996,7.0,20.00451,0.20886350000000004
-165.8751,-59.526309999999995,7.0,22.55105,-0.5848313
-166.4439,-72.28591,7.0,15.68489,-0.06180890000000001
-155.6464,-77.06379,7.0,18.22914,0.2560546
-141.5895,-73.44209000000001,7.0,20.242060000000002,0.09533607
-125.7046,-75.33659,7.0,23.67247,0.32111609999999996
-110.852,-89.72227,7.0,31.05787,0.2263118
-109.9183,-113.3464,7.0,34.470209999999994,0.19487520000000003
-128.6946,-130.759,7.0,36.965509999999995,0.10932460000000001
-147.4909,-124.3509,7.0,18.06084,-1.6843720000000002
-143.6428,-116.3624,7.0,10.750639999999999,0.6224739
-146.1043,-105.676,7.0,17.07921,-0.19165520000000003
-157.6299,-101.5734,7.0,19.73566,0.2593089
-166.2616,-112.8276,7.0,19.863310000000002,-0.04359935
-165.977,-128.7536,7.0,24.96226,0.6312639
-168.6626,-151.681,7.0,38.32444,1.00169
-169.7685,-184.8463,7.0,50.942479999999996,0.4126004
-169.2729,-224.2999,7.0,49.83155,-0.8607115
-159.5029,-250.6856,7.0,29.57139,-0.851351
-141.8311,-254.1933,7.0,21.685489999999998,-0.2154114
-127.7377,-246.3649,7.0,23.804660000000002,0.1529017
-125.9287,-225.5307,7.0,32.2438,0.3382445
-126.1884,-199.6649,7.0,37.54931,0.3732493
-119.54,-179.9847,7.0,15.8344,-0.7342278
-110.7435,-185.6749,7.0,19.26454,0.4326387
-109.0408,-202.04,7.0,25.22645,0.22659970000000004
-108.6936,-222.8767,7.0,30.96762,0.2035445
-106.8925,-247.6497,7.0,35.89761,0.2726441
-90.44406,-269.0443,7.0,38.74235,0.1859841
-62.69435,-269.2383,7.0,39.33112,-0.01942226
-49.668440000000004,-244.3908,7.0,40.48923,0.1484228
-46.933820000000004,-212.8434,7.0,44.82568,0.1632234
-28.206940000000003,-185.0807,7.0,47.73178,0.3767605
-3.3239690000000004,-157.532,7.0,52.42543,1.017644
9.24117,-131.1334,7.0,25.98988,-0.8401671999999999
0.4094073,-114.7112,7.0,29.68252,0.4242242
-5.8167800000000005,-91.09154000000001,7.0,40.31429,1.326419
-1.525228,-54.813340000000004,7.0,57.92957,1.161386
-1.5084540000000002,-6.8929789999999995,7.0,66.46193000000001,-0.527315
-7.413747,33.89574,7.0,39.67303,-2.7585290000000002
-27.881009999999996,41.474270000000004,7.0,32.73612,1.156752
-56.27969,40.53172,7.0,41.44034,0.3522658
-88.79221,40.53068,7.0,46.16796,0.3262962
-124.5996,41.19806,7.0,49.47294,-0.4717495
-147.1366,27.97747,7.0,28.0522,0.11227089999999998
-145.5016,5.699422,7.0,32.71962,0.18411529999999998
-145.2749,-20.49162,7.0,37.98382,0.37618709999999994
-150.8204,-48.90936,8.0,38.334270000000004,-0.8595269
-167.7571,-63.44712,8.0,20.86228,-0.331461
-161.0224,-77.69389,8.0,27.09668,0.2372115
-139.8494,-77.25657,8.0,31.495379999999997,0.1729879
-118.3495,-86.35356999999999,8.0,34.31216,0.2826982
-111.0029,-110.8687,8.0,36.85669,0.03069933
-128.3337,-130.8227,8.0,37.91144,0.04508541
-146.4031,-128.2158,8.0,7.4673229999999995,-2.480948
-144.5764,-125.954,8.0,7.726673,0.25349720000000003
-141.7372,-118.5132,8.0,14.34586,0.4518745
-147.458,-107.2419,8.0,20.38626,0.41948670000000005
-162.4833,-103.5777,8.0,23.51847,0.04112088
-167.475,-119.9956,8.0,26.84409,0.21009589999999997
-167.4568,-141.9055,8.0,32.24787,0.36633699999999997
-171.2265,-167.4043,8.0,37.33763,0.1596484
-169.4042,-196.905,8.0,42.1866,0.3389043
-168.3451,-229.8544,8.0,46.78082,0.1297009
-153.2939,-255.7945,8.0,37.1793,-0.5964459
-132.8004,-249.4877,8.0,27.7078,0.2243946
-127.0432,-227.8796,8.0,33.383959999999995,0.3839099
-127.1127,-201.2184,8.0,38.58535,0.3716684
-118.3508,-179.908,8.0,19.41929,-1.693059
-108.5957,-185.2347,8.0,18.44848,0.3959428
-106.8621,-200.9423,8.0,24.45109,0.4405259
-106.2417,-221.28099999999998,8.0,30.23205,0.42548820000000004
-105.0024,-245.6355,8.0,35.47775,0.33062470000000005
-91.12954,-268.3213,8.0,38.094640000000005,0.1645221
-64.16685,-269.5692,8.0,38.60048,0.06863372
-48.35585,-246.2931,8.0,40.34349,0.135643
-45.750690000000006,-214.8163,8.0,44.93101,0.28700370000000003
-29.72887,-186.1885,8.0,46.5508,0.3264343
-4.942319,-159.9731,8.0,50.81089,0.1267037
8.794619,-129.9053,8.0,36.81199,-0.5021505
-4.105874,-107.3038,8.0,40.05361,0.02058685
-4.204382,-78.63148000000001,8.0,41.397290000000005,0.33484959999999997
-1.292139,-46.34944,8.0,45.99152,0.3411774
-1.606235,-10.6407,8.0,50.42879,0.341574
-5.124299,27.462559999999996,8.0,47.97484,-0.8754443000000001
-23.01063,42.781940000000006,8.0,18.03238,-2.5755630000000003
-26.455990000000003,39.413579999999996,8.0,7.390666,0.49207959999999995
-33.12749,37.71197,8.0,13.714670000000002,0.49647129999999995
-41.89889,46.51469,8.0,19.901320000000002,0.4878052
-48.029540000000004,48.58655,8.0,0.02009467,0.008447000999999999
-48.06008,48.44982,8.0,1.699484,0.29570759999999996
-48.38625,45.5209,8.0,5.308649,0.04186452
-47.09453,43.247279999999996,8.0,0.8850019,0.6055638000000001
-50.62375,45.552170000000004,8.0,10.29017,0.6377031999999999
-61.27304,45.76396,8.0,18.86825,0.30749340000000003
-78.23048,43.73758,8.0,27.05929,0.5872076
-101.0171,42.201370000000004,8.0,34.576,0.2462554
-128.9849,43.42575,8.0,40.109559999999995,-0.05590728
-144.472,21.78033,8.0,39.635040000000004,0.568346
-145.6793,-10.81603,8.0,48.294129999999996,0.49261629999999995
-141.974,-34.13057,9.0,2.890638,-0.05808237
-142.47799999999998,-36.88005,9.0,9.053863,1.087089
-146.0292,-45.61296,9.0,13.60305,-0.21538979999999996
-152.6491,-51.61605,9.0,11.49112,0.1150776
-162.2128,-54.74839,9.0,12.81391,-0.1130924
-166.9027,-61.14187,9.0,9.957191,0.2571933
-161.7331,-70.99741,9.0,21.20035,0.06266372
-148.2594,-73.31303,9.0,16.92645,-0.1270249
-136.4859,-73.17871,9.0,18.19047,1.1718620000000002
-120.1168,-79.69573000000001,9.0,25.642979999999998,0.08455659
-108.8388,-94.9982,9.0,26.47428,-0.06327301
-107.851,-111.4762,9.0,13.00067,-0.20017120000000002
-110.4171,-119.8158,9.0,11.628589999999999,0.4107615
-118.1059,-131.0405,9.0,21.45305,-0.1831971
-131.3197,-134.9024,9.0,16.93325,-0.28279240000000005
-141.4785,-129.141,9.0,18.79359,1.388113
-147.7315,-112.5781,9.0,27.99908,0.5553079000000001
-156.3781,-99.72109,9.0,15.40824,-0.3744114
-164.5925,-103.5201,9.0,14.5424,0.9659312
-167.8171,-119.6742,9.0,29.772809999999996,1.0390979999999999
-168.813,-146.6896,9.0,42.21128,0.5375289000000001
-167.4323,-179.8299,9.0,46.84945,0.20936010000000002
-164.1324,-214.06799999999998,9.0,43.252159999999996,-0.3002094
-162.34799999999998,-241.3634,9.0,28.42612,-0.47354250000000003
-153.0156,-256.7915,9.0,22.13997,-0.3624507
-139.3985,-259.6094,9.0,17.361639999999998,0.1048191
-128.3079,-247.1737,9.0,30.090459999999997,0.5427513
-125.5279,-221.3523,9.0,36.889359999999996,-0.5340332
-128.756,-198.6818,9.0,20.84025,-1.606886
-127.3836,-187.1973,9.0,13.758560000000001,-0.25211880000000003
-118.3811,-181.6367,9.0,18.87213,0.1611096
-106.196,-186.3661,9.0,16.108610000000002,-0.33269040000000005
-102.5278,-198.1058,9.0,22.36374,1.217959
-103.5947,-219.7932,9.0,34.7073,0.5833119999999999
-106.0653,-246.983,9.0,36.597559999999994,-0.1142286
-95.22721999999999,-269.5032,9.0,32.90121,-0.1845227
-71.7747,-271.9478,9.0,32.54059,-0.03423352
-53.13071,-258.0056,9.0,33.0794,0.3139777
-47.32438,-233.0757,9.0,35.86633,0.1693086
-43.06116,-206.3309,9.0,35.60238,-0.1494188
-35.11908,-182.889,9.0,31.10543,-0.3780403
-20.36114,-168.2766,9.0,25.27298,-0.34613790000000005
-6.268661,-158.6894,9.0,21.26282,-0.1527294
5.642217,-150.4971,9.0,17.9912,0.1518142
12.69155,-137.6884,9.0,23.49304,0.5234414000000001
4.83566,-120.7103,9.0,28.48312,0.12483050000000001
-6.793169,-102.5576,9.0,29.728309999999997,0.01961218
-11.03246,-80.68382,9.0,30.87329,0.16554670000000002
-9.762678,-56.262980000000006,9.0,34.650529999999996,0.1332793
-5.295746,-30.43729,9.0,36.01495,0.07871424
-1.860025,-3.721626,9.0,35.51175,-0.5239952999999999
-4.57859,18.05556,9.0,24.286739999999998,-0.3237817
-10.076210000000001,32.26748,9.0,19.227610000000002,1.07992
-24.85519,43.205740000000006,9.0,29.137859999999996,0.43737650000000006
-48.7986,44.50724,9.0,36.09041,0.2580752
-78.15303,44.19751,9.0,43.173,0.5165207
-112.5032,42.03202,9.0,48.273990000000005,-0.04257313
-141.297,35.29869,9.0,34.41043,0.222606
-145.2601,11.38367,9.0,36.75128,0.5109431
-141.8277,-17.955289999999998,9.0,41.50757,-0.5910970999999999
-144.7537,-38.73534,10.0,16.85878,-0.2554175
-151.4253,-50.47355,10.0,19.700210000000002,-0.3438855
-162.8908,-56.57877,10.0,15.763710000000001,-0.3025914
-166.7449,-65.35994000000001,10.0,14.87641,0.6659284000000001
-157.3052,-73.14948000000001,10.0,17.85065,0.05880579
-143.7513,-72.48743,10.0,18.01037,-0.1748443
-129.8186,-75.10395,10.0,24.18742,0.5661016999999999
-112.8703,-86.53497,10.0,31.205370000000002,0.21132910000000002
-107.6476,-110.4795,10.0,36.6496,0.12458179999999999
-118.34100000000001,-129.7747,10.0,23.90069,-0.3783247
-133.3439,-133.5656,10.0,18.88511,-0.3469492
-143.4834,-125.4736,10.0,21.0949,0.6127468
-148.0904,-108.4893,10.0,22.40429,-1.851777
-151.7022,-103.2313,10.0,7.722425,0.5943936
-159.6898,-100.6054,10.0,15.304039999999999,0.4523148
-167.2202,-110.7547,10.0,21.46779,0.2562087
-168.4699,-129.3256,10.0,28.600590000000004,0.5234888
-168.8641,-153.1039,10.0,34.91859,0.1379022
-168.072,-180.3375,10.0,38.6683,0.13304860000000002
-165.2001,-209.3186,10.0,37.39713,-0.4606647
-163.8219,-234.1612,10.0,30.039690000000004,-0.4998085
-158.0776,-252.5443,10.0,22.973229999999997,-0.46303890000000003
-144.0404,-259.7375,10.0,23.74244,0.1319263
-130.2111,-250.3736,10.0,25.013289999999998,0.3099821
-124.6282,-231.368,10.0,28.50546,0.21578060000000002
-126.9243,-209.43900000000002,10.0,28.927609999999998,-0.4596651
-127.9855,-193.3399,10.0,16.32045,-0.3148769
-124.9097,-183.7751,10.0,11.78135,-0.17212070000000002
-114.5573,-182.2129,10.0,17.57565,0.12421669999999999
-104.1182,-189.5755,10.0,18.31609,0.06272702
-103.2881,-203.8775,10.0,20.77259,0.1838692
-104.3118,-219.8764,10.0,21.784329999999997,-0.010680799999999999
-105.7501,-237.4975,10.0,27.26585,0.4661484
-104.2073,-259.0046,10.0,29.75321,-0.14296660000000003
-87.48909,-272.5063,10.0,34.03682,0.6832905
-61.001380000000005,-267.3525,10.0,38.667190000000005,-0.009822121
-49.08936,-242.4509,10.0,40.91062,0.5945933000000001
-44.427040000000005,-211.0156,10.0,42.42688,-0.6321026999999999
-35.442640000000004,-184.4148,10.0,33.74126,-0.6330443
-20.12779,-168.5956,10.0,26.543870000000002,-0.4379013
-7.464053,-159.681,10.0,13.22724,-0.274975
2.086881,-152.9735,10.0,20.89177,0.04220056
12.12702,-142.5271,10.0,20.72671,0.49516579999999993
8.560227000000001,-125.1152,10.0,28.34083,0.3026075
-5.5046800000000005,-106.971,10.0,34.05993,0.208907
-10.39604,-82.27498,10.0,31.03995,-0.2578972
-9.225254,-57.74063,10.0,36.37112,0.4488486
-5.399004,-28.699609999999996,10.0,42.53761,0.4488803
-1.971329,4.650197,10.0,47.988,0.27819299999999997
-12.94099,36.209,10.0,42.76137,-0.13278689999999999
-43.31544,45.14692,10.0,45.63808,0.15677120000000003
-79.12165,44.29919,10.0,51.03009,0.40406590000000003
-117.7684,40.84005,10.0,48.372170000000004,-1.42349
-145.4654,30.60323,10.0,38.128859999999996,-0.3729127
-144.7771,4.212129,10.0,39.075959999999995,0.43654490000000007
-142.398,-25.75232,10.0,38.22465,-1.659214
-151.4708,-49.48717,11.0,35.7622,0.20106079999999998
-169.584,-68.23257,11.0,30.145459999999996,-1.418052
-162.2714,-80.75593,11.0,19.66065,0.01576856
-149.6566,-70.6775,11.0,24.84055,0.23625990000000002
-130.9637,-74.56279,11.0,29.80943,0.4908871
-113.4341,-89.51297,11.0,29.5348,-0.07351972
-110.1167,-113.0313,11.0,35.15867,-0.1962171
-123.0229,-131.0836,11.0,26.86335,0.1622874
-142.3099,-126.7858,11.0,31.11376,-0.09851526
-146.1422,-105.5071,11.0,17.40894,-3.08913
-154.1348,-100.5914,11.0,18.53735,0.47173590000000004
-166.3236,-109.5806,11.0,24.74671,0.3801826
-166.0089,-130.2052,11.0,31.22788,0.4509462
-168.3859,-155.6001,11.0,37.54095,0.4230126
-166.5125,-185.5119,11.0,43.4806,0.2043938
-163.8083,-219.7208,11.0,48.00114,-0.3825013
-158.8132,-250.2367,11.0,33.13114,-1.407065
-140.5802,-259.8581,11.0,30.31092,0.03735945
-127.2247,-243.9102,11.0,32.1315,0.4545751
-125.8748,-217.7997,11.0,38.17442,0.4513578
-127.4073,-190.6919,11.0,34.04992,0.2886803
-112.1234,-180.4154,11.0,25.17141,-0.40874299999999997
-107.4565,-196.9996,11.0,27.56363,0.5201135
-105.5364,-219.5635,11.0,33.69688,0.2070424
-107.0571,-246.7752,11.0,39.55422,0.152355
-91.90163000000001,-270.9334,11.0,39.30122,-0.2542316
-62.73948000000001,-268.1911,11.0,42.17816,0.05957003
-47.85165,-242.5415,11.0,43.219559999999994,0.4332873
-43.0083,-208.7105,11.0,48.90992,0.4071494
-27.689690000000002,-175.1518,11.0,51.51743,-0.4109839
-2.395494,-157.4503,11.0,34.66243,0.29996890000000004
11.71336,-140.7007,11.0,25.84978,-0.632296
7.696183,-123.7892,11.0,26.03395,0.48537399999999997
-4.754316,-106.1059,11.0,32.2783,0.40986990000000006
-10.009089999999999,-80.56138,11.0,38.40599,0.2210154
-8.472408999999999,-50.00932,11.0,44.1871,0.2088225
-2.4667689999999998,-15.701310000000001,11.0,49.7619,0.1793371
-5.416935,22.45792,11.0,51.959790000000005,-0.6140614999999999
-29.866709999999998,45.35666,11.0,46.137840000000004,-0.06943393
-65.40427,42.76578,11.0,50.62914,0.1912386
-104.8501,41.37659,11.0,55.89658000000001,0.2191701
-140.3718,34.87082,11.0,43.27864,-0.3437845
-148.4901,7.734597999999999,11.0,40.73272,0.366411
-142.1807,-23.66481,11.0,45.55588,0.02986735
-151.2523,-49.92933,12.0,29.275059999999996,-1.001826
-168.1981,-60.42145,12.0,27.007590000000004,-0.1463597
-158.7622,-72.30165,12.0,24.77357,0.41453690000000004
-138.1226,-71.79055,12.0,31.136059999999997,0.21667039999999999
-115.9254,-82.99899,12.0,36.54462,0.2988634
-106.8189,-108.6167,12.0,37.05903,-0.7605613
-118.8857,-127.0996,12.0,28.354779999999998,0.2048535
-136.0651,-132.8447,12.0,21.48586,-0.5603686
-146.153,-120.0702,12.0,26.34757,0.49791729999999995
-152.9027,-102.0649,12.0,22.50465,-0.5744618
-166.0678,-105.163,12.0,20.88314,0.25472910000000004
-167.2772,-125.3093,12.0,34.41064,0.233089
-169.0038,-152.9691,12.0,40.33432,0.3657782
-166.8348,-185.0021,12.0,46.05317,0.21016089999999998
-164.7664,-221.149,12.0,51.52973,0.12000699999999999
-157.0095,-253.6857,12.0,38.366240000000005,-0.7664956999999999
-136.5977,-254.898,12.0,28.54642,0.2834266
-127.6861,-234.1849,12.0,33.460229999999996,0.4804164000000001
-126.2868,-207.372,12.0,36.406,-1.340992
-124.9468,-183.5459,12.0,30.95021,-0.5913433000000001
-107.4378,-184.8946,12.0,24.85238,-0.2798509
-110.0674,-203.7406,12.0,29.04885,0.4611606
-109.6891,-227.6983,12.0,35.542790000000004,0.22909629999999997
-104.9599,-255.8492,12.0,41.38247,0.2554892
-82.2672,-271.8977,12.0,39.57206,0.09310674
-53.084219999999995,-262.6146,12.0,42.74248,-0.7644814999999999
-47.727509999999995,-237.34,12.0,32.45434,-0.2165131
-53.146069999999995,-220.0383,12.0,10.71906,-0.539424
-53.260940000000005,-215.4256,12.0,3.728242,-0.514987
-52.93858,-215.9322,12.0,5.320812,0.6805313000000001
-47.29372,-218.6925,12.0,12.769730000000001,0.42513100000000004
-42.062129999999996,-209.9039,12.0,14.038870000000001,-0.2781143
-41.48983,-199.3622,12.0,18.70284,0.5461714
-36.84727,-183.6615,12.0,25.67628,0.4891026
-22.17192,-168.3402,12.0,32.04132,0.2359947
0.07789706,-154.7131,12.0,37.83672,-0.11823779999999999
12.4106,-132.985,12.0,29.3055,-0.8202546000000001
0.6289616,-113.1487,12.0,37.99258,1.186234
-10.383610000000001,-81.65104000000001,12.0,51.7892,0.2967097
-6.647782,-41.86377,12.0,56.429469999999995,0.37807670000000004
-2.245101,1.1749450000000001,12.0,57.539390000000004,-1.47387
-9.943622,31.09695,12.0,33.35856,1.337118
-31.531670000000002,45.48975,12.0,37.84855,0.2691487
-61.338809999999995,44.26481,12.0,43.19686,0.4293224
-95.45786,43.52193,12.0,48.82458,0.4141068
-132.109,39.31644,12.0,47.67287,-0.02321662
-153.1552,19.61451,12.0,23.490370000000002,-3.6476059999999997
-153.7607,12.56579,12.0,1.399335,0.5921506999999999
-149.6676,11.96965,12.0,9.830305000000001,0.26466300000000004
-146.4449,2.8268240000000002,12.0,17.45745,0.5817291
-144.5968,-12.77084,12.0,24.77276,0.4932781
-141.8873,-33.30768,13.0,2.914088,-0.42520119999999995
-142.8557,-38.47436,13.0,11.21699,0.576703
-148.71200000000002,-47.8029,13.0,18.75895,0.5082380999999999
-162.7842,-56.27253,13.0,25.3714,0.15124010000000002
-165.513,-71.34991,13.0,18.67785,-0.49148869999999995
-153.4893,-76.14635,13.0,20.26698,0.3968192
-138.7416,-72.37204,13.0,18.5905,-0.17629189999999997
-123.1326,-75.33652,13.0,25.36559,0.48215929999999996
-109.2457,-90.37169,13.0,31.09188,0.19336140000000002
-109.1179,-114.5623,13.0,35.58883,0.1311496
-129.5334,-131.9871,13.0,38.6623,-0.21308850000000001
-146.0486,-124.9809,13.0,14.14894,-0.9518895
-141.7272,-123.0538,13.0,9.913916,0.5509685999999999
-139.0005,-122.5406,13.0,4.443057,0.29495859999999996
-144.1969,-125.1039,13.0,9.946508999999999,-0.1204105
-145.5234,-129.1679,13.0,0.40743240000000003,-0.7136909
-144.7504,-126.1063,13.0,8.862753999999999,0.6523869999999999
-140.43200000000002,-117.4596,13.0,17.07872,0.5439222
-144.08,-103.2189,13.0,23.96115,0.4443549
-160.7823,-99.6223,13.0,23.78848,-0.5613345999999999
-167.1749,-115.7103,13.0,28.56973,0.2690212
-167.6639,-139.4882,13.0,35.601259999999996,0.5057486
-167.7683,-168.4775,13.0,42.26497,0.48192120000000005
-167.9404,-202.1071,13.0,48.475809999999996,0.20641529999999997
-166.2316,-239.6259,13.0,49.417840000000005,-1.308134
-141.8689,-257.6826,13.0,39.74351,-1.523285
-127.3725,-242.1647,13.0,31.416829999999997,0.6112924
-127.6617,-215.1282,13.0,41.14748,0.5005208999999999
-126.8266,-188.6579,13.0,20.79393,-2.223338
-118.6426,-181.55599999999998,13.0,15.54646,0.5818255999999999
-107.1947,-188.6985,13.0,23.184639999999998,0.47000590000000003
-105.0547,-208.0547,13.0,30.069090000000003,0.5054508
-108.1156,-232.7107,13.0,36.84772,0.1946281
-99.30721,-260.0773,13.0,41.811170000000004,0.1247299
-72.16173,-272.3843,13.0,42.62978,0.01807645
-50.531859999999995,-252.0407,13.0,42.73392,0.1746148
-47.98565,-218.75799999999998,13.0,46.10399,-0.24450039999999998
-36.5019,-189.525,13.0,44.13709,0.39785190000000004
-12.67624,-164.1879,13.0,50.00308,0.43289040000000006
9.166109,-133.9407,13.0,46.757329999999996,-1.201557
-0.9392763000000001,-108.0417,13.0,33.290820000000004,-0.5304625
-8.360984,-89.09031999999999,13.0,31.45921,0.5144417
-5.918762,-63.37595,13.0,38.25505,0.24879570000000004
-5.216986,-32.61613,13.0,44.75497,0.47786709999999993
-3.7237760000000004,2.803983,13.0,50.790209999999995,0.4196845
-12.88649,36.276309999999995,13.0,38.63026,-1.988646
-32.5614,39.430409999999995,13.0,17.8751,-1.676441
-35.08636,32.583709999999996,13.0,0.1488671,-0.13605079999999997
-35.1391,32.59111,13.0,0.05774136,0.006683195
-35.08003,32.79773,13.0,2.422413,0.309756
-33.97707,37.45298,13.0,10.21057,0.2484893
-32.33842,44.03934,13.0,4.494143,-0.360982
-32.52167,43.94507,13.0,4.472886,0.29126979999999997
-37.77515,41.17755,13.0,12.25912,0.5648093000000001
-49.108999999999995,44.35202,13.0,19.464570000000002,0.2670398
-66.00135999999999,44.823609999999995,13.0,26.16593,0.4760423
-87.54471,41.9654,13.0,32.44216,0.20036310000000002
-113.772,42.97651,13.0,38.1556,0.1814965
-140.6159,32.80021,13.0,38.68073,-0.1895705
-147.717,6.009117,13.0,40.54168,0.40049609999999997
-144.5382,-25.82489,13.0,45.786640000000006,0.3200406
-153.7163,-54.049119999999995,14.0,32.21867,-0.6711126999999999
-162.4034,-69.65684,14.0,23.316679999999998,0.400251
-145.304,-75.67161999999999,14.0,28.73457,0.4822058
-123.0647,-80.65266,14.0,33.60295,0.34059229999999996
-109.5239,-102.2587,14.0,37.01701,0.15731420000000002
-120.4793,-127.0162,14.0,39.0402,0.03907383
-143.6361,-128.6188,14.0,25.07433,-1.189418
-145.7391,-120.0529,14.0,1.312782,0.09775203
-146.6356,-119.0665,14.0,1.894265,-0.01371487
-147.4506,-118.1089,14.0,1.485723,-0.0254942
-149.0722,-117.2798,14.0,4.08542,-0.03020899
-150.9,-117.4552,14.0,1.4728350000000001,0.3350517
-147.289,-114.92399999999999,14.0,10.34424,0.616055
-144.9633,-105.0435,14.0,18.017139999999998,0.45810200000000006
-156.8156,-96.69724000000001,14.0,23.44266,0.22684250000000003
-168.0036,-109.6876,14.0,27.476940000000003,0.41856190000000004
-166.2741,-132.5063,14.0,34.379529999999995,0.49360950000000003
-166.72,-160.5016,14.0,41.155559999999994,0.2192062
-167.1581,-193.3907,14.0,47.57333,0.47405590000000003
-166.3432,-230.7502,14.0,51.81353,-0.7790723
-150.0835,-254.3313,14.0,27.96701,-2.16379
-141.7154,-251.9334,14.0,4.536996,-0.1297504
-141.0381,-249.5368,14.0,3.611499,0.9279765
-135.8842,-248.2132,14.0,11.29017,0.5071045999999999
-126.4595,-251.8158,14.0,12.94704,-0.3542128
-120.9703,-247.0568,14.0,11.44341,0.5500199
-123.7417,-235.5053,14.0,20.39854,0.5541615
-126.6057,-217.7796,14.0,28.001040000000003,0.2730485
-127.8184,-194.3655,14.0,35.09085,0.37861890000000004
-113.774,-179.023,14.0,25.58089,-1.0370139999999999
-105.2986,-193.4119,14.0,31.222009999999997,0.6745505
-107.4618,-224.1165,14.0,51.44352,1.378249
-96.59685999999999,-262.5911,14.0,50.90982,-1.260464
-65.26258,-270.8076,14.0,46.57325,-0.1329531
-48.09682,-245.6075,14.0,43.4966,0.1231796
-47.40087,-211.7512,14.0,47.97057,0.20995029999999998
-27.26864,-180.7663,14.0,52.76014,0.3740655
1.8407069999999999,-152.0026,14.0,55.88593,-0.5863034
8.012899,-121.8749,14.0,29.695690000000003,-0.8066835
-3.6977839999999995,-105.5168,14.0,29.118540000000003,0.46939529999999996
-5.465114,-81.72861999999999,14.0,35.765209999999996,0.5269493000000001
-3.1370270000000002,-52.82473,14.0,42.4736,0.22905820000000005
-2.21294,-18.92971,14.0,48.79405,0.2053341
-4.184172,19.1216,14.0,51.66525,-1.0316459999999998
-25.41807,42.492540000000005,14.0,43.13348,-0.04377775
-58.916880000000006,40.45272,14.0,48.15016,0.45380410000000004
-96.80278,40.31048,14.0,54.047259999999994,0.1863273
-134.4327,38.86656,14.0,41.01785,-1.934921
-145.2689,23.07864,14.0,10.94592,-1.368218
-143.1605,23.20459,14.0,6.084618,-0.509732
-141.2024,25.59379,14.0,0.07983367,-1.059598
-143.5885,22.69533,14.0,8.52852,0.36508379999999996
-149.1506,21.863970000000002,14.0,3.695733,-0.7803243000000001
-148.3646,21.372239999999998,14.0,5.991301,0.6639335
-143.0802,15.80251,14.0,14.81519,0.6300879
-140.7813,2.155241,14.0,22.97116,0.5707291
-142.2248,-17.78394,14.0,30.7979,0.5607824
-141.8389,-35.700759999999995,1.0,5.65963,-0.008456505
-142.6422,-43.35344,1.0,15.04855,0.6116672
-151.6153,-54.002559999999995,1.0,23.275570000000002,0.2944703
-163.1119,-68.28676999999999,1.0,27.007279999999998,-0.22827329999999998
-149.4093,-75.34281999999999,1.0,24.06382,0.12180999999999999
-136.3834,-68.92351,1.0,7.1325009999999995,0.004665202
-135.8626,-68.27888,1.0,0.02628392,-0.0005957995
-135.8439,-68.28163,1.0,0.02439917,-0.003636794
-135.8277,-68.28362,1.0,0.01808333,-0.006369785
-136.0865,-70.01816,1.0,4.462248000000001,0.06620415
-135.6684,-73.32542,1.0,4.223743,-0.06752216
-136.3364,-75.98839,1.0,3.490735,-0.01132882
-136.0674,-75.95565,1.0,5.020193,0.3466355
-129.2121,-75.19584,1.0,13.89495,0.6328134
-118.5884,-82.02405,1.0,21.3569,0.2929429
-111.0774,-99.18092,1.0,29.03632,0.49638509999999997
-114.7281,-121.85600000000001,1.0,34.60788,0.1691037
-136.9995,-132.9255,1.0,32.09325,-1.372169
-146.1876,-119.4132,1.0,21.84665,-0.02930653
-138.4587,-108.7928,1.0,2.1906470000000002,-2.027822
-138.4581,-108.7225,1.0,0.02271121,-0.01791668
-138.4588,-108.7391,1.0,0.02299445,0.01721401
-140.9996,-108.1082,1.0,7.780154,0.3342139
-145.6168,-110.6617,1.0,3.107157,-1.499855
-144.8346,-108.9446,1.0,7.1021350000000005,0.3118259
-146.0134,-100.9524,1.0,15.3177,0.5485208
-157.2205,-95.79486999999999,1.0,16.54874,-0.3903241
-165.4049,-102.7703,1.0,18.26824,0.6222188
-167.6941,-121.677,1.0,32.127320000000005,0.4139215
-166.5233,-147.8575,1.0,40.47316,0.7479569
-164.5993,-174.8518,1.0,33.1706,-0.24633720000000003
-167.9978,-198.2665,1.0,36.58186,1.398622
-166.5628,-227.3463,1.0,36.765159999999995,-0.5208263
-158.5694,-248.6297,1.0,26.47895,-0.6817069
-139.1275,-249.5918,1.0,29.838620000000002,0.5183438
-121.8894,-237.2059,1.0,25.10416,-0.9118136999999998
-130.6246,-222.3134,1.0,25.05795,-0.8194159
-124.2714,-207.8781,1.0,20.69565,-0.5151384
-124.53399999999999,-194.6676,1.0,17.65755,-0.16350689999999998
-120.9613,-184.7322,1.0,16.035510000000002,0.4715522
-110.9701,-190.0086,1.0,16.33775,-0.2802631
-110.0954,-200.953,1.0,13.91032,-0.08208086
-109.5364,-213.55200000000002,1.0,21.12732,0.5793185000000001
-107.6156,-231.951,1.0,28.753420000000002,0.2662854
-102.1488,-255.1112,1.0,35.37737,0.17308489999999999
-80.91035,-271.2331,1.0,38.9259,0.1496156
-56.011309999999995,-259.4961,1.0,39.636590000000005,0.04744469
-51.61094,-230.0469,1.0,43.1838,0.1632382
-38.698209999999996,-199.0167,1.0,48.16826,0.3276412
-14.254589999999999,-170.3254,1.0,53.833,0.1855221
9.266326,-135.8361,1.0,58.108259999999994,-0.41629659999999996
10.87832,-106.9297,1.0,16.0883,-1.07657
9.850224,-104.2953,1.0,0.5647591,0.1022912
10.13668,-104.4921,1.0,3.127062,0.5039022
13.93304,-106.8405,1.0,8.445136999999999,0.2735645
18.42973,-106.9518,1.0,1.617774,-0.7170119
16.37055,-107.5887,1.0,7.316808999999999,0.61637
8.699786999999999,-111.1836,1.0,15.2261,0.5884579000000001
-0.1920554,-106.1355,1.0,19.05661,0.5196033
1.050067,-89.52385,1.0,25.73665,0.3981961
-4.570526999999999,-68.68236999999999,1.0,32.56573,0.4781611
-5.838478,-42.06442,1.0,39.2556,0.46010290000000004
-6.38897,-10.64184,1.0,45.52635,0.21023609999999998
-7.282694,24.912689999999998,1.0,46.53453,-1.75205
-19.3686,44.548120000000004,1.0,16.22326,-1.427581
-28.57797,38.95125,1.0,18.10624,0.5067679
-44.3371,38.943490000000004,1.0,25.21915,0.5289144
-65.58492,39.61509,1.0,32.29974,0.5130032
-92.0418,39.70115,1.0,39.05253,0.4681258
-123.3154,40.62552,1.0,44.33217,-0.4572362
-144.2605,30.43175,1.0,21.73899,-1.551983
-140.0567,24.77463,1.0,9.297145,0.2512609
-137.7517,24.25175,1.0,0.06553409,-0.01665623
-137.7516,24.20984,1.0,0.04724774,-0.02887696
-139.967,24.622510000000002,1.0,7.02053,0.2553414
-146.9523,24.20555,1.0,10.97669,-0.02395013
-151.1843,25.411070000000002,1.0,0.9142485999999999,-0.6452266
-149.0954,24.09882,1.0,7.530977,0.5881202
-147.3657,16.21707,1.0,14.9447,0.2483647
-151.9865,3.6807519999999996,1.0,21.145960000000002,0.21136770000000002
-147.7789,-13.878279999999998,1.0,27.727520000000002,0.464855
-146.2487,-36.67855,2.0,33.85369,0.2859753
-161.8467,-53.63126,2.0,33.04615,-0.3262163
-163.37,-71.60967,2.0,21.60003,-0.5838760999999999
-156.2079,-69.51980999999999,2.0,8.768369999999999,-0.040301199999999995
-155.6998,-68.52759,2.0,0.05646911,0.017024900000000003
-155.7169,-68.64144,2.0,1.6873150000000001,0.6439933000000001
-156.2789,-71.80251,2.0,5.130513,-0.0265664
-156.9355,-75.04401999999999,2.0,1.943138,-0.7325611999999999
-155.3009,-73.59253000000001,2.0,7.698519999999999,0.7048439000000001
-146.7859,-74.35484,2.0,16.29032,0.5721082
-134.7156,-81.93590999999999,2.0,19.605320000000003,-0.27409540000000004
-122.0912,-85.81249,2.0,18.259120000000003,0.8289834
-111.1991,-101.20100000000001,2.0,31.67124,-0.22378160000000002
-117.6757,-122.6667,2.0,33.15141,0.1173739
-138.757,-130.0949,2.0,27.594590000000004,-0.6327959
-143.5431,-117.3361,2.0,21.48184,0.5295377
-141.19899999999998,-103.7397,2.0,18.65356,0.2835209
-155.711,-102.389,2.0,20.5791,-0.437754
-160.9773,-113.2295,2.0,16.49305,-0.1644241
-163.6477,-125.96,2.0,19.63315,0.37486379999999997
-165.4,-144.1691,2.0,28.72803,0.5550262
-165.3436,-168.2845,2.0,36.33827,0.5289118
-165.6966,-197.9353,2.0,43.47273,0.5081604999999999
-165.2896,-232.5538,2.0,49.0718,0.009464364
-155.3656,-250.7457,2.0,23.08237,0.1953961
-135.7633,-251.484,2.0,30.30452,0.3424098
-125.8724,-236.584,2.0,24.64854,0.6516849
-125.9507,-215.23,2.0,33.91415,0.21918560000000004
-125.8662,-189.3199,2.0,25.26951,-1.6675849999999999
-118.2088,-183.9878,2.0,13.485389999999999,0.3286619
-110.8762,-192.7072,2.0,20.40916,0.5834971
-109.4012,-210.8481,2.0,28.505840000000003,0.2872862
-106.5343,-234.639,2.0,36.10394,0.5200725
-96.2672,-261.6418,2.0,41.975390000000004,0.2199658
-68.91117,-268.9911,2.0,40.52578,0.27098720000000004
-49.12102,-246.8838,2.0,42.27697,-0.01442071
-48.19543,-214.0411,2.0,47.17743,0.1711701
-29.49517,-183.5873,2.0,51.555679999999995,0.47362150000000003
-2.266993,-153.6303,2.0,57.49975,0.03459123
8.331178,-126.522,2.0,19.50241,-2.417221
-1.683486,-115.5503,2.0,23.857229999999998,0.5108606
-6.7487520000000005,-96.34338000000001,2.0,30.95692,0.5465268
-6.684296000000001,-70.6262,2.0,38.35552,0.2556245
-6.824669999999999,-39.58821,2.0,45.37505,0.4976788
-7.301782000000001,-3.501471,2.0,51.9437,0.4658996
-10.356489999999999,34.58613,2.0,44.03953,-2.007789
-25.17086,46.10833,2.0,8.822789,-2.675759
-25.52991,43.73953,2.0,7.252306,0.6088748
-31.889570000000003,39.7754,2.0,15.40344,0.5602222
-44.90943,45.87246,2.0,23.36937,0.5027781
-64.47859,44.466590000000004,2.0,30.559340000000002,0.2761759
-89.8331,41.74088,2.0,38.028659999999995,0.5083575
-120.5584,40.66098,2.0,44.9401,0.2280549
-148.3243,28.983590000000003,2.0,30.7569,-0.9050335999999999
-149.5525,18.878,2.0,1.856018,0.6545493
-145.1527,18.533520000000003,2.0,10.64224,0.5923201
-144.5311,8.347147,2.0,18.68936,0.447474
-151.086,-6.25868,2.0,24.76814,0.340427
-146.0791,-26.649459999999998,2.0,31.94019,0.2613376
-142.931,-39.042229999999996,3.0,11.78243,-0.04818228
-146.8964,-47.04249,3.0,15.54445,0.9514646000000001
-157.4055,-53.370740000000005,3.0,15.50891,-0.2227297
-166.0809,-57.92592,3.0,11.6824,-0.318412
-165.4058,-65.32921999999999,3.0,10.17248,1.381501
-157.0764,-72.17883,3.0,18.81904,0.5144426
-140.3711,-72.2687,3.0,26.38215,0.2595116
-120.9337,-80.4305,3.0,27.094520000000003,-0.4371723
-109.5342,-94.40555,3.0,23.67833,0.9842144
-109.1076,-114.4605,3.0,26.04755,-0.410559
-118.103,-128.7752,3.0,20.70355,-0.1606299
-133.7001,-133.6464,3.0,24.33815,-0.6329614
-143.9626,-120.0601,3.0,30.50096,1.113876
-154.6995,-104.0235,3.0,18.08932,-1.7907060000000001
-165.2239,-109.3751,3.0,20.67224,0.4689447
-168.2257,-127.2985,3.0,28.604029999999998,0.5733639
-169.8189,-151.2254,3.0,36.008,0.2485995
-167.3875,-180.3872,3.0,42.99752,0.5263284
-164.6556,-214.6429,3.0,49.56628,0.2054317
-161.2706,-249.521,3.0,41.36424,-1.5308950000000001
-141.7693,-257.8436,3.0,25.10585,-0.5250351
-127.1555,-242.4532,3.0,32.18906,0.2930231
-127.7977,-217.6201,3.0,37.27332,0.2324185
-126.5644,-191.5002,3.0,33.01345,-2.036931
-114.1494,-178.5594,3.0,22.85872,-0.4874469
-109.7726,-191.9224,3.0,24.16013,0.5401052
-105.7311,-211.5578,3.0,31.14948,0.44675509999999996
-105.4534,-233.9667,3.0,27.90925,-0.38472629999999997
-104.8172,-256.3631,3.0,35.571509999999996,0.3344244
-85.16084000000001,-271.8078,3.0,36.366609999999994,0.1752908
-63.393130000000006,-268.8467,3.0,17.009079999999997,-0.5473284
-56.41261,-266.9084,3.0,3.279871,-0.8709559000000001
-56.958659999999995,-267.2563,3.0,1.424773,-0.2113531
-56.75188000000001,-267.0381,3.0,3.3440589999999997,0.5184361
-53.95332,-263.6811,3.0,7.486866,0.13425479999999998
-48.82858,-262.9742,3.0,5.558678,-0.878858
-48.600359999999995,-262.9631,3.0,4.656643,0.6624098
-50.148070000000004,-256.6547,3.0,13.01313,0.616837
-47.13173,-244.4055,3.0,20.94752,0.5542895999999999
-44.13609,-226.3695,3.0,28.383290000000002,0.5457031999999999
-41.43571,-202.8419,3.0,35.38685,0.47960870000000005
-28.78095,-179.0754,3.0,39.71478,0.23493730000000002
-8.333119,-159.0843,3.0,29.5382,-1.651778
5.36321,-148.3837,3.0,20.5183,-0.1870095
11.79221,-137.0736,3.0,15.6015,-0.3201402
9.16659,-126.1207,3.0,18.04641,0.5465648
-0.5351008,-113.3193,3.0,25.35414,0.2599226
-8.282557,-93.30748,3.0,32.37481,0.49422740000000004
-10.37837,-67.10866,3.0,38.84359,0.47019540000000004
-6.5038730000000005,-36.15783,3.0,45.10426,0.4411179
-3.406337,-3.552406,3.0,40.33023,-2.164252
-4.555812,13.19108,3.0,8.338503,-0.9322796999999998
-5.222233,17.06758,3.0,8.6649,0.6194172
-7.533855,26.372709999999998,3.0,17.10124,0.5755077
-16.490560000000002,38.5737,3.0,24.36221,0.5052529
-35.81188,45.0701,3.0,30.965190000000003,0.22480429999999996
-61.351969999999994,44.732079999999996,3.0,37.896809999999995,0.24380500000000002
-91.838,43.15081,3.0,44.49418,0.4572406
-125.5077,39.75445,3.0,43.89552,-0.5338460999999999
-149.4684,26.73446,3.0,34.69126,-0.5541848
-143.8945,3.260482,3.0,34.68355,0.04708434
-145.0469,-24.24002,3.0,40.25808,0.26943959999999995
-149.0658,-51.23693,4.0,25.92936,-2.394747
-162.9635,-54.73712,4.0,19.69089,-0.07622689999999999
-166.1845,-66.36086,4.0,21.38581,0.2086794
-149.8357,-72.65760999999999,4.0,27.6988,0.5337549
-127.6829,-77.2617,4.0,34.06988,0.41975109999999993
-109.9343,-97.17255,4.0,39.12304,0.104448
-115.6724,-123.4352,4.0,37.51981,-0.03279058
-138.5714,-130.9955,4.0,32.071059999999996,-0.6423342
-144.0305,-110.9835,4.0,31.347959999999997,0.04860762
-153.918,-98.79297,4.0,16.2345,-0.1895953
-164.9269,-107.6143,4.0,23.744770000000003,0.5006749
-168.9286,-127.4599,4.0,31.01305,0.5191177
-170.0322,-152.8674,4.0,37.80172,0.481088
-167.1396,-183.231,4.0,44.415079999999996,0.45919079999999995
-163.8911,-218.2437,4.0,49.44178,-0.01989298
-160.5731,-248.6472,4.0,24.12724,-1.424964
-148.6424,-256.7714,4.0,20.93344,0.8485339
-132.4706,-254.0603,4.0,25.220270000000003,0.229523
-125.7324,-233.9807,4.0,32.04781,0.4800068
-128.275,-208.4094,4.0,38.11264,0.1958638
-121.9845,-180.9897,4.0,37.08801,-0.8229612
-101.0542,-181.4764,4.0,26.30224,-0.7434666999999999
-106.2906,-194.6086,4.0,22.562820000000002,0.5630805
-114.5535,-201.5038,4.0,1.6382450000000002,-1.654391
-114.555,-201.5551,4.0,0.005754901999999999,-0.011945299999999999
-113.5494,-201.7746,4.0,4.078804,0.45101779999999997
-109.9918,-199.6365,4.0,6.043764,-0.3709735
-109.6756,-198.4453,4.0,2.29275,0.5315966999999999
-109.0303,-202.7809,4.0,9.49088,0.5296662
-107.0843,-212.1658,4.0,16.222939999999998,0.4616396
-105.2164,-226.393,4.0,22.50313,0.4481174
-105.961,-245.255,4.0,28.25295,0.3750062
-97.60658000000001,-265.6141,4.0,32.29096,0.1788408
-74.52226,-271.4959,4.0,34.93264,0.2979294
-52.13843,-257.8137,4.0,37.0747,-0.120794
-49.31387,-229.8717,4.0,40.168659999999996,0.3383546
-42.17171,-199.622,4.0,44.355579999999996,0.2990693
-22.01426,-172.8655,4.0,46.75287,-0.07195114
0.47383420000000004,-152.7027,4.0,27.40414,-2.0380990000000003
11.24848,-141.2956,4.0,17.82554,-0.49230329999999994
10.48788,-128.1591,4.0,23.21791,0.19051020000000002
-1.377305,-112.9729,4.0,28.673340000000003,0.16474760000000002
-8.840507,-91.10406,4.0,33.86005,0.3682307
-10.41388,-64.30103000000001,4.0,38.81597,0.1641344
-5.5238059999999995,-34.17626,4.0,43.54722,0.163088
-1.468192,-0.5337838,4.0,47.71985,0.17803010000000002
-9.044279,30.36924,4.0,27.31693,-0.69933
-26.135070000000002,42.39305,4.0,31.187920000000002,0.3259736
-50.945440000000005,43.52539,4.0,36.16897,0.3880836
-79.6072,43.28399,4.0,41.17941,0.1831464
-111.4236,41.0031,4.0,43.12276,-0.3200518
-136.0395,37.6046,4.0,15.59976,-1.51967
-145.1109,30.214090000000002,4.0,18.96951,0.2144587
-147.9909,14.4351,4.0,24.72429,0.4025953
-144.4597,-5.659871,4.0,30.393590000000003,0.20875760000000002
-141.755,-29.93992,4.0,34.95943,-0.24497129999999998
-151.0909,-49.405190000000005,5.0,26.42108,0.15388570000000001
-168.0184,-60.2368,5.0,23.8823,-1.32722
-161.5621,-69.58023,5.0,16.50659,-0.38780529999999996
-147.9829,-71.24767,5.0,22.49,0.21283809999999997
-129.7027,-75.9527,5.0,28.330440000000003,0.3559756
-111.6607,-89.1487,5.0,32.694379999999995,0.2133795
-109.5068,-113.2473,5.0,33.981840000000005,-0.21028270000000002
-123.2676,-131.9999,5.0,30.17718,-0.5008935
-140.2605,-128.1493,5.0,23.35761,0.0631185
-146.5549,-110.3656,5.0,28.068659999999998,0.17530410000000002
-162.3608,-100.7296,5.0,20.585729999999998,-0.7137441
-164.5447,-111.5584,5.0,16.84422,0.1666012
-166.8729,-126.6972,5.0,24.73787,1.122369
-168.3608,-151.5848,5.0,43.09077,1.278961
-165.2802,-186.1294,5.0,49.60179,0.364065
-164.31900000000002,-221.0582,5.0,34.918079999999996,-1.285962
-163.3032,-238.5853,5.0,19.35654,-0.2126292
-159.8097,-250.2004,5.0,14.87009,0.1015563
-149.2653,-259.0175,5.0,23.99515,0.44438479999999997
-131.7126,-253.2524,5.0,30.466559999999998,0.396156
-125.3767,-227.1445,5.0,40.90589,0.23758110000000002
-128.6788,-199.8966,5.0,24.319979999999997,-1.171331
-125.3388,-186.1763,5.0,15.97095,-0.4736996
-112.8768,-182.3629,5.0,23.01224,0.6490113000000001
-102.5803,-195.8648,5.0,27.0113,0.5848366999999999
-103.3761,-219.6168,5.0,35.81864,0.4106579000000001
-105.645,-246.4576,5.0,34.2131,-0.6136183000000001
-97.80278,-266.7996,5.0,29.95532,0.2772176
-75.31129,-271.7722,5.0,33.85988,0.308578
-53.93971,-258.6324,5.0,35.96713,0.05756188
-48.12652,-231.1636,5.0,40.24355,0.17436500000000002
-42.621,-200.0847,5.0,44.86204,0.2689269
-24.2888,-171.6305,5.0,47.76896,0.2665587
-4.142359,-156.8591,5.0,14.707020000000002,-0.36568959999999995
3.4193550000000004,-151.7348,5.0,10.05941,-0.2982816
8.003192,-147.8447,5.0,6.39994,-0.25942689999999996
12.254610000000001,-141.8925,5.0,13.28413,0.45825070000000007
11.723989999999999,-130.1211,5.0,19.34242,0.41705909999999996
2.220367,-116.6624,5.0,25.240660000000002,0.4290254
-6.734172,-98.03198,5.0,30.70247,0.3856409
-10.67821,-73.71884,5.0,35.87627,0.3459134
-7.226203,-45.58928,5.0,40.724000000000004,0.3604144
-2.164072,-14.08395,5.0,45.41943,0.1483264
-3.4398699999999995,15.512570000000002,5.0,30.382740000000002,-0.7831244
-7.226638,26.295009999999998,5.0,11.00648,0.8782598
-13.50821,36.1261,5.0,19.10606,0.41710509999999995
-27.68876,43.79714,5.0,24.790760000000002,0.1848779
-48.01233,45.29149,5.0,30.3723,0.194313
-72.5252,44.611999999999995,5.0,35.79793,0.36918259999999997
-100.9339,43.02048,5.0,40.86014,0.3600486
-128.9624,40.04912,5.0,28.71795,-3.3183239999999996
-142.6559,33.336079999999995,5.0,22.544539999999998,0.3509322
-148.0773,15.68971,5.0,27.796559999999996,0.1830039
-144.1977,-6.4184470000000005,5.0,33.09578,0.38865229999999995
-142.2162,-31.70417,5.0,30.58673,-0.4998478
-146.0125,-44.63118,6.0,12.54565,0.4247692
-155.1036,-53.672090000000004,6.0,18.26107,-0.19162910000000002
-165.0115,-58.9437,6.0,12.47638,-0.31450959999999994
-163.3804,-69.21751,6.0,19.96108,0.7187033
-145.8056,-71.81355,6.0,31.781159999999996,1.1078350000000001
-120.5572,-80.54771,6.0,41.50029,0.611989
-109.9856,-105.223,6.0,34.639509999999994,-0.7178937
-116.7013,-118.3344,6.0,10.95775,-0.3055685
-120.7842,-128.5839,6.0,19.83199,-0.24770419999999999
-132.2305,-134.0882,6.0,19.822879999999998,0.20335989999999998
-143.8809,-123.5748,6.0,25.12088,0.2427554
-147.9178,-106.6183,6.0,12.98691,-2.125911
-152.6634,-102.5432,6.0,10.06521,0.7147397
-162.6292,-101.6398,6.0,15.98285,-0.4363706
-167.14700000000002,-113.4411,6.0,22.69681,1.0135459999999998
-168.6544,-135.3442,6.0,36.25906,0.8904928
-168.4907,-166.6696,6.0,47.73706,0.3750507
-165.1566,-205.3822,6.0,54.10955,-0.8670111999999999
-163.4032,-241.1975,6.0,40.54213,-1.518735
-150.1184,-258.1201,6.0,24.86691,-0.5740468000000001
-134.9061,-254.8504,6.0,19.346420000000002,0.2986013
-126.1387,-240.3069,6.0,26.537909999999997,0.38804320000000003
-125.5324,-218.7223,6.0,31.89797,0.3872325
-128.7939,-193.6601,6.0,32.49953,-0.7333943
-120.4139,-182.1355,6.0,18.94541,0.36129229999999996
-106.7727,-188.59799999999998,6.0,23.549529999999997,0.3170908
-102.5496,-207.1631,6.0,28.7301,0.40574520000000003
-104.8187,-230.4268,6.0,34.1874,0.392612
-104.4987,-257.4291,6.0,38.675059999999995,0.11156089999999999
-84.5087,-272.654,6.0,33.242090000000005,-0.8591478000000001
-63.57639,-267.8756,6.0,25.23348,-0.525003
-50.96696,-257.0937,6.0,25.44977,0.39875920000000004
-46.68914,-235.7195,6.0,32.26089,0.39751859999999994
-43.56154,-210.0415,6.0,37.52482,0.1822756
-35.180820000000004,-182.3093,6.0,40.78771,0.002484011
-11.3663,-163.4272,6.0,37.60194,-1.451822
1.6438150000000002,-153.4587,6.0,13.31064,-0.1701426
8.490603,-147.4809,6.0,12.59494,0.28781090000000004
12.864460000000001,-137.3744,6.0,18.96094,0.6453930999999999
5.794580000000001,-122.2418,6.0,28.48419,1.091436
-6.838217,-99.46633,6.0,42.58748,0.4905285
-9.333181,-63.176719999999996,6.0,55.36821,0.4144325
-2.560798,-19.68907,6.0,61.96164,0.4060178
-4.4369629999999995,17.24383,6.0,30.4786,-2.955143
-10.89246,32.574290000000005,6.0,22.296689999999998,0.4323447
-26.589170000000003,43.35966,6.0,31.4137,0.8102296999999999
-54.874669999999995,45.1662,6.0,45.89806,1.079426
-94.22233,43.515440000000005,6.0,59.645880000000005,0.8949219999999999
-123.6631,40.05847,6.0,16.84815,-2.008505
-133.5966,38.05442,6.0,15.36018,1.073498
-146.0177,29.3171,6.0,24.3177,0.141508
-147.1361,9.545826,6.0,29.58506,0.3893884
-142.6122,-14.02183,6.0,34.9786,0.1815685
-141.9267,-34.58683,7.0,7.3862429999999994,0.4881084
-143.2834,-42.50597,7.0,14.178420000000001,0.43740559999999995
-151.8362,-51.46578,7.0,20.07401,0.41263779999999994
-165.977,-59.66372,7.0,22.45177,-0.5862812
-166.3772,-72.38077,7.0,15.67973,-0.03175468
-155.5118,-77.05328,7.0,18.24993,0.12842910000000002
-141.4409,-73.41875999999999,7.0,20.28022,0.2285163
-125.5449,-75.40576999999999,7.0,23.7915,0.7052723000000001
-110.74600000000001,-89.92652,7.0,31.09491,0.2242018
-110.0116,-113.5937,7.0,34.48471,0.08599797
-128.963,-130.8422,7.0,36.9728,0.04348096
-147.5235,-124.2209,7.0,17.93261,-0.7807508000000001
-143.6102,-116.2908,7.0,10.80449,0.3366562
-146.1888,-105.5822,7.0,17.015829999999998,-0.3756366
-157.7762,-101.6065,7.0,19.81994,0.4823692
-166.2745,-112.9745,7.0,19.85586,-0.04457541
-165.987,-128.9367,7.0,25.0111,0.30534459999999997
-168.6904,-151.9568,7.0,38.404509999999995,0.5050127000000001
-169.7734,-185.2264,7.0,51.08733,0.8559181
-169.2347,-224.6874,7.0,49.68953,-0.8136898
-159.33,-250.8195,7.0,29.430290000000003,-0.8555712
-141.6714,-254.1725,7.0,21.66762,-0.1082156
-127.65100000000001,-246.2111,7.0,23.85879,0.3208026
-125.9336,-225.2905,7.0,32.30957,0.40067020000000003
-126.1884,-199.388,7.0,37.61094,0.370977
-119.4277,-179.9448,7.0,15.715010000000001,-0.7024133
-110.7007,-185.8111,7.0,19.29889,0.2101116
-109.0332,-202.2271,7.0,25.29956,0.43340509999999993
-108.689,-223.1122,7.0,31.03541,0.3953645
-106.8196,-247.9105,7.0,35.94259,0.26984369999999996
-90.18943,-269.1852,7.0,38.75561,0.08103035
-62.451609999999995,-269.0882,7.0,39.3288,-0.01453916
-49.65105,-244.0915,7.0,40.54275,0.31637109999999996
-46.85067,-212.5158,7.0,44.850770000000004,0.1488009
-27.9576,-184.8192,7.0,47.75922,0.1656741
-3.0736630000000003,-157.2226,7.0,52.63638,1.252964
9.237411,-130.937,7.0,25.76189,-1.320071
0.2671943,-114.537,7.0,29.74885,0.3905139
-5.799906,-90.79287,7.0,40.53148,1.309304
-1.488186,-54.37803,7.0,58.02103,0.5553401
-1.531941,-6.389247,7.0,66.28758,-1.006326
-7.568063,34.14735,7.0,39.22457,-2.695935
-28.114040000000003,41.44805,7.0,32.93266,1.2302170000000001
-56.58895,40.52778,7.0,41.46772,0.1666205
-89.13417,40.537620000000004,7.0,46.193000000000005,0.1549283
-124.9654,41.17045,7.0,49.43318,-0.2490719
-147.1799,27.77429,7.0,28.057170000000003,0.03058506
-145.4901,5.465543,7.0,32.7848,0.3962912
-145.2844,-20.77287,7.0,38.01363,0.1819294
-150.9914,-49.13575,8.0,38.264959999999995,-0.4244340999999999
-167.8125,-63.5949,8.0,20.75057,-0.6622639
-160.8428,-77.7711,8.0,27.11415,0.11053980000000001
-139.6148,-77.23503000000001,8.0,31.552329999999998,0.3340259
-118.1811,-86.54394,8.0,34.33321,0.1302119
-111.0512,-111.1508,8.0,36.86867,0.06777951
-128.5957,-130.9127,8.0,37.9136,0.01353761
-146.4386,-128.1745,8.0,7.266056,-1.241762
-144.5331,-125.9141,8.0,7.812207000000001,0.49646
-141.7449,-118.40299999999999,8.0,14.421510000000001,0.43903339999999996
-147.5641,-107.1342,8.0,20.418860000000002,0.2006802
-162.6373,-103.6679,8.0,23.52148,0.01806007
-167.4538,-120.1963,8.0,26.914170000000002,0.4092809
-167.4951,-142.1324,8.0,32.27847,0.19587910000000003
-171.2338,-167.6823,8.0,37.3928,0.3270593
-169.3898,-197.21,8.0,42.21347,0.16820410000000002
-168.3174,-230.2013,8.0,46.8276,0.2757553
-153.0391,-255.8841,8.0,37.116440000000004,-0.3909438
-132.6698,-249.329,8.0,27.78534,0.45828
-127.0502,-227.6258,8.0,33.4488,0.3828665
-127.09700000000001,-200.933,8.0,38.613640000000004,0.17480489999999999
-118.2158,-179.8597,8.0,19.28991,-0.7944015999999999
-108.5471,-185.3627,8.0,18.51461,0.4002633
-106.8553,-201.1224,8.0,24.4864,0.2168304
-106.2318,-221.5049,8.0,30.30075,0.41269110000000003
-104.9588,-245.8971,8.0,35.50233,0.1457993
-90.88848,-268.4762,8.0,38.10696,0.07475531
-63.91864,-269.4271,8.0,38.626509999999996,0.15434160000000002
-48.30899,-245.9998,8.0,40.39263,0.29245859999999996
-45.705890000000004,-214.4684,8.0,44.977059999999994,0.264045
-29.47434,-185.9506,8.0,46.57582,0.1527975
-4.701615,-159.6725,8.0,50.85833,0.27525479999999997
8.774564999999999,-129.6283,8.0,36.64116,-0.9823379999999999
-4.2571699999999995,-107.0466,8.0,40.05387,0.00151867
-4.149780000000001,-78.33694,8.0,41.4537,0.35033509999999995
-1.28502,-46.00869,8.0,46.0472,0.3377075
-1.612021,-10.26716,8.0,50.45387,0.1538941
-5.24506,27.781570000000002,8.0,47.66943,-1.8467630000000002
-23.142689999999998,42.778690000000005,8.0,17.60495,-2.64133
-26.47552,39.36215,8.0,7.471874000000001,0.4899175
-33.2178,37.75891,8.0,13.76234,0.2912113
-42.013059999999996,46.608109999999996,8.0,19.940620000000003,0.2361169
-48.0294,48.58656,8.0,0.01685895,-0.01998986
-48.06431,48.43707,8.0,1.785455,0.49329809999999996
-48.37892,45.48131,8.0,5.315305,0.03910329
-47.1,43.25179,8.0,1.0014370000000001,0.6867163000000001
-50.6951,45.58317,8.0,10.3417,0.310471
-61.4166,45.74107,8.0,18.97062,0.5833906999999999
-78.42834,43.70707,8.0,27.10585,0.286991
-101.264,42.216029999999996,8.0,34.66368,0.5372593000000001
-129.2728,43.34615,8.0,40.0926,-0.1008836
-144.4664,21.48657,8.0,39.7307,0.5745265
-145.7193,-11.17163,8.0,48.33035,0.22151620000000002
-141.9766,-34.15115,9.0,2.885595,-0.03240425
-142.494,-36.946,9.0,9.128648,0.45135640000000005
-146.0827,-45.698240000000006,9.0,13.58547,-0.1078795
-152.7295,-51.651579999999996,9.0,11.54082,0.286188
-162.2955,-54.78856,9.0,12.77508,-0.2380634
-166.90900000000002,-61.21565,9.0,10.008280000000001,0.30965190000000004
-161.6032,-71.08566,9.0,21.20253,0.013377700000000001
-148.135,-73.29814,9.0,16.88561,-0.2412609
-136.3501,-73.20063,9.0,18.3856,1.162518
-119.96799999999999,-79.80386,9.0,25.655929999999998,0.07839763
-108.7793,-95.17392,9.0,26.468359999999997,-0.03822456
-107.8718,-111.5714,9.0,12.98442,-0.09968485
-110.45100000000001,-119.8978,9.0,11.7889,0.9303353000000001
-118.2259,-131.1366,9.0,21.41881,-0.2131214
-131.4428,-134.8859,9.0,16.909879999999998,-0.1438191
-141.5596,-129.0293,9.0,18.908910000000002,0.7173753
-147.7893,-112.3733,9.0,28.09287,0.5548204999999999
-156.4866,-99.68611,9.0,15.34552,-0.3757051
-164.6431,-103.6156,9.0,14.6225,0.49341229999999997
-167.8332,-119.8944,9.0,29.855520000000002,0.5201544
-168.8222,-146.9984,9.0,42.25423,0.2716668
-167.3938,-180.1801,9.0,46.86457,0.09226498
-164.105,-214.3851,9.0,43.15384,-0.5848464
-162.3202,-241.5718,9.0,28.34832,-0.46741450000000007
-152.8806,-256.8842,9.0,22.07923,-0.36524650000000003
-139.2766,-259.5605,9.0,17.38089,0.1136645
-128.2191,-246.9642,9.0,30.27566,1.0805879999999999
-125.5621,-221.0755,9.0,36.84617,-0.2583292
-128.7635,-198.5228,9.0,20.712139999999998,-0.7534274000000001
-127.3474,-187.106,9.0,13.73591,-0.1457849
-118.2404,-181.6335,9.0,18.927220000000002,0.3228507
-106.1052,-186.4716,9.0,16.05555,-0.273312
-102.5198,-198.27,9.0,22.45973,0.5974488
-103.62100000000001,-220.0393,9.0,34.75486,0.3037159
-106.0455,-247.2517,9.0,36.56449,-0.19731189999999998
-95.02146,-269.6357,9.0,32.88575,-0.09434099
-71.54861,-271.8876,9.0,32.531940000000006,-0.05194993
-53.0166,-257.7836,9.0,33.10451,0.15022729999999998
-47.28387,-232.81400000000002,9.0,35.87908,0.07770766
-43.01269,-206.0656,9.0,35.57571,-0.15240309999999999
-34.99214,-182.6969,9.0,31.074409999999997,-0.1882956
-20.215410000000002,-168.1695,9.0,25.21366,-0.2984616
-6.133865,-158.6016,9.0,21.2501,-0.07644985
5.747866,-150.4106,9.0,18.01596,0.14538389999999998
12.700660000000001,-137.5119,9.0,23.53373,0.248059
4.685397,-120.5487,9.0,28.52787,0.25554829999999995
-6.862188000000001,-102.34299999999999,9.0,29.738129999999998,0.05656296
-11.05039,-80.45564,9.0,30.932920000000003,0.3538449
-9.727787,-56.01325,9.0,34.67107,0.1260742
-5.246797,-30.17277,9.0,36.02019,0.03185798
-1.8518700000000001,-3.458772,9.0,35.46882,-0.2628836
-4.617975,18.23366,9.0,24.18019,-0.6390316
-10.15943,32.38805,9.0,19.40858,1.066661
-25.06174,43.27647,9.0,29.22028,0.491671
-49.06965,44.48411,9.0,36.180209999999995,0.5072485999999999
-78.47935,44.2036,9.0,43.255390000000006,0.4891323
-112.8525,41.98989,9.0,48.2615,-0.07663522
-141.4966,35.13035,9.0,34.484390000000005,0.4232657
-145.186,11.11713,9.0,36.8374,0.5191604999999999
-141.8515,-18.26096,9.0,41.31031,-1.170935
-144.7898,-38.85287,10.0,16.83781,-0.12903589999999998
-151.5326,-50.57228,10.0,19.642770000000002,-0.3435455
-162.9913,-56.638009999999994,10.0,15.739220000000001,-0.14984779999999998
-166.7115,-65.46525,10.0,14.98521,0.6592222
-157.1709,-73.16203,10.0,17.854879999999998,0.02536982
-143.618,-72.49231,10.0,17.99597,-0.0895534
-129.6549,-75.16064,10.0,24.23408,0.2971025
-112.73100000000001,-86.71973,10.0,31.27747,0.4302785
-107.6889,-110.7375,10.0,36.692170000000004,0.26448679999999997
-118.4933,-129.8729,10.0,23.83601,-0.3783368
-133.4819,-133.5426,10.0,18.82754,-0.34603920000000005
-143.5454,-125.3288,10.0,21.144460000000002,0.3032259
-148.1566,-108.3361,10.0,22.2543,-0.9176058000000001
-151.7466,-103.1928,10.0,7.877656,0.9108064
-159.7986,-100.62700000000001,10.0,15.341470000000001,0.2354844
-167.2426,-110.9163,10.0,21.55387,0.5014613
-168.4827,-129.5424,10.0,28.64082,0.2400234
-168.8568,-153.36700000000002,10.0,34.961090000000006,0.2454776
-168.0566,-180.6129,10.0,38.71875,0.3094206
-165.17700000000002,-209.58599999999998,10.0,37.30052,-0.7884158
-163.8106,-234.3832,10.0,29.99897,-0.24845879999999998
-157.9659,-252.6753,10.0,22.900570000000002,-0.4312178
-143.8604,-259.7438,10.0,23.75246,0.05925572
-130.1264,-250.202,10.0,25.06439,0.300781
-124.6203,-231.1599,10.0,28.521959999999996,0.1038203
-126.9455,-209.2326,10.0,28.849059999999998,-0.49033420000000005
-127.9861,-193.2188,10.0,16.29494,-0.15407449999999998
-124.8389,-183.7206,10.0,11.76719,-0.08464173
-114.4334,-182.2344,10.0,17.61961,0.27059320000000003
-104.0711,-189.6975,10.0,18.34048,0.1504201
-103.2961,-204.0288,10.0,20.80242,0.18168879999999998
-104.3225,-220.0374,10.0,21.78264,-0.01003516
-105.7637,-237.6913,10.0,27.34635,0.5098263
-104.13600000000001,-259.2045,10.0,29.74015,-0.08416166
-87.23835,-272.5352,10.0,34.14987,0.6933516
-60.76223,-267.204,10.0,38.6645,-0.01637319
-49.049820000000004,-242.1455,10.0,41.00587,0.5646923
-44.36908,-210.7144,10.0,42.37331,-0.3350504
-35.31609,-184.2036,10.0,33.641059999999996,-0.6124979
-19.97431,-168.4835,10.0,26.50726,-0.2322641
-7.382115,-159.6241,10.0,13.20539,-0.1317006
2.213714,-152.8799,10.0,20.86865,-0.13496860000000002
12.19336,-142.3868,10.0,20.80714,0.48561309999999996
8.415199000000001,-124.961,10.0,28.409570000000002,0.4132308
-5.5949919999999995,-106.7352,10.0,34.13194,0.426936
-10.403410000000001,-82.04529000000001,10.0,30.95453,-0.5124065999999999
-9.199783,-57.48222,10.0,36.44791,0.4713232
-5.345039,-28.38904,10.0,42.608979999999995,0.4304274
-1.987425,4.999480999999999,10.0,48.013659999999994,0.20910630000000002
-13.18208,36.42702,10.0,42.74944,-0.07154258
-43.64612,45.14083,10.0,45.69715,0.3588482
-79.50054,44.29541,10.0,51.0946,0.38955100000000004
-118.1122,40.8007,10.0,48.25204,-0.7605388000000001
-145.6246,30.379959999999997,10.0,38.09718,-0.20533049999999997
-144.6815,3.9390129999999997,10.0,39.14731,0.42888230000000005
-142.4498,-26.037029999999998,10.0,37.95102,-1.565952
-151.6287,-49.68748,11.0,35.778079999999996,0.1007579
-169.6381,-68.45232,11.0,30.03225,-0.6799301999999999
-162.1248,-80.73308,11.0,19.66924,0.05045836
-149.4967,-70.59749000000001,11.0,24.88031,0.2458246
-130.77,-74.68669,11.0,29.848409999999998,0.22968070000000002
-113.3072,-89.69202,11.0,29.521520000000002,-0.07799754
-110.1835,-113.2706,11.0,35.12532,-0.21013969999999998
-123.2009,-131.1818,11.0,26.91909,0.3234006
-142.4391,-126.5913,11.0,31.10493,-0.05300131
-146.2118,-105.3735,11.0,16.91787,-2.487714
-154.2713,-100.5803,11.0,18.68055,0.8367399999999999
-166.3694,-109.7828,11.0,24.80425,0.30443309999999996
-166.0098,-130.4283,11.0,31.265659999999997,0.23583890000000002
-168.3999,-155.8826,11.0,37.57441,0.201629
-166.4808,-185.8212,11.0,43.553740000000005,0.4505907
-163.7882,-220.0832,11.0,47.93744,-0.3745863
-158.6991,-250.4534,11.0,32.89881,-1.398367
-140.3566,-259.8316,11.0,30.32425,0.07824567
-127.1699,-243.672,11.0,32.1682,0.2195946
-125.911,-217.5192,11.0,38.208870000000005,0.2110746
-127.3559,-190.4433,11.0,34.15849,0.6242599
-111.9556,-180.49400000000003,11.0,25.13884,-0.20165039999999998
-107.4711,-197.2087,11.0,27.60306,0.23458320000000005
-105.5379,-219.8117,11.0,33.76894,0.4306184
-107.0287,-247.0733,11.0,39.60287,0.2832422
-91.63045,-271.039,11.0,39.2827,-0.11179260000000002
-62.4603,-268.0509,11.0,42.18073,0.0159316
-47.78926,-242.2183,11.0,43.29012,0.4194831
-42.95049,-208.3523,11.0,48.93999,0.1862044
-27.42083,-174.88099999999997,11.0,51.34422,-1.013939
-2.192329,-157.3046,11.0,34.78802,0.7656932
11.760539999999999,-140.5191,11.0,25.74394,-0.6379172
7.583908,-123.6366,11.0,26.07178,0.2378715
-4.841407,-105.8854,11.0,32.311209999999996,0.20358389999999998
-10.03501,-80.27105,11.0,38.480259999999994,0.42437840000000004
-8.41964,-49.67856,11.0,44.25816,0.4136879
-2.428055,-15.33956,11.0,49.8246,0.37958759999999997
-5.530976,22.82066,11.0,51.743390000000005,-1.3269739999999999
-30.205509999999997,45.40076,11.0,46.12703,-0.06550355
-65.78922,42.739909999999995,11.0,50.69587,0.3860897
-105.2662,41.361740000000005,11.0,55.91421999999999,0.08823517
-140.6409,34.68338,11.0,43.24869,-0.1777673
-148.4012,7.4580839999999995,11.0,40.76271,0.19222999999999998
-142.1963,-24.004479999999997,11.0,45.5689,0.07677565
-151.4256,-50.06155,12.0,29.105290000000004,-1.0126389999999998
-168.2623,-60.61615,12.0,27.003429999999998,-0.02522666
-158.5786,-72.29997,12.0,24.80762,0.2083266
-137.8948,-71.83138000000001,12.0,31.209159999999997,0.43102429999999997
-115.7281,-83.19375,12.0,36.56775,0.1378155
-106.8608,-108.8927,12.0,36.80144,-1.493608
-119.0538,-127.2307,12.0,28.41173,0.3419679
-136.2192,-132.8192,12.0,21.438579999999998,-0.2920679
-146.1734,-119.876,12.0,26.38747,0.24825210000000003
-153.0489,-101.9804,12.0,22.40598,-0.5731387
-166.1413,-105.3026,12.0,20.97499,0.5357523
-167.2637,-125.5701,12.0,34.4907,0.45276009999999994
-169.0108,-153.2733,12.0,40.39552,0.356455
-166.8171,-185.3437,12.0,46.1265,0.4346951
-164.7511,-221.53,12.0,51.56908,0.2303343
-156.8091,-253.8906,12.0,38.11942,-1.442688
-136.4394,-254.7578,12.0,28.566470000000002,0.12382370000000001
-127.6434,-233.9355,12.0,33.497840000000004,0.22345929999999997
-126.3282,-207.114,12.0,36.18303,-1.369688
-124.7964,-183.3859,12.0,30.848640000000003,-0.6297517
-107.3582,-185.0604,12.0,24.799960000000002,-0.3190348
-110.0937,-203.9561,12.0,29.12339,0.44618279999999994
-109.667,-227.9609,12.0,35.621990000000004,0.4721527
-104.8578,-256.1382,12.0,41.42284,0.24401779999999998
-81.98624000000001,-271.884,12.0,39.60801,0.2222131
-52.83576,-262.4091,12.0,42.62585,-0.6869385
-47.85378,-237.1246,12.0,32.38986,-0.37008670000000005
-53.12675,-219.9596,12.0,10.68958,-0.1780247
-53.2658,-215.399,12.0,3.686349,-0.2611406
-52.92001,-215.9679,12.0,5.373862,0.32106979999999996
-47.20524,-218.67,12.0,12.80134,0.2016363
-42.051520000000004,-209.8021,12.0,13.991970000000002,-0.287497
-41.480920000000005,-199.2205,12.0,18.74675,0.26471659999999997
-36.75117,-183.49,12.0,25.71416,0.22345229999999996
-21.97591,-168.2026,12.0,32.12059,0.46750519999999995
0.30172790000000005,-154.5448,12.0,37.79719,-0.2421815
12.38975,-132.7656,12.0,29.188059999999997,-0.6947456999999999
0.46979170000000003,-112.9267,12.0,38.19402,1.265606
-10.41415,-81.2692,12.0,51.81152,0.13707170000000002
-6.566886,-41.447340000000004,12.0,56.49038,0.3704898
-2.257902,1.582417,12.0,57.40812,-0.8625355
-10.07778,31.29427,12.0,33.57805,1.352363
-31.81488,45.52919,12.0,37.89273,0.2602672
-61.66627,44.267990000000005,12.0,43.26672,0.4108005
-95.81759,43.483990000000006,12.0,48.85638,0.195324
-132.446,39.25557,12.0,47.68743,0.09245769
-153.1369,19.45041,12.0,22.9455,-3.495749
-153.7503,12.56831,12.0,1.45092,0.3141368
-149.6074,11.93073,12.0,9.920808000000001,0.5481029000000001
-146.4429,2.6973,12.0,17.5489,0.5520709
-144.5593,-12.94524,12.0,24.8144,0.2693974
-141.889,-33.32952,13.0,3.017611,0.7503516
-142.8795,-38.55318,13.0,11.26651,0.30840270000000003
-148.8121,-47.89287,13.0,18.80097,0.267088
-162.9277,-56.39422,13.0,25.42069,0.2930388
-165.4329,-71.46514,13.0,18.637610000000002,-0.24414970000000003
-153.3445,-76.1305,13.0,20.29986,0.2083442
-138.6078,-72.35831999999999,13.0,18.529339999999998,-0.400805
-122.9592,-75.42044,13.0,25.40273,0.22230709999999998
-109.1532,-90.5889,13.0,31.158820000000002,0.3886708
-109.2269,-114.8026,13.0,35.635220000000004,0.2772928
-129.8148,-132.0498,13.0,38.520540000000004,-0.8388988000000002
-146.0592,-124.8764,13.0,13.83438,-1.812418
-141.656,-123.0564,13.0,10.00642,0.5792224
-139.0323,-122.5504,13.0,4.538666,0.5674338000000001
-144.2411,-125.1592,13.0,9.926223,-0.1269632
-145.523,-129.1707,13.0,0.2821387,-0.7668993000000001
-144.7234,-126.0461,13.0,8.970488000000001,0.6527734000000001
-140.3989,-117.3373,13.0,17.12288,0.27226
-144.1882,-103.0866,13.0,23.9985,0.2368657
-160.9283,-99.71670999999999,13.0,23.74439,-0.27633620000000003
-167.1789,-115.9188,13.0,28.658070000000002,0.5255438
-167.6556,-139.7563,13.0,35.683690000000006,0.4853129
-167.7747,-168.803,13.0,42.30158,0.2159712
-167.9398,-202.4595,13.0,48.55059,0.4524195
-166.1199,-239.9808,13.0,49.21107,-1.2231100000000001
-141.5823,-257.6617,13.0,39.614959999999996,-0.8131451
-127.3832,-241.9299,13.0,31.51639,0.5941818
-127.6426,-214.8167,13.0,41.18662,0.23531910000000003
-126.7732,-188.5146,13.0,20.40735,-2.293283
-118.5287,-181.5365,13.0,15.640270000000001,0.562705
-107.1226,-188.8545,13.0,23.26304,0.4768459
-105.0768,-208.2764,13.0,30.10973,0.2488014
-108.1219,-232.9872,13.0,36.91486,0.39481259999999996
-99.13557,-260.3159,13.0,41.85787,0.2909465
-71.85014,-272.3334,13.0,42.631890000000006,0.01273915
-50.45908,-251.7312,13.0,42.747440000000005,0.08248208
-47.94563,-218.4193,13.0,46.0188,-0.5017068
-36.30368,-189.2572,13.0,44.20106,0.3778218
-12.41826,-163.9181,13.0,50.03581,0.1996348
9.252724,-133.5983,13.0,46.554840000000006,-1.196305
-1.1489209999999999,-107.8987,13.0,33.202259999999995,-0.5171648
-8.324015,-88.85632,13.0,31.499509999999997,0.24283310000000002
-5.90889,-63.095130000000005,13.0,38.33863,0.4985428
-5.205396,-32.282309999999995,13.0,44.83059,0.4515699000000001
-3.722614,3.1845380000000003,13.0,50.85705,0.3987148
-13.09168,36.485279999999996,13.0,38.46557,-0.9786367
-32.66037,39.3404,13.0,17.60132,-1.615307
-35.08703,32.58392,13.0,0.11156669999999999,-0.22838560000000002
-35.139520000000005,32.591159999999995,13.0,0.05663351,-0.006688756999999999
-35.0729,32.814029999999995,13.0,2.5252689999999998,0.6309676
-33.96464,37.52791,13.0,10.291030000000001,0.4775787
-32.33311,44.0719,13.0,4.372969,-0.7139984
-32.53526,43.91564,13.0,4.571508000000001,0.6048846
-37.867309999999996,41.18206,13.0,12.30195,0.2594413
-49.25227,44.38192,13.0,19.54993,0.4900822
-66.18684,44.800670000000004,13.0,26.20409,0.2460214
-87.79265,41.955459999999995,13.0,32.512859999999996,0.40022870000000005
-114.0581,42.96167,13.0,38.217690000000005,0.36376640000000005
-140.8271,32.598259999999996,13.0,38.61411,-0.3847879
-147.6964,5.712682,13.0,40.60876,0.40938270000000004
-144.5365,-26.23882,13.0,45.81738,0.1504426
-153.9005,-54.18789,14.0,32.1631,-0.35281
-162.32399999999998,-69.81041,14.0,23.383010000000002,0.3980789
-145.0837,-75.66566999999999,14.0,28.772409999999997,0.22603299999999998
-122.8665,-80.79015,14.0,33.63004,0.1716894
-109.4985,-102.5374,14.0,37.02916,0.07318237
-120.7163,-127.1944,14.0,39.05587,0.0905207
-143.7706,-128.4856,14.0,24.86913,-1.201388
-145.7465,-120.0459,14.0,1.330797,0.10700630000000001
-146.6445,-119.0552,14.0,1.893087,-0.007042765
-147.4585,-118.1018,14.0,1.480751,-0.03082569
-149.1028,-117.2732,14.0,4.075461,-0.05704161
-150.8894,-117.4505,14.0,1.584924,0.6486430000000001
-147.2358,-114.8672,14.0,10.44696,0.6125885
-144.9976,-104.9194,14.0,18.05479,0.2373471
-156.9836,-96.71015,14.0,23.48089,0.2388759
-168.0168,-109.8991,14.0,27.510659999999998,0.1979278
-166.2733,-132.7666,14.0,34.41922,0.2385346
-166.718,-160.7954,14.0,41.23653,0.49931629999999994
-167.1651,-193.7496,14.0,47.64999,0.4535181
-166.2994,-231.1311,14.0,51.74411,-0.42646459999999997
-149.8846,-254.3841,14.0,27.60169,-2.218366
-141.7193,-251.9006,14.0,4.525825,-0.06990258
-141.0217,-249.5163,14.0,3.785586,1.068459
-135.8036,-248.2333,14.0,11.508280000000001,1.333806
-126.3616,-251.821,14.0,12.887830000000001,-0.3492051
-120.9614,-246.9708,14.0,11.48822,0.27226809999999996
-123.7715,-235.3618,14.0,20.445079999999997,0.29426220000000003
-126.6212,-217.5739,14.0,28.09307,0.5470283
-127.8079,-194.1083,14.0,35.15081,0.36677
-113.5934,-179.0453,14.0,25.494220000000002,-0.5526099
-105.3064,-193.6452,14.0,31.45181,1.358147
-107.4649,-224.4983,14.0,51.55019,0.6487272
-96.35295,-262.8601,14.0,50.80488,-0.6692038
-64.92931999999999,-270.6936,14.0,46.52922,-0.2538338
-48.100809999999996,-245.2817,14.0,43.54383,0.2777895
-47.29011,-211.4174,14.0,48.00656,0.2222616
-27.006109999999996,-180.4977,14.0,52.78913000000001,0.18393589999999999
2.0918900000000002,-151.6633,14.0,55.8351,-0.311913
7.9061330000000005,-121.686,14.0,29.56167,-0.8241543
-3.7693550000000005,-105.3132,14.0,29.15485,0.2226708
-5.444736,-81.46178,14.0,35.80546,0.24479510000000002
-3.1188860000000003,-52.492869999999996,14.0,42.553540000000005,0.4519303
-2.212613,-18.56172,14.0,48.86965,0.4384903
-4.259679,19.569010000000002,14.0,51.49017,-0.8945743
-25.73379,42.54096,14.0,43.12362,-0.05736469999999999
-59.273480000000006,40.4442,14.0,48.185179999999995,0.2161279
-97.21316999999999,40.32512,14.0,54.11659,0.4007347
-134.6959,38.7405,14.0,40.85093,-1.065657
-145.2523,22.99983,14.0,10.49728,-2.593585
-143.1272,23.23617,14.0,6.038757,-0.273134
-141.2024,25.5937,14.0,0.1152991,0.21307199999999998
-143.6377,22.65542,14.0,8.589535,0.3719777
-149.1764,21.87471,14.0,3.631815,-0.3781594
-148.3265,21.34891,14.0,6.102183999999999,0.6770887
-143.0289,15.70684,14.0,14.864410000000001,0.3056998
-140.781,1.9890729999999999,14.0,23.018629999999998,0.2991587
-142.255,-18.0157,14.0,30.843220000000002,0.2732142
-141.8407,-35.74361,1.0,5.666608,0.04040577
-142.6723,-43.46383,1.0,15.150960000000001,0.6022179
-151.75799999999998,-54.0918,1.0,23.377370000000003,0.6189898
-163.0938,-68.48263,1.0,26.966890000000003,-0.25111479999999997
-149.2636,-75.23984,1.0,24.10867,0.2660151
-136.3429,-68.8872,1.0,7.1240619999999995,-0.0487348
-135.8624,-68.27892,1.0,0.02630671,0.00013628379999999998
-135.8437,-68.28166,1.0,0.02428414,-0.0006604539
-135.8276,-68.28363,1.0,0.01881859,0.004394265
-136.0859,-70.05003,1.0,4.483323,0.131155
-135.6658,-73.35656,1.0,4.213128,-0.06364843
-136.3531,-76.009,1.0,3.48907,-0.009768787
-136.0346,-75.93616999999999,1.0,5.129875,0.6384289000000001
-129.1107,-75.21423,1.0,13.94634,0.3156323
-118.5059,-82.15578000000001,1.0,21.45239,0.5814836999999999
-111.0239,-99.3913,1.0,29.074890000000003,0.23654410000000003
-114.8626,-122.0688,1.0,34.6673,0.3593226
-137.2214,-132.8693,1.0,31.85608,-1.49452
-146.1144,-119.2663,1.0,21.84633,-0.001967675
-138.459,-108.7769,1.0,2.047682,-0.8691361999999999
-138.4581,-108.7227,1.0,0.02510025,0.01427388
-138.4589,-108.7392,1.0,0.02709349,0.02509054
-141.0588,-108.1075,1.0,7.836372,0.334106
-145.6292,-110.6807,1.0,2.985687,-0.7489376999999999
-144.8181,-108.8955,1.0,7.208044999999999,0.6394082
-146.0769,-100.8592,1.0,15.410129999999999,0.5606473000000001
-157.3432,-95.81458,1.0,16.517039999999998,-0.1944235
-165.4535,-102.8978,1.0,18.47404,1.199446
-167.7449,-121.9144,1.0,32.265370000000004,0.793832
-166.4016,-148.1316,1.0,40.532070000000004,0.36197979999999996
-164.6539,-175.0919,1.0,33.088570000000004,-0.4828299
-167.9978,-198.5387,1.0,36.80965,1.3928770000000001
-166.5533,-227.6103,1.0,36.7209,-0.28115029999999996
-158.4033,-248.7225,1.0,26.368679999999998,-0.6813694
-138.9139,-249.5405,1.0,29.881059999999998,0.26093520000000003
-121.8633,-237.0172,1.0,25.03165,-0.43159220000000004
-130.6871,-222.1389,1.0,24.98893,-0.4250951
-124.19200000000001,-207.7433,1.0,20.654220000000002,-0.24935770000000002
-124.56299999999999,-194.5433,1.0,17.60197,-0.33633359999999995
-120.854,-184.68200000000002,1.0,16.19516,0.9609816999999999
-110.958,-190.1282,1.0,16.29265,-0.27451190000000003
-110.0927,-201.0564,1.0,13.9032,-0.04325905
-109.5206,-213.7079,1.0,21.1737,0.2837107
-107.5941,-232.1633,1.0,28.8433,0.5349630999999999
-102.0343,-255.3351,1.0,35.43936,0.38267790000000007
-80.62857,-271.2747,1.0,38.937540000000006,0.07236778
-55.86006999999999,-259.2491,1.0,39.64048,0.02433577
-51.57224,-229.7292,1.0,43.240629999999996,0.3357929
-38.50613,-198.7316,1.0,48.19514,0.17197420000000002
-13.99,-170.0143,1.0,53.90223,0.40125040000000006
9.423098,-135.4458,1.0,58.02593,-0.5068819999999999
10.85845,-106.8144,1.0,15.654379999999998,-2.5681979999999998
9.845682,-104.29299999999999,1.0,0.5588916,-0.02823906
10.15568,-104.5046,1.0,3.215839,0.5525168
13.991489999999999,-106.86399999999999,1.0,8.467137,0.1324745
18.4411,-106.9482,1.0,1.5605870000000002,-0.3476066
16.32079,-107.6049,1.0,7.367835,0.3257888
8.601334,-111.23200000000001,1.0,15.28483,0.3725929
-0.2067808,-105.9968,1.0,19.09846,0.2603227
1.017868,-89.33018,1.0,25.80496,0.40212919999999996
-4.599067,-68.44275999999999,1.0,32.6041,0.23689090000000002
-5.844254,-41.7846,1.0,39.29285,0.2356775
-6.385479,-10.306280000000001,1.0,45.60203,0.453452
-7.318477000000001,25.26141,1.0,46.23064,-1.7943040000000001
-19.48701,44.57555,1.0,16.11068,-0.6780778000000001
-28.70171,38.89513,1.0,18.1888,0.4908369000000001
-44.53007,38.97651,1.0,25.307,0.5090219
-65.82422,39.60931,1.0,32.33983,0.24751669999999998
-92.33752,39.70575,1.0,39.08995,0.22320810000000002
-123.64299999999999,40.6259,1.0,44.157920000000004,-1.032818
-144.3018,30.27535,1.0,21.61293,-0.7718477
-139.9864,24.78405,1.0,9.382492,0.492559
-137.7517,24.25124,1.0,0.06896672,0.02031996
-137.7516,24.20947,1.0,0.04761351,0.002131147
-140.0193,24.62337,1.0,7.088178999999999,0.4021362
-147.0341,24.217760000000002,1.0,10.96932,-0.04301997
-151.1905,25.41249,1.0,0.8845055000000001,-0.1915279
-149.0564,24.058729999999997,1.0,7.578828999999999,0.2999481
-147.3938,16.11651,1.0,15.02731,0.5184568
-151.976,3.521364,1.0,21.21544,0.40329509999999996
-147.7431,-14.077770000000001,1.0,27.80585,0.48112790000000005
-146.273,-36.92066,2.0,33.89881,0.28249409999999997
-162.0327,-53.775980000000004,2.0,33.01591,-0.1932004
-163.2487,-71.69757,2.0,21.39322,-1.304084
-156.1926,-69.45683000000001,2.0,8.769228,0.005281629
-155.6994,-68.5276,2.0,0.04984499,-0.04051475
-155.7214,-68.65355,2.0,1.743766,0.34252150000000003
-156.2823,-71.84098,2.0,5.121906,-0.05007001
-156.9412,-75.05643,2.0,1.8185240000000003,-0.7650515
-155.249,-73.56376999999999,2.0,7.811118,0.6564903
-146.688,-74.42036999999999,2.0,16.33905,0.3070472
-134.5722,-81.96651999999999,2.0,19.55585,-0.2940583
-121.9805,-85.89058,2.0,18.32394,0.3974627
-111.1414,-101.4196,2.0,31.65085,-0.1304888
-117.8275,-122.8545,2.0,33.19291,0.2500397
-138.9529,-130.0244,2.0,27.381909999999998,-1.244516
-143.4496,-117.2135,2.0,21.57336,0.5676184
-141.3081,-103.6504,2.0,18.70283,0.2936149
-155.8487,-102.44,2.0,20.54141,-0.24204450000000002
-160.9769,-113.3541,2.0,16.48627,-0.04032639
-163.6848,-126.1054,2.0,19.77435,0.8139122
-165.3981,-144.3768,2.0,28.82129,0.5768705
-165.3473,-168.5465,2.0,36.38073,0.2654916
-165.703,-198.2709,2.0,43.51198,0.22963429999999999
-165.2513,-232.9226,2.0,48.94685,-0.7329845
-155.2038,-250.808,2.0,23.14676,0.3767447
-135.5365,-251.4438,2.0,30.360159999999997,0.3290987
-125.9423,-236.4136,2.0,24.70344,0.3356628
-125.9236,-214.98,2.0,33.98745,0.43295320000000004
-125.8143,-189.1378,2.0,24.725170000000002,-3.116652
-118.1085,-183.9986,2.0,13.587779999999999,0.6032309
-110.8576,-192.8611,2.0,20.50679,0.5763585
-109.3804,-211.0588,2.0,28.601740000000003,0.5695291
-106.4893,-234.8966,2.0,36.19212,0.5418494
-96.0751,-261.88,2.0,42.00765,0.19757170000000002
-68.63806,-268.8868,2.0,40.54688,0.1332978
-49.0658,-246.5679,2.0,42.27648,-0.002786421
-48.12607,-213.7011,2.0,47.238279999999996,0.36715729999999996
-29.235670000000002,-183.3179,2.0,51.6347,0.48674759999999995
-2.007888,-153.2924,2.0,57.460840000000005,-0.23376620000000004
8.278039999999999,-126.3889,2.0,19.09204,-2.495484
-1.791137,-115.4078,2.0,23.94219,0.5119925999999999
-6.756125999999999,-96.11406,2.0,31.000940000000003,0.26656090000000005
-6.687464,-70.34923,2.0,38.44617,0.5517564
-6.8271440000000005,-39.2578,2.0,45.4586,0.5122122
-7.304835000000001,-3.116592,2.0,52.020109999999995,0.46397879999999997
-10.49615,34.88003,2.0,43.69652,-2.00347
-25.23807,46.09728,2.0,8.605875,-1.263413
-25.533279999999998,43.6857,2.0,7.302372999999999,0.3063146
-31.9995,39.791579999999996,2.0,15.45021,0.2978812
-45.07546,45.9245,2.0,23.40855,0.2368919
-64.70336,44.42583,2.0,30.65338,0.5413412
-90.10531999999999,41.72782,2.0,38.069790000000005,0.26345240000000003
-120.8902,40.63087,2.0,45.02003,0.47413599999999995
-148.4499,28.78848,2.0,30.448620000000002,-1.785439
-149.5398,18.88655,2.0,1.9682009999999999,0.6205016999999999
-145.0927,18.48226,2.0,10.73972,0.5858352
-144.5955,8.222038000000001,2.0,18.77751,0.5204880000000001
-151.0588,-6.432872,2.0,24.79759,0.188987
-146.0659,-26.88598,2.0,32.0302,0.5405113
-142.9544,-39.12622,3.0,11.76765,-0.08705508
-146.967,-47.129909999999995,3.0,15.703829999999998,0.9896236999999999
-157.5212,-53.393080000000005,3.0,15.47145,-0.21633270000000002
-166.11700000000002,-58.00441,3.0,11.62844,-0.33905009999999997
-165.3714,-65.3974,3.0,10.41263,1.4220549999999998
-156.9444,-72.20509,3.0,18.86071,0.26515359999999993
-140.179,-72.30724000000001,3.0,26.47036,0.5231456
-120.7712,-80.55163,3.0,27.05773,-0.22591770000000003
-109.4694,-94.57072,3.0,23.76154,0.5043379
-109.1567,-114.647,3.0,26.01399,-0.2005995
-118.2224,-128.8618,3.0,20.65024,-0.3260953
-133.8819,-133.6144,3.0,24.28724,-0.305141
-143.9977,-119.8434,3.0,30.68856,1.1789129999999999
-154.8231,-103.9813,3.0,17.942439999999998,-0.9226774999999999
-165.2792,-109.5114,3.0,20.7163,0.3112842
-168.248,-127.5116,3.0,28.64995,0.28191320000000003
-169.8029,-151.5038,3.0,36.09407,0.48850859999999996
-167.3817,-180.7058,3.0,43.082390000000004,0.5154346
-164.6128,-215.0183,3.0,49.6396,0.42541190000000006
-161.1329,-249.7939,3.0,41.10072,-1.584206
-141.6019,-257.7552,3.0,25.06304,-0.2557914
-127.0494,-242.2394,3.0,32.24239,0.322414
-127.8445,-217.3476,3.0,37.35202,0.46497390000000005
-126.5183,-191.2576,3.0,32.8712,-0.8474756
-113.9816,-178.5936,3.0,22.8189,-0.24232289999999998
-109.8039,-192.101,3.0,24.20298,0.2595709
-105.6764,-211.7827,3.0,31.319159999999997,1.0060280000000001
-105.4756,-234.1804,3.0,27.844690000000003,-0.3763437
-104.7435,-256.608,3.0,35.59863,0.17133220000000002
-84.90143,-271.7957,3.0,36.39935,0.20746660000000003
-63.272580000000005,-268.8467,3.0,16.82123,-1.156908
-56.39479,-266.8922,3.0,3.208654,-0.43458959999999996
-56.9679,-267.2615,3.0,1.427511,0.01676718
-56.732040000000005,-267.0212,3.0,3.386684,0.24941010000000002
-53.913999999999994,-263.6418,3.0,7.509284,0.136476
-48.79733,-263.0005,3.0,5.486835,-0.44181509999999996
-48.617,-262.9317,3.0,4.763527,0.6329619000000001
-50.140809999999995,-256.5583,3.0,13.11365,0.6081573
-47.096070000000005,-244.2543,3.0,21.040210000000002,0.5439142
-44.11455,-226.1633,3.0,28.42533,0.2608953
-41.40276,-202.5749,3.0,35.42545,0.2303433
-28.570390000000003,-178.8707,3.0,39.79655,0.4878611
-8.165094,-158.9382,3.0,29.40492,-0.7916903000000001
5.493768,-148.2663,3.0,20.45907,-0.3061008
11.80011,-136.9562,3.0,15.551110000000001,-0.2923687
9.101903,-126.0035,3.0,18.0908,0.2726407
-0.6316248000000001,-113.1555,3.0,25.44014,0.5057444999999999
-8.339311,-93.07512,3.0,32.45624,0.4888165
-10.364889999999999,-66.81689,3.0,38.8793,0.2137087
-6.449930999999999,-35.83142,3.0,45.17779,0.44591549999999996
-3.405339,-3.246416,3.0,40.04909,-1.674122
-4.564939,13.252120000000001,3.0,8.039598,-1.744114
-5.234375,17.13237,3.0,8.770141,0.6238229999999999
-7.575189,26.4957,3.0,17.19776,0.5700115
-16.64199,38.67205,3.0,24.40263,0.2490784
-36.0344,45.07225,3.0,31.04559,0.4906769
-61.63978,44.73102,3.0,37.97984,0.48316329999999996
-92.16141999999999,43.13086,3.0,44.57076,0.4677697
-125.8265,39.70538,3.0,43.80434,-0.5471345999999999
-149.5578,26.493779999999997,3.0,34.63946,-0.3168666
-143.8554,3.020457,3.0,34.7033,0.1237247
-145.0293,-24.537770000000002,3.0,40.30073,0.2585467
-149.205,-51.367740000000005,4.0,25.54962,-2.2968319999999998
-163.1032,-54.77581,4.0,19.683329999999998,-0.04655309
-166.0829,-66.4818,4.0,21.457810000000002,0.42772550000000004
-149.6231,-72.6515,4.0,27.78685,0.5107476
-127.4668,-77.37399,4.0,34.141659999999995,0.4481085
-109.8294,-97.44254000000001,4.0,39.1577,0.20346720000000001
-115.8321,-123.656,4.0,37.51321,-0.04056792
-138.7802,-130.8786,4.0,31.89466,-1.040827
-144.0163,-110.7602,4.0,31.36025,0.07629821
-154.0404,-98.8022,4.0,16.175720000000002,-0.3439062
-164.995,-107.76899999999999,4.0,23.786279999999998,0.2624632
-168.96099999999998,-127.6895,4.0,31.101090000000003,0.5277295
-170.0038,-153.1548,4.0,37.84021,0.22981279999999998
-167.1131,-183.5558,4.0,44.451240000000006,0.2233215
-163.8662,-218.6064,4.0,49.438759999999995,-0.0186186
-160.4807,-248.8035,4.0,23.68166,-2.567767
-148.4421,-256.8392,4.0,21.05544,0.544818
-132.3646,-253.9104,4.0,25.240070000000003,0.1228375
-125.6894,-233.7472,4.0,32.08563,0.23140879999999997
-128.3186,-208.123,4.0,38.18169,0.4129454000000001
-121.7745,-180.8025,4.0,36.94681,-0.8253074
-100.9473,-181.6361,4.0,26.241540000000004,-0.3777403
-106.4587,-194.6436,4.0,22.60631,0.2591285
-114.5538,-201.5154,4.0,1.496492,-0.8776603000000001
-114.555,-201.5551,4.0,0.005283478,-0.002856785
-113.5195,-201.7778,4.0,4.102201,0.144713
-109.9747,-199.5947,4.0,5.922187999999999,-0.7093189000000001
-109.6748,-198.4625,4.0,2.382012,0.5464386
-109.0165,-202.8496,4.0,9.531711,0.2501554
-107.0607,-212.2865,4.0,16.30108,0.4629960999999999
-105.2085,-226.5648,4.0,22.53789,0.2083373
-105.9547,-245.4695,4.0,28.3148,0.3634967
-97.44213,-265.7753,4.0,32.30509,0.08946114
-74.26961999999999,-271.4501,4.0,34.98019,0.2917277
-52.00565,-257.5734,4.0,37.063829999999996,-0.06748073
-49.307629999999996,-229.574,4.0,40.19554,0.16556010000000002
-42.04976,-199.3091,4.0,44.37936,0.1484196
-21.75386,-172.6518,4.0,46.74552,-0.04612352
0.627328,-152.5648,4.0,27.025609999999997,-2.469751
11.31277,-141.1831,4.0,17.7844,-0.2577963
10.40612,-128.0154,4.0,23.28461,0.4120665
-1.488169,-112.7915,4.0,28.730209999999996,0.3430068
-8.889393,-90.85322,4.0,33.88964,0.17798129999999998
-10.39795,-64.01378000000001,4.0,38.87404,0.34534709999999996
-5.465192,-33.85887,4.0,43.605090000000004,0.3359065
-1.479771,-0.19230339999999999,4.0,47.74946,0.18523810000000002
-9.14408,30.537779999999998,4.0,27.200129999999998,-0.7150849
-26.359170000000002,42.45277,4.0,31.21364,0.1600206
-51.214240000000004,43.513729999999995,4.0,36.19995,0.1891316
-79.9152,43.28014,4.0,41.241479999999996,0.36594790000000005
-111.7303,40.96835,4.0,43.09368,-0.182194
-136.1453,37.57121,4.0,15.46435,-0.8544902
-145.1794,30.08776,4.0,19.040860000000002,0.4158139
-147.9799,14.258870000000002,4.0,24.75765,0.21319810000000003
-144.4087,-5.880796,4.0,30.46347,0.40069520000000003
-141.7791,-30.208240000000004,4.0,34.9391,-0.11879819999999999
-151.2518,-49.52541,5.0,26.47496,0.3206094
-168.0876,-60.39507,5.0,23.771810000000002,-0.6879404
-161.44,-69.58154,5.0,16.44136,-0.39094670000000004
-147.8206,-71.28246999999999,5.0,22.563660000000002,0.44522790000000007
-129.5057,-76.02571999999999,5.0,28.395159999999997,0.38879509999999995
-111.5274,-89.35566999999999,5.0,32.728790000000004,0.2065234
-109.5852,-113.4914,5.0,33.96455,-0.10448039999999999
-123.4736,-132.0789,5.0,30.013509999999997,-0.9782414
-140.3498,-128.00799999999998,5.0,23.38051,0.1383753
-146.6637,-110.1903,5.0,28.1286,0.3507316
-162.5064,-100.7832,5.0,20.35558,-1.326003
-164.5385,-111.6859,5.0,16.90002,0.3257932
-166.8969,-126.8821,5.0,24.93385,1.166208
-168.3772,-151.9072,5.0,43.17837,0.5320505
-165.2365,-186.4895,5.0,49.63698,0.21883470000000002
-164.3176,-221.3367,5.0,34.48127,-2.394039
-163.2892,-238.7239,5.0,19.284370000000003,-0.440634
-159.7508,-250.2888,5.0,14.886779999999998,0.10409369999999998
-149.1034,-259.089,5.0,24.03126,0.23155509999999999
-131.5893,-253.0629,5.0,30.60711,0.8263147
-125.3901,-226.8364,5.0,40.989740000000005,0.4870237
-128.6907,-199.7249,5.0,23.94249,-2.314965
-125.2632,-186.0868,5.0,15.93152,-0.2425711
-112.7081,-182.3988,5.0,23.11567,0.6188852
-102.5634,-196.0644,5.0,27.060679999999998,0.3062136
-103.3992,-219.8761,5.0,35.88581,0.4095025
-105.6395,-246.7172,5.0,34.15844,-0.36965190000000003
-97.62228,-266.9323,5.0,29.99643,0.24566350000000003
-75.05790999999999,-271.73900000000003,5.0,33.88402,0.1417289
-53.81568000000001,-258.3965,5.0,35.98942,0.1324787
-48.09211,-230.8635,5.0,40.304990000000004,0.36785120000000004
-42.52905,-199.7738,5.0,44.90825,0.2973524
-24.02895,-171.3981,5.0,47.81329,0.2658948
-4.050465,-156.8009,5.0,14.64582,-0.36977790000000005
3.4768550000000005,-151.6913,5.0,10.0084,-0.3170458
8.036897999999999,-147.8114,5.0,6.378415,-0.13178879999999998
12.29266,-141.7991,5.0,13.36166,0.45753140000000003
11.67174,-129.997,5.0,19.3772,0.225865
2.109918,-116.5149,5.0,25.27374,0.2063214
-6.799361,-97.81286999999999,5.0,30.765109999999996,0.36012150000000004
-10.683869999999999,-73.45309,5.0,35.90356,0.16788229999999998
-7.166430999999999,-45.30375,5.0,40.7519,0.1758092
-2.131034,-13.76186,5.0,45.47504,0.34471399999999996
-3.4978230000000003,15.73044,5.0,30.127609999999997,-1.498183
-7.260475,26.36992,5.0,11.15665,0.9286277000000001
-13.608789999999999,36.22789,5.0,19.13985,0.2047588
-27.86269,43.842729999999996,5.0,24.855,0.3890111
-48.23295,45.28849,5.0,30.4407,0.41196409999999994
-72.79648,44.600640000000006,5.0,35.861470000000004,0.3847942
-101.2354,42.99113,5.0,40.91919,0.3612342
-129.1725,40.02425,5.0,28.45102,-1.6453220000000002
-142.7533,33.20476,5.0,22.57454,0.1894819
-148.0824,15.483670000000002,5.0,27.85895,0.3697371
-144.1434,-6.657636,5.0,33.15931,0.38841129999999996
-142.2438,-31.91848,5.0,30.49963,-0.5441142
-146.0546,-44.71376,6.0,12.69886,0.9250796
-155.2255,-53.71955,6.0,18.19008,-0.46504490000000004
-165.0645,-59.021159999999995,6.0,12.42591,-0.3038579
-163.2766,-69.32372,6.0,20.07753,0.7033847
-145.5675,-71.78333,6.0,31.872259999999997,0.5592986
-120.3066,-80.72614,6.0,41.54656,0.2848436
-110.0725,-105.455,6.0,34.55076,-0.5617903000000001
-116.7273,-118.4112,6.0,10.93239,-0.1567986
-120.8645,-128.7112,6.0,19.81169,-0.1222951
-132.371,-134.0693,6.0,19.89613,0.4603032
-143.93,-123.3949,6.0,25.20518,0.49990450000000003
-147.9767,-106.5456,6.0,12.62911,-2.163442
-152.7276,-102.5045,6.0,10.18463,0.7219635999999999
-162.7302,-101.7053,6.0,15.94842,-0.2048127
-167.1588,-113.6117,6.0,22.780620000000003,0.5174314999999999
-168.6758,-135.6102,6.0,36.33102,0.4502017
-168.482,-167.0235,6.0,47.868,0.7767885
-165.1149,-205.7896,6.0,53.96309,-0.8589669
-163.388,-241.4967,6.0,40.33958,-1.23271
-149.9422,-258.1379,6.0,24.76799,-0.6338111999999999
-134.7845,-254.7723,6.0,19.36988,0.1438789
-126.0976,-240.1154,6.0,26.60326,0.3931156
-125.5652,-218.4882,6.0,31.961470000000002,0.3735437
-128.78,-193.416,6.0,32.25249,-1.432419
-120.2737,-182.1198,6.0,18.97459,0.1778715
-106.6768,-188.7439,6.0,23.6029,0.319986
-102.5519,-207.3777,6.0,28.761770000000002,0.19418870000000002
-104.8513,-230.6918,6.0,34.251509999999996,0.3659337
-104.4306,-257.69,6.0,38.68213,0.04462775
-84.26355,-272.6352,6.0,33.102709999999995,-0.8484871999999999
-63.3921,-267.819,6.0,25.19079,-0.25499360000000004
-50.89917,-256.9171,6.0,25.58969,0.8384101
-46.6524,-235.4834,6.0,32.292429999999996,0.1933927
-43.53481,-209.7646,6.0,37.58761,0.37239240000000007
-34.995459999999994,-182.0738,6.0,40.79126,0.02120989
-11.146189999999999,-163.2588,6.0,37.06362,-3.3414800000000002
1.7195209999999999,-153.4014,6.0,13.25234,-0.3588804
8.554528,-147.4094,6.0,12.64335,0.2851787
12.87118,-137.2338,6.0,19.067120000000003,0.6389275999999999
5.6462699999999995,-122.0906,6.0,28.665290000000002,1.1019139999999998
-6.9090229999999995,-99.15616,6.0,42.7581,1.014775
-9.314178,-62.75699,6.0,55.51934,0.893602
-2.483957,-19.23744,6.0,62.024680000000004,0.37863979999999997
-4.50177,17.45954,6.0,30.23285,-1.504867
-10.97873,32.71074,6.0,22.33233,0.22562470000000004
-26.802559999999996,43.4159,6.0,31.551379999999998,0.873984
-55.209109999999995,45.155229999999996,6.0,46.078520000000005,1.106114
-94.65723,43.49615,6.0,59.79464,0.9141115
-123.7801,40.03474,6.0,16.51833,-2.0541419999999997
-133.7063,38.029270000000004,6.0,15.44767,0.5403208
-146.0857,29.150170000000003,6.0,24.36632,0.2909213
-147.1127,9.324831,6.0,29.65155,0.40835859999999996
-142.5559,-14.272429999999998,6.0,35.040859999999995,0.3703074
-141.9295,-34.63878,7.0,7.428027,0.272422
-143.3183,-42.60202,7.0,14.25487,0.47818820000000006
-151.9717,-51.52734,7.0,20.10841,0.2094152
-166.071,-59.793169999999996,7.0,22.40223,-0.31333479999999997
-166.3058,-72.47978,7.0,15.67024,-0.05343138
-155.3769,-77.04153000000001,7.0,18.29479,0.2652435
-141.2926,-73.39634000000001,7.0,20.31699,0.22004139999999997
-125.3835,-75.47713,7.0,23.8532,0.3801137
-110.6421,-90.13206,7.0,31.11218,0.10607180000000001
-110.101,-113.8234,7.0,34.51585,0.1911434
-129.2173,-130.9183,7.0,36.98827,0.09486489999999999
-147.5522,-124.09299999999999,7.0,17.71586,-1.3058370000000001
-143.5757,-116.2132,7.0,10.9224,0.6637729
-146.2739,-105.4895,7.0,16.953139999999998,-0.3768238
-157.9154,-101.6401,7.0,19.85983,0.2548991
-166.2866,-113.125,7.0,19.85192,-0.02373716
-165.9978,-129.1222,7.0,25.11368,0.6082046999999999
-168.71900000000002,-152.2431,7.0,38.57517,0.9786789
-169.7785,-185.6142,7.0,51.22692,0.8177464
-169.1992,-225.0388,7.0,49.61929,-0.45246210000000003
-159.1561,-250.9505,7.0,29.360709999999997,-0.4259415
-141.5097,-254.1508,7.0,21.63233,-0.20848139999999998
-127.5664,-246.0559,7.0,23.914579999999997,0.33679749999999997
-125.9383,-225.0523,7.0,32.373670000000004,0.3862025
-126.1881,-199.0949,7.0,37.6401,0.171402
-119.3194,-179.9091,7.0,15.65725,-0.3636233
-110.6588,-185.9481,7.0,19.3696,0.421311
-109.0258,-202.4145,7.0,25.371879999999997,0.4349295999999999
-108.6847,-223.3349,7.0,31.068459999999998,0.20932089999999998
-106.7476,-248.1618,7.0,35.96363,0.1300197
-89.94055,-269.3201,7.0,38.78516,0.17608320000000002
-62.203959999999995,-268.9312,7.0,39.32639,-0.014122299999999999
-49.63462,-243.7915,7.0,40.59602,0.3242021
-46.769290000000005,-212.2046,7.0,44.86098,0.06428159
-27.712509999999998,-184.5623,7.0,47.81985,0.35848270000000004
-2.834828,-156.9257,7.0,52.74369,0.6824263
9.23188,-130.7533,7.0,25.654989999999998,-0.6771401999999999
0.1319182,-114.3693,7.0,29.78016,0.2000411
-5.781203,-90.48589,7.0,40.63657,0.6320965000000001
-1.452899,-53.95652,7.0,58.21951,1.187207
-1.555187,-5.886643,7.0,66.11494,-1.018946
-7.726274,34.39808,7.0,39.00647,-1.309698
-28.36164,41.42044,7.0,33.02895,0.5785463000000001
-56.90438,40.523740000000004,7.0,41.52727,0.3449645
-89.47644,40.544779999999996,7.0,46.24873,0.3276475
-125.3381,41.14017,7.0,49.34758,-0.4949844
-147.2201,27.570390000000003,7.0,28.065440000000002,0.04925196
-145.4784,5.223656,7.0,32.81682,0.1998488
-145.2946,-21.0654,7.0,38.077740000000006,0.36768429999999996
-151.1674,-49.362120000000004,8.0,38.116640000000004,-0.8692551
-167.8654,-63.74296,8.0,20.64099,-0.6456048000000001
-160.6547,-77.84881999999999,8.0,27.14769,0.1972326
-139.3839,-77.21507,8.0,31.60714,0.3327
-118.0138,-86.73572,8.0,34.37797,0.26318850000000005
-111.0984,-111.4102,8.0,36.87952,0.06798854
-128.8623,-131.0011,8.0,37.919129999999996,0.03275506
-146.4716,-128.1338,8.0,6.871511,-2.331328
-144.4919,-125.8757,8.0,7.89658,0.5198835999999999
-141.753,-118.3003,8.0,14.45912,0.2398294
-147.6713,-107.0271,8.0,20.4856,0.3937001
-162.7823,-103.7565,8.0,23.528489999999998,0.04267218
-167.4328,-120.39200000000001,8.0,26.98353,0.4222323
-167.5366,-142.3748,8.0,32.343070000000004,0.3719636
-171.2398,-167.9579,8.0,37.41937,0.163709
-169.3752,-197.5259,8.0,42.27235,0.3457237
-168.2877,-230.5569,8.0,46.87207,0.2610282
-152.7787,-255.9714,8.0,36.98903,-0.7635887
-132.5379,-249.1658,8.0,27.866229999999998,0.482264
-127.0572,-227.3856,8.0,33.47963,0.19610460000000002
-127.0798,-200.6284,8.0,38.67467,0.33448829999999996
-118.0814,-179.8146,8.0,19.02684,-1.5566659999999999
-108.4991,-185.4932,8.0,18.54737,0.1972759
-106.8485,-201.3039,8.0,24.5595,0.4341603
-106.2219,-221.7292,8.0,30.333640000000003,0.2024466
-104.9126,-246.1638,8.0,35.55492,0.31181420000000004
-90.65324,-268.6243,8.0,38.134570000000004,0.1660669
-63.66281,-269.2778,8.0,38.65269,0.1523578
-48.2631,-245.7041,8.0,40.41635,0.1457247
-45.66346,-214.1499,8.0,44.99777,0.13134020000000002
-29.2165,-185.7094,8.0,46.6314,0.32436950000000003
-4.4745550000000005,-159.3874,8.0,50.90371,0.279351
8.752787,-129.3675,8.0,36.47336,-1.0612709999999999
-4.407757,-106.7829,8.0,40.04311,-0.06370521
-4.094357,-78.03489,8.0,41.48019,0.1612917
-1.278384,-45.66726,8.0,46.07269,0.15567820000000002
-1.617893,-9.893292,8.0,50.50975,0.3301079
-5.376558999999999,28.11828,8.0,47.363490000000006,-1.819343
-23.27514,42.77364,8.0,17.3965,-1.256921
-26.49636,39.30972,8.0,7.511487,0.23963879999999999
-33.30934,37.807990000000004,8.0,13.838410000000001,0.4477161
-42.128679999999996,46.70045,8.0,20.02003,0.47914480000000004
-48.02925,48.58656,8.0,0.02365246,0.04072578
-48.06838,48.42479,8.0,1.86991,0.5298975
-48.37158,45.44362,8.0,5.3186230000000005,0.02097677
-47.106759999999994,43.25732,8.0,1.131163,0.697799
-50.76469,45.61273,8.0,10.44772,0.6430206
-61.55053,45.719840000000005,8.0,19.07226,0.6352186
-78.62711,43.67654,8.0,27.203000000000003,0.5772581
-101.52600000000001,42.23237,8.0,34.74968,0.5092497
-129.565,43.26145,8.0,40.0743,-0.1069981
-144.4588,21.19174,8.0,39.776990000000005,0.2859744
-145.7611,-11.54379,8.0,48.40981,0.4543986
-141.9793,-34.17255,9.0,2.875523,-0.05932307
-142.5106,-37.013659999999994,9.0,9.262761,0.7802594
-146.1377,-45.78505,9.0,13.54999,-0.20741260000000003
-152.8056,-51.684779999999996,9.0,11.591330000000001,0.3170395
-162.3816,-54.83115,9.0,12.736289999999999,-0.23091799999999998
-166.9146,-61.2914,9.0,10.03467,0.1569172
-161.4707,-71.17385,9.0,21.20624,0.02173029
-148.011,-73.2832,9.0,16.84499,-0.24573470000000003
-136.2177,-73.22254000000001,9.0,18.48151,0.6037804
-119.8149,-79.91648,9.0,25.66173,0.03640275
-108.7151,-95.36743,9.0,26.453940000000003,-0.08216438
-107.8922,-111.664,9.0,12.951989999999999,-0.1941734
-110.4839,-119.9771,9.0,11.94726,0.9603427
-118.3528,-131.2366,9.0,21.400370000000002,-0.1108857
-131.5666,-134.8685,9.0,16.86295,-0.2796834
-141.6415,-128.9144,9.0,19.14688,1.39553
-147.8441,-112.1807,9.0,28.138240000000003,0.2871768
-156.5951,-99.65290999999999,9.0,15.314010000000001,-0.1915779
-164.6943,-103.7143,9.0,14.78757,0.9714325999999999
-167.8497,-120.1193,9.0,30.02989,1.0099719999999999
-168.8318,-147.3143,9.0,42.34768,0.5490394000000001
-167.3565,-180.52,9.0,46.90189,0.22341599999999998
-164.0777,-214.7032,9.0,43.05608,-0.5861903
-162.2912,-241.7796,9.0,28.309359999999998,-0.2404476
-152.7439,-256.9768,9.0,22.049039999999998,-0.18297339999999998
-139.1548,-259.5103,9.0,17.39016,0.05502392
-128.1339,-246.7601,9.0,30.45598,1.1043399999999999
-125.5954,-220.81099999999998,9.0,36.759479999999996,-0.5098018
-128.7699,-198.37599999999998,9.0,20.44654,-1.628953
-127.3097,-187.0135,9.0,13.68971,-0.2809994
-118.1009,-181.6314,9.0,18.953129999999998,0.1612906
-106.0287,-186.5625,9.0,16.02948,-0.1606979
-102.5123,-198.4372,9.0,22.65871,1.170225
-103.6489,-220.2968,9.0,34.85777,0.6094868
-106.0241,-247.5216,9.0,36.53033,-0.206114
-94.81614,-269.7644,9.0,32.85777,-0.1667688
-71.30306,-271.8204,9.0,32.52174,-0.05892283
-52.91021,-257.5715,9.0,33.160920000000004,0.34843579999999996
-47.24329,-232.5513,9.0,35.90937,0.1819272
-42.96669,-205.815,9.0,35.56177,-0.09140265
-34.864329999999995,-182.5058,9.0,31.012809999999998,-0.3681764
-20.06242,-168.0574,9.0,25.18412,-0.22655860000000003
-6.004933,-158.5177,9.0,21.22543,-0.14930520000000003
5.847394,-150.3285,9.0,18.027479999999997,0.07392237
12.70759,-137.34,9.0,23.61959,0.5112119
4.546437999999999,-120.3998,9.0,28.5687,0.25562039999999997
-6.930292,-102.1291,9.0,29.74655,0.05042366
-11.06795,-80.22511,9.0,30.989520000000002,0.34036540000000004
-9.691892999999999,-55.757419999999996,9.0,34.680170000000004,0.0555196
-5.198822,-29.91256,9.0,36.03472,0.08705816
-1.844471,-3.191684,9.0,35.38223,-0.5075546
-4.657563,18.41175,9.0,24.075,-0.6196338
-10.243789999999999,32.50885,9.0,19.4991,0.5413699000000001
-25.27185,43.347,9.0,29.259809999999998,0.23755610000000002
-49.34235,44.46112,9.0,36.268440000000005,0.5388598000000001
-78.79335,44.20908,9.0,43.294140000000006,0.2419712
-113.209,41.94697,9.0,48.2492,-0.07430017
-141.683,34.96883,9.0,34.55185,0.42387659999999994
-145.114,10.858189999999999,9.0,36.87849,0.2568837
-141.8759,-18.56544,9.0,41.11874,-1.147833
-144.827,-38.972559999999994,10.0,16.79581,-0.24752929999999998
-151.643,-50.672059999999995,10.0,19.61423,-0.16934620000000003
-163.0951,-56.700359999999996,10.0,15.68958,-0.2850787
-166.6759,-65.57316999999999,10.0,15.03871,0.31721279999999996
-157.0417,-73.17293000000001,10.0,17.8654,0.06272752
-143.4796,-72.49773,10.0,17.967589999999998,-0.1618368
-129.4851,-75.21999,10.0,24.33093,0.5669515
-112.5903,-86.90958,10.0,31.347890000000003,0.41774170000000005
-107.7334,-111.0056,10.0,36.72627,0.2069393
-118.6384,-129.9651,10.0,23.80395,-0.2096875
-133.6224,-133.5179,10.0,18.79879,-0.1723043
-143.6056,-125.185,10.0,21.2489,0.6116124
-148.2239,-108.1832,10.0,21.88874,-2.116148
-151.7916,-103.1542,10.0,7.993257000000001,0.6913774
-159.9113,-100.65100000000001,10.0,15.41761,0.4452997
-167.2632,-111.071,10.0,21.63906,0.5228742999999999
-168.4948,-129.7492,10.0,28.72468,0.5044821
-168.8494,-153.6214,10.0,34.9861,0.1530538
-168.04,-180.8972,10.0,38.741440000000004,0.14068350000000002
-165.1532,-209.8648,10.0,37.25253,-0.291308
-163.7984,-234.6128,10.0,29.91671,-0.4725445
-157.8564,-252.8018,10.0,22.86445,-0.22551190000000002
-143.6907,-259.7481,10.0,23.77466,0.1365904
-130.0477,-250.0405,10.0,25.08902,0.1569629
-124.6133,-230.9447,10.0,28.558840000000004,0.2140807
-126.9674,-209.0165,10.0,28.81004,-0.23441610000000002
-127.9864,-193.0986,10.0,16.24329,-0.3116241
-124.7716,-183.67,10.0,11.74898,-0.1119868
-114.306,-182.2573,10.0,17.661820000000002,0.2559822
-104.0238,-189.8235,10.0,18.36385,0.1437201
-103.3043,-204.1827,10.0,20.81666,0.08712271
-104.3333,-220.1983,10.0,21.78022,-0.0145445
-105.7776,-237.8896,10.0,27.38503,0.2410301
-104.0601,-259.4111,10.0,29.71517,-0.1471269
-86.98191,-272.562,10.0,34.20518,0.332163
-60.519490000000005,-267.0491,10.0,38.65522,-0.05521569
-49.01162,-241.8487,10.0,41.050909999999995,0.28208259999999996
-44.30892,-210.4032,10.0,42.265,-0.6410127
-35.18695,-183.9908,10.0,33.59129,-0.3008272
-19.809420000000003,-168.3634,10.0,26.43348,-0.33849029999999997
-7.3034539999999994,-159.5696,10.0,13.16125,-0.2666495
2.335196,-152.7901,10.0,20.8278,-0.2515118
12.25724,-142.248,10.0,20.84704,0.2453969
8.266299,-124.8047,10.0,28.477990000000002,0.40037870000000003
-5.685437,-106.4958,10.0,34.2032,0.41643620000000003
-10.41019,-81.81664,10.0,30.869909999999997,-0.5084124
-9.171846,-57.201440000000005,10.0,36.48445,0.2190538
-5.290721,-28.078059999999997,10.0,42.64264,0.2077961
-2.0052529999999997,5.355268,10.0,48.07099,0.34129879999999996
-13.4107,36.62867,10.0,42.72797,-0.13271570000000002
-43.98742,45.133109999999995,10.0,45.755340000000004,0.35003029999999996
-79.88718,44.2908,10.0,51.124190000000006,0.1772816
-118.4725,40.75956,10.0,48.00165,-1.467595
-145.7878,30.1431,10.0,38.03393,-0.36734829999999996
-144.5863,3.664644,10.0,39.180659999999996,0.1993479
-142.4998,-26.30575,10.0,37.81779,-0.8499167999999999
-151.7935,-49.892340000000004,11.0,35.81216,0.2023979
-169.687,-68.66475,11.0,29.8031,-1.364444
-161.9838,-80.70773,11.0,19.67485,0.03480356
-149.3282,-70.51621,11.0,24.899179999999998,0.11435239999999999
-130.5907,-74.80183000000001,11.0,29.9306,0.5098630000000001
-113.1794,-89.87505,11.0,29.52246,0.005608782
-110.2552,-113.5206,11.0,35.10825,-0.1049364
-123.3698,-131.2726,11.0,26.97192,0.32998829999999996
-142.5617,-126.4001,11.0,31.090790000000002,-0.08587885
-146.27100000000002,-105.2643,11.0,16.67809,-1.4812040000000002
-154.4096,-100.5704,11.0,18.796960000000002,0.723051
-166.4076,-109.9625,11.0,24.83276,0.17713399999999999
-166.0113,-130.6565,11.0,31.345240000000004,0.48974880000000004
-168.4125,-156.1562,11.0,37.646,0.4233064
-166.4479,-186.1422,11.0,43.62514,0.4233978
-163.7687,-220.429,11.0,47.90473,-0.20684740000000001
-158.5831,-250.6672,11.0,32.783970000000004,-0.6995661
-140.1288,-259.8011,11.0,30.33785,0.08103921
-127.1199,-243.4515,11.0,32.245940000000004,0.4905920999999999
-125.949,-217.229,11.0,38.28335,0.41681720000000005
-127.3006,-190.19,11.0,34.28002,0.7380318
-111.7804,-180.5805,11.0,25.07337,-0.3682499
-107.4845,-197.4059,11.0,27.685270000000003,0.5073542000000001
-105.5406,-220.062,11.0,33.80362,0.21410990000000002
-106.9998,-247.3559,11.0,39.62576,0.14537120000000003
-91.35645,-271.1406,11.0,39.249829999999996,-0.1977887
-62.18205,-267.9073,11.0,42.186690000000006,0.03510899
-47.73055,-241.9121,11.0,43.32336,0.2107255
-42.89045,-207.9859,11.0,49.006170000000004,0.38278920000000005
-27.145129999999998,-174.6076,11.0,51.14274,-1.196741
-1.98038,-157.1515,11.0,34.883309999999994,0.5570496
11.80724,-140.3299,11.0,25.6918,-0.32021479999999997
7.46778,-123.4805,11.0,26.15117,0.4650138
-4.931108,-105.6541,11.0,32.38111,0.4016313
-10.06025,-79.98128,11.0,38.55274,0.43907229999999997
-8.366076,-49.34697,11.0,44.327,0.40604819999999997
-2.389557,-14.97088,11.0,49.8535,0.1763943
-5.654473,23.2054,11.0,51.55069,-1.110566
-30.54475,45.44086,11.0,46.12144,-0.03434974
-66.1717,42.71451,11.0,50.760870000000004,0.3808729
-105.6896,41.34618,11.0,55.91548,0.009737467
-140.8922,34.50316,11.0,43.18815,-0.3758054
-148.3052,7.163763,11.0,40.829,0.382756
-142.2139,-24.34885,11.0,45.57891,0.05699476
-151.59799999999998,-50.188359999999996,12.0,29.021490000000004,-0.5129978000000001
-168.3189,-60.799440000000004,12.0,27.012690000000003,0.05604145
-158.3907,-72.29649,12.0,24.8802,0.4243459
-137.662,-71.87432,12.0,31.280690000000003,0.41583370000000003
-115.5437,-83.37871,12.0,36.61773,0.3098085
-106.9055,-109.16799999999999,12.0,36.54739,-1.22096
-119.2182,-127.3574,12.0,28.442709999999998,0.1940209
-136.3759,-132.7909,12.0,21.3429,-0.5665865
-146.1929,-119.6811,12.0,26.4712,0.4792501
-153.2338,-101.8772,12.0,22.30902,-0.47394
-166.2103,-105.4389,12.0,21.06907,0.5709337
-167.2506,-125.8275,12.0,34.56852,0.48155829999999994
-169.0163,-153.5796,12.0,40.42422,0.1737081
-166.7995,-185.6845,12.0,46.19823,0.4295920999999999
-164.7358,-221.9117,12.0,51.585190000000004,0.100149
-156.6051,-254.0931,12.0,37.87534,-1.4444379999999999
-136.2804,-254.6133,12.0,28.606859999999998,0.23581279999999996
-127.6029,-233.6985,12.0,33.57756,0.4941103
-126.3721,-206.8478,12.0,36.073240000000006,-0.671086
-124.633,-183.2182,12.0,30.79813,-0.3042506
-107.2822,-185.2276,12.0,24.774379999999997,-0.1529864
-110.1183,-204.1688,12.0,29.15952,0.2236717
-109.6447,-228.22400000000002,12.0,35.699729999999995,0.4648532
-104.7521,-256.4301,12.0,41.44092,0.1104062
-81.69332,-271.8672,12.0,39.62592,0.10871610000000001
-52.60399,-262.2115,12.0,42.568490000000004,-0.3685483
-47.97295,-236.9268,12.0,32.35868,-0.1997472
-53.10783000000001,-219.8862,12.0,10.55775,-0.8182536
-53.27065,-215.3725,12.0,3.6025690000000004,-0.4948527
-52.90112,-216.0038,12.0,5.481768,0.6365189
-47.111509999999996,-218.6442,12.0,12.8725,0.4124397
-42.04125,-209.699,12.0,13.968729999999999,-0.14196789999999998
-41.47169,-199.0786,12.0,18.836570000000002,0.5212224
-36.660109999999996,-183.3296,12.0,25.79289,0.486225
-21.781579999999998,-168.067,12.0,32.19859,0.4667094
0.5242276,-154.3751,12.0,37.7575,-0.2179719
12.366719999999999,-132.5576,12.0,29.13709,-0.3237095
0.3065015,-112.697,12.0,38.290490000000005,0.5910743
-10.443389999999999,-80.8778,12.0,51.863009999999996,0.2987315
-6.48832,-41.042609999999996,12.0,56.51814,0.16933829999999997
-2.272722,2.003089,12.0,57.12749,-1.6771200000000002
-10.21838,31.49864,12.0,33.67886,0.6202559
-32.087790000000005,45.564890000000005,12.0,37.913540000000005,0.1299431
-61.977509999999995,44.27158,12.0,43.29951,0.20906220000000003
-96.18338,43.4449,12.0,48.92618,0.405147
-132.7988,39.18926,12.0,47.72505,0.2192544
-153.1195,19.287879999999998,12.0,22.148529999999997,-4.756675
-153.739,12.57099,12.0,1.5533299999999999,0.5805606
-149.5456,11.88959,12.0,9.964733,0.26914509999999997
-146.4412,2.567191,12.0,17.59376,0.27437480000000003
-144.5201,-13.128020000000001,12.0,24.90091,0.5050541000000001
-141.8908,-33.35201,13.0,3.0689759999999997,0.3147032
-142.9054,-38.63794,13.0,11.36261,0.5388998
-148.9165,-47.98553,13.0,18.887179999999997,0.5158457000000001
-163.0733,-56.520869999999995,13.0,25.46885,0.2814777
-165.354,-71.57531999999999,13.0,18.55644,-0.487666
-153.1923,-76.11267,13.0,20.369529999999997,0.40542399999999995
-138.4714,-72.34513000000001,13.0,18.46876,-0.3710853
-122.7958,-75.50079000000001,13.0,25.47974,0.47361729999999996
-109.0676,-90.7935,13.0,31.224490000000003,0.4112507
-109.3382,-115.0421,13.0,35.68009,0.2719252
-130.0926,-132.1078,13.0,38.43972,-0.49520119999999995
-146.067,-124.777,13.0,13.523710000000001,-1.908966
-141.5802,-123.0584,13.0,10.051689999999999,0.2674886
-139.065,-122.5605,13.0,4.6340069999999995,0.5720679
-144.2876,-125.2186,13.0,9.916124,-0.06039097
-145.5227,-129.1726,13.0,0.2323564,-0.304088
-144.6951,-125.9838,13.0,9.023267,0.31617940000000005
-140.366,-117.2111,13.0,17.2133,0.5172244
-144.3045,-102.9472,13.0,24.07553,0.4524429
-161.0746,-99.81451,13.0,23.656229999999997,-0.5204081
-167.183,-116.1319,13.0,28.74496,0.5313139
-167.6476,-140.0163,13.0,35.72305,0.24633049999999998
-167.7805,-169.1041,13.0,42.38098,0.49160190000000004
-167.9392,-202.8207,13.0,48.62338,0.4391871
-166.0083,-240.3204,13.0,49.1104,-0.6288245
-141.289,-257.63599999999997,13.0,39.349340000000005,-1.5499049999999999
-127.3962,-241.69,13.0,31.56485,0.2880013
-127.6181,-214.4075,13.0,41.29025,0.45660329999999993
-126.7177,-188.3714,13.0,20.218020000000003,-1.1562700000000001
-118.411,-181.5178,13.0,15.685770000000002,0.2724833
-107.0506,-189.0142,13.0,23.30105,0.2297149
-105.1007,-208.5107,13.0,30.1951,0.48204709999999995
-108.1266,-233.2574,13.0,36.97984,0.3962177
-98.94626,-260.5748,13.0,41.90186,0.25555700000000003
-71.53576,-272.2782,13.0,42.63165,-0.001493525
-50.38995,-251.4235,13.0,42.78028,0.1951656
-47.904509999999995,-218.0813,13.0,45.924490000000006,-0.5697158
-36.10367,-188.9896,13.0,44.230990000000006,0.1802901
-12.15741,-163.6449,13.0,50.10818,0.410721
9.335038,-133.2544,13.0,46.45431,-0.5981516
-1.341335,-107.7674,13.0,33.15891,-0.2844487
-8.287756,-88.62935999999999,13.0,31.585209999999996,0.5186350000000001
-5.898993,-62.81111,13.0,38.4204,0.4975621
-5.193258999999999,-31.94165,13.0,44.86588,0.21019949999999998
-3.722351,3.5570690000000003,13.0,50.88793,0.1911576
-13.284820000000002,36.67722,13.0,38.12344,-2.122808
-32.75311,39.252559999999995,13.0,17.46911,-0.8325561
-35.087740000000004,32.58409,13.0,0.10138939999999999,-0.06236471
-35.13993,32.59122,13.0,0.05797293,0.008143441999999999
-35.06525,32.8316,13.0,2.627654,0.6101299
-33.95215,37.60331,13.0,10.37072,0.48216620000000004
-32.328179999999996,44.10266,13.0,4.252774,-0.7481321999999999
-32.54977,43.884879999999995,13.0,4.669392,0.5889087
-37.96099,41.18775,13.0,12.39475,0.5365154999999999
-49.3945,44.41114,13.0,19.63464,0.5178518
-66.38424,44.77588,13.0,26.28384,0.4643597
-88.02429000000001,41.94696,13.0,32.58249,0.4473692
-114.3489,42.94513,13.0,38.27841,0.35181
-141.0268,32.40232,13.0,38.54152,-0.45375590000000005
-147.6748,5.412572,13.0,40.64043,0.1947761
-144.5361,-26.5785,13.0,45.82535,0.04974523
-154.0953,-54.33221999999999,14.0,32.05323,-0.6356174
-162.2409,-69.96399,14.0,23.415860000000002,0.2016776
-144.8777,-75.65997,14.0,28.8518,0.4846648
-122.6597,-80.93594,14.0,33.68783,0.33616409999999997
-109.4772,-102.8008,14.0,37.05637,0.1684406
-120.9404,-127.3592,14.0,39.07062,0.09325845
-143.8949,-128.3581,14.0,24.7668,-0.6534807
-145.7536,-120.0392,14.0,1.378711,0.3045927
-146.6533,-119.0439,14.0,1.890682,-0.01402176
-147.4669,-118.0945,14.0,1.451331,-0.1765529
-149.1314,-117.2673,14.0,4.065592,-0.06214981
-150.8782,-117.4454,14.0,1.696278,0.6674684000000001
-147.1821,-114.8091,14.0,10.54889,0.6035585
-145.0352,-104.7907,14.0,18.13178,0.46069040000000006
-157.1602,-96.72673,14.0,23.49933,0.1108346
-168.0272,-110.0957,14.0,27.5826,0.44117860000000003
-166.273,-133.0134,14.0,34.503609999999995,0.5148556
-166.71599999999998,-161.108,14.0,41.315670000000004,0.46867650000000005
-167.1721,-194.1136,14.0,47.72345,0.4271655
-166.2507,-231.532,14.0,51.58382,-0.8960405999999999
-149.687,-254.4339,14.0,27.4213,-1.0962889999999998
-141.72299999999998,-251.8674,14.0,4.503067,-0.135818
-141.0035,-249.4939,14.0,3.8770589999999996,0.5611124
-135.7185,-248.2554,14.0,11.66745,0.9417791999999999
-126.2643,-251.8248,14.0,12.85833,-0.17659960000000002
-120.9536,-246.8871,14.0,11.58563,0.5840414
-123.8026,-235.2109,14.0,20.54101,0.5609337
-126.6366,-217.3661,14.0,28.183840000000004,0.5476394
-127.7945,-193.8329,14.0,35.20616,0.3110683
-113.4093,-179.0714,14.0,25.31886,-1.048849
-105.3151,-193.8773,14.0,31.678720000000002,1.373457
-107.46700000000001,-224.8896,14.0,51.77885,1.337817
-96.09831,-263.1354,14.0,50.58974,-1.278867
-64.61185,-270.5808,14.0,46.47967,-0.3086364
-48.1073,-244.95,14.0,43.59259,0.28108130000000003
-47.17544,-211.0807,14.0,48.023509999999995,0.10253110000000001
-26.73188,-180.2186,14.0,52.854580000000006,0.39091570000000003
2.3302259999999997,-151.3362,14.0,55.72449,-0.6721646
7.795653,-121.4973,14.0,29.496370000000002,-0.3997355
-3.839662,-105.1088,14.0,29.231270000000002,0.4526362
-5.424518,-81.19957,14.0,35.89105,0.508962
-3.102845,-52.19538,14.0,42.63156,0.49653159999999996
-2.212518,-18.2125,14.0,48.94278,0.4625265
-4.327039,19.950570000000003,14.0,51.304140000000004,-1.1079299999999999
-26.05453,42.58615,14.0,43.11909,-0.02789563
-59.63054,40.43607,14.0,48.261959999999995,0.4542419
-97.59383000000001,40.33933,14.0,54.1837,0.4294476
-134.9721,38.60367,14.0,40.504459999999995,-2.001132
-145.2357,22.9271,14.0,10.0616,-2.699822
-143.096,23.26606,14.0,5.938527,-0.6087279000000001
-141.2031,25.592579999999998,14.0,0.2315687,0.7243807
-143.6882,22.61516,14.0,8.619723,0.18198820000000002
-149.1999,21.88456,14.0,3.5032730000000005,-0.7882174
-148.2876,21.32491,14.0,6.156875,0.3300235
-142.9774,15.60896,14.0,14.964529999999998,0.5913701
-140.781,1.8158830000000001,14.0,23.11701,0.5785252
-142.2837,-18.23428,14.0,30.93801,0.5761137
-141.8425,-35.78431,1.0,5.673780000000001,0.04510986
-142.7018,-43.56915,1.0,15.201229999999999,0.3168256
-151.9069,-54.18436,1.0,23.47834,0.6023451999999999
-163.0712,-68.68186999999999,1.0,26.94625,-0.1259582
-149.116,-75.13176999999999,1.0,24.1569,0.2873825
-136.3063,-68.85238000000001,1.0,7.120456,-0.02314182
-135.8622,-68.27895,1.0,0.02619093,-0.0006870521000000001
-135.8435,-68.28169,1.0,0.02407686,-0.001327072
-135.8275,-68.28364,1.0,0.02744388,0.05324086
-136.085,-70.08322,1.0,4.504266,0.1246945
-135.6633,-73.38919,1.0,4.207816,-0.03126355
-136.3689,-76.02818,1.0,3.488382,-0.004381360999999999
-136.0018,-75.91698000000001,1.0,5.238824,0.6650339
-129.0074,-75.2334,1.0,14.050679999999998,0.6114075
-118.4216,-82.29188,1.0,21.54721,0.5643859999999999
-110.9725,-99.59876,1.0,29.155659999999997,0.4819819
-115.0024,-122.2858,1.0,34.724909999999994,0.3429957
-137.453,-132.8067,1.0,31.739559999999997,-0.7007368
-146.0401,-119.1252,1.0,21.85181,0.03273401
-138.4591,-108.7636,1.0,1.776401,-1.674564
-138.4581,-108.7228,1.0,0.02515012,0.0003010352
-138.4589,-108.7394,1.0,0.02836757,0.007849856
-141.1147,-108.1074,1.0,7.8626830000000005,0.16854520000000003
-145.641,-110.699,1.0,2.7427669999999997,-1.394044
-144.8011,-108.8441,1.0,7.312716,0.6262287
-146.1423,-100.7654,1.0,15.455739999999999,0.28003190000000006
-157.4662,-95.836,1.0,16.453129999999998,-0.36940500000000004
-165.5012,-103.0264,1.0,18.67681,1.235834
-167.7953,-122.14399999999999,1.0,32.39927,0.8278075
-166.2763,-148.4161,1.0,40.65141,0.6914694
-164.7099,-175.3372,1.0,33.00723,-0.4758274
-167.9969,-198.8102,1.0,36.921620000000004,0.6927146
-166.5434,-227.8818,1.0,36.63173,-0.5311293
-158.2297,-248.8166,1.0,26.31666,-0.315552
-138.6985,-249.4881,1.0,29.971690000000002,0.542048
-121.8419,-236.84099999999998,1.0,24.91091,-0.7470166
-130.7463,-221.9641,1.0,24.84337,-0.8616596
-124.1179,-207.6137,1.0,20.56954,-0.5075729999999999
-124.59200000000001,-194.4152,1.0,17.54697,-0.32802370000000003
-120.7443,-184.6327,1.0,16.35353,0.951
-110.9464,-190.2482,1.0,16.27032,-0.1365959
-110.0903,-201.1558,1.0,13.88945,-0.08496227
-109.5045,-213.8643,1.0,21.26931,0.567264
-107.572,-232.3803,1.0,28.93197,0.5220727
-101.9129,-255.5686,1.0,35.46917,0.1825442
-80.32562,-271.3156,1.0,38.96379,0.1454499
-55.70928000000001,-258.9963,1.0,39.64444,0.0232531
-51.53107,-229.4087,1.0,43.29509,0.3275858
-38.30914,-198.4418,1.0,48.25594,0.3673901
-13.74097,-169.7206,1.0,53.96923,0.41656279999999996
9.580156,-135.0423,1.0,57.98085,-0.2760756
10.83858,-106.6993,1.0,15.19939,-2.6903200000000003
9.842039,-104.2911,1.0,0.5501170999999999,-0.05200635
10.17532,-104.5174,1.0,3.260168,0.2800382
14.05311,-106.8881,1.0,8.507829,0.2306022
18.45151,-106.9449,1.0,1.4456229999999999,-0.6916579
16.26951,-107.6218,1.0,7.472687,0.6343808000000001
8.499663,-111.2815,1.0,15.17491,-0.6425054
-0.2201422,-105.8553,1.0,19.184929999999998,0.5128885999999999
0.9857697,-89.14809,1.0,25.839370000000002,0.2178406
-4.626945,-68.20231,1.0,32.68573,0.47947860000000003
-5.850445,-41.494609999999994,1.0,39.37285,0.47529319999999997
-6.381978,-9.970428,1.0,45.6759,0.4456018
-7.354216,25.594089999999998,1.0,46.07696,-0.9760866
-19.60098,44.59875,1.0,15.88724,-1.350562
-28.823659999999997,38.84145,1.0,18.2293,0.2529132
-44.70639,39.0063,1.0,25.34949,0.2723771
-66.06912,39.60358,1.0,32.42457,0.49396130000000005
-92.61649,39.71015,1.0,39.17046,0.49658500000000005
-123.9694,40.62542,1.0,43.9683,-1.142889
-144.3406,30.11696,1.0,21.35473,-1.487781
-139.9188,24.79185,1.0,9.465669,0.5189683
-137.7517,24.250729999999997,1.0,0.07038566,0.008937083
-137.7516,24.2091,1.0,0.05355271,0.03817335
-140.0727,24.62404,1.0,7.157178,0.40995119999999996
-147.1129,24.23015,1.0,10.96203,-0.04492221
-151.1964,25.413829999999997,1.0,0.7562226,-0.733414
-149.0167,24.01711,1.0,7.6770130000000005,0.5630759
-147.4254,16.00778,1.0,15.109279999999998,0.4872656
-151.9642,3.3673019999999996,1.0,21.284779999999998,0.42705870000000007
-147.707,-14.281360000000001,1.0,27.843609999999998,0.2295401
-146.3009,-37.17584,2.0,33.91832,0.11703279999999999
-162.2226,-53.928869999999996,2.0,32.95077,-0.38291590000000003
-163.1166,-71.78959,2.0,21.18457,-1.227965
-156.1764,-69.39314,2.0,8.770823,0.009308539000000001
-155.69899999999998,-68.52759,2.0,0.05083046,0.005710539000000001
-155.7259,-68.66587,2.0,1.8420490000000003,0.5882205
-156.2857,-71.87952,2.0,5.113498,-0.04948747
-156.9467,-75.06844,2.0,1.756161,-0.3850063
-155.1995,-73.53699,2.0,7.8666990000000006,0.3481761
-146.5869,-74.48953,2.0,16.43914,0.5878701
-134.4313,-81.99583,2.0,19.53134,-0.1520548
-121.8696,-85.96985,2.0,18.46967,0.8671015
-111.083,-101.6514,2.0,31.639609999999998,-0.06537799999999999
-117.9837,-123.0445,2.0,33.22611,0.2003422
-139.1369,-129.9548,2.0,27.170479999999998,-1.31761
-143.3497,-117.0847,2.0,21.61862,0.272077
-141.4151,-103.5666,2.0,18.72849,0.1602664
-155.9903,-102.4948,2.0,20.46455,-0.4517986
-160.977,-113.47200000000001,2.0,16.488310000000002,0.01298633
-163.7198,-126.2439,2.0,19.91844,0.8953296999999999
-165.396,-144.5943,2.0,28.86658,0.2719205
-165.3512,-168.8162,2.0,36.47122,0.5408461999999999
-165.709,-198.5807,2.0,43.5968,0.5239348
-165.2126,-233.278,2.0,48.44684,-3.045429
-155.0448,-250.8669,2.0,23.21068,0.38977470000000003
-135.32399999999998,-251.40400000000002,2.0,30.385720000000003,0.1630309
-126.0164,-236.238,2.0,24.8241,0.6888516
-125.8977,-214.7245,2.0,34.05873,0.4246583
-125.7637,-188.9692,2.0,24.21418,-3.201781
-118.0057,-184.0108,2.0,13.6872,0.5837099
-110.8405,-193.0086,2.0,20.55426,0.2981198
-109.3592,-211.2748,2.0,28.696659999999998,0.5601897
-106.4333,-235.2142,2.0,36.27816,0.43133009999999994
-95.87724,-262.1201,2.0,42.0211,0.08218717
-68.35351999999999,-268.7749,2.0,40.59292,0.2686356
-49.01439,-246.25,2.0,42.2765,9.042298000000001e-05
-48.054140000000004,-213.3585,2.0,47.29607,0.34877709999999995
-28.96755,-183.0401,2.0,51.67147,0.2240549
-1.7434830000000001,-152.9455,2.0,57.42878,-0.19433689999999998
8.222382000000001,-126.256,2.0,18.8292,-1.56146
-1.8959419999999998,-115.2667,2.0,23.98326,0.2528695
-6.763139,-95.88113,2.0,31.0935,0.5537850000000001
-6.690761999999999,-70.06006,2.0,38.53476,0.5237938
-6.829788000000001,-38.91961,2.0,45.49767,0.2389596
-7.307811,-2.727621,2.0,52.05553,0.21424139999999997
-10.63851,35.16993,2.0,43.52652,-1.082915
-25.295679999999997,46.08692,2.0,8.164659,-2.7519270000000002
-25.53766,43.63069,2.0,7.404876,0.6009076
-32.11422,39.80995,2.0,15.5455,0.5541305000000001
-45.24098,45.97459,2.0,23.48953,0.48317330000000003
-64.92537,44.385740000000006,2.0,30.745520000000003,0.5575382
-90.39339,41.71436,2.0,38.157540000000004,0.5075422
-121.2224,40.59993,2.0,45.097640000000006,0.46813370000000004
-148.5651,28.60388,2.0,30.137059999999998,-1.948832
-149.5276,18.89487,2.0,2.08268,0.6968661999999999
-145.0302,18.42674,2.0,10.787360000000001,0.2800973
-144.6596,8.100725,2.0,18.82081,0.2717191
-151.0279,-6.614197,2.0,24.861439999999998,0.37920859999999995
-146.0532,-27.127,2.0,32.11872,0.5291501000000001
-142.9781,-39.21006,3.0,11.76012,-0.04680235
-147.0418,-47.221470000000004,3.0,15.782179999999999,0.4710485
-157.6307,-53.414030000000004,3.0,15.452770000000001,-0.1194701
-166.1524,-58.08535,3.0,11.60178,-0.1592676
-165.3362,-65.46609000000001,3.0,10.53234,0.7471284
-156.8035,-72.23137,3.0,18.946460000000002,0.49492840000000005
-139.9823,-72.34799,3.0,26.55762,0.5048286
-120.6134,-80.67099,3.0,26.98365,-0.4296945
-109.4068,-94.73396,3.0,23.94575,1.100723
-109.2066,-114.8327,3.0,25.9465,-0.4098487
-118.3496,-128.953,3.0,20.597479999999997,-0.31316809999999995
-134.0537,-133.5816,3.0,24.183889999999998,-0.6213126999999999
-144.0341,-119.6187,3.0,30.77911,0.5348467
-154.9491,-103.9397,3.0,17.638270000000002,-1.787408
-165.3345,-109.6519,3.0,20.80741,0.5537658000000001
-168.2706,-127.728,3.0,28.74577,0.5547342
-169.7874,-151.7591,3.0,36.178309999999996,0.5303949
-167.3762,-181.025,3.0,43.12232,0.24491790000000002
-164.5735,-215.3715,3.0,49.67355,0.2156259
-160.9887,-250.0693,3.0,40.9711,-0.8009021
-141.4442,-257.6696,3.0,25.00564,-0.3542172
-126.9427,-242.0195,3.0,32.29534,0.3120135
-127.8899,-217.0745,3.0,37.42804,0.45948649999999996
-126.4712,-191.0145,3.0,32.57523,-1.745091
-113.814,-178.6321,3.0,22.73837,-0.47117359999999997
-109.8334,-192.2759,3.0,24.29128,0.5167712999999999
-105.6226,-212.0087,3.0,31.49212,1.0479610000000001
-105.4961,-234.3777,3.0,27.812509999999996,-0.2037171
-104.6639,-256.8634,3.0,35.655640000000005,0.334493
-84.62633000000001,-271.7798,3.0,36.41576,0.09805171
-63.14564,-268.8455,3.0,16.632379999999998,-1.113197
-56.37758,-266.8764,3.0,3.065409,-0.8472161
-56.97954,-267.268,3.0,1.400914,-0.1234951
-56.71335,-267.0052,3.0,3.4721849999999996,0.5243449
-53.874309999999994,-263.6029,3.0,7.520364,0.06815102
-48.76715,-263.0266,3.0,5.341963,-0.8595308
-48.63317,-262.9011,3.0,4.816432,0.33097740000000003
-50.13275,-256.4601,3.0,13.1635,0.3040097
-47.05948,-244.0978,3.0,21.08546,0.2798454
-44.092620000000004,-225.9535,3.0,28.51305,0.5192458
-41.371590000000005,-202.3242,3.0,35.508,0.5122786
-28.34791,-178.6547,3.0,39.87683,0.46221179999999995
-8.00725,-158.8018,3.0,29.128529999999998,-1.724951
5.606005000000001,-148.1644,3.0,20.40005,-0.3575751
11.80685,-136.8436,3.0,15.526320000000002,-0.1586599
9.033050999999999,-125.8808,3.0,18.18156,0.5138463
-0.7256916,-112.9942,3.0,25.52494,0.5140287
-8.395776,-92.84132,3.0,32.49511,0.23915949999999997
-10.35104,-66.5332,3.0,38.95576,0.4611688
-6.395368,-35.50121,3.0,45.21229,0.2119967
-3.404872,-2.961193,3.0,39.31476,-4.414658
-4.57386,13.3115,3.0,7.745161,-1.732028
-5.245779,17.19304,3.0,8.821729,0.33307329999999996
-7.615405,26.614,3.0,17.245279999999998,0.2960369
-16.7945,38.76963,3.0,24.48749,0.5007060999999999
-36.26886,45.07327,3.0,31.125490000000003,0.4776838
-61.91109,44.729659999999996,3.0,38.06136,0.5127307
-92.491,43.1106,3.0,44.60685,0.22409720000000002
-126.1635,39.653259999999996,3.0,43.756370000000004,-0.2828134
-149.6429,26.252290000000002,3.0,34.52727,-0.6692
-143.8171,2.766257,3.0,34.7233,0.1203641
-145.0106,-24.836170000000003,3.0,40.32047,0.09841792
-149.3445,-51.49459,4.0,25.36559,-1.142304
-163.243,-54.816930000000006,4.0,19.66852,-0.08687922
-165.9791,-66.60231,4.0,21.530739999999998,0.43984059999999997
-149.4246,-72.64531,4.0,27.829559999999997,0.27482059999999997
-127.2378,-77.4946,4.0,34.1754,0.2022381
-109.7259,-97.71631,4.0,39.18823,0.1783116
-115.9976,-123.8821,4.0,37.50845,-0.02879748
-138.9886,-130.757,4.0,31.76643,-0.7570883
-144.0046,-110.5233,4.0,31.363190000000003,0.0174644
-154.1551,-98.81221,4.0,16.14711,-0.18199200000000001
-165.0664,-107.9351,4.0,23.87257,0.4917856
-168.9921,-127.9101,4.0,31.14343,0.2659018
-169.9768,-153.4232,4.0,37.92276,0.5097334
-167.0864,-183.8842,4.0,44.53007,0.4658112
-163.8417,-218.9718,4.0,49.4355,-0.01929042
-160.393,-248.9464,4.0,23.24278,-2.754131
-148.2867,-256.8909,4.0,21.15928,0.6023224
-132.2581,-253.7549,4.0,25.284110000000002,0.26217470000000004
-125.6475,-233.5129,4.0,32.16455,0.4605407
-128.3584,-207.8524,4.0,38.24839,0.4147901
-121.5751,-180.6303,4.0,36.877390000000005,-0.4429473
-100.8427,-181.7997,4.0,26.12548,-0.6871853
-106.617,-194.676,4.0,22.6971,0.5608463
-114.5541,-201.5252,4.0,1.220744,-1.595779
-114.555,-201.5551,4.0,0.01118638,0.03579054
-113.4892,-201.7808,4.0,4.1393059999999995,0.21935010000000002
-109.9589,-199.5551,4.0,5.802307,-0.7390354
-109.6739,-198.4805,4.0,2.426349,0.2683773
-109.0026,-202.9192,4.0,9.616491,0.5061352
-107.0385,-212.4005,4.0,16.33961,0.24446759999999998
-105.2012,-226.7356,4.0,22.61018,0.4239062
-105.9476,-245.6738,4.0,28.3443,0.1850526
-97.27145,-265.9394,4.0,32.33574,0.18604500000000002
-74.00587,-271.4004,4.0,35.00261,0.1354026
-51.86976,-257.3192,4.0,37.04311,-0.11692480000000001
-49.3004,-229.2763,4.0,40.253679999999996,0.347124
-41.93443,-199.0156,4.0,44.43173,0.3221725
-21.48626,-172.4323,4.0,46.73271,-0.07604303
0.7701526999999999,-152.4365,4.0,26.84028,-1.203832
11.37673,-141.0684,4.0,17.700329999999997,-0.4823081
10.32008,-127.8662,4.0,23.3511,0.3997461
-1.5993620000000002,-112.6069,4.0,28.78652,0.33325920000000003
-8.935281,-90.6147,4.0,33.95263,0.3863974
-10.38128,-63.726240000000004,4.0,38.93099,0.34456220000000004
-5.40605,-33.536429999999996,4.0,43.661570000000005,0.3435776
-1.494315,0.1675149,4.0,47.76229,0.07705048
-9.250061,30.712840000000003,4.0,27.14295,-0.3485301
-26.588520000000003,42.51227,4.0,31.26843,0.3056235
-51.4888,43.50188,4.0,36.266040000000004,0.3864258
-80.21808,43.27601,4.0,41.30215,0.3664708
-112.0549,40.93148,4.0,43.03383,-0.35296109999999997
-136.2527,37.53649,4.0,15.217970000000001,-1.480668
-145.2442,29.966009999999997,4.0,19.11141,0.43630920000000006
-147.9674,14.070960000000001,4.0,24.82724,0.40326799999999996
-144.3566,-6.107130000000001,4.0,30.53237,0.4163367
-141.8029,-30.45715,4.0,34.88599,-0.3289233
-151.4039,-49.63718,5.0,26.52794,0.3252191
-168.1524,-60.552209999999995,5.0,23.54567,-1.35894
-161.3184,-69.58253,5.0,16.409110000000002,-0.1995864
-147.6486,-71.31945999999999,5.0,22.63671,0.419613
-129.3013,-76.10236,5.0,28.45823,0.36756659999999997
-111.4003,-89.5575,5.0,32.74479,0.09992009
-109.6617,-113.7253,5.0,33.92942,-0.21280300000000002
-123.6817,-132.1554,5.0,29.8532,-0.9567764999999999
-140.4415,-127.8575,5.0,23.40386,0.1403688
-146.7746,-110.0137,5.0,28.188440000000003,0.3694088
-162.6424,-100.8369,5.0,20.242639999999998,-0.712108
-164.5335,-111.8073,5.0,16.926479999999998,0.166051
-166.9201,-127.0652,5.0,25.03145,0.5968258000000001
-168.3939,-152.2355,5.0,43.35672,1.040188
-165.1931,-186.8559,5.0,49.72299,0.5109636
-164.3161,-221.5903,5.0,34.0547,-2.567075
-163.2744,-238.8677,5.0,19.21285,-0.4240312
-159.688,-250.3821,5.0,14.89468,0.04766589
-148.9394,-259.1589,5.0,24.10689,0.4457844
-131.4674,-252.8714,5.0,30.676940000000002,0.428867
-125.4051,-226.5273,5.0,41.070040000000006,0.4681197
-128.7019,-199.5493,5.0,23.58716,-2.1716599999999997
-125.1861,-185.998,5.0,15.852229999999999,-0.46206499999999995
-112.5366,-182.4375,5.0,23.16585,0.2960649
-102.5478,-196.2653,5.0,27.166520000000002,0.626394
-103.4233,-220.142,5.0,35.91726,0.18795179999999997
-105.6334,-246.9615,5.0,34.047309999999996,-0.6812778
-97.43715999999999,-267.0654,5.0,30.015309999999996,0.1104411
-74.81371,-271.7054,5.0,33.93554,0.31945830000000003
-53.69198000000001,-258.1554,5.0,36.012159999999994,0.1355264
-48.05787,-230.5645,5.0,40.334309999999995,0.17626370000000002
-42.432520000000004,-199.4524,5.0,44.92948,0.12823710000000002
-23.764029999999998,-171.1631,5.0,47.83365,0.1268911
-3.958936,-156.743,5.0,14.61559,-0.1858001
3.5358379999999996,-151.6465,5.0,9.982997,-0.1563484
8.070518,-147.7782,5.0,6.400526999999999,0.1310567
12.32806,-141.7102,5.0,13.39986,0.24418939999999997
11.615169999999999,-129.8648,5.0,19.44857,0.4241765
1.997995,-116.3639,5.0,25.34197,0.4052623
-6.868925,-97.57670999999999,5.0,30.795170000000002,0.1786372
-10.68865,-73.18523,5.0,35.96195,0.3349331
-7.104489999999999,-45.008109999999995,5.0,40.812529999999995,0.3557107
-2.09755,-13.431779999999998,5.0,45.52953,0.3336301
-3.555333,15.944020000000002,5.0,30.00307,-0.7689908000000001
-7.294571,26.445120000000003,5.0,11.23333,0.4663766
-13.70841,36.32715,5.0,19.209039999999998,0.41367570000000004
-28.04963,43.89051,5.0,24.91854,0.3697837
-48.46004,45.28529,5.0,30.50808,0.4064311
-73.06026,44.589659999999995,5.0,35.89157,0.1861121
-101.5459,42.96056,5.0,40.94676,0.1648067
-129.4191,39.99445,5.0,27.904120000000002,-2.704582
-142.8528,33.06801,5.0,22.63703,0.3585052
-148.0864,15.27723,5.0,27.92078,0.3712567
-144.08700000000002,-6.9082740000000005,5.0,33.18933,0.176619
-142.274,-32.143679999999996,5.0,30.456290000000003,-0.2676269
-146.0971,-44.79683,6.0,12.85201,0.9348479
-155.3534,-53.76868,6.0,18.11976,-0.43175690000000005
-165.1146,-59.09633,6.0,12.401580000000001,-0.15227249999999998
-163.1715,-69.42868,6.0,20.13413,0.3468863
-145.3367,-71.75548,6.0,32.059870000000004,1.1305459999999998
-120.0565,-80.90604,6.0,41.639140000000005,0.5505531
-110.2265,-105.8451,6.0,34.256879999999995,-1.055364
-116.7531,-118.4877,6.0,10.88165,-0.3030982
-120.9414,-128.8308,6.0,19.73249,-0.48703599999999997
-132.5205,-134.0475,6.0,19.967229999999997,0.4161603
-143.9776,-123.2142,6.0,25.28774,0.4963393
-148.036,-106.4735,6.0,12.45154,-1.092771
-152.7951,-102.4642,6.0,10.24366,0.3479826
-162.8299,-101.7728,6.0,15.87935,-0.40289309999999995
-167.1705,-113.7848,6.0,22.95404,1.005258
-168.6966,-135.8792,6.0,36.48392,0.9153145
-168.4728,-167.3863,6.0,47.993629999999996,0.7421605
-165.076,-206.1703,6.0,53.89063,-0.4513246
-163.371,-241.7948,6.0,40.26532,-0.4523170999999999
-149.7606,-258.1547,6.0,24.71935,-0.2912078
-134.6653,-254.6944,6.0,19.41929,0.29567709999999997
-126.0572,-239.9225,6.0,26.634940000000004,0.1965492
-125.5986,-218.2537,6.0,31.99185,0.19143179999999999
-128.7642,-193.1728,6.0,32.00255,-1.478505
-120.1343,-182.1059,6.0,19.03473,0.3572468
-106.5797,-188.8952,6.0,23.62885,0.1567605
-102.5549,-207.5955,6.0,28.828229999999998,0.3842508
-104.881,-230.9349,6.0,34.281929999999996,0.19395079999999998
-104.3251,-258.0768,6.0,38.70275,0.08789948
-84.01565,-272.6136,6.0,33.03541,-0.4053452
-63.21986,-267.7655,6.0,25.10359,-0.5375032
-50.831920000000004,-256.7383,6.0,25.73366,0.8543509
-46.615520000000004,-235.2468,6.0,32.35907,0.3941625
-43.50772,-209.4855,6.0,37.64907,0.369629
-34.80619,-181.8383,6.0,40.795,0.02270433
-10.92896,-163.092,6.0,36.77145,-1.8083599999999997
1.7991139999999999,-153.341,6.0,13.194289999999999,-0.3451405
8.613495,-147.343,6.0,12.66669,0.1509772
12.8768,-137.0903,6.0,19.11899,0.3159626
5.49348,-121.9354,6.0,28.7535,0.5283992
-6.979239,-98.84354,6.0,42.9242,0.9906091999999999
-9.295603,-62.35578,6.0,55.66458000000001,0.8660049000000001
-2.4086,-18.78422,6.0,62.05246999999999,0.1716925
-4.565903,17.67109,6.0,29.72274,-2.803093
-11.06837,32.85093,6.0,22.4074,0.44274300000000005
-27.029040000000002,43.4744,6.0,31.62013,0.42107910000000004
-55.553090000000005,45.14369,6.0,46.16473,0.5286034000000001
-95.10273000000001,43.4758,6.0,59.86411999999999,0.42723540000000004
-123.9024,40.00982,6.0,16.35549,-0.9750941999999999
-133.8185,38.0033,6.0,15.62689,1.0713219999999999
-146.1531,28.979509999999998,6.0,24.415210000000002,0.2858163
-147.0894,9.109328,6.0,29.683329999999998,0.1979971
-142.4993,-14.52585,6.0,35.071059999999996,0.1866515
-141.9325,-34.69402,7.0,7.513999999999999,0.508549
-143.3555,-42.70227,7.0,14.29274,0.2316143
-152.1092,-51.58853,7.0,20.1792,0.41976779999999997
-166.169,-59.93127,7.0,22.30065,-0.5928186
-166.2397,-72.56947,7.0,15.66037,-0.06244508
-155.2407,-77.02845,7.0,18.33858,0.2627184
-141.1436,-73.37479,7.0,20.33459,0.1085223
-125.2219,-75.55022,7.0,23.99393,0.8337376
-110.5376,-90.34349,7.0,31.14917,0.2144216
-110.1978,-114.0655,7.0,34.54573,0.1767413
-129.4846,-130.9953,7.0,37.00138,0.07782094
-147.5779,-123.965,7.0,17.508760000000002,-1.247793
-143.5446,-116.1412,7.0,11.044210000000001,0.7625598000000001
-146.3624,-105.3951,7.0,16.92229,-0.1835663
-158.06,-101.6773,7.0,19.94259,0.4827107
-166.2971,-113.2673,7.0,19.84582,-0.03714391
-166.0091,-129.3082,7.0,25.21279,0.5984876
-168.7476,-152.5344,7.0,38.65651,0.4967043
-169.7835,-185.9824,7.0,51.292590000000004,0.41851700000000003
-169.1621,-225.3977,7.0,49.47657,-0.8592030999999999
-158.9813,-251.0789,7.0,29.21893,-0.8438659
-141.3514,-254.1287,7.0,21.596770000000003,-0.2148891
-127.4838,-245.8991,7.0,23.94432,0.18379879999999998
-125.943,-224.8125,7.0,32.40423,0.18630460000000001
-126.1877,-198.8255,7.0,37.70268,0.381486
-119.208,-179.8748,7.0,15.54171,-0.6796948
-110.6177,-186.0864,7.0,19.40466,0.2148741
-109.0185,-202.6024,7.0,25.40673,0.2143847
-108.6801,-223.5693,7.0,31.137940000000004,0.407167
-106.6719,-248.4196,7.0,36.00927,0.268809
-89.68544,-269.4557,7.0,38.81345,0.1697048
-61.953990000000005,-268.7687,7.0,39.32396,-0.01432035
-49.619,-243.4874,7.0,40.62121,0.1519546
-46.68285,-211.8837,7.0,44.88446,0.1402945
-27.47403,-184.3123,7.0,47.87828,0.3606105
-2.58787,-156.6168,7.0,52.91919,1.039197
9.223646,-130.5607,7.0,25.50777,-0.8465577
-0.006776225,-114.1953,7.0,29.84736,0.3920554
-5.762105,-90.19173,7.0,40.85825,1.3403260000000001
-1.4173069999999999,-53.524530000000006,7.0,58.412459999999996,1.1752719999999999
-1.576668,-5.4186190000000005,7.0,66.02956,-0.5439153
-7.877342999999999,34.630359999999996,7.0,38.55474,-2.7707479999999998
-28.6008,41.394040000000004,7.0,33.23494,1.249044
-57.218830000000004,40.5197,7.0,41.5855,0.3445664
-89.81903,40.55215,7.0,46.30298,0.332355
-125.7111,41.10759,7.0,49.257290000000005,-0.5232903
-147.2571,27.36585,7.0,28.071959999999997,0.03925053
-145.4669,4.980553,7.0,32.88482,0.4007071
-145.3043,-21.33762,7.0,38.14096,0.3977333
-151.3412,-49.57912,8.0,37.96852,-0.9061130999999999
-167.9128,-63.881809999999994,8.0,20.58727,-0.3456283
-160.4627,-77.92505,8.0,27.1772,0.1731329
-139.1505,-77.19623,8.0,31.63268,0.15587789999999999
-117.8477,-86.9288,8.0,34.42157,0.2648197
-111.1515,-111.6844,8.0,36.88355,0.02423703
-129.1354,-131.0883,8.0,37.92266,0.0209854
-146.5024,-128.0935,8.0,6.487151,-2.263473
-144.4485,-125.8347,8.0,7.937760000000001,0.24985970000000002
-141.7625,-118.1933,8.0,14.53553,0.4523562
-147.7798,-106.9202,8.0,20.5514,0.3858612
-162.9313,-103.8512,8.0,23.53547,0.04148158
-167.4113,-120.5908,8.0,27.01704,0.2076317
-167.576,-142.6016,8.0,32.37465,0.2022636
-171.2447,-168.2353,8.0,37.47639,0.3382013
-169.3612,-197.8369,8.0,42.33007,0.3506867
-168.2585,-230.8915,8.0,46.89177,0.12510819999999997
-152.5106,-256.0573,8.0,36.86705,-0.7088079
-132.412,-249.007,8.0,27.91027,0.2747941
-127.0646,-227.1334,8.0,33.54525,0.3818559
-127.0631,-200.3423,8.0,38.73447,0.3688803
-117.9397,-179.77,8.0,18.77271,-1.452231
-108.4537,-185.6212,8.0,18.615029999999997,0.40991769999999994
-106.8417,-201.4902,8.0,24.63176,0.4246723
-106.2121,-221.9547,8.0,30.40264,0.4123273
-104.8681,-246.4135,8.0,35.606190000000005,0.290731
-90.41193,-268.7733,8.0,38.16122,0.1582314
-63.42549,-269.1365,8.0,38.66471,0.07715905
-48.218,-245.4035,8.0,40.46885,0.3072458
-45.61893,-213.8255,8.0,45.04333,0.2756303
-28.972409999999996,-185.4809,8.0,46.68569,0.33797059999999995
-4.240469999999999,-159.0919,8.0,50.92403,0.1255171
8.726457,-129.0925,8.0,36.39116,-0.4933979
-4.5552790000000005,-106.5161,8.0,40.033609999999996,-0.05683328
-4.039432,-77.7324,8.0,41.53784,0.34351329999999997
-1.272269,-45.32622,8.0,46.12893,0.3329902
-1.623847,-9.51908,8.0,50.563590000000005,0.3262087
-5.503692,28.43328,8.0,47.21163,-0.9689538000000001
-23.39871,42.76712,8.0,16.9646,-2.5950029999999997
-26.517559999999996,39.25887,8.0,7.592809,0.4917205
-33.397870000000005,37.8568,8.0,13.913670000000002,0.4573566
-42.24665,46.79242,8.0,20.09543,0.45204890000000003
-48.029090000000004,48.58657,8.0,0.02248398,-0.006754291999999999
-48.07275,48.41151,8.0,1.9078650000000001,0.23344310000000001
-48.36358,45.404509999999995,8.0,5.325191,0.03847119
-47.11363,43.2629,8.0,1.1777879999999998,0.274858
-50.8364,45.642540000000004,8.0,10.55213,0.6288364000000001
-61.693090000000005,45.6974,8.0,19.1219,0.302317
-78.8297,43.645579999999995,8.0,27.250420000000002,0.2862514
-101.77600000000001,42.2488,8.0,34.79084,0.2602459
-129.8402,43.17777,8.0,40.064040000000006,-0.06535136
-144.4496,20.89742,8.0,39.881009999999996,0.6147376999999999
-145.7997,-11.8864,8.0,48.485,0.4731558
-141.9819,-34.19339,9.0,2.865481,-0.05852158
-142.5268,-37.078790000000005,9.0,9.379988,0.7245064999999999
-146.1904,-45.867509999999996,9.0,13.51459,-0.2159518
-152.8846,-51.718720000000005,9.0,11.615,0.14285060000000002
-162.4644,-54.87299,9.0,12.71678,-0.12174729999999999
-166.9193,-61.36384,9.0,10.08885,0.33148520000000004
-161.3396,-71.25931,9.0,21.20133,-0.02922062
-147.8849,-73.26799,9.0,16.82473,-0.121393
-136.0807,-73.24571,9.0,18.68535,1.173908
-119.6624,-80.03002,9.0,25.67604,0.08414856
-108.6564,-95.54758000000001,9.0,26.4381,-0.09995034
-107.9131,-111.7576,9.0,12.91968,-0.19392679999999998
-110.5183,-120.0595,9.0,12.02644,0.49232020000000004
-118.4756,-131.3318,9.0,21.36394,-0.22111489999999998
-131.69,-134.8503,9.0,16.816329999999997,-0.2796467
-141.7247,-128.7954,9.0,19.3831,1.414036
-147.9016,-111.9803,9.0,28.232840000000003,0.5618519000000001
-156.7038,-99.62148,9.0,15.249939999999999,-0.3846575
-164.7432,-103.8104,9.0,14.94948,0.9791831
-167.8663,-120.3473,9.0,30.199820000000003,0.9875434999999999
-168.8417,-147.635,9.0,42.43652,0.5126129
-167.3187,-180.8653,9.0,46.917640000000006,0.09670503
-164.0505,-215.0208,9.0,43.00743,-0.2990784
-162.261,-241.9871,9.0,28.230220000000003,-0.47042269999999997
-152.605,-257.0694,9.0,21.98834,-0.348384
-139.0407,-259.4619,9.0,17.42764,0.2313851
-128.0478,-246.5503,9.0,30.54287,0.5305430999999999
-125.6316,-220.5275,9.0,36.67346,-0.5127404000000001
-128.7759,-198.2255,9.0,20.18488,-1.565201
-127.2705,-186.9201,9.0,13.6667,-0.14186210000000002
-117.9602,-181.6304,9.0,19.00311,0.2963325
-105.9524,-186.6556,9.0,15.977570000000002,-0.3044524
-102.5051,-198.6063,9.0,22.85366,1.181534
-103.677,-220.5525,9.0,34.95667,0.5978648
-106.0006,-247.7951,9.0,36.51269,-0.1078896
-94.60847,-269.8911,9.0,32.82887,-0.1725527
-71.08055999999999,-271.7579,9.0,32.51593,-0.03716644
-52.799519999999994,-257.3457,9.0,33.21423,0.3133307
-47.202,-232.2836,9.0,35.93742,0.1654572
-42.91791,-205.5506,9.0,35.53632,-0.14947339999999998
-34.73571,-182.3158,9.0,30.951290000000004,-0.3707469
-19.908520000000003,-167.9449,9.0,25.12482,-0.34544509999999995
-5.871291,-158.4308,9.0,21.20046,-0.14758570000000001
5.9492910000000006,-150.2437,9.0,18.05261,0.1488388
12.71285,-137.1645,9.0,23.69059,0.43000790000000005
4.402959,-120.2466,9.0,28.586679999999998,0.1078233
-6.9941699999999996,-101.9263,9.0,29.750020000000003,0.0221577
-11.08462,-79.99814,9.0,31.01632,0.16479770000000002
-9.65625,-55.5045,9.0,34.70279,0.1345605
-5.150587000000001,-29.65005,9.0,36.047109999999996,0.07431139
-1.838196,-2.934927,9.0,35.295970000000004,-0.5296759
-4.695068,18.57951,9.0,24.02299,-0.329814
-10.32442,32.62294,9.0,19.688589999999998,1.172664
-25.470979999999997,43.41255,9.0,29.343190000000003,0.5138615
-49.60152,44.43959,9.0,36.31043,0.2666651
-79.11596999999999,44.21436,9.0,43.37828,0.49735159999999995
-113.5731,41.903259999999996,9.0,48.24179,-0.04445618
-141.8727,34.799459999999996,9.0,34.581720000000004,0.1857981
-145.0404,10.59325,9.0,36.96658,0.5212572
-141.9022,-18.88383,9.0,41.02438,-0.555212
-144.8649,-39.093340000000005,10.0,16.75406,-0.24985700000000002
-151.7488,-50.76615,10.0,19.5568,-0.3506152
-163.1902,-56.75869,10.0,15.64008,-0.2994044
-166.6406,-65.67663,10.0,15.148570000000001,0.6746179
-156.9098,-73.18297,10.0,17.875410000000002,0.06102454
-143.3518,-72.50301,10.0,17.93915,-0.17935479999999998
-129.315,-75.28003000000001,10.0,24.37829,0.2952639
-112.4563,-87.0937,10.0,31.381529999999998,0.21045999999999998
-107.7797,-111.2737,10.0,36.73966,0.08206718
-118.7894,-130.0596,10.0,23.73959,-0.38000120000000004
-133.7557,-133.4931,10.0,18.74057,-0.3566399
-143.6684,-125.0314,10.0,21.35076,0.5978678000000001
-148.2878,-108.0406,10.0,21.5001,-2.425434
-151.8356,-103.1166,10.0,8.043769000000001,0.3110162
-160.0228,-100.6765,10.0,15.49286,0.4562419
-167.2837,-111.23,10.0,21.68059,0.2552855
-168.5073,-129.9636,10.0,28.807640000000003,0.49297070000000004
-168.8414,-153.8804,10.0,34.99649,0.0647284
-168.0226,-181.1813,10.0,38.792320000000004,0.3028255
-165.1294,-210.1454,10.0,37.155640000000005,-0.5649089
-163.7867,-234.8257,10.0,29.83505,-0.5111846
-157.7446,-252.9296,10.0,22.7913,-0.4318045
-143.5148,-259.7508,10.0,23.792460000000002,0.106922
-129.9652,-249.8695,10.0,25.15067,0.3562743
-124.6076,-230.7372,10.0,28.575509999999998,0.1051578
-126.9883,-208.8081,10.0,28.73129,-0.4750508
-127.9865,-192.9785,10.0,16.19197,-0.3077188
-124.7,-183.6175,10.0,11.747,-0.01177313
-114.1773,-182.2813,10.0,17.682000000000002,0.1240452
-103.9773,-189.9513,10.0,18.37509,0.06831092
-103.3124,-204.3368,10.0,20.84775,0.1850781
-104.3441,-220.3601,10.0,21.77856,-0.01000545
-105.7916,-238.0935,10.0,27.46749,0.4857184
-103.9824,-259.6169,10.0,29.688190000000002,-0.16374339999999998
-86.73398,-272.5854,10.0,34.30473,0.5868073
-60.274480000000004,-266.8888,10.0,38.63912,-0.09729513
-48.973,-241.5467,10.0,41.14958,0.5833304
-44.25002,-210.0999,10.0,42.157579999999996,-0.6555156999999999
-35.05597,-183.7775,10.0,33.49044,-0.592171
-19.65699,-168.2528,10.0,26.36037,-0.620653
-7.222874000000001,-159.5137,10.0,13.11735,-0.26338649999999997
2.460347,-152.6973,10.0,20.80729,-0.1242493
12.32272,-142.1015,10.0,20.95191,0.6038501000000001
8.124376,-124.6577,10.0,28.511290000000002,0.211423
-5.772880000000001,-106.2611,10.0,34.23727,0.2184781
-10.41637,-81.58823000000001,10.0,30.82793,-0.25886770000000003
-9.145844,-56.942409999999995,10.0,36.562509999999996,0.4828035
-5.235799,-27.76499,10.0,42.715920000000004,0.43218019999999996
-2.0250049999999997,5.720056,10.0,48.1265,0.32496490000000006
-13.65575,36.83947,10.0,42.70641,-0.12757939999999998
-44.33495,45.12363,10.0,45.7827,0.1632185
-80.27431,44.28535,10.0,51.18951,0.37729640000000003
-118.8327,40.718509999999995,10.0,47.756479999999996,-1.390175
-145.9408,29.913829999999997,10.0,37.97095,-0.37540029999999996
-144.4897,3.3835129999999998,10.0,39.25189,0.42576800000000004
-142.5524,-26.5826,10.0,37.54593,-1.616911
-151.9619,-50.09732,11.0,35.82797,0.09888939999999999
-169.7334,-68.88049000000001,11.0,29.57958,-1.3685209999999999
-161.8413,-80.67841,11.0,19.689610000000002,0.08812363
-149.16299999999998,-70.43966999999999,11.0,24.93875,0.23770820000000004
-130.4049,-74.92159000000001,11.0,29.9706,0.2449623
-113.0526,-90.06007,11.0,29.5289,0.03765459
-110.3289,-113.7698,11.0,35.073370000000004,-0.208679
-123.552,-131.3677,11.0,26.99666,0.14821710000000002
-142.6829,-126.2038,11.0,31.074840000000002,-0.09597408
-146.3308,-105.1579,11.0,16.18645,-2.880175
-154.5488,-100.5621,11.0,18.85005,0.3244651
-166.4448,-110.1481,11.0,24.89343,0.3401637
-166.0134,-130.8888,11.0,31.42356,0.471484
-168.4245,-156.4356,11.0,37.716120000000004,0.430917
-166.4133,-186.4791,11.0,43.658590000000004,0.19869820000000002
-163.7482,-220.7871,11.0,47.838390000000004,-0.38801399999999997
-158.4655,-250.8787,11.0,32.54707,-1.4100620000000001
-139.9009,-259.7669,11.0,30.344479999999997,0.03954286
-127.0658,-243.21,11.0,32.3228,0.4412102
-125.9851,-216.957,11.0,38.35658,0.47355290000000005
-127.2453,-189.9495,11.0,34.33833,0.3629122
-111.6219,-180.6629,11.0,25.008770000000002,-0.3904925
-107.4977,-197.6094,11.0,27.725,0.24402240000000003
-105.5446,-220.3163,11.0,33.878,0.43658850000000005
-106.9666,-247.6546,11.0,39.67517,0.2856964
-91.07472,-271.2405,11.0,39.22023,-0.1735825
-61.898999999999994,-267.7571,11.0,42.18895,0.01335886
-47.669509999999995,-241.5916,11.0,43.39552,0.41569409999999996
-42.83242,-207.6365,11.0,49.06946,0.3824494
-26.881259999999997,-174.3499,11.0,51.03987,-0.6472190999999999
-1.7670259999999998,-156.9962,11.0,34.88913,0.03546749
11.84939,-140.1498,11.0,25.58644,-0.6267144
7.348777,-123.3223,11.0,26.230220000000003,0.466747
-5.013712,-105.4377,11.0,32.450359999999996,0.4347304
-10.08352,-79.70711999999999,11.0,38.58704,0.218324
-8.315042,-49.03475,11.0,44.35907,0.2035642
-2.352377,-14.604779999999998,11.0,49.918009999999995,0.38348340000000003
-5.769114,23.55489,11.0,51.47009,-0.5124405
-30.8863,45.47743,11.0,46.11501,-0.03802391
-66.52752,42.691179999999996,11.0,50.790690000000005,0.1949745
-106.0915,41.331,11.0,55.913880000000006,-0.00962931
-141.1552,34.30919,11.0,43.12627,-0.36373590000000006
-148.2126,6.883430000000001,11.0,40.89533,0.41311440000000005
-142.233,-24.68978,11.0,45.58054,0.01023067
-151.7725,-50.31241,12.0,28.85142,-1.0068139999999999
-168.3758,-60.99655,12.0,26.99735,-0.09280921
-158.2102,-72.29166,12.0,24.95318,0.4467759
-137.4289,-71.91858,12.0,31.314740000000004,0.20915949999999997
-115.3536,-83.57229,12.0,36.64134,0.1442618
-106.9519,-109.4343,12.0,36.42289,-0.997376
-119.3858,-127.4851,12.0,28.444329999999997,0.009391556
-136.5351,-132.76,12.0,21.24877,-0.5578021
-146.21200000000002,-119.4849,12.0,26.55428,0.5183221
-153.3814,-101.7977,12.0,22.213279999999997,-0.5712429
-166.2786,-105.5796,12.0,21.1156,0.2839231
-167.2375,-126.0932,12.0,34.605470000000004,0.21745810000000002
-169.02,-153.8611,12.0,40.48706,0.3981482
-166.782,-186.0264,12.0,46.23169,0.20673670000000002
-164.7203,-222.2984,12.0,51.621559999999995,0.21327449999999998
-156.4102,-254.2807,12.0,37.75565,-0.7556991999999999
-136.1227,-254.4664,12.0,28.645359999999997,0.2285449
-127.5611,-233.4537,12.0,33.655190000000005,0.4707187
-126.4175,-206.5796,12.0,35.8551,-1.271395
-124.4763,-183.0634,12.0,30.695590000000003,-0.6313634
-107.2101,-185.396,12.0,24.72467,-0.2961505
-110.1419,-204.3839,12.0,29.23548,0.4493906
-109.6222,-228.4875,12.0,35.73677,0.22747039999999996
-104.6426,-256.7248,12.0,41.47988,0.2262246
-81.39487,-271.8472,12.0,39.66741,0.2448496
-52.36703,-262.0041,12.0,42.4543,-0.6714074000000001
-48.10239,-236.7184,12.0,32.30767,-0.29308249999999997
-53.08854,-219.8118,12.0,10.32508,-1.417961
-53.27551999999999,-215.34599999999998,12.0,3.5178540000000003,-0.5039239000000001
-52.88137,-216.0407,12.0,5.590648000000001,0.6396046
-47.022,-218.6177,12.0,12.943010000000001,0.4319675
-42.031420000000004,-209.5962,12.0,13.92191,-0.278564
-41.46267,-198.9444,12.0,18.92538,0.5571012
-36.563520000000004,-183.1615,12.0,25.87066,0.4616095
-21.58598,-167.9315,12.0,32.23577,0.2315472
0.7471230999999999,-154.2023,12.0,37.73684,-0.1370626
12.33966,-132.3439,12.0,29.0574,-0.4729405
0.1427339,-112.4643,12.0,38.494279999999996,1.207759
-10.47077,-80.48609,12.0,51.913540000000005,0.2997555
-6.408593,-40.631409999999995,12.0,56.58125,0.38236420000000004
-2.289213,2.425183,12.0,56.8504,-1.634687
-10.36125,31.70406,12.0,33.871109999999994,1.144536
-32.36988,45.59919,12.0,37.95906,0.2685687
-62.2984,44.27578,12.0,43.371140000000004,0.41693900000000006
-96.53815,43.40657,12.0,48.99366,0.4143625
-133.1403,39.12274,12.0,47.76077,0.21862039999999996
-153.1026,19.1268,12.0,21.4643,-4.171004
-153.7255,12.57415,12.0,1.657634,0.5546055999999999
-149.4849,11.84774,12.0,10.055,0.5358324999999999
-146.4397,2.435509,12.0,17.686020000000003,0.5466001
-144.4819,-13.30582,12.0,24.98639,0.5271021
-141.8927,-33.37513,13.0,3.172698,0.613402
-142.929,-38.71405,13.0,11.45791,0.6062736999999999
-149.0218,-48.07788,13.0,18.9297,0.26102270000000005
-163.2172,-56.649409999999996,13.0,25.515520000000002,0.2712335
-165.2722,-71.68665,13.0,18.47631,-0.48200600000000005
-153.0389,-76.09349,13.0,20.43736,0.4016909
-138.3307,-72.33244,13.0,18.43879,-0.1783514
-122.6268,-75.58516,13.0,25.5171,0.22839020000000002
-108.9774,-91.01371999999999,13.0,31.2559,0.188053
-109.4569,-115.2916,13.0,35.701,0.1244614
-130.3778,-132.1631,13.0,38.21836,-1.286807
-146.0723,-124.6776,13.0,13.37085,-0.9446279000000001
-141.5069,-123.0596,13.0,10.14504,0.5672038
-139.0977,-122.5705,13.0,4.681502,0.29319509999999993
-144.3305,-125.2751,13.0,9.896005,-0.1237037
-145.5224,-129.1738,13.0,0.09968060000000001,-0.7884793000000001
-144.6678,-125.9242,13.0,9.132171000000001,0.6647859
-140.3355,-117.0903,13.0,17.30259,0.5600082
-144.4178,-102.8137,13.0,24.15087,0.4623986
-161.2221,-99.91599000000001,13.0,23.569470000000003,-0.5043867999999999
-167.1871,-116.3443,13.0,28.7871,0.25879589999999997
-167.6395,-140.2825,13.0,35.806490000000004,0.49380209999999997
-167.7867,-169.4262,13.0,42.458529999999996,0.4452232
-167.9387,-203.1895,13.0,48.6573,0.20305689999999998
-165.8898,-240.6671,13.0,48.90084,-1.127326
-140.9915,-257.6057,13.0,39.08484,-1.5653549999999998
-127.41,-241.4651,13.0,31.66972,0.6527568
-127.6004,-214.1011,13.0,41.31686,0.1638754
-126.6636,-188.2369,13.0,19.83476,-2.327582
-118.2989,-181.5015,13.0,15.78023,0.5782919
-106.9819,-189.1698,13.0,23.38035,0.4776472
-105.1228,-208.7212,13.0,30.27968,0.5421571999999999
-108.1297,-233.5318,13.0,37.010259999999995,0.1861261
-98.76746,-260.8154,13.0,41.92157,0.1264873
-71.21840999999999,-272.2185,13.0,42.63366,0.0116291
-50.32318,-251.1137,13.0,42.81429,0.2075862
-47.8621,-217.7428,13.0,45.872279999999996,-0.3206992
-35.91353,-188.7375,13.0,44.29679,0.40611690000000006
-11.907960000000001,-163.3833,13.0,50.17863,0.4501731
9.407850999999999,-132.9321,13.0,46.27747,-1.096839
-1.543656,-107.6288,13.0,33.06977,-0.5255416
-8.250448,-88.39801,13.0,31.67002,0.5037063
-5.888987,-62.521390000000004,13.0,38.45932,0.23553179999999999
-5.181511,-31.62029,13.0,44.942840000000004,0.47237429999999997
-3.722946,3.934428,13.0,50.95632,0.4079991
-13.485289999999999,36.87195,13.0,37.7812,-2.0686720000000003
-32.84449,39.162490000000005,13.0,17.19912,-1.6013870000000001
-35.08846,32.58419,13.0,0.10038129999999999,-0.005940908000000001
-35.14036,32.59127,13.0,0.05924327,0.007816967
-35.05757,32.84938,13.0,2.6789110000000003,0.31881240000000005
-33.93958,37.67921,13.0,10.410110000000001,0.2407397
-32.323240000000006,44.13392,13.0,4.192988,-0.3612132
-32.56487,43.85358,13.0,4.717607,0.2992511
-38.049409999999995,41.19403,13.0,12.48665,0.5764135
-49.53532,44.4396,13.0,19.67588,0.25713600000000003
-66.57285,44.75185,13.0,26.362609999999997,0.48407219999999995
-88.26248000000001,41.93909,13.0,32.61569,0.2055896
-114.6207,42.928329999999995,13.0,38.30687,0.1840656
-141.2275,32.19959,13.0,38.5029,-0.23589050000000003
-147.6523,5.112101999999999,13.0,40.70884,0.40753590000000006
-144.5368,-26.92727,13.0,45.84345,0.1043532
-154.2828,-54.46929,14.0,31.94753,-0.6534420999999999
-162.1531,-70.11919,14.0,23.48529,0.40116599999999997
-144.6596,-75.65383,14.0,28.93,0.46601270000000006
-122.4515,-81.08483000000001,14.0,33.7448,0.3332232
-109.4578,-103.0716,14.0,37.0692,0.07927739999999998
-121.1737,-127.5269,14.0,39.07667,0.03728307
-144.0223,-128.2223,14.0,24.55507,-1.2409940000000002
-145.7611,-120.0322,14.0,1.39709,0.10677439999999999
-146.6617,-119.0333,14.0,1.888249,-0.01516693
-147.4752,-118.0872,14.0,1.446245,-0.02974968
-149.1608,-117.2615,14.0,4.06065,-0.03037162
-150.8669,-117.4403,14.0,1.7564490000000001,0.38167059999999997
-147.131,-114.75299999999999,14.0,10.59872,0.3152227
-145.0745,-104.6621,14.0,18.20778,0.4598365
-157.3299,-96.7457,14.0,23.53813,0.23385300000000003
-168.0364,-110.3044,14.0,27.6545,0.4316365
-166.2732,-133.269,14.0,34.586690000000004,0.5024736
-166.7139,-161.4066,14.0,41.35322,0.23608920000000003
-167.1785,-194.4532,14.0,47.75738,0.2192035
-166.2041,-231.8976,14.0,51.40681,-1.104518
-149.4911,-254.4803,14.0,27.05201,-2.21824
-141.7269,-251.8297,14.0,4.480079,-0.1219184
-140.9843,-249.4707,14.0,4.06838,1.098778
-135.6347,-248.278,14.0,11.73727,0.42556350000000004
-126.1742,-251.8269,14.0,12.79782,-0.3797724
-120.9463,-246.7997,14.0,11.674710000000001,0.5269855999999999
-123.8326,-235.0639,14.0,20.63624,0.583804
-126.6521,-217.1546,14.0,28.2277,0.2630735
-127.7803,-193.5833,14.0,35.23072,0.1604182
-113.2246,-179.1013,14.0,25.23327,-0.5313941
-105.325,-194.112,14.0,31.788790000000002,0.672343
-107.46799999999999,-225.2646,14.0,52.00155,1.376369
-95.82896,-263.4202,14.0,50.37662,-1.23386
-64.28628,-270.4604,14.0,46.45251,-0.1625738
-48.11562,-244.6398,14.0,43.6164,0.1544085
-47.055690000000006,-210.7374,14.0,48.06382,0.23588330000000002
-26.456609999999998,-179.9401,14.0,52.918319999999994,0.3833419
2.5792189999999997,-150.9889,14.0,55.613040000000005,-0.6506515
7.683059,-121.3107,14.0,29.3656,-0.7667146
-3.909819,-104.9001,14.0,29.307,0.4436773
-5.403871,-80.93411,14.0,35.974940000000004,0.5084367
-3.086073,-51.87997,14.0,42.66814,0.22409020000000002
-2.212656,-17.841620000000002,14.0,48.97667,0.2028135
-4.39454,20.31733,14.0,51.20984,-0.5923436
-26.3788,42.62735,14.0,43.1145,-0.02600655
-59.98843000000001,40.4283,14.0,48.336420000000004,0.44850680000000004
-97.99493000000001,40.35502,14.0,54.214580000000005,0.1898634
-135.2292,38.47253,14.0,40.15679,-2.169276
-145.2182,22.85521,14.0,9.846558,-1.303441
-143.0645,23.29637,14.0,5.836744,-0.6182857
-141.2046,25.59028,14.0,0.3906133,0.8731856
-143.738,22.57621,14.0,8.680363,0.3672955
-149.2234,21.89452,14.0,3.3756480000000004,-0.766946
-148.2488,21.30079,14.0,6.2685949999999995,0.6654906
-142.9264,15.5102,14.0,15.06396,0.6045471
-140.7812,1.64685,14.0,23.16504,0.2990176
-142.3145,-18.46741,14.0,31.030790000000003,0.5509861999999999
-141.8444,-35.827090000000005,1.0,5.691713,0.10008660000000001
-142.7338,-43.679390000000005,1.0,15.30362,0.6009843
-152.0582,-54.27777,1.0,23.52773,0.3002632
-163.0441,-68.88455,1.0,26.90462,-0.2399714
-148.9767,-75.02611999999999,1.0,24.18176,0.1559068
-136.2697,-68.81517,1.0,7.116861999999999,-0.02136429
-135.862,-68.27897,1.0,0.02618773,-2.0097120000000002e-05
-135.8434,-68.28171,1.0,0.02398027,-0.0005803580999999999
-135.8273,-68.28364,1.0,0.01561015,-0.07066561
-136.084,-70.11803,1.0,4.515033,0.06355596
-135.6611,-73.41896,1.0,4.197181,-0.06569497
-136.3855,-76.04794,1.0,3.487169,-0.00723739
-135.9683,-75.89761999999999,1.0,5.292644999999999,0.3331555
-128.9062,-75.25259,1.0,14.15425,0.6364470999999999
-118.3385,-82.42719,1.0,21.593770000000003,0.28648320000000005
-110.9192,-99.8203,1.0,29.23494,0.4541550999999999
-115.1475,-122.5065,1.0,34.75203,0.1631588
-137.6739,-132.7433,1.0,31.49935,-1.446955
-145.9617,-118.9836,1.0,21.86082,0.05514256
-138.4591,-108.751,1.0,1.504838,-1.575344
-138.4581,-108.723,1.0,0.02241121,-0.0169266
-138.4589,-108.7396,1.0,0.02267175,-0.03320656
-141.1729,-108.1079,1.0,7.913553,0.3022342
-145.6514,-110.7152,1.0,2.6217490000000003,-0.76932
-144.7841,-108.7911,1.0,7.364269999999999,0.30610859999999995
-146.2089,-100.6719,1.0,15.549339999999999,0.5543243
-157.5813,-95.85741,1.0,16.39025,-0.3929478
-165.5482,-103.1569,1.0,18.7759,0.6140392
-167.8489,-122.3804,1.0,32.46379,0.39348720000000004
-166.1598,-148.6828,1.0,40.74783,0.5981074000000001
-164.7624,-175.56599999999997,1.0,32.9668,-0.2592188
-167.9952,-199.0846,1.0,37.16001,1.406815
-166.533,-228.1644,1.0,36.54309,-0.5132935000000001
-158.0534,-248.9095,1.0,26.223340000000004,-0.5344824
-138.4792,-249.4344,1.0,30.058759999999996,0.517848
-121.8221,-236.6525,1.0,24.79513,-0.6800013
-130.8022,-221.7892,1.0,24.76689,-0.4708946
-124.0436,-207.4799,1.0,20.48476,-0.5167112
-124.6207,-194.2853,1.0,17.519660000000002,-0.1650892
-120.6328,-184.5846,1.0,16.43307,0.4873501
-110.9353,-190.3702,1.0,16.22559,-0.2596522
-110.0879,-201.2586,1.0,13.875589999999999,-0.08358976
-109.4882,-214.0221,1.0,21.363970000000002,0.5679328
-107.5505,-232.5893,1.0,28.97478,0.269047
-101.7898,-255.8004,1.0,35.53298,0.37678890000000004
-80.0488,-271.3497,1.0,38.988890000000005,0.1595397
-55.56186999999999,-258.7433,1.0,39.64978,0.03238338
-51.48843,-229.0935,1.0,43.32023,0.1557395
-38.10573,-198.1451,1.0,48.31693,0.36716570000000004
-13.476939999999999,-169.408,1.0,53.99997,0.1855605
9.729805,-134.644,1.0,57.88508,-0.5707484
10.81978,-106.5919,1.0,14.9787,-1.3949639999999999
9.838557000000002,-104.2892,1.0,0.5480964,-0.01237758
10.19598,-104.531,1.0,3.348692,0.5206675999999999
14.11009,-106.9099,1.0,8.545110000000001,0.2327185
18.46141,-106.9417,1.0,1.3312,-0.6902183000000001
16.2163,-107.6394,1.0,7.576119,0.6202076999999999
8.396394,-111.333,1.0,15.0698,-0.6199321999999999
-0.23233779999999998,-105.71,1.0,19.270770000000002,0.5069473
0.9502553,-88.95640999999999,1.0,25.9118,0.422206
-4.659051,-67.91704,1.0,32.76627,0.41361800000000004
-5.856889,-41.20292,1.0,39.45134,0.4805594
-6.378280999999999,-9.615483,1.0,45.710609999999996,0.2052711
-7.392517999999999,25.93398,1.0,45.74973,-1.9318060000000001
-19.71635,44.61938,1.0,15.672179999999999,-1.291988
-28.94805,38.78818,1.0,18.31211,0.48983580000000004
-44.89197,39.03723,1.0,25.43796,0.5234187
-66.31549,39.598009999999995,1.0,32.50785,0.49054040000000004
-92.90455,39.71479,1.0,39.20903,0.2397554
-124.2949,40.62399,1.0,43.8647,-0.6370613
-144.374,29.96817,1.0,21.22701,-0.7989184
-139.84799999999998,24.7986,1.0,9.505111999999999,0.2387953
-137.7517,24.250220000000002,1.0,0.07362802,0.01908096
-137.7516,24.20875,1.0,0.04804934,-0.03322732
-140.1251,24.62451,1.0,7.192028,0.2177694
-147.19299999999998,24.24336,1.0,10.95837,-0.02246212
-151.2014,25.41493,1.0,0.6542873,-0.645892
-148.9767,23.97446,1.0,7.774228,0.58448
-147.4587,15.897960000000001,1.0,15.14993,0.245131
-151.9503,3.207656,1.0,21.31874,0.2058131
-147.6707,-14.48865,1.0,27.922940000000004,0.4645045
-146.3297,-37.4199,2.0,33.95707,0.23271550000000002
-162.4194,-54.092830000000006,2.0,32.88074,-0.40474040000000006
-162.989,-71.8746,2.0,21.08076,-0.65537
-156.1602,-69.33162,2.0,8.777422999999999,0.03993502
-155.6986,-68.5276,2.0,0.05376811,0.01818331
-155.7306,-68.67904,2.0,1.9390900000000002,0.5789484
-156.2889,-71.91585,2.0,5.109276,-0.026871499999999996
-156.952,-75.07967,2.0,1.631693,-0.7360859000000001
-155.1477,-73.50961,2.0,7.980896,0.6883566
-146.4876,-74.55888,2.0,16.53797,0.5973765000000001
-134.2857,-82.02543,2.0,19.48248,-0.28081259999999997
-121.7585,-86.05029,2.0,18.61659,0.8813419
-111.0287,-101.8779,2.0,31.63125,-0.05079946
-118.1415,-123.2333,2.0,33.23782,0.07215991
-139.3257,-129.8794,2.0,27.0667,-0.6272485
-143.2481,-116.9557,2.0,21.713179999999998,0.5492041999999999
-141.5259,-103.4831,2.0,18.7406,0.07177059
-156.1307,-102.5514,2.0,20.38704,-0.4732447
-160.9775,-113.594,2.0,16.50112,0.07614431
-163.7557,-126.3873,2.0,19.990460000000002,0.4427696
-165.3939,-144.8045,2.0,28.961440000000003,0.5710289000000001
-165.3552,-169.0973,2.0,36.55975,0.5126510999999999
-165.7155,-198.903,2.0,43.67944,0.502391
-165.1723,-233.6332,2.0,48.13937,-1.870371
-154.8827,-250.9243,2.0,23.24214,0.19414679999999998
-135.0964,-251.3585,2.0,30.4382,0.3030366
-126.0866,-236.075,2.0,24.94633,0.7722521999999999
-125.8746,-214.4782,2.0,34.09251,0.2105498
-125.71,-188.7995,2.0,23.967010000000002,-1.522615
-117.9082,-184.0235,2.0,13.733989999999999,0.2977683
-110.8236,-193.1613,2.0,20.65325,0.5831159
-109.338,-211.4909,2.0,28.74232,0.2732268
-106.3858,-235.4811,2.0,36.31897,0.2519688
-95.67687,-262.3584,2.0,42.050309999999996,0.1735138
-68.07951,-268.6643,2.0,40.63673,0.26985190000000003
-48.96987,-245.9519,2.0,42.27621,-0.0018227629999999998
-47.98008,-213.0161,2.0,47.32196,0.15841870000000002
-28.70373,-182.7673,2.0,51.75242,0.4857067
-1.4934290000000001,-152.6153,2.0,57.359919999999995,-0.4197192
8.166016,-126.1274,2.0,18.52107,-1.7955990000000002
-2.000865,-115.1229,2.0,24.06834,0.5075105
-6.769539999999999,-95.65378,2.0,31.184590000000004,0.5526270000000001
-6.693952,-69.77868000000001,2.0,38.57679,0.264703
-6.832535000000001,-38.58364,2.0,45.5822,0.5053318
-7.310633,-2.345401,2.0,52.13414,0.4683795
-10.783380000000001,35.456379999999996,2.0,43.17223,-2.1171439999999997
-25.35401,46.0756,2.0,7.729251,-2.6157209999999997
-25.542820000000003,43.57633,2.0,7.506642,0.6232116999999999
-32.230779999999996,39.83017,2.0,15.64001,0.5576661999999999
-45.40983,46.023959999999995,2.0,23.56921,0.4770684
-65.15437,44.34458,2.0,30.79,0.2704502
-90.66981,41.7018,2.0,38.24377,0.5328013
-121.5565,40.5679,2.0,45.1341,0.22214989999999998
-148.6827,28.409190000000002,2.0,29.982259999999997,-0.9277545
-149.5146,18.90362,2.0,2.133596,0.3113041
-144.9731,18.37412,2.0,10.88546,0.6003676
-144.7262,7.9778,2.0,18.910829999999997,0.5342184
-150.9946,-6.795724000000001,2.0,24.9265,0.3883807
-146.0414,-27.37115,2.0,32.1612,0.2505927
-143.0021,-39.29408,3.0,11.7336,-0.1565022
-147.1157,-47.31088,3.0,15.9437,0.9659593000000001
-157.7438,-53.4356,3.0,15.415189999999999,-0.2202395
-166.1845,-58.162330000000004,3.0,11.54831,-0.32387740000000004
-165.2996,-65.53616,3.0,10.77249,1.425916
-156.6625,-72.25587,3.0,19.03209,0.5083832
-139.7945,-72.38821,3.0,26.599990000000002,0.27231550000000004
-120.455,-80.79236999999999,3.0,26.91031,-0.4619787
-109.3433,-94.90351,3.0,24.1311,1.1006879999999999
-109.2574,-115.0179,3.0,25.87942,-0.4058027
-118.47399999999999,-129.0412,3.0,20.571360000000002,-0.1613703
-134.2305,-133.5453,3.0,24.08129,-0.5538194000000001
-144.0709,-119.3927,3.0,30.96909,1.159305
-155.072,-103.9003,3.0,17.48985,-0.9158296
-165.39,-109.7966,3.0,20.89791,0.5490831
-168.2921,-127.9327,3.0,28.84037,0.5893536
-169.7704,-152.0267,3.0,36.21862,0.2465302
-167.3707,-181.345,3.0,43.20839,0.5131216
-164.5335,-215.7394,3.0,49.72821,0.3205893
-160.84799999999998,-250.329,3.0,40.7041,-1.588551
-141.2794,-257.5779,3.0,24.9762,-0.1741802
-126.8162,-241.7513,3.0,32.34758,0.25478320000000004
-127.9339,-216.8007,3.0,37.46373,0.2187469
-126.4261,-190.7864,3.0,32.29975,-1.721271
-113.6562,-178.6719,3.0,22.65837,-0.49974880000000005
-109.8623,-192.4536,3.0,24.377570000000002,0.5341256
-105.57,-212.2361,3.0,31.54148,0.3019956
-105.5177,-234.5863,3.0,27.747940000000003,-0.37512280000000003
-104.5841,-257.1115,3.0,35.71042,0.33156529999999995
-84.36624,-271.7617,3.0,36.4545,0.2337159
-63.01993,-268.843,3.0,16.53901,-0.5626143
-56.361380000000004,-266.8613,3.0,2.9232009999999997,-0.8662751000000001
-56.988459999999996,-267.2729,3.0,1.373426,-0.1658279
-56.69324,-266.9879,3.0,3.557433,0.5078577
-53.83419,-263.5641,3.0,7.542459,0.1272615
-48.73791,-263.0526,3.0,5.19857,-0.8635661
-48.65019,-262.8688,3.0,4.923662,0.6258345000000001
-50.124340000000004,-256.3639,3.0,13.264870000000002,0.5963396
-47.02518,-243.95,3.0,21.1791,0.5694011999999999
-44.07012,-225.7383,3.0,28.59978,0.5113671
-41.339059999999996,-202.0646,3.0,35.58895,0.4869968
-28.14384,-178.4567,3.0,39.9148,0.2416535
-7.846499000000001,-158.6637,3.0,28.9956,-0.8264014999999999
5.717298,-148.0627,3.0,20.37061,-0.1799636
11.81302,-136.7247,3.0,15.47659,-0.2831445
8.96948,-125.76899999999999,3.0,18.271639999999998,0.5692311999999999
-0.8251956,-112.8219,3.0,25.56599,0.23819169999999998
-8.454247,-92.59631,3.0,32.57712,0.4665827
-10.336210000000001,-66.24407,3.0,39.03069,0.45580240000000005
-6.340758999999999,-35.17053,3.0,45.28777,0.4461499
-3.40484,-2.6679470000000003,3.0,38.53992,-4.661741999999999
-4.582027,13.365620000000002,3.0,7.599918,-0.9287745000000001
-5.258114,17.25848,3.0,8.927809,0.6248568
-7.656905,26.73475,3.0,17.342470000000002,0.5784354
-16.948079999999997,38.866479999999996,3.0,24.57186,0.5137099
-36.50482,45.07302,3.0,31.164340000000003,0.2305063
-62.190740000000005,44.72787,3.0,38.10001,0.2385348
-92.82167,43.09032,3.0,44.68517,0.46219449999999995
-126.4715,39.60539,3.0,43.64702,-0.6726573
-149.724,26.010089999999998,3.0,34.41421,-0.6746079
-143.7821,2.510606,3.0,34.733090000000004,0.06009131
-144.9912,-25.13389,3.0,40.364090000000004,0.3315729
-149.4845,-51.61784,4.0,24.989929999999998,-2.207361
-163.3845,-54.861000000000004,4.0,19.64684,-0.13028330000000002
-165.8719,-66.72324,4.0,21.56687,0.2184942
-149.2138,-72.63831,4.0,27.919490000000003,0.5202662
-127.0132,-77.61466,4.0,34.24653,0.4207588
-109.6271,-97.98648,4.0,39.2008,0.07901984
-116.1665,-124.1097,4.0,37.49812,-0.06065456
-139.1834,-130.6387,4.0,31.7122,-0.3408112
-143.9964,-110.2853,4.0,31.35942,-0.02225028
-154.2766,-98.82437,4.0,16.09028,-0.32911940000000006
-165.1332,-108.0934,4.0,23.95819,0.5431039000000001
-169.0251,-128.1442,4.0,31.2324,0.5219282999999999
-169.9488,-153.6995,4.0,38.00362,0.4882416
-167.0597,-184.2131,4.0,44.606840000000005,0.4644943
-163.8179,-219.3371,4.0,49.43374,-0.01085641
-160.2987,-249.09400000000002,4.0,23.02795,-1.247675
-148.1372,-256.9398,4.0,21.25272,0.5631465999999999
-132.1552,-253.5999,4.0,25.30697,0.1421376
-125.60600000000001,-233.274,4.0,32.24165,0.46630390000000005
-128.3988,-207.5662,4.0,38.2795,0.1882866
-121.3662,-180.4554,4.0,36.738,-0.8478446
-100.7421,-181.9641,4.0,26.012079999999997,-0.6823189000000001
-106.786,-194.7102,4.0,22.78697,0.5317438
-114.5543,-201.5331,4.0,0.9411306,-1.7172759999999998
-114.555,-201.555,4.0,0.008721408,-0.01482679
-113.4588,-201.7838,4.0,4.15826,0.1136578
-109.9434,-199.5149,4.0,5.743207,-0.3591506
-109.6728,-198.4993,4.0,2.515834,0.5216898
-108.9883,-202.9904,4.0,9.700023,0.49632719999999997
-107.0154,-212.5196,4.0,16.417939999999998,0.46103710000000003
-105.1948,-226.8976,4.0,22.68159,0.44499890000000003
-105.9392,-245.8838,4.0,28.40594,0.3679873
-97.09711999999999,-266.1037,4.0,32.36592,0.1823382
-73.76024,-271.3525,4.0,35.05113,0.28998820000000003
-51.74828,-257.0846,4.0,37.02214,-0.1317809
-49.29225,-228.9781,4.0,40.31031,0.3395911
-41.81322,-198.7095,4.0,44.48232,0.3028817
-21.21876,-172.2127,4.0,46.7203,-0.07544694
0.9158036,-152.3055,4.0,26.45519,-2.256023
11.441130000000001,-140.9501,4.0,17.616789999999998,-0.5068425999999999
10.23265,-127.7168,4.0,23.38334,0.19943829999999999
-1.7068419999999997,-112.4257,4.0,28.813679999999998,0.1700475
-8.982006,-90.36881,4.0,34.01468,0.3729832
-10.36379,-63.438359999999996,4.0,38.957679999999996,0.1643488
-5.348965,-33.22292,4.0,43.68782,0.1634575
-1.510411,0.5145282999999999,4.0,47.79254,0.1775481
-9.353806,30.880359999999996,4.0,27.027540000000002,-0.6918144
-26.818959999999997,42.57052,4.0,31.32266,0.3328784
-51.74994,43.4907,4.0,36.33105,0.4027774
-80.52405999999999,43.2715,4.0,41.33062,0.1764693
-112.3609,40.89667,4.0,43.005590000000005,-0.1791803
-136.3593,37.50134,4.0,15.113560000000001,-0.6117484999999999
-145.3107,29.83923,4.0,19.14584,0.2097214
-147.9545,13.88631,4.0,24.89624,0.4114592000000001
-144.3076,-6.320105,4.0,30.565509999999996,0.20947329999999997
-141.8295,-30.72005,4.0,34.821670000000005,-0.3809117
-151.5671,-49.75485,5.0,26.55345,0.1517279
-168.2164,-60.71591,5.0,23.32225,-1.360603
-161.196,-69.5833,5.0,16.34365,-0.3784857
-147.4908,-71.35355,5.0,22.672439999999998,0.22717359999999998
-129.1115,-76.17436,5.0,28.48838,0.19287100000000001
-111.2727,-89.7644,5.0,32.77899,0.20100829999999997
-109.7414,-113.9654,5.0,33.89552,-0.20542329999999998
-123.8939,-132.23,5.0,29.77477,-0.4778598
-140.5313,-127.7046,5.0,23.41532,0.06885678
-146.8868,-109.8376,5.0,28.21704,0.17420870000000002
-162.781,-100.8956,5.0,20.00949,-1.374152
-164.5293,-111.9359,5.0,16.98869,0.363076
-166.9426,-127.24799999999999,5.0,25.23566,1.23314
-168.4096,-152.5457,5.0,43.52097,1.007807
-165.1508,-187.22099999999998,5.0,49.8079,0.5105316
-164.3143,-221.8427,5.0,33.62985,-2.564849
-163.2599,-239.0072,5.0,19.17742,-0.22101079999999998
-159.6242,-250.4756,5.0,14.911879999999998,0.09957655
-148.7741,-259.2272,5.0,24.17877,0.4262747
-131.3471,-252.6777,5.0,30.8285,0.9004861999999999
-125.4207,-226.2341,5.0,41.1084,0.24892179999999997
-128.7121,-199.3756,5.0,23.41635,-1.037452
-125.1066,-185.9085,5.0,15.774170000000002,-0.4716085
-112.3752,-182.4762,5.0,23.27155,0.656157
-102.5331,-196.47099999999998,5.0,27.269540000000003,0.6072419
-103.4483,-220.4134,5.0,35.97985,0.3747346
-105.6261,-247.2132,5.0,33.93727,-0.6633026999999999
-97.26167,-267.1889,5.0,30.054909999999996,0.2529633
-74.56477,-271.6698,5.0,33.9859,0.3051129
-53.57459,-257.9207,5.0,36.022870000000005,0.06710605
-48.02304,-230.2606,5.0,40.39782,0.3718785
-42.33339,-199.1271,5.0,44.97659,0.2672167
-23.491529999999997,-170.9229,5.0,47.879940000000005,0.26964390000000005
-3.8659510000000004,-156.684,5.0,14.55432,-0.35624320000000004
3.595097,-151.6014,5.0,9.932004,-0.2993441
8.104557000000002,-147.7444,5.0,6.4970989999999995,0.5795126
12.3651,-141.6153,5.0,13.47739,0.4481313
11.55768,-129.7325,5.0,19.519560000000002,0.4274035
1.886911,-116.2129,5.0,25.40932,0.4089252
-6.932889,-97.35750999999999,5.0,30.858990000000002,0.3789128
-10.6925,-72.92053,5.0,36.01947,0.35846209999999995
-7.042435,-44.7121,5.0,40.871959999999994,0.36310359999999997
-2.063934,-13.096169999999999,5.0,45.55468,0.15413929999999998
-3.616419,16.16783,5.0,29.75801,-1.3707
-7.329336,26.5215,5.0,11.39811,0.9981928
-13.8101,36.42705,5.0,19.27755,0.41560329999999995
-28.221159999999998,43.933240000000005,5.0,24.94925,0.19574270000000002
-48.68455,45.28204,5.0,30.54048,0.2009715
-73.32098,44.57887,5.0,35.955890000000004,0.3893741
-101.8389,42.931470000000004,5.0,41.0071,0.3687522
-129.6247,39.96905,5.0,27.36409,-3.23488
-142.9494,32.93269,5.0,22.6993,0.38442529999999997
-148.0892,15.06851,5.0,27.95045,0.1816917
-144.0356,-7.138986999999999,5.0,33.25334,0.3965381
-142.3059,-32.37238,5.0,30.36999,-0.5005324000000001
-146.1408,-44.881640000000004,6.0,12.92803,0.4647795
-155.4885,-53.819880000000005,6.0,18.08512,-0.19827
-165.1645,-59.173669999999994,6.0,12.35839,-0.2524339
-163.0644,-69.53315,6.0,20.25637,0.7292479000000001
-145.0977,-71.7282,6.0,32.241170000000004,1.095015
-119.8066,-81.08733000000001,6.0,41.72378,0.509921
-110.3236,-106.0792,6.0,34.064170000000004,-1.190698
-116.7787,-118.564,6.0,10.83132,-0.303701
-121.0224,-128.9543,6.0,19.64639,-0.5114558
-132.6629,-134.025,6.0,20.00158,0.21820770000000003
-144.0239,-123.0326,6.0,25.32776,0.24578870000000003
-148.0938,-106.4043,6.0,12.09615,-2.1194509999999998
-152.8585,-102.4268,6.0,10.36383,0.7393619
-162.9224,-101.8377,6.0,15.811129999999999,-0.431183
-167.1812,-113.9485,6.0,23.124010000000002,1.048813
-168.7168,-136.1492,6.0,36.63156,0.8905146999999999
-168.4635,-167.7337,6.0,48.05296,0.3684932
-165.0356,-206.5667,6.0,53.74352,-0.8940193000000001
-163.3522,-242.0918,6.0,40.11865,-0.8632294
-149.5785,-258.1701,6.0,24.62109,-0.5941169
-134.5455,-254.6145,6.0,19.47639,0.33695970000000003
-126.0175,-239.729,6.0,26.70086,0.3876636
-125.6327,-218.019,6.0,32.05637,0.383823
-128.7463,-192.9295,6.0,31.87671,-0.7472036999999999
-119.9937,-182.0936,6.0,19.09456,0.36067350000000004
-106.4891,-189.0394,6.0,23.683320000000002,0.3300167
-102.5584,-207.8028,6.0,28.893929999999997,0.41036670000000003
-104.9122,-231.1938,6.0,34.346920000000004,0.3768665
-104.2437,-258.3611,6.0,38.705009999999994,0.01380523
-83.77655,-272.5904,6.0,32.90105,-0.8115627
-63.03918,-267.7087,6.0,25.01707,-0.5072203
-50.76429,-256.5547,6.0,25.80734,0.4482487
-46.57703,-235.0004,6.0,32.425090000000004,0.3754363
-43.48077,-209.2097,6.0,37.67781,0.1776443
-34.61114,-181.6012,6.0,40.79615,0.00679137
-10.71045,-162.9239,6.0,36.16803,-3.511628
1.875198,-153.2833,6.0,13.16575,-0.17588470000000003
8.675673,-147.2725,6.0,12.71572,0.29001420000000006
12.88114,-136.9452,6.0,19.226760000000002,0.6262472
5.347044,-121.7871,6.0,28.940340000000003,1.139475
-7.046647,-98.53811999999999,6.0,43.00371,0.4972995
-9.275856,-61.93922,6.0,55.73264,0.4251687
-2.334005,-18.32485,6.0,62.0878,0.20792049999999998
-4.632681,17.88949,6.0,29.22395,-3.138909
-11.1582,32.98988,6.0,22.48183,0.4505763
-27.257720000000003,43.53229,6.0,31.768179999999997,0.8679689
-55.89277,45.13207,6.0,46.349740000000004,1.09984
-95.55554000000001,43.45443,6.0,59.98701,0.7145236999999999
-124.0169,39.9864,6.0,16.04835,-1.854959
-133.9344,37.97622,6.0,15.803679999999998,1.0438450000000001
-146.219,28.806829999999998,6.0,24.43926,0.1462507
-147.0653,8.890511,6.0,29.750529999999998,0.397575
-142.4432,-14.779770000000001,6.0,35.13543,0.3798243
-141.9356,-34.750009999999996,7.0,7.556228,0.25946679999999994
-143.3926,-42.80045,7.0,14.3695,0.46076320000000004
-152.2491,-51.64966,7.0,20.24956,0.4143675
-166.2607,-60.06321,7.0,22.19934,-0.6178454000000001
-166.1682,-72.66417,7.0,15.655120000000002,-0.03120706
-155.1068,-77.01433,7.0,18.360120000000002,0.1325338
-140.9938,-73.354,7.0,20.37264,0.2246205
-125.0531,-75.62817,7.0,24.13935,0.8377986999999999
-110.4397,-90.54661999999999,7.0,31.167040000000004,0.1126029
-110.2975,-114.3082,7.0,34.55919,0.08084597
-129.7448,-131.067,7.0,37.00602,0.02871125
-147.6001,-123.8376,7.0,17.40877,-0.6090508000000001
-143.5136,-116.0672,7.0,11.10506,0.38162399999999996
-146.4461,-105.3075,7.0,16.85991,-0.3830321
-158.201,-101.7157,7.0,20.022560000000002,0.4940012
-166.3072,-113.4165,7.0,19.842129999999997,-0.02240889
-166.0211,-129.4947,7.0,25.26093,0.29375429999999997
-168.7745,-152.8109,7.0,38.82821,1.049615
-169.7889,-186.3687,7.0,51.43688,0.8402978999999999
-169.1233,-225.7636,7.0,49.33527,-0.8534503000000001
-158.8037,-251.2061,7.0,29.1494,-0.42058729999999994
-141.1962,-254.1063,7.0,21.57884,-0.11202519999999999
-127.4032,-245.7404,7.0,24.01145,0.398125
-125.9477,-224.5682,7.0,32.46927,0.38191329999999996
-126.1869,-198.5509,7.0,37.764070000000004,0.38068670000000004
-119.0985,-179.8436,7.0,15.485560000000001,-0.34549009999999997
-110.57700000000001,-186.2278,7.0,19.476679999999998,0.4195311
-109.01100000000001,-202.7965,7.0,25.47905,0.41974929999999994
-108.6755,-223.8054,7.0,31.20685,0.4012092
-106.5934,-248.6808,7.0,36.05415,0.26423090000000005
-89.43176,-269.5876,7.0,38.82592,0.07718559
-61.71918,-268.6119,7.0,39.32185,-0.01331604
-49.60464,-243.1905,7.0,40.67694,0.3355405
-46.59404,-211.5634,7.0,44.905440000000006,0.1267595
-27.22632,-184.0527,7.0,47.90494,0.1629308
-2.346511,-156.3132,7.0,52.895759999999996,-0.1424185
9.213696,-130.3771,7.0,25.388289999999998,-0.7470279000000001
-0.1425201,-114.0229,7.0,29.878429999999998,0.19202320000000003
-5.741184,-89.88731999999999,7.0,41.07732,1.321134
-1.382534,-53.09486,7.0,58.50329,0.5555124
-1.59941,-4.918997,7.0,65.8562,-1.011398
-8.039000999999999,34.87235,7.0,38.11332,-2.595682
-28.853609999999996,41.36645,7.0,33.44182,1.213292
-57.514680000000006,40.51589,7.0,41.6126,0.17218889999999998
-90.16196,40.55975,7.0,46.32803,0.1529055
-126.0564,41.07517,7.0,49.21075,-0.30848390000000003
-147.2914,27.15632,7.0,28.075290000000003,0.02024629
-145.4557,4.733521,7.0,32.95237,0.4040522
-145.3147,-21.619,7.0,38.17083,0.1828095
-151.5202,-49.79586,8.0,37.894259999999996,-0.448165
-167.9605,-64.02949,8.0,20.47876,-0.6291876999999999
-160.2818,-77.99405,8.0,27.190240000000003,0.08365854
-138.9166,-77.1788,8.0,31.68603,0.3183316
-117.6819,-87.12455,8.0,34.441790000000005,0.1230308
-111.2077,-111.9581,8.0,36.89387,0.0597631
-129.3983,-131.1688,8.0,37.92262,-0.0002632823
-146.5298,-128.0553,8.0,6.296942,-1.165067
-144.4048,-125.7928,8.0,8.023041000000001,0.4915581
-141.7735,-118.0809,8.0,14.61159,0.44151359999999995
-147.8889,-106.8144,8.0,20.58355,0.20285229999999999
-163.0748,-103.9462,8.0,23.53854,0.01917575
-167.3891,-120.7941,8.0,27.087120000000002,0.4045021
-167.6186,-142.8436,8.0,32.44147,0.3863331
-171.2484,-168.5172,8.0,37.532540000000004,0.3344783
-169.347,-198.1578,8.0,42.357009999999995,0.16146749999999999
-168.227,-231.2375,8.0,46.92729,0.21067199999999997
-152.2445,-256.1381,8.0,36.80865,-0.35005440000000004
-132.2838,-248.8421,8.0,28.00607,0.5660347
-127.0723,-226.8799,8.0,33.61023,0.38459909999999997
-127.0459,-200.0558,8.0,38.76245,0.1716776
-117.8067,-179.731,8.0,18.649810000000002,-0.7577461999999999
-108.4088,-185.7518,8.0,18.68212,0.4055579
-106.8353,-201.6684,8.0,24.66681,0.22377800000000003
-106.2024,-222.1792,8.0,30.470390000000002,0.4073373
-104.8204,-246.6729,8.0,35.63002,0.1617536
-90.17116,-268.9192,8.0,38.17304,0.07355178
-63.17455,-268.98400000000004,8.0,38.692840000000004,0.1613437
-48.1754,-245.111,8.0,40.52124,0.3202072
-45.57217,-213.4952,8.0,45.06449,0.1289772
-28.71453,-185.2393,8.0,46.710809999999995,0.1499223
-4.00352,-158.7908,8.0,50.97039,0.2708991
8.698654,-128.8329,8.0,36.22394,-1.002146
-4.689164,-106.2658,8.0,40.00987,-0.1470344
-3.985001,-77.42948,8.0,41.59409,0.3407015
-1.26661,-44.98449,8.0,46.18355,0.32938320000000004
-1.62989,-9.14456,8.0,50.58807,0.15091459999999998
-5.637519,28.754929999999998,8.0,46.894659999999995,-1.859393
-23.52391,42.75889,8.0,16.53971,-2.5107909999999998
-26.54007,39.20705,8.0,7.673081,0.4842822
-33.48787,37.907790000000006,8.0,13.94846,0.2141533
-42.36783,46.88438,8.0,20.13025,0.2081411
-48.02896,48.58657,8.0,0.01995847,-0.01593371
-48.07727,48.397729999999996,8.0,1.9938220000000002,0.5137488
-48.355129999999996,45.36504,8.0,5.331735,0.03863668
-47.12065,43.26855,8.0,1.305459,0.785977
-50.90917,45.67208,8.0,10.60336,0.3136429
-61.83055,45.67593,8.0,19.223770000000002,0.6143341999999999
-79.02646999999999,43.61569,8.0,27.348770000000002,0.5923489000000001
-102.0367,42.266690000000004,8.0,34.878440000000005,0.515062
-130.129,43.086059999999996,8.0,40.04441,-0.1144925
-144.4389,20.60202,8.0,39.98502,0.6295829000000001
-145.8409,-12.25222,8.0,48.51979,0.20761329999999997
-141.9846,-34.21444,9.0,2.860466,-0.03068666
-142.5438,-37.146390000000004,9.0,9.434681,0.3289086
-146.2447,-45.95153,9.0,13.496889999999999,-0.1089007
-152.9642,-51.7524,9.0,11.69324,0.4672883
-162.548,-54.91608000000001,9.0,12.67704,-0.2334485
-166.9236,-61.43914,9.0,10.14274,0.3226614
-161.2085,-71.34278,9.0,21.19601,-0.03315814
-147.7637,-73.25333,9.0,16.784110000000002,-0.24540520000000002
-135.9404,-73.26997,9.0,18.88958,1.224661
-119.5104,-80.14443,9.0,25.6888,0.07721105
-108.5957,-95.7383,9.0,26.42975,-0.04944823
-107.9341,-111.8508,9.0,12.9036,-0.09877916
-110.5529,-120.1417,9.0,12.188939999999999,0.944995
-118.6017,-131.4279,9.0,21.31545,-0.2911757
-131.8179,-134.8305,9.0,16.79316,-0.1376529
-141.8079,-128.6741,9.0,19.49935,0.6976416
-147.9598,-111.7792,9.0,28.32572,0.5645933000000001
-156.8126,-99.59170999999999,9.0,15.18636,-0.38700999999999997
-164.7927,-103.9097,9.0,15.029029999999999,0.49144030000000005
-167.882,-120.56200000000001,9.0,30.28221,0.5341975999999999
-168.8513,-147.9398,9.0,42.47831,0.2717677
-167.2809,-181.2109,9.0,46.95514,0.22154490000000002
-164.0235,-215.3377,9.0,42.90961,-0.5833988
-162.2286,-242.1995,9.0,28.15097,-0.4618883
-152.466,-257.1607,9.0,21.92813,-0.3606136
-138.9195,-259.4092,9.0,17.44686,0.1156525
-127.9633,-246.3405,9.0,30.72545,1.081285
-125.6649,-220.27200000000002,9.0,36.630720000000004,-0.2758692
-128.7812,-198.0766,9.0,20.05716,-0.7934321
-127.2295,-186.8252,9.0,13.61991,-0.2694034
-117.8173,-181.6306,9.0,19.051289999999998,0.2884638
-105.8797,-186.7463,9.0,15.92653,-0.3090323
-102.4982,-198.7794,9.0,22.94896,0.5732154
-103.7057,-220.81,9.0,35.00393,0.2903114
-105.9763,-248.0602,9.0,36.47979,-0.19724529999999998
-94.39529,-270.0173,9.0,32.81411,-0.08956427
-70.85297,-271.6924,9.0,32.50713,-0.05317013
-52.69664,-257.1306,9.0,33.23962,0.160804
-47.162240000000004,-232.0253,9.0,35.95002,0.07899588
-42.870979999999996,-205.2974,9.0,35.50985,-0.1640384
-34.60246,-182.1212,9.0,30.9206,-0.1828669
-19.76344,-167.8392,9.0,25.06588,-0.3704272
-5.739987,-158.3454,9.0,21.18781,-0.07855216
6.051756,-150.1577,9.0,18.07635,0.14380020000000002
12.71627,-136.9852,9.0,23.71644,0.15497320000000003
4.2579199999999995,-120.0921,9.0,28.62691,0.2462609
-7.058528,-101.7199,9.0,29.76018,0.06102232
-11.10091,-79.7688,9.0,31.075229999999998,0.35166590000000003
-9.618497,-55.23765,9.0,34.72307,0.11621340000000001
-5.102503,-29.38743,9.0,36.05212,0.031004400000000005
-1.832713,-2.671478,9.0,35.25302,-0.2610101
-4.734851,18.75638,9.0,23.91687,-0.6195714
-10.41208,32.7456,9.0,19.88127,1.1319620000000001
-25.68232,43.48084,9.0,29.42553,0.48041769999999995
-49.86873,44.41771,9.0,36.4001,0.5245906
-79.44577,44.21934,9.0,43.46047,0.48325209999999996
-113.9342,41.860040000000005,9.0,48.226259999999996,-0.09016275
-142.0616,34.6261,9.0,34.64063,0.34258330000000004
-144.9656,10.32349,9.0,37.053259999999995,0.5088891
-141.9263,-19.1706,9.0,40.82869,-1.212492
-144.9015,-39.20856,10.0,16.73328,-0.1325073
-151.8588,-50.86248,10.0,19.49983,-0.33270029999999995
-163.2909,-56.821740000000005,10.0,15.615310000000001,-0.15286570000000002
-166.6028,-65.78341,10.0,15.256570000000002,0.6500417
-156.7756,-73.19196,10.0,17.880110000000002,0.02865842
-143.2163,-72.50891999999999,10.0,17.92485,-0.08539212
-129.1435,-75.34121999999999,10.0,24.4764,0.5756809
-112.3204,-87.28367,10.0,31.45247,0.41933420000000005
-107.8282,-111.5446,10.0,36.75138,0.06880731
-118.9424,-130.1541,10.0,23.6758,-0.3699518
-133.8933,-133.4664,10.0,18.68253,-0.34350879999999995
-143.725,-124.8898,10.0,21.40024,0.31278670000000003
-148.3547,-107.8942,10.0,21.3048,-1.171924
-151.8814,-103.0779,10.0,8.145336,0.6143751999999999
-160.1371,-100.7044,10.0,15.52955,0.218088
-167.3035,-111.3897,10.0,21.7665,0.5086797000000001
-168.5195,-130.1749,10.0,28.84753,0.2528076
-168.833,-154.1448,10.0,35.02193,0.1489317
-168.0044,-181.4682,10.0,38.839690000000004,0.28846279999999996
-165.1071,-210.4102,10.0,37.059540000000005,-0.6039026
-163.7742,-235.0461,10.0,29.79441,-0.24886279999999997
-157.6306,-253.0582,10.0,22.71852,-0.4286647
-143.3387,-259.7514,10.0,23.79888,0.04083358
-129.8866,-249.7047,10.0,25.18507,0.21478089999999997
-124.603,-230.5241,10.0,28.612470000000002,0.217809
-127.0093,-208.5959,10.0,28.65318,-0.4720907999999999
-127.9864,-192.8568,10.0,16.16648,-0.15442
-124.6307,-183.56799999999998,10.0,11.743739999999999,-0.02042434
-114.0461,-182.3065,10.0,17.71994,0.2212761
-103.9312,-190.0824,10.0,18.40038,0.1478662
-103.3206,-204.49099999999999,10.0,20.87738,0.1755766
-104.3553,-220.5247,10.0,21.77695,-0.009473065
-105.8055,-238.2978,10.0,27.54545,0.4661505999999999
-103.9023,-259.823,10.0,29.67393,-0.08740865
-86.48062,-272.6069,10.0,34.38499,0.5012042999999999
-60.04387,-266.7337,10.0,38.62934,-0.06175355
-48.934490000000004,-241.24400000000003,10.0,41.244040000000005,0.5699489999999999
-44.19028,-209.7936,10.0,42.104279999999996,-0.3254565
-34.922290000000004,-183.5625,10.0,33.39022,-0.6077033000000001
-19.499589999999998,-168.1388,10.0,26.324070000000003,-0.2233522
-7.141333,-159.4572,10.0,13.09566,-0.1297333
2.586853,-152.6033,10.0,20.76654,-0.23757910000000002
12.3824,-141.9641,10.0,21.05783,0.6632864
7.9742690000000005,-124.5041,10.0,28.582790000000003,0.4178299
-5.860494999999999,-106.0229,10.0,34.3102,0.4336683
-10.42207,-81.35743000000001,10.0,30.74323,-0.4982424
-9.117919,-56.66648000000001,10.0,36.639340000000004,0.4437847
-5.180701999999999,-27.452140000000004,10.0,42.78776,0.43081670000000005
-2.045238,6.066392,10.0,48.15195,0.16051089999999998
-13.893089999999999,37.03797,10.0,42.695,-0.07152902
-44.66252,45.113440000000004,10.0,45.84398,0.37803600000000004
-80.64038000000001,44.27949,10.0,51.25221,0.3941079
-119.17,40.68014,10.0,47.635940000000005,-0.7979071
-146.0934,29.67772,10.0,37.93942,-0.1991177
-144.3938,3.101589,10.0,39.32101,0.4058741
-142.6046,-26.851879999999998,10.0,37.28226,-1.594978
-152.1328,-50.30053,11.0,35.86233,0.2002296
-169.7773,-69.10027,11.0,29.471020000000003,-0.6299866
-161.6922,-80.64407,11.0,19.705370000000002,0.09042114
-148.9935,-70.36417,11.0,24.98698,0.292124
-130.2182,-75.0424,11.0,30.05453,0.4976213
-112.9351,-90.23451,11.0,29.57828,0.30875990000000003
-110.4055,-114.0221,11.0,35.039429999999996,-0.20016620000000002
-123.7343,-131.46,11.0,27.050459999999998,0.3025988
-142.8029,-126.0017,11.0,31.06649,-0.0495574
-146.3897,-105.0566,11.0,15.70318,-2.9579169999999997
-154.6952,-100.5549,11.0,18.96864,0.6752551
-166.4783,-110.3243,11.0,24.95486,0.38444920000000005
-166.0164,-131.1282,11.0,31.461159999999996,0.2264826
-168.4355,-156.7202,11.0,37.74921,0.1984061
-166.3815,-186.78900000000002,11.0,43.73158,0.45283190000000006
-163.7278,-221.1364,11.0,47.77361,-0.3927833
-158.3462,-251.0876,11.0,32.43196,-0.7106882
-139.6874,-259.7315,11.0,30.36223,0.1100155
-127.016,-242.9838,11.0,32.35966,0.2371393
-126.0237,-216.6703,11.0,38.391459999999995,0.20948649999999996
-127.1847,-189.6982,11.0,34.426159999999996,0.5223424
-111.4618,-180.7506,11.0,24.9768,-0.19782139999999998
-107.5104,-197.8148,11.0,27.807709999999997,0.4946313
-105.5498,-220.574,11.0,33.95135,0.4220213
-106.9312,-247.9528,11.0,39.72268,0.28213720000000003
-90.79486,-271.3354,11.0,39.193020000000004,-0.1586733
-61.62579,-267.6082,11.0,42.18765,-0.008038314
-47.60845,-241.2688,11.0,43.465790000000005,0.4243518
-42.77132,-207.2738,11.0,49.09811,0.1789852
-26.606659999999998,-174.0862,11.0,50.81581,-1.3143209999999999
-1.566017,-156.8487,11.0,34.86011,-0.18079779999999998
11.890939999999999,-139.9629,11.0,25.4824,-0.6209422
7.228394000000001,-123.164,11.0,26.26874,0.23118339999999998
-5.099995,-105.2078,11.0,32.48365,0.20115329999999998
-10.1069,-79.4239,11.0,38.66013,0.4347705
-8.260242,-48.70364,11.0,44.42928,0.4080342
-2.315777,-14.23479,11.0,49.9803,0.3727463
-5.887512999999999,23.90853,11.0,51.327329999999996,-0.8662412
-31.22508,45.51007,11.0,46.11036,-0.02793366
-66.9193,42.6658,11.0,50.85773,0.38310029999999995
-106.5053,41.31495,11.0,55.903769999999994,-0.06269153
-141.4016,34.12202,11.0,43.09442,-0.2033151
-148.1142,6.589314999999999,11.0,40.92696,0.19046029999999997
-142.2536,-25.02671,11.0,45.56747,-0.06146371
-151.9483,-50.4332,12.0,28.767870000000002,-0.5231162
-168.4258,-61.18472,12.0,26.94848,-0.3088947
-158.0247,-72.28519,12.0,24.98905,0.21916889999999997
-137.2093,-71.96153000000001,12.0,31.38675,0.44024529999999995
-115.1651,-83.76781,12.0,36.69213,0.3014976
-107.0007,-109.6985,12.0,36.1699,-1.489609
-119.5577,-127.6144,12.0,28.36605,-0.47116840000000004
-136.6837,-132.7292,12.0,21.20249,-0.29196279999999997
-146.2307,-119.2846,12.0,26.59465,0.24073440000000002
-153.5306,-101.72,12.0,22.16604,-0.28031
-166.3448,-105.7214,12.0,21.22089,0.6335525
-167.2257,-126.3407,12.0,34.683690000000006,0.4826809
-169.0225,-154.1611,12.0,40.548390000000005,0.37039720000000004
-166.7642,-186.3728,12.0,46.30495,0.4312073
-164.7046,-222.6893,12.0,51.65684,0.2049723
-156.2021,-254.4749,12.0,37.51041,-1.430968
-135.9743,-254.3243,12.0,28.66378,0.1161165
-127.5194,-233.2078,12.0,33.692209999999996,0.22709459999999998
-126.4708,-206.273,12.0,35.657779999999995,-1.0130370000000002
-124.3094,-182.90400000000002,12.0,30.59325,-0.6058566999999999
-107.1385,-185.5731,12.0,24.67745,-0.27594440000000003
-110.1647,-204.6036,12.0,29.310809999999996,0.44728029999999996
-109.59899999999999,-228.7564,12.0,35.81563,0.4641135
-104.5372,-257.0019,12.0,41.51583,0.2245032
-81.10721,-271.8255,12.0,39.71008,0.2622386
-52.1335,-261.7939,12.0,42.398509999999995,-0.34004320000000005
-48.23357,-236.5127,12.0,32.27107,-0.2118933
-53.06847,-219.7345,12.0,10.20861,-0.6708834
-53.28012,-215.3212,12.0,3.4941410000000004,-0.1487796
-52.86224,-216.0761,12.0,5.64496,0.343942
-46.92949,-218.5882,12.0,12.9806,0.22843029999999998
-42.02202,-209.4937,12.0,13.898810000000001,-0.1418399
-41.45298,-198.8055,12.0,18.96871,0.2685035
-36.46837,-182.998,12.0,25.90823,0.2339449
-21.38901,-167.796,12.0,32.31425,0.46606729999999996
0.9647195,-154.0312,12.0,37.69429,-0.25811910000000005
12.30945,-132.131,12.0,28.98687,-0.4235714
-0.02229725,-112.2275,12.0,38.692640000000004,1.179066
-10.49496,-80.11648000000001,12.0,51.93663,0.1475734
-6.326953,-40.20968,12.0,56.64205,0.35172159999999997
-2.307758,2.852655,12.0,56.71408,-0.8396309000000001
-10.50576,31.90959,12.0,34.034240000000004,0.9877209000000001
-32.655409999999996,45.63147,12.0,38.00377,0.2632576
-62.619719999999994,44.28047,12.0,43.40509,0.2115395
-96.90033000000001,43.36701,12.0,49.0249,0.191618
-133.4889,39.05232,12.0,47.7757,0.09144638
-153.0856,18.965889999999998,12.0,21.14259,-1.921257
-153.7132,12.57703,12.0,1.7647169999999999,0.643636
-149.424,11.80443,12.0,10.14366,0.538062
-146.4383,2.301056,12.0,17.777479999999997,0.5380461
-144.4432,-13.48691,12.0,25.028010000000002,0.2516094
-141.8947,-33.39887,13.0,3.276073,0.6286208000000001
-142.9551,-38.797,13.0,11.5054,0.2873232
-149.1289,-48.1705,13.0,19.01693,0.5172864
-163.3513,-56.772619999999996,13.0,25.53765,0.1440274
-165.1902,-71.79482,13.0,18.436770000000003,-0.2444805
-152.8943,-76.07427,13.0,20.47041,0.20974679999999998
-138.1994,-72.32138,13.0,18.38637,-0.3183857
-122.45100000000001,-75.67453,13.0,25.59465,0.4412987
-108.8924,-91.2252,13.0,31.32212,0.3864657
-109.569,-115.5214,13.0,35.74644,0.2799288
-130.6477,-132.2118,13.0,37.973690000000005,-1.511447
-146.075,-124.5788,13.0,13.05675,-1.83887
-141.4309,-123.0601,13.0,10.23665,0.5555722
-139.1314,-122.5807,13.0,4.776492,0.5610808
-144.3748,-125.335,13.0,9.876009,-0.1171058
-145.5221,-129.1743,13.0,0.04117813,-0.34824140000000003
-144.6392,-125.8625,13.0,9.238781,0.6427301999999999
-140.305,-116.9643,13.0,17.34633,0.2660208
-144.5359,-102.6772,13.0,24.187170000000002,0.2200151
-161.3606,-100.0141,13.0,23.52674,-0.27530479999999996
-167.1914,-116.5578,13.0,28.8751,0.522368
-167.6313,-140.5528,13.0,35.88863,0.48666670000000006
-167.7926,-169.7325,13.0,42.49516,0.23641020000000004
-167.9384,-203.5401,13.0,48.73195,0.453928
-165.77,-241.0046,13.0,48.6919,-1.419449
-140.7147,-257.5732,13.0,38.95462,-0.8263676999999999
-127.4259,-241.2308,13.0,31.77641,0.6313956000000001
-127.5826,-213.7876,13.0,41.36043,0.2528991
-126.6071,-188.1013,13.0,19.45759,-2.256448
-118.1828,-181.4859,13.0,15.872420000000002,0.5546032
-106.9128,-189.3299,13.0,23.45879,0.4680651
-105.1478,-208.9539,13.0,30.320390000000003,0.2404907
-108.131,-233.8125,13.0,37.07492,0.37554740000000003
-98.57589,-261.0688,13.0,41.96471,0.24965370000000003
-70.91927,-272.1586,13.0,42.63459,0.005831006999999999
-50.258109999999995,-250.7982,13.0,42.830490000000005,0.09738062
-47.81756,-217.3983,13.0,45.743840000000006,-0.7408604
-35.706790000000005,-188.4658,13.0,44.36112,0.36908520000000006
-11.64792,-163.1101,13.0,50.21138,0.19518770000000002
9.478539,-132.6011,13.0,46.13451,-0.8741353000000001
-1.7456740000000002,-107.4898,13.0,32.98037,-0.5342623000000001
-8.212786,-88.16656,13.0,31.710829999999998,0.2552269
-5.879008,-62.22971999999999,13.0,38.54237,0.4790597
-5.168815,-31.28071,13.0,45.01764,0.4436242
-3.724416,4.311738,13.0,51.02235,0.3399733
-13.688120000000001,37.06392,13.0,37.61248,-1.036548
-32.935320000000004,39.069340000000004,13.0,16.93771,-1.5332059999999998
-35.08917,32.58424,13.0,0.1223934,0.1339519
-35.14076,32.59132,13.0,0.05402789,-0.03065216
-35.04959,32.86801,13.0,2.7812,0.606297
-33.92689,37.7559,13.0,10.490089999999999,0.47492029999999996
-32.31843,44.1648,13.0,4.072273,-0.6966305
-32.580740000000006,43.82145,13.0,4.815664,0.5753792
-38.14167,41.20155,13.0,12.534360000000001,0.2938389
-49.67887,44.46813,13.0,19.76071,0.5023042000000001
-66.7666,44.72681,13.0,26.4008,0.23453649999999998
-88.50423,41.93197,13.0,32.68627,0.4174627
-114.9037,42.90931,13.0,38.36792,0.3636085
-141.4328,31.98661,13.0,38.42565,-0.4374777
-147.6291,4.8112900000000005,13.0,40.77552,0.4010351
-144.5385,-27.257240000000003,13.0,45.860209999999995,0.10420789999999999
-154.4752,-54.60827,14.0,31.89635,-0.3141642
-162.0677,-70.2641,14.0,23.552310000000002,0.4166271
-144.4496,-75.64780999999999,14.0,28.96749,0.2362391
-122.2572,-81.22577,14.0,33.77171,0.17437979999999997
-109.4413,-103.3458,14.0,37.097840000000005,0.170434
-121.4106,-127.6931,14.0,39.09137,0.08699822
-144.1411,-128.0911,14.0,24.34075,-1.315008
-145.7686,-120.0254,14.0,1.414204,0.1058529
-146.6702,-119.0224,14.0,1.886929,-0.008215905
-147.4831,-118.0803,14.0,1.441265,-0.03085048
-149.1918,-117.2556,14.0,4.050758,-0.05598483
-150.8548,-117.4348,14.0,1.869329,0.6790578
-147.0783,-114.6944,14.0,10.70173,0.6150329999999999
-145.1162,-104.5319,14.0,18.24469,0.224097
-157.5029,-96.76784,14.0,23.576539999999998,0.2326027
-168.0435,-110.5037,14.0,27.68964,0.22060010000000002
-166.2738,-133.5253,14.0,34.62637,0.2441564
-166.7119,-161.7163,14.0,41.434020000000004,0.4772371
-167.1849,-194.8035,14.0,47.83209,0.44672829999999997
-166.1547,-232.2661,14.0,51.31283,-0.5889158
-149.2926,-254.5247,14.0,26.68416,-2.1665900000000002
-141.73,-251.7968,14.0,4.456841000000001,-0.1408665
-140.9655,-249.4482,14.0,4.1527449999999995,0.5404853000000001
-135.5481,-248.3023,14.0,11.87383,0.7931720999999999
-126.0796,-251.8278,14.0,12.73805,-0.35955349999999997
-120.9401,-246.7148,14.0,11.72171,0.29571590000000003
-123.8631,-234.9131,14.0,20.682920000000003,0.2824719
-126.6675,-216.9408,14.0,28.3193,0.5354353000000001
-127.7636,-193.3273,14.0,35.2812,0.29945370000000004
-113.0416,-179.1349,14.0,25.060589999999998,-1.0188030000000001
-105.3361,-194.3518,14.0,32.01918,1.3633170000000001
-107.4679,-225.6551,14.0,52.107409999999994,0.6329395999999999
-95.57843000000001,-263.67900000000003,14.0,50.2719,-0.6616744000000001
-63.95847,-270.3344,14.0,46.3963,-0.32802420000000004
-48.1266,-244.31,14.0,43.67152,0.3227158
-46.93869,-210.4094,14.0,48.104209999999995,0.2509382
-26.17752,-179.6591,14.0,52.94769,0.17906760000000002
2.807692,-150.6645,14.0,55.55688000000001,-0.35573390000000005
7.568402000000001,-121.1262,14.0,29.238390000000003,-0.774763
-3.9788019999999995,-104.6897,14.0,29.34358,0.22520700000000002
-5.382566000000001,-80.66248,14.0,36.01481,0.23968560000000003
-3.069455,-51.56295,14.0,42.74734,0.468546
-2.213031,-17.49109,14.0,49.05141,0.4571803
-4.466009,20.689529999999998,14.0,51.01062,-1.171215
-26.68422,42.662490000000005,14.0,43.11234,-0.01384277
-60.35418000000001,40.42078,14.0,48.37099,0.20846079999999997
-98.39635,40.37138,14.0,54.28415,0.4127484
-135.4978,38.33142,14.0,39.98488,-1.035212
-145.1997,22.784779999999998,14.0,9.40943,-2.535531
-143.0337,23.32634,14.0,5.78256,-0.33127790000000007
-141.2065,25.587120000000002,14.0,0.6128904000000001,1.341022
-143.7895,22.53666,14.0,8.740317999999998,0.3566917
-149.2465,21.90438,14.0,3.312325,-0.3866123
-148.2092,21.27604,14.0,6.37924,0.6724015
-142.8745,15.4079,14.0,15.11294,0.2908515
-140.7817,1.474795,14.0,23.26462,0.5852845
-142.3439,-18.68829,14.0,31.075309999999998,0.2823064
-141.8462,-35.86855,1.0,5.709512,0.115032
-142.7671,-43.79065,1.0,15.4051,0.5971049
-152.2021,-54.3662,1.0,23.63014,0.6256835000000001
-163.0149,-69.07549,1.0,26.862409999999997,-0.26385559999999997
-148.8336,-74.91377,1.0,24.2377,0.32732100000000003
-136.234,-68.77642,1.0,7.119053,0.01348042
-135.8618,-68.279,1.0,0.02621066,0.0001361702
-135.8432,-68.28171999999999,1.0,0.02411879,0.0008406658
-135.8272,-68.28365,1.0,0.02574752,0.06054405
-136.0828,-70.15025,1.0,4.535507,0.1255178
-135.659,-73.45071,1.0,4.186882,-0.06107931
-136.4023,-76.06756999999999,1.0,3.4858190000000002,-0.008124693
-135.9339,-75.87799,1.0,5.401987999999999,0.6508864000000001
-128.803,-75.2726,1.0,14.20548,0.31292620000000004
-118.2553,-82.56415,1.0,21.689770000000003,0.5745159000000001
-110.8716,-100.0237,1.0,29.272909999999996,0.2388551
-115.2863,-122.7138,1.0,34.81009,0.3576382
-137.8978,-132.6755,1.0,31.25923,-1.454647
-145.878,-118.8407,1.0,21.866870000000002,0.03588513
-138.459,-108.7408,1.0,1.364854,-0.9011216000000001
-138.4581,-108.7232,1.0,0.02034759,-0.01224498
-138.4589,-108.7398,1.0,0.02736979,0.02762157
-141.2316,-108.1089,1.0,7.936400999999999,0.1401944
-145.6612,-110.7305,1.0,2.379241,-1.43711
-144.7681,-108.7405,1.0,7.46972,0.6557041
-146.2767,-100.5786,1.0,15.59566,0.2867168
-157.7001,-95.88107,1.0,16.35926,-0.1906245
-165.5949,-103.2907,1.0,18.980999999999998,1.194684
-167.9046,-122.6194,1.0,32.60191,0.7976652
-166.0373,-148.9663,1.0,40.79076,0.2565885
-164.8169,-175.8026,1.0,32.88551,-0.48605470000000006
-167.9926,-199.3638,1.0,37.39847,1.399802
-166.5233,-228.425,1.0,36.49899,-0.2788941
-157.8773,-249.0002,1.0,26.12874,-0.5668726
-138.2573,-249.3796,1.0,30.06048,0.01032113
-121.8067,-236.4763,1.0,24.737920000000003,-0.36319959999999996
-130.8553,-221.6117,1.0,24.6058,-0.9167255999999999
-123.9721,-207.3474,1.0,20.44246,-0.2587444
-124.6468,-194.1629,1.0,17.4646,-0.3374993
-120.5198,-184.5377,1.0,16.60618,1.031398
-110.925,-190.4876,1.0,16.18123,-0.2742575
-110.0854,-201.3657,1.0,13.868379999999998,-0.04122667
-109.4717,-214.1787,1.0,21.41015,0.28642940000000006
-107.5282,-232.8049,1.0,29.06462,0.5295118000000001
-101.6646,-256.0322,1.0,35.595259999999996,0.37920740000000003
-79.76923000000001,-271.3813,1.0,38.99995,0.0698248
-55.41545,-258.4855,1.0,39.6511,0.008009706
-51.44315,-228.7757,1.0,43.37542,0.32444179999999995
-37.897420000000004,-197.8442,1.0,48.345909999999996,0.1744632
-13.227170000000001,-169.1113,1.0,54.06913,0.4230206
9.876168,-134.2414,1.0,57.77475,-0.6614896
10.80075,-106.4845,1.0,14.51423,-2.742507
9.83495,-104.2873,1.0,0.5469798,-0.006858856
10.2175,-104.5451,1.0,3.434763,0.5059592
14.16809,-106.9314,1.0,8.560541,0.096728
18.47061,-106.9388,1.0,1.275513,-0.3402498
16.161720000000003,-107.6575,1.0,7.626944,0.305134
8.29935,-111.3805,1.0,15.10936,0.2533011
-0.2425998,-105.5712,1.0,19.31326,0.2676732
0.9142636000000001,-88.77111,1.0,25.9853,0.45291850000000006
-4.685472,-67.67560999999999,1.0,32.80507,0.2367485
-5.863665,-40.907740000000004,1.0,39.488440000000004,0.21991039999999998
-6.374936,-9.29323,1.0,45.78614,0.46631670000000003
-7.433128999999999,26.27743,1.0,45.42344,-1.8895330000000001
-19.833289999999998,44.63726,1.0,15.56848,-0.6228204
-29.075840000000003,38.735,1.0,18.39401,0.4884835999999999
-45.07809,39.06783,1.0,25.525170000000003,0.5275999
-66.54765,39.592940000000006,1.0,32.5478,0.253519
-93.1953,39.719570000000004,1.0,39.2913,0.4886182
-124.62799999999999,40.62145,1.0,43.63362,-1.334761
-144.4057,29.81233,1.0,20.96537,-1.547959
-139.7784,24.80385,1.0,9.583947,0.4726433
-137.7517,24.24969,1.0,0.07138985,-0.0134352
-137.7516,24.20838,1.0,0.0491351,0.006589498
-140.1787,24.624779999999998,1.0,7.262433000000001,0.4169649
-147.2729,24.25724,1.0,10.951319999999999,-0.04184003
-151.2061,25.41594,1.0,0.6081879,-0.2790687
-148.938,23.93231,1.0,7.821947,0.2923217
-147.4912,15.79461,1.0,15.232970000000002,0.508825
-151.935,3.052708,1.0,21.38985,0.4250358
-147.6361,-14.68811,1.0,28.00143,0.4826692
-146.3629,-37.68079,2.0,33.990759999999995,0.1953788
-162.5965,-54.24566,2.0,32.84387,-0.23666910000000002
-162.8565,-71.95898000000001,2.0,20.86673,-1.2503090000000001
-156.1433,-69.26937,2.0,8.788157,0.06595046
-155.6983,-68.5276,2.0,0.04711059,-0.04114705
-155.7356,-68.69296,2.0,1.9867860000000002,0.2908139
-156.2922,-71.95345,2.0,5.100933,-0.04951495
-156.957,-75.09024000000001,2.0,1.5076049999999999,-0.7499406
-155.0948,-73.48235,2.0,8.093433000000001,0.6856838000000001
-146.3877,-74.63005,2.0,16.586570000000002,0.3024295
-134.149,-82.05261,2.0,19.43419,-0.3020168
-121.6464,-86.1326,2.0,18.68839,0.44148339999999997
-110.9775,-102.1031,2.0,31.62609,-0.03186645
-118.3011,-123.4208,2.0,33.24146,0.02161026
-139.5075,-129.8031,2.0,26.85407,-1.2807110000000002
-143.1515,-116.8345,2.0,21.80773,0.5939996999999999
-141.6397,-103.4004,2.0,18.74986,0.05519256
-156.2705,-102.6106,2.0,20.34806,-0.2372618
-160.9786,-113.719,2.0,16.50638,0.03127711
-163.7923,-126.5347,2.0,20.15231,0.9344520000000001
-165.3916,-145.0197,2.0,29.055320000000002,0.5672063
-165.3603,-169.4445,2.0,36.64643,0.4087522
-165.7221,-199.2265,2.0,43.71826,0.23887489999999997
-165.1304,-233.9838,2.0,47.45715,-3.973861
-154.7161,-250.9808,2.0,23.30898,0.3877275
-134.8837,-251.3136,2.0,30.484070000000003,0.288326
-126.1629,-235.9009,2.0,25.00733,0.3627488
-125.8526,-214.2242,2.0,34.164770000000004,0.4240592000000001
-125.6546,-188.6331,2.0,23.463620000000002,-3.002155
-117.8058,-184.0382,2.0,13.83097,0.5693539000000001
-110.8075,-193.3127,2.0,20.75155,0.5975094
-109.318,-211.6958,2.0,28.838209999999997,0.5915179
-106.3371,-235.7531,2.0,36.40645,0.5046651
-95.47395,-262.5949,2.0,42.07592,0.1546757
-67.80139,-268.5491,2.0,40.655359999999995,0.1135644
-48.9285,-245.6481,2.0,42.27991,0.021888400000000002
-47.90057,-212.6598,2.0,47.37883,0.324581
-28.43686,-182.4918,2.0,51.83058,0.4677763
-1.2354559999999999,-152.2726,2.0,57.29079,-0.40907309999999997
8.110505,-126.0064,2.0,18.42224,-0.6154366
-2.104942,-114.978,2.0,24.1523,0.5045034
-6.775558999999999,-95.42276,2.0,31.228579999999997,0.26926940000000005
-6.697172,-69.49228000000001,2.0,38.66628,0.5253019
-6.835405000000001,-38.24583,2.0,45.66425,0.4957463
-7.313535000000001,-1.9373529999999999,2.0,52.21056,0.43852299999999994
-10.93211,35.74207,2.0,42.81575,-2.1242799999999997
-25.409679999999998,46.06382,2.0,7.514781,-1.3167950000000002
-25.54897,43.520579999999995,2.0,7.556830000000001,0.30695209999999995
-32.34043,39.85078,2.0,15.686379999999998,0.2948976
-45.57632,46.070840000000004,2.0,23.60775,0.23855140000000002
-65.3745,44.30523,2.0,30.88368,0.5746464
-90.95456,41.689240000000005,2.0,38.28468,0.24838829999999998
-121.88799999999999,40.53526,2.0,45.21313,0.4723880999999999
-148.7916,28.222929999999998,2.0,29.66132,-1.937155
-149.5011,18.91273,2.0,2.250595,0.6909139
-144.9135,18.31717,2.0,10.98168,0.5701724
-144.7941,7.855047,2.0,19.00059,0.5413724
-150.9588,-6.976703,2.0,24.959570000000003,0.2047785
-146.031,-27.59947,2.0,32.2507,0.5578123
-143.026,-39.37713,3.0,11.70471,-0.17395220000000003
-147.1925,-47.4027,3.0,16.102220000000003,0.9266156999999999
-157.8586,-53.4574,3.0,15.37771,-0.2213133
-166.2161,-58.241659999999996,3.0,11.522039999999999,-0.1616266
-165.261,-65.60911999999999,3.0,10.98661,1.265118
-156.5232,-72.27819000000001,3.0,19.07413,0.2570049
-139.5997,-72.43117,3.0,26.6889,0.513734
-120.2941,-80.91724,3.0,26.873990000000003,-0.21633550000000001
-109.2802,-95.07652,3.0,24.22198,0.5473725
-109.3091,-115.2027,3.0,25.846020000000003,-0.2017085
-118.6432,-129.1598,3.0,20.49334,-0.33699409999999996
-134.4028,-133.5074,3.0,24.03029,-0.3565959
-144.1082,-119.1643,3.0,31.15427,1.118674
-155.195,-103.8623,3.0,17.36199,-0.7605863
-165.44400000000002,-109.9412,3.0,20.94217,0.2727386
-168.3149,-128.1491,3.0,28.886020000000002,0.2738137
-169.7524,-152.2947,3.0,36.30431,0.5104945
-167.3653,-181.6649,3.0,43.29218,0.5058031
-164.495,-216.1039,3.0,49.7669,0.2348953
-160.7003,-250.5933,3.0,40.4391,-1.589106
-141.1218,-257.488,3.0,24.97264,-0.02230258
-126.7163,-241.5335,3.0,32.37214,0.15159029999999998
-127.9773,-216.5198,3.0,37.53075,0.3918566
-126.37799999999999,-190.5479,3.0,32.17265,-0.7604698000000001
-113.4918,-178.7174,3.0,22.618679999999998,-0.2374374
-109.8908,-192.6367,3.0,24.41892,0.2429411
-105.5185,-212.4642,3.0,31.60148,0.3552263
-105.5382,-234.7857,3.0,27.683740000000004,-0.39754290000000003
-104.5008,-257.3627,3.0,35.735890000000005,0.157944
-84.09698,-271.7402,3.0,36.495329999999996,0.2491859
-62.902519999999996,-268.8394,3.0,16.349239999999998,-1.161993
-56.34581,-266.8466,3.0,2.852782,-0.4314812
-56.99719,-267.2777,3.0,1.349839,-0.1431309
-56.67273,-266.9701,3.0,3.599908,0.2531453
-53.79365,-263.5256,3.0,7.564310000000001,0.13569979999999998
-48.70935,-263.0784,3.0,5.127398,-0.4345782999999999
-48.66707,-262.8367,3.0,5.029977,0.6512293
-50.11523,-256.2656,3.0,13.31514,0.3126074
-46.989909999999995,-243.7969,3.0,21.271710000000002,0.5545720000000001
-44.04858,-225.5325,3.0,28.64162,0.264518
-41.30599,-201.8029,3.0,35.627590000000005,0.2349873
-27.926170000000003,-178.2459,3.0,39.99623,0.4726826
-7.6842619999999995,-158.5251,3.0,28.72017,-1.627086
5.828034,-147.9607,3.0,20.31106,-0.3562515
11.81794,-136.6147,3.0,15.427370000000002,-0.3101507
8.900296,-125.6492,3.0,18.31577,0.26371459999999997
-0.9161507999999999,-112.6627,3.0,25.6517,0.5291616
-8.507759,-92.36948000000001,3.0,32.6577,0.5056436
-10.320689999999999,-65.95609,3.0,39.06623,0.21805360000000001
-6.286075,-34.83909,3.0,45.36137,0.4485089
-3.4053379999999995,-2.35938,3.0,38.15303,-2.201189
-4.5902709999999995,13.42,3.0,7.3047580000000005,-1.7549400000000002
-5.2702860000000005,17.32285,3.0,9.032642,0.6358639
-7.69913,26.8563,3.0,17.439239999999998,0.5831259
-17.10856,38.966120000000004,3.0,24.61294,0.24142129999999998
-36.7276,45.07159,3.0,31.24675,0.5119187
-62.473240000000004,44.72569,3.0,38.18262,0.49284449999999996
-93.15159,43.07013,3.0,44.7619,0.4655361
-126.79799999999999,39.55444,3.0,43.531420000000004,-0.6863095
-149.8037,25.75737,3.0,34.35875,-0.3277025
-143.7497,2.248625,3.0,34.75728,0.140899
-144.97,-25.44664,3.0,40.40696,0.2465156
-149.6243,-51.73722,4.0,24.62525,-2.220743
-163.5201,-54.90578000000001,4.0,19.632920000000002,-0.08723939
-165.7616,-66.84467,4.0,21.64281,0.44460839999999996
-149.0115,-72.63123,4.0,28.008229999999998,0.5434368
-126.7899,-77.7356,4.0,34.31536,0.41721909999999995
-109.53,-98.26019000000001,4.0,39.22762,0.1596031
-116.3285,-124.3253,4.0,37.486270000000005,-0.07351071
-139.3849,-130.5111,4.0,31.65186,-0.35339440000000005
-143.9925,-110.0621,4.0,31.344,-0.09627887
-154.3921,-98.83724000000001,4.0,16.04626,-0.26477470000000003
-165.2039,-108.2644,4.0,24.04243,0.4901579000000001
-169.0564,-128.3653,4.0,31.31982,0.5445206
-169.92,-153.9796,4.0,38.04218,0.239075
-167.033,-184.5425,4.0,44.64281,0.22260429999999998
-163.7944,-219.7069,4.0,49.43318,-0.0032733209999999996
-160.2079,-249.231,4.0,22.59301,-2.733004
-147.99200000000002,-256.9865,4.0,21.29659,0.2788175
-132.0539,-253.442,4.0,25.35752,0.2998075
-125.5654,-233.0322,4.0,32.27817,0.2183737
-128.436,-207.2906,4.0,38.346379999999996,0.393687
-121.1553,-180.2841,4.0,36.60487,-0.8122716
-100.6451,-182.1303,4.0,25.95675,-0.340896
-106.9465,-194.7423,4.0,22.83064,0.27452529999999997
-114.5546,-201.5395,4.0,0.8093538,-0.7883089
-114.555,-201.5549,4.0,0.01101624,0.01370056
-113.4283,-201.7868,4.0,4.165164,0.04261259
-109.9283,-199.4747,4.0,5.624048,-0.6934756999999999
-109.6718,-198.5175,4.0,2.604937,0.5577880999999999
-108.9736,-203.0627,4.0,9.740739,0.2428743
-106.9923,-212.6392,4.0,16.495639999999998,0.4710985
-105.1884,-227.0696,4.0,22.71624,0.2070987
-105.9295,-246.0991,4.0,28.466209999999997,0.3522417
-96.91701,-266.2697,4.0,32.38007,0.08465699
-73.49953000000001,-271.2999,4.0,35.09882,0.2802637
-51.6274,-256.8427,4.0,37.01101,-0.06947114
-49.2831,-228.6778,4.0,40.33651,0.15922979999999998
-41.69092,-198.4035,4.0,44.5054,0.1423647
-20.94979,-171.9919,4.0,46.712920000000004,-0.0450874
1.060603,-152.1753,4.0,26.0783,-2.262712
11.50049,-140.8385,4.0,17.575329999999997,-0.2626788
10.140189999999999,-127.561,4.0,23.45022,0.378724
-1.8146849999999999,-112.2411,4.0,28.870959999999997,0.33913920000000003
-9.028928,-90.11834,4.0,34.04423,0.1814225
-10.34528,-63.14666999999999,4.0,39.015640000000005,0.3423724
-5.29106,-32.902879999999996,4.0,43.7456,0.33988509999999994
-1.5290270000000001,0.8703289000000001,4.0,47.821670000000005,0.1743115
-9.461136,31.05017,4.0,26.914609999999996,-0.6848861999999999
-27.03585,42.62395,4.0,31.34848,0.1647887
-52.02329,43.47909,4.0,36.36185,0.1836025
-80.83655999999999,43.2665,4.0,41.39216,0.3506758
-112.6892,40.85925,4.0,42.94805,-0.3284736
-136.4668,37.46503,4.0,15.07685,-0.22228240000000002
-145.3753,29.71347,4.0,19.2164,0.41721909999999995
-147.9411,13.70227,4.0,24.92989,0.2083835
-144.2569,-6.541059,4.0,30.6349,0.4131444
-141.856,-30.96828,4.0,34.78518,-0.23018579999999997
-151.7239,-49.86575,5.0,26.606440000000003,0.3312334
-168.2774,-60.88137,5.0,23.21272,-0.6473494000000001
-161.0755,-69.58385,5.0,16.2786,-0.3883895
-147.3223,-71.39005999999999,5.0,22.74608,0.4275057
-128.9099,-76.25165,5.0,28.55213,0.3698328
-111.1474,-89.97182,5.0,32.81245,0.2039941
-109.8211,-114.2015,5.0,33.878190000000004,-0.10340810000000002
-124.0983,-132.2984,5.0,29.6159,-0.9606169
-140.6135,-127.559,5.0,23.440089999999998,0.1538838
-147.0049,-109.6545,5.0,28.27719,0.3432507
-162.915,-100.9559,5.0,19.78087,-1.3817709999999999
-164.5262,-112.0588,5.0,17.04938,0.37443990000000005
-166.965,-127.4341,5.0,25.43832,1.216633
-168.4261,-152.8741,5.0,43.59722,0.46527170000000007
-165.1094,-187.5877,5.0,49.84758,0.2441053
-164.3121,-222.0971,5.0,33.42157,-1.243708
-163.245,-239.1481,5.0,19.105520000000002,-0.4271632000000001
-159.564,-250.5629,5.0,14.928379999999999,0.1031151
-148.6077,-259.2935,5.0,24.213079999999998,0.2086465
-131.2146,-252.4592,5.0,30.9796,0.8135269
-125.4387,-225.9226,5.0,41.19336,0.496446
-128.7212,-199.2025,5.0,23.07159,-2.0394970000000003
-125.0299,-185.8241,5.0,15.73589,-0.23966959999999998
-112.2078,-182.5185,5.0,23.373520000000003,0.6077838000000001
-102.5202,-196.6674,5.0,27.319409999999998,0.3143154
-103.4724,-220.6715,5.0,36.02476,0.26898540000000004
-105.6173,-247.4755,5.0,33.882690000000004,-0.31959299999999996
-97.07439000000001,-267.318,5.0,30.094240000000003,0.23135799999999998
-74.31576,-271.6325,5.0,34.00967,0.1440141
-53.457240000000006,-257.6801,5.0,36.04803,0.1483856
-47.99021,-229.97400000000002,5.0,40.459920000000004,0.3815166
-42.238040000000005,-198.8184,5.0,45.022220000000004,0.2858031
-23.2312,-170.6951,5.0,47.9253,0.2755039
-3.7730660000000005,-156.6251,5.0,14.49342,-0.35812209999999994
3.654975,-151.5558,5.0,9.881253,-0.29916370000000003
8.138536,-147.7105,5.0,6.581055999999999,0.5162882000000001
12.40144,-141.5201,5.0,13.554070000000001,0.45212129999999995
11.49724,-129.5959,5.0,19.554289999999998,0.20623779999999997
1.7706560000000002,-116.0533,5.0,25.44161,0.1878614
-6.996439,-97.13779,5.0,30.922490000000003,0.3850245
-10.69544,-72.65369,5.0,36.046640000000004,0.1665806
-6.979991,-44.41435,5.0,40.89974,0.1715304
-2.029992,-12.75279,5.0,45.6104,0.325773
-3.672888,16.37227,5.0,29.52385,-1.490325
-7.3651740000000006,26.59995,5.0,11.56086,0.9499393
-13.91274,36.52639,5.0,19.310979999999997,0.20467739999999998
-28.405340000000002,43.97786,5.0,25.0133,0.37347329999999995
-48.910990000000005,45.27867,5.0,30.60851,0.3895493
-73.58870999999999,44.567840000000004,5.0,36.01921,0.3822158
-102.1448,42.90082,5.0,41.06613,0.3517814
-129.8208,39.94435,5.0,26.83217,-3.260889
-143.0462,32.7947,5.0,22.73003,0.1888432
-148.0909,14.86312,5.0,28.012620000000002,0.3707741
-143.9811,-7.385867999999999,5.0,33.31646,0.3673366
-142.33700000000002,-32.58753,5.0,30.284409999999998,-0.5355104
-146.1861,-44.96902,6.0,13.08509,0.9069417
-155.6137,-53.8667,6.0,18.01499,-0.4117742999999999
-165.21400000000003,-59.252559999999995,6.0,12.326830000000001,-0.1884086
-162.9556,-69.63688,6.0,20.37547,0.7137427
-144.8559,-71.70241999999999,6.0,32.32738,0.5121568
-119.5572,-81.27003,6.0,41.7627,0.24090860000000003
-110.4234,-106.3104,6.0,33.969879999999996,-0.5757757
-116.8047,-118.6416,6.0,10.8061,-0.1501185
-121.1051,-129.0782,6.0,19.603620000000003,-0.2575369
-132.8113,-133.9998,6.0,20.07439,0.42658440000000003
-144.0696,-122.8464,6.0,25.41367,0.498799
-148.1511,-106.3368,6.0,11.743089999999999,-2.073834
-152.9267,-102.3869,6.0,10.48245,0.7046769
-163.0194,-101.9083,6.0,15.7776,-0.2008971
-167.1922,-114.1198,6.0,23.2071,0.5165842
-168.7371,-136.4312,6.0,36.77659,0.8155169
-168.4535,-168.0898,6.0,48.18274,0.7779161
-164.9954,-206.9622,6.0,53.597809999999996,-0.8774644
-163.3307,-242.39700000000002,6.0,39.97291,-0.8644539000000001
-149.3942,-258.1843,6.0,24.524520000000003,-0.5678784
-134.4263,-254.5333,6.0,19.50921,0.2066611
-125.9786,-239.5349,6.0,26.766309999999997,0.39532540000000005
-125.6675,-217.7839,6.0,32.120059999999995,0.3849585
-128.7266,-192.6906,6.0,31.616529999999997,-1.516271
-119.8506,-182.0829,6.0,19.12412,0.1785138
-106.3957,-189.1913,6.0,23.737920000000003,0.3271429
-102.5628,-208.0209,6.0,28.925590000000003,0.1894959
-104.9412,-231.4361,6.0,34.41069,0.40043390000000006
-104.1647,-258.6272,6.0,38.709309999999995,0.02570898
-83.53349,-272.5647,6.0,32.77169,-0.7762811
-62.858230000000006,-267.6512,6.0,24.974,-0.25881679999999996
-50.701190000000004,-256.3797,6.0,25.97684,1.017158
-46.538990000000005,-234.7575,6.0,32.45662,0.19193310000000002
-43.4527,-208.9248,6.0,37.73973,0.35484540000000003
-34.42001,-181.3736,6.0,40.80209,0.03661632
-10.49436,-162.7571,6.0,35.58806,-3.3295660000000002
1.953685,-153.2237,6.0,13.1077,-0.3462192
8.737871,-147.2014,6.0,12.763689999999999,0.2848406
12.88413,-136.80700000000002,6.0,19.33162,0.6521897
5.19459,-121.6328,6.0,29.12596,1.1179350000000001
-7.114945,-98.22363,6.0,43.17415,1.004224
-9.255342,-61.51686,6.0,55.88241,0.8747348
-2.260447,-17.86068,6.0,62.07626,-0.06784325
-4.702989,18.11739,6.0,28.727159999999998,-2.749663
-11.24944,33.12932,6.0,22.519370000000002,0.22985909999999998
-27.485329999999998,43.58879,6.0,31.91603,0.9022136000000001
-56.236880000000006,45.120090000000005,6.0,46.43755,0.5413618
-95.98735,43.43343,6.0,60.04509,0.3604153
-124.1336,39.96245,6.0,15.7478,-1.819506
-134.0459,37.94988,6.0,15.89034,0.5455022
-146.2797,28.642609999999998,6.0,24.48992,0.3131445
-147.0408,8.671441,6.0,29.81695,0.40314099999999997
-142.3875,-15.03418,6.0,35.19905,0.38832009999999995
-141.9388,-34.80608,7.0,7.642686,0.5125973
-143.4311,-42.90003,7.0,14.44573,0.45966599999999996
-152.3896,-51.70993,7.0,20.31905,0.41298909999999994
-166.354,-60.20074,7.0,22.148789999999998,-0.31238509999999997
-166.0998,-72.75261,7.0,15.64548,-0.05919879
-154.9716,-76.9989,7.0,18.40608,0.2738142
-140.8446,-73.33421,7.0,20.4091,0.21941420000000003
-124.8969,-75.70177,7.0,24.21389,0.47742049999999997
-110.34100000000001,-90.75712,7.0,31.20492,0.2233516
-110.3935,-114.5352,7.0,34.58875,0.17983220000000003
-130.0106,-131.1373,7.0,37.01575,0.05814282
-147.6195,-123.7065,7.0,17.21927,-1.088933
-143.4821,-115.9898,7.0,11.22954,0.7300618000000001
-146.5331,-105.2181,7.0,16.798270000000002,-0.36968049999999997
-158.3437,-101.7567,7.0,20.06128,0.2375685
-166.31599999999997,-113.5605,7.0,19.83628,-0.03514478
-166.0338,-129.6841,7.0,25.36252,0.596734
-168.8025,-153.1034,7.0,38.994409999999995,0.9962937
-169.7943,-186.7441,7.0,51.57574,0.8480781
-169.0841,-226.1247,7.0,49.265370000000004,-0.432566
-158.6289,-251.3276,7.0,29.00784,-0.8478806000000001
-141.0376,-254.0826,7.0,21.55327,-0.1519573
-127.3249,-245.581,7.0,24.07979,0.408976
-125.9521,-224.3317,7.0,32.53352,0.3941421
-126.1859,-198.2702,7.0,37.79295,0.1748759
-118.9881,-179.8147,7.0,15.37376,-0.6673972
-110.5391,-186.3633,7.0,19.548170000000002,0.4401673
-109.0042,-202.9796,7.0,25.55051,0.44184300000000004
-108.6711,-224.0277,7.0,31.239859999999997,0.21264829999999998
-106.51299999999999,-248.9415,7.0,36.0752,0.12715810000000002
-89.17541999999999,-269.7181,7.0,38.85383,0.1661655
-61.47428000000001,-268.4445,7.0,39.32014,-0.01005919
-49.5909,-242.8894,7.0,40.73214,0.3351834
-46.50166,-211.2401,7.0,44.91384,0.0511536
-26.97455,-183.7888,7.0,47.96393,0.3392812
-2.103798,-156.0059,7.0,52.840430000000005,-0.33635290000000007
9.201233,-130.1871,7.0,25.32998,-0.3546163
-0.2861732,-113.8376,7.0,29.948790000000002,0.39794359999999995
-5.718516,-89.57632,7.0,41.1832,0.6334359
-1.3480940000000001,-52.6622,7.0,58.70101999999999,1.171807
-1.6205969999999998,-4.450036,7.0,65.68449,-1.07018
-8.201378,35.10875,7.0,37.898109999999996,-1.299899
-29.09266,41.340709999999994,7.0,33.54343,0.6410249
-57.81816,40.511990000000004,7.0,41.671929999999996,0.3589796
-90.50842,40.56766,7.0,46.38367,0.32805120000000004
-126.4331,41.037409999999994,7.0,49.11412,-0.5457848000000001
-147.3213,26.95497,7.0,28.0858,0.06282186
-145.445,4.493098000000001,7.0,32.98478,0.20204270000000002
-145.3254,-21.90179,7.0,38.23468,0.3817731
-151.7063,-50.01469,8.0,37.74302,-0.8924251
-168.0036,-64.16946999999999,8.0,20.37187,-0.6642223
-160.088,-78.0649,8.0,27.21707,0.1559243
-138.6719,-77.16209,8.0,31.7372,0.27183
-117.5193,-87.31929000000001,8.0,34.48478,0.2572991
-111.2637,-112.2164,8.0,36.90314,0.05823215
-129.6702,-131.2488,8.0,37.92328,0.0038821209999999997
-146.5553,-128.0172,8.0,5.919862999999999,-2.18782
-144.3635,-125.7527,8.0,8.106935,0.5308489000000001
-141.7845,-117.9771,8.0,14.64926,0.24018209999999998
-147.9994,-106.709,8.0,20.64922,0.389545
-163.2183,-104.0451,8.0,23.54547,0.04071132
-167.3676,-120.9896,8.0,27.1565,0.4289153
-167.662,-143.0869,8.0,32.50747,0.3884543
-171.25099999999998,-168.8017,8.0,37.58635,0.3172243
-169.3331,-198.4796,8.0,42.41602,0.3401758
-168.1936,-231.5883,8.0,46.943000000000005,0.09396221
-151.9926,-256.2106,8.0,36.695209999999996,-0.7057644000000001
-132.1588,-248.6785,8.0,28.099590000000003,0.567651
-127.0797,-226.6397,8.0,33.64123,0.1972015
-127.0281,-199.769,8.0,38.82269,0.35124540000000004
-117.6746,-179.6951,8.0,18.39934,-1.485997
-108.3642,-185.886,8.0,18.71537,0.1976239
-106.8289,-201.8525,8.0,24.73924,0.4238925
-106.1927,-222.4047,8.0,30.502840000000003,0.1999957
-104.7711,-246.9324,8.0,35.68111,0.30202249999999997
-89.92793,-269.0635,8.0,38.19954,0.1566072
-62.93683000000001,-268.837,8.0,38.72097,0.1755131
-48.13306,-244.8118,8.0,40.54591,0.15103270000000002
-45.523720000000004,-213.1647,8.0,45.11096,0.27834899999999996
-28.4678,-185.0079,8.0,46.766709999999996,0.34261620000000004
-3.764742,-158.4857,8.0,51.01477,0.2537532
8.666753,-128.5629,8.0,36.05973,-0.9952329
-4.8234449999999995,-106.007,8.0,39.9786,-0.1905373
-3.9311239999999996,-77.12611,8.0,41.62038,0.1608838
-1.261372,-44.63885,8.0,46.20837,0.1512914
-1.6360290000000002,-8.769708999999999,8.0,50.642540000000004,0.3233454
-5.779269,29.085390000000004,8.0,46.5762,-1.848216
-23.64399,42.749340000000004,8.0,16.33193,-1.315785
-26.56427,39.153729999999996,8.0,7.712145,0.23232020000000003
-33.577220000000004,37.95986,8.0,14.026229999999998,0.4640623
-42.48435,46.970620000000004,8.0,20.19806,0.41508720000000005
-48.0288,48.58657,8.0,0.02184565,0.01130535
-48.082,48.38319,8.0,2.078881,0.5007568
-48.34681,45.32788,8.0,5.334998000000001,0.02063149
-47.128640000000004,43.27496,8.0,1.425757,0.7065956999999999
-50.98434,45.701840000000004,8.0,10.70926,0.6116564
-61.97315,45.65385,8.0,19.32487,0.6025971
-79.22708,43.585390000000004,8.0,27.445840000000004,0.5799732
-102.2912,42.28492,8.0,34.920590000000004,0.2607575
-130.4168,42.99061,8.0,40.02335,-0.12530940000000002
-144.4265,20.30172,8.0,40.03521,0.3015179
-145.8799,-12.59858,8.0,48.5921,0.4459825
-141.9874,-34.23539,9.0,2.8504490000000002,-0.06201939
-142.5611,-37.21463,9.0,9.546492,0.6810831
-146.3009,-46.03763,9.0,13.4612,-0.20714629999999998
-153.0444,-51.78585,9.0,11.769739999999999,0.46407370000000003
-162.63299999999998,-54.96078000000001,9.0,12.63724,-0.23277609999999999
-166.9274,-61.5164,9.0,10.17197,0.17456649999999999
-161.0755,-71.42579,9.0,21.1493,-0.2827865
-147.639,-73.23824,9.0,16.74365,-0.24066089999999998
-135.8069,-73.29359000000001,9.0,18.991239999999998,0.6461354
-119.3551,-80.26283000000001,9.0,25.69456,0.03488046
-108.536,-95.92992,9.0,26.40602,-0.13821029999999998
-107.9553,-111.9439,9.0,12.87133,-0.1875375
-110.5881,-120.2253,9.0,12.348989999999999,0.9899322
-118.7312,-131.525,9.0,21.28497,-0.1823833
-131.9364,-134.8113,9.0,16.74661,-0.2867579
-141.8864,-128.5576,9.0,19.73547,1.44811
-148.0186,-111.5778,9.0,28.37065,0.2753657
-156.9214,-99.56376999999999,9.0,15.154520000000002,-0.19093510000000002
-164.8442,-104.0152,9.0,15.193010000000001,0.9337876
-167.8988,-120.7927,9.0,30.45577,1.006546
-168.8615,-148.2606,9.0,42.57047,0.5408821999999999
-167.2432,-181.5567,9.0,46.98901,0.206724
-163.9968,-215.6545,9.0,42.812329999999996,-0.5673205
-162.1953,-242.40900000000002,9.0,28.11125,-0.24091020000000002
-152.3349,-257.2456,9.0,21.89819,-0.1891266
-138.8052,-259.3582,9.0,17.497,0.30858209999999997
-127.8793,-246.1284,9.0,30.903170000000003,1.080295
-125.7008,-220.0004,9.0,36.54492,-0.5025206
-128.7859,-197.9286,9.0,19.792939999999998,-1.561192
-127.1876,-186.7308,9.0,13.57325,-0.2755805
-117.6782,-181.6318,9.0,19.0744,0.1449981
-105.8065,-186.8395,9.0,15.901420000000002,-0.15438020000000002
-102.4922,-198.9458,9.0,23.14667,1.195336
-103.7353,-221.0709,9.0,35.10651,0.6030892
-105.9499,-248.3299,9.0,36.44579,-0.20164279999999998
-94.1888,-270.1362,9.0,32.791779999999996,-0.1348402
-70.62209,-271.6243,9.0,32.4968,-0.06254473
-52.5924,-256.9073,9.0,33.296490000000006,0.3359176
-47.12149,-231.7602,9.0,35.980290000000004,0.1787741
-42.822520000000004,-205.0373,9.0,35.49593,-0.08443714
-34.475970000000004,-181.9387,9.0,30.85959,-0.36565679999999995
-19.61411,-167.7308,9.0,25.03652,-0.1806546
-5.604998999999999,-158.2576,9.0,21.16327,-0.14232910000000001
6.155434,-150.0699,9.0,18.08755,0.06823786
12.71764,-136.8052,9.0,23.77354,0.3342345
4.112533,-119.9376,9.0,28.6649,0.2268172
-7.123805,-101.5084,9.0,29.768929999999997,0.05289958
-11.11665,-79.53907,9.0,31.10243,0.1667891
-9.583599000000001,-54.99191,9.0,34.732079999999996,0.0579692
-5.0522730000000005,-29.11198,9.0,36.066559999999996,0.08175077
-1.828107,-2.4054290000000003,9.0,35.1664,-0.5059244
-4.774814,18.93291,9.0,23.811999999999998,-0.6183482
-10.49483,32.86006,9.0,19.97952,0.6268231
-25.89498,43.548120000000004,9.0,29.46538,0.2421973
-50.14865,44.395140000000005,9.0,36.48806,0.5151422
-79.75769,44.22365,9.0,43.49925,0.2448654
-114.2763,41.81926,9.0,48.20629,-0.1253406
-142.2509,34.44733,9.0,34.692009999999996,0.3096633
-144.8943,10.06598,9.0,37.0947,0.26261490000000004
-141.9521,-19.471420000000002,9.0,40.63528,-1.168175
-144.9398,-39.327729999999995,10.0,16.691589999999998,-0.2433385
-151.9671,-50.95559,10.0,19.471510000000002,-0.1824945
-163.3904,-56.885369999999995,10.0,15.565029999999998,-0.288882
-166.5629,-65.89217,10.0,15.309479999999999,0.31563850000000004
-156.6404,-73.19984000000001,10.0,17.89159,0.06564131
-143.08700000000002,-72.51487,10.0,17.89659,-0.17200020000000002
-128.9737,-75.40235,10.0,24.57351,0.5878534000000001
-112.1827,-87.47946,10.0,31.52205,0.40865999999999997
-107.8791,-111.8185,10.0,36.753,0.009468138000000001
-119.0869,-130.2421,10.0,23.64413,-0.20422
-134.0273,-133.439,10.0,18.653570000000002,-0.1808751
-143.7841,-124.7383,10.0,21.505020000000002,0.6106444999999999
-148.4192,-107.7555,10.0,20.78313,-3.114202
-151.9296,-103.0375,10.0,8.245614999999999,0.5839298
-160.2447,-100.7324,10.0,15.604079999999998,0.4619985
-167.3227,-111.55,10.0,21.851999999999997,0.5221747
-168.5317,-130.3885,10.0,28.93123,0.4963505999999999
-168.8246,-154.3989,10.0,35.03253,0.06586828
-167.9851,-181.7615,10.0,38.86169,0.131269
-165.0838,-210.6909,10.0,37.01181,-0.28269229999999995
-163.7607,-235.2763,10.0,29.71237,-0.4672854
-157.52100000000002,-253.1804,10.0,22.682270000000003,-0.22813490000000003
-143.1605,-259.7502,10.0,23.81354,0.08420542
-129.806,-249.5341,10.0,25.25929,0.4389072
-124.5995,-230.3068,10.0,28.647440000000003,0.2052005
-127.0299,-208.3848,10.0,28.614420000000003,-0.2367121
-127.9859,-192.7391,10.0,16.114810000000002,-0.3126033
-124.5589,-183.5179,10.0,11.76785,0.1416922
-113.9197,-182.3316,10.0,17.75674,0.22316039999999998
-103.8881,-190.2088,10.0,18.42458,0.1481799
-103.3317,-204.6996,10.0,20.90699,0.134075
-104.366,-220.6811,10.0,21.77449,-0.01488489
-105.8189,-238.4992,10.0,27.581570000000003,0.22616950000000002
-103.8187,-260.0319,10.0,29.64635,-0.1595204
-86.22654,-272.626,10.0,34.4198,0.212519
-59.80849,-266.5712,10.0,38.612109999999994,-0.1017907
-48.8961,-240.9408,10.0,41.28888,0.2753751
-44.1292,-209.482,10.0,41.996590000000005,-0.6316437
-34.78683,-183.3474,10.0,33.34046,-0.2964482
-19.34178,-168.0249,10.0,26.25086,-0.43330920000000006
-7.064073,-159.4037,10.0,13.0518,-0.26972979999999996
2.709235,-152.5121,10.0,20.725820000000002,-0.24762129999999996
12.44435,-141.8169,10.0,21.11073,0.3163857
7.82758,-124.3557,10.0,28.6549,0.4406137
-5.94873,-105.7798,10.0,34.3823,0.42574490000000004
-10.42709,-81.1329,10.0,30.65928,-0.5084938
-9.091334,-56.40609,10.0,36.675909999999995,0.23950529999999998
-5.12526,-27.13856,10.0,42.82155,0.20660520000000002
-2.067741,6.426579,10.0,48.20898,0.3353343
-14.140839999999999,37.24013,10.0,42.67481,-0.1164299
-45.00817,45.1014,10.0,45.873290000000004,0.17528870000000002
-81.01604,44.27271,10.0,51.28085,0.178582
-119.5189,40.64052,10.0,47.38462,-1.507378
-146.2422,29.43908,10.0,37.87682,-0.37160390000000004
-144.3045,2.8361330000000002,10.0,39.353429999999996,0.2083231
-142.6582,-27.122909999999997,10.0,37.15502,-0.7861788000000001
-152.306,-50.50206,11.0,35.89525,0.1997016
-169.8156,-69.30809,11.0,29.25086,-1.377979
-161.5558,-80.60938,11.0,19.714170000000003,0.05613142
-148.8196,-70.29016999999999,11.0,25.01255,0.153398
-130.0289,-75.16525,11.0,30.137529999999998,0.4994948
-112.8108,-90.42213000000001,11.0,29.636459999999996,0.3452809
-110.4814,-114.2659,11.0,35.02194,-0.10928689999999999
-123.9073,-131.5452,11.0,27.1006,0.32652509999999996
-142.9143,-125.8067,11.0,31.053409999999996,-0.08042859
-146.44899999999998,-104.9578,11.0,15.468029999999999,-1.448202
-154.8297,-100.5497,11.0,19.08659,0.7461083000000001
-166.5107,-110.5064,11.0,24.98496,0.1873599
-166.0198,-131.3549,11.0,31.54063,0.4843232
-168.4456,-157.0071,11.0,37.82059,0.4158062
-166.3487,-187.108,11.0,43.802890000000005,0.43057349999999994
-163.707,-221.4894,11.0,47.74068,-0.20402160000000003
-158.2227,-251.2976,11.0,32.19408,-1.382702
-139.466,-259.6916,11.0,30.3727,0.06420627
-126.9652,-242.75,11.0,32.43748,0.46274979999999993
-126.0614,-216.3933,11.0,38.4668,0.44221459999999996
-127.12299999999999,-189.4548,11.0,34.3774,-0.2934065
-111.3008,-180.8432,11.0,24.91294,-0.38634850000000004
-107.5226,-198.023,11.0,27.88867,0.48102159999999994
-105.5557,-220.8158,11.0,33.98657,0.22979410000000003
-106.8958,-248.2332,11.0,39.74459,0.1405195
-90.53286,-271.4198,11.0,39.17985,-0.08728456
-61.355509999999995,-267.4566,11.0,42.18571,-0.01161955
-47.55109,-240.9634,11.0,43.49879,0.20998470000000002
-42.70852,-206.907,11.0,49.161429999999996,0.3634974
-26.32742,-173.8221,11.0,50.58788,-1.353774
-1.3538459999999999,-156.6919,11.0,34.69378,-0.9574844000000001
11.94308,-139.711,11.0,25.37932,-0.4581635
7.11385,-123.0149,11.0,26.349659999999997,0.500546
-5.181563,-104.9867,11.0,32.5547,0.42525050000000003
-10.13005,-79.13541,11.0,38.731809999999996,0.4213093
-8.207658,-48.38945,11.0,44.49736,0.42583290000000007
-2.2805020000000003,-13.868139999999999,11.0,50.009009999999996,0.1762517
-6.011172,24.27039,11.0,51.1926,-0.7967383000000001
-31.57375,45.539609999999996,11.0,46.10788,-0.014862100000000001
-67.28138,42.64263,11.0,50.9227,0.40572709999999995
-106.9349,41.2978,11.0,55.89245,-0.06637622
-141.6529,33.92573,11.0,43.03004,-0.3798984
-148.0191,6.308717,11.0,40.996190000000006,0.4198964
-142.2804,-25.43166,11.0,45.52171,-0.29296869999999997
-152.1273,-50.551590000000004,12.0,28.59965,-0.9627674
-168.4742,-61.38094,12.0,26.82191,-0.7390890999999999
-157.8401,-72.27731,12.0,25.06452,0.4490964
-136.9748,-72.00865,12.0,31.457259999999998,0.4152661
-114.9762,-83.96694000000001,12.0,36.74137,0.29633259999999995
-107.0523,-109.9625,12.0,35.92172,-1.497737
-119.7305,-127.7428,12.0,28.32331,-0.2568323
-136.8367,-132.6952,12.0,21.14303,-0.3522022
-146.2479,-119.0931,12.0,26.678690000000003,0.5082895000000001
-153.6716,-101.6487,12.0,22.07068,-0.5906781
-166.4093,-105.865,12.0,21.27325,0.3229303
-167.2136,-126.6029,12.0,34.760220000000004,0.4525005999999999
-169.0236,-154.4648,12.0,40.5776,0.17642729999999998
-166.7463,-186.7241,12.0,46.37608,0.41956000000000004
-164.6898,-223.058,12.0,51.67225,0.100311
-156.0012,-254.6569,12.0,37.26805,-1.489549
-135.8193,-254.1723,12.0,28.70369,0.23352420000000002
-127.4773,-232.9592,12.0,33.77041,0.45877340000000005
-126.5172,-206.0123,12.0,35.465090000000004,-1.121047
-124.1455,-182.7533,12.0,30.54233,-0.3192967
-107.0761,-185.7375,12.0,24.65485,-0.1457735
-110.1865,-204.8249,12.0,29.34715,0.2181335
-109.5753,-229.02700000000002,12.0,35.89302,0.45304390000000005
-104.4228,-257.2948,12.0,41.531279999999995,0.09217764
-80.81312,-271.8009,12.0,39.73076,0.1236057
-51.90155,-261.5788,12.0,42.28904,-0.6545033
-48.35987,-236.3196,12.0,32.25598,-0.09878082
-53.05061,-219.6651,12.0,9.948808,-1.6036030000000001
-53.284780000000005,-215.2962,12.0,3.350847,-0.8450304
-52.84158000000001,-216.1138,12.0,5.743225,0.5743725000000001
-46.836040000000004,-218.5564,12.0,13.050939999999999,0.41203609999999996
-42.01291,-209.3897,12.0,13.85259,-0.270381
-41.44279,-198.6649,12.0,19.05767,0.5243489
-36.370740000000005,-182.8325,12.0,25.98668,0.46627250000000003
-21.19122,-167.6608,12.0,32.39147,0.46740740000000003
1.188859,-153.8521,12.0,37.65221,-0.2477368
12.27556,-131.9171,12.0,28.95235,-0.2111448
-0.1835227,-111.9937,12.0,38.788000000000004,0.60219
-10.51805,-79.73525,12.0,51.989340000000006,0.312692
-6.249346,-39.80793,12.0,56.66976,0.1778816
-2.327234,3.263832,12.0,56.427690000000005,-1.7189459999999999
-10.652000000000001,32.115159999999996,12.0,34.10303,0.41933909999999996
-32.92624,45.65984,12.0,38.02467,0.13245610000000002
-62.9427,44.28569,12.0,43.47927,0.44060790000000005
-97.26016,43.3273,12.0,49.093579999999996,0.3980238
-133.8335,38.97988,12.0,47.80735,0.1888942
-153.0694,18.81711,12.0,20.483439999999998,-3.975602
-153.7003,12.58,12.0,1.8151150000000003,0.31015529999999997
-149.3632,11.75993,12.0,10.18699,0.2651942
-146.4371,2.1664950000000003,12.0,17.822570000000002,0.2685896
-144.4044,-13.66854,12.0,25.11441,0.5153837
-141.8968,-33.42323,13.0,3.327348,0.31597309999999995
-142.9805,-38.87679,13.0,11.60096,0.580435
-149.239,-48.264559999999996,13.0,19.10341,0.507548
-163.4922,-56.90525,13.0,25.58496,0.2726967
-165.1066,-71.90233,13.0,18.364829999999998,-0.424701
-152.74,-76.0526,13.0,20.54045,0.40586279999999997
-138.0613,-72.31056,13.0,18.347,-0.2359569
-122.2884,-75.75858000000001,13.0,25.67091,0.477488
-108.8087,-91.43731,13.0,31.35424,0.20783829999999998
-109.6897,-115.7633,13.0,35.79068,0.25893760000000005
-130.9245,-132.2581,13.0,37.84411,-0.7938143
-146.0754,-124.4843,13.0,12.746889999999999,-1.873774
-141.3555,-123.0598,13.0,10.28162,0.277902
-139.1663,-122.5911,13.0,4.896116,0.7112004
-144.4168,-125.3932,13.0,9.866016,-0.06326312
-145.5218,-129.174,13.0,0.08206208,0.2300069
-144.6101,-125.8004,13.0,9.290992999999999,0.31871609999999995
-140.276,-116.8401,13.0,17.43591,0.5369291
-144.6572,-102.5398,13.0,24.26149,0.43471049999999994
-161.5031,-100.1182,13.0,23.44109,-0.496987
-167.1958,-116.7748,13.0,28.96185,0.5152869000000001
-167.6236,-140.8122,13.0,35.92776,0.2442547
-167.7986,-170.0477,13.0,42.57428,0.47081660000000003
-167.9382,-203.9072,13.0,48.804629999999996,0.4317674
-165.642,-241.3512,13.0,48.58831,-0.6194763000000001
-140.4235,-257.5348,13.0,38.686209999999996,-1.566337
-127.4442,-240.9856,13.0,31.8313,0.3287343
-127.5663,-213.4906,13.0,41.37383,0.08501635
-126.54899999999999,-187.9667,13.0,19.27257,-1.109116
-118.0659,-181.4718,13.0,15.91712,0.276713
-106.8435,-189.4945,13.0,23.49706,0.2305295
-105.1716,-209.1697,13.0,30.40632,0.5262598
-108.1306,-234.0805,13.0,37.137229999999995,0.38683390000000006
-98.38179000000001,-261.3212,13.0,42.005179999999996,0.2377743
-70.61043000000001,-272.093,13.0,42.63362,-0.0059553390000000005
-50.1978,-250.4917,13.0,42.86922,0.20791060000000003
-47.77422,-217.0723,13.0,45.5942,-0.9311939
-35.51509,-188.2162,13.0,44.39111,0.1943648
-11.3859,-162.8345,13.0,50.28372,0.4258187
9.545421000000001,-132.2663,13.0,46.07639,-0.3582922
-1.945864,-107.3511,13.0,32.9357,-0.276144
-8.174762,-87.93446,13.0,31.79741,0.5122327
-5.869722,-61.95604,13.0,38.62359,0.5116043
-5.1558019999999996,-30.94053,13.0,45.052409999999995,0.2090946
-3.7269400000000004,4.697699,13.0,51.05278,0.2193986
-13.89519,37.25506,13.0,37.30233,-1.8295569999999999
-33.02255,38.97591,13.0,16.81195,-0.7550609
-35.089890000000004,32.58425,13.0,0.1365684,0.08622751
-35.14117,32.591390000000004,13.0,0.05713578,0.01835443
-35.04126,32.88762,13.0,2.882882,0.5965325
-33.91422,37.83242,13.0,10.5691,0.478779
-32.31407,44.193220000000004,13.0,3.952467,-0.7515264
-32.596740000000004,43.78975,13.0,4.913084,0.5930573
-38.23453,41.21012,13.0,12.62698,0.547927
-49.82412,44.49655,13.0,19.844720000000002,0.5034794
-66.96229,44.701159999999994,13.0,26.48045,0.46681590000000006
-88.75249000000001,41.925540000000005,13.0,32.755959999999995,0.40901659999999995
-115.1938,42.88836,13.0,38.42707,0.3492686
-141.6205,31.7869,13.0,38.354620000000004,-0.4488943
-147.6049,4.50781,13.0,40.80675,0.1903582
-144.5411,-27.60098,13.0,45.86694,0.04089248
-154.6663,-54.7446,14.0,31.79481,-0.6043419
-161.9763,-70.41275999999999,14.0,23.58447,0.19783720000000002
-144.2322,-75.64156,14.0,29.04611,0.4612920999999999
-122.0556,-81.37419,14.0,33.82918,0.3387215
-109.4273,-103.6261,14.0,37.12585,0.1651475
-121.6545,-127.8602,14.0,39.10483,0.07978901
-144.2607,-127.9542,14.0,24.23385,-0.6476504
-145.7762,-120.0183,14.0,1.383965,-0.18493210000000002
-146.6788,-119.0114,14.0,1.8842240000000001,-0.01607843
-147.4914,-118.0732,14.0,1.466692,0.15348929999999997
-149.2202,-117.2505,14.0,4.04096,-0.06119047
-150.842,-117.429,14.0,1.979121,0.656297
-147.0245,-114.6338,14.0,10.751710000000001,0.3016295
-145.1598,-104.4024,14.0,18.32017,0.4425559
-157.6758,-96.79301,14.0,23.59499,0.113398
-168.0491,-110.7122,14.0,27.76418,0.4365597
-166.2749,-133.784,14.0,34.711,0.5017714
-166.7098,-162.0203,14.0,41.51324,0.4824361
-167.1913,-195.1579,14.0,47.86699,0.21451460000000003
-166.1015,-232.6432,14.0,51.10965,-1.207792
-149.1041,-254.5642,14.0,26.503079999999997,-1.134081
-141.7328,-251.7639,14.0,4.444905,-0.07298768
-140.9451,-249.4237,14.0,4.255301,0.5970528
-135.4657,-248.3262,14.0,11.9852,0.6915064999999999
-125.985,-251.8271,14.0,12.70837,-0.17996900000000002
-120.9344,-246.62400000000002,14.0,11.7714,0.2813182
-123.89399999999999,-234.7596,14.0,20.779339999999998,0.5685863
-126.6819,-216.7393,14.0,28.40914,0.5674139
-127.7442,-193.0644,14.0,35.30389,0.1404341
-112.8603,-179.1719,14.0,24.89152,-1.0114040000000002
-105.3477,-194.5855,14.0,32.24648,1.388765
-107.4668,-226.0491,14.0,52.33473,1.337518
-95.31181,-263.9486,14.0,50.05723,-1.251601
-63.63148,-270.2039,14.0,46.336059999999996,-0.3554765
-48.13906,-243.9934,14.0,43.727920000000005,0.3419447
-46.81499,-210.0708,14.0,48.12304,0.1130931
-25.90305,-179.3843,14.0,53.01413,0.3934942
3.047171,-150.3187,14.0,55.44157,-0.6734885
7.451509,-120.9441,14.0,29.17656,-0.3799905
-4.04286,-104.4898,14.0,29.420720000000003,0.46982700000000005
-5.361994999999999,-80.4023,14.0,36.09967,0.5061265
-3.052682,-51.23857,14.0,42.82492,0.4584039000000001
-2.213644,-17.13063,14.0,49.12406,0.4375059
-4.53985,21.05884,14.0,50.81197,-1.204081
-27.009840000000004,42.69612,14.0,43.11122,-0.006672966
-60.70451,40.413920000000005,14.0,48.44725,0.46228450000000004
-98.80754,40.38882,14.0,54.35136,0.3953179
-135.7507,38.1943,14.0,39.62336,-2.177182
-145.1821,22.72125,14.0,8.984855,-2.660527
-143.0025,23.35678,14.0,5.666164,-0.6722715
-141.2092,25.582829999999998,14.0,0.8030274000000001,1.133907
-143.8409,22.49788,14.0,8.769911,0.183524
-149.2689,21.91405,14.0,3.184986,-0.741266
-148.1684,21.25038,14.0,6.4338690000000005,0.328237
-142.8257,15.309820000000002,14.0,15.21269,0.6066421999999999
-140.7824,1.2980200000000002,14.0,23.363000000000003,0.5844005999999999
-142.375,-18.92097,14.0,31.168779999999998,0.544433
-141.8481,-35.91104,1.0,5.718369999999999,0.05437843
-142.7996,-43.89583,1.0,15.454870000000001,0.32049759999999994
-152.3546,-54.45945,1.0,23.73167,0.5978963
-162.9806,-69.2714,1.0,26.84086,-0.1314398
-148.696,-74.80235,1.0,24.296670000000002,0.35855349999999997
-136.1989,-68.73563,1.0,7.121560000000001,0.014982299999999999
-135.8616,-68.27904000000001,1.0,0.02622693,0.00010028290000000001
-135.843,-68.28174,1.0,0.02448647,0.002202636
-135.827,-68.28367,1.0,0.01805729,-0.0454344
-136.0814,-70.18359,1.0,4.545873,0.06422712
-135.6571,-73.48061,1.0,4.181714,-0.03233538
-136.4194,-76.08726999999999,1.0,3.4853419999999997,-0.002882677
-135.8982,-75.85786999999999,1.0,5.5110019999999995,0.6485841999999999
-128.6973,-75.29349,1.0,14.309820000000002,0.6117616
-118.1722,-82.70193,1.0,21.78528,0.5706785
-110.8245,-100.2315,1.0,29.3523,0.4846027
-115.434,-122.9302,1.0,34.86652,0.3348434
-138.1234,-132.6029,1.0,31.141659999999998,-0.7015118
-145.7951,-118.7058,1.0,21.883229999999998,0.09985479
-138.4589,-108.7314,1.0,1.125154,-1.403543
-138.4581,-108.7234,1.0,0.02508822,0.02823283
-138.4589,-108.74,1.0,0.02346106,-0.02498842
-141.2914,-108.1105,1.0,7.979371,0.2531889
-145.6703,-110.7446,1.0,2.138122,-1.451965
-144.7518,-108.6874,1.0,7.521311,0.3128315
-146.349,-100.4816,1.0,15.690179999999998,0.5294932
-157.8242,-95.90739,1.0,16.29709,-0.35499590000000003
-165.6397,-103.4227,1.0,19.182760000000002,1.23119
-167.9592,-122.8481,1.0,32.73673,0.8492831000000001
-165.9212,-149.2381,1.0,40.876509999999996,0.5247243
-164.873,-176.0452,1.0,32.80485,-0.4735170999999999
-167.9891,-199.6469,1.0,37.51473,0.7110371999999999
-166.5132,-228.6942,1.0,36.41004,-0.5326031
-157.7104,-249.0836,1.0,26.08239,-0.29460490000000006
-138.0501,-249.3281,1.0,30.070759999999996,0.0637375
-121.7936,-236.2909,1.0,24.62687,-0.6475914
-130.9035,-221.4393,1.0,24.43968,-1.0396370000000001
-123.8987,-207.2065,1.0,20.35592,-0.4889527
-124.6735,-194.0338,1.0,17.409860000000002,-0.32331020000000005
-120.4052,-184.4921,1.0,16.69247,0.5295791
-110.9149,-190.608,1.0,16.15928,-0.133323
-110.0832,-201.4652,1.0,13.8582,-0.06409858
-109.4542,-214.3451,1.0,21.50572,0.5366513
-107.5052,-233.0246,1.0,29.15343,0.522516
-101.5358,-256.2663,1.0,35.62477,0.1800971
-79.48175,-271.4102,1.0,39.02483,0.14614939999999998
-55.27466999999999,-258.2309,1.0,39.65598,0.02956879
-51.39467,-228.4509,1.0,43.42811,0.3128238
-37.69681,-197.55700000000002,1.0,48.41129,0.3899844
-12.96396,-168.7976,1.0,54.136140000000005,0.3989505
10.01897,-133.8341,1.0,57.71062,-0.39388379999999995
10.7821,-106.3807,1.0,14.046339999999999,-2.8202439999999998
9.831385000000001,-104.2854,1.0,0.5415761,-0.031263799999999994
10.23827,-104.5587,1.0,3.4774730000000003,0.27325520000000003
14.22855,-106.9532,1.0,8.583701,0.1359489
18.479129999999998,-106.936,1.0,1.168776,-0.6292426999999999
16.10914,-107.6752,1.0,7.731099,0.631845
8.195846000000001,-111.4296,1.0,15.185939999999999,0.4389791
-0.25178520000000004,-105.4263,1.0,19.40041,0.5117208
0.8754951999999999,-88.58119,1.0,26.02141,0.2188005
-4.711355,-67.43242,1.0,32.88733,0.4846521
-5.870539,-40.61805,1.0,39.5683,0.4914269
-6.371437,-8.953972,1.0,45.86005,0.4458960999999999
-7.475714,26.61913,1.0,45.27029,-0.9304575
-19.94376,44.65102,1.0,15.363710000000001,-1.25058
-29.19987,38.68502,1.0,18.43415,0.2502213
-45.26484,39.098040000000005,1.0,25.567520000000002,0.2605518
-66.78656,39.58791,1.0,32.63223,0.5053763
-93.49216,39.724540000000005,1.0,39.37212,0.47551579999999993
-124.9409,40.61806,1.0,43.403079999999996,-1.443864
-144.4331,29.663629999999998,1.0,20.702679999999997,-1.62058
-139.7074,24.80787,1.0,9.658113,0.4461637
-137.7517,24.24916,1.0,0.0732607,0.01169811
-137.7516,24.20801,1.0,0.04995722,0.0050047979999999995
-140.234,24.62487,1.0,7.33258,0.4123414000000001
-147.3524,24.27165,1.0,10.847439999999999,-0.6163338
-151.2098,25.416729999999998,1.0,0.4821165,-0.7586714
-148.9002,23.89027,1.0,7.920456,0.6060143
-147.5271,15.6846,1.0,15.31546,0.48418710000000004
-151.9179,2.894638,1.0,21.46079,0.4299045
-147.6003,-14.897229999999999,1.0,28.03926,0.2279208
-146.3961,-37.92126,2.0,34.00459,0.08875831
-162.7755,-54.405590000000004,2.0,32.76614,-0.4621738
-162.7246,-72.03934,2.0,20.65101,-1.301269
-156.1245,-69.20535,2.0,8.845642,0.33115170000000005
-155.6979,-68.52762,2.0,0.043638800000000005,-0.01982266
-155.7408,-68.7076,2.0,2.0856779999999997,0.5756844
-156.2955,-71.99105,2.0,5.092726,-0.04959388
-156.9618,-75.1003,2.0,1.4457959999999999,-0.37340120000000004
-155.0404,-73.45496,2.0,8.148987,0.3373704
-146.2859,-74.70406,2.0,16.686410000000002,0.5811761999999999
-134.0057,-82.08046999999999,2.0,19.41028,-0.1448896
-121.5356,-86.215,2.0,18.84839,0.9494582
-110.9283,-102.3321,2.0,31.61866,-0.04438743
-118.4646,-123.6095,2.0,33.23298,-0.05027217
-139.6891,-129.7234,2.0,26.643390000000004,-1.271374
-143.0504,-116.7092,2.0,21.85414,0.2866106
-141.752,-103.322,2.0,18.75367,0.02364423
-156.411,-102.6727,2.0,20.26821,-0.46198490000000003
-160.9802,-113.8385,2.0,16.51817,0.07204959
-163.8278,-126.6793,2.0,20.32562,1.047572
-165.3891,-145.2411,2.0,29.10071,0.27115690000000003
-165.3643,-169.7172,2.0,36.6876,0.2510132
-165.7289,-199.5506,2.0,43.8022,0.4941946
-165.0871,-234.3302,2.0,46.77883,-4.168903
-154.5471,-251.0356,2.0,23.376920000000002,0.40061820000000004
-134.6595,-251.2636,2.0,30.502359999999996,0.110741
-126.2356,-235.7373,2.0,25.13855,0.8029541
-125.8321,-213.9659,2.0,34.23547,0.41622020000000004
-125.5974,-188.4692,2.0,22.96888,-2.953908
-117.7056,-184.0537,2.0,13.92004,0.5417456
-110.7919,-193.4658,2.0,20.7997,0.2942551
-109.2974,-211.9063,2.0,28.932879999999997,0.5784406999999999
-106.2907,-236.0094,2.0,36.492020000000004,0.5370351
-95.26850999999999,-262.829,2.0,42.08618,0.06326369
-67.52419,-268.4309,2.0,40.700340000000004,0.2671348
-48.889590000000005,-245.3347,2.0,42.28423,0.02649991
-47.8249,-212.3303,2.0,47.431979999999996,0.33464320000000003
-28.16494,-182.2116,2.0,51.86655,0.21628499999999998
-0.9756148000000001,-151.9252,2.0,57.25496999999999,-0.2158725
8.051546,-125.8834,2.0,18.37743,-0.2725944
-2.212592,-114.8252,2.0,24.19282,0.2384902
-6.78125,-95.18602,2.0,31.32113,0.5300454000000001
-6.700437,-69.19887,2.0,38.75334,0.5179949
-6.838437,-37.90263,2.0,45.70263,0.2322353
-7.316076,-1.565331,2.0,52.24599,0.22786030000000002
-11.08567,36.02794,2.0,42.6386,-1.0621399999999999
-25.46348,46.05157,2.0,7.079975999999999,-2.5152419999999998
-25.556079999999998,43.46484,2.0,7.659986999999999,0.6057443
-32.45752,39.87428,2.0,15.78125,0.5512855
-45.74541,46.11663,2.0,23.68757,0.4733928
-65.60168,44.26481,2.0,30.975579999999997,0.5451038
-91.23651,41.67715,2.0,38.37256,0.5222458
-122.2212,40.50156,2.0,45.289590000000004,0.41857829999999996
-148.8997,28.032040000000002,2.0,29.33707,-1.9609990000000002
-149.4867,18.92238,2.0,2.3679509999999997,0.6911292
-144.856,18.26014,2.0,11.028839999999999,0.2927979
-144.8664,7.727444,2.0,19.04525,0.2646248
-150.9207,-7.1579,2.0,25.03106,0.42443149999999996
-146.0208,-27.8443,2.0,32.29384,0.2603268
-143.0514,-39.4644,3.0,11.69048,-0.08308122
-147.2716,-47.49613,3.0,16.180229999999998,0.47909799999999997
-157.9669,-53.477869999999996,3.0,15.359020000000001,-0.11920019999999999
-166.2471,-58.323890000000006,3.0,11.46988,-0.2954102
-165.2234,-65.67913,3.0,11.079260000000001,0.5859986999999999
-156.3763,-72.29993,3.0,19.16146,0.49169830000000003
-139.4088,-72.4744,3.0,26.77696,0.5438008000000001
-120.1343,-81.04305,3.0,26.801040000000004,-0.424792
-109.2227,-95.23818,3.0,24.41433,1.1911479999999999
-109.3614,-115.3861,3.0,25.77884,-0.4048465
-118.7738,-129.2501,3.0,20.4675,-0.15341110000000002
-134.5755,-133.4666,3.0,23.92698,-0.6078136
-144.1466,-118.9317,3.0,31.24382,0.5351815
-155.31799999999998,-103.8258,3.0,17.29937,-0.3745225
-165.4985,-110.0913,3.0,21.033910000000002,0.5163506
-168.33700000000002,-128.3583,3.0,28.981740000000002,0.5626824
-169.7334,-152.5678,3.0,36.38843,0.49864670000000005
-167.3597,-182.0009,3.0,43.33157,0.2292745
-164.4554,-216.4907,3.0,49.79587,0.1671152
-160.5466,-250.8586,3.0,40.30896,-0.7937582
-140.9606,-257.3938,3.0,25.0072,0.2038573
-126.6183,-241.3144,3.0,32.42572,0.314575
-128.019,-216.2395,3.0,37.57148,0.2412786
-126.32700000000001,-190.3007,3.0,32.04053,-0.7431306
-113.3279,-178.7671,3.0,22.53868,-0.46786359999999994
-109.9178,-192.8197,3.0,24.50391,0.5056033
-105.4681,-212.6932,3.0,31.677559999999996,0.46117109999999994
-105.5595,-234.9919,3.0,27.6517,-0.1935267
-104.4149,-257.6132,3.0,35.79,0.323061
-83.82774,-271.7158,3.0,36.51554,0.12553519999999999
-62.78351,-268.8347,3.0,16.16104,-1.145368
-56.33096999999999,-266.8323,3.0,2.711174,-0.8421257
-57.00584,-267.2824,3.0,1.312798,-0.22373400000000002
-56.6531,-266.9529,3.0,3.685201,0.5276857
-53.75168000000001,-263.4865,3.0,7.575061,0.06472342
-48.68227,-263.1035,3.0,4.983678,-0.8530296999999999
-48.684470000000005,-262.8036,3.0,5.082629,0.323494
-50.105579999999996,-256.1672,3.0,13.41738,0.609422
-46.95474,-243.6432,3.0,21.31694,0.28013109999999997
-44.02608,-225.3182,3.0,28.729440000000004,0.5167902
-41.27195,-201.5366,3.0,35.70919,0.46908320000000003
-27.72095,-178.0474,3.0,40.07557,0.5002665
-7.519049000000001,-158.3848,3.0,28.450329999999997,-1.5820319999999999
5.93963,-147.8571,3.0,20.251820000000002,-0.3395208
11.822330000000001,-136.498,3.0,15.403020000000001,-0.1438066
8.832982000000001,-125.5343,3.0,18.40635,0.5507304
-1.008186,-112.5001,3.0,25.736420000000003,0.5236723
-8.564102,-92.12765999999999,3.0,32.696059999999996,0.2282988
-10.30436,-65.66691999999999,3.0,39.14278,0.45527870000000004
-6.231496,-34.50784,3.0,45.39585,0.2102616
-3.4062959999999998,-2.080664,3.0,37.36938,-4.657765
-4.598314,13.47284,3.0,7.01404,-1.762641
-5.282782,17.388720000000003,3.0,9.084102,0.3164857
-7.742594,26.97996,3.0,17.48659,0.28634509999999996
-17.25855,39.05795,3.0,24.699479999999998,0.5369499
-36.95811,45.06908,3.0,31.32811,0.49670290000000006
-62.760830000000006,44.72309,3.0,38.26361,0.47689609999999993
-93.4826,43.04991,3.0,44.79788,0.2201141
-127.1041,39.50645,3.0,43.47164,-0.3779918
-149.8734,25.52282,3.0,34.2474,-0.6918641
-143.7208,1.987248,3.0,34.78205,0.14604270000000003
-144.9497,-25.734389999999998,3.0,40.42695,0.12806660000000003
-149.7713,-51.85843,4.0,24.44835,-1.034556
-163.6578,-54.95377,4.0,19.59207,-0.2381614
-165.6559,-66.95846999999999,4.0,21.68071,0.24178690000000003
-148.804,-72.62363,4.0,28.0511,0.26694850000000003
-126.5652,-77.85916999999999,4.0,34.34779,0.19685070000000002
-109.434,-98.5401,4.0,39.23875,0.06768962
-116.4993,-124.5496,4.0,37.4784,-0.04746353
-139.5765,-130.3852,4.0,31.62831,-0.14437879999999997
-143.9918,-109.8324,4.0,31.31849,-0.1549316
-154.5099,-98.85175,4.0,16.02806,-0.1135501
-165.2684,-108.4237,4.0,24.08341,0.2607173
-169.0895,-128.5996,4.0,31.36165,0.2529929
-169.8903,-154.2655,4.0,38.12457,0.4796071
-167.0061,-184.8741,4.0,44.721340000000005,0.45924319999999996
-163.7714,-220.0804,4.0,49.432990000000004,-0.001123821
-160.1127,-249.3698,4.0,22.04738,-3.25868
-147.844,-257.0333,4.0,21.38645,0.539142
-131.9533,-253.2802,4.0,25.410120000000003,0.3126576
-125.5286,-232.8053,4.0,32.354929999999996,0.45801220000000004
-128.4724,-207.0089,4.0,38.41137,0.3999321
-120.9422,-180.1168,4.0,36.5418,-0.38815809999999995
-100.5508,-182.2993,4.0,25.845679999999998,-0.6548818000000001
-107.1151,-194.7759,4.0,22.92079,0.5332906999999999
-114.5548,-201.5442,4.0,0.5307819,-1.658363
-114.555,-201.5548,4.0,0.00653805,-0.02768655
-113.3975,-201.7897,4.0,4.174168,0.0530025
-109.9145,-199.437,4.0,5.506616,-0.7327005999999999
-109.6707,-198.5373,4.0,2.649088,0.2639951
-108.9598,-203.1309,4.0,9.825241,0.5193137999999999
-106.9688,-212.761,4.0,16.53394,0.23256620000000003
-105.1829,-227.2312,4.0,22.78783,0.44433019999999995
-105.9189,-246.3047,4.0,28.495009999999997,0.18247560000000002
-96.73516,-266.434,4.0,32.410959999999996,0.17986229999999997
-73.25121999999999,-271.2482,4.0,35.12126,0.145331
-51.508179999999996,-256.596,4.0,36.99025,-0.12070719999999999
-49.27261,-228.3711,4.0,40.39298,0.32749609999999996
-41.56584,-198.0934,4.0,44.55615,0.29790459999999996
-20.68413,-171.7736,4.0,46.69989,-0.07720999
1.206123,-152.0443,4.0,25.89399,-1.138371
11.56016,-140.7232,4.0,17.49069,-0.47940829999999995
10.053980000000001,-127.4176,4.0,23.48309,0.2096584
-1.9213799999999999,-112.0558,4.0,28.927709999999998,0.33884359999999997
-9.074273,-89.87295999999999,4.0,34.10702,0.36940890000000004
-10.32581,-62.85229,4.0,39.07255,0.3284118
-5.2326559999999995,-32.578,4.0,43.802170000000004,0.3358941
-1.550362,1.231674,4.0,47.83445,0.07907612
-9.571469,31.22105,4.0,26.859309999999997,-0.3292502
-27.258340000000004,42.67731,4.0,31.40367,0.3240563
-52.28828,43.46796,4.0,36.42747,0.39130349999999997
-81.19229,43.26036,4.0,41.45203,0.31650159999999994
-112.9936,40.8245,4.0,42.89258,-0.3384811
-136.5746,37.42774,4.0,15.00949,-0.4004771
-145.4411,29.583409999999997,4.0,19.28632,0.4156798
-147.92700000000002,13.51745,4.0,24.99969,0.4083016
-144.2054,-6.766478,4.0,30.703359999999996,0.40695529999999996
-141.8853,-31.22825,4.0,34.693740000000005,-0.5329881
-151.888,-49.9798,5.0,26.658590000000004,0.2960002
-168.3311,-61.03708,5.0,22.98927,-1.386221
-160.9559,-69.58421,5.0,16.246470000000002,-0.2042146
-147.1634,-71.42456,5.0,22.81934,0.4585875
-128.7077,-76.3301,5.0,28.615240000000004,0.3699086
-111.0234,-90.18191999999999,5.0,32.82788,0.09363663
-109.9023,-114.4387,5.0,33.842659999999995,-0.2195686
-124.3089,-132.3656,5.0,29.46061,-0.9155588
-140.6963,-127.4071,5.0,23.46547,0.1501082
-147.1153,-109.4855,5.0,28.33685,0.3756946
-163.0496,-101.0205,5.0,19.66934,-0.6691094
-164.5239,-112.1862,5.0,17.07926,0.1812243
-166.9868,-127.6216,5.0,25.53783,0.6113049
-168.442,-153.1907,5.0,43.756170000000004,0.9610664000000001
-165.0686,-187.9585,5.0,49.93824,0.5337589
-164.3097,-222.3354,5.0,32.98839,-2.659452
-163.2295,-239.2923,5.0,19.03434,-0.4193989000000001
-159.4984,-250.657,5.0,14.936229999999998,0.04677646
-148.4396,-259.3581,5.0,24.28567,0.4363182
-131.0973,-252.2615,5.0,31.13062,0.9129482
-125.4571,-225.6251,5.0,41.27536,0.5031949
-128.72899999999998,-199.0343,5.0,22.74867,-1.969385
-124.9507,-185.7391,5.0,15.658529999999999,-0.4586808
-112.0403,-182.5631,5.0,23.42302,0.3077053
-102.5082,-196.8699,5.0,27.425720000000002,0.6267566999999999
-103.49799999999999,-220.9419,5.0,36.0443,0.1212691
-105.6083,-247.7156,5.0,33.77174,-0.6898018
-96.89355,-267.4399,5.0,30.11311,0.11873210000000001
-74.0605,-271.5925,5.0,34.06042,0.2980859
-53.341609999999996,-257.4371,5.0,36.07382,0.1539626
-47.95633,-229.6783,5.0,40.48903,0.18297120000000003
-42.13821,-198.5002,5.0,45.04299,0.1307099
-22.9612,-170.4605,5.0,47.94605,0.12814669999999997
-3.686168,-156.5699,5.0,14.463429999999999,-0.1914384
3.711036,-151.5129,5.0,9.855985,-0.1590508
8.173492,-147.6755,5.0,6.769696000000001,1.12616
12.43502,-141.4301,5.0,13.59203,0.2441245
11.43972,-129.4678,5.0,19.625420000000002,0.42817120000000003
1.6644169999999998,-115.9061,5.0,25.50862,0.4122373
-7.059535,-96.91754,5.0,30.95295,0.1828734
-10.697460000000001,-72.38651,5.0,36.105140000000006,0.3496278
-6.916048,-44.10947,5.0,40.96017,0.3477244
-1.997909,-12.4239,5.0,45.66478,0.33478320000000006
-3.732771,16.586660000000002,5.0,29.29143,-1.373732
-7.401853999999999,26.679909999999996,5.0,11.6421,0.4904951
-14.01651,36.62527,5.0,19.37951,0.40787579999999996
-28.58077,44.01927,5.0,25.076829999999998,0.3911739
-49.13778,45.275240000000004,5.0,30.67582,0.414522
-73.8617,44.55666,5.0,36.0492,0.177536
-102.4438,42.87058,5.0,41.09382,0.1719568
-130.0171,39.919109999999996,5.0,26.571790000000004,-1.6005639999999999
-143.1417,32.656040000000004,5.0,22.7938,0.38075679999999995
-148.0916,14.655520000000001,5.0,28.074040000000004,0.3757542
-143.93,-7.6192720000000005,5.0,33.346509999999995,0.19349059999999998
-142.3702,-32.80921,5.0,30.24233,-0.2543808
-146.2301,-45.05341,6.0,13.242460000000001,0.9685003000000001
-155.7386,-53.91293,6.0,17.94567,-0.40721609999999997
-165.2604,-59.32861,6.0,12.31046,-0.1031644
-162.845,-69.73978000000001,6.0,20.433670000000003,0.3574573
-144.6237,-71.67942,6.0,32.50504,1.086584
-119.303,-81.45824,6.0,41.84332,0.4690232
-110.5257,-106.5395,6.0,33.77943,-1.120036
-116.8306,-118.7191,6.0,10.75586,-0.2943335
-121.1837,-129.1933,6.0,19.51671,-0.5342288000000001
-132.9558,-133.9737,6.0,20.14503,0.43149659999999995
-144.1123,-122.6667,6.0,25.497120000000002,0.5156569999999999
-148.2074,-106.2713,6.0,11.572389999999999,-1.0861049999999999
-152.9922,-102.3489,6.0,10.541039999999999,0.3689381
-163.1097,-101.9766,6.0,15.72606,-0.3121929
-167.2029,-114.2921,6.0,23.37999,1.012917
-168.7559,-136.7047,6.0,36.8465,0.44283320000000004
-168.4427,-168.4581,6.0,48.30727,0.729637
-164.9549,-207.3632,6.0,53.52571999999999,-0.4385232
-163.3085,-242.6827,6.0,39.8998,-0.4681656
-149.2159,-258.1964,6.0,24.47694,-0.3028167
-134.3019,-254.447,6.0,19.58323,0.42302559999999995
-125.9404,-239.3399,6.0,26.7977,0.19372879999999998
-125.7036,-217.5435,6.0,32.15041,0.1808695
-128.7049,-192.4539,6.0,31.35892,-1.52367
-119.711,-182.0742,6.0,19.18507,0.37105820000000006
-106.3031,-189.3453,6.0,23.764770000000002,0.1609724
-102.5679,-208.2403,6.0,28.992279999999997,0.3845226
-104.9718,-231.6958,6.0,34.44102,0.1803337
-104.079,-258.9054,6.0,38.71012,0.00496562
-83.29361999999999,-272.5371,6.0,32.70913,-0.38525370000000003
-62.6892,-267.5967,6.0,24.886210000000002,-0.5430436
-50.63675,-256.1974,6.0,26.15619,1.096123
-46.50079,-234.514,6.0,32.52335,0.3949282
-43.42576,-208.6535,6.0,37.80046,0.37076529999999996
-34.2234,-181.1441,6.0,40.8085,0.03815947
-10.29534,-162.6032,6.0,35.320479999999996,-1.7616459999999998
2.029763,-153.1658,6.0,13.04996,-0.3505605
8.801245,-147.1284,6.0,12.786760000000001,0.1419073
12.886,-136.6609,6.0,19.382579999999997,0.3068327
5.04397,-121.4807,6.0,29.21627,0.5042656
-7.181286999999999,-97.91319,6.0,43.339890000000004,1.001757
-9.235483,-61.11715,6.0,56.02571,0.8530088
-2.1927470000000002,-17.42202,6.0,62.05693,-0.12279280000000001
-4.765968,18.31975,6.0,28.48381,-1.5038770000000001
-11.34167,33.26867,6.0,22.59875,0.4660977
-27.72809,43.647729999999996,6.0,31.988000000000003,0.4196674
-56.58781,45.1076,6.0,46.624320000000004,1.085893
-96.43694,43.41089,6.0,60.050180000000005,0.03090651
-124.2464,39.939240000000005,6.0,15.599429999999998,-0.8900144
-134.161,37.92238,6.0,16.07656,1.0981299999999998
-146.3424,28.46749,6.0,24.54103,0.2996452
-147.0157,8.451944000000001,6.0,29.8489,0.1915537
-142.332,-15.29031,6.0,35.22933,0.1829252
-141.942,-34.86288,7.0,7.728135000000001,0.5146832
-143.4713,-43.001979999999996,7.0,14.48354,0.22705250000000002
-152.5233,-51.76615,7.0,20.35318,0.21806
-166.4433,-60.33549,7.0,22.04464,-0.6203953000000001
-166.0261,-72.84583,7.0,15.635320000000002,-0.06001024
-154.8329,-76.98192,7.0,18.450879999999998,0.2653712
-140.6946,-73.31528,7.0,20.42645,0.10745940000000001
-124.7358,-75.77936,7.0,24.3748,0.9571460999999999
-110.2455,-90.96603,7.0,31.24209,0.22567670000000004
-110.4946,-114.7686,7.0,34.61715,0.17534620000000004
-130.282,-131.2059,7.0,37.02239,0.03932725
-147.6346,-123.5849,7.0,17.03526,-1.1536309999999999
-143.4518,-115.9129,7.0,11.35983,0.7876843000000001
-146.6243,-105.1263,7.0,16.76792,-0.1794738
-158.4896,-101.8012,7.0,20.14218,0.45486540000000003
-166.3242,-113.7081,7.0,19.82977,-0.03888454
-166.0473,-129.8755,7.0,25.46142,0.5819051
-168.8292,-153.3855,7.0,39.07415,0.49847020000000003
-169.8,-187.127,7.0,51.64118,0.40320229999999996
-169.0439,-226.4868,7.0,49.12335,-0.838578
-158.4515,-251.4479,7.0,28.86833,-0.8360223
-140.8762,-254.0576,7.0,21.532420000000002,-0.1220778
-127.2485,-245.4197,7.0,24.113310000000002,0.20775149999999998
-125.9565,-224.0889,7.0,32.56419,0.18450479999999997
-126.1845,-197.9836,7.0,37.85488,0.36197840000000003
-118.8761,-179.7879,7.0,15.26499,-0.6474139
-110.5006,-186.505,7.0,19.5833,0.21308690000000002
-108.9971,-203.1724,7.0,25.585079999999998,0.20688320000000004
-108.6665,-224.2648,7.0,31.30898,0.4031220999999999
-106.4367,-249.1833,7.0,36.12061,0.28437009999999996
-88.9142,-269.8483,7.0,38.88033,0.1552681
-61.23064,-268.2738,7.0,39.31845,-0.009954518
-49.57802,-242.588,7.0,40.7583,0.1598839
-46.40568,-210.91400000000002,7.0,44.93343,0.113192
-26.697670000000002,-183.4986,7.0,48.02098,0.3046624
-1.8625209999999999,-155.6985,7.0,52.70242,-0.8258322
9.186859,-130.0033,7.0,25.21194,-0.7072465
-0.4156334,-113.6682,7.0,30.018629999999998,0.439979
-5.694529,-89.26344,7.0,41.40715,1.292107
-1.313589,-52.2213,7.0,58.89201,1.139267
-1.642375,-3.964396,7.0,65.59952,-0.5244116999999999
-8.355917,35.327220000000004,7.0,37.46563,-2.672358
-29.34517,41.31392,7.0,33.75933,1.260791
-58.12868,40.508,7.0,41.72998,0.3500153
-90.86055,40.5759,7.0,46.43806,0.3180327
-126.781,41.00026,7.0,49.066590000000005,-0.2995752
-147.349,26.748040000000003,7.0,28.098640000000003,0.07779599
-145.4345,4.24871,7.0,33.05325,0.4041054
-145.3364,-22.18497,7.0,38.2973,0.3733331
-151.8853,-50.2193,8.0,37.59715,-0.8976752
-168.0467,-64.3171,8.0,20.319329999999997,-0.3163335
-159.9026,-78.12993,8.0,27.24263,0.15676489999999998
-138.446,-77.14811999999999,8.0,31.760820000000002,0.166541
-117.35700000000001,-87.5166,8.0,34.52663,0.2520722
-111.32600000000001,-112.48899999999999,8.0,36.90654,0.02032341
-129.938,-131.3243,8.0,37.91258,-0.0656295
-146.577,-127.9822,8.0,5.550697,-2.317629
-144.3205,-125.7103,8.0,8.148152,0.25148139999999997
-141.797,-117.8688,8.0,14.72577,0.4522365
-148.1128,-106.6024,8.0,20.71411,0.3862728
-163.3632,-104.1489,8.0,23.55239,0.0406987
-167.3453,-121.1915,8.0,27.19013,0.205946
-167.703,-143.3143,8.0,32.538940000000004,0.2023497
-171.2523,-169.0709,8.0,37.61141,0.16005329999999998
-169.3206,-198.7764,8.0,42.47357,0.3699188
-168.1595,-231.9294,8.0,46.94595,0.01836631
-151.7342,-256.2814,8.0,36.589859999999994,-0.6444479999999999
-132.0339,-248.5114,8.0,28.159229999999997,0.3668123
-127.0876,-226.385,8.0,33.70695,0.3835804
-127.0098,-199.482,8.0,38.86931,0.2863372
-117.5432,-179.6619,8.0,18.15459,-1.483678
-108.3227,-186.0155,8.0,18.7838,0.41638959999999997
-106.8224,-202.0399,8.0,24.81099,0.42490839999999996
-106.1829,-222.6344,8.0,30.570829999999997,0.3959199
-104.72,-247.1934,8.0,35.73073,0.3021317
-89.67931,-269.2082,8.0,38.22485,0.1512788
-62.69419,-268.6841,8.0,38.734,0.07997622
-48.09154,-244.5088,8.0,40.6003,0.317936
-45.473259999999996,-212.8311,8.0,45.155359999999995,0.2641728
-28.21231,-184.7679,8.0,46.82118,0.32167779999999996
-3.5412550000000005,-158.1983,8.0,51.03445,0.12983519999999998
8.631458,-128.2929,8.0,35.979240000000004,-0.4851161
-4.956283,-105.7417,8.0,39.96051,-0.1114144
-3.87745,-76.82039,8.0,41.6778,0.3389741
-1.256717,-44.29996,8.0,46.26359,0.3302428
-1.642263,-8.394525999999999,8.0,50.69505,0.3152292
-5.913362,29.38839,8.0,46.41766,-1.023752
-23.76243,42.73818,8.0,15.901539999999999,-2.517464
-26.58823,39.10322,8.0,7.792536,0.4923531
-33.66661,38.01327,8.0,14.10336,0.4614741
-42.60757,47.05965,8.0,20.25572,0.34191370000000004
-48.02867,48.58658,8.0,0.02002452,-0.01109355
-48.0867,48.36868,8.0,2.1212619999999998,0.2668339
-48.33763,45.28862,8.0,5.341506,0.03826461
-47.13682,43.2815,8.0,1.481845,0.355113
-51.05663,45.7298,8.0,10.81351,0.6490104999999999
-62.11315,45.63242,8.0,19.374129999999997,0.3047132
-79.43136,43.55473,8.0,27.49297,0.28851809999999994
-102.5495,42.30427,8.0,35.010090000000005,0.5320244000000001
-130.6864,42.8972,8.0,40.01171,-0.07336372
-144.4127,19.999000000000002,8.0,40.14536,0.6451788
-145.921,-12.96299,8.0,48.64843,0.333348
-141.9901,-34.25629,9.0,2.840461,-0.06079086
-142.5787,-37.28347,9.0,9.656331,0.6575439999999999
-146.3573,-46.12311,9.0,13.42555,-0.208091
-153.127,-51.81984,9.0,11.80717,0.2247027
-162.7134,-55.004,9.0,12.617280000000001,-0.12750910000000001
-166.9303,-61.58922,9.0,10.24342,0.43910779999999994
-160.9392,-71.509,9.0,21.12436,-0.14849189999999998
-147.5173,-73.22352,9.0,16.72348,-0.1262706
-135.6676,-73.31873,9.0,19.20468,1.258335
-119.2084,-80.37592,9.0,25.70853,0.08441819
-108.4808,-96.11095,9.0,26.37531,-0.19289379999999998
-107.9768,-112.0376,9.0,12.839189999999999,-0.1985087
-110.6246,-120.3111,9.0,12.42742,0.47435109999999997
-118.8542,-131.6157,9.0,21.22328,-0.3729801
-132.0578,-134.7907,9.0,16.72354,-0.14259439999999998
-141.9693,-128.4321,9.0,19.96464,1.3594680000000001
-148.0804,-111.3685,9.0,28.46467,0.5388396
-157.0315,-99.53730999999999,9.0,15.08973,-0.3887716
-164.8916,-104.1142,9.0,15.35595,1.014413
-167.9147,-121.0114,9.0,30.62515,1.050989
-168.8719,-148.5837,9.0,42.65795,0.5062317
-167.205,-181.907,9.0,47.00393,0.08869542
-163.9697,-215.9772,9.0,42.76392,-0.29882859999999994
-162.1628,-242.6041,9.0,28.030459999999998,-0.501395
-152.2012,-257.33099999999996,9.0,21.838079999999998,-0.36648109999999995
-138.6844,-259.3029,9.0,17.55031,0.31394540000000004
-127.7953,-245.9128,9.0,30.989340000000002,0.5127303
-125.7378,-219.7253,9.0,36.45975,-0.48640320000000004
-128.79,-197.7835,9.0,19.5328,-1.572771
-127.1421,-186.6313,9.0,13.526670000000001,-0.2588198
-117.5364,-181.6342,9.0,19.123520000000003,0.2910202
-105.7333,-186.935,9.0,15.851420000000001,-0.2901433
-102.4863,-199.1201,9.0,23.340410000000002,1.158321
-103.7658,-221.3364,9.0,35.205090000000006,0.5806972
-105.92200000000001,-248.5974,9.0,36.42822,-0.1102096
-93.97675,-270.255,9.0,32.76912,-0.137811
-70.39174,-271.5546,9.0,32.49093,-0.03592912
-52.485459999999996,-256.6725,9.0,33.35072,0.3142623
-47.08041,-231.4925,9.0,36.008109999999995,0.1600301
-42.7729,-204.7724,9.0,35.47059,-0.1442729
-34.34491,-181.7517,9.0,30.79872,-0.3774883
-19.46415,-167.6221,9.0,24.977610000000002,-0.3554502
-5.4786529999999996,-158.1755,9.0,21.13844,-0.1540957
6.255856,-149.9841,9.0,18.11178,0.1443269
12.71718,-136.6354,9.0,23.82147,0.30087240000000004
3.9668449999999997,-119.7831,9.0,28.68277,0.11097830000000002
-7.18801,-101.2984,9.0,29.77262,0.02258799
-11.131960000000001,-79.30606,9.0,31.1612,0.34586500000000003
-9.547761,-54.74054,9.0,34.75447,0.1332168
-5.006586,-28.860509999999998,9.0,36.07874,0.07678549
-1.8245939999999998,-2.152809,9.0,35.08012,-0.5379636999999999
-4.812139,19.09662,9.0,23.76012,-0.3352453
-10.58261,32.980090000000004,9.0,20.18617,1.23753
-26.09688,43.61072,9.0,29.549,0.5136314000000001
-50.40826,44.37457,9.0,36.52995,0.26887209999999995
-80.08439,44.227740000000004,9.0,43.58316,0.4922298
-114.6392,41.77617,9.0,48.19491,-0.06843299
-142.4324,34.27067,9.0,34.71394,0.1396957
-144.8203,9.798027000000001,9.0,37.183479999999996,0.5200357
-141.9784,-19.77091,9.0,40.538000000000004,-0.5973853
-144.9788,-39.44777,10.0,16.650129999999997,-0.2415775
-152.077,-51.048629999999996,10.0,19.41456,-0.3383251
-163.4819,-56.94505,10.0,15.5399,-0.1638725
-166.5238,-65.99534,10.0,15.41915,0.6651599
-156.5127,-73.2063,10.0,17.902720000000002,0.06815338
-142.9534,-72.52131,10.0,17.86824,-0.168544
-128.8024,-75.46459,10.0,24.6206,0.2900408
-112.0542,-87.66578,10.0,31.55525,0.21027529999999997
-107.929,-112.0772,10.0,36.75052,-0.01590334
-119.2399,-130.334,10.0,23.58051,-0.37071279999999995
-134.1623,-133.4102,10.0,18.59494,-0.31684
-143.8389,-124.5952,10.0,21.60693,0.6354895
-148.4849,-107.6167,10.0,20.245929999999998,-3.268353
-151.9749,-102.9998,10.0,8.294464999999999,0.30951059999999997
-160.3563,-100.7631,10.0,15.6774,0.4435818
-167.3412,-111.711,10.0,21.89369,0.2543768
-168.5441,-130.6069,10.0,28.97205,0.2441002
-168.8156,-154.6599,10.0,35.0578,0.1473737
-167.9659,-182.0427,10.0,38.9119,0.30446599999999996
-165.0619,-210.9554,10.0,36.91543,-0.5898036999999999
-163.748,-235.4854,10.0,29.63087,-0.5148019
-157.4082,-253.3045,10.0,22.608610000000002,-0.4391707
-142.986,-259.7471,10.0,23.819029999999998,0.03404352
-129.7247,-249.3602,10.0,25.33124,0.4243152
-124.5971,-230.0896,10.0,28.68212,0.20513330000000002
-127.0507,-208.1699,10.0,28.536140000000003,-0.4554927
-127.9852,-192.6199,10.0,16.06342,-0.31210709999999997
-124.4871,-183.4692,10.0,11.79894,0.1889838
-113.7901,-182.3581,10.0,17.77429,0.108457
-103.845,-190.3393,10.0,18.4364,0.07203311
-103.34,-204.8543,10.0,20.921039999999998,0.08680486
-104.3773,-220.8445,10.0,21.77286,-0.01002124
-105.8324,-238.7034,10.0,27.658790000000003,0.4581321
-103.7378,-260.2287,10.0,29.61685,-0.1842574
-85.95831,-272.6436,10.0,34.49481,0.42250879999999996
-59.56595,-266.3993,10.0,38.59095,-0.1231722
-48.8578,-240.637,10.0,41.38693,0.5799583
-44.0704,-209.1833,10.0,41.889759999999995,-0.6528665
-34.65998,-183.1486,10.0,33.23964,-0.6232678
-19.18199,-167.9098,10.0,26.17829,-0.4356288
-6.9833110000000005,-159.3477,10.0,13.00814,-0.2514082
2.828769,-152.4228,10.0,20.70545,-0.1293224
12.502130000000001,-141.675,10.0,21.22071,0.6663308000000001
7.676956,-124.2049,10.0,28.690070000000002,0.2155154
-6.0366599999999995,-105.5342,10.0,34.41672,0.2012725
-10.431610000000001,-80.90601,10.0,30.617590000000003,-0.2584804
-9.063547,-56.13607,10.0,36.75396,0.4589103
-5.0705849999999995,-26.83029,10.0,42.89503,0.4399571
-2.091174,6.778944999999999,10.0,48.26424,0.3345861
-14.39282,37.440459999999995,10.0,42.654759999999996,-0.1206083
-45.34176,45.088429999999995,10.0,45.9383,0.3981635
-81.39604,44.26504,10.0,51.34483,0.3795054
-119.8837,40.59913,10.0,47.13905,-1.409201
-146.3867,29.19959,10.0,37.8151,-0.3648411
-144.1911,2.4949220000000003,10.0,39.42244,0.3325648
-142.7135,-27.39712,10.0,36.89432,-1.477929
-152.4829,-50.7036,11.0,35.91037,0.09276002
-169.8523,-69.5238,11.0,29.0355,-1.29253
-161.4119,-80.56902,11.0,19.73395,0.11425
-148.6439,-70.219,11.0,25.06695,0.3163092
-129.844,-75.28568,11.0,30.177429999999998,0.24550529999999998
-112.6956,-90.5994,11.0,29.66452,0.178749
-110.561,-114.5143,11.0,34.98663,-0.20823350000000002
-124.0863,-131.6305,11.0,27.123859999999997,0.144655
-143.0263,-125.6031,11.0,31.038759999999996,-0.08750778
-146.5186,-104.846,11.0,14.98479,-2.4441759999999997
-154.9745,-100.5457,11.0,19.14445,0.3440586
-166.5412,-110.6891,11.0,25.04906,0.37554679999999996
-166.0239,-131.5907,11.0,31.618859999999998,0.46798900000000004
-168.4542,-157.2767,11.0,37.890609999999995,0.4320946
-166.3155,-187.4307,11.0,43.83631,0.2026901
-163.6858,-221.842,11.0,47.67347,-0.3961926
-158.097,-251.5057,11.0,31.95992,-1.385995
-139.2389,-259.6465,11.0,30.400190000000002,0.15869979999999997
-126.9107,-242.4952,11.0,32.51428,0.42536709999999994
-126.1003,-216.1098,11.0,38.54091,0.45849140000000005
-127.0571,-189.2086,11.0,34.3083,-0.4301508
-111.1401,-180.9402,11.0,24.84996,-0.3639732
-107.5338,-198.2271,11.0,27.92717,0.2387172
-105.5629,-221.0672,11.0,34.06155,0.44556490000000004
-106.8552,-248.5345,11.0,39.79175,0.2680732
-90.25565,-271.5052,11.0,39.157309999999995,-0.13341889999999998
-61.078469999999996,-267.297,11.0,42.17968,-0.03568066
-47.49211,-240.6473,11.0,43.57056,0.42052979999999995
-42.64826,-206.5604,11.0,49.22217,0.38383190000000006
-26.06277,-173.5757,11.0,50.47348,-0.7232338
-1.152867,-156.5423,11.0,34.58676,-0.6915555999999999
11.9787,-139.5267,11.0,25.27723,-0.6230055999999999
6.995927,-122.8627,11.0,26.429959999999998,0.48408959999999995
-5.264761,-104.7575,11.0,32.62513,0.4250755
-10.15208,-78.8522,11.0,38.76562,0.21461
-8.151564,-48.05806,11.0,44.52904,0.1889264
-2.246066,-13.499089999999999,11.0,50.07269,0.3804532
-6.138882,24.635579999999997,11.0,51.12546,-0.40807509999999997
-31.905079999999998,45.5642,11.0,46.10852,0.0038279570000000003
-67.65742,42.6189,11.0,50.95281,0.1851121
-107.3331,41.28144,11.0,55.84735,-0.2744515
-141.9113,33.718109999999996,11.0,42.964220000000005,-0.38442600000000005
-147.9196,6.017597,11.0,41.06505,0.40869659999999997
-142.3044,-25.767770000000002,11.0,45.4414,-0.48380920000000005
-152.3099,-50.668009999999995,12.0,28.43323,-1.004218
-168.5188,-61.57874,12.0,26.6318,-1.125833
-157.6452,-72.26759,12.0,25.14025,0.43867609999999996
-136.7549,-72.05405,12.0,31.4909,0.21412110000000004
-114.7922,-84.16408,12.0,36.76435,0.1429058
-107.1074,-110.2282,12.0,35.80142,-0.7132049
-119.8934,-127.8623,12.0,28.2353,-0.5378854999999999
-136.989,-132.6593,12.0,21.12922,-0.08396425
-146.2651,-118.896,12.0,26.76176,0.5041612
-153.8214,-101.5753,12.0,21.976470000000003,-0.5585975999999999
-166.4724,-106.0121,12.0,21.39385,0.7084409
-167.2024,-126.8538,12.0,34.79668,0.22719179999999997
-169.0233,-154.7622,12.0,40.641329999999996,0.3801183
-166.7294,-187.0545,12.0,46.40911,0.21021700000000001
-164.6743,-223.4406,12.0,51.70786,0.2076982
-155.7923,-254.8402,12.0,37.1492,-0.7225977
-135.6664,-254.0186,12.0,28.74382,0.2380424
-127.4345,-232.7062,12.0,33.84766,0.45427690000000004
-126.5645,-205.7523,12.0,35.372679999999995,-0.5786482
-123.9761,-182.6031,12.0,30.43872,-0.6110463
-107.0154,-185.9082,12.0,24.61196,-0.2524569
-110.2059,-205.0344,12.0,29.423540000000003,0.4689603
-109.5529,-229.2823,12.0,35.92982,0.2348569
-104.311,-257.574,12.0,41.56389,0.1972745
-80.5126,-271.7732,12.0,39.77802,0.2806163
-51.66955,-261.3575,12.0,42.18525,-0.6116248000000001
-48.49114,-236.1242,12.0,32.23236,-0.14333800000000002
-53.032540000000004,-219.5928,12.0,9.685229,-1.558759
-53.28924,-215.2724,12.0,3.211626,-0.8377532
-52.82131999999999,-216.1506,12.0,5.823214,0.49237299999999995
-46.7482,-218.5246,12.0,13.1207,0.43566099999999996
-42.00443,-209.28900000000002,12.0,13.80681,-0.2794377
-41.431979999999996,-198.5214,12.0,19.1456,0.5230729000000001
-36.27203,-182.6671,12.0,26.06425,0.46901170000000003
-20.99263,-167.5259,12.0,32.42832,0.22664189999999998
1.410937,-153.6717,12.0,37.63033,-0.1306756
12.237969999999999,-131.702,12.0,28.89354,-0.3418962
-0.3458693,-111.7556,12.0,38.98932,1.194138
-10.53965,-79.35063000000001,12.0,52.040279999999996,0.3096595
-6.169214,-39.392109999999995,12.0,56.73293,0.3730711
-2.348963,3.6867989999999997,12.0,56.142790000000005,-1.708906
-10.79981,32.32077,12.0,34.22701,0.7429906999999999
-33.20678,45.68671,12.0,38.07026,0.26850240000000003
-63.26368000000001,44.2913,12.0,43.55182,0.43715479999999995
-97.6217,43.28705,12.0,49.16013,0.41340659999999996
-134.1795,38.90443,12.0,47.83423,0.16142579999999998
-153.0525,18.66816,12.0,19.85971,-3.720616
-153.686,12.5833,12.0,1.921793,0.5954635
-149.3027,11.71411,12.0,10.27657,0.5317710999999999
-146.4361,2.039072,12.0,17.91469,0.5733989
-144.3656,-13.850710000000001,12.0,25.19997,0.5115035
-141.8989,-33.44851,13.0,3.430733,0.6023746999999999
-143.0072,-38.95947,13.0,11.6958,0.5650349
-149.3438,-48.35288,13.0,19.1457,0.2673513
-163.6241,-57.03285,13.0,25.608539999999998,0.1512749
-165.0194,-72.01127,13.0,18.3035,-0.3613172
-152.5937,-76.03098,13.0,20.60833,0.42022790000000004
-137.9266,-72.30085,13.0,18.32957,-0.10824189999999999
-122.1162,-75.84891999999999,13.0,25.74539,0.43821689999999996
-108.725,-91.65427,13.0,31.42182,0.4014499
-109.8063,-115.9919,13.0,35.81126,0.1286735
-131.2003,-132.3004,13.0,37.56198,-1.664979
-146.0733,-124.3905,13.0,12.5948,-0.9404527
-141.2766,-123.0587,13.0,10.37655,0.5471396
-139.2002,-122.6012,13.0,4.943213,0.2955638
-144.4588,-125.4529,13.0,9.84596,-0.11775769999999999
-145.5215,-129.1728,13.0,0.2061863,0.7297646
-144.5802,-125.7374,13.0,9.39842,0.6385643
-140.2477,-116.7138,13.0,17.52426,0.5345302
-144.774,-102.4099,13.0,24.33407,0.43815020000000005
-161.6396,-100.2207,13.0,23.35677,-0.5188735999999999
-167.2002,-116.9864,13.0,29.00375,0.26136929999999997
-167.6157,-141.0836,13.0,36.01115,0.4876247
-167.8046,-170.3629,13.0,42.612140000000004,0.2317905
-167.9381,-204.2626,13.0,48.83849,0.2122903
-165.5169,-241.6779,13.0,48.37979,-1.263047
-140.14700000000002,-257.4944,13.0,38.41933,-1.635401
-127.4624,-240.7593,13.0,31.95188,0.7454125
-127.5497,-213.1803,13.0,41.37258,-0.007303057
-126.4932,-187.8416,13.0,18.89829,-2.302191
-117.9476,-181.4589,13.0,16.010089999999998,0.5446255
-106.7794,-189.6504,13.0,23.57682,0.4882525
-105.1965,-209.3919,13.0,30.49131,0.5169646999999999
-108.1283,-234.3556,13.0,37.16649,0.17934979999999998
-98.19896999999999,-261.5548,13.0,42.02321,0.1169295
-70.30238,-272.0237,13.0,42.63442,0.004780037
-50.138870000000004,-250.1792,13.0,42.90931,0.27549470000000004
-47.72784,-216.7333,13.0,45.51679,-0.4677837
-35.31358,-187.9561,13.0,44.4571,0.39149179999999995
-11.13831,-162.5737,13.0,50.35433,0.43434490000000003
9.609038,-131.925,13.0,45.99843,-0.45569719999999997
-2.148473,-107.2095,13.0,32.84179,-0.5502184
-8.135856,-87.69830999999999,13.0,31.882759999999998,0.5063201
-5.860098000000001,-61.67001,13.0,38.662079999999996,0.23634000000000002
-5.143204,-30.618479999999998,13.0,45.12867,0.4680485
-3.7302989999999996,5.068046,13.0,51.12014,0.410271
-14.09685,37.43631,13.0,37.09688,-1.254225
-33.10181,38.88733,13.0,16.5553,-1.565642
-35.090579999999996,32.58422,13.0,0.1352589,-0.00750266
-35.14158,32.591440000000006,13.0,0.05850155,0.008718964000000001
-35.03313,32.906909999999996,13.0,2.93371,0.3212919
-33.900690000000004,37.91401,13.0,10.60822,0.2263755
-32.30963,44.22251,13.0,3.8929150000000003,-0.3614766
-32.61351,43.757259999999995,13.0,4.961275,0.2955619
-38.32784,41.21965,13.0,12.7186,0.5556380999999999
-49.96775,44.5242,13.0,19.88578,0.2548015
-67.16225,44.67459,13.0,26.559309999999996,0.46446000000000004
-88.98904,41.920320000000004,13.0,32.78929,0.2097932
-115.4832,42.86595,13.0,38.45467,0.16594820000000002
-141.8166,31.572159999999997,13.0,38.320570000000004,-0.2025409
-147.5803,4.208606,13.0,40.87426,0.4013251
-144.5446,-27.93665,13.0,45.883990000000004,0.10166950000000001
-154.8583,-54.8803,14.0,31.69639,-0.5903837
-161.8774,-70.56699,14.0,23.65178,0.3821259
-144.0196,-75.63541,14.0,29.123340000000002,0.46928290000000006
-121.8501,-81.5276,14.0,33.88572,0.3355242
-109.4161,-103.9076,14.0,37.152159999999995,0.1550326
-121.9004,-128.0247,14.0,39.11007,0.031523
-144.3776,-127.8151,14.0,24.01291,-1.293626
-145.7841,-120.0111,14.0,1.4015819999999999,0.1023119
-146.6876,-119.0003,14.0,1.881519,-0.01608044
-147.4993,-118.0664,14.0,1.462235,-0.02723238
-149.2504,-117.2453,14.0,4.036074,-0.02934079
-150.8283,-117.4227,14.0,2.032797,0.3280842
-146.9729,-114.5746,14.0,10.85479,0.6181135
-145.2065,-104.2694,14.0,18.39452,0.43195559999999994
-157.8573,-96.82269000000001,14.0,23.63397,0.2184607
-168.0531,-110.9229,14.0,27.83871,0.43959490000000007
-166.2765,-134.0482,14.0,34.79419,0.48689570000000004
-166.7077,-162.3279,14.0,41.55072,0.22915189999999996
-167.1975,-195.5126,14.0,47.9438,0.45750820000000003
-166.0448,-233.0261,14.0,50.9017,-1.222032
-148.9115,-254.6019,14.0,26.13172,-2.178813
-141.7354,-251.7305,14.0,4.420651,-0.1419931
-140.9252,-249.3999,14.0,4.322029,0.41142920000000005
-135.3792,-248.3519,14.0,12.019689999999999,0.2073285
-125.8892,-251.8251,14.0,12.64818,-0.35361609999999993
-120.93,-246.54,14.0,11.864339999999999,0.5763431999999999
-123.9236,-234.6122,14.0,20.874979999999997,0.5890741999999999
-126.6972,-216.5235,14.0,28.452509999999997,0.2596969
-127.7226,-192.8059,14.0,35.32926,0.1519902
-112.6794,-179.2125,14.0,24.80898,-0.5084774999999999
-105.3611,-194.8324,14.0,32.35751,0.6607193
-107.4645,-226.4353,14.0,52.55605,1.339823
-95.05778000000001,-264.2002,14.0,49.95197,-0.671657
-63.32674,-270.0779,14.0,46.30426,-0.2068475
-48.15403,-243.6659,14.0,43.75522,0.1674784
-46.69184,-209.7407,14.0,48.16755,0.2686338
-25.62481,-179.107,14.0,53.07856999999999,0.3896059
3.27278,-149.9874,14.0,55.38554,-0.3541535
7.331693,-120.7627,14.0,29.05316,-0.7270259
-4.1080879999999995,-104.2817,14.0,29.49682,0.4604876
-5.340758,-80.13556,14.0,36.18313,0.5105834
-3.036988,-50.93078,14.0,42.861340000000006,0.23108160000000003
-2.214515,-16.7667,14.0,49.15773,0.20892039999999998
-4.620614,21.44557,14.0,50.71205,-0.5872335
-27.33414,42.725359999999995,14.0,43.11469,0.02015144
-61.06683,40.40715,14.0,48.52118,0.44389709999999993
-99.21892,40.40699,14.0,54.382419999999996,0.1850213
-136.0079,38.05128,14.0,39.213229999999996,-2.475282
-145.1634,22.65825,14.0,8.773966,-1.292671
-142.9737,23.38514,14.0,5.541124,-0.7844616999999999
-141.2125,25.57762,14.0,0.8926966000000001,0.5523609
-143.8934,22.45911,14.0,8.829489,0.354329
-149.2895,21.92297,14.0,3.058534,-0.7862946
-148.1284,21.22504,14.0,6.545419,0.672292
-142.7754,15.2068,14.0,15.31158,0.5892409000000001
-140.7835,1.1207610000000001,14.0,23.41094,0.2877338
-142.4066,-19.1558,14.0,31.260409999999997,0.5398835
-141.85,-35.95435,1.0,5.736212999999999,0.10346300000000001
-142.8352,-44.00761,1.0,15.5566,0.5905029
-152.5019,-54.549080000000004,1.0,23.781129999999997,0.3115139
-162.9411,-69.47334000000001,1.0,26.797359999999998,-0.2436911
-148.5576,-74.68678,1.0,24.32706,0.18775239999999999
-136.1665,-68.69545,1.0,7.131931,0.06275312
-135.8615,-68.27906,1.0,0.02616973,-0.0003393862
-135.8428,-68.28177,1.0,0.02430527,-0.001040635
-135.8269,-68.28369,1.0,0.01343113,-0.027204700000000002
-136.0798,-70.21729,1.0,4.565581,0.1178556
-135.6553,-73.51149000000001,1.0,4.171416000000001,-0.06165658
-136.4363,-76.10638,1.0,3.4846,-0.004440385
-135.8614,-75.83743,1.0,5.564735,0.3205014
-128.5953,-75.31403,1.0,14.41332,0.6324108
-118.0888,-82.84161,1.0,21.831979999999998,0.285645
-110.7775,-100.4448,1.0,29.42983,0.4662423
-115.5793,-123.1389,1.0,34.892990000000005,0.16600299999999998
-138.3343,-132.5315,1.0,30.90022,-1.451175
-145.7074,-118.5695,1.0,21.90263,0.1170077
-138.4587,-108.7236,1.0,0.8985774,-1.321591
-138.4581,-108.7235,1.0,0.02609318,0.006242177
-138.4589,-108.7402,1.0,0.025448,0.01125848
-141.3497,-108.1127,1.0,8.019369000000001,0.24491500000000002
-145.6785,-110.7575,1.0,2.01761,-0.7375411000000001
-144.7356,-108.6336,1.0,7.626912,0.6330293
-146.4167,-100.3924,1.0,15.783929999999998,0.599355
-157.9379,-95.93295,1.0,16.23583,-0.3809763
-165.6842,-103.55799999999999,1.0,19.28181,0.6080114000000001
-168.0178,-123.0872,1.0,32.80195,0.39326209999999995
-165.8024,-149.5194,1.0,40.94578,0.41342049999999997
-164.926,-176.2736,1.0,32.76471,-0.2565728
-167.985,-199.9164,1.0,37.761179999999996,1.515292
-166.5027,-228.9684,1.0,36.32155,-0.5252883
-157.5411,-249.166,1.0,25.98626,-0.5834428
-137.8344,-249.274,1.0,30.078940000000003,0.04907162
-121.7841,-236.1139,1.0,24.5171,-0.6819561
-130.9491,-221.2645,1.0,24.3558,-0.5168282
-123.8344,-207.0792,1.0,20.26915,-0.5576087
-124.7003,-193.8995,1.0,17.3825,-0.1579046
-120.2866,-184.447,1.0,16.88212,1.1010440000000001
-110.9051,-190.7299,1.0,16.11508,-0.2591313
-110.0811,-201.5665,1.0,13.849160000000001,-0.05510149
-109.4381,-214.4954,1.0,21.60032,0.6019859000000001
-107.4833,-233.2324,1.0,29.196209999999997,0.2712275
-101.4038,-256.5014,1.0,35.68735,0.3589613
-79.19382,-271.4361,1.0,39.048320000000004,0.14322620000000003
-55.135290000000005,-257.9724,1.0,39.66048,0.02712377
-51.346090000000004,-228.1399,1.0,43.45262,0.15417229999999998
-37.491620000000005,-197.2656,1.0,48.47569,0.3986894
-12.712480000000001,-168.4967,1.0,54.16695,0.1908341
10.15897,-133.4189,1.0,57.571580000000004,-0.7905257
10.763589999999999,-106.2793,1.0,13.821279999999998,-1.393283
9.828053,-104.2836,1.0,0.5300116,-0.07218109
10.260530000000001,-104.5732,1.0,3.563128,0.5002582
14.28997,-106.9746,1.0,8.597643,0.08263844
18.4873,-106.9334,1.0,1.055495,-0.6626635000000001
16.054560000000002,-107.6935,1.0,7.834092999999999,0.6249056
8.095619000000001,-111.4758,1.0,15.258410000000001,0.4498308
-0.25969699999999996,-105.2794,1.0,19.486729999999998,0.5089787
0.8344239999999999,-88.38838,1.0,26.10246,0.47234090000000006
-4.737092,-67.18454,1.0,32.968509999999995,0.48187820000000003
-5.877730000000001,-40.32493,1.0,39.606640000000006,0.234911
-6.367948999999999,-8.612533,1.0,45.89456,0.2109354
-7.516932000000001,26.93223,1.0,45.06237,-1.300296
-20.0577,44.66235,1.0,15.16755,-1.161961
-29.328190000000003,38.6348,1.0,18.5163,0.4864835
-45.4522,39.12786,1.0,25.65564,0.5260469
-67.02846,39.583,1.0,32.715270000000004,0.5005132000000001
-93.77821999999999,39.729440000000004,1.0,39.41053,0.24160389999999998
-125.2671,40.61338,1.0,43.289190000000005,-0.6878717
-144.4581,29.51165,1.0,20.57262,-0.7908482
-139.6342,24.81034,1.0,9.692229,0.2045933
-137.7517,24.248639999999998,1.0,0.06823557,-0.02955248
-137.7516,24.20766,1.0,0.048670599999999994,-0.0076960530000000004
-140.2877,24.624760000000002,1.0,7.3670979999999995,0.2151594
-147.4323,24.28673,1.0,10.75453,-0.5629386
-151.2131,25.41739,1.0,0.38454099999999997,-0.5877896
-148.8605,23.8454,1.0,8.017582,0.5741394000000001
-147.5626,15.57975,1.0,15.356489999999999,0.2575432
-151.8992,2.737071,1.0,21.49576,0.21555929999999998
-147.5664,-15.09772,1.0,28.11843,0.47888220000000004
-146.433,-38.170190000000005,2.0,34.03091,0.1555634
-162.9541,-54.57046,2.0,32.684670000000004,-0.494
-162.59,-72.11748,2.0,20.54368,-0.6446459
-156.1047,-69.14404,2.0,8.75853,-0.5291889
-155.6976,-68.52763,2.0,0.05024136,0.04097385
-155.7458,-68.72173000000001,2.0,2.183979,0.616811
-156.2989,-72.02904000000001,2.0,5.08858,-0.02491467
-156.966,-75.10924,2.0,1.322001,-0.7493078000000001
-154.9845,-73.42754000000001,2.0,8.262789999999999,0.6546416
-146.1884,-74.77634,2.0,16.78555,0.6069278
-133.8668,-82.10696,2.0,19.36266,-0.284986
-121.4238,-86.29918,2.0,19.00913,0.9697150999999999
-110.8806,-102.5677,2.0,31.60864,-0.05873428
-118.6306,-123.7974,2.0,33.2266,-0.03834858
-139.868,-129.6409,2.0,26.540029999999998,-0.6313751
-142.9479,-116.5834,2.0,21.95093,0.5723749
-141.8676,-103.244,2.0,18.77769,0.1422725
-156.5434,-102.7337,2.0,20.187379999999997,-0.49984609999999996
-160.9824,-113.9619,2.0,16.52921,0.06615703
-163.8645,-126.8301,2.0,20.41732,0.5514405
-165.3867,-145.4503,2.0,29.19612,0.5882751
-165.3683,-169.9881,2.0,36.775729999999996,0.5233843
-165.7361,-199.8867,2.0,43.88436,0.4780273
-165.0419,-234.6758,2.0,46.446740000000005,-2.001255
-154.3873,-251.0851,2.0,23.41088,0.2154844
-134.4344,-251.2101,2.0,30.536240000000003,0.1947337
-126.3119,-235.5671,2.0,25.26827,0.7708689000000001
-125.8146,-213.72099999999998,2.0,34.26923,0.2150833
-125.5375,-188.3065,2.0,22.727729999999998,-1.450136
-117.6037,-184.0707,2.0,13.961960000000001,0.25882289999999997
-110.7766,-193.6223,2.0,20.89932,0.5866061
-109.2767,-212.1197,2.0,28.978559999999998,0.2798913
-106.2421,-236.2754,2.0,36.533,0.24935679999999996
-95.06049,-263.0612,2.0,42.10868,0.13390639999999998
-67.23387,-268.30400000000003,2.0,40.742740000000005,0.24422570000000002
-48.854,-245.0163,2.0,42.28613,0.01139689
-47.74179,-211.9787,2.0,47.45585,0.14214649999999998
-27.901490000000003,-181.9405,2.0,51.9463,0.4864297
-0.7313712,-151.5963,2.0,57.15126,-0.6385701
7.992493,-125.7654,2.0,18.292270000000002,-0.5220815
-2.311122,-114.6828,2.0,24.27744,0.5210465999999999
-6.786266,-94.95905,2.0,31.41225,0.5733326
-6.703514,-68.9188,2.0,38.79477,0.2618166
-6.841500999999999,-37.56863,2.0,45.78598,0.49834259999999997
-7.318573,-1.185077,2.0,52.32458,0.4695643
-11.23686,36.30162,2.0,42.26934,-2.216413
-25.51202,46.03973,2.0,6.650898,-2.680847
-25.56416,43.40835,2.0,7.761817,0.6270591
-32.56913,39.89816,2.0,15.82807,0.29379959999999994
-45.91822,46.16163,2.0,23.76599,0.4680875
-65.82599,44.22514,2.0,31.01997,0.27288870000000004
-91.52063000000001,41.66531,2.0,38.45863,0.5204041
-122.5707,40.46513,2.0,45.325309999999995,0.2339087
-149.0034,27.842540000000003,2.0,29.17635,-0.9865136
-149.4723,18.93189,2.0,2.425825,0.3666304
-144.8004,18.20288,2.0,11.126489999999999,0.5891181
-144.9346,7.609814999999999,2.0,19.138360000000002,0.5710265999999999
-150.8799,-7.341317999999999,2.0,25.10364,0.4313392
-146.012,-28.077270000000002,2.0,32.38439,0.5453309000000001
-143.0748,-39.54415,3.0,11.66038,-0.1868263
-147.3475,-47.58462,3.0,16.34093,0.9962175
-158.0806,-53.49938,3.0,15.32138,-0.21927939999999999
-166.2747,-58.401030000000006,3.0,11.41938,-0.3218446
-165.1809,-65.75686999999999,3.0,11.24225,0.9034648000000001
-156.2405,-72.31844,3.0,19.24813,0.5379188
-139.215,-72.51961999999999,3.0,26.819670000000002,0.2625574
-119.9853,-81.16175,3.0,26.728859999999997,-0.4513021
-109.1597,-95.41991,3.0,24.60424,1.0777
-109.4146,-115.5693,3.0,25.71211,-0.3972257
-118.8928,-129.3316,3.0,20.41603,-0.3179229
-134.7486,-133.4233,3.0,23.82479,-0.6197951999999999
-144.1838,-118.7087,3.0,31.43158,1.16008
-155.4411,-103.7907,3.0,17.27054,-0.17899779999999998
-165.5505,-110.2384,3.0,21.12485,0.5650630999999999
-168.3596,-128.572,3.0,29.028229999999997,0.29680959999999995
-169.7141,-152.8321,3.0,36.428470000000004,0.2505157
-167.3547,-182.3087,3.0,43.41668,0.5282544
-164.421,-216.8376,3.0,49.80742,0.07502584
-160.3987,-251.1057,3.0,40.041340000000005,-1.627684
-140.8028,-257.2996,3.0,25.09337,0.5197666
-126.5199,-241.0886,3.0,32.47848,0.3134309
-128.05700000000002,-215.9737,3.0,37.582679999999996,0.07108372
-126.2757,-190.0582,3.0,31.95435,-0.49936450000000004
-113.1756,-178.8169,3.0,22.459210000000002,-0.4957048
-109.9422,-192.993,3.0,24.58677,0.5197977
-105.4192,-212.9225,3.0,31.72226,0.27442740000000004
-105.5808,-235.1999,3.0,27.59324,-0.3413879
-104.3265,-257.8633,3.0,35.84207,0.30852090000000004
-83.55579,-271.6883,3.0,36.56214,0.264977
-62.66426,-268.8288,3.0,16.06844,-0.5632198
-56.3168,-266.8185,3.0,2.570349,-0.8490655
-57.01446,-267.2871,3.0,1.282044,-0.1821583
-56.632,-266.9344,3.0,3.7702089999999995,0.5031559
-53.711259999999996,-263.4494,3.0,7.596457000000001,0.13010839999999999
-48.655809999999995,-263.1286,3.0,4.840851,-0.8735841999999999
-48.70214,-262.7699,3.0,5.189433999999999,0.6306379
-50.09536,-256.068,3.0,13.51859,0.6158855
-46.91966,-243.4889,3.0,21.41026,0.5550635
-44.00339,-225.1022,3.0,28.81632,0.5107216
-41.23851,-201.2783,3.0,35.789,0.4971312
-27.507440000000003,-177.84099999999998,3.0,40.11292,0.2295062
-7.362278,-158.2524,3.0,28.318070000000002,-0.8379452
6.051929,-147.7519,3.0,20.22231,-0.1826009
11.82583,-136.3815,3.0,15.354079999999998,-0.2874074
8.762588000000001,-125.4158,3.0,18.4964,0.5369859
-1.101426,-112.3337,3.0,25.7773,0.2504684
-8.616495,-91.89984,3.0,32.777120000000004,0.5024565
-10.2873,-65.3773,3.0,39.21776,0.44921279999999997
-6.176888,-34.175779999999996,3.0,45.471140000000005,0.45196549999999996
-3.4077040000000003,-1.8062340000000001,3.0,36.695809999999994,-4.051686
-4.606218,13.524529999999999,3.0,6.870659,-0.8642027
-5.295431,17.455189999999998,3.0,9.190207000000001,0.632043
-7.785489,27.10067,3.0,17.58385,0.5945301
-17.416970000000003,39.15371,3.0,24.7854,0.5150315
-37.190259999999995,45.0655,3.0,31.36737,0.2409705
-63.05047,44.72006,3.0,38.30218,0.2315165
-93.81815999999999,43.02944,3.0,44.87636,0.4614278
-127.4216,39.45646,3.0,43.33388,-0.8158456999999999
-149.9415,25.27983,3.0,34.13813,-0.6651004
-143.697,1.743809,3.0,34.79435,0.07960914
-144.9274,-26.04063,3.0,40.49765,0.4057881
-149.9048,-51.965090000000004,4.0,24.086579999999998,-2.2402580000000003
-163.7934,-55.003530000000005,4.0,19.548,-0.2690236
-165.5429,-67.0769,4.0,21.75945,0.45807749999999997
-148.5961,-72.61579,4.0,28.141309999999997,0.5259864000000001
-126.338,-77.98604,4.0,34.416540000000005,0.39783290000000004
-109.3445,-98.81106,4.0,39.262170000000005,0.1415491
-116.6734,-124.7746,4.0,37.46177,-0.09629247
-139.7719,-130.2519,4.0,31.62705,-0.007662309
-143.9949,-109.6006,4.0,31.30136,-0.10511480000000001
-154.6277,-98.86775,4.0,16.069679999999998,0.2522527
-165.3357,-108.5931,4.0,24.168429999999997,0.48513
-169.1214,-128.8254,4.0,31.449920000000002,0.5271736
-169.86,-154.553,4.0,38.20556,0.475633
-166.9787,-185.2128,4.0,44.7978,0.4505093
-163.7502,-220.4333,4.0,49.43135,-0.01045508
-160.0162,-249.5059,4.0,21.88277,-0.9795879000000001
-147.6926,-257.0804,4.0,21.43045,0.2702428
-131.8573,-253.1212,4.0,25.43712,0.1680639
-125.4906,-232.5629,4.0,32.42966,0.4419623
-128.5083,-206.7162,4.0,38.4419,0.1824282
-120.7272,-179.9533,4.0,36.42152,-0.7076656
-100.4585,-182.4723,4.0,25.736639999999998,-0.6432014
-107.2859,-194.8098,4.0,23.01026,0.5101081000000001
-114.5549,-201.5471,4.0,0.2537495,-1.636108
-114.555,-201.5548,4.0,0.01096971,0.02661309
-113.3667,-201.7926,4.0,4.1900889999999995,0.09691805
-109.9007,-199.398,4.0,5.448629,-0.34631009999999995
-109.6694,-198.5578,4.0,2.7384459999999997,0.5193229
-108.9453,-203.2025,4.0,9.908493,0.5030968
-106.9461,-212.8799,4.0,16.6123,0.47120870000000004
-105.1774,-227.4048,4.0,22.859029999999997,0.4204454000000001
-105.9068,-246.5184,4.0,28.55493,0.31661300000000003
-96.5619,-266.5874,4.0,32.44101,0.1879534
-72.99396999999999,-271.1929,4.0,35.16976,0.27904709999999994
-51.3896,-256.3418,4.0,36.969590000000004,-0.1241431
-49.26173,-228.0816,4.0,40.44744,0.3416886
-41.43827,-197.78,4.0,44.6053,0.29026540000000006
-20.41708,-171.5539,4.0,46.68435,-0.09431524
1.3448309999999999,-151.9194,4.0,25.51099,-2.293327
11.61842,-140.6078,4.0,17.4066,-0.5287271
9.96117,-127.2654,4.0,23.55118,0.3991187
-2.0270610000000002,-111.8694,4.0,28.955140000000004,0.16971860000000002
-9.119869,-89.62284,4.0,34.16901,0.37938720000000004
-10.30654,-62.572959999999995,4.0,39.09935,0.1735537
-5.176937000000001,-32.26593,4.0,43.828379999999996,0.1650512
-1.572678,1.575274,4.0,47.864940000000004,0.1834282
-9.677760000000001,31.38222,4.0,26.747709999999998,-0.6868671
-27.48497,42.7303,4.0,31.45839,0.3408071
-52.55902,43.456720000000004,4.0,36.49184,0.3993757
-81.50166999999999,43.25463,4.0,41.50911,0.3424092
-113.3162,40.787620000000004,4.0,42.86449,-0.17033589999999998
-136.6752,37.39219,4.0,14.94256,-0.421152
-145.5029,29.458879999999997,4.0,19.3205,0.21492600000000003
-147.9119,13.328320000000001,4.0,25.06898,0.41520909999999994
-144.1536,-6.993235,4.0,30.735970000000002,0.195237
-141.9148,-31.478859999999997,4.0,34.59628,-0.5968786
-152.0547,-50.09343,5.0,26.68351,0.15577249999999998
-168.38400000000001,-61.199769999999994,5.0,22.76874,-1.329976
-160.8359,-69.58444,5.0,16.1812,-0.385917
-146.9983,-71.46053,5.0,22.854979999999998,0.2208246
-128.5181,-76.4045,5.0,28.6456,0.1939187
-110.9021,-90.39175,5.0,32.86136,0.1992729
-109.9861,-114.6795,5.0,33.808890000000005,-0.1981118
-124.5153,-132.4283,5.0,29.38472,-0.4807798
-140.7811,-127.2451,5.0,23.47814,0.07545903
-147.232,-109.3093,5.0,28.36562,0.17491020000000002
-163.1743,-101.0843,5.0,19.43921,-1.412503
-164.5225,-112.3118,5.0,17.097189999999998,0.1074751
-167.0083,-127.8104,5.0,25.74417,1.22215
-168.4593,-153.5414,5.0,43.894490000000005,0.7772982
-165.0294,-188.3231,5.0,50.02454,0.5266075
-164.3069,-222.5829,5.0,32.56558,-2.5112900000000002
-163.2147,-239.4286,5.0,18.99909,-0.2225326
-159.437,-250.74400000000003,5.0,14.95333,0.1056194
-148.2672,-259.4219,5.0,24.35539,0.4200683
-130.9815,-252.0618,5.0,31.2049,0.458834
-125.4773,-225.32,5.0,41.3142,0.23494299999999999
-128.7358,-198.8666,5.0,22.59346,-0.9422805000000001
-124.8709,-185.6553,5.0,15.582089999999999,-0.4444233
-111.8708,-182.6107,5.0,23.52681,0.6102411999999999
-102.4973,-197.0731,5.0,27.529059999999998,0.6333476
-103.5231,-221.2031,5.0,36.08897,0.27247340000000003
-105.5976,-247.9709,5.0,33.66188,-0.6489343000000001
-96.7058,-267.564,5.0,30.15408,0.22949160000000002
-73.80621,-271.5511,5.0,34.1103,0.2942606
-53.230380000000004,-257.1974,5.0,36.08595,0.0756314
-47.922129999999996,-229.38,5.0,40.55168,0.3728322
-42.03638,-198.1801,5.0,45.08916,0.2730568
-22.6943,-170.2301,5.0,47.98005,0.2030013
-3.593871,-156.5112,5.0,14.40249,-0.3543628
3.769972,-151.4678,5.0,9.805259,-0.29847740000000006
8.20969,-147.6391,5.0,6.8265910000000005,0.34339959999999997
12.469610000000001,-141.3352,5.0,13.668660000000001,0.4545657
11.37838,-129.3334,5.0,19.69634,0.4325208
1.5516379999999999,-115.7483,5.0,25.574679999999997,0.3790165
-7.122657000000001,-96.69513,5.0,31.01766,0.38776679999999997
-10.69859,-72.11895,5.0,36.16259,0.3443935
-6.855772,-43.82204,5.0,41.019490000000005,0.3630777
-1.965252,-12.08405,5.0,45.68985,0.15195250000000002
-3.7898690000000004,16.7886,5.0,29.17735,-0.7245519
-7.436783999999999,26.755770000000002,5.0,11.81905,1.0672549999999998
-14.12239,36.72468,5.0,19.447129999999998,0.4029389
-28.76505,44.0616,5.0,25.10751,0.1872635
-49.36502,45.27173,5.0,30.708190000000002,0.2028453
-74.12083,44.54611,5.0,36.11354,0.39651020000000003
-102.7468,42.83971,5.0,41.15387,0.3560475
-130.2145,39.89314,5.0,26.04055,-3.092739
-143.2364,32.51605,5.0,22.85716,0.3814651
-148.091,14.44302,5.0,28.10346,0.17667420000000003
-143.8766,-7.86579,5.0,33.41037,0.3707875
-142.4044,-33.0302,5.0,30.16406,-0.46671999999999997
-146.2758,-45.14045,6.0,13.32032,0.4814481
-155.8649,-53.959140000000005,6.0,17.91146,-0.21388690000000002
-165.3074,-59.408190000000005,6.0,12.30424,-0.03654263
-162.7283,-69.84569,6.0,20.55816,0.7169296
-144.3835,-71.65743,6.0,32.67686,1.051087
-119.0599,-81.64001,6.0,41.91386,0.43201649999999997
-110.6305,-106.7662,6.0,33.687090000000005,-0.5736074000000001
-116.8548,-118.7918,6.0,10.705919999999999,-0.311892
-121.266,-129.3118,6.0,19.4307,-0.520462
-133.1079,-133.9443,6.0,20.17911,0.1997719
-144.1544,-122.4825,6.0,25.537860000000002,0.2506661
-148.2631,-106.2073,6.0,11.22209,-2.0415389999999998
-153.0637,-102.3078,6.0,10.66067,0.677024
-163.2025,-102.0492,6.0,15.68411,-0.2524332
-167.2136,-114.4672,6.0,23.54944,1.004932
-168.7732,-136.9675,6.0,36.995979999999996,0.9074639999999999
-168.4319,-168.8045,6.0,48.36585,0.3707107
-164.9159,-207.7506,6.0,53.37928,-0.8820344000000001
-163.2835,-242.9766,6.0,39.74747,-0.9073306999999999
-149.035,-258.2075,6.0,24.3807,-0.5736245
-134.1876,-254.3662,6.0,19.618489999999998,0.2224346
-125.9032,-239.145,6.0,26.86358,0.3889968
-125.7388,-217.313,6.0,32.2149,0.3830989
-128.6825,-192.2318,6.0,31.231340000000003,-0.8108113
-119.569,-182.0668,6.0,19.21556,0.1860459
-106.21700000000001,-189.4917,6.0,23.82091,0.3466921
-102.5733,-208.4471,6.0,29.058359999999997,0.4166132000000001
-105.0006,-231.9419,6.0,34.50549,0.39590349999999996
-103.9928,-259.1741,6.0,38.708220000000004,-0.01188201
-83.05366,-272.5076,6.0,32.58417,-0.7404255999999999
-62.51043000000001,-267.5384,6.0,24.79897,-0.5057543999999999
-50.57336,-256.0145,6.0,26.24963,0.5766647
-46.464290000000005,-234.2816,6.0,32.58941,0.4043627
-43.39755,-208.372,6.0,37.82917,0.17913410000000002
-34.02426,-180.9167,6.0,40.81128,0.01698708
-10.085339999999999,-162.4404,6.0,34.8233,-2.89693
2.10656,-153.1073,6.0,13.02164,-0.174225
8.861774,-147.0582,6.0,12.83522,0.2913018
12.88649,-136.5204,6.0,19.488879999999998,0.6513813
4.891025,-121.3261,6.0,29.40529,1.240185
-7.247284,-97.59883,6.0,43.41895,0.48689609999999994
-9.214364999999999,-60.70253,6.0,56.09287,0.43124239999999997
-2.123116,-16.958479999999998,6.0,61.99651,-0.3524953
-4.82987,18.52345,6.0,27.993740000000003,-2.8707380000000002
-11.43487,33.407920000000004,6.0,22.67545,0.4664327999999999
-27.95028,43.70055,6.0,32.1414,0.9520347
-56.94181,45.09478,6.0,46.80454,1.059477
-96.8926,43.38729,6.0,59.96215,-0.5081874
-124.3586,39.916090000000004,6.0,15.33065,-1.6118190000000001
-134.2787,37.89397,6.0,16.26633,1.142801
-146.416,28.25396,6.0,24.59166,0.24000639999999998
-146.9898,8.229892999999999,6.0,29.915940000000003,0.40513119999999997
-142.276,-15.55171,6.0,35.29343,0.3741222
-141.9454,-34.92095,7.0,7.770078999999999,0.25610120000000003
-143.5105,-43.09941,7.0,14.55993,0.46454449999999997
-152.6635,-51.82412,7.0,20.42351,0.41665169999999996
-166.5319,-60.4723,7.0,21.94088,-0.6287975
-165.9551,-72.93343,7.0,15.63006,-0.03322447
-154.6947,-76.96373,7.0,18.47237,0.12974660000000002
-140.5422,-73.29699000000001,7.0,20.46408,0.21960729999999998
-124.571,-75.86028,7.0,24.53461,0.9573649
-110.1513,-91.17744,7.0,31.2596,0.1075269
-110.5989,-115.0029,7.0,34.63012,0.07942419
-130.5421,-131.2684,7.0,37.02352,0.007101716
-147.64700000000002,-123.4569,7.0,16.9453,-0.540694
-143.4218,-115.8341,7.0,11.41972,0.37235100000000004
-146.7094,-105.0422,7.0,16.70658,-0.379633
-158.6285,-101.8458,7.0,20.22009,0.49562619999999996
-166.3314,-113.8538,7.0,19.8263,-0.02169052
-166.0607,-130.0578,7.0,25.5092,0.3057655
-168.8562,-153.6757,7.0,39.24323,0.9765722
-169.8059,-187.519,7.0,51.78461,0.8276025
-169.0029,-226.8479,7.0,48.98273,-0.8491437
-158.2733,-251.5655,7.0,28.799709999999997,-0.42811980000000005
-140.7231,-254.0331,7.0,21.524160000000002,-0.05247071
-127.1733,-245.255,7.0,24.185979999999997,0.42479049999999996
-125.9608,-223.8486,7.0,32.62947,0.39433070000000003
-126.1828,-197.7106,7.0,37.915279999999996,0.3741855
-118.7676,-179.7642,7.0,15.21222,-0.33043979999999995
-110.4626,-186.649,7.0,19.65546,0.41740420000000006
-108.9903,-203.3585,7.0,25.65682,0.43638770000000005
-108.6618,-224.5042,7.0,31.37717,0.398947
-106.3546,-249.4381,7.0,36.16527,0.2690738
-88.65894,-269.9727,7.0,38.89186,0.07267877
-61.00196999999999,-268.1094,7.0,39.316720000000004,-0.01100335
-49.565329999999996,-242.2731,7.0,40.81562,0.3268522
-46.31239,-210.6058,7.0,44.950759999999995,0.10801089999999999
-26.4439,-183.2326,7.0,48.07486,0.31268340000000006
-1.6115680000000001,-155.3766,7.0,52.55293,-0.8606166999999999
9.170274000000001,-129.8177,7.0,25.096120000000003,-0.6919621
-0.5471522,-113.4937,7.0,30.05185,0.20724210000000004
-5.670957,-88.96934,7.0,41.62795,1.39219
-1.279362,-51.7756,7.0,58.9822,0.5421981
-1.6639389999999998,-3.479855,7.0,65.42709,-1.0246790000000001
-8.522913,35.557179999999995,7.0,37.04476,-2.464582
-29.592809999999997,41.288070000000005,7.0,33.97587,1.3202610000000001
-58.445209999999996,40.50394,7.0,41.75723,0.1631276
-91.21207,40.58437,7.0,46.46324,0.1523727
-127.1905,40.953309999999995,7.0,48.96145,-0.5611297
-147.3739,26.535829999999997,7.0,28.1057,0.04208147
-145.424,3.9987199999999996,7.0,33.12063,0.4009139
-145.3477,-22.46847,7.0,38.32669,0.1816624
-152.0717,-50.42586,8.0,37.52625,-0.43358800000000003
-168.0853,-64.45753,8.0,20.21312,-0.6478119000000001
-159.7089,-78.19489,8.0,27.254790000000003,0.07389993
-138.2126,-77.1353,8.0,31.809929999999998,0.2953498
-117.1961,-87.71539,8.0,34.54596,0.11916889999999998
-111.3875,-112.7449,8.0,36.915459999999996,0.05493047
-130.2092,-131.3971,8.0,37.89881,-0.08448597
-146.5968,-127.9476,8.0,5.363656,-1.157445
-144.278,-125.6678,8.0,8.233061,0.5117835999999999
-141.8107,-117.7579,8.0,14.80192,0.4504782
-148.2278,-106.4961,8.0,20.74578,0.1920849
-163.5,-104.2509,8.0,23.55545,0.01942534
-167.3233,-121.3901,8.0,27.260690000000004,0.42264430000000003
-167.7475,-143.558,8.0,32.60581,0.38745759999999996
-171.2525,-169.3482,8.0,37.66558,0.3225691
-169.3077,-199.0907,8.0,42.50051,0.1654175
-168.1232,-232.27700000000002,8.0,46.953509999999994,0.04424164
-151.4716,-256.3492,8.0,36.54045,-0.3024954
-131.9105,-248.3433,8.0,28.24138,0.4858094
-127.0957,-226.1295,8.0,33.77198,0.3810294
-126.9906,-199.1905,8.0,38.881859999999996,0.07588339999999999
-117.4126,-179.6316,8.0,18.03582,-0.7309815
-108.281,-186.1495,8.0,18.85201,0.4105469
-106.8164,-202.2184,8.0,24.84553,0.2188632
-106.1732,-222.8654,8.0,30.637940000000004,0.39756529999999995
-104.6679,-247.4514,8.0,35.75379,0.14144720000000002
-89.43735,-269.346,8.0,38.23583,0.06860297
-62.452659999999995,-268.5291,8.0,38.764359999999996,0.1786796
-48.05081,-244.2027,8.0,40.65376,0.313226
-45.42219,-212.5037,8.0,45.175340000000006,0.1242853
-27.96257,-184.533,8.0,46.84612,0.1547993
-3.304857,-157.8925,8.0,51.07972,0.26009699999999997
8.595272,-128.0378,8.0,35.81559,-0.9866742000000001
-5.0847739999999995,-105.476,8.0,39.92214,-0.2282944
-3.8249760000000004,-76.51804,8.0,41.73423,0.345578
-1.2524520000000001,-43.957190000000004,8.0,46.31712,0.32357140000000006
-1.6486180000000001,-8.017771,8.0,50.71885,0.14543029999999998
-6.055271,29.700090000000003,8.0,46.08675,-1.948546
-23.88065,42.72542,8.0,15.47877,-2.534673
-26.61386,39.05124,8.0,7.871752000000001,0.4754862
-33.755790000000005,38.06793,8.0,14.14269,0.24314380000000002
-42.728320000000004,47.14479,8.0,20.27459,0.118074
-48.02845,48.58659,8.0,0.01756853,-0.01034398
-48.09162,48.35337,8.0,2.2055689999999997,0.49334920000000004
-48.32845,45.25092,8.0,5.348001999999999,0.03970607
-47.145790000000005,43.28865,8.0,1.599676,0.6968227
-51.13172,45.75809,8.0,10.8646,0.3143727
-62.255469999999995,45.6109,8.0,19.47566,0.606158
-79.63803,43.52393,8.0,27.590659999999996,0.5687732
-102.8083,42.32441,8.0,35.09827,0.5314674
-130.9712,42.79453,8.0,39.98917,-0.130937
-144.3986,19.71213,8.0,40.25464,0.6880549
-145.9624,-13.32996,8.0,48.66853,0.11988519999999998
-141.9928,-34.2773,9.0,2.835473,-0.03014726
-142.5968,-37.35289,9.0,9.710196,0.33389009999999997
-146.412,-46.205220000000004,9.0,13.4077,-0.11015699999999999
-153.2065,-51.852090000000004,9.0,11.8989,0.5608479999999999
-162.7952,-55.04886,9.0,12.57682,-0.23910610000000002
-166.9328,-61.6652,9.0,10.2803,0.2288489
-160.8015,-71.59114,9.0,21.05971,-0.3697473
-147.3945,-73.20869,9.0,16.68298,-0.23918179999999997
-135.5272,-73.34459,9.0,19.41664,1.284333
-119.0564,-80.49445,9.0,25.72103,0.07487956
-108.4263,-96.29359000000001,9.0,26.359659999999998,-0.09868228
-107.9987,-112.1323,9.0,12.82318,-0.09607107
-110.6618,-120.3983,9.0,12.59421,0.9713976000000001
-118.98299999999999,-131.7091,9.0,21.16185,-0.3689743
-132.1858,-134.7681,9.0,16.6771,-0.2613064
-142.0476,-128.3113,9.0,20.07396,0.6921782
-148.1385,-111.1736,9.0,28.5583,0.5773454
-157.1391,-99.51314,9.0,15.02525,-0.3962353
-164.9391,-104.2154,9.0,15.4375,0.5008988
-167.9315,-121.2416,9.0,30.707259999999998,0.4889094
-168.8818,-148.8876,9.0,42.69934,0.26420509999999997
-167.1666,-182.2602,9.0,47.040690000000005,0.21791679999999997
-163.9427,-216.3006,9.0,42.6666,-0.5629573
-162.1275,-242.8084,9.0,27.94957,-0.487205
-152.0637,-257.4174,9.0,21.77844,-0.3547703
-138.5643,-259.2467,9.0,17.57759,0.1640671
-127.7113,-245.6928,9.0,31.17083,1.085302
-125.7729,-219.468,9.0,36.417429999999996,-0.2792028
-128.7934,-197.6393,9.0,19.405820000000002,-0.7765845
-127.0987,-186.5394,9.0,13.503260000000001,-0.14188989999999999
-117.3949,-181.6376,9.0,19.17069,0.28332379999999996
-105.6651,-187.02599999999998,9.0,15.80231,-0.3073694
-102.4808,-199.2974,9.0,23.43508,0.5515333
-103.7948,-221.5857,9.0,35.25219,0.29854050000000004
-105.8925,-248.8655,9.0,36.39546,-0.1933099
-93.75747,-270.374,9.0,32.75761,-0.06817689999999998
-70.1619,-271.4835,9.0,32.48193,-0.05317845
-52.388999999999996,-256.4553,9.0,33.37638,0.163926
-47.04095,-231.2349,9.0,36.02061,0.08092725
-42.72586,-204.5226,9.0,35.4441,-0.166509
-34.21302,-181.5657,9.0,30.768340000000002,-0.18541370000000001
-19.30699,-167.5086,9.0,24.91905,-0.328786
-5.347553,-158.0903,9.0,21.125870000000003,-0.07769964
6.3574839999999995,-149.8965,9.0,18.134870000000003,0.14048470000000002
12.71482,-136.4608,9.0,23.84155,0.12427780000000001
3.819958,-119.6276,9.0,28.72295,0.237333
-7.2518839999999996,-101.0873,9.0,29.78305,0.06232354
-11.146339999999999,-79.07843000000001,9.0,31.21688,0.337227
-9.511303999999999,-54.48571,9.0,34.7747,0.12312739999999998
-4.957821,-28.591079999999998,9.0,36.08381,0.03021925
-1.821938,-1.8884990000000001,9.0,35.03718,-0.2573818
-4.852827,19.273770000000003,9.0,23.654239999999998,-0.6077411
-10.67184,33.10073,9.0,20.39443,1.25061
-26.31073,43.67573,9.0,29.63196,0.4923187
-50.67723,44.35362,9.0,36.61945,0.5340689999999999
-80.41497,44.231429999999996,9.0,43.66529,0.48317730000000003
-114.9801,41.735890000000005,9.0,48.16428,-0.1876027
-142.615,34.08788,9.0,34.75635,0.24510820000000003
-144.7478,9.535127000000001,9.0,37.27098,0.5318434
-142.0057,-20.07626,9.0,40.33232,-1.199416
-145.0161,-39.560959999999994,10.0,16.6295,-0.1317139
-152.19,-51.142790000000005,10.0,19.35802,-0.33281120000000003
-163.5775,-57.008759999999995,10.0,15.488829999999998,-0.30519650000000004
-166.4815,-66.10382,10.0,15.52638,0.6419411
-156.3769,-73.21200999999999,10.0,17.90783,0.03162982
-142.8225,-72.52792,10.0,17.854,-0.08883975
-128.628,-75.52869,10.0,24.71835,0.5711526
-111.9228,-87.85941,10.0,31.62523,0.413137
-107.9832,-112.3495,10.0,36.73942,-0.06435489999999999
-119.3868,-130.421,10.0,23.54906,-0.1978096
-134.2996,-133.3795,10.0,18.56578,-0.19309820000000003
-143.895,-124.4451,10.0,21.65695,0.3036495
-148.5511,-107.4795,10.0,19.97935,-1.600618
-152.0226,-102.9604,10.0,8.394928,0.5958336
-160.4732,-100.7974,10.0,15.71336,0.210983
-167.3594,-111.8759,10.0,21.98003,0.5018907
-168.5558,-130.8173,10.0,29.057140000000004,0.5046602
-168.8065,-154.9178,10.0,35.08072,0.1411685
-167.9455,-182.3316,10.0,38.95909,0.2843502
-165.0396,-211.2276,10.0,36.81982,-0.5818495
-163.7337,-235.71200000000002,10.0,29.59031,-0.2398583
-157.29399999999998,-253.4286,10.0,22.57208,-0.2226428
-142.8096,-259.7419,10.0,23.831220000000002,0.07428089
-129.6486,-249.1957,10.0,25.365920000000003,0.21996279999999996
-124.5959,-229.8888,10.0,28.69858,0.106598
-127.0703,-207.9647,10.0,28.45856,-0.48183919999999997
-127.9841,-192.4982,10.0,16.03792,-0.1496875
-124.4106,-183.4185,10.0,11.81457,0.09059978
-113.6619,-182.3852,10.0,17.81221,0.22603
-103.8038,-190.4686,10.0,18.4626,0.1566685
-103.3484,-205.0104,10.0,20.95189,0.18231770000000003
-104.3884,-221.0029,10.0,21.77122,-0.009881082
-105.8459,-238.912,10.0,27.732940000000003,0.4388212
-103.6509,-260.434,10.0,29.60128,-0.09349535
-85.71664,-272.6573,10.0,34.5667,0.45798240000000007
-59.344069999999995,-266.2377,10.0,38.57885,-0.07713439
-48.81955,-240.3326,10.0,41.47339,0.5209560000000001
-44.00953,-208.8756,10.0,41.83668,-0.32291240000000004
-34.52875,-182.9452,10.0,33.139540000000004,-0.5942413000000001
-19.02094,-167.7941,10.0,26.14228,-0.2132036
-6.905523,-159.2939,10.0,12.98658,-0.1394874
2.953021,-152.3297,10.0,20.66244,-0.2500236
12.56045,-141.5272,10.0,21.33241,0.6718856
7.522059,-124.0514,10.0,28.76527,0.43592780000000003
-6.118603,-105.3025,10.0,34.48999,0.45998240000000007
-10.4356,-80.67962,10.0,30.53353,-0.4954133
-9.034017,-55.8514,10.0,36.83056,0.44370459999999995
-5.014793,-26.51657,10.0,42.966879999999996,0.429526
-2.1164709999999998,7.135536,10.0,48.28953,0.15573410000000001
-14.63519,37.62777,10.0,42.64428,-0.06627335
-45.68352,45.07399,10.0,46.002359999999996,0.3814107
-81.77638,44.2566,10.0,51.40632,0.36818140000000005
-120.2179,40.561240000000005,10.0,47.017720000000004,-0.7737257
-146.5277,28.957729999999998,10.0,37.78434,-0.19045020000000001
-144.1001,2.217231,10.0,39.4894,0.4026592
-142.767,-27.65785,10.0,36.64054,-1.599761
-152.6644,-50.90553,11.0,35.94312,0.1857093
-169.8848,-69.73323,11.0,28.930690000000002,-0.6542686
-161.2771,-80.528,11.0,19.75595,0.13873310000000003
-148.477,-70.15443,11.0,25.1204,0.33665029999999996
-129.6566,-75.40815,11.0,30.26122,0.5003327999999999
-112.5745,-90.78905999999999,11.0,29.725509999999996,0.34723000000000004
-110.6412,-114.7589,11.0,34.9522,-0.2104328
-124.2693,-131.715,11.0,27.17377,0.2944179
-143.1324,-125.4019,11.0,31.03104,-0.04804788
-146.5776,-104.7546,11.0,14.5099,-2.872595
-155.113,-100.5434,11.0,19.26318,0.7197683000000001
-166.5701,-110.87299999999999,11.0,25.08098,0.19904249999999998
-166.0289,-131.8306,11.0,31.656409999999997,0.2236201
-168.4623,-157.5641,11.0,37.92355,0.1993953
-166.2815,-187.761,11.0,43.90932,0.43328249999999996
-163.6642,-222.1942,11.0,47.60823,-0.39719540000000003
-157.9772,-251.6991,11.0,31.84475,-0.7309548
-139.0275,-259.6013,11.0,30.43608,0.22508070000000002
-126.861,-242.2595,11.0,32.5511,0.226915
-126.1405,-215.82,11.0,38.57611,0.2076219
-126.986,-188.9553,11.0,34.148309999999995,-0.9024221
-110.9809,-181.0413,11.0,24.81896,-0.1926096
-107.545,-198.4471,11.0,28.00729,0.45028490000000004
-105.5717,-221.3323,11.0,34.13556,0.42777489999999996
-106.8152,-248.8146,11.0,39.83678,0.28576640000000003
-89.97707,-271.5869,11.0,39.14671,-0.0646342
-60.819590000000005,-267.1437,11.0,42.17431,-0.03420436
-47.43179,-240.3217,11.0,43.60464,0.20642600000000003
-42.5835,-206.1939,11.0,49.24977,0.16557979999999997
-25.78802,-173.3238,11.0,50.23478,-1.420056
-0.9467779000000001,-156.3878,11.0,34.35876,-1.3376569999999999
12.012739999999999,-139.3381,11.0,25.22682,-0.30062150000000004
6.8748759999999995,-122.708,11.0,26.469079999999998,0.2374908
-5.345207,-104.5322,11.0,32.65915,0.2110743
-10.17366,-78.5656,11.0,38.83804,0.4307015
-8.096942,-47.73904,11.0,44.598459999999996,0.42292299999999994
-2.212585,-13.129579999999999,11.0,50.13406,0.3708701
-6.262501,24.98177,11.0,50.98574,-0.8583736999999999
-32.24588,45.58607,11.0,46.110929999999996,0.01452281
-68.04434,42.59479,11.0,51.02004,0.38814509999999997
-107.7559,41.26361,11.0,55.763090000000005,-0.5039446
-142.1467,33.523309999999995,11.0,42.930440000000004,-0.21442719999999998
-147.8217,5.733578,11.0,41.0978,0.1986725
-142.3301,-26.10476,11.0,45.39124,-0.3062716
-152.4829,-50.77453,12.0,28.3523,-0.5169537999999999
-168.5566,-61.764619999999994,12.0,26.528609999999997,-0.6561791
-157.4652,-72.25738,12.0,25.17708,0.2329487
-136.5212,-72.10361,12.0,31.56223,0.40269190000000005
-114.6081,-84.36498,12.0,36.81355,0.2869488
-107.1623,-110.479,12.0,35.56123,-1.4920719999999998
-120.0604,-127.9831,12.0,28.147170000000003,-0.5217648
-137.1468,-132.6197,12.0,21.13403,0.02848797
-146.2823,-118.6915,12.0,26.80193,0.2261531
-153.9646,-101.5075,12.0,21.92994,-0.2928593
-166.5323,-106.1572,12.0,21.52297,0.7776133000000001
-167.1913,-127.1151,12.0,34.87396,0.4513922
-169.0216,-155.0634,12.0,40.70433,0.38420590000000004
-166.71200000000002,-187.3981,12.0,46.4812,0.4275704000000001
-164.6583,-223.8348,12.0,51.741890000000005,0.2028836
-155.5854,-255.0163,12.0,36.9056,-1.445902
-135.5213,-253.8686,12.0,28.7632,0.1206353
-127.3942,-232.4674,12.0,33.8846,0.23459929999999998
-126.6122,-205.4955,12.0,35.19522,-1.026437
-123.8009,-182.4533,12.0,30.33564,-0.6087745
-106.9579,-186.081,12.0,24.57253,-0.2399462
-110.2254,-205.2567,12.0,29.49885,0.4431375
-109.5287,-229.5535,12.0,36.00822,0.4574885
-104.1931,-257.8612,12.0,41.59227,0.1710929
-80.22755,-271.7447,12.0,39.82608,0.2991477
-51.45425,-261.1464,12.0,42.13517,-0.31637109999999996
-48.62642,-235.9276,12.0,32.21004,-0.1338302
-53.016580000000005,-219.5264,12.0,9.556958,-0.8193566999999999
-53.293519999999994,-215.2493,12.0,3.143882,-0.417732
-52.800180000000005,-216.1886,12.0,5.8656809999999995,0.2589551
-46.65542,-218.4889,12.0,13.15277,0.19132420000000003
-41.996190000000006,-209.187,12.0,13.784289999999999,-0.1368501
-41.42057,-198.3765,12.0,19.18846,0.2554936
-36.17205,-182.5018,12.0,26.101760000000002,0.228256
-20.78922,-167.3888,12.0,32.50597,0.3692789
1.6178299999999999,-153.5009,12.0,37.59618,-0.2116321
12.1992,-131.498,12.0,28.8368,-0.35260159999999996
-0.5111637,-111.5104,12.0,39.184870000000004,1.149727
-10.559569999999999,-78.96565,12.0,52.06341,0.14169189999999998
-6.090564,-38.98285,12.0,56.79403000000001,0.36262849999999996
-2.375298,4.1569449999999994,12.0,56.002469999999995,-0.7442883000000001
-10.95213,32.530409999999996,12.0,34.32694,0.5920484
-33.487790000000004,45.71131,12.0,38.11507,0.2737151
-63.586330000000004,44.29736,12.0,43.5861,0.2097906
-97.9836,43.2464,12.0,49.19097,0.189594
-134.5284,38.82543,12.0,47.84434,0.06132284
-153.0341,18.51868,12.0,19.46115,-2.4134290000000003
-153.6725,12.58638,12.0,2.028571,0.6956187
-149.2423,11.66692,12.0,10.364460000000001,0.5284873999999999
-146.4352,1.902609,12.0,18.00611,0.5383728
-144.3265,-14.03505,12.0,25.24142,0.2545286
-141.9012,-33.474740000000004,13.0,3.533779,0.6122149
-143.0339,-39.04132,13.0,11.74278,0.2904015
-149.4554,-48.4457,13.0,19.232329999999997,0.5042396
-163.761,-57.169140000000006,13.0,25.66144,0.3029315
-164.9316,-72.11787,13.0,18.27434,-0.1760001
-152.44,-76.00703,13.0,20.64123,0.199312
-137.784,-72.29143,13.0,18.29812,-0.1767383
-121.9526,-75.93630999999999,13.0,25.78114,0.22702640000000002
-108.641,-91.87679,13.0,31.48828,0.39025709999999997
-109.9291,-116.2272,13.0,35.85617,0.2716624
-131.4749,-132.3391,13.0,37.27053,-1.73689
-146.0686,-124.2966,13.0,12.2831,-1.811504
-141.2018,-123.0569,13.0,10.47762,0.6227522
-139.2359,-122.6117,13.0,5.0282089999999995,0.5001664000000001
-144.5,-125.5132,13.0,9.815202000000001,-0.1858517
-145.5212,-129.1711,13.0,0.3069294,0.6120813
-144.5502,-125.6747,13.0,9.503681,0.6364017
-140.2199,-116.5844,13.0,17.567320000000002,0.258669
-144.8984,-102.2741,13.0,24.3687,0.21352020000000002
-161.7763,-100.3265,13.0,23.31519,-0.2548611
-167.2049,-117.2018,13.0,29.09174,0.5182445
-167.6082,-141.3453,13.0,36.092890000000004,0.503096
-167.8105,-170.6789,13.0,42.69355,0.4770746
-167.9382,-204.6257,13.0,48.913059999999994,0.44054129999999997
-165.3833,-242.0146,13.0,48.17838,-1.208189
-139.8632,-257.4484,13.0,38.28801,-0.789273
-127.4831,-240.5172,13.0,32.07264,0.7121105
-127.5341,-212.8786,13.0,41.36,-0.06574968
-126.4341,-187.7131,13.0,18.529770000000003,-2.1818049999999998
-117.8268,-181.4473,13.0,16.10073,0.5361778
-106.7133,-189.8147,13.0,23.65585,0.46960569999999996
-105.2224,-209.6163,13.0,30.53218,0.2512477
-108.1242,-234.6311,13.0,37.22883,0.3684348
-98.00504000000001,-261.7985,13.0,42.06295,0.2350429
-69.99284,-271.9503,13.0,42.63409,-0.001954763
-50.081109999999995,-249.8584,13.0,42.928329999999995,0.1142014
-47.68156,-216.4051,13.0,45.32199,-1.1717229999999998
-35.11074,-187.6965,13.0,44.52145,0.3871516
-10.87527,-162.2963,13.0,50.38713,0.1991729
9.668571,-131.58100000000002,13.0,45.929970000000004,-0.4004139
-2.352023,-107.0659,13.0,32.74519,-0.5745769000000001
-8.096373,-87.45982,13.0,31.92397,0.24903920000000002
-5.850537999999999,-61.383469999999996,13.0,38.74434,0.48816800000000005
-5.129583,-30.27703,13.0,45.20293,0.4391491
-3.734746,5.450689,13.0,51.18515,0.3891886
-14.30439,37.617020000000004,13.0,37.02377,-0.4505567
-33.180279999999996,38.79609,13.0,16.30799,-1.526715
-35.09107,32.58422,13.0,0.06654949,-0.43070990000000003
-35.14202,32.59149,13.0,0.05732775,-0.0069335709999999995
-35.02449,32.9276,13.0,3.0354200000000002,0.5943447
-33.88831,37.98857,13.0,10.68753,0.49308909999999995
-32.30553,44.24988,13.0,3.772473,-0.7264172
-32.63131,43.72359,13.0,5.059019,0.5665689
-38.425129999999996,41.23061,13.0,12.76266,0.2604517
-50.11209,44.55151,13.0,19.969920000000002,0.4970974
-67.35044,44.649229999999996,13.0,26.59737,0.2420316
-89.23389,41.91579,13.0,32.86002,0.41702520000000004
-115.7569,42.84322,13.0,38.51402,0.362508
-142.0001,31.36597,13.0,38.25887,-0.3803597
-147.5547,3.9067879999999997,13.0,40.94004,0.4008949
-144.5492,-28.276490000000003,13.0,45.900490000000005,0.10058869999999999
-155.0504,-55.0149,14.0,31.64827,-0.2977739
-161.7841,-70.70711,14.0,23.71654,0.40171890000000005
-143.8038,-75.6292,14.0,29.16044,0.2286435
-121.6456,-81.68242,14.0,33.91238,0.1573236
-109.4085,-104.1701,14.0,37.163759999999996,0.07462855
-122.1327,-128.1763,14.0,39.1228,0.07902515
-144.4859,-127.6816,14.0,23.79063,-1.380465
-145.7917,-120.00399999999999,14.0,1.419073,0.10765799999999999
-146.6964,-118.98899999999999,14.0,1.8800720000000002,-0.008631296
-147.5076,-118.0593,14.0,1.457463,-0.027752199999999998
-149.2787,-117.2407,14.0,4.026258,-0.06027626
-150.8145,-117.4163,14.0,2.14491,0.6734351
-146.9199,-114.5131,14.0,10.95616,0.6083487
-145.2517,-104.1461,14.0,18.43069,0.2320368
-158.0235,-96.8527,14.0,23.67266,0.244454
-168.0553,-111.1217,14.0,27.87503,0.23176910000000003
-166.2784,-134.2972,14.0,34.834,0.2534971
-166.7057,-162.6359,14.0,41.63174,0.48106140000000003
-167.2038,-195.8822,14.0,48.01866,0.43385569999999996
-165.9885,-233.3873,14.0,50.797109999999996,-0.6629694
-148.7239,-254.636,14.0,25.76213,-2.251947
-141.7376,-251.6986,14.0,4.396472,-0.1477944
-140.9043,-249.3749,14.0,4.357382,0.2152194
-135.2919,-248.3786,14.0,12.16133,0.8276493
-125.79799999999999,-251.8217,14.0,12.61841,-0.18770309999999998
-120.9264,-246.4526,14.0,11.91282,0.3030078
-123.9541,-234.4587,14.0,20.9217,0.28572790000000003
-126.7115,-216.3186,14.0,28.543090000000003,0.5470847
-127.6984,-192.5453,14.0,35.34356,0.0851062
-112.4979,-179.2573,14.0,24.64238,-0.9710112
-105.3752,-195.0778,14.0,32.59138,1.353163
-107.4612,-226.8145,14.0,52.661080000000005,0.6648156999999999
-94.78625,-264.4627,14.0,49.736340000000006,-1.24606
-63.017109999999995,-269.9451,14.0,46.23899,-0.388223
-48.17054,-243.3426,14.0,43.81712,0.36871570000000004
-46.55747,-209.3879,14.0,48.21182,0.2503846
-25.340120000000002,-178.8248,14.0,53.10848000000001,0.1806352
3.502542,-149.6434,14.0,55.268159999999995,-0.6894606
7.212053,-120.5864,14.0,28.993640000000003,-0.3697353
-4.175113,-104.0623,14.0,29.53371,0.21523520000000004
-5.319332,-79.8683,14.0,36.22275,0.244819
-3.021028,-50.61342,14.0,42.94061,0.4705443
-2.215647,-16.40231,14.0,49.23217,0.44146599999999997
-4.702312999999999,21.81953,14.0,50.50055,-1.214719
-27.646179999999998,42.74995,14.0,43.11981,0.03157601
-61.42278,40.40087,14.0,48.555409999999995,0.2111056
-99.60573000000001,40.42467,14.0,54.452040000000004,0.43356930000000005
-136.2578,37.90883,14.0,39.032379999999996,-1.1161809999999999
-145.1444,22.59819,14.0,8.346973,-2.5454849999999998
-142.9443,23.41433,14.0,5.474871,-0.3985701
-141.2163,25.571479999999998,14.0,1.07235,1.07928
-143.9473,22.42002,14.0,8.888359,0.34876809999999997
-149.31,21.93194,14.0,2.995639,-0.3870731
-148.0871,21.19867,14.0,6.65565,0.6638297
-142.7271,15.10581,14.0,15.36014,0.3029051
-140.7847,0.9534956,14.0,23.51006,0.6101609
-142.4365,-19.37644,14.0,31.30422,0.2814127
-141.8519,-35.995909999999995,1.0,5.7580919999999995,0.1338881
-142.8704,-44.115120000000005,1.0,15.65753,0.6181802
-152.6537,-54.64115,1.0,23.883860000000002,0.6042016
-162.9008,-69.66022,1.0,26.7531,-0.2870934
-148.421,-74.56929000000001,1.0,24.39392,0.39552309999999996
-136.1346,-68.65335999999999,1.0,7.144421,0.07546006
-135.8613,-68.27909,1.0,0.02608008,-0.0005259155999999999
-135.8427,-68.28179,1.0,0.02442008,0.0007444880000000001
-135.8268,-68.2837,1.0,0.0172747,0.02471144
-136.078,-70.25111,1.0,4.584789,0.11528419999999999
-135.6537,-73.54231999999999,1.0,4.166335,-0.03131464
-136.4536,-76.12556,1.0,3.48383,-0.004659839
-135.8263,-75.81815,1.0,5.674437999999999,0.6683110999999999
-128.4899,-75.33568000000001,1.0,14.464260000000001,0.3129748
-118.0068,-82.97998,1.0,21.92856,0.5677029
-110.7323,-100.6573,1.0,29.46704,0.2299775
-115.7292,-123.3504,1.0,34.949670000000005,0.3333752
-138.5494,-132.4551,1.0,30.78175,-0.7368013000000001
-145.6156,-118.4339,1.0,21.91359,0.06690715
-138.4585,-108.7177,1.0,0.7583641,-0.9035701999999999
-138.4581,-108.7237,1.0,0.02491235,-0.0070438490000000005
-138.4589,-108.7403,1.0,0.02920935,0.02388025
-141.4096,-108.1156,1.0,8.035765,0.09942976
-145.6859,-110.7691,1.0,1.777125,-1.429286
-144.7195,-108.5787,1.0,7.731542,0.6168421
-146.4901,-100.2977,1.0,15.876570000000001,0.5428445
-158.0568,-95.9612,1.0,16.20561,-0.1830539
-165.7278,-103.6949,1.0,19.4858,1.222475
-168.0785,-123.3296,1.0,32.94212,0.8102949
-165.6829,-149.8069,1.0,40.97403,0.16907879999999997
-164.9806,-176.5087,1.0,32.68401,-0.4795544
-167.9798,-200.2021,1.0,38.006640000000004,1.448364
-166.4924,-229.2306,1.0,36.27748,-0.27820490000000003
-157.3657,-249.24900000000002,1.0,25.88354,-0.6144548000000001
-137.6184,-249.2194,1.0,30.08939,0.06422932
-121.7777,-235.9294,1.0,24.46343,-0.3242988
-130.9909,-221.09,1.0,24.18361,-1.0244010000000001
-123.7677,-206.9424,1.0,20.22578,-0.2618702
-124.7245,-193.7734,1.0,17.32657,-0.32907220000000004
-120.1689,-184.4042,1.0,17.07695,1.186679
-110.8956,-190.8515,1.0,16.07108,-0.2558414
-110.079,-201.669,1.0,13.84441,-0.02924931
-109.421,-214.6546,1.0,21.64657,0.2870822
-107.4603,-233.4477,1.0,29.285940000000004,0.5342084
-101.2769,-256.7236,1.0,35.74805,0.3734593
-78.90472,-271.4588,1.0,39.05854,0.06276561
-54.99644,-257.7077,1.0,39.66195,0.008734268
-51.293890000000005,-227.8204,1.0,43.506240000000005,0.3137413
-37.27516,-196.9611,1.0,48.50588,0.17694110000000002
-12.45277,-168.185,1.0,54.23615,0.408502
10.28587,-133.0284,1.0,57.42501,-0.928852
10.74507,-106.1795,1.0,13.35241,-2.746652
9.824517,-104.2817,1.0,0.5351937,0.03093433
10.28244,-104.5876,1.0,3.6484690000000004,0.519998
14.3482,-106.9944,1.0,8.602647,0.03193685
18.494239999999998,-106.9311,1.0,0.9781337999999999,-0.4899295
15.999410000000001,-107.7122,1.0,7.884658,0.3085636
7.992185000000001,-111.5217,1.0,15.29935,0.2531073
-0.2661111,-105.1357,1.0,19.52907,0.2613997
0.7937432,-88.20477,1.0,26.1424,0.2538033
-4.761398000000001,-66.94476,1.0,33.00758,0.2438429
-5.885362000000001,-40.02493,1.0,39.68867,0.4697893
-6.364441,-8.264439999999999,1.0,45.97016,0.4393728
-7.562696000000001,27.2624,1.0,44.90658,-0.9393841999999999
-20.16797,44.67041,1.0,15.073160000000001,-0.5898908
-29.45942,38.585029999999996,1.0,18.59742,0.4757633
-45.64015,39.15729,1.0,25.74285,0.5236675999999999
-67.2756,39.57819,1.0,32.75522,0.24033200000000002
-94.07236999999999,39.7346,1.0,39.49248,0.4829866
-125.6132,40.607040000000005,1.0,43.04452,-1.3286639999999998
-144.4799,29.35888,1.0,20.30685,-1.5285799999999998
-139.5638,24.8109,1.0,9.762201,0.42807870000000003
-137.7517,24.24812,1.0,0.06259238,-0.03278313
-137.7516,24.207279999999997,1.0,0.04504537,-0.02105722
-140.3419,24.62446,1.0,7.436966,0.40858049999999996
-147.5081,24.301679999999998,1.0,10.55758,-1.1902540000000001
-151.2157,25.41787,1.0,0.3237107,-0.3757462
-148.8221,23.80113,1.0,8.065443,0.3002239
-147.6003,15.47206,1.0,15.44069,0.5021769
-151.8789,2.578855,1.0,21.56883,0.4305607
-147.5318,-15.304079999999999,1.0,28.19673,0.4729634
-146.4721,-38.41704,2.0,34.04112,0.06299686
-163.1284,-54.73734,2.0,32.64266,-0.2583036
-162.4624,-72.188,2.0,20.32265,-1.367402
-156.0838,-69.08417,2.0,8.800557000000001,0.2686337
-155.6972,-68.52765,2.0,0.05098443,0.004612045
-155.7513,-68.73756,2.0,2.233059,0.29328540000000003
-156.3022,-72.06612,2.0,5.080335,-0.05040356
-156.9701,-75.11771,2.0,1.1908159999999999,-0.7812505
-154.9309,-73.4019,2.0,8.374956,0.7004184
-146.089,-74.85134000000001,2.0,16.83444,0.3008298
-133.726,-82.13332,2.0,19.3155,-0.28731209999999996
-121.3098,-86.38616999999999,2.0,19.08805,0.48118359999999993
-110.8362,-102.8018,2.0,31.602859999999996,-0.03491545
-118.7899,-123.9743,2.0,33.2152,-0.0704312
-140.0444,-129.556,2.0,26.32835,-1.259565
-142.8446,-116.4576,2.0,22.047629999999998,0.5857522
-141.9865,-103.1667,2.0,18.814410000000002,0.21880229999999998
-156.6803,-102.7997,2.0,20.14659,-0.2471047
-160.9853,-114.0873,2.0,16.53416,0.02952496
-163.8988,-126.9726,2.0,20.63045,1.3196350000000001
-165.3841,-145.6707,2.0,29.2425,0.27823390000000003
-165.3725,-170.2607,2.0,36.86228,0.5242932
-165.7429,-200.2002,2.0,43.92301,0.2476765
-164.99599999999998,-235.0098,2.0,45.74537,-4.2521949999999995
-154.2231,-251.1338,2.0,23.48311,0.4387253
-134.2232,-251.1571,2.0,30.56532,0.18352739999999998
-126.3889,-235.3962,2.0,25.33149,0.39591729999999997
-125.7979,-213.4628,2.0,34.34195,0.4251463
-125.4793,-188.1562,2.0,22.24765,-2.930257
-117.4993,-184.0895,2.0,14.04437,0.4760108
-110.7623,-193.7739,2.0,20.998260000000002,0.6056869
-109.2559,-212.3336,2.0,29.07426,0.570962
-106.1924,-236.5457,2.0,36.62034,0.5160411
-94.84731,-263.2941,2.0,42.127720000000004,0.11278289999999999
-66.96721,-268.1843,2.0,40.7608,0.11429769999999999
-48.82412,-244.7144,2.0,42.29504,0.05392157
-47.66039,-211.6447,2.0,47.50823,0.3112503
-27.63161,-181.6632,2.0,52.02316,0.46131700000000003
-0.4742119000000001,-151.2478,2.0,57.00104,-0.8889884
7.929218,-125.6434,2.0,18.21278,-0.47216959999999997
-2.414574,-114.5307,2.0,24.36061,0.4915028
-6.790958,-94.72433000000001,2.0,31.456229999999998,0.2690853
-6.706671000000001,-68.62691,2.0,38.88319,0.5169722999999999
-6.844722,-37.22903,2.0,45.86705,0.4913241
-7.3210440000000006,-0.7926917,2.0,52.400909999999996,0.453784
-11.38623,36.56503,2.0,42.0857,-1.1654639999999998
-25.5599,46.02714,2.0,6.439433999999999,-1.2771489999999999
-25.57337,43.35046,2.0,7.812013,0.2990235
-32.68544,39.92467,2.0,15.924120000000002,0.5644210999999999
-46.08628,46.20353,2.0,23.803829999999998,0.2363114
-66.05264,44.1853,2.0,31.113220000000002,0.5607393
-91.80534,41.65384,2.0,38.499759999999995,0.25194570000000005
-122.8919,40.43071,2.0,45.40294,0.4763544
-149.1037,27.65277,2.0,28.84305,-1.997194
-149.4567,18.94207,2.0,2.5409490000000003,0.6716686
-144.7406,18.13908,2.0,11.22241,0.5495180000000001
-145.0087,7.484441,2.0,19.23143,0.5510925999999999
-150.838,-7.520185000000001,2.0,25.14001,0.2251978
-146.0037,-28.320759999999996,2.0,32.473209999999995,0.5311607
-143.1001,-39.6291,3.0,11.63053,-0.1761927
-147.4287,-47.67827,3.0,16.49843,0.9282584
-158.1946,-53.52092,3.0,15.28381,-0.2225351
-166.3026,-58.48275,3.0,11.37043,-0.28818
-165.1403,-65.83008000000001,3.0,11.3805,0.8390018
-156.1007,-72.33574,3.0,19.29084,0.27212420000000004
-139.0221,-72.56573,3.0,26.90907,0.5302791
-119.8325,-81.28506,3.0,26.6931,-0.2228799
-109.1013,-95.59288000000001,3.0,24.69719,0.5720661
-109.4693,-115.7543,3.0,25.67892,-0.2051843
-119.0223,-129.4194,3.0,20.3649,-0.2946762
-134.9175,-133.3783,3.0,23.7743,-0.3144903
-144.2231,-118.4758,3.0,31.607870000000002,1.043293
-155.5642,-103.757,3.0,17.2045,-0.3886841
-165.602,-110.3881,3.0,21.1694,0.2688477
-168.3825,-128.7878,3.0,29.12537,0.5705621999999999
-169.6935,-153.1029,3.0,36.51423,0.5078657
-167.3493,-182.638,3.0,43.4995,0.48413420000000007
-164.3842,-217.2207,3.0,49.83487,0.1559421
-160.24,-251.3629,3.0,39.77623,-1.543509
-140.6441,-257.2026,3.0,25.150760000000002,0.3550886
-126.4284,-240.8727,3.0,32.5033,0.1566839
-128.0945,-215.6998,3.0,37.59525,0.07546738
-126.2275,-189.8356,3.0,31.912190000000002,-0.26846040000000004
-113.0152,-178.8735,3.0,22.41979,-0.2343076
-109.9658,-193.172,3.0,24.6264,0.24630029999999997
-105.3713,-213.1529,3.0,31.814490000000003,0.5483246
-105.6009,-235.3961,3.0,27.55177,-0.2602786
-104.2356,-258.1128,3.0,35.86618,0.1499178
-83.28923,-271.6588,3.0,36.61076,0.3053128
-62.54384,-268.8217,3.0,15.88173,-1.1040969999999999
-56.303380000000004,-266.8054,3.0,2.500477,-0.42448509999999995
-57.023480000000006,-267.2919,3.0,1.245594,-0.20497089999999998
-56.61178,-266.9164,3.0,3.812583,0.2686633
-53.669419999999995,-263.4117,3.0,7.606746,0.06232814
-48.62988,-263.1537,3.0,4.770322,-0.4262781
-48.720859999999995,-262.7342,3.0,5.2953779999999995,0.6185825
-50.08443,-255.9668,3.0,13.56826,0.30121090000000006
-46.884240000000005,-243.3322,3.0,21.5025,0.5502543000000001
-43.981770000000004,-224.89700000000002,3.0,28.85835,0.2692973
-41.203790000000005,-201.0139,3.0,35.82669,0.22575820000000002
-27.293470000000003,-177.6344,3.0,40.19331,0.4728376
-7.20264,-158.1185,3.0,28.04472,-1.6351639999999998
6.156482,-147.6531,3.0,20.16274,-0.3694489
11.82854,-136.264,3.0,15.305620000000001,-0.28049409999999997
8.692426,-125.2995,3.0,18.54053,0.27409809999999996
-1.1942,-112.1665,3.0,25.86275,0.4960858
-8.671324,-91.6584,3.0,32.85673,0.46932060000000003
-10.26946,-65.0873,3.0,39.25325,0.2162033
-6.121743,-33.83967,3.0,45.54484,0.439043
-3.409588,-1.535693,3.0,36.39543,-1.8454979999999999
-4.613936,13.5748,3.0,6.579566000000001,-1.690985
-5.308235,17.522270000000002,3.0,9.241589999999999,0.316176
-7.829657000000001,27.223640000000003,3.0,17.68015,0.5772550999999999
-17.57302,39.24672,3.0,24.827460000000002,0.2594556
-37.42625,45.0608,3.0,31.45055,0.4820017
-63.32428,44.71682,3.0,38.38471,0.5105693
-94.15916,43.00864,3.0,44.95306,0.4500282
-127.7382,39.40638,3.0,43.18931,-0.8705224
-150.0085,25.023039999999998,3.0,34.08453,-0.30791440000000003
-143.6742,1.477372,3.0,34.82327,0.16637929999999998
-144.9057,-26.32909,3.0,40.573370000000004,0.47343549999999995
-150.0451,-52.07385,4.0,23.73415,-2.096938
-163.9283,-55.05582,4.0,19.52544,-0.1402715
-165.4328,-67.18988,4.0,21.83768,0.4786169
-148.3813,-72.60750999999999,4.0,28.230179999999997,0.5289341999999999
-126.1228,-78.10795999999999,4.0,34.48314,0.4192477
-109.2563,-99.08818000000001,4.0,39.28233,0.12037329999999999
-116.8385,-124.9851,4.0,37.44312,-0.11710919999999998
-139.9672,-130.1135,4.0,31.64043,0.07806987
-144.0022,-109.3643,4.0,31.261459999999996,-0.23218139999999998
-154.7456,-98.88515,4.0,16.12997,0.363136
-165.3991,-108.7556,4.0,24.20992,0.2682899
-169.1552,-129.0652,4.0,31.5366,0.5111245
-169.8311,-154.8253,4.0,38.24415,0.2453014
-166.9527,-185.5335,4.0,44.83381,0.2282202
-163.7285,-220.8067,4.0,49.4241,-0.04217552
-159.9238,-249.6317,4.0,21.754189999999998,-0.7701666
-147.5365,-257.128,4.0,21.52112,0.5279556
-131.7621,-252.9583,4.0,25.49628,0.3514118
-125.4558,-232.3318,4.0,32.46506,0.23087629999999998
-128.5401,-206.4432,4.0,38.507709999999996,0.3977366
-120.5102,-179.7936,4.0,36.31762,-0.6265350000000001
-100.3751,-182.6364,4.0,25.6828,-0.3362147
-107.4475,-194.8419,4.0,23.053520000000002,0.28255399999999997
-114.5549,-201.5484,4.0,0.1374565,-0.7533008000000001
-114.555,-201.5547,4.0,0.012351799999999998,0.008264749
-113.3311,-201.7959,4.0,4.211444999999999,0.1116118
-109.8874,-199.3595,4.0,5.331958,-0.6788346
-109.6682,-198.5774,4.0,2.8273509999999997,0.560315
-108.9306,-203.2745,4.0,9.949361999999999,0.2520989
-106.9229,-213.0012,4.0,16.690070000000002,0.4745763
-105.1728,-227.5689,4.0,22.89365,0.21790279999999998
-105.8939,-246.7268,4.0,28.613490000000002,0.399829
-96.38155,-266.7437,4.0,32.45479,0.08539908
-72.73403,-271.1354,4.0,35.217490000000005,0.2818643
-51.28014,-256.0981,4.0,36.95884,-0.06773642
-49.249190000000006,-227.7768,4.0,40.47244,0.14959779999999998
-41.317479999999996,-197.4861,4.0,44.62777,0.14212070000000002
-20.14544,-171.33,4.0,46.6732,-0.06723464
1.485235,-151.7928,4.0,25.15325,-2.1282200000000002
11.675310000000001,-140.49200000000002,4.0,17.364829999999998,-0.2539035
9.872206,-127.1213,4.0,23.61886,0.42031850000000004
-2.132782,-111.68,4.0,29.012929999999997,0.3383941
-9.164330999999999,-89.37513,4.0,34.198440000000005,0.1815066
-10.28583,-62.2839,4.0,39.15733,0.3455424
-5.119634,-31.94309,4.0,43.885979999999996,0.33917159999999996
-1.597732,1.928934,4.0,47.87915,0.08915988
-9.79013,31.54934,4.0,26.63815,-0.6493401999999999
-27.71763,42.78321,4.0,31.48442,0.1551857
-52.834790000000005,43.4454,4.0,36.52195,0.178682
-81.81557,43.24844,4.0,41.535270000000004,0.15653979999999998
-113.6235,40.75244,4.0,42.80675,-0.35558649999999997
-136.7816,37.35382,4.0,14.90955,-0.1973334
-145.5666,29.328159999999997,4.0,19.390610000000002,0.3978713
-147.89700000000002,13.14797,4.0,25.102629999999998,0.2109936
-144.1047,-7.208224,4.0,30.804440000000003,0.42012959999999994
-141.9466,-31.73453,4.0,34.543420000000005,-0.3241251
-152.2139,-50.19978,5.0,26.735640000000004,0.3262312
-168.43400000000003,-61.36489,5.0,22.6608,-0.6413744
-160.7143,-69.58456,5.0,16.11642,-0.38871059999999996
-146.8292,-71.49746999999999,5.0,22.92892,0.4255920999999999
-128.3158,-76.48476,5.0,28.70945,0.37037909999999996
-110.7823,-90.60365999999999,5.0,32.87749,0.09980161
-110.0679,-114.9114,5.0,33.79144,-0.11009460000000001
-124.7237,-132.4884,5.0,29.23145,-0.9106474
-140.8553,-127.0977,5.0,23.506520000000002,0.1764831
-147.3479,-109.1366,5.0,28.425659999999997,0.3581129
-163.3025,-101.1536,5.0,19.20996,-1.36114
-164.5219,-112.4393,5.0,17.10953,0.07450202
-167.0297,-128.0038,5.0,25.94734,1.213702
-168.4754,-153.8699,5.0,43.9528,0.34846509999999997
-164.9909,-188.6917,5.0,50.06475,0.24622249999999998
-164.3039,-222.8192,5.0,32.35822,-1.2799479999999999
-163.19899999999998,-239.5697,5.0,18.9276,-0.42045
-159.3713,-250.8361,5.0,14.969829999999998,0.0976072
-148.101,-259.4809,5.0,24.38896,0.21032640000000002
-130.8645,-251.8559,5.0,31.362409999999997,0.921019
-125.4995,-225.0045,5.0,41.40031,0.5049176999999999
-128.7415,-198.6975,5.0,22.362579999999998,-1.353451
-124.7901,-185.5724,5.0,15.54454,-0.2380951
-111.7018,-182.6605,5.0,23.62696,0.5976791
-102.4875,-197.2769,5.0,27.5793,0.30454580000000003
-103.5491,-221.4705,5.0,36.13064,0.2507002
-105.5844,-248.2577,5.0,33.55232,-0.5577685
-96.51983,-267.6844,5.0,30.17437,0.1318842
-73.56631,-271.5104,5.0,34.13364,0.1468382
-53.120169999999995,-256.9538,5.0,36.11418,0.16681089999999998
-47.88731,-229.0765,5.0,40.61252,0.35929429999999996
-41.93443,-197.8643,5.0,45.13382,0.2703767
-22.42458,-169.9988,5.0,47.98584,0.03479401
-3.5018059999999998,-156.4527,5.0,14.34195,-0.3559018
3.827514,-151.4236,5.0,9.780056,-0.1548109
8.24494,-147.6036,5.0,6.915906,0.534295
12.503639999999999,-141.2397,5.0,13.70636,0.2333097
11.31521,-129.1972,5.0,19.73092,0.2047694
1.446051,-115.5992,5.0,25.606579999999997,0.2110667
-7.184436,-96.47545,5.0,31.082209999999996,0.392297
-10.69877,-71.85104,5.0,36.189840000000004,0.16815529999999998
-6.792411,-43.51978,5.0,41.04719,0.16952029999999998
-1.932578,-11.73868,5.0,45.745309999999996,0.3245245
-3.8500389999999998,16.9992,5.0,28.948090000000004,-1.340327
-7.4735759999999996,26.83537,5.0,11.99578,1.103259
-14.227129999999999,36.821529999999996,5.0,19.48019,0.2048405
-28.943659999999998,44.10145,5.0,25.17172,0.38742150000000003
-49.59425,45.26814,5.0,30.776220000000002,0.3998325
-74.39262,44.5351,5.0,36.17672,0.37311880000000003
-103.0569,42.80787,5.0,41.18268,0.1731098
-130.3987,39.86834,5.0,25.51626,-3.2161880000000003
-143.3316,32.37278,5.0,22.88809,0.1877122
-148.0893,14.23615,5.0,28.165329999999997,0.36820749999999997
-143.8235,-8.113846,5.0,33.47348,0.37340490000000004
-142.4398,-33.252520000000004,5.0,30.110590000000002,-0.3218833
-146.3237,-45.231159999999996,6.0,13.48984,0.9731654000000001
-155.9877,-54.003659999999996,6.0,17.8422,-0.414579
-165.3537,-59.48891,6.0,12.29843,-0.03437447
-162.6183,-69.94318,6.0,20.68131,0.7678626999999999
-144.1421,-71.63744,6.0,32.75936,0.5031369000000001
-118.8097,-81.82914,6.0,41.94356,0.18056329999999998
-110.7417,-106.9981,6.0,33.47691,-1.20113
-116.8795,-118.8664,6.0,10.689010000000001,-0.10519849999999999
-121.3491,-129.4291,6.0,19.38813,-0.2605791
-133.2491,-133.9153,6.0,20.25202,0.45499269999999997
-144.1964,-122.2924,6.0,25.624570000000002,0.5012972
-148.3186,-106.1442,6.0,10.87505,-2.029676
-153.13,-102.2701,6.0,10.77847,0.7355808000000001
-163.2949,-102.1241,6.0,15.663820000000001,-0.1206335
-167.2239,-114.6399,6.0,23.63212,0.527402
-168.7907,-137.2469,6.0,37.06723,0.4301325
-168.4203,-169.16299999999998,6.0,48.49425,0.7594645999999999
-164.8764,-208.1444,6.0,53.234269999999995,-0.8752245999999999
-163.2563,-243.2693,6.0,39.59263,-0.9010898
-148.8509,-258.2173,6.0,24.3336,-0.283876
-134.0671,-254.2792,6.0,19.69267,0.42972079999999996
-125.8649,-238.9397,6.0,26.92891,0.37721869999999996
-125.7758,-217.075,6.0,32.27884,0.3923572
-128.6566,-191.997,6.0,30.968490000000003,-1.526499
-119.42299999999999,-182.0611,6.0,19.27853,0.3669128
-106.1264,-189.649,6.0,23.87696,0.3285321
-102.5795,-208.6614,6.0,29.090090000000004,0.19577879999999998
-105.0303,-232.1995,6.0,34.56892,0.3787546
-103.9023,-259.4468,6.0,38.70436,-0.02277572
-82.81090999999999,-272.4757,6.0,32.46363,-0.7082765999999999
-62.33263,-267.4796,6.0,24.75536,-0.2666491
-50.51059,-255.8295,6.0,26.45618,1.204481
-46.426809999999996,-234.0431,6.0,32.62085,0.1939234
-43.3686,-208.08599999999998,6.0,37.89066,0.3543265
-33.82246,-180.6908,6.0,40.82098,0.05809857
-9.888652,-162.2876,6.0,34.381859999999996,-2.688825
2.184525,-153.0479,6.0,12.96393,-0.3367333
8.923618,-146.9858,6.0,12.88256,0.28341540000000004
12.885760000000001,-136.3738,6.0,19.59198,0.611765
4.73419,-121.1676,6.0,29.590629999999997,1.101615
-7.31348,-97.27837,6.0,43.58882,0.9936715
-9.192677999999999,-60.28709,6.0,56.241009999999996,0.8651540000000001
-2.0581270000000003,-16.51366,6.0,61.91935,-0.47335900000000003
-4.893466,18.7246,6.0,27.51476,-2.746109
-11.52962,33.54772,6.0,22.71246,0.22658240000000002
-28.188059999999997,43.75594,6.0,32.2938,0.8959386999999999
-57.2733,45.08256,6.0,46.89029,0.5505868
-97.31831,43.36457,6.0,59.82014,-0.8905791999999999
-124.4694,39.8932,6.0,15.12246,-1.3071139999999999
-134.3945,37.86565,6.0,16.36143,0.5909562
-146.4761,28.07286,6.0,24.61659,0.1505447
-146.964,8.011858,6.0,29.98215,0.3963761
-142.2234,-15.800429999999999,6.0,35.355920000000005,0.3887212
-141.9489,-34.98032,7.0,7.8565130000000005,0.4981981
-143.5521,-43.20089,7.0,14.635670000000001,0.4470492999999999
-152.8063,-51.88216,7.0,20.4582,0.20923289999999997
-166.6185,-60.609609999999996,7.0,21.88938,-0.3161255
-165.8804,-73.02346999999999,7.0,15.620389999999999,-0.05633648
-154.5641,-76.94548,7.0,18.51909,0.28840820000000006
-140.3936,-73.28004,7.0,20.500020000000003,0.2206792
-124.4105,-75.94067,7.0,24.61262,0.488425
-110.0577,-91.39362,7.0,31.29686,0.21895100000000003
-110.7071,-115.2396,7.0,34.65865,0.1666994
-130.8125,-131.3302,7.0,36.99738,-0.1528725
-147.6557,-123.3352,7.0,16.77334,-1.040848
-143.3918,-115.7526,7.0,11.55417,0.7798741
-146.7975,-104.9567,7.0,16.663729999999997,-0.2612725
-158.7718,-101.89399999999999,7.0,20.25796,0.23165349999999998
-166.3377,-114.0005,7.0,19.8207,-0.03288223
-166.0754,-130.2506,7.0,25.61226,0.5969253999999999
-168.8829,-153.9661,7.0,39.40722,1.014476
-169.8121,-187.9137,7.0,51.92285,0.8164438
-168.9594,-227.2219,7.0,48.91315,-0.4104947
-158.0943,-251.6801,7.0,28.66003,-0.8239801999999999
-140.5659,-254.007,7.0,21.513720000000003,-0.06186191
-127.1019,-245.0929,7.0,24.25692,0.43345439999999996
-125.9651,-223.6076,7.0,32.694359999999996,0.391734
-126.1806,-197.4297,7.0,37.9436,0.1740398
-118.6573,-179.7426,7.0,15.10631,-0.6246881999999999
-110.4276,-186.7852,7.0,19.72717,0.4490169
-108.9836,-203.5504,7.0,25.72774,0.4241379
-108.6574,-224.7274,7.0,31.40962,0.20718789999999998
-106.2706,-249.6925,7.0,36.18615,0.1288088
-88.39886,-270.0967,7.0,38.917790000000004,0.15242920000000001
-60.76916,-267.9383,7.0,39.315709999999996,-0.0060351169999999996
-49.55425,-241.9816,7.0,40.87226,0.35395079999999995
-46.21164,-210.2827,7.0,44.957409999999996,0.04031638
-26.206310000000002,-182.9835,7.0,48.09923,0.1562566
-1.384663,-155.0835,7.0,52.4772,-0.4899072
9.151148,-129.6282,7.0,25.039260000000002,-0.3449374
-0.680925,-113.3132,7.0,30.122940000000003,0.4154144
-5.645595,-88.66689000000001,7.0,41.73472,0.6696451999999999
-1.2476770000000001,-51.35579,7.0,59.17825,1.210558
-1.685512,-2.991756,7.0,65.25628,-1.018952
-8.680873,35.76886,7.0,36.83955,-1.298989
-29.84856,41.26189,7.0,34.082409999999996,0.6362499
-58.76424,40.49988,7.0,41.81658,0.34203790000000006
-91.54525,40.5926,7.0,46.51923,0.33988850000000004
-127.5618,40.907740000000004,7.0,48.85545,-0.6097151999999999
-147.3947,26.334979999999998,7.0,28.123520000000003,0.10911480000000001
-145.4137,3.7482849999999996,7.0,33.15274,0.1933525
-145.3593,-22.75244,7.0,38.38958,0.373094
-152.2603,-50.629220000000004,8.0,37.38301,-0.8538374
-168.1237,-64.60486999999999,8.0,20.108629999999998,-0.6173787
-159.519,-78.25572,8.0,27.28101,0.1424118
-137.9772,-77.12394,8.0,31.857,0.282357
-117.0306,-87.92312,8.0,34.58703,0.23218920000000004
-111.4533,-113.0068,8.0,36.92362,0.04922754
-130.485,-131.4677,8.0,37.83705,-0.3608675
-146.6144,-127.9138,8.0,5.011616,-2.1082400000000003
-144.235,-125.6243,8.0,8.316794,0.4998362
-141.8247,-117.6527,8.0,14.8397,0.2399587
-148.3376,-106.3961,8.0,20.8107,0.3924514
-163.6389,-104.3584,8.0,23.56277,0.04296657
-167.301,-121.5909,8.0,27.3305,0.4187795
-167.7898,-143.7868,8.0,32.67165,0.41236999999999996
-171.2516,-169.6273,8.0,37.69146,0.1582004
-169.295,-199.4067,8.0,42.5594,0.3493893
-168.0849,-232.6283,8.0,46.95921,0.03407404
-151.2029,-256.4144,8.0,36.4463,-0.5417675000000001
-131.7828,-248.1659,8.0,28.32638,0.49358209999999997
-127.1033,-225.8912,8.0,33.8028,0.1995866
-126.9714,-198.9073,8.0,38.90054,0.11017529999999999
-117.2802,-179.6035,8.0,17.80416,-1.338093
-108.2411,-186.2824,8.0,18.88547,0.20768320000000004
-106.8102,-202.4059,8.0,24.91742,0.4181995
-106.1641,-223.0841,8.0,30.67005,0.20416779999999998
-104.61399999999999,-247.7108,8.0,35.80348,0.2954447
-89.18958,-269.4842,8.0,38.260490000000004,0.1465021
-62.2122,-268.3721,8.0,38.79445,0.18318610000000002
-48.01352,-243.9146,8.0,40.678909999999995,0.1608425
-45.368829999999996,-212.1732,8.0,45.21893,0.25830210000000003
-27.70989,-184.295,8.0,46.90194,0.3334647
-3.080502,-157.6004,8.0,51.11607,0.23009899999999997
8.555458,-127.7772,8.0,35.73579,-0.49766750000000004
-5.216049,-105.1946,8.0,39.88066,-0.23727039999999996
-3.772764,-76.21328000000001,8.0,41.76064,0.1604152
-1.2485680000000001,-43.60706,8.0,46.341840000000005,0.14921389999999998
-1.6552229999999999,-7.63255,8.0,50.77205,0.3095529
-6.199667,30.0085,8.0,45.7538,-2.027629
-23.99594,42.711290000000005,8.0,15.2717,-1.250953
-26.641540000000003,38.99739,8.0,7.910392,0.22907960000000002
-33.844770000000004,38.12384,8.0,14.22008,0.4585338
-42.85253,47.23048,8.0,20.30954,0.20662129999999998
-48.02828,48.58659,8.0,0.02217887,0.02734423
-48.09665,48.33762,8.0,2.289673,0.5144371
-48.31862,45.21218,8.0,5.351249,0.01976625
-47.15569,43.29652,8.0,1.7164830000000002,0.6825988000000001
-51.20766,45.785959999999996,8.0,10.9703,0.6303309
-62.401109999999996,45.58917,8.0,19.57617,0.5968294
-79.83261999999999,43.495129999999996,8.0,27.68668,0.6005206
-103.0675,42.34537,8.0,35.14036,0.259359
-131.2405,42.69365,8.0,39.96542,-0.1483043
-144.3828,19.41431,8.0,40.3078,0.32601030000000003
-146.0011,-13.67431,8.0,48.70095,0.20094410000000001
-141.9956,-34.29789,9.0,2.82551,-0.05984741
-142.6151,-37.422959999999996,9.0,9.821063,0.6562458999999999
-146.4654,-46.284459999999996,9.0,13.37171,-0.22126759999999998
-153.2887,-51.88492,9.0,12.00351,0.6318009
-162.8764,-55.09431,9.0,12.55665,-0.12078139999999998
-166.9346,-61.74245,9.0,10.36553,0.4999867
-160.6719,-71.66681,9.0,20.994889999999998,-0.41280029999999995
-147.27200000000002,-73.19395,9.0,16.64264,-0.2427969
-135.3846,-73.37143,9.0,19.52101,0.638115
-118.9088,-80.61105,9.0,25.72658,0.03399848
-108.3717,-96.48087,9.0,26.324840000000002,-0.2025762
-108.0199,-112.2227,9.0,12.79106,-0.19484500000000002
-110.6974,-120.4813,9.0,12.76342,1.056697
-119.1089,-131.7989,9.0,21.13127,-0.19075029999999998
-132.3009,-134.7469,9.0,16.63096,-0.2927559
-142.128,-128.1851,9.0,20.28974,1.256721
-148.2009,-110.9664,9.0,28.60425,0.27271599999999996
-157.2479,-99.49053,9.0,14.993070000000001,-0.19607650000000001
-164.9874,-104.3204,9.0,15.6097,1.0338040000000002
-167.94799999999998,-121.4655,9.0,30.88015,1.058249
-168.8924,-149.211,9.0,42.791000000000004,0.5399713
-167.13,-182.5987,9.0,47.074009999999994,0.20664179999999996
-163.918,-216.5998,9.0,42.56981,-0.6159110999999999
-162.0906,-243.012,9.0,27.909159999999996,-0.24794139999999998
-151.9275,-257.5019,9.0,21.74879,-0.1848388
-138.4504,-259.192,9.0,17.648410000000002,0.4361365
-127.6325,-245.4829,9.0,31.34807,1.100593
-125.8106,-219.1945,9.0,36.33246,-0.4946142
-128.7963,-197.4968,9.0,19.142979999999998,-1.563632
-127.0541,-186.4474,9.0,13.45584,-0.2727315
-117.2457,-181.6425,9.0,19.21744,0.26919640000000006
-105.5948,-187.1218,9.0,15.778179999999999,-0.1458287
-102.476,-199.4656,9.0,23.63166,1.2459129999999998
-103.8261,-221.8514,9.0,35.35427,0.596431
-105.8609,-249.1373,9.0,36.36155,-0.2031954
-93.54923000000001,-270.4838,9.0,32.7379,-0.1199059
-69.93079,-271.4102,9.0,32.47149,-0.0631408
-52.29136,-256.23,9.0,33.43421,0.34453259999999997
-47.00011,-230.968,9.0,36.05062,0.17227079999999997
-42.67705,-204.2647,9.0,35.43034,-0.08529127
-34.08037,-181.3808,9.0,30.69854,-0.4181387
-19.16254,-167.4045,9.0,24.889870000000002,-0.1871734
-5.216437,-158.0052,9.0,21.08931,-0.2182375
6.461628,-149.8057,9.0,18.1457,0.06484085
12.71048,-136.2836,9.0,23.884829999999997,0.2560583
3.6747089999999996,-119.4739,9.0,28.7609,0.22894859999999997
-7.315221000000001,-100.876,9.0,29.79216,0.05479055
-11.16033,-78.84755,9.0,31.243309999999997,0.16180970000000003
-9.47379,-54.224430000000005,9.0,34.78363,0.05347738
-4.911822,-28.33585,9.0,36.09818,0.08830057
-1.8202880000000001,-1.633983,9.0,34.95061,-0.5254386
-4.890866,19.43817,9.0,23.54964,-0.6455058000000001
-10.76356,33.22322,9.0,20.49907,0.6343066999999999
-26.51462,43.73637,9.0,29.67199,0.2523578
-50.94785,44.33291,9.0,36.70694,0.5330253
-80.8736,44.23575,9.0,43.744609999999994,0.3373171
-115.3343,41.69426,9.0,48.12522,-0.2378176
-142.7985,33.898920000000004,9.0,34.79088,0.2041204
-144.6746,9.268785000000001,9.0,37.31283,0.25626420000000005
-142.032,-20.36619,9.0,40.124559999999995,-1.269988
-145.0556,-39.68015,10.0,16.5881,-0.24144259999999998
-152.3036,-51.235659999999996,10.0,19.329929999999997,-0.16815070000000001
-163.6723,-57.07336,10.0,15.43808,-0.3068363
-166.4392,-66.20876,10.0,15.57865,0.32894409999999996
-156.248,-73.21642,10.0,17.920289999999998,0.07462978
-142.6906,-72.53489,10.0,17.82582,-0.1649789
-128.3822,-75.62,10.0,24.814629999999998,0.4058389
-111.7883,-88.06146,10.0,31.693820000000002,0.39974740000000003
-108.0367,-112.6099,10.0,36.73395,-0.03422966
-119.5382,-130.5093,10.0,23.48576,-0.3708519
-134.4301,-133.3489,10.0,18.50664,-0.36021929999999996
-143.9503,-124.2941,10.0,21.761960000000002,0.6327029000000001
-148.6135,-107.3526,10.0,19.41141,-3.4556089999999995
-152.0709,-102.9209,10.0,8.493819,0.5982423000000001
-160.5803,-100.8304,10.0,15.78626,0.4480907
-167.3763,-112.0345,10.0,22.0659,0.5287699
-168.5677,-131.0324,10.0,29.14126,0.5147892
-168.7966,-155.191,10.0,35.10154,0.11986269999999999
-167.9239,-182.6266,10.0,38.98106,0.131572
-165.0165,-211.5108,10.0,36.77236,-0.2786321
-163.7199,-235.923,10.0,29.508359999999996,-0.504283
-157.1775,-253.5533,10.0,22.49762,-0.42953199999999997
-142.6301,-259.7345,10.0,23.84111,0.05807092
-129.5687,-249.0214,10.0,25.44031,0.4326357
-124.5957,-229.6761,10.0,28.73558,0.2198978
-127.0902,-207.7531,10.0,28.42002,-0.23276220000000003
-127.9828,-192.3824,10.0,15.9862,-0.31750900000000004
-124.3405,-183.3734,10.0,11.86333,0.30559559999999997
-113.5329,-182.4133,10.0,17.84894,0.2236848
-103.7612,-190.607,10.0,18.48789,0.14558339999999997
-103.35700000000001,-205.1694,10.0,20.981270000000002,0.17112049999999998
-104.3997,-221.1638,10.0,21.7697,-0.009455719
-105.8593,-239.1216,10.0,27.76868,0.21389989999999998
-103.5614,-260.6396,10.0,29.57142,-0.1741601
-85.4608,-272.6696,10.0,34.601259999999996,0.2125389
-59.115359999999995,-266.0668,10.0,38.557559999999995,-0.1264024
-48.78137,-240.0277,10.0,41.50671,0.20403220000000002
-43.94996,-208.5758,10.0,41.72953,-0.6455616999999999
-34.39395,-182.7389,10.0,33.089909999999996,-0.3132999
-18.86968,-167.6856,10.0,26.069570000000002,-0.45451329999999995
-6.826212,-159.239,10.0,12.94295,-0.2570664
3.078506,-152.2355,10.0,20.616989999999998,-0.2680792
12.61616,-141.3808,10.0,21.3904,0.35825840000000003
7.374228,-123.9061,10.0,28.840790000000002,0.4678137
-6.204855,-105.0556,10.0,34.56245,0.42495379999999994
-10.43909,-80.45368,10.0,30.4502,-0.5055827
-9.006699000000001,-55.59025,10.0,36.867090000000005,0.2296569
-4.9576080000000005,-26.195870000000003,10.0,43.000820000000004,0.2055232
-2.14385,7.500202000000001,10.0,48.32298,0.1952316
-14.89206,37.82144,10.0,42.62611,-0.1060578
-46.0322,45.05807,10.0,46.03253,0.1808531
-82.15706999999999,44.24732,10.0,51.43438,0.1737851
-120.5582,40.5227,10.0,46.766090000000005,-1.466796
-146.6647,28.71405,10.0,37.72388,-0.3643696
-144.01,1.9388509999999999,10.0,39.5534,0.387991
-142.8229,-27.92486,10.0,36.51565,-0.7532217
-152.8401,-51.09686,11.0,35.97429,0.1991135
-169.9154,-69.9505,11.0,28.717679999999998,-1.225068
-161.1351,-80.48132,11.0,19.76774,0.0703944
-148.3043,-70.09079,11.0,25.14554,0.1542481
-129.4689,-75.53114000000001,11.0,30.34334,0.4967485
-112.4604,-90.97116,11.0,29.75323,0.1777746
-110.7237,-115.0042,11.0,34.93466,-0.1078076
-124.4531,-131.7972,11.0,27.19606,0.1367968
-143.2361,-125.1969,11.0,31.01935,-0.06942917
-146.6369,-104.6655,11.0,14.039220000000002,-2.813615
-155.25799999999998,-100.5425,11.0,19.380020000000002,0.7011310000000001
-166.5975,-111.0618,11.0,25.14809,0.3893251
-166.0341,-132.0575,11.0,31.7356,0.4874173
-168.46900000000002,-157.8355,11.0,37.99472,0.4391433
-166.2488,-188.0776,11.0,43.94409,0.2179219
-163.6421,-222.5491,11.0,47.574940000000005,-0.2015063
-157.8519,-251.8958,11.0,31.606840000000002,-1.4248969999999999
-138.8084,-259.5509,11.0,30.45683,0.12726500000000002
-126.8098,-242.0126,11.0,32.62891,0.44398000000000004
-126.1789,-215.5448,11.0,38.65186,0.4735374
-126.9139,-188.7105,11.0,33.9803,-1.018926
-110.8335,-181.1393,11.0,24.75703,-0.383996
-107.554,-198.6415,11.0,28.085490000000004,0.5018727
-105.5805,-221.5724,11.0,34.170809999999996,0.2262448
-106.77,-249.1146,11.0,39.85743,0.1231656
-89.69811,-271.6643,11.0,39.12982,-0.09959816
-60.55138,-266.9804,11.0,42.16328,-0.06506111
-47.37189,-239.9959,11.0,43.678709999999995,0.42836779999999997
-42.52024,-205.8421,11.0,49.31065,0.36567649999999996
-25.50724,-173.0702,11.0,50.00246,-1.374322
-0.7460131999999999,-156.2362,11.0,34.1342,-1.370084
12.04299,-139.1588,11.0,25.12495,-0.6106589
6.750817,-122.5508,11.0,26.550859999999997,0.4868928
-5.425483,-104.3037,11.0,32.73124,0.4254889
-10.194980000000001,-78.27251,11.0,38.90907,0.4104567
-8.039947,-47.40958,11.0,44.66642,0.40709509999999993
-2.180104,-12.75959,11.0,50.16205,0.1726116
-6.393764,25.34175,11.0,50.8474,-0.8229759
-32.586870000000005,45.60416,11.0,46.11189,0.005957276
-68.40987,42.5723,11.0,51.08527,0.4093682
-108.1579,41.24617,11.0,55.70599,-0.35971479999999995
-142.3946,33.3125,11.0,42.86227,-0.3946284
-147.7217,5.445773,11.0,41.16923,0.4253014
-142.357,-26.43768,11.0,45.2763,-0.6933741999999999
-152.6664,-50.88324,12.0,28.18958,-0.9455117000000001
-168.5928,-61.96179,12.0,26.316259999999996,-1.232573
-157.282,-72.24579,12.0,25.25465,0.4638831
-136.2875,-72.1545,12.0,31.632409999999997,0.427966
-114.4254,-84.5676,12.0,36.861090000000004,0.28701659999999996
-107.2211,-110.7351,12.0,35.33415,-1.351304
-120.2365,-128.1088,12.0,28.10326,-0.26771209999999995
-137.2927,-132.5807,12.0,21.20115,0.4125147
-146.2979,-118.5001,12.0,26.886059999999997,0.5463955
-154.114,-101.439,12.0,21.83544,-0.5440359
-166.59099999999998,-106.3059,12.0,21.58887,0.40809409999999996
-167.1806,-127.3789,12.0,34.94963,0.4532857
-169.0185,-155.377,12.0,40.73428,0.17773039999999998
-166.6944,-187.7421,12.0,46.55106,0.4195754
-164.6424,-224.2239,12.0,51.75657,0.08666183
-155.3751,-255.1898,12.0,36.66499,-1.470045
-135.3779,-253.717,12.0,28.80548,0.2555206
-127.3514,-232.2133,12.0,33.96305,0.45595280000000005
-126.6605,-205.2398,12.0,35.03416,-1.007017
-123.6322,-182.3145,12.0,30.284440000000004,-0.3229051
-106.9033,-186.2578,12.0,24.55425,-0.1107236
-110.2429,-205.4675,12.0,29.53518,0.2303526
-109.5055,-229.812,12.0,36.085190000000004,0.4790452
-104.0744,-258.1426,12.0,41.603629999999995,0.07044542
-79.93418,-271.7133,12.0,39.84922,0.1396292
-51.23035,-260.9203,12.0,42.03248,-0.5986398
-48.76682,-235.7285,12.0,32.19985,-0.06123253
-53.000890000000005,-219.4571,12.0,9.290579,-1.541922
-53.29766,-215.2265,12.0,3.0117130000000003,-0.7697281
-52.77475,-216.2338,12.0,5.907716000000001,0.21078049999999998
-46.566959999999995,-218.4528,12.0,13.22296,0.4264925
-41.98815,-209.0833,12.0,13.73889,-0.2661285
-41.40934,-198.2397,12.0,19.276120000000002,0.5431588
-36.06974,-182.3347,12.0,26.17969,0.46193670000000003
-20.59304,-167.2574,12.0,32.5825,0.6123198000000001
1.8359130000000001,-153.3181,12.0,37.57585,-0.11964480000000001
12.15601,-131.289,12.0,28.808970000000002,-0.1704932
-0.668738,-111.2739,12.0,39.278690000000005,0.5931674
-10.57771,-78.58025,12.0,52.116040000000005,0.31253190000000003
-6.011443,-38.56964,12.0,56.82173,0.17391579999999998
-2.400314,4.569537,12.0,55.70491,-1.481431
-11.10614,32.73993,12.0,34.3685,0.24661190000000002
-33.7706,45.733670000000004,12.0,38.1359,0.1266171
-63.909369999999996,44.30381,12.0,43.66029,0.44363149999999996
-98.34589,43.20539,12.0,49.258959999999995,0.4034915
-134.8821,38.742020000000004,12.0,47.865,0.1207116
-153.016,18.38366,12.0,18.83607,-3.839028
-153.6575,12.589789999999999,12.0,2.082214,0.32374250000000004
-149.1826,11.618889999999999,12.0,10.40756,0.26542150000000003
-146.4344,1.7739939999999998,12.0,18.05106,0.28370700000000004
-144.2872,-14.22079,12.0,25.32787,0.5006589
-141.9034,-33.50012,13.0,3.5849309999999996,0.3240159
-143.0628,-39.12851,13.0,11.83813,0.5424564000000001
-149.5634,-48.5344,13.0,19.317999999999998,0.5303169
-163.8918,-57.302769999999995,13.0,25.721410000000002,0.3717621
-164.847,-72.2179,13.0,18.21611,-0.3551507
-152.2917,-75.98283,13.0,20.71142,0.4246424
-137.6538,-72.28358,13.0,18.27448,-0.1464973
-121.7845,-76.02745,13.0,25.85567,0.4433473
-108.5617,-92.09098,13.0,31.52,0.1997432
-110.0595,-116.4715,13.0,35.90011,0.2534491
-131.7536,-132.3748,13.0,37.124,-0.9034667
-146.062,-124.2089,13.0,11.97555,-1.902211
-141.1241,-123.0541,13.0,10.53302,0.3411866
-139.2714,-122.6221,13.0,5.092631,0.3915126
-144.5411,-125.5747,13.0,9.797523,-0.10728720000000001
-145.52100000000002,-129.1686,13.0,0.36947470000000004,0.3825075
-144.5194,-125.6112,13.0,9.555183999999999,0.31548459999999995
-140.1931,-116.4538,13.0,17.65564,0.5139452
-145.0249,-102.139,13.0,24.439770000000003,0.4119915
-161.9145,-100.4364,13.0,23.23193,-0.4823259
-167.2097,-117.4172,13.0,29.17867,0.5289170999999999
-167.6006,-141.6156,13.0,36.131840000000004,0.2349099
-167.8164,-170.9987,13.0,42.77341,0.4818958
-167.9384,-204.9966,13.0,48.94827,0.2116257
-165.2444,-242.3519,13.0,48.07867,-0.5888574000000001
-139.5883,-257.3998,13.0,38.01789,-1.634016
-127.5039,-240.2878,13.0,32.13136,0.3694398
-127.5187,-212.5727,13.0,41.35196,-0.05970914
-126.3764,-187.5919,13.0,18.3487,-1.1393440000000001
-117.711,-181.4377,13.0,16.1448,0.2794375
-106.6502,-189.9758,13.0,23.694370000000003,0.24057470000000003
-105.2493,-209.8458,13.0,30.61859,0.5012659
-108.1179,-234.9225,13.0,37.28905,0.3473969
-97.80895,-262.0406,13.0,42.099990000000005,0.22414
-69.68884,-271.8743,13.0,42.63259,-0.009284664
-50.02874,-249.5533,13.0,42.972970000000004,0.2643109
-47.63341,-216.0728,13.0,45.115559999999995,-1.2465110000000001
-34.90635,-187.4374,13.0,44.55167,0.1856136
-10.52159,-161.9226,13.0,50.49414,0.4535913
9.720208999999999,-131.2568,13.0,45.89557,-0.2157624
-2.5420700000000003,-106.9302,13.0,32.695570000000004,-0.3138081
-8.059086,-87.23521,13.0,32.01054,0.5294406
-5.840914,-61.09262,13.0,38.82475,0.4799481
-5.116343,-29.95161,13.0,45.23762,0.2178192
-3.740197,5.825871,13.0,51.214859999999994,0.1833996
-14.51283,37.79327,13.0,36.87798,-0.8601744
-33.256679999999996,38.70304,13.0,16.18835,-0.7278722
-35.09156,32.58429,13.0,0.07062519,0.02527847
-35.14243,32.59154,13.0,0.056902999999999995,-0.002617391
-35.01563,32.949040000000004,13.0,3.086131,0.3043832
-33.87495,38.06873,13.0,10.766119999999999,0.46354229999999996
-32.30146,44.27747,13.0,3.65321,-0.710004
-32.64882,43.691179999999996,13.0,5.1561069999999996,0.6006685
-38.51585,41.24177,13.0,12.854330000000001,0.5662243
-50.257740000000005,44.57863,13.0,20.05322,0.5025426
-67.54974,44.622040000000005,13.0,26.677159999999997,0.4661918
-89.48289,41.91206,13.0,32.92968,0.4139294
-116.0479,42.8176,13.0,38.571459999999995,0.3426265
-142.1897,31.1476,13.0,38.22012,-0.226142
-147.5279,3.597982,13.0,40.97088,0.18394059999999998
-144.5547,-28.61642,13.0,45.90723,0.04103448
-155.2489,-55.152919999999995,14.0,31.552120000000002,-0.46539300000000006
-161.6846,-70.85044,14.0,23.7473,0.1933172
-143.5876,-75.62305,14.0,29.23814,0.45975
-121.4531,-81.83031,14.0,33.96966,0.35922259999999995
-109.4031,-104.4494,14.0,37.190090000000005,0.1534556
-122.3821,-128.3352,14.0,39.1342,0.06725237
-144.5959,-127.5408,14.0,23.680429999999998,-0.667661
-145.7997,-119.9967,14.0,1.464501,0.2730015
-146.7046,-118.9785,14.0,1.87713,-0.01811425
-147.5156,-118.0525,14.0,1.4271120000000002,-0.1933197
-149.3082,-117.2362,14.0,4.016862000000001,-0.05682696
-150.7999,-117.4094,14.0,2.200278,0.34131940000000005
-146.866,-114.4494,14.0,11.00577,0.2995109
-145.3018,-104.0154,14.0,18.504820000000002,0.4316109
-158.1929,-96.88622,14.0,23.6915,0.11708980000000001
-168.0561,-111.334,14.0,27.951890000000002,0.4447706
-166.2809,-134.5608,14.0,34.9188,0.49365020000000004
-166.7036,-162.957,14.0,41.71118,0.4584152
-167.2095,-196.2248,14.0,48.05366,0.2235784
-165.9278,-233.7575,14.0,50.575990000000004,-1.308668
-148.5364,-254.6676,14.0,25.57955,-1.129078
-141.7395,-251.6658,14.0,4.384149,-0.07530526
-140.8828,-249.3494,14.0,4.431326,0.4292462
-135.209,-248.4047,14.0,12.2158,0.3386552
-125.7049,-251.8168,14.0,12.5586,-0.3517936
-120.9238,-246.3551,14.0,12.00804,0.5166491
-123.9851,-234.3028,14.0,21.018320000000003,0.559816
-126.7262,-216.1053,14.0,28.63237,0.5285701
-127.6711,-192.2812,14.0,35.34599,0.01494657
-112.3274,-179.3029,14.0,24.4794,-1.008728
-105.3953,-195.4062,14.0,32.82352,1.0273940000000001
-107.4566,-227.2111,14.0,52.88686,1.31049
-94.52557,-264.7093,14.0,49.52323,-1.323512
-62.70421999999999,-269.8064,14.0,46.17047,-0.4172129
-48.188520000000004,-243.0219,14.0,43.87962,0.37439229999999996
-46.43553,-209.0743,14.0,48.23232,0.1347644
-25.06543,-178.5537,14.0,53.175869999999996,0.40797690000000003
3.724675,-149.3049,14.0,55.14816999999999,-0.7256488
7.089375,-120.4109,14.0,28.87517,-0.7028241
-4.235248,-103.8607,14.0,29.61147,0.4729138
-5.297053,-79.59222,14.0,36.307190000000006,0.4845589
-3.005251,-50.29557,14.0,43.01793,0.4618366
-2.2170520000000002,-16.032610000000002,14.0,49.30449,0.4335023
-4.787479,22.19321,14.0,50.2896,-1.246683
-27.964809999999996,42.77151,14.0,43.12236,0.01556127
-61.782619999999994,40.39481,14.0,48.63089,0.4492807
-100.01799999999999,40.444109999999995,14.0,54.51935,0.3947797
-136.506,37.76315,14.0,38.77486,-1.517686
-145.1251,22.5405,14.0,7.926080000000001,-2.521587
-142.9165,23.44217,14.0,5.340483,-0.8084682
-141.2208,25.56438,14.0,1.172773,0.6214064
-144.0022,22.38102,14.0,8.917409,0.175072
-149.3298,21.94066,14.0,2.869723,-0.7463633000000001
-148.0458,21.17207,14.0,6.7101429999999995,0.33561890000000005
-142.6786,15.002379999999999,14.0,15.45934,0.5915193
-140.7862,0.7806799,14.0,23.60772,0.5942590999999999
-142.4691,-19.61595,14.0,31.39654,0.5169245
-141.8539,-36.03904,1.0,5.774389,0.09997647
-142.9078,-44.22602,1.0,15.70706,0.3023192
-152.8044,-54.73223,1.0,23.9856,0.6195866
-162.855,-69.85291,1.0,26.73054,-0.1389253
-148.2854,-74.44958000000001,1.0,24.463639999999998,0.42127650000000005
-136.10299999999998,-68.60899,1.0,7.1496770000000005,0.031514299999999995
-135.8611,-68.27911999999999,1.0,0.02599995,-0.0005047749
-135.8425,-68.28181,1.0,0.02467926,0.001536854
-135.8266,-68.28371,1.0,0.02811916,0.06640618
-136.0761,-70.28641,1.0,4.603511,0.109529
-135.6523,-73.57327,1.0,4.156199,-0.05970506
-136.4714,-76.14499,1.0,3.4779190000000004,-0.03543629
-135.7893,-75.79808,1.0,5.782728,0.6669964
-128.3853,-75.3575,1.0,14.568320000000002,0.6157651999999999
-117.9243,-83.12016,1.0,22.02427,0.5912195
-110.6883,-100.8713,1.0,29.544909999999998,0.46101440000000005
-115.8805,-123.5598,1.0,35.00462,0.33425820000000006
-138.7646,-132.3745,1.0,30.53919,-1.382806
-145.5203,-118.29899999999999,1.0,21.93957,0.1526946
-138.4582,-108.713,1.0,0.5318545,-1.3507639999999999
-138.4582,-108.7239,1.0,0.02459203,-0.0018941020000000002
-138.459,-108.7405,1.0,0.02412463,-0.03045181
-141.4702,-108.1191,1.0,8.060316,0.1434571
-145.6925,-110.7796,1.0,1.53694,-1.4508370000000002
-144.7038,-108.5238,1.0,7.783063,0.32266859999999997
-146.5612,-100.2079,1.0,15.922179999999999,0.2882163
-158.1691,-95.98933000000001,1.0,16.144820000000003,-0.36947470000000004
-165.7713,-103.8357,1.0,19.68657,1.1871770000000001
-168.1365,-123.5566,1.0,33.07907,0.8563134
-165.5718,-150.0781,1.0,41.00761,0.20611190000000001
-165.0354,-176.7443,1.0,32.603840000000005,-0.48302259999999997
-167.97400000000002,-200.4783,1.0,38.12558,0.7405795999999999
-166.4817,-229.4987,1.0,36.18855,-0.5225711
-157.1869,-249.3309,1.0,25.83589,-0.2831785
-137.4025,-249.1643,1.0,30.09243,0.01801785
-121.7747,-235.7439,1.0,24.360139999999998,-0.5942433000000001
-131.0304,-220.9075,1.0,23.96204,-1.2639200000000002
-123.705,-206.8093,1.0,20.13717,-0.5317350000000001
-124.7478,-193.6467,1.0,17.27039,-0.3407297
-120.0508,-184.3631,1.0,17.17538,0.6158696
-110.8869,-190.9655,1.0,16.04919,-0.1423543
-110.07700000000001,-201.7715,1.0,13.835820000000002,-0.05114141
-109.4037,-214.8144,1.0,21.74188,0.5613748000000001
-107.4371,-233.6636,1.0,29.374640000000003,0.5356933
-101.1407,-256.9579,1.0,35.77655,0.1748356
-78.60956999999999,-271.4785,1.0,39.08165,0.133787
-54.86543,-257.4506,1.0,39.66445,0.01530433
-51.23853,-227.4952,1.0,43.558040000000005,0.31030759999999996
-37.072759999999995,-196.6788,1.0,48.57307,0.4149630999999999
-12.1902,-167.8686,1.0,54.30299,0.39272340000000006
10.41253,-132.6228,1.0,57.34973000000001,-0.46058119999999997
10.727260000000001,-106.0852,1.0,12.8941,-2.8088580000000003
9.82119,-104.2798,1.0,0.5296121,-0.03393844
10.30522,-104.6025,1.0,3.6899610000000003,0.2544206
14.408760000000001,-107.0143,1.0,8.609860000000001,0.042975400000000004
18.50157,-106.9287,1.0,0.8839971999999999,-0.49559140000000007
15.943660000000001,-107.7313,1.0,7.988358,0.6214185
7.8841220000000005,-111.5677,1.0,15.36646,0.382581
-0.2710145,-104.9949,1.0,19.61579,0.5287375
0.7494813,-88.01288000000001,1.0,26.236890000000002,0.5459421999999999
-4.785579,-66.69986,1.0,33.090109999999996,0.48576450000000004
-5.892919999999999,-39.737159999999996,1.0,39.769020000000005,0.4957028
-6.361154,-7.9334039999999995,1.0,46.04363,0.456172
-7.611215,27.592229999999997,1.0,44.82675,-0.48813009999999996
-20.27887,44.67538,1.0,14.88693,-1.101169
-29.58507,38.539,1.0,18.637,0.2506466
-45.834590000000006,39.18716,1.0,25.78511,0.2500605
-67.5137,39.57375,1.0,32.8395,0.5119116
-94.37177,39.739959999999996,1.0,39.57228,0.4730692
-125.9393,40.599740000000004,1.0,42.80059,-1.443552
-144.4976,29.214979999999997,1.0,20.04058,-1.671488
-139.4907,24.80977,1.0,9.830675,0.4067614
-137.7517,24.24766,1.0,0.06690301,0.02760924
-137.7516,24.20694,1.0,0.04974583,0.02947775
-140.3972,24.62398,1.0,7.505797,0.426095
-147.5844,24.31726,1.0,10.41879,-0.8363025
-151.2178,25.4182,1.0,0.23381149999999998,-0.49825820000000004
-148.7831,23.7552,1.0,8.1636,0.5794833
-147.6406,15.36046,1.0,15.5245,0.48696629999999996
-151.8566,2.417451,1.0,21.64157,0.43593409999999994
-147.497,-15.51464,1.0,28.23452,0.22660970000000002
-146.5148,-38.665620000000004,2.0,34.06078,0.1174121
-163.2999,-54.907219999999995,2.0,32.55491,-0.5226877000000001
-162.3261,-72.25986,2.0,20.09985,-1.308648
-156.0598,-69.02245,2.0,8.932478,0.7719453000000001
-155.6968,-68.52765,2.0,0.05024868,-0.004236965
-155.7566,-68.75317,2.0,2.33109,0.5986578
-156.3055,-72.10356999999999,2.0,5.072154,-0.0494972
-156.9738,-75.12549,2.0,1.146623,-0.27414770000000005
-154.8746,-73.37561,2.0,8.430149,0.3402897
-145.9896,-74.92782,2.0,16.93486,0.5923345999999999
-133.5853,-82.15913,2.0,19.2921,-0.142573
-121.1949,-86.47485,2.0,19.25614,0.9728549999999999
-110.7973,-103.0219,2.0,31.5977,-0.03201059
-118.9602,-124.1598,2.0,33.20024,-0.08749551
-140.2196,-129.468,2.0,26.11843,-1.25014
-142.7388,-116.33,2.0,22.095,0.28693420000000003
-142.1082,-103.0905,2.0,18.83158,0.10171260000000001
-156.8164,-102.8681,2.0,20.0626,-0.48874049999999997
-160.9886,-114.2057,2.0,16.54565,0.07036269
-163.9342,-127.1212,2.0,20.86337,1.403684
-165.3813,-145.8944,2.0,29.339840000000002,0.5591834
-165.3768,-170.5383,2.0,36.903659999999995,0.2493678
-165.7502,-200.5324,2.0,44.00695,0.486642
-164.9481,-235.3428,2.0,45.05332,-4.136143
-154.0556,-251.1813,2.0,23.55596,0.437515
-134.005,-251.0992,2.0,30.57635,0.06735165
-126.4663,-235.2247,2.0,25.463729999999998,0.7827973000000001
-125.7836,-213.2134,2.0,34.37704,0.218546
-125.4168,-188.002,2.0,21.79721,-2.667094
-117.3942,-184.1097,2.0,14.1228,0.46284790000000003
-110.7482,-193.9296,2.0,21.04675,0.29493590000000003
-109.2348,-212.5526,2.0,29.16863,0.5526899000000001
-106.1414,-236.82,2.0,36.706179999999996,0.49739049999999996
-94.63656999999999,-263.519,2.0,42.13485,0.04438926
-66.69811999999999,-268.0604,2.0,40.80206,0.2502829
-48.796279999999996,-244.3969,2.0,42.30518,0.06082483
-47.57442,-211.3015,2.0,47.55737,0.3014602
-27.36403,-181.3886,2.0,52.058409999999995,0.21880270000000002
-0.2309476,-150.9157,2.0,56.91522,-0.5369576
7.866353999999999,-125.5267,2.0,18.174979999999998,-0.2360924
-2.511787,-114.3851,2.0,24.401020000000003,0.255504
-6.795249,-94.48595999999999,2.0,31.54875,0.5383332
-6.709693,-68.34286,2.0,38.96952,0.5298939
-6.8480490000000005,-36.8895,2.0,45.90494,0.23486990000000002
-7.323345,-0.4092064,2.0,52.436319999999995,0.2213153
-11.5454,36.83745,2.0,41.70218,-2.2007630000000002
-25.603460000000002,46.01489,2.0,6.018418,-2.529218
-25.583370000000002,43.29392,2.0,7.914291,0.6200719
-32.80058,39.95241,2.0,16.01983,0.5775937
-46.25841,46.24462,2.0,23.88211,0.4617923
-66.28432,44.14483,2.0,31.205040000000004,0.5446625
-92.09059,41.64268,2.0,38.58775,0.5235601
-123.2258,40.39396,2.0,45.47829,0.4531893
-149.2004,27.463379999999997,2.0,28.50658,-2.012257
-149.4409,18.95226,2.0,2.5979650000000003,0.357232
-144.688,18.08083,2.0,11.26955,0.307514
-145.0819,7.3631649999999995,2.0,19.27785,0.28537540000000006
-150.7935,-7.701303,2.0,25.21725,0.4617518
-145.9964,-28.55782,2.0,32.51569,0.26399140000000004
-143.1239,-39.70856,3.0,11.61563,-0.09428654
-147.5078,-47.76849,3.0,16.575570000000003,0.48476980000000003
-158.3018,-53.54121,3.0,15.26505,-0.11838039999999998
-166.3288,-58.564530000000005,3.0,11.346739999999999,-0.1417785
-165.0989,-65.90375,3.0,11.44016,0.36455909999999997
-155.9584,-72.35176,3.0,19.37933,0.5225244000000001
-138.8284,-72.61319,3.0,26.95288,0.2698817
-119.6797,-81.40995,3.0,26.6215,-0.4259429
-109.04299999999999,-95.77063000000001,3.0,24.89005,1.129124
-109.5254,-115.9398,3.0,25.61219,-0.3884801
-119.14299999999999,-129.5005,3.0,20.33945,-0.16552360000000002
-135.0865,-133.3306,3.0,23.671960000000002,-0.6060289000000001
-144.2637,-118.2389,3.0,31.685990000000004,0.46498959999999995
-155.6907,-103.7238,3.0,17.1365,-0.4029796
-165.6514,-110.5356,3.0,21.261689999999998,0.5381375
-168.4053,-129.001,3.0,29.22137,0.5705563
-169.6723,-153.3713,3.0,36.59836,0.5071239000000001
-167.3439,-182.9686,3.0,43.53843,0.2338105
-164.3514,-217.575,3.0,49.84708,0.07754001
-160.0852,-251.6056,3.0,39.64609,-0.8173119000000001
-140.4827,-257.1019,3.0,25.31748,0.9622610999999999
-126.3352,-240.6465,3.0,32.556670000000004,0.3125084
-128.1306,-215.4237,3.0,37.59762,0.01420671
-126.1767,-189.6075,3.0,31.826109999999996,-0.5138519
-112.8646,-178.9308,3.0,22.340310000000002,-0.48926850000000005
-109.9883,-193.3533,3.0,24.708170000000003,0.48598820000000004
-105.3241,-213.3872,3.0,31.8418,0.16202660000000002
-105.62200000000001,-235.6038,3.0,27.53652,-0.08818286
-104.1414,-258.3633,3.0,35.91757,0.3019199
-83.01997,-271.6262,3.0,36.6346,0.1468891
-62.424240000000005,-268.8135,3.0,15.69776,-1.079803
-56.2905,-266.7925,3.0,2.360474,-0.8309690000000001
-57.031659999999995,-267.2963,3.0,1.211992,-0.20140160000000001
-56.589969999999994,-266.8968,3.0,3.897673,0.4949433
-53.627109999999995,-263.3744,3.0,7.627335,0.1235287
-48.604659999999996,-263.1786,3.0,4.627184,-0.8315998
-48.738440000000004,-262.7006,3.0,5.347671,0.3320676
-50.07322,-255.8679,3.0,13.66937,0.6083809
-46.849709999999995,-243.1786,3.0,21.54753,0.280856
-43.95882,-224.6797,3.0,28.94613,0.5087509
-41.16787,-200.745,3.0,35.90617,0.4824232
-27.07647,-177.425,3.0,40.27171,0.4656059
-7.0438279999999995,-157.986,3.0,27.776459999999997,-1.610841
6.2668040000000005,-147.548,3.0,20.1034,-0.33795970000000003
11.8304,-136.1495,3.0,15.28166,-0.141965
8.620596,-125.182,3.0,18.63114,0.5397128000000001
-1.286512,-111.9984,3.0,25.947010000000002,0.5182492999999999
-8.723514999999999,-91.42533,3.0,32.89467,0.2388719
-10.25088,-64.79688,3.0,39.32979,0.4603138
-6.067863,-33.51031,3.0,45.57952,0.20895210000000003
-3.4120589999999997,-1.260842,3.0,35.82895,-3.247531
-4.620992,13.620560000000001,3.0,6.436998,-0.9045396000000001
-5.321422,17.59113,3.0,9.348039,0.5662528
-7.875019,27.348390000000002,3.0,17.72729,0.285923
-17.73176,39.34018,3.0,24.91536,0.525191
-37.656009999999995,45.05533,3.0,31.53288,0.4896049
-63.60815,44.71311,3.0,38.4657,0.4879459
-94.47843,42.98917,3.0,44.98911,0.2291908
-128.0574,39.35564,3.0,43.1171,-0.44112799999999996
-150.065,24.79056,3.0,33.97708,-0.6816574000000001
-143.6559,1.2296989999999999,3.0,34.85365,0.1890116
-144.882,-26.636,3.0,40.60975,0.21939389999999998
-150.1854,-52.17892,4.0,23.56267,-1.073958
-164.0641,-55.1112,4.0,19.48,-0.2645547
-165.3168,-67.3063,4.0,21.875770000000003,0.2329594
-148.1786,-72.59957,4.0,28.272990000000004,0.2714074
-125.8973,-78.23773,4.0,34.5146,0.1897936
-109.1703,-99.36895,4.0,39.29016,0.04818363
-117.0151,-125.2066,4.0,37.43168,-0.06828997
-140.1718,-129.963,4.0,31.651359999999997,0.06104854
-144.0128,-109.1379,4.0,31.215429999999998,-0.28491170000000005
-154.8637,-98.90401,4.0,16.161579999999997,0.19407370000000002
-165.4642,-108.9261,4.0,24.29571,0.5011481
-169.1867,-129.2878,4.0,31.57828,0.2645605
-169.8013,-155.1047,4.0,38.32712,0.49595329999999993
-166.9259,-185.8647,4.0,44.91245,0.4692375
-163.7082,-221.1641,4.0,49.415409999999994,-0.05323105
-159.8244,-249.7624,4.0,21.64527,-0.6691656
-147.379,-257.1752,4.0,21.61101,0.5264694999999999
-131.6688,-252.7939,4.0,25.557370000000002,0.3684895
-125.4213,-232.0936,4.0,32.53942,0.43759899999999996
-128.5715,-206.1598,4.0,38.53914,0.1946467
-120.2893,-179.6365,4.0,36.27243,-0.275515
-100.291,-182.8096,4.0,25.572789999999998,-0.6497668000000001
-107.6192,-194.8762,4.0,23.14268,0.519822
-114.555,-201.549,4.0,0.05591512,-0.4680367
-114.555,-201.5546,4.0,0.01100385,-0.007923888
-113.2985,-201.7983,4.0,4.12425,-0.5076081
-109.8755,-199.3236,4.0,5.21704,-0.7214885999999999
-109.6668,-198.5985,4.0,2.8714779999999998,0.26504759999999994
-108.9155,-203.34799999999998,4.0,10.03383,0.4974081
-106.8999,-213.1225,4.0,16.72844,0.23309810000000003
-105.1684,-227.7414,4.0,22.96523,0.4190771
-105.8793,-246.9383,4.0,28.64142,0.1725639
-96.19826,-266.8993,4.0,32.48453,0.17416700000000002
-72.48799,-271.0792,4.0,35.240140000000004,0.14632579999999998
-51.17013,-255.8442,4.0,36.93905,-0.1148035
-49.2353,-227.4699,4.0,40.526140000000005,0.31227350000000004
-41.18758,-197.1732,4.0,44.67719,0.2886277
-19.872220000000002,-171.1044,4.0,46.644740000000006,-0.16476459999999998
1.626052,-151.6658,4.0,24.98562,-1.0200559999999999
11.731860000000001,-140.3735,4.0,17.27998,-0.4964246
9.777961999999999,-126.9705,4.0,23.65176,0.19783270000000003
-2.238833,-111.4872,4.0,29.07018,0.3380107
-9.211163,-89.11032,4.0,34.26127,0.3524139
-10.26431,-61.99455,4.0,39.2141,0.33793470000000003
-5.0636730000000005,-31.625940000000003,4.0,43.91336,0.16849260000000002
-1.625134,2.282651,4.0,47.91245,0.19674029999999998
-9.899588,31.708879999999997,4.0,26.5843,-0.3360847
-27.940140000000003,42.832409999999996,4.0,31.540309999999998,0.329882
-53.11237,43.4342,4.0,36.58628,0.3730007
-82.11466999999999,43.24216,4.0,41.592490000000005,0.3448656
-113.94200000000001,40.71594,4.0,42.750609999999995,-0.3288243
-136.8875,37.314809999999994,4.0,14.842889999999999,-0.3868512
-145.6279,29.20028,4.0,19.45991,0.44146769999999996
-147.881,12.962439999999999,4.0,25.17246,0.4099742
-144.0546,-7.429196000000001,4.0,30.87185,0.40865890000000005
-141.9801,-31.99229,4.0,34.429790000000004,-0.6630326999999999
-152.3792,-50.30826,5.0,26.78681,0.3037647
-168.4775,-61.519940000000005,5.0,22.4406,-1.357377
-160.597,-69.58462,5.0,16.08447,-0.199622
-146.6591,-71.53468000000001,5.0,23.00225,0.4319343
-128.1248,-76.56138,5.0,28.740779999999997,0.2006508
-110.6646,-90.81702,5.0,32.912259999999996,0.20495879999999997
-110.1525,-115.1478,5.0,33.75609,-0.2086242
-124.9353,-132.5463,5.0,29.08189,-0.8726813
-140.9341,-126.9349,5.0,23.53629,0.1735106
-147.4735,-108.9515,5.0,28.485120000000002,0.3389443
-163.4285,-101.2259,5.0,19.0963,-0.6743234
-164.5221,-112.5689,5.0,17.115289999999998,0.03440119
-167.0506,-128.1976,5.0,26.04668,0.6008796999999999
-168.4908,-154.192,5.0,44.05862,0.6434725
-164.9527,-189.0677,5.0,50.15538,0.5284647
-164.3005,-223.0585,5.0,31.926809999999996,-2.575639
-163.183,-239.7123,5.0,18.85674,-0.41731850000000004
-159.3049,-250.9281,5.0,14.97751,0.04598511
-147.9275,-259.54,5.0,24.461,0.41408190000000006
-130.7538,-251.657,5.0,31.517970000000002,0.9466983
-125.5215,-224.7084,5.0,41.48339,0.518347
-128.7459,-198.5354,5.0,22.18136,-1.110035
-124.7071,-185.4894,5.0,15.4687,-0.4401569
-111.5314,-182.7131,5.0,23.67536,0.2888942
-102.4787,-197.4865,5.0,27.693309999999997,0.6635776999999999
-103.57600000000001,-221.743,5.0,36.15002,0.11576600000000001
-105.5709,-248.5204,5.0,33.49796,-0.3240909
-96.31974,-267.811,5.0,30.21834,0.24764829999999996
-73.31058,-271.4654,5.0,34.18346,0.29372709999999996
-53.00936,-256.7027,5.0,36.14285,0.1694674
-47.85355,-228.7825,5.0,40.64103,0.1791269
-41.83028,-197.5466,5.0,45.154140000000005,0.1252151
-22.14921,-169.7642,5.0,47.98387,-0.01197241
-3.415554,-156.3978,5.0,14.31215,-0.1899762
3.883543,-151.3805,5.0,9.729486999999999,-0.3056889
8.28115,-147.5669,5.0,7.002324000000001,0.524382
12.53704,-141.1435,5.0,13.783420000000001,0.4568894
11.25539,-129.0701,5.0,19.80201,0.4437625
1.334655,-115.4402,5.0,25.67286,0.3813183
-7.246216,-96.25358,5.0,31.113290000000003,0.1899642
-10.698030000000001,-71.5828,5.0,36.24848,0.3488972
-6.728662,-43.21546,5.0,41.1076,0.352717
-1.90221,-11.41261,5.0,45.79919,0.3332607
-3.908018,17.19997,5.0,28.84429,-0.6490529
-7.511098,26.9162,5.0,12.085469999999999,0.5491468
-14.334060000000001,36.91885,5.0,19.548070000000003,0.40284040000000004
-29.12766,44.14143,5.0,25.23544,0.3813396
-49.82689,45.26444,5.0,30.84354,0.39843
-74.66689000000001,44.52404,5.0,36.2066,0.1793662
-103.3582,42.77668,5.0,41.245,0.372364
-130.5874,39.84236,5.0,25.25981,-1.553305
-143.4265,32.22745,5.0,22.95226,0.37431590000000003
-148.0863,14.022929999999999,5.0,28.2263,0.3610158
-143.7743,-8.345583,5.0,33.50356,0.191859
-142.4769,-33.47802,6.0,30.10466,-0.02777076
-146.3691,-45.3168,6.0,13.57431,0.5354674
-156.1122,-54.04838,6.0,17.77368,-0.4074699
-165.3989,-59.57023,6.0,12.29663,-0.01069204
-162.5001,-70.04533,6.0,20.74251,0.36820890000000006
-143.899,-71.61935,6.0,32.9296,0.9849193000000002
-118.5576,-82.02207,6.0,41.994690000000006,0.2968956
-110.8475,-107.2116,6.0,33.22311,-1.603484
-116.9044,-118.9415,6.0,10.69101,0.01185089
-121.4337,-129.5462,6.0,19.30132,-0.5096101
-133.3991,-133.8829,6.0,20.32275,0.41854529999999995
-144.2349,-122.1117,6.0,25.70883,0.5213943
-148.3701,-106.0865,6.0,10.702810000000001,-1.111585
-153.1991,-102.2312,6.0,10.836789999999999,0.3657028
-163.3805,-102.1962,6.0,15.62509,-0.2395795
-167.2341,-114.8154,6.0,23.80425,1.019412
-168.81,-137.5717,6.0,37.21801,0.7133056
-168.4082,-169.5222,6.0,48.55393,0.3573195
-164.8363,-208.5466,6.0,53.16254,-0.4328501
-163.2265,-243.5608,6.0,39.51448,-0.4945349
-148.6671,-258.2256,6.0,24.23826,-0.5462197
-133.9529,-254.1953,6.0,19.76476,0.45409970000000005
-125.83,-238.748,6.0,26.960409999999996,0.1984806
-125.8139,-216.8333,6.0,32.30942,0.17713689999999999
-128.6302,-191.7766,6.0,30.7086,-1.4533209999999999
-119.2835,-182.0573,6.0,19.34122,0.3871854
-106.0422,-189.7986,6.0,23.904339999999998,0.1719632
-102.5867,-208.8887,6.0,29.156859999999998,0.3788938
-105.0601,-232.4619,6.0,34.59912,0.1803428
-103.8091,-259.7172,6.0,38.700759999999995,-0.02210197
-82.56635,-272.4417,6.0,32.40508,-0.35583309999999996
-62.16814,-267.4245,6.0,24.666529999999998,-0.5516958000000001
-50.44771,-255.6406,6.0,26.6697,1.297903
-46.38902,-233.8027,6.0,32.68742,0.38763109999999995
-43.34105,-207.8165,6.0,37.951029999999996,0.3787344
-33.61442,-180.4625,6.0,40.83191,0.06526729
-9.688261,-162.1316,6.0,34.174,-1.30892
2.259207,-152.9908,6.0,12.90645,-0.3533978
8.985364,-146.91299999999998,6.0,12.90536,0.142913
12.88363,-136.2252,6.0,19.64235,0.29420949999999996
4.583325,-121.0149,6.0,29.68038,0.5641102
-7.376853,-96.96658000000001,6.0,43.75363,1.004934
-9.170409,-59.870830000000005,6.0,56.3825,0.8570274
-1.993157,-16.054489999999998,6.0,61.87781999999999,-0.253058
-4.952247,18.90907,6.0,27.28087,-1.554106
-11.627089999999999,33.689820000000005,6.0,22.790670000000002,0.4555219
-28.413059999999998,43.8072,6.0,32.36772,0.46869520000000003
-57.62124,45.0695,6.0,47.07333,1.086914
-97.76033000000001,43.34025,6.0,59.743430000000004,-0.46952269999999996
-124.5777,39.87079,6.0,15.013,-0.6516892
-134.5129,37.83637,6.0,16.5616,1.185494
-146.5292,27.90723,6.0,24.669079999999997,0.3243611
-146.9374,7.791386,6.0,30.01398,0.1964305
-142.1692,-16.05995,6.0,35.38557,0.18014129999999998
-141.9523,-35.03687,7.0,7.941482000000001,0.5312060000000001
-143.5948,-43.302890000000005,7.0,14.673110000000001,0.22655340000000002
-152.9428,-51.93656,7.0,20.53011,0.43907879999999994
-166.7032,-60.74734,7.0,21.78376,-0.6276003000000001
-165.8065,-73.11076,7.0,15.61031,-0.06188669
-154.4249,-76.92491,7.0,18.564329999999998,0.2661487
-140.2426,-73.26385,7.0,20.51716,0.10498419999999999
-124.2474,-76.02408,7.0,24.775470000000002,0.9534676999999999
-109.9676,-91.6076,7.0,31.33333,0.21649780000000002
-110.8144,-115.4688,7.0,34.68634,0.170382
-131.077,-131.3875,7.0,36.977090000000004,-0.1274225
-147.6616,-123.2104,7.0,16.6101,-0.9755306999999999
-143.3635,-115.6735,7.0,11.61744,0.3979091
-146.8869,-104.8717,7.0,16.647579999999998,-0.09844133
-158.9124,-101.9438,7.0,20.33728,0.47319350000000004
-166.3433,-114.1497,7.0,19.814510000000002,-0.03695582
-166.0902,-130.436,7.0,25.71504,0.634472
-168.9091,-154.2553,7.0,39.48532,0.4803768
-169.81799999999998,-188.2834,7.0,51.98788,0.4149389
-168.9183,-227.5673,7.0,48.77169,-0.8749353000000001
-157.9133,-251.793,7.0,28.52253,-0.8258933
-140.4088,-253.9802,7.0,21.507839999999998,-0.03603162
-127.0318,-244.9274,7.0,24.2914,0.1928513
-125.9692,-223.3654,7.0,32.725429999999996,0.1912315
-126.1778,-197.1381,7.0,38.00417,0.3453549
-118.5449,-179.72299999999998,7.0,15.003079999999999,-0.6097431999999999
-110.3915,-186.9301,7.0,19.7622,0.21082420000000002
-108.977,-203.7392,7.0,25.761960000000002,0.21189610000000003
-108.6528,-224.9606,7.0,31.477840000000004,0.404487
-106.1827,-249.9532,7.0,36.2312,0.2592688
-88.13209,-270.2211,7.0,38.9422,0.1456683
-60.53651,-267.7632,7.0,39.314809999999994,-0.005548069
-49.54352,-241.6814,7.0,40.898920000000004,0.1655053
-46.1075,-209.9583,7.0,44.973290000000006,0.09128399
-25.95437,-182.7193,7.0,48.15355,0.3146381
-1.1482430000000001,-154.7758,7.0,52.30346,-1.032029
9.130873,-129.4494,7.0,24.924229999999998,-0.69587
-0.8151761,-113.1292,7.0,30.189659999999996,0.3961695
-5.6186,-88.35700000000001,7.0,41.960570000000004,1.330168
-1.215306,-50.91943,7.0,59.27089,0.5693725000000001
-1.7071319999999999,-2.4992240000000003,7.0,65.17174,-0.5070218
-8.848980000000001,35.98788,7.0,36.43423,-2.375489
-30.092579999999998,41.23742,7.0,34.30846,1.398132
-59.05531,40.4962,7.0,41.87482,0.3707664
-91.8814,40.6011,7.0,46.57397,0.3430672
-127.9084,40.86268,7.0,48.745,-0.7002811
-147.4136,26.124470000000002,7.0,28.14418,0.1227463
-145.4043,3.510507,7.0,33.22044,0.4138214
-145.3711,-23.036620000000003,7.0,38.451029999999996,0.3709383
-152.4512,-50.82932,8.0,37.31479,-0.4204231
-168.1597,-64.75228,8.0,20.05731,-0.3129777
-159.3252,-78.31505,8.0,27.30736,0.1758198
-137.7413,-77.11434,8.0,31.878490000000003,0.1326866
-116.8687,-88.12966999999999,8.0,34.62645,0.2341114
-111.5232,-113.2713,8.0,36.92654,0.01808059
-130.7641,-131.5357,8.0,37.75305,-0.49042579999999997
-146.6301,-127.8803,8.0,4.73271,-1.6503889999999999
-144.1913,-125.5793,8.0,8.357607000000002,0.24731399999999998
-141.8401,-117.5435,8.0,14.91611,0.4543464
-148.4524,-106.2932,8.0,20.875120000000003,0.39191
-163.7779,-104.47,8.0,23.570320000000002,0.04467176
-167.2781,-121.7965,8.0,27.364240000000002,0.2033285
-167.8339,-144.0238,8.0,32.70304,0.1918176
-171.2495,-169.9101,8.0,37.747609999999995,0.3291995
-169.2823,-199.7311,8.0,42.61692,0.33565079999999997
-168.0462,-232.9665,8.0,46.96035,0.007048573000000001
-150.9465,-256.473,8.0,36.358670000000004,-0.5504578
-131.6664,-248.0009,8.0,28.374240000000004,0.30646490000000004
-127.1113,-225.6407,8.0,33.868559999999995,0.3929841
-126.9512,-198.6196,8.0,38.917320000000004,0.1018824
-117.1542,-179.5792,8.0,17.58142,-1.385141
-108.20200000000001,-186.417,8.0,18.95431,0.4090074
-106.8044,-202.5873,8.0,24.988770000000002,0.4397098
-106.1547,-223.3112,8.0,30.73772,0.4012102
-104.5578,-247.9736,8.0,35.8518,0.2823943
-88.94122,-269.6199,8.0,38.28392,0.1412757
-61.968419999999995,-268.21,8.0,38.8084,0.08400302
-47.97648,-243.6199,8.0,40.73405,0.3265171
-45.31382,-211.8427,8.0,45.25994,0.24736479999999997
-27.45245,-184.05200000000002,8.0,46.95621,0.3222099
-2.848178,-157.2961,8.0,51.1255,0.05722104
8.512426,-127.5169,8.0,35.573440000000005,-0.9672369000000001
-5.332304,-104.9355,8.0,39.85889,-0.1397626
-3.720065,-75.9018,8.0,41.81803,0.3347631
-1.245288,-43.27065,8.0,46.39656,0.329241
-1.6619389999999998,-7.247097999999999,8.0,50.82332,0.3021336
-6.346719,30.31318,8.0,45.58813,-1.022473
-24.10217,42.69663,8.0,14.84635,-2.5914650000000004
-26.668390000000002,38.9473,8.0,7.9897800000000005,0.4911568
-33.93377,38.18105,8.0,14.296679999999999,0.4589167
-42.98207,47.31776,8.0,20.33994,0.1773683
-48.02811,48.58659,8.0,0.02108615,-0.006381942
-48.10205,48.32052,8.0,2.331652,0.2441013
-48.30859,45.17416,8.0,5.357781,0.03908567
-47.165440000000004,43.30428,8.0,1.782486,0.42089740000000003
-51.28461,45.81349,8.0,11.07425,0.6210199000000001
-62.54193000000001,45.56847,8.0,19.625329999999998,0.30646490000000004
-80.04011,43.46463,8.0,27.733109999999996,0.27921929999999995
-103.3273,42.36718,8.0,35.22958,0.5264648000000001
-131.5197,42.5846,8.0,39.95232,-0.07893492
-144.3659,19.109920000000002,8.0,40.42349,0.672053
-146.0412,-14.03129,8.0,48.72226,0.1290908
-141.9983,-34.3186,9.0,2.815577,-0.06038110000000001
-142.634,-37.49434,9.0,9.929934,0.6545333999999999
-146.5202,-46.36493,9.0,13.33586,-0.2204002
-153.3716,-51.917590000000004,9.0,12.05594,0.3212513
-162.9569,-55.14043,9.0,12.51585,-0.25115940000000003
-166.9358,-61.8213,9.0,10.461110000000001,0.5614123000000001
-160.5345,-71.74533000000001,9.0,20.96273,-0.1936531
-147.0921,-73.1724,9.0,16.60235,-0.1656849
-135.238,-73.39957,9.0,19.73617,1.245623
-118.7598,-80.72997,9.0,25.74035,0.08351056
-108.3165,-96.67425,9.0,26.2871,-0.22472129999999998
-108.0414,-112.3138,9.0,12.75907,-0.1948091
-110.7349,-120.5681,9.0,12.84642,0.5111541000000001
-119.2369,-131.8886,9.0,21.06964,-0.3649584
-132.4259,-134.72299999999998,9.0,16.584989999999998,-0.2698442
-142.2079,-128.0572,9.0,20.489520000000002,1.171448
-148.2615,-110.76799999999999,9.0,28.702709999999996,0.6106288000000001
-157.3568,-99.46972,9.0,14.927489999999999,-0.3869663
-165.0349,-104.4257,9.0,15.78415,1.046643
-167.9648,-121.6951,9.0,31.048840000000002,1.019213
-168.903,-149.5365,9.0,42.87692,0.502698
-167.0929,-182.9421,9.0,47.0887,0.08886357
-163.892,-216.9161,9.0,42.52165,-0.29324
-162.0524,-243.2148,9.0,27.82712,-0.4857936
-151.7831,-257.59,9.0,21.68927,-0.3363177
-138.3302,-259.133,9.0,17.72482,0.4493276
-127.55,-245.2596,9.0,31.43405,0.5147462
-125.8486,-218.9231,9.0,36.24808,-0.4980058
-128.7985,-197.3557,9.0,18.88389,-1.568496
-127.0114,-186.3618,9.0,13.408920000000002,-0.29813
-117.1087,-181.648,9.0,19.2398,0.1424011
-105.5279,-187.2151,9.0,15.730210000000001,-0.2877893
-102.4715,-199.6448,9.0,23.82447,1.122723
-103.85799999999999,-222.1183,9.0,35.45223,0.5770903000000001
-105.8286,-249.4004,9.0,36.34411,-0.10788030000000001
-93.33078,-270.5958,9.0,32.7173,-0.1203145
-69.7039,-271.3366,9.0,32.46552,-0.03665347
-52.19484,-256.0018,9.0,33.48952,0.33649470000000004
-46.95885,-230.6979,9.0,36.07828,0.1678759
-42.628009999999996,-204.007,9.0,35.40506,-0.1492044
-33.94703,-181.1969,9.0,30.61944,-0.4651335999999999
-19.010170000000002,-167.2949,9.0,24.83134,-0.33892690000000003
-5.083259,-157.9187,9.0,21.03966,-0.29500290000000007
6.559761,-149.7195,9.0,18.16927,0.143083
12.70411,-136.1028,9.0,23.92619,0.2446771
3.5283300000000004,-119.3191,9.0,28.778879999999997,0.11073030000000002
-7.378009,-100.6645,9.0,29.7958,0.02206746
-11.173960000000001,-78.61135,9.0,31.30149,0.3408665
-9.43794,-53.975680000000004,9.0,34.806,0.1360693
-4.863830999999999,-28.068509999999996,9.0,36.11036,0.07204351
-1.8195310000000002,-1.373565,9.0,34.86446,-0.5185536000000001
-4.931273,19.61127,9.0,23.49795,-0.3135433
-10.85784,33.34763,9.0,20.724420000000002,1.3161120000000002
-26.73015,43.799170000000004,9.0,29.756559999999997,0.4951434
-51.21905,44.31259,9.0,36.74889,0.2532919
-81.19781,44.23827,9.0,43.82144,0.4621129
-115.6958,41.652029999999996,9.0,48.10235,-0.1370409
-142.9703,33.7164,9.0,34.80408,0.08500095
-144.6013,9.001081,9.0,37.40198,0.5316162
-142.0596,-20.66517,9.0,40.019859999999994,-0.6425293000000001
-145.0956,-39.79914,10.0,16.54691,-0.24435
-152.4106,-51.32177,10.0,19.27351,-0.3484001
-163.7664,-57.138740000000006,10.0,15.41269,-0.15534720000000002
-166.3946,-66.31615,10.0,15.68793,0.641915
-156.1139,-73.22004,10.0,17.932129999999997,0.07242638
-142.5589,-72.54213,10.0,17.79757,-0.17154229999999998
-128.2097,-75.68489,10.0,24.90925,0.5713994000000001
-111.6645,-88.25105,10.0,31.7267,0.2074757
-108.0941,-112.8797,10.0,36.712540000000004,-0.1260307
-119.6876,-130.5954,10.0,23.423029999999997,-0.37541679999999994
-134.5686,-133.3151,10.0,18.44782,-0.3384572
-144.0071,-124.1355,10.0,21.86451,0.5738321999999999
-148.6782,-107.2232,10.0,18.85268,-3.3252029999999997
-152.1199,-102.8812,10.0,8.542365,0.2981986
-160.6917,-100.8666,10.0,15.82194,0.2195538
-167.3931,-112.1972,10.0,22.10794,0.2572658
-168.5795,-131.2491,10.0,29.18191,0.2519659
-168.7873,-155.442,10.0,35.10957,0.05097855
-167.9028,-182.9063,10.0,39.03114,0.3045124
-164.9956,-211.771,10.0,36.67649,-0.5921999
-163.7053,-236.1403,10.0,29.426920000000003,-0.4906824000000001
-157.0668,-253.6704,10.0,22.42354,-0.46008859999999996
-142.4569,-259.7254,10.0,23.84495,0.02413302
-129.4922,-248.8529,10.0,25.51223,0.4434502
-124.5966,-229.4623,10.0,28.752,0.1000225
-127.1095,-207.5456,10.0,28.34225,-0.46683050000000004
-127.9812,-192.2628,10.0,15.93475,-0.30755029999999994
-124.266,-183.3266,10.0,11.91174,0.29199559999999997
-113.4039,-182.4422,10.0,17.86646,0.1074882
-103.7237,-190.7331,10.0,18.500239999999998,0.07791238
-103.3652,-205.3195,10.0,20.99524,0.08921346
-104.4111,-221.3245,10.0,21.76799,-0.01007046
-105.8717,-239.3187,10.0,27.84536,0.4749027
-103.4752,-260.8323,10.0,29.5398,-0.1984375
-85.20425,-272.6797,10.0,34.67845,0.45823109999999995
-58.8888,-265.8931,10.0,38.53268,-0.1516494
-48.74241,-239.7159,10.0,41.57671,0.41127600000000003
-43.889509999999994,-208.2731,10.0,41.62321,-0.6376361
-34.25956,-182.5358,10.0,32.989340000000006,-0.5965845999999999
-18.71293,-167.5734,10.0,25.9975,-0.4330835
-6.745781,-159.1834,10.0,12.89958,-0.2573217
3.1955299999999998,-152.1473,10.0,20.59432,-0.1453225
12.6709,-141.2316,10.0,21.524279999999997,0.8001592
7.221164,-123.757,10.0,28.87789,0.2290915
-6.28603,-104.8201,10.0,34.597,0.2198485
-10.44207,-80.22493,10.0,30.40885,-0.2501093
-8.978423,-55.32192,10.0,36.94494,0.4742662
-4.903004,-25.89021,10.0,43.07436,0.4477823
-2.172915,7.866617999999999,10.0,48.339690000000004,0.09694708
-15.14166,38.00476,10.0,42.6172,-0.055961500000000004
-46.3632,45.04179,10.0,46.09896,0.4084152
-82.54153000000001,44.237120000000004,10.0,51.49732,0.3710942
-120.9017,40.483779999999996,10.0,46.52029,-1.524615
-146.8027,28.459840000000003,10.0,37.6648,-0.33890479999999995
-143.921,1.659674,10.0,39.58319,0.183608
-142.8804,-28.19507,10.0,36.257740000000005,-1.5200690000000001
-153.0264,-51.29552,11.0,35.98847,0.08468806
-169.9421,-70.16094,11.0,28.508509999999998,-1.257334
-161.0,-80.43336,11.0,19.79423,0.16035629999999998
-148.1282,-70.02916,11.0,25.19637,0.3054205
-129.2809,-75.65462,11.0,30.38287,0.2425464
-112.3438,-91.16118,11.0,29.821959999999997,0.40467790000000003
-110.80799999999999,-115.2486,11.0,34.89898,-0.20923809999999998
-124.6424,-131.8787,11.0,27.25165,0.3247445
-143.3388,-124.9857,11.0,31.01319,-0.03619181
-146.6946,-104.5813,11.0,13.8096,-1.406666
-155.4052,-100.5433,11.0,19.437720000000002,0.3456304
-166.6219,-111.2415,11.0,25.21535,0.41847120000000004
-166.0402,-132.2926,11.0,31.77406,0.2355475
-168.4752,-158.1315,11.0,38.06449,0.3926989
-166.2153,-188.4029,11.0,44.0192,0.4434317
-163.62,-222.8974,11.0,47.50748,-0.40321399999999996
-157.7243,-252.09099999999998,11.0,31.37288,-1.4053579999999999
-138.5892,-259.4967,11.0,30.50736,0.30227070000000006
-126.7631,-241.7844,11.0,32.70539,0.4727085
-126.2194,-215.2568,11.0,38.726420000000005,0.4312817
-126.8378,-188.4652,11.0,33.894859999999994,-0.5118439
-110.685,-181.2422,11.0,24.69624,-0.3617344
-107.5629,-198.8495,11.0,28.122709999999998,0.228198
-105.5908,-221.8256,11.0,34.245740000000005,0.437145
-106.7247,-249.3982,11.0,39.90197,0.2726418
-89.40398,-271.7415,11.0,39.1157,-0.08226236
-60.2809,-266.8112,11.0,42.14857,-0.08711706
-47.31596,-239.6892,11.0,43.75122,0.45222510000000005
-42.45395,-205.4795,11.0,49.369040000000005,0.3477345
-25.23612,-172.8291,11.0,49.888490000000004,-0.7158458000000001
-0.5411385999999999,-156.0803,11.0,34.024,-0.6627184
12.0723,-138.9725,11.0,25.02426,-0.6121963
6.631087,-122.4003,11.0,26.632209999999997,0.49890779999999996
-5.504797,-104.0745,11.0,32.80267,0.4304188
-10.2147,-77.99098000000001,11.0,38.94236,0.2139348
-7.983619,-47.08739,11.0,44.69831,0.19779000000000002
-2.148669,-12.38912,11.0,50.22462,0.3613437
-6.528637000000001,25.70291,11.0,50.77778,-0.41415609999999997
-32.92896,45.618970000000004,11.0,46.120090000000005,0.048600199999999996
-68.79486,42.54895,11.0,51.11538,0.18072320000000003
-108.5755,41.22755,11.0,55.55345,-0.8791005
-142.6274,33.10908,11.0,42.82785,-0.21771179999999998
-147.6192,5.152623,11.0,41.23988,0.4289867
-142.3855,-26.77148,11.0,45.15482,-0.7263103
-152.8431,-50.98415,12.0,28.03002,-0.9727792
-168.6234,-62.1489,12.0,26.21183,-0.6574409999999999
-157.0893,-72.23241999999999,12.0,25.33205,0.4579614000000001
-136.05200000000002,-72.20715,12.0,31.666059999999998,0.2011691
-114.2443,-84.77194,12.0,36.88297,0.13571170000000002
-107.2827,-110.9891,12.0,35.22887,-0.6538344
-120.4064,-128.2283,12.0,28.014159999999997,-0.5283463
-137.4473,-132.5371,12.0,21.30401,0.6094913000000001
-146.3136,-118.3014,12.0,26.96933,0.5035731
-154.2595,-101.3744,12.0,21.78879,-0.2965831
-166.6477,-106.4559,12.0,21.7324,0.8574615
-167.1711,-127.6285,12.0,34.98576,0.2251533
-169.0143,-155.6685,12.0,40.79938,0.3926458
-166.6768,-188.0892,12.0,46.58339,0.1967121
-164.6271,-224.5948,12.0,51.78808,0.19738770000000003
-155.1596,-255.3617,12.0,36.54699,-0.7160470999999999
-135.232,-253.5589,12.0,28.826559999999997,0.1288733
-127.3106,-231.9714,12.0,34.04059,0.47602920000000004
-126.7095,-204.9853,12.0,34.955709999999996,-0.47946579999999994
-123.4542,-182.1734,12.0,30.180529999999997,-0.5943417
-106.8543,-186.4295,12.0,24.52102,-0.19919089999999998
-110.2603,-205.6902,12.0,29.611629999999998,0.44694220000000007
-109.4811,-230.082,12.0,36.121809999999996,0.2195572
-103.95200000000001,-258.4255,12.0,41.6273,0.14040429999999998
-79.62939,-271.6783,12.0,39.90132,0.30284490000000003
-51.019259999999996,-260.7012,12.0,41.91502,-0.7233604
-48.90341,-235.5394,12.0,32.18857,-0.06852694
-52.9874,-219.392,12.0,9.042282,-1.538337
-53.30164,-215.2044,12.0,2.896932,-0.672489
-52.75291,-216.2719,12.0,5.983357,0.4542876
-46.4763,-218.4138,12.0,13.292720000000001,0.41113130000000003
-41.98076,-208.9843,12.0,13.693779999999999,-0.2798874
-41.39717,-198.0974,12.0,19.31915,0.2624118
-35.96537,-182.1664,12.0,26.256970000000003,0.45311720000000005
-20.39082,-167.1228,12.0,32.61902,0.2226484
2.039461,-153.1444,12.0,37.56507,-0.06910648
12.108989999999999,-131.0778,12.0,28.762620000000002,-0.271895
-0.8301821,-111.0285,12.0,39.47692,1.1595090000000001
-10.59435,-78.19176,12.0,52.16668,0.3037783
-5.931061,-38.14825,12.0,56.88468,0.3564393
-2.426909,4.980232,12.0,55.40951999999999,-2.286421
-11.253160000000001,32.937870000000004,12.0,34.44706,0.4895825
-34.05122,45.75338,12.0,38.18176,0.2735511
-64.23288000000001,44.3106,12.0,43.73261,0.4346069
-98.70885,43.16401,12.0,49.32478,0.39909179999999994
-135.2144,38.6607,12.0,47.87989,0.09275116
-152.9956,18.24408,12.0,18.35904,-2.840562
-153.6421,12.59325,12.0,2.1900779999999997,0.6423121999999999
-149.123,11.569339999999999,12.0,10.4965,0.5318624
-146.4336,1.637182,12.0,18.143,0.5361255
-144.2482,-14.405920000000002,12.0,25.41319,0.5101667999999999
-141.9058,-33.52702,13.0,3.688137,0.6127213
-143.0908,-39.21178,13.0,11.93317,0.5730291000000001
-149.6757,-48.62539,13.0,19.35976,0.2525887
-164.0231,-57.44089,13.0,25.75491,0.2082639
-164.7562,-72.32253,13.0,18.15856,-0.3377677
-152.1402,-75.95705,13.0,20.77906,0.40638379999999996
-137.52100000000002,-72.27637,13.0,18.26475,-0.06178177
-121.6167,-76.11993000000001,13.0,25.89165,0.2193995
-108.48100000000001,-92.31399,13.0,31.58667,0.3892723
-110.185,-116.7017,13.0,35.9206,0.1277032
-132.0199,-132.4053,13.0,36.82116,-1.8147220000000002
-146.0531,-124.1212,13.0,11.82467,-0.9292985
-141.0425,-123.0503,13.0,10.6733,0.8070936
-139.3076,-122.6327,13.0,5.123752,0.19173310000000002
-144.5797,-125.6341,13.0,9.761697999999999,-0.21670879999999998
-145.5207,-129.1653,13.0,0.47612040000000005,0.6417056
-144.4879,-125.5472,13.0,9.660771,0.6271836999999999
-140.1687,-116.3289,13.0,17.744970000000002,0.5543806
-145.1454,-102.0126,13.0,24.50895,0.432544
-162.0453,-100.5434,13.0,23.14984,-0.5017786
-167.2149,-117.6334,13.0,29.22086,0.2579257
-167.5934,-141.8805,13.0,36.215070000000004,0.5019604999999999
-167.8222,-171.3121,13.0,42.81108,0.23471370000000003
-167.9387,-205.3498,13.0,49.025459999999995,0.4685334
-165.11,-242.6672,13.0,47.8714,-1.291661
-139.3123,-257.3471,13.0,37.74957,-1.629199
-127.5265,-240.0504,13.0,32.25667,0.7455629
-127.5035,-212.2597,13.0,41.3379,-0.08021412
-126.3169,-187.4705,13.0,17.98283,-2.121363
-117.5913,-181.4293,13.0,16.2367,0.5436254
-106.5874,-190.1399,13.0,23.77463,0.4772767
-105.2757,-210.0666,13.0,30.703670000000002,0.5272803
-108.1104,-235.1831,13.0,37.31705,0.1816358
-97.61055999999999,-262.2813,13.0,42.1162,0.09959335
-69.38345,-271.7941,13.0,42.63215,-0.002607681
-49.97658,-249.2356,13.0,43.01825,0.2744139
-47.584309999999995,-215.7435,13.0,45.012809999999995,-0.6297623
-34.695640000000004,-187.1727,13.0,44.61785,0.3845308
-10.26469,-161.6507,13.0,50.52407,0.18470970000000003
9.768925,-130.9239,13.0,45.82618,-0.42098509999999995
-2.742092,-106.7855,13.0,32.5905,-0.6019664
-8.019283,-86.99583,13.0,32.096090000000004,0.5116162999999999
-5.831194,-60.796440000000004,13.0,38.862770000000005,0.2271836
-5.102453,-29.61655,13.0,45.313590000000005,0.4505992999999999
-3.7467339999999996,6.205362999999999,13.0,51.28116,0.3941
-14.7339,37.974579999999996,13.0,36.73209,-0.8473879999999999
-33.33163,38.60756,13.0,15.94689,-1.4162370000000002
-35.09209,32.58443,13.0,0.09803794,0.15441370000000001
-35.14284,32.5916,13.0,0.05503241,-0.01094677
-35.00708,32.96995,13.0,3.1876290000000003,0.6224383000000001
-33.86225,38.14457,13.0,10.8049,0.24704099999999998
-32.2975,44.3046,13.0,3.593775,-0.35929609999999995
-32.6675,43.65739,13.0,5.2038660000000005,0.2916495
-38.612359999999995,41.25456,13.0,12.94477,0.5361231
-50.40606,44.605779999999996,13.0,20.093870000000003,0.24877649999999998
-67.74183000000001,44.59551,13.0,26.756109999999996,0.48774579999999995
-89.71956999999999,41.909420000000004,13.0,32.96301,0.211022
-116.3241,42.79182,13.0,38.598290000000006,0.1703377
-142.3685,30.935879999999997,13.0,38.20952,-0.06807715
-147.5014,3.302055,13.0,41.03756,0.40527029999999997
-144.5616,-28.971009999999996,13.0,45.917429999999996,0.05812504
-155.4452,-55.28866,14.0,31.458140000000004,-0.6738504
-161.5754,-71.00178000000001,14.0,23.81277,0.3674298
-143.3709,-75.617,14.0,29.314859999999996,0.4638465
-121.2564,-81.98338000000001,14.0,34.02572,0.3405566
-109.4006,-104.7298,14.0,37.20227,0.07362028
-122.6332,-128.4912,14.0,39.13817,0.02394541
-144.6988,-127.4038,14.0,23.45579,-1.34388
-145.8075,-119.9895,14.0,1.481017,0.1000634
-146.7131,-118.9676,14.0,1.8742869999999998,-0.01732483
-147.5238,-118.0456,14.0,1.422662,-0.02657044
-149.3393,-117.2317,14.0,4.012754,-0.02392364
-150.7842,-117.4021,14.0,2.311814,0.6402821
-146.8151,-114.3884,14.0,11.108419999999999,0.6279728
-145.3515,-103.8907,14.0,18.57784,0.4482032
-158.3645,-96.92323,14.0,23.73121,0.2369308
-168.0554,-111.5351,14.0,28.02853,0.473438
-166.2838,-134.8253,14.0,35.00247,0.49601179999999995
-166.7017,-163.2549,14.0,41.748709999999996,0.23987529999999996
-167.2152,-196.5798,14.0,48.130390000000006,0.456934
-165.8617,-234.1414,14.0,50.35528,-1.281302
-148.3472,-254.6968,14.0,25.20551,-2.167767
-141.7411,-251.6338,14.0,4.358988,-0.1506472
-140.8623,-249.3253,14.0,4.455572,0.1515793
-135.1207,-248.4331,14.0,12.26068,0.27043590000000006
-125.6091,-251.8102,14.0,12.50027,-0.3424978
-120.9228,-246.2643,14.0,12.112860000000001,0.6217236999999999
-124.0143,-234.1552,14.0,21.11409,0.6011164999999999
-126.7406,-215.8957,14.0,28.675420000000003,0.2727857
-127.6405,-192.0141,14.0,35.33508,-0.06261744
-112.1506,-179.3539,14.0,24.3996,-0.48383400000000004
-105.4119,-195.6617,14.0,33.05418,1.332492
-107.45100000000001,-227.5975,14.0,53.10556999999999,1.351117
-94.25347,-264.9611,14.0,49.41883,-0.6341878000000001
-62.38946,-269.6616,14.0,46.13482,-0.21504610000000002
-48.20841,-242.6974,14.0,43.9096,0.1877064
-46.30393,-208.7421,14.0,48.27985,0.28220609999999996
-24.78228,-178.2755,14.0,53.241580000000006,0.3946531
3.9457169999999997,-148.9618,14.0,55.08784,-0.3740507
6.960588,-120.2314,14.0,28.760590000000004,-0.6572285
-4.296051,-103.6522,14.0,29.64927,0.2387801
-5.275958999999999,-79.33230999999999,14.0,36.39033,0.5211577000000001
-2.988789,-49.959179999999996,14.0,43.05464,0.214238
-2.218688,-15.672260000000001,14.0,49.3381,0.20714029999999997
-4.871180000000001,22.54551,14.0,50.1839,-0.6708605
-28.28373,42.78928,14.0,43.133759999999995,0.0687426
-62.14286,40.38905,14.0,48.66652,0.2185839
-100.4093,40.46321,14.0,54.55036,0.1974158
-136.7554,37.612429999999996,14.0,38.57584,-1.185848
-145.1053,22.48467,14.0,7.716786999999999,-1.2592860000000001
-142.8889,23.46998,14.0,5.1995309999999995,-0.8408999
-141.226,25.55617,14.0,1.371925,1.179898
-144.0546,22.34454,14.0,8.975904,0.3599954
-149.3493,21.949289999999998,14.0,2.744253,-0.7464361999999999
-148.0037,21.144820000000003,14.0,6.821323,0.6635185
-142.6297,14.895920000000002,14.0,15.55775,0.5798441
-140.78799999999998,0.6056746999999999,14.0,23.6551,0.2913972
-142.5009,-19.848029999999998,14.0,31.487070000000003,0.5507481
-141.8558,-36.08189,1.0,5.8248050000000005,0.3017704
-142.9471,-44.33912,1.0,15.808370000000002,0.5908834
-152.9567,-54.82402,1.0,24.035020000000003,0.3030148
-162.8054,-70.0444,1.0,26.68498,-0.2689491
-148.15,-74.32682,1.0,24.49897,0.2157554
-136.0746,-68.56611,1.0,7.162648,0.07892785
-135.8609,-68.27915,1.0,0.02608883,0.0005301337
-135.8423,-68.28185,1.0,0.02453912,-0.0008421228
-135.8265,-68.28371,1.0,0.01510646,-0.07710544
-136.0741,-70.31925,1.0,4.613016,0.05995958
-135.651,-73.60477,1.0,4.146351,-0.05766104
-136.4885,-76.16331,1.0,3.4580629999999997,-0.1202154
-135.7495,-75.77678,1.0,5.836125,0.3099244
-128.2796,-75.37995,1.0,14.671470000000001,0.6142125
-117.84200000000001,-83.26115,1.0,22.07108,0.2873328
-110.6448,-101.0903,1.0,29.62091,0.45195509999999994
-116.0344,-123.7685,1.0,35.030429999999996,0.15895839999999997
-138.9715,-132.2933,1.0,30.300459999999998,-1.506746
-145.4265,-118.1716,1.0,21.95368,0.08825235
-138.458,-108.7098,1.0,0.2471196,-1.727802
-138.4582,-108.7241,1.0,0.02333269,-0.007729011
-138.4592,-108.7406,1.0,0.0303807,0.0381486
-141.5282,-108.1231,1.0,8.080777000000001,0.1270046
-145.6983,-110.7889,1.0,1.417119,-0.7225057
-144.6881,-108.4677,1.0,7.889015,0.6310062
-146.6367,-100.1143,1.0,16.01531,0.5455857
-158.2875,-96.02046,1.0,16.084789999999998,-0.3559676
-165.81799999999998,-103.9925,1.0,19.885479999999998,1.068907
-168.1984,-123.7939,1.0,33.14545,0.41219040000000007
-165.4558,-150.3657,1.0,41.01213,0.02673327
-165.0908,-176.9821,1.0,32.56394,-0.24342689999999997
-167.9673,-200.7615,1.0,38.37583,1.495008
-166.4707,-229.7663,1.0,36.14447,-0.27291529999999997
-157.0189,-249.4058,1.0,25.74484,-0.5669681
-137.1787,-249.1067,1.0,30.09688,0.02548058
-121.775,-235.5701,1.0,24.2616,-0.6176661
-131.0627,-220.7403,1.0,23.85641,-0.6768590999999999
-123.6432,-206.6731,1.0,20.04891,-0.5325858
-124.7701,-193.5207,1.0,17.24214,-0.1730024
-119.929,-184.3229,1.0,17.38104,1.2178799999999999
-110.8783,-191.0818,1.0,16.00496,-0.26546729999999996
-110.075,-201.8754,1.0,13.827020000000001,-0.05213268
-109.3857,-214.9799,1.0,21.83676,0.5555111
-107.4133,-233.8819,1.0,29.41725,0.2562564
-101.0087,-257.1804,1.0,35.83701,0.3632085
-78.32767,-271.4941,1.0,39.1033,0.1339181
-54.73412,-257.186,1.0,39.66587,0.008466664
-51.18383,-227.1865,1.0,43.58194,0.1492349
-36.857859999999995,-196.3815,1.0,48.63892,0.3870168
-11.9426,-167.5691,1.0,54.333780000000004,0.19684229999999997
10.534139999999999,-132.2166,1.0,57.17872,-1.0041639999999998
10.70928,-105.9915,1.0,12.666089999999999,-1.374031
9.817291,-104.2777,1.0,0.5029787,-0.139592
10.32894,-104.618,1.0,3.7726349999999997,0.4819491
14.472439999999999,-107.0346,1.0,8.614367,0.02589525
18.507360000000002,-106.9268,1.0,0.7630079000000001,-0.7331039
15.887429999999998,-107.7506,1.0,8.090931,0.6182770000000001
7.782291000000001,-111.6095,1.0,15.43878,0.4531696
-0.2748994,-104.8465,1.0,19.701439999999998,0.5063778
0.7031725999999999,-87.81918,1.0,26.34011,0.615207
-4.809792,-66.44881,1.0,33.17159,0.4808245
-5.900955000000001,-39.44056,1.0,39.80693,0.23447649999999998
-6.357837,-7.592308999999999,1.0,46.07795,0.20994290000000002
-7.662045,27.91853,1.0,44.65811,-1.012846
-20.38823,44.677409999999995,1.0,14.7078,-1.085135
-29.717709999999997,38.49194,1.0,18.71819,0.47194780000000003
-46.01791,39.21481,1.0,25.87305,0.5349245
-67.75961,39.569359999999996,1.0,32.9228,0.5001346
-94.6563,39.74517,1.0,39.6101,0.2399569
-126.2474,40.5916,1.0,42.67799,-0.7763558
-144.5131,29.06545,1.0,19.90871,-0.8047286
-139.4187,24.806829999999998,1.0,9.862525999999999,0.19735060000000001
-137.7517,24.24716,1.0,0.06594649,-0.005660286
-137.7516,24.206570000000003,1.0,0.04952023,-0.001309579
-140.454,24.623279999999998,1.0,7.539517999999999,0.20401960000000002
-147.6651,24.33436,1.0,10.280610000000001,-0.7602919
-151.2191,25.41834,1.0,0.1121925,-0.7327680999999999
-148.7428,23.70683,1.0,8.260227,0.5613881
-147.6794,15.25636,1.0,15.56599,0.2668099
-151.8336,2.261747,1.0,21.67745,0.22318360000000004
-147.4623,-15.72657,1.0,28.314,0.4591612
-146.5614,-38.91956,2.0,34.07615,0.09046376
-163.4681,-55.079609999999995,2.0,32.464209999999994,-0.54338
-162.1956,-72.32509,2.0,19.98892,-0.6871838
-156.033,-68.95944,2.0,9.079873,0.8611238999999999
-155.6965,-68.52766,2.0,0.04901266,-0.007708199999999999
-155.7622,-68.76974,2.0,2.429134,0.5927678000000001
-156.3089,-72.14188,2.0,5.067995,-0.02484316
-156.9773,-75.13251,2.0,1.0232139999999998,-0.7326543000000001
-154.8173,-73.34958,2.0,8.543444000000001,0.6642001000000001
-145.8885,-75.00689,2.0,17.034370000000003,0.5917222
-133.4412,-82.1852,2.0,19.24533,-0.27036459999999995
-121.0863,-86.55967,2.0,19.42501,1.058794
-110.7581,-103.2589,2.0,31.591009999999997,-0.03944555
-119.1242,-124.3347,2.0,33.19135,-0.05614702
-140.3891,-129.379,2.0,26.01539,-0.6407210999999999
-142.6319,-116.2018,2.0,22.19308,0.5721611999999999
-142.2266,-103.0189,2.0,18.86818,0.21940229999999997
-156.9429,-102.9343,2.0,20.02051,-0.2662994
-160.9928,-114.3308,2.0,16.55985,0.08420695
-163.9697,-127.272,2.0,20.98428,0.7481976
-165.3786,-146.1024,2.0,29.435809999999996,0.6072901999999999
-165.3809,-170.8075,2.0,36.99212,0.5372715
-165.7574,-200.8519,2.0,44.089059999999996,0.5058764
-164.8975,-235.6785,2.0,44.71587,-2.029142
-153.8851,-251.2273,2.0,23.59251,0.22106729999999997
-133.7764,-251.0348,2.0,30.59341,0.09701949
-126.5438,-235.0524,2.0,25.59132,0.7745036
-125.7708,-212.9587,2.0,34.45211,0.33872800000000003
-125.3548,-187.8568,2.0,21.57874,-1.368826
-117.2956,-184.13,2.0,14.16041,0.2394156
-110.7342,-194.0888,2.0,21.14684,0.5814701
-109.2136,-212.7724,2.0,29.21412,0.27477929999999995
-106.0932,-237.0765,2.0,36.74736,0.26592
-94.42076,-263.7444,2.0,42.15103,0.09586883
-66.42371,-267.9309,2.0,40.840759999999996,0.2322949
-48.77198,-244.0763,2.0,42.31009,0.0295553
-47.484190000000005,-210.9516,2.0,47.57917,0.129705
-27.094540000000002,-181.1124,2.0,52.136759999999995,0.4622934
0.01644197,-150.5755,2.0,56.68529,-1.367092
7.80081,-125.40899999999999,2.0,18.10156,-0.4336568
-2.6133,-114.2303,2.0,24.4849,0.48811400000000005
-6.798901,-94.2592,2.0,31.63978,0.5688065
-6.712706,-68.05412,2.0,39.01043,0.2512906
-6.851819,-36.51693,2.0,45.987590000000004,0.4432022
-7.3255740000000005,-0.02060948,2.0,52.51483,0.4689701
-11.70697,37.10662,2.0,41.3159,-2.3045310000000003
-25.64532,46.00233,2.0,5.810898,-1.2770299999999999
-25.59459,43.23568,2.0,8.015423,0.6059431
-32.91881,39.98243,2.0,16.06713,0.2809762
-46.4353,46.28496,2.0,23.959239999999998,0.45424620000000004
-66.50769,44.1061,2.0,31.249440000000003,0.27817990000000004
-92.37767,41.63179,2.0,38.62993,0.2588799
-123.5694,40.35495,2.0,45.51332,0.2083384
-149.2934,27.2745,2.0,28.339409999999997,-1.0325229999999999
-149.4241,18.96286,2.0,2.712705,0.6804698
-144.6329,18.01759,2.0,11.36772,0.5848808000000001
-145.1585,7.238486,2.0,19.3743,0.5607436
-150.746,-7.886467999999999,2.0,25.29513,0.4606715
-145.99,-28.79897,2.0,32.60487,0.5308416
-143.1493,-39.7926,3.0,11.58588,-0.1740415
-147.5905,-47.8616,3.0,16.73526,0.9416513000000001
-158.412,-53.56213,3.0,15.22725,-0.22527840000000002
-166.3522,-58.64188000000001,3.0,11.300139999999999,-0.2887498
-165.0559,-65.97908000000001,3.0,11.5527,0.6530296
-155.8155,-72.36629,3.0,19.42312,0.2682892
-138.6313,-72.6627,3.0,27.044420000000002,0.4901322
-119.5279,-81.53546,3.0,26.550659999999997,-0.42371709999999996
-108.9871,-95.94561,3.0,25.07858,1.143856
-109.5791,-116.1148,3.0,25.54587,-0.40342870000000003
-119.2682,-129.5839,3.0,20.28848,-0.3012891
-135.2582,-133.2795,3.0,23.57069,-0.5944363
-144.3105,-117.9711,3.0,31.842129999999997,0.8026359000000001
-155.8102,-103.6939,3.0,17.101129999999998,-0.22345050000000002
-165.7003,-110.6856,3.0,21.35306,0.5363671999999999
-168.4284,-129.2164,3.0,29.2678,0.2929587
-169.6496,-153.6499,3.0,36.638529999999996,0.23872039999999997
-167.3388,-183.2794,3.0,43.622609999999995,0.5209199000000001
-164.3189,-217.9403,3.0,49.876090000000005,0.167757
-159.9243,-251.8501,3.0,39.37897,-1.613783
-140.3231,-257.0003,3.0,25.52654,1.267845
-126.2461,-240.4238,3.0,32.60835,0.31247290000000005
-128.1652,-215.1474,3.0,37.595209999999994,-0.01447825
-126.1244,-189.3779,3.0,31.73953,-0.5165499
-112.7115,-178.9929,3.0,22.26137,-0.4783745
-110.0093,-193.5352,3.0,24.787670000000002,0.4752409000000001
-105.2797,-213.6154,3.0,31.8413,-0.00312344
-105.64200000000001,-235.8018,3.0,27.50817,-0.1787895
-104.0452,-258.6118,3.0,35.96649,0.2974766
-82.74654,-271.5905,3.0,36.688559999999995,0.3013425
-62.31255,-268.8047,3.0,15.607579999999999,-0.571669
-56.278169999999996,-266.7801,3.0,2.2214419999999997,-0.8200447
-57.040040000000005,-267.3008,3.0,1.222736,0.06317063
-56.56893,-266.8777,3.0,3.9825470000000003,0.5228595
-53.58433,-263.3373,3.0,7.647608,0.12254849999999999
-48.58169,-263.2016,3.0,4.484982,-0.8907802
-48.75739,-262.6643,3.0,5.45414,0.6125218000000001
-50.061040000000006,-255.7648,3.0,13.769160000000001,0.5743375
-46.814820000000005,-243.0225,3.0,21.640610000000002,0.5507529999999999
-43.936690000000006,-224.4708,3.0,29.033040000000003,0.5314338000000001
-41.13296,-200.4883,3.0,35.983129999999996,0.4719018
-26.85667,-177.213,3.0,40.308640000000004,0.22226820000000003
-6.883389,-157.85299999999998,3.0,27.6451,-0.7962933000000001
6.371454,-147.4474,3.0,20.07378,-0.1935051
11.83141,-136.0378,3.0,15.23345,-0.29678790000000005
8.54627,-125.0621,3.0,18.72104,0.5335622
-1.378341,-111.8294,3.0,25.98794,0.2516551
-8.776451,-91.18553,3.0,32.97517,0.47021359999999995
-10.231160000000001,-64.49978,3.0,39.40525,0.4454643
-6.013324,-33.17587,3.0,45.65596,0.46748
-3.414848,-1.004848,3.0,35.36851,-2.88366
-4.628259,13.66748,3.0,6.14751,-1.6818490000000001
-5.334797,17.66075,3.0,9.452788,0.6920794
-7.9215100000000005,27.47478,3.0,17.82396,0.562844
-17.89141,39.43308,3.0,25.00265,0.5249571
-37.89079,45.048840000000006,3.0,31.57269,0.251571
-63.89315,44.70899,3.0,38.5042,0.2373968
-94.81130999999999,42.96884,3.0,45.067859999999996,0.4712389
-128.3685,39.30595,3.0,42.94084,-1.051074
-150.1213,24.5418,3.0,33.87171,-0.6253312
-143.6397,0.9653146,3.0,34.868629999999996,0.08998301
-144.8587,-26.92891,3.0,40.688390000000005,0.4793281
-150.3254,-52.280570000000004,4.0,23.18764,-2.213121
-164.1995,-55.169180000000004,4.0,19.43354,-0.2735161
-165.2025,-67.41821,4.0,21.95438,0.4718545
-147.9656,-72.59121999999999,4.0,28.362940000000002,0.5213367
-125.6797,-78.36496,4.0,34.58122,0.39778379999999997
-109.0893,-99.6457,4.0,39.306329999999996,0.09681288
-117.1848,-125.416,4.0,37.40702,-0.1511329
-140.3582,-129.8208,4.0,31.648709999999998,-0.01582758
-144.0278,-108.9051,4.0,31.18992,-0.1543701
-154.9821,-98.92435,4.0,16.24494,0.4963224
-165.5263,-109.0923,4.0,24.3805,0.5087765999999999
-169.2195,-129.5197,4.0,31.66638,0.5267739
-169.7708,-155.3871,4.0,38.408570000000005,0.4949657
-166.8989,-186.1983,4.0,44.98914,0.46139030000000003
-163.6879,-221.5322,4.0,49.4095,-0.03567181
-159.7275,-249.8849,4.0,21.59396,-0.3223997
-147.2315,-257.2186,4.0,21.654970000000002,0.28168350000000003
-131.5773,-252.6281,4.0,25.58802,0.1872886
-125.3882,-231.8544,4.0,32.57501,0.219678
-128.6024,-205.8618,4.0,38.60641,0.3843312
-120.0635,-179.4813,4.0,36.1853,-0.508131
-100.2129,-182.9784,4.0,25.46384,-0.6631389
-107.7828,-194.9091,4.0,23.22962,0.5370444999999999
-114.555,-201.5493,4.0,0.03614143,-0.11989649999999999
-114.555,-201.5545,4.0,0.01240508,0.00888221
-113.2692,-201.7998,4.0,4.267103,0.8759406
-109.8638,-199.2873,4.0,5.160419999999999,-0.34908520000000004
-109.6654,-198.6201,4.0,2.960566,0.5379903
-108.9008,-203.4201,4.0,10.11701,0.5047798
-106.8767,-213.2446,4.0,16.80651,0.4635175
-105.1646,-227.9158,4.0,23.03625,0.41692979999999996
-105.8635,-247.1501,4.0,28.69959,0.3443785
-96.01016,-267.0558,4.0,32.51315,0.1735352
-72.23371999999999,-271.0195,4.0,35.28914,0.2868197
-51.06589,-255.5946,4.0,36.92954,-0.05989306
-49.221059999999994,-227.1799,4.0,40.57767,0.3236437
-41.0629,-196.8756,4.0,44.724779999999996,0.292837
-19.61775,-170.8939,4.0,46.61578,-0.18244860000000002
1.758386,-151.5463,4.0,24.63777,-2.122465
11.78423,-140.2607,4.0,17.19592,-0.5078595
9.685488000000001,-126.8246,4.0,23.71968,0.4096066
-2.33797,-111.3042,4.0,29.09787,0.17691099999999998
-9.253396,-88.8679,4.0,34.32314,0.3849758
-10.24167,-61.702130000000004,4.0,39.24078,0.1642523
-5.007459,-31.305320000000002,4.0,43.973459999999996,0.35916020000000004
-1.6547310000000002,2.637465,4.0,47.94508,0.1963181
-10.01227,31.86992,4.0,26.47539,-0.6472014
-28.168640000000003,42.881609999999995,4.0,31.5956,0.34526609999999996
-53.372769999999996,43.423840000000006,4.0,36.6493,0.39839640000000004
-82.42924000000001,43.2352,4.0,41.64845,0.33675229999999995
-114.2527,40.68029,4.0,42.722120000000004,-0.1819957
-136.9867,37.27754,4.0,14.77689,-0.4074366
-145.6894,29.0696,4.0,19.49387,0.206639
-147.8639,12.769730000000001,4.0,25.2418,0.40985699999999997
-144.0017,-7.663200999999999,4.0,30.90383,0.18840020000000002
-142.0136,-32.23857,4.0,34.31131,-0.731115
-152.5461,-50.41567,5.0,26.8112,0.1528983
-168.5193,-61.680119999999995,5.0,22.2239,-1.3135860000000001
-160.4778,-69.58466,5.0,16.0193,-0.38348540000000003
-146.4988,-71.56981999999999,5.0,23.037860000000002,0.22798870000000002
-127.9238,-76.64294,5.0,28.806559999999998,0.3786502
-110.5489,-91.03165,5.0,32.94628,0.2052197
-110.2374,-115.3817,5.0,33.72208,-0.20524279999999998
-125.1403,-132.5993,5.0,29.0091,-0.4651781
-141.0051,-126.7826,5.0,23.55167,0.09673983
-147.5858,-108.7884,5.0,28.513640000000002,0.1802499
-163.5437,-101.296,5.0,18.86591,-1.4358790000000001
-164.523,-112.6925,5.0,17.12859,0.08130551
-167.0705,-128.388,5.0,26.25263,1.241263
-168.5062,-154.5182,5.0,44.14074,0.5009925000000001
-164.9168,-189.4308,5.0,50.24171,0.5298653
-164.2967,-223.2999,5.0,31.50546,-2.473624
-163.1677,-239.84599999999998,5.0,18.82169,-0.2230007
-159.24200000000002,-251.0143,5.0,14.96681,-0.06602456
-147.7519,-259.5974,5.0,24.53037,0.41992959999999996
-130.6415,-251.4509,5.0,31.59368,0.46403279999999997
-125.5457,-224.399,5.0,41.5228,0.23943270000000003
-128.7492,-198.3715,5.0,22.105079999999997,-0.4699973
-124.6277,-185.4117,5.0,15.39375,-0.46154449999999997
-111.3698,-182.7654,5.0,23.7768,0.6303191
-102.4713,-197.6868,5.0,27.80675,0.6952795
-103.6019,-222.0021,5.0,36.194320000000005,0.2701653
-105.5566,-248.7777,5.0,33.39914,-0.5692709
-96.13679,-267.9245,5.0,30.26243,0.2699672
-73.07001,-271.4215,5.0,34.23214,0.3042127
-52.90623000000001,-256.4632,5.0,36.15639,0.08564497
-47.81899,-228.4821,5.0,40.70244,0.36145479999999997
-41.72215,-197.2215,5.0,45.19925,0.2621912
-21.87088,-169.5287,5.0,47.98193,-0.01119429
-3.327471,-156.3417,5.0,14.251579999999999,-0.3686315
3.9404529999999998,-151.3365,5.0,9.679202,-0.30211570000000004
8.318754,-147.5288,5.0,7.044652,0.24608089999999996
12.57033,-141.0451,5.0,13.859979999999998,0.4537643
11.19058,-128.9345,5.0,19.87272,0.41346179999999993
1.228494,-115.2873,5.0,25.738220000000002,0.4028323
-7.308608,-96.02734,5.0,31.178990000000002,0.38132140000000003
-10.69639,-71.3142,5.0,36.30611,0.3444215
-6.668397,-42.92751,5.0,41.16682,0.3609805
-1.870985,-11.0712,5.0,45.82407,0.1512002
-3.968376,17.40663,5.0,28.66801,-1.036873
-7.549205000000001,26.997940000000003,5.0,12.274410000000001,1.126187
-14.44431,37.01768,5.0,19.61528,0.3948561
-29.30899,44.17972,5.0,25.26653,0.193057
-50.06082,45.26068,5.0,30.87575,0.188133
-74.92545,44.513659999999994,5.0,36.2706,0.3854743
-103.6578,42.745459999999994,5.0,41.30597,0.372215
-130.7677,39.81686,5.0,24.739060000000002,-3.13731
-143.5151,32.08951,5.0,23.01587,0.39652070000000006
-148.0824,13.82035,5.0,28.25549,0.1840591
-143.7217,-8.596102,5.0,33.56752,0.36885490000000004
-142.523,-33.7494,6.0,30.160590000000003,0.34754709999999994
-146.4179,-45.407990000000005,6.0,13.7482,1.020872
-156.2389,-54.09348000000001,6.0,17.73994,-0.2056172
-165.4406,-59.647580000000005,6.0,12.29238,-0.026331999999999998
-162.3787,-70.14766999999999,6.0,20.87106,0.7385656999999999
-143.6558,-71.60332,6.0,33.09319,1.010448
-118.3193,-82.20658,6.0,42.025729999999996,0.1954088
-110.9614,-107.4347,6.0,33.09124,-0.7928002
-116.9297,-119.0182,6.0,10.7029,0.07159501
-121.5204,-129.6637,6.0,19.21505,-0.5084434
-133.5428,-133.8501,6.0,20.35717,0.21584520000000001
-144.2734,-121.9241,6.0,25.749579999999998,0.2503961
-148.4232,-106.0276,6.0,10.3541,-1.980127
-153.2696,-102.1919,6.0,10.95561,0.7049126
-163.4674,-102.2717,6.0,15.58748,-0.2261447
-167.2441,-114.9919,6.0,23.97317,1.0163
-168.8253,-137.8477,6.0,37.36358,0.9331216999999998
-168.3953,-169.8827,6.0,48.6835,0.7906725
-164.7966,-208.9467,6.0,53.016769999999994,-0.8405879999999999
-163.1943,-243.8511,6.0,39.350770000000004,-0.9713681999999999
-148.4966,-258.232,6.0,24.14434,-0.5964879
-133.8337,-254.106,6.0,19.79984,0.2101855
-125.7947,-238.5492,6.0,27.02637,0.3880137
-125.8527,-216.5912,6.0,32.37413,0.387366
-128.6008,-191.5515,6.0,30.58005,-0.8875219999999999
-119.1385,-182.0548,6.0,19.3723,0.1881026
-105.9566,-189.9539,6.0,23.961,0.3366243
-102.5938,-209.0929,6.0,29.222929999999998,0.41796490000000003
-105.0877,-232.7067,6.0,34.66332,0.3947395
-103.7124,-259.9869,6.0,38.693509999999996,-0.04289473
-82.33802,-272.4084,6.0,32.288070000000005,-0.7223946
-61.98839,-267.3635,6.0,24.57816,-0.5159303
-50.3871,-255.4549,6.0,26.77512,0.6568053
-46.35164,-233.5648,6.0,32.7533,0.40251859999999995
-43.31211,-207.5368,6.0,37.97959,0.1742172
-33.41328,-180.2464,6.0,40.83705,0.03166192
-9.482121000000001,-161.9707,6.0,33.74831,-2.418079
2.335566,-152.9324,6.0,12.87814,-0.1723624
9.046978,-146.8397,6.0,12.95326,0.2835176
12.88028,-136.0841,6.0,19.74709,0.6623501
4.38654,-120.8153,6.0,29.868409999999997,0.8783498
-7.440467999999999,-96.64793,6.0,43.83245,0.4845374
-9.147258,-59.44968000000001,6.0,56.44849,0.4100237
-1.931684,-15.606010000000001,6.0,61.795669999999994,-0.49159670000000005
-5.015382,19.10575,6.0,26.793940000000003,-2.743968
-11.72077,33.82484,6.0,22.86628,0.4719412
-28.646420000000003,43.85927,6.0,32.52456,0.9379054
-57.98866999999999,45.05547,6.0,47.25049,1.009018
-98.20133,43.31518,6.0,59.58342,-0.9480073
-124.6917,39.84721,6.0,14.94176,-0.40979259999999995
-134.6347,37.805890000000005,6.0,16.767870000000002,1.214486
-146.5835,27.73262,6.0,24.72169,0.32116459999999997
-146.9103,7.570524000000001,6.0,30.08108,0.39795590000000003
-142.1169,-16.31384,6.0,35.44802,0.3709542
-141.9559,-35.09734,7.0,7.98315,0.25004770000000004
-143.6361,-43.39973,7.0,14.74885,0.46514979999999995
-153.0879,-51.99348,7.0,20.601570000000002,0.4229458
-166.7861,-60.88551,7.0,21.67855,-0.6367333000000001
-165.7306,-73.19804,7.0,15.60506,-0.03227301
-154.2932,-76.90434,7.0,18.58623,0.13787979999999997
-140.0873,-73.24814,7.0,20.55426,0.21459629999999996
-124.0798,-76.11144,7.0,24.936120000000003,0.9390132
-109.8778,-91.82704,7.0,31.350379999999998,0.1037578
-110.9258,-115.7006,7.0,34.69891,0.07713435
-131.3459,-131.442,7.0,36.92239,-0.3210783
-147.6642,-123.085,7.0,16.53156,-0.4722951
-143.3353,-115.5909,7.0,11.750589999999999,0.7894138
-146.9787,-104.786,7.0,16.622970000000002,-0.1412158
-159.0538,-101.9962,7.0,20.39959,0.36630440000000003
-166.3481,-114.3001,7.0,19.81119,-0.01964582
-166.1059,-130.627,7.0,25.76523,0.3069322
-168.9364,-154.5628,7.0,39.65286,0.946364
-169.8244,-188.6793,7.0,52.1304,0.825894
-168.8748,-227.9255,7.0,48.70218,-0.4251957
-157.7336,-251.90200000000002,7.0,28.454890000000002,-0.4170670999999999
-140.2506,-253.9523,7.0,21.499660000000002,-0.04815635
-126.9636,-244.7606,7.0,24.36661,0.48720979999999997
-125.9733,-223.1228,7.0,32.79148,0.3921865
-126.1748,-196.8668,7.0,38.033,0.18418370000000003
-118.4381,-179.7065,7.0,14.953029999999998,-0.3134308
-110.3562,-187.0761,7.0,19.83415,0.41924350000000005
-108.9706,-203.9302,7.0,25.833389999999998,0.42563320000000004
-108.6484,-225.1896,7.0,31.545109999999998,0.41382070000000004
-106.0975,-250.2003,7.0,36.27523,0.2715625
-87.8628,-270.3436,7.0,38.95285,0.06381486
-60.3022,-267.5823,7.0,39.31543,0.003606996
-49.53325,-241.3784,7.0,40.95754,0.3465037
-46.00678,-209.6529,7.0,44.9872,0.08834883
-25.71423,-182.4673,7.0,48.20649,0.3260658
-0.899732,-154.4499,7.0,52.07334,-1.2859260000000001
9.107868,-129.2643,7.0,24.81113,-0.6777018
-0.9419616,-112.9525,7.0,30.220909999999996,0.19553520000000002
-5.589858,-88.03903000000001,7.0,42.183409999999995,1.3090709999999999
-1.18181,-50.45838,7.0,59.47055,1.123542
-1.728684,-2.005002,7.0,65.00022,-0.9912238999999999
-9.012121,36.19485,7.0,36.061040000000006,-2.302506
-30.35493,41.21167,7.0,34.535340000000005,1.3124639999999999
-59.3655,40.49232,7.0,41.90215,0.16946960000000003
-92.22931,40.61011,7.0,46.59925,0.1532984
-128.2732,40.812470000000005,7.0,48.68866,-0.33893379999999995
-147.4294,25.91232,7.0,28.15495,0.0647574
-145.3949,3.267013,7.0,33.2867,0.4030039
-145.3838,-23.334789999999998,7.0,38.47974,0.1693396
-152.6486,-51.029920000000004,8.0,37.177409999999995,-0.785157
-168.1914,-64.89105,8.0,19.96576,-0.5662095
-159.1277,-78.37254,8.0,27.320120000000003,0.07776244
-137.4952,-77.10625999999999,8.0,31.922629999999998,0.2527277
-116.7217,-88.32029,8.0,34.64451,0.119049
-111.5976,-113.5409,8.0,36.9346,0.04729862
-131.0258,-131.5957,8.0,37.70758,-0.2929977
-146.6431,-127.84899999999999,8.0,4.624068,-0.6807631
-144.149,-125.535,8.0,8.442247,0.5127335
-141.8568,-117.4319,8.0,14.992,0.444931
-148.5744,-106.1857,8.0,20.90642,0.18260379999999998
-163.9081,-104.5787,8.0,23.57401,0.02332941
-167.2549,-122.0033,8.0,27.43488,0.4071337
-167.8788,-144.2621,8.0,32.76919,0.3936947
-171.2462,-170.1971,8.0,37.80297,0.32639759999999995
-169.27,-200.0535,8.0,42.64383,0.1624972
-168.0047,-233.3147,8.0,46.96407,0.02221884
-150.6799,-256.5297,8.0,36.31438,-0.26747129999999997
-131.5472,-247.8287,8.0,28.56873,1.154872
-127.1199,-225.3755,8.0,33.93343,0.367591
-126.9299,-198.3255,8.0,38.92436,0.04266213
-117.0255,-179.5569,8.0,17.47295,-0.6596930999999999
-108.1632,-186.5551,8.0,19.02299,0.4046695
-106.7985,-202.7727,8.0,25.0232,0.21126570000000003
-106.1454,-223.5389,8.0,30.80453,0.40569959999999994
-104.5015,-248.2296,8.0,35.874340000000004,0.1439743
-88.69112,-269.7536,8.0,38.29407,0.06218243
-61.734719999999996,-268.0519,8.0,38.83987,0.18910929999999998
-47.93979,-243.3203,8.0,40.7883,0.3346139
-45.25618,-211.5071,8.0,45.27802,0.109501
-27.2044,-183.8175,8.0,46.98125,0.15590639999999997
-2.597586,-156.9656,8.0,51.1282,0.01467008
8.466211,-127.2552,8.0,35.4139,-0.9583315
-5.447928,-104.6681,8.0,39.81485,-0.2641555
-3.670058,-75.60252,8.0,41.8741,0.3461548
-1.2423440000000001,-42.92516,8.0,46.44978,0.32150159999999994
-1.668338,-6.8857,8.0,50.846509999999995,0.1492498
-6.497855,30.617990000000002,8.0,45.24212,-2.013772
-24.21194,42.67995,8.0,14.42878,-2.4534860000000003
-26.697259999999996,38.895379999999996,8.0,8.067989,0.470472
-34.024359999999994,38.24069,8.0,14.334420000000001,0.2291359
-43.10392,47.39784,8.0,20.36178,0.13840970000000002
-48.02796,48.58659,8.0,0.02133938,0.0016195320000000001
-48.10712,48.304359999999996,8.0,2.415676,0.520796
-48.29811,45.13589,8.0,5.360265,0.01503957
-47.17633,43.31292,8.0,1.899846,0.6822623000000001
-51.36403,45.84107,8.0,11.12542,0.3069965
-62.687369999999994,45.54742,8.0,19.72673,0.5973259
-80.23935,43.435590000000005,8.0,27.82968,0.5848177
-103.5929,42.390240000000006,8.0,35.316959999999995,0.5086086
-131.7903,42.47495,8.0,39.9267,-0.1540902
-144.3489,18.81671,8.0,40.479009999999995,0.34770070000000003
-146.0814,-14.389879999999998,8.0,48.72862,0.03902719
-142.0012,-34.33963,9.0,2.810616,-0.02987754
-142.6536,-37.567640000000004,9.0,9.983409,0.3190788
-146.5761,-46.44623,9.0,13.317979999999999,-0.10988039999999999
-153.4553,-51.950109999999995,9.0,12.1714,0.6868588000000001
-163.0368,-55.18716,9.0,12.4755,-0.2419281
-166.9364,-61.896530000000006,9.0,10.51083,0.3145647
-160.4032,-71.81859,9.0,20.89785,-0.39273320000000006
-146.9677,-73.15762,9.0,16.562,-0.23868939999999997
-135.0981,-73.4269,9.0,19.94784,1.2965280000000001
-118.6081,-80.85251,9.0,25.752589999999998,0.07222246
-108.266,-96.85576999999999,9.0,26.26662,-0.1306653
-108.0633,-112.4056,9.0,12.74315,-0.09713274
-110.773,-120.656,9.0,13.02642,1.07615
-119.3688,-131.9796,9.0,21.00836,-0.3603817
-132.5422,-134.6999,9.0,16.56203,-0.1451944
-142.2884,-127.926,9.0,20.58186,0.5823756
-148.3248,-110.5631,9.0,28.805509999999998,0.6182638
-157.4655,-99.45064,9.0,14.862639999999999,-0.39252
-165.0822,-104.5329,9.0,15.87005,0.5137732
-167.982,-121.929,9.0,31.130640000000003,0.48905879999999996
-168.91299999999998,-149.8424,9.0,42.916059999999995,0.2501857
-167.0555,-183.28900000000002,9.0,47.1251,0.2174091
-163.8658,-217.2364,9.0,42.42481,-0.5659081
-162.0125,-243.4186,9.0,27.74526,-0.4955352
-151.6502,-257.6699,9.0,21.6302,-0.37018759999999995
-138.2167,-259.0761,9.0,17.76434,0.2509051
-127.469,-245.0359,9.0,31.61523,1.052597
-125.885,-218.6668,9.0,36.20613,-0.2653308
-128.8002,-197.2163,9.0,18.757929999999998,-0.7677432
-126.9659,-186.2731,9.0,13.38555,-0.1425289
-116.9682,-181.6548,9.0,19.27169,0.1892644
-105.4609,-187.3105,9.0,15.68299,-0.2852634
-102.4675,-199.8176,9.0,23.918570000000003,0.6012034
-103.8883,-222.3684,9.0,35.49909,0.2984659
-105.794,-249.669,9.0,36.31156,-0.1925083
-93.10851,-270.7061,9.0,32.70675,-0.06480435
-69.47516,-271.2607,9.0,32.45639,-0.05454813
-52.09831,-255.7673,9.0,33.51578,0.1565932
-46.91953,-230.44,9.0,36.09075,0.07781306
-42.57875,-203.7495,9.0,35.37867,-0.1591749
-33.80639,-181.0052,9.0,30.57981,-0.2380777
-18.86587,-167.1915,9.0,24.77315,-0.3700547
-4.954909,-157.8354,9.0,21.014870000000002,-0.1548837
6.6613679999999995,-149.6292,9.0,18.17991,0.06450485
12.69567,-135.9215,9.0,23.94559,0.1162528
3.3794480000000005,-119.1615,9.0,28.81868,0.23343989999999998
-7.440253,-100.4527,9.0,29.8066,0.06487121
-11.18645,-78.38461,9.0,31.35665,0.3386728
-9.40049,-53.7167,9.0,34.8262,0.1214587
-4.815753,-27.799559999999996,9.0,36.115359999999995,0.03014261
-1.8198599999999998,-1.104379,9.0,34.82157,-0.2469646
-4.970251,19.77688,9.0,23.39239,-0.6423482
-10.94851,33.46593,9.0,20.9544,1.4284709999999998
-26.94118,43.859359999999995,9.0,29.839809999999996,0.5039024000000001
-51.49597,44.29226,9.0,36.8378,0.5250063
-81.52246,44.2403,9.0,43.85751,0.2218311
-116.0575,41.61002,9.0,48.03344,-0.3999983
-143.1463,33.52406,9.0,34.82778,0.1365492
-144.5266,8.727013000000001,9.0,37.48962,0.5168444999999999
-142.0869,-20.95603,9.0,39.80145,-1.304137
-145.1333,-39.91004,10.0,16.52639,-0.1317347
-152.5214,-51.40952,10.0,19.24565,-0.1734871
-163.8615,-57.20644,10.0,15.36106,-0.29574920000000005
-166.3491,-66.42282,10.0,15.79442,0.6272352
-155.9825,-73.22253,10.0,17.93764,0.03429615
-142.4273,-72.54968000000001,10.0,17.78337,-0.08787569
-128.037,-75.75053,10.0,25.001929999999998,0.5595055999999999
-111.5345,-88.4538,10.0,31.795959999999997,0.4068186
-108.1515,-113.1414,10.0,36.6864,-0.16006779999999998
-119.8383,-130.6811,10.0,23.39189,-0.1950326
-134.7009,-133.2815,10.0,18.41844,-0.18258020000000003
-144.0587,-123.9881,10.0,21.91434,0.3317691
-148.7402,-107.1016,10.0,18.5791,-1.714971
-152.1696,-102.8414,10.0,8.642236,0.5923036
-160.8056,-100.9057,10.0,15.8948,0.42113540000000005
-167.4095,-112.3625,10.0,22.19507,0.5148377000000001
-168.5913,-131.47,10.0,29.266809999999996,0.47967659999999995
-168.7757,-155.7449,10.0,35.12978,0.1017335
-167.8801,-183.1992,10.0,39.07385,0.25447070000000005
-164.9734,-212.0484,10.0,36.5814,-0.5558093000000001
-163.69,-236.3576,10.0,29.38637,-0.2508334
-156.95,-253.7923,10.0,22.38665,-0.2225802
-142.2796,-259.7139,10.0,23.8542,0.05355426
-129.4145,-248.6805,10.0,25.54709,0.21377689999999996
-124.5987,-229.2449,10.0,28.78925,0.2180337
-127.1287,-207.3368,10.0,28.30388,-0.23067729999999997
-127.9792,-192.1462,10.0,15.90918,-0.160072
-124.1905,-183.2805,10.0,11.93491,0.142009
-113.2696,-182.4731,10.0,17.90456,0.21287609999999998
-103.6865,-190.8624,10.0,18.52753,0.1659618
-103.3739,-205.4776,10.0,21.02583,0.1793854
-104.4231,-221.4934,10.0,21.765629999999998,-0.01368145
-105.8844,-239.5247,10.0,27.91726,0.4329808
-103.3815,-261.0362,10.0,29.523429999999998,-0.09754326
-84.94755,-272.6879,10.0,34.75358,0.4518594
-58.66157,-265.7139,10.0,38.51898,-0.08293724
-48.70511,-239.4166,10.0,41.64117,0.3980288
-43.82777,-207.9654,10.0,41.57035,-0.3177768
-34.12373,-182.333,10.0,32.88953,-0.6001632
-18.55637,-167.4615,10.0,25.96171,-0.2226013
-6.66926,-159.1305,10.0,12.878110000000001,-0.13430870000000003
3.3170919999999997,-152.0554,10.0,20.54897,-0.2678742
12.72525,-141.0777,10.0,21.667460000000002,0.8366306999999998
7.060955,-123.6021,10.0,28.95663,0.452615
-6.36991,-104.5739,10.0,34.67078,0.42071790000000003
-10.44448,-80.00343000000001,10.0,30.325390000000002,-0.49993540000000003
-8.949461999999999,-55.0491,10.0,37.02142,0.4607198
-4.846206,-25.57275,10.0,43.14625,0.4333002
-2.2017330000000004,8.210638000000001,10.0,48.3455,0.03729066
-15.40065,38.18969,10.0,42.60288,-0.08446398
-46.70937,45.02375,10.0,46.16388,0.38670290000000007
-82.91955,44.22631,10.0,51.557990000000004,0.3642905
-121.2514,40.44415,10.0,46.39885,-0.7287697
-146.9273,28.22147,10.0,37.63562,-0.1895366
-143.8325,1.378215,10.0,39.647659999999995,0.3806386
-142.9352,-28.44823,10.0,36.00549,-1.558657
-153.2062,-51.48281,11.0,36.0196,0.1910721
-169.96599999999998,-70.3744,11.0,28.4063,-0.6183578000000001
-160.8617,-80.38103000000001,11.0,19.82323,0.17461129999999997
-147.9511,-69.97026,11.0,25.24314,0.2801648
-129.0913,-75.77956,11.0,30.46582,0.48651679999999997
-112.23100000000001,-91.34875,11.0,29.899070000000002,0.47217109999999995
-110.8958,-115.4975,11.0,34.86428,-0.20664369999999999
-124.8244,-131.9544,11.0,27.30541,0.33134640000000004
-143.4332,-124.78200000000001,11.0,31.015929999999997,0.01729478
-146.7523,-104.4995,11.0,13.339070000000001,-2.831383
-155.5447,-100.5456,11.0,19.556070000000002,0.7300624
-166.6453,-111.4269,11.0,25.248170000000002,0.1983239
-166.0473,-132.5381,11.0,31.854779999999998,0.46003320000000003
-168.4799,-158.4037,11.0,38.09752,0.2115259
-166.18200000000002,-188.7262,11.0,44.09275,0.44298329999999997
-163.5972,-223.2505,11.0,47.44202,-0.3951097
-157.5931,-252.2865,11.0,31.2576,-0.698531
-138.3674,-259.4383,11.0,30.540090000000003,0.1939092
-126.7156,-241.5486,11.0,32.74212,0.22965189999999996
-126.2589,-214.9771,11.0,38.76171,0.22467399999999998
-126.7628,-188.235,11.0,33.71428,-1.0903969999999998
-110.5369,-181.3501,11.0,24.6663,-0.18934179999999998
-107.5708,-199.0614,11.0,28.20022,0.4374367
-105.6021,-222.0792,11.0,34.31948,0.45397070000000006
-106.675,-249.6947,11.0,39.94435,0.2484341
-89.13372,-271.8087,11.0,39.10882,-0.04410493
-60.01266,-266.6385,11.0,42.13881,-0.05702628
-47.25897,-239.3745,11.0,43.78529,0.21290370000000003
-42.38532,-205.1108,11.0,49.39575,0.16128370000000003
-24.95518,-172.583,11.0,49.64986,-1.403347
-0.33929940000000003,-155.9255,11.0,33.7965,-1.310634
12.09843,-138.792,11.0,24.9746,-0.31114169999999997
6.502299,-122.2397,11.0,26.67183,0.2337371
-5.5866620000000005,-103.8338,11.0,32.83683,0.20097910000000002
-10.23424,-77.70116,11.0,39.01433,0.42223869999999997
-7.925991000000001,-46.761109999999995,11.0,44.76781,0.4088795
-2.1180950000000003,-12.01662,11.0,50.28481,0.3698508
-6.6574160000000004,26.04046,11.0,50.62316,-0.9607975000000001
-33.27663,45.63062,11.0,46.130390000000006,0.06064987
-69.16574,42.52677,11.0,51.18246,0.4036528
-108.98,41.20903,11.0,55.37611,-1.108236
-142.8655,32.89468,11.0,42.7585,-0.4088324
-147.5197,4.86948,11.0,41.27332,0.2079381
-142.4159,-27.1094,11.0,45.0921,-0.3820344
-153.0264,-51.08514,12.0,27.95249,-0.46839620000000004
-168.6509,-62.34267,12.0,25.99954,-1.243922
-156.908,-72.21874,12.0,25.36968,0.2376252
-135.8333,-72.25739,12.0,31.73713,0.4349581
-114.0631,-84.98007,12.0,36.93029,0.28058390000000005
-107.3469,-111.2417,12.0,35.027359999999994,-1.186105
-120.5772,-128.3469,12.0,27.92567,-0.5308986
-137.5952,-132.4931,12.0,21.365170000000003,0.38176740000000003
-146.3296,-118.0934,12.0,27.009529999999998,0.23581190000000002
-154.4076,-101.3112,12.0,21.69374,-0.558577
-166.7028,-106.6077,12.0,21.87539,0.8567144
-167.1617,-127.8877,12.0,35.062020000000004,0.4534335
-169.0086,-155.9776,12.0,40.86383,0.3868158
-166.6593,-188.4315,12.0,46.654379999999996,0.4212745
-164.6114,-224.9727,12.0,51.81055,0.1343592
-154.9498,-255.5238,12.0,36.30555,-1.442695
-135.0903,-253.4013,12.0,28.87225,0.27038540000000005
-127.2685,-231.7212,12.0,34.07777,0.2275623
-126.759,-204.7319,12.0,34.80318,-0.9040878000000001
-123.2795,-182.0399,12.0,30.078159999999997,-0.6454186
-106.8079,-186.6057,12.0,24.49186,-0.1764127
-110.27600000000001,-205.9049,12.0,29.6874,0.46546590000000004
-109.456,-230.356,12.0,36.19983,0.45476279999999997
-103.8243,-258.7129,12.0,41.64625,0.1090315
-79.34642,-271.6438,12.0,39.95381,0.3290697
-50.805620000000005,-260.473,12.0,41.84552,-0.42239709999999997
-49.044940000000004,-235.3476,12.0,32.181979999999996,-0.03962631
-52.9749,-219.3262,12.0,8.930442,-0.6783912
-53.30523,-215.1843,12.0,2.850959,-0.29444549999999997
-52.73064,-216.3104,12.0,6.05886,0.45441499999999996
-46.38713,-218.3732,12.0,13.32896,0.22245879999999998
-41.9734,-208.8822,12.0,13.6715,-0.1342045
-41.384009999999996,-197.9511,12.0,19.40716,0.5142498999999999
-35.86518,-182.0069,12.0,26.2943,0.23660520000000002
-20.18366,-166.9858,12.0,32.6963,0.4514543
2.2493830000000004,-152.9625,12.0,37.543659999999996,-0.1264402
12.06042,-130.8738,12.0,28.72072,-0.2557591
-0.9934953000000001,-110.7771,12.0,39.670609999999996,1.146335
-10.60961,-77.79603,12.0,52.1898,0.1389518
-5.853899,-37.74203,12.0,56.9138,0.1881953
-2.4556270000000002,5.396178,12.0,55.26236,-0.8731673000000001
-11.404539999999999,33.13961,12.0,34.48207,0.21286190000000002
-34.333659999999995,45.77095,12.0,38.22659,0.2679937
-64.55682,44.31773,12.0,43.76643,0.20752150000000003
-99.07158000000001,43.122370000000004,12.0,49.355270000000004,0.18669059999999998
-135.5648,38.571670000000005,12.0,47.88371,0.02310747
-152.9741,18.107020000000002,12.0,18.25755,-0.6040986999999999
-153.6256,12.59694,12.0,2.298235,0.6326349
-149.0626,11.517669999999999,12.0,10.58382,0.5185390000000001
-146.433,1.506159,12.0,18.23431,0.5727358
-144.2096,-14.590279999999998,12.0,25.45456,0.25844989999999995
-141.9084,-33.55574,13.0,3.790942,0.5923231
-143.1182,-39.29234,13.0,11.98015,0.3007011
-149.787,-48.71438,13.0,19.445520000000002,0.5134344
-164.155,-57.58376,13.0,25.838910000000002,0.48136450000000003
-164.6704,-72.41861999999999,13.0,18.1301,-0.1758649
-151.9887,-75.93004,13.0,20.812170000000002,0.20251
-137.3854,-72.26978000000001,13.0,18.25189,-0.07559186
-121.4487,-76.21412,13.0,25.9668,0.4445418
-108.404,-92.53156,13.0,31.65205,0.3934061
-110.3109,-116.9277,13.0,35.96541,0.2747104
-132.2916,-132.4331,13.0,36.52355,-1.7971689999999998
-146.0419,-124.0357,13.0,11.51587,-1.825704
-140.9662,-123.0458,13.0,10.755360000000001,0.5130152
-139.3444,-122.6435,13.0,5.1656889999999995,0.24434329999999999
-144.619,-125.6958,13.0,9.725922,-0.21210479999999998
-145.5204,-129.1613,13.0,0.5906251,0.6579368
-144.4547,-125.4803,13.0,9.764439,0.6000513000000001
-140.1449,-116.20100000000001,13.0,17.79022,0.2812088
-145.275,-101.8794,13.0,24.5419,0.19738920000000001
-162.1753,-100.6527,13.0,23.109370000000002,-0.25273320000000005
-167.2202,-117.8523,13.0,29.309309999999996,0.5184439999999999
-167.5863,-142.1491,13.0,36.29688,0.49539279999999997
-167.828,-171.6302,13.0,42.89206,0.4751724
-167.9392,-205.7191,13.0,49.10044,0.4445403
-164.9643,-242.9983,13.0,47.665490000000005,-1.214526
-139.0332,-257.2891,13.0,37.617740000000005,-0.7925366
-127.5509,-239.8033,13.0,32.38047,0.7240274999999999
-127.4896,-211.9612,13.0,41.32306,-0.09272562
-126.2561,-187.3497,13.0,17.62184,-2.176384
-117.471,-181.4224,13.0,16.326220000000003,0.5411156
-106.5221,-190.3146,13.0,23.854229999999998,0.4468374
-105.3035,-210.2941,13.0,30.74478,0.2508732
-108.1,-235.4713,13.0,37.37722,0.341107
-97.40993,-262.5202,13.0,42.152029999999996,0.21344090000000002
-69.07303,-271.7087,13.0,42.63081,-0.007897737
-49.927859999999995,-248.9242,13.0,43.03995,0.1356652
-47.533879999999996,-215.4149,13.0,44.794990000000006,-1.299048
-34.49393,-186.9214,13.0,44.682520000000004,0.4010118
-9.994133,-161.3639,13.0,50.59134,0.39031
9.813811999999999,-130.5876,13.0,45.7557,-0.42083630000000005
-2.931604,-106.6464,13.0,32.48109,-0.6886284
-7.981142999999999,-86.76658,13.0,32.13713,0.25679589999999997
-5.822196,-60.5199,13.0,38.94443,0.5026432
-5.088304,-29.28104,13.0,45.38783,0.4509085
-3.754339,6.585215,13.0,51.3121,0.1900845
-14.93984,38.13807,13.0,36.659290000000006,-0.4584084
-33.40076,38.51552,13.0,15.714279999999999,-1.432747
-35.09261,32.58457,13.0,0.08672386,-0.072437
-35.14328,32.59166,13.0,0.06331931,0.04867806
-34.998129999999996,32.992059999999995,13.0,3.2887440000000003,0.6187043000000001
-33.84892,38.22377,13.0,10.88381,0.46823869999999995
-32.2939,44.329609999999995,13.0,3.4743230000000005,-0.7308168
-32.687290000000004,43.62246,13.0,5.301448000000001,0.5607986999999999
-38.70559,41.26786,13.0,12.9904,0.2849339
-50.55687,44.6329,13.0,20.17752,0.4812873
-67.9388,44.56796,13.0,26.794240000000002,0.23225189999999998
-89.96814,41.90752,13.0,33.03387,0.41378869999999995
-116.6151,42.76305,13.0,38.655809999999995,0.3302796
-142.5497,30.71585,13.0,38.191759999999995,-0.1040126
-147.4736,2.99778,13.0,41.10255,0.3881612
-144.5688,-29.29795,13.0,45.92327,0.03701735
-155.6309,-55.4164,14.0,31.411820000000002,-0.2987105
-161.4738,-71.13728,14.0,23.875999999999998,0.39580129999999997
-143.153,-75.61106,14.0,29.351670000000002,0.2257774
-121.0477,-82.14811999999999,14.0,34.05216,0.1545634
-109.4011,-104.9965,14.0,37.229690000000005,0.1686557
-122.8731,-128.6364,14.0,39.1482,0.06138432
-144.8006,-127.2632,14.0,23.23471,-1.3351520000000001
-145.8155,-119.9821,14.0,1.497619,0.09945808
-146.7218,-118.9564,14.0,1.8726880000000001,-0.009516004
-147.5321,-118.0386,14.0,1.417914,-0.02778457
-149.3676,-117.2279,14.0,4.005221,-0.04648094
-150.7688,-117.3948,14.0,2.422762,0.6916015
-146.7618,-114.3236,14.0,11.20908,0.590973
-145.4042,-103.7635,14.0,18.61347,0.2184092
-158.5399,-96.96406999999999,14.0,23.77048,0.23087129999999997
-168.0531,-111.7428,14.0,28.065790000000003,0.2302411
-166.2868,-135.0753,14.0,35.042559999999995,0.2542519
-166.6998,-163.5721,14.0,41.82977,0.470624
-167.2207,-196.9364,14.0,48.20496,0.44286559999999997
-165.7981,-234.4929,14.0,50.24488,-0.707067
-148.1671,-254.7222,14.0,24.83256,-2.302838
-141.7424,-251.5999,14.0,4.334127,-0.14222220000000002
-140.8405,-249.3007,14.0,4.457597,0.01241057
-135.0367,-248.4608,14.0,12.30832,0.28846109999999997
-125.5202,-251.8028,14.0,12.47162,-0.1823854
-120.92299999999999,-246.1724,14.0,12.21367,0.5929857
-124.0446,-234.0016,14.0,21.16079,0.2848598
-126.755,-215.6833,14.0,28.765620000000002,0.5313483
-127.6092,-191.7641,14.0,35.30253,-0.18202820000000003
-111.9817,-179.4065,14.0,24.238879999999998,-0.9648783999999999
-105.4279,-195.8975,14.0,33.283120000000004,1.422647
-107.444,-227.9919,14.0,53.209959999999995,0.6406012
-93.98591,-265.2028,14.0,49.205059999999996,-1.2825280000000001
-62.08537,-269.517,14.0,46.06199,-0.43383019999999994
-48.229729999999996,-242.3727,14.0,43.9767,0.3973977
-46.168240000000004,-208.4058,14.0,48.32673,0.2796187
-24.49386,-177.9935,14.0,53.27186,0.1812511
4.1674690000000005,-148.6106,14.0,54.96355,-0.7227409
6.838777,-120.0659,14.0,28.7053,-0.3579042
-4.358062,-103.4339,14.0,29.72894,0.45769750000000003
-5.254021,-79.06355,14.0,36.42993,0.2410321
-2.974271,-49.65845,14.0,43.133990000000004,0.49834520000000004
-2.220622,-15.30604,14.0,49.41257,0.4443205
-4.961666,22.90997,14.0,49.9606,-1.298163
-28.602909999999998,42.80369,14.0,43.14707,0.07922073
-62.519,40.38337,14.0,48.74431,0.4407684
-100.81299999999999,40.483470000000004,14.0,54.61991,0.4147438
-136.9934,37.464209999999994,14.0,38.47888,-0.6115951999999999
-145.0865,22.43455,14.0,7.292528999999999,-2.555542
-142.8621,23.497239999999998,14.0,5.12562,-0.4605432
-141.2317,25.54702,14.0,1.55782,1.121685
-144.1108,22.30625,14.0,9.033783,0.3439493
-149.3673,21.95731,14.0,2.682013,-0.38871609999999995
-147.9612,21.117079999999998,14.0,6.931366000000001,0.659197
-142.5811,14.78806,14.0,15.606110000000001,0.2888491
-140.7901,0.43004220000000004,14.0,23.75358,0.5801651999999999
-142.5316,-20.07064,14.0,31.53065,0.2795689
-141.8578,-36.124629999999996,1.0,5.889925,0.3965401
-142.9854,-44.44611,1.0,15.90911,0.6148591999999999
-153.1123,-54.917609999999996,1.0,24.13784,0.6001847
-162.7516,-70.23674,1.0,26.6388,-0.2646612
-148.0179,-74.20407,1.0,24.575210000000002,0.4456389
-136.0461,-68.52026,1.0,7.176703,0.08295059
-135.8607,-68.27917,1.0,0.02619384,0.0006297656
-135.8421,-68.28187,1.0,0.02465388,0.0006682845
-135.8264,-68.28371,1.0,0.02037346,0.03148929
-136.0718,-70.35424,1.0,4.631246,0.10556410000000001
-135.65,-73.63448000000001,1.0,4.141357,-0.03175841
-136.5062,-76.18181,1.0,3.432837,-0.1531432
-135.7123,-75.75716,1.0,5.944825,0.6705365
-128.1711,-75.40338,1.0,14.72233,0.31369990000000003
-117.7564,-83.40874000000001,1.0,22.16783,0.5536552
-110.6046,-101.3017,1.0,29.65738,0.2281197
-116.1919,-123.9783,1.0,35.08543,0.31997420000000004
-139.179,-132.2081,1.0,30.1842,-0.7174833
-145.3111,-118.0222,1.0,21.98565,0.16151970000000002
-138.4579,-108.7083,1.0,0.12366410000000001,-0.7367312
-138.4582,-108.7243,1.0,0.02453315,0.007190190999999999
-138.4594,-108.7406,1.0,0.03957806,0.0556741
-141.5889,-108.1279,1.0,8.08915,0.050431000000000004
-145.7033,-110.79700000000001,1.0,1.178506,-1.406017
-144.6725,-108.41,1.0,7.993628999999999,0.6254776
-146.7109,-100.0241,1.0,16.06108,0.286835
-158.3993,-96.05135,1.0,16.0551,-0.1859875
-165.8587,-104.1343,1.0,19.983060000000002,0.5966937
-168.2627,-124.0366,1.0,33.28736,0.8251860999999999
-165.3463,-150.6422,1.0,41.00802,-0.02579003
-165.1466,-177.2219,1.0,32.48366,-0.4638335
-167.9598,-201.0474,1.0,38.49754,0.7471656999999999
-166.4594,-230.0333,1.0,36.05534,-0.5310332
-156.841,-249.4831,1.0,25.66432,-0.47669040000000007
-136.9708,-249.0529,1.0,30.090190000000003,-0.0431965
-121.779,-235.3922,1.0,24.21283,-0.30097199999999996
-131.0924,-220.5688,1.0,23.650660000000002,-1.236951
-123.5841,-206.5378,1.0,20.00261,-0.2843883
-124.7916,-193.3922,1.0,17.18423,-0.3345043
-119.8028,-184.2832,1.0,17.58595,1.203136
-110.8695,-191.2006,1.0,15.96086,-0.2638522
-110.0732,-201.9803,1.0,13.822410000000001,-0.02760624
-109.3686,-215.1356,1.0,21.88297,0.2930828
-107.3889,-234.1037,1.0,29.506999999999998,0.5234679
-100.87,-257.4106,1.0,35.89563,0.3534939
-78.03563,-271.5071,1.0,39.11261,0.05632058
-54.603080000000006,-256.9142,1.0,39.66619,0.001926111
-51.1241,-226.8626,1.0,43.63487,0.3106316
-36.65101,-196.09799999999998,1.0,48.66932,0.1909433
-11.68088,-167.2514,1.0,54.40262,0.39713190000000004
10.6513,-131.8086,1.0,56.97854,-1.179571
10.69115,-105.8996,1.0,12.20164,-2.6931599999999998
9.813981,-104.2759,1.0,0.5184237,0.09254504
10.351939999999999,-104.633,1.0,3.855004,0.510281
14.53089,-107.0525,1.0,8.614913,0.00351778
18.51246,-106.9252,1.0,0.6938483,-0.4226508
15.82765,-107.7713,1.0,8.141347,0.293613
7.673848,-111.6524,1.0,15.465810000000001,0.16324539999999998
-0.2774643,-104.6976,1.0,19.74332,0.2526652
0.6580682,-87.63656999999999,1.0,26.39044,0.3214897
-4.831997,-66.21330999999999,1.0,33.21079,0.2503246
-5.909388,-39.13942,1.0,39.88842,0.47593209999999997
-6.354592,-7.250792999999999,1.0,46.153059999999996,0.4448293
-7.715771000000001,28.244459999999997,1.0,44.48359,-1.03995
-20.49681,44.67641,1.0,14.62149,-0.5311206
-29.84668,38.4477,1.0,18.758,0.24926439999999997
-46.21161,39.24348,1.0,25.95991,0.520425
-68.00101,39.56525,1.0,32.962720000000004,0.2480549
-94.94998000000001,39.750690000000006,1.0,39.690690000000004,0.4775068
-126.5665,40.58168,1.0,42.412929999999996,-1.53073
-144.5249,28.92223,1.0,19.63918,-1.608783
-139.3401,24.80174,1.0,9.91911,0.3112417
-137.7517,24.24667,1.0,0.06145004,-0.02706714
-137.7516,24.206210000000002,1.0,0.04766936,-0.01100195
-140.5126,24.622320000000002,1.0,7.608239,0.38648190000000004
-147.7393,24.35063,1.0,10.21268,-0.42965290000000006
-151.2198,25.41832,1.0,0.07742278,-0.21343179999999998
-148.7054,23.66098,1.0,8.307454,0.3023238
-147.7207,15.14846,1.0,15.65151,0.5074125
-151.8087,2.10284,1.0,21.75207,0.4417555
-147.4301,-15.925970000000001,1.0,28.392409999999998,0.4924524
-146.6088,-39.16148,2.0,34.080909999999996,0.03010384
-163.6328,-55.25459,2.0,32.41788,-0.2868245
-162.0629,-72.38805,2.0,19.76074,-1.3693229999999998
-156.0042,-68.89655,2.0,9.228407,0.8834777
-155.6961,-68.52768,2.0,0.04644746,-0.01538052
-155.7679,-68.78695,2.0,2.4779310000000003,0.29951009999999995
-156.3121,-72.17832,2.0,5.059682,-0.04973973
-156.9804,-75.13899,2.0,0.8806470999999999,-0.8412389000000001
-154.7587,-73.32364,2.0,8.655166,0.6809618000000001
-145.7919,-75.08372,2.0,17.083470000000002,0.308866
-133.3047,-82.20948,2.0,19.19894,-0.2902653
-120.9706,-86.65122,2.0,19.5105,0.5103378
-110.7239,-103.484,2.0,31.586679999999998,-0.02728593
-119.2954,-124.5137,2.0,33.17532,-0.0946167
-140.5575,-129.287,2.0,25.8046,-1.2399200000000001
-142.5296,-116.0796,2.0,22.29058,0.6083128000000001
-142.342,-102.9514,2.0,18.88448,0.10508730000000001
-157.0722,-103.005,2.0,19.92892,-0.5508732
-160.9976,-114.4556,2.0,16.56737,0.04491418
-164.0058,-127.4269,2.0,21.23565,1.472015
-165.3757,-146.326,2.0,29.48215,0.2765341
-165.3852,-171.0825,2.0,37.07906,0.5250759
-165.7648,-201.1812,2.0,44.12764,0.23637339999999998
-164.8476,-235.9951,2.0,44.00829,-4.3325059999999995
-153.7118,-251.2719,2.0,23.66976,0.4487736
-133.5667,-250.9726,2.0,30.599,0.03488472
-126.6212,-234.8791,2.0,25.65193,0.3725144
-125.7598,-212.7036,2.0,34.52629,0.6603517
-125.2899,-187.71200000000002,2.0,21.134829999999997,-2.61678
-117.1904,-184.153,2.0,14.23492,0.4300945
-110.7213,-194.2409,2.0,21.24622,0.5961565
-109.1937,-212.979,2.0,29.309720000000002,0.5886625
-106.0426,-237.3436,2.0,36.83501,0.5233456
-94.20238,-263.9675,2.0,42.157109999999996,0.03751637
-66.15236,-267.7997,2.0,40.85758,0.1038032
-48.752759999999995,-243.7751,2.0,42.32614,0.09616653
-47.39716,-210.6238,2.0,47.62755,0.30158520000000005
-26.82045,-180.8318,2.0,52.2124,0.4510936
0.26183429999999996,-150.2356,2.0,56.43629,-1.365073
7.734274,-125.2933,2.0,18.03156,-0.42404780000000003
-2.713357,-114.0748,2.0,24.56754,0.4885994000000001
-6.802250999999999,-94.02006999999999,2.0,31.68375,0.2632893
-6.715658,-67.76483,2.0,39.098259999999996,0.5189575
-6.85537,-36.17604,2.0,46.06805,0.49183760000000004
-7.327733,0.3748295,2.0,52.591190000000005,0.454096
-11.86076,37.3564,2.0,41.12423,-1.22533
-25.68531,45.98942,2.0,5.391655,-2.406247
-25.60674,43.17775,2.0,8.064910000000001,0.3049114
-33.02967,40.0121,2.0,16.1643,0.6049495
-46.60422,46.32159,2.0,23.996560000000002,0.23577510000000002
-66.73616,44.06678,2.0,31.342570000000002,0.5468816
-92.6627,41.62137,2.0,38.72011,0.5402361
-123.8932,40.317170000000004,2.0,45.58944,0.46854250000000003
-149.3827,27.086190000000002,2.0,27.99275,-2.045281
-149.4063,18.97399,2.0,2.827202,0.6749656999999999
-144.5783,17.95262,2.0,11.46693,0.597841
-145.2321,7.120852,2.0,19.47046,0.5992251999999999
-150.6986,-8.063521000000001,2.0,25.33371,0.2414276
-145.9844,-29.04066,2.0,32.69191,0.5258670999999999
-143.1738,-39.87256,3.0,11.56811,-0.1063271
-147.673,-47.953309999999995,3.0,16.891679999999997,0.9465413
-158.5227,-53.58323000000001,3.0,15.208429999999998,-0.1140393
-166.3751,-58.72172,3.0,11.2774,-0.1410823
-165.0119,-66.05505,3.0,11.66075,0.6450134
-155.665,-72.37976,3.0,19.51387,0.5166864999999999
-138.44,-72.71181999999999,3.0,27.13516,0.6069057
-119.3772,-81.6616,3.0,26.51557,-0.2174863
-108.9306,-96.12801999999999,3.0,25.17057,0.5495258000000001
-109.6356,-116.2952,3.0,25.51289,-0.201914
-119.3942,-129.667,3.0,20.23781,-0.3059008
-135.4207,-133.2285,3.0,23.5206,-0.3168238
-144.3526,-117.7351,3.0,31.98917,0.8859565
-155.935,-103.6642,3.0,17.02913,-0.4198906
-165.7491,-110.8396,3.0,21.39784,0.2859909
-168.452,-129.4353,3.0,29.364729999999998,0.5654144
-169.6273,-153.9124,3.0,36.72459,0.5299045
-167.3334,-183.6096,3.0,43.70496,0.4836907999999999
-164.287,-218.3153,3.0,49.90398,0.17082479999999997
-159.7558,-252.0985,3.0,39.11438,-1.53436
-140.1678,-256.8996,3.0,25.635820000000002,0.6864653000000001
-126.1588,-240.1985,3.0,32.632509999999996,0.1495705
-128.19799999999998,-214.87099999999998,3.0,37.58019,-0.09071424
-126.07,-189.1451,3.0,31.695959999999996,-0.2669396
-112.5604,-179.0584,3.0,22.222279999999998,-0.2397331
-110.0286,-193.7179,3.0,24.82558,0.23082600000000003
-105.2359,-213.8479,3.0,31.82508,-0.09578474
-105.6626,-236.0067,3.0,27.48146,-0.1597221
-103.9473,-258.8574,3.0,35.98901,0.13798339999999998
-82.48146,-271.5536,3.0,36.74411,0.3562563
-62.19575,-268.7946,3.0,15.42655,-1.056959
-56.26715,-266.7689,3.0,2.152413,-0.44089129999999993
-57.0474,-267.3047,3.0,1.189682,-0.2059572
-56.54605,-266.8567,3.0,4.024807,0.2494549
-53.54023000000001,-263.2998,3.0,7.667655,0.1179205
-48.558609999999994,-263.2253,3.0,4.414526,-0.4312986
-48.7756,-262.6294,3.0,5.506439,0.33184240000000004
-50.04883,-255.6656,3.0,13.81809,0.31490070000000003
-46.779270000000004,-242.8626,3.0,21.68621,0.2709468
-43.91397,-224.2569,3.0,29.07488,0.257807
-41.09571,-200.2201,3.0,36.01921,0.2188234
-26.648740000000004,-177.0126,3.0,40.38799,0.4904907
-6.722333,-157.7202,3.0,27.373490000000004,-1.563348
6.4779599999999995,-147.3441,3.0,20.01371,-0.3458792
11.831710000000001,-135.9252,3.0,15.18544,-0.2851083
8.470971,-124.9424,3.0,18.76503,0.2627926
-1.471039,-111.6571,3.0,26.07321,0.5007941
-8.829647999999999,-90.94100999999999,3.0,33.05417,0.455754
-10.21154,-64.21477,3.0,39.44101,0.22440380000000001
-5.958074,-32.83585,3.0,45.73251,0.45038279999999997
-3.418276,-0.738726,3.0,35.15874,-1.243141
-4.634906,13.710220000000001,3.0,5.8610940000000005,-1.7819779999999998
-5.347625,17.72733,3.0,9.504392999999999,0.32040009999999997
-7.965911,27.59413,3.0,17.871389999999998,0.30034720000000004
-18.05208,39.52539,3.0,25.045289999999998,0.2622986
-38.13054,45.041309999999996,3.0,31.656909999999996,0.4897526
-64.18129,44.70445,3.0,38.58679,0.4859616
-95.15187,42.948,3.0,45.14445,0.4527166
-128.6995,39.25282,3.0,42.752959999999995,-1.080729
-150.1716,24.299970000000002,3.0,33.81998,-0.3230638
-143.6272,0.7139663,3.0,34.90352,0.21409270000000002
-144.8343,-27.229459999999996,3.0,40.76599,0.46227740000000006
-150.4651,-52.378859999999996,4.0,22.814320000000002,-2.245505
-164.3261,-55.226209999999995,4.0,19.40987,-0.1500155
-165.085,-67.53093,4.0,22.03197,0.4696241
-147.7508,-72.58286,4.0,28.451220000000003,0.521143
-125.4588,-78.49600000000001,4.0,34.6459,0.3934053
-109.0061,-99.9425,4.0,39.31886,0.07170468
-117.3608,-125.6299,4.0,37.38026,-0.1609524
-140.5419,-129.6754,4.0,31.640590000000003,-0.05057715
-144.0464,-108.6773,4.0,31.135009999999998,-0.32768600000000003
-155.1015,-98.94626,4.0,16.335620000000002,0.541959
-165.5904,-109.2672,4.0,24.42172,0.2512328
-169.2523,-129.7521,4.0,31.75297,0.5137794
-169.7396,-155.6746,4.0,38.44727,0.23228720000000003
-166.8714,-186.53900000000002,4.0,45.02523,0.21436100000000002
-163.6678,-221.907,4.0,49.39301,-0.09738301
-159.6257,-250.0097,4.0,21.4944,-0.581008
-147.0733,-257.2642,4.0,21.74565,0.5262583000000001
-131.4828,-252.4518,4.0,25.654629999999997,0.3769085
-125.3567,-231.6152,4.0,32.64972,0.4448361
-128.629,-205.5888,4.0,38.67191,0.406999
-119.8473,-179.3374,4.0,36.02636,-0.9908823
-100.1366,-183.15200000000002,4.0,25.41165,-0.32014159999999997
-107.9515,-194.9435,4.0,23.271060000000002,0.25515709999999997
-114.555,-201.5495,4.0,0.03379939,-0.01422637
-114.555,-201.5544,4.0,0.009512184,-0.01676641
-113.2375,-201.8006,4.0,4.442156,1.081699
-109.8525,-199.2513,4.0,5.046158999999999,-0.6799479
-109.6639,-198.6425,4.0,3.049311,0.5296109
-108.8857,-203.4936,4.0,10.157639999999999,0.25039859999999997
-106.8535,-213.368,4.0,16.88424,0.46719609999999995
-105.1614,-228.0796,4.0,23.07082,0.2211187
-105.8465,-247.3621,4.0,28.72772,0.1735869
-95.82639,-267.2051,4.0,32.52621,0.08142899
-71.97957,-270.9582,4.0,35.31241,0.1434261
-50.96425,-255.3408,4.0,36.91287,-0.09887735
-49.204809999999995,-226.8735,4.0,40.6012,0.14110379999999997
-40.932179999999995,-196.5671,4.0,44.74647,0.1314902
-19.3433,-170.6662,4.0,46.60032,-0.09198441
1.8930240000000003,-151.4246,4.0,24.29651,-2.057476
11.83714,-140.1432,4.0,17.15428,-0.2590235
9.590544,-126.6766,4.0,23.786839999999998,0.4054873
-2.4395580000000003,-111.1138,4.0,29.156370000000003,0.3464446
-9.295067999999999,-88.62479,4.0,34.35239,0.18545820000000002
-10.217830000000001,-61.405030000000004,4.0,39.29844,0.3348083
-4.950106,-30.976329999999997,4.0,44.03218,0.3474699
-1.6871669999999999,3.0002590000000002,4.0,47.9598,0.08780849
-10.12899,32.033559999999994,4.0,26.432,-0.2484637
-28.397779999999997,42.92955,4.0,31.6222,0.1590645
-53.641040000000004,43.41333,4.0,36.67892,0.1843906
-82.73128,43.22814,4.0,41.67438,0.162918
-114.5668,40.64424,4.0,42.653209999999994,-0.4063986
-137.0911,37.23761,4.0,14.7444,-0.197001
-145.75,28.938390000000002,4.0,19.56365,0.4184205
-147.8473,12.59029,4.0,25.27534,0.2130114
-143.9536,-7.877128,4.0,30.97168,0.4153639
-142.0499,-32.49414,4.0,34.25045,-0.3691441
-152.7159,-50.5228,5.0,26.86235,0.2936219
-168.5576,-61.839780000000005,5.0,22.11789,-0.6500241
-160.3569,-69.5847,5.0,15.95457,-0.38450290000000004
-146.3276,-71.6074,5.0,23.11155,0.4307643
-127.7296,-76.72261,5.0,28.872009999999996,0.4018213
-110.435,-91.24764,5.0,32.962140000000005,0.09848812
-110.3236,-115.6161,5.0,33.70473,-0.10700510000000002
-125.3504,-132.6506,5.0,28.8625,-0.8519136
-141.0782,-126.6191,5.0,23.58601,0.2013049
-147.7065,-108.6149,5.0,28.573459999999997,0.3618814
-163.6603,-101.3707,5.0,18.64012,-1.335038
-164.5247,-112.8224,5.0,17.158160000000002,0.1740534
-167.0904,-128.5825,5.0,26.455790000000004,1.201842
-168.5215,-154.8512,5.0,44.17641,0.2111786
-164.8809,-189.8038,5.0,50.28185,0.2448804
-164.2929,-223.5251,5.0,31.299509999999998,-1.2933290000000002
-163.1512,-239.9876,5.0,18.75054,-0.4114428
-159.1754,-251.1045,5.0,14.95776,-0.05402271
-147.5839,-259.6498,5.0,24.563270000000003,0.2084152
-130.5279,-251.2381,5.0,31.75427,0.9399596
-125.571,-224.0906,5.0,41.60987,0.5043662
-128.7513,-198.2082,5.0,22.01734,-0.5221661
-124.5454,-185.3329,5.0,15.356910000000001,-0.22822089999999998
-111.2036,-182.8214,5.0,23.87472,0.5923436
-102.4646,-197.8954,5.0,27.862140000000004,0.3390634
-103.6293,-222.274,5.0,36.23591,0.2467117
-105.5424,-249.0143,5.0,33.30445,-0.5908462
-95.94901999999999,-268.0387,5.0,30.283540000000002,0.13224029999999998
-72.82083,-271.3744,5.0,34.25492,0.1372365
-52.80251,-256.2162,5.0,36.18743,0.1832915
-47.7846,-228.1836,5.0,40.76228,0.3606453
-41.61769,-196.9118,5.0,45.22023,0.1317172
-21.609360000000002,-169.3086,5.0,47.98012,-0.01112799
-3.238348,-156.285,5.0,14.1914,-0.3596125
3.998393,-151.2917,5.0,9.654154,-0.1509149
8.354508000000001,-147.4923,5.0,7.131695,0.5241614
12.60207,-140.9489,5.0,13.8976,0.2347587
11.127989999999999,-128.8056,5.0,19.90747,0.22163139999999998
1.119713,-115.12899999999999,5.0,25.769920000000003,0.1937075
-7.368450999999999,-95.80830999999999,5.0,31.24417,0.407474
-10.69374,-71.04109,5.0,36.333420000000004,0.1664912
-6.606256,-42.6302,5.0,41.194520000000004,0.1719504
-1.840932,-10.73654,5.0,45.87897,0.3274688
-4.029778,17.61467,5.0,28.512040000000002,-0.8406216999999999
-7.589534,27.08408,5.0,12.47101,1.135709
-14.55101,37.11183,5.0,19.64811,0.20766030000000002
-29.49258,44.21738,5.0,25.331429999999997,0.38342370000000003
-50.28132,45.2571,5.0,30.943590000000004,0.42903100000000005
-75.19981999999999,44.50269,5.0,36.333709999999996,0.3742712
-103.9632,42.713440000000006,5.0,41.33466,0.175906
-130.9476,39.79078,5.0,24.23265,-3.0810869999999997
-143.6061,31.945390000000003,5.0,23.04659,0.1887148
-148.0773,13.611920000000001,5.0,28.31702,0.3668376
-143.6702,-8.844475,5.0,33.63049,0.372498
-142.5614,-33.96833,6.0,29.846429999999998,-1.8752650000000002
-146.4654,-45.49644,6.0,13.918779999999998,1.040876
-156.3656,-54.13821,6.0,17.67144,-0.38589450000000003
-165.4838,-59.72993,6.0,12.288260000000001,-0.02430698
-162.265,-70.24115,6.0,21.00029,0.8248705
-143.4109,-71.58959,6.0,33.17086,0.4817915
-118.0699,-82.40204,6.0,42.03329,0.04534521
-111.0727,-107.6456,6.0,32.7478,-2.0750740000000003
-116.9541,-119.0923,6.0,10.75,0.2809197
-121.6031,-129.7736,6.0,19.172079999999998,-0.27209029999999995
-133.6912,-133.8145,6.0,20.43029,0.4161916
-144.3103,-121.7376,6.0,25.83745,0.5243894
-148.4732,-105.9726,6.0,10.02115,-2.101495
-153.3427,-102.1515,6.0,11.07268,0.6883016
-163.5532,-102.3489,6.0,15.56926,-0.1125472
-167.2545,-115.1785,6.0,24.0556,0.48396459999999997
-168.8399,-138.1268,6.0,37.50651,0.8730325999999999
-168.3815,-170.2519,6.0,48.80687,0.7276795
-164.7602,-209.3169,6.0,52.872440000000005,-0.7422201999999999
-163.1595,-244.14,6.0,39.26843,-0.5068884
-148.3181,-258.2375,6.0,24.098029999999998,-0.28638420000000003
-133.7141,-254.0146,6.0,19.876360000000002,0.4457072
-125.7608,-238.3537,6.0,27.091890000000003,0.39676609999999995
-125.8898,-216.3626,6.0,32.43835,0.3965448
-128.5693,-191.3284,6.0,30.3183,-1.508417
-118.992,-182.0541,6.0,19.43618,0.3729658
-105.8723,-190.1101,6.0,24.01738,0.3425776
-102.6023,-209.3186,6.0,29.254690000000004,0.1881412
-105.1158,-232.9605,6.0,34.69454,0.1925144
-103.6112,-260.259,6.0,38.68353,-0.05951574
-82.10345,-272.3727,6.0,32.231559999999995,-0.34722959999999997
-61.8229,-267.3064,6.0,24.53408,-0.2801929
-50.32636,-255.2651,6.0,26.99067,1.267249
-46.31398,-233.3251,6.0,32.78468,0.19455699999999998
-43.282759999999996,-207.2568,6.0,38.0406,0.3652086
-33.2015,-180.0229,6.0,40.851820000000004,0.08763616
-9.293823,-161.8235,6.0,33.32949,-2.57662
2.41298,-152.873,6.0,12.820739999999999,-0.33508000000000004
9.109672999999999,-146.7644,6.0,12.999880000000001,0.2758468
12.87539,-135.9332,6.0,19.84931,0.6004713
4.230839,-120.6568,6.0,30.05204,1.110424
-7.503035000000001,-96.32948,6.0,44.00186,1.0161950000000002
-9.123168,-59.02291999999999,6.0,56.594609999999996,0.8151338
-1.871543,-15.15255,6.0,61.6902,-0.6411861
-5.074084,19.287329999999997,6.0,26.3178,-3.0195950000000003
-11.81978,33.96568,6.0,22.90256,0.2197929
-28.88235,43.9108,6.0,32.677620000000005,0.9255062
-58.320190000000004,45.042590000000004,6.0,47.33487,0.5470235
-98.64616,43.2891,6.0,59.42225,-0.9699278
-124.7945,39.82594,6.0,14.90709,-0.22419009999999998
-134.753,37.775859999999994,6.0,16.87164,0.6543863
-146.6362,27.55718,6.0,24.74738,0.15798370000000003
-146.8827,7.349328999999999,6.0,30.11383,0.2030365
-142.0646,-16.5713,6.0,35.5089,0.3703215
-141.9594,-35.15473,7.0,8.068971000000001,0.5259941
-143.6797,-43.50009,7.0,14.82407,0.44292879999999996
-153.227,-52.047129999999996,7.0,20.63666,0.22031079999999997
-166.8698,-61.02929,7.0,21.62611,-0.3078283
-165.6522,-73.28628,7.0,15.60128,-0.02181664
-154.1572,-76.88206,7.0,18.63336,0.281096
-139.9397,-73.23411,7.0,20.57133,0.108329
-123.921,-76.1958,7.0,25.01535,0.5087225999999999
-109.795,-92.03548,7.0,31.38692,0.22335990000000003
-111.0393,-115.931,7.0,34.72683,0.1647672
-131.6189,-131.494,7.0,36.860659999999996,-0.368016
-147.6637,-122.9671,7.0,16.381439999999998,-0.9228733
-143.308,-115.5083,7.0,11.88408,0.8007379
-147.0677,-104.7046,7.0,16.61038,-0.07983755
-159.1975,-102.0518,7.0,20.420289999999998,0.128222
-166.3517,-114.4409,7.0,19.80611,-0.03163657
-166.1225,-130.8221,7.0,25.872870000000002,0.6226246999999999
-168.9622,-154.8568,7.0,39.81558,0.9683335
-169.8306,-189.0494,7.0,52.19716,0.4296598
-168.8304,-228.2827,7.0,48.56077,-0.8447935
-157.5488,-252.0107,7.0,28.317320000000002,-0.7875338000000001
-140.0954,-253.924,7.0,21.49569,-0.02395134
-126.8975,-244.5925,7.0,24.44247,0.46149830000000003
-125.9774,-222.8753,7.0,32.857209999999995,0.3855852
-126.1709,-196.585,7.0,38.094640000000005,0.36733649999999995
-118.3271,-179.6918,7.0,14.852839999999999,-0.5879635999999999
-110.3238,-187.2138,7.0,19.90564,0.3771943
-108.9641,-204.12400000000002,7.0,25.904139999999998,0.42193290000000006
-108.6438,-225.4256,7.0,31.57703,0.1930409
-106.007,-250.4571,7.0,36.29569,0.1255789
-87.60939,-270.4562,7.0,38.97654,0.14701129999999998
-60.0684,-267.3975,7.0,39.3161,0.003916504
-49.52349,-241.0751,7.0,40.98568,0.17176989999999998
-45.89733,-209.3306,7.0,44.9923,0.03057333
-25.46511,-182.2058,7.0,48.23077,0.14802320000000002
-0.6758724,-154.1539,7.0,51.94023,-0.8748627
9.082567,-129.0781,7.0,24.75548,-0.334347
-1.073023,-112.7665,7.0,30.288520000000002,0.3982823
-5.5615120000000005,-87.73683,7.0,42.29056,0.678147
-1.15152,-50.03334,7.0,59.66206999999999,1.196732
-1.7487139999999999,-1.543159,7.0,64.8303,-1.074482
-9.18018,36.40218,7.0,35.88735,-1.062325
-30.600990000000003,41.18813,7.0,34.64581,0.7062736999999999
-59.67604,40.48847,7.0,41.96172,0.3529373
-92.57151999999999,40.619170000000004,7.0,46.655409999999996,0.3367524
-128.6222,40.76157,7.0,48.57023,-0.7018696999999999
-147.4419,25.7114,7.0,28.180629999999997,0.15802170000000001
-145.3856,3.020547,7.0,33.318090000000005,0.1922886
-145.3958,-23.60889,7.0,38.541470000000004,0.3763849
-152.84,-51.21906,8.0,37.04513,-0.8254466999999999
-168.2233,-65.03988000000001,8.0,19.90611,-0.3461718
-158.9364,-78.42548000000001,8.0,27.347920000000002,0.1672628
-137.267,-77.10051999999999,8.0,31.964440000000003,0.2600504
-116.5665,-88.5248,8.0,34.68322,0.23052270000000002
-111.6715,-113.7978,8.0,36.94209,0.04598417
-131.3051,-131.6564,8.0,37.58567,-0.7083488
-146.6546,-127.8177,8.0,4.420621,-1.201804
-144.1058,-125.4893,8.0,8.525366,0.49994849999999996
-141.8739,-117.3242,8.0,15.029379999999998,0.23677510000000002
-148.6868,-106.0883,8.0,20.97097,0.4022259
-164.0401,-104.693,8.0,23.582620000000002,0.05100014
-167.2332,-122.1976,8.0,27.50453,0.4402121
-167.9246,-144.504,8.0,32.834509999999995,0.3918554
-171.24200000000002,-170.4665,8.0,37.82915,0.1679654
-169.2587,-200.3576,8.0,42.702690000000004,0.362101
-167.9607,-233.6688,8.0,46.96352,-0.0032164209999999997
-150.4198,-256.5812,8.0,36.20452,-0.6617672
-131.4282,-247.6538,8.0,28.59133,0.13761389999999998
-127.1277,-225.1335,8.0,33.964220000000005,0.1943615
-126.9088,-198.0449,8.0,38.94025,0.09666304
-116.8948,-179.5369,8.0,17.35726,-0.6685459
-108.12700000000001,-186.6884,8.0,19.05678,0.21152559999999998
-106.7928,-202.958,8.0,25.09481,0.42482840000000005
-106.1362,-223.7669,8.0,30.83645,0.1956372
-104.4428,-248.4891,8.0,35.92286,0.2862812
-88.4375,-269.8861,8.0,38.316829999999996,0.13418270000000002
-61.49683,-267.8883,8.0,38.87113,0.1887429
-47.903220000000005,-243.0136,8.0,40.813590000000005,0.15111870000000002
-45.196259999999995,-211.1699,8.0,45.3176,0.2285321
-26.950840000000003,-183.5773,8.0,47.0367,0.32976659999999997
-2.367136,-156.6597,8.0,51.11615,-0.07194277
8.418348,-127.0006,8.0,35.33574,-0.48165329999999995
-5.561224,-104.396,8.0,39.769490000000005,-0.2759058
-3.619267,-75.29422,8.0,41.90023,0.15772360000000002
-1.239787,-42.57063,8.0,46.47432,0.1461364
-1.6753209999999998,-6.498223,8.0,50.89905,0.3012138
-6.647772,30.912440000000004,8.0,44.89351,-2.133254
-24.313470000000002,42.66298,8.0,14.22441,-1.310409
-26.727940000000004,38.8424,8.0,8.106061,0.22919120000000004
-34.11477,38.30165,8.0,14.411529999999999,0.4429717000000001
-43.23382,47.48157,8.0,20.37882,0.09847652
-48.0278,48.58659,8.0,0.02844511,0.04153505
-48.112629999999996,48.28666,8.0,2.499425,0.4941282
-48.28725,45.09771,8.0,5.358668,-0.009844877
-47.18735,43.32165,8.0,2.015877,0.716001
-51.44048,45.866890000000005,8.0,11.230939999999999,0.647528
-62.83105,45.52695,8.0,19.82698,0.6105109000000001
-80.44473,43.405879999999996,8.0,27.92495,0.5638055000000001
-103.8482,42.41315,8.0,35.358670000000004,0.26719940000000003
-132.0629,42.360479999999995,8.0,39.91328,-0.08321248
-144.3308,18.515420000000002,8.0,40.598440000000004,0.7058476
-146.1235,-14.76625,8.0,48.73041,0.01005581
-142.004,-34.360690000000005,9.0,2.800709,-0.05682519
-142.6723,-37.63692,9.0,10.09365,0.6802393
-146.6336,-46.52882,9.0,13.282,-0.2099195
-153.5414,-51.98308,9.0,12.28631,0.6776177
-163.116,-55.234469999999995,9.0,12.45537,-0.12367339999999999
-166.9363,-61.974940000000004,9.0,10.62477,0.6788970999999999
-160.2676,-71.89267,9.0,20.833389999999998,-0.391324
-146.8483,-73.14355,9.0,16.54181,-0.1273715
-134.9536,-73.45573,9.0,20.05167,0.6506884000000001
-118.4639,-80.97052,9.0,25.75791,0.03339813
-108.2141,-97.04695,9.0,26.2264,-0.2336522
-108.0858,-112.4992,9.0,12.711210000000001,-0.18679679999999999
-110.8122,-120.7459,9.0,13.20907,1.034832
-119.494,-132.0642,9.0,20.97782,-0.1928118
-132.665,-134.6746,9.0,16.51588,-0.2693897
-142.3698,-127.7909,9.0,20.75771,1.020461
-148.3882,-110.3609,9.0,28.85855,0.3306642
-157.5741,-99.43344,9.0,14.83048,-0.19754539999999998
-165.1298,-104.6428,9.0,16.049129999999998,1.0755379999999999
-167.9994,-122.1661,9.0,31.302770000000002,0.9858683000000001
-168.9236,-150.1675,9.0,42.998979999999996,0.46835590000000005
-167.0178,-183.6403,9.0,47.15814,0.19894720000000002
-163.8412,-217.5403,9.0,42.3285,-0.599245
-161.97,-243.6265,9.0,27.70447,-0.24120429999999995
-151.5151,-257.7501,9.0,21.60083,-0.18392089999999997
-138.0973,-259.015,9.0,17.86515,0.5908051999999999
-127.3932,-244.82299999999998,9.0,31.79212,0.9801099
-125.92299999999999,-218.4016,9.0,36.1219,-0.4755906
-128.8013,-197.0776,9.0,18.49695,-1.540247
-126.92,-186.18599999999998,9.0,13.338339999999999,-0.2803496
-116.8256,-181.6627,9.0,19.28385,0.07393409
-105.3953,-187.40599999999998,9.0,15.65973,-0.1423174
-102.4639,-199.9972,9.0,24.11461,1.153059
-103.9211,-222.6364,9.0,35.60078,0.5913437
-105.7583,-249.9337,9.0,36.277879999999996,-0.2038492
-92.89839,-270.8073,9.0,32.6892,-0.1085068
-69.24229,-271.1816,9.0,32.445640000000004,-0.06309373
-52.00777,-255.5419,9.0,33.57515,0.3607382
-46.87888,-230.1732,9.0,36.12075,0.17773150000000001
-42.52791,-203.4854,9.0,35.36493,-0.0825699
-33.67665,-180.8304,9.0,30.50003,-0.48557910000000004
-18.716720000000002,-167.0848,9.0,24.74415,-0.1770918
-4.824144,-157.7506,9.0,20.965139999999998,-0.2921651
6.760667,-149.54,9.0,18.20288,0.138802
12.685830000000001,-135.7512,9.0,23.98846,0.26387209999999994
3.235172,-119.0088,9.0,28.85622,0.22737
-7.501988000000001,-100.2408,9.0,29.81581,0.05564694
-11.1987,-78.15075999999999,9.0,31.3828,0.159176
-9.363992,-53.4652,9.0,34.835159999999995,0.05564526
-4.770519,-27.545379999999998,9.0,36.129709999999996,0.08803003
-1.821061,-0.8596957000000001,9.0,34.73516,-0.5504451
-5.010665,19.94714,9.0,23.28811,-0.6253857
-11.04388,33.58882,9.0,21.06871,0.6922604
-27.15097,43.91782,9.0,29.88017,0.2501476
-51.76316,44.27303,9.0,36.92501,0.5367526
-81.86137,44.24191,9.0,43.93613,0.45190929999999996
-116.3977,41.57079,9.0,47.94043,-0.5793191999999999
-143.3217,33.32663,9.0,34.84364,0.09304303
-144.4558,8.466343,9.0,37.531279999999995,0.2620984
-142.1148,-21.24911,9.0,39.696979999999996,-0.6443393
-145.1742,-40.0294,10.0,16.485210000000002,-0.2376015
-152.6337,-51.49686,10.0,19.18966,-0.33164109999999997
-163.9506,-57.27126,10.0,15.30969,-0.3182538
-166.30200000000002,-66.53004,10.0,15.8468,0.32724790000000004
-155.8495,-73.22409,10.0,17.95076,0.07745836
-142.2951,-72.55757,10.0,17.75529,-0.1660025
-127.8639,-75.81691,10.0,25.04649,0.2732755
-111.412,-88.64838,10.0,31.829320000000003,0.21036820000000003
-108.2113,-113.4063,10.0,36.67288,-0.0829791
-119.9921,-130.7672,10.0,23.32931,-0.3667338
-134.8325,-133.2465,10.0,18.35905,-0.3500788
-144.1128,-123.8307,10.0,22.01963,0.6137326999999999
-148.8027,-106.9812,10.0,18.062479999999997,-3.053399
-152.2198,-102.8014,10.0,8.740721,0.5990171
-160.9128,-100.9443,10.0,15.966870000000002,0.4487736
-167.4252,-112.5268,10.0,22.28155,0.5202131
-168.6029,-131.6919,10.0,29.35026,0.5044354
-168.7655,-156.0052,10.0,35.14611,0.1005277
-167.8575,-183.4831,10.0,39.08959,0.09914266
-164.9527,-212.3106,10.0,36.53416,-0.30012059999999996
-163.6743,-236.5745,10.0,29.30433,-0.4842938
-156.8367,-253.9088,10.0,22.311429999999998,-0.44471459999999996
-142.1044,-259.7005,10.0,23.8613,0.0438697
-129.3373,-248.5074,10.0,25.6215,0.4422021
-124.6017,-229.0368,10.0,28.82405,0.21360949999999998
-127.1477,-207.1284,10.0,28.2264,-0.4714063
-127.9768,-192.0286,10.0,15.8574,-0.28018309999999996
-124.1126,-183.234,10.0,11.98473,0.2885952
-113.145,-182.5025,10.0,17.938660000000002,0.2181612
-103.6495,-190.9951,10.0,18.55369,0.1567984
-103.3828,-205.6371,10.0,21.0551,0.1691902
-104.4342,-221.646,10.0,21.76397,-0.01068027
-105.8969,-239.7312,10.0,27.95025,0.2021589
-103.2858,-261.2384,10.0,29.492179999999998,-0.1813365
-84.69013000000001,-272.6938,10.0,34.7899,0.22430529999999999
-58.44308,-265.53700000000003,10.0,38.49422,-0.1482454
-48.66701,-239.1105,10.0,41.67092,0.18222760000000002
-43.76813,-207.6697,10.0,41.46362,-0.6485546999999999
-33.98471,-182.1282,10.0,32.84005,-0.29067859999999995
-18.397879999999997,-167.3485,10.0,25.8895,-0.4215023
-6.589825,-159.0757,10.0,12.83475,-0.254806
3.438313,-151.9636,10.0,20.52642,-0.1391063
12.77568,-140.9288,10.0,21.74043,0.46237690000000004
6.912205,-123.4593,10.0,29.035459999999997,0.4894673
-6.453869,-104.3244,10.0,34.70639,0.21922979999999997
-10.44646,-79.77903,10.0,30.28425,-0.2541412
-8.919785000000001,-54.77178000000001,10.0,37.05766,0.21755929999999998
-4.788193,-25.248929999999998,10.0,43.18002,0.200296
-2.232646,8.562606,10.0,48.360209999999995,0.08899668
-15.6574,38.36833,10.0,42.58963,-0.07998867
-47.04583,45.00525,10.0,46.19429,0.18930650000000002
-83.3013,44.21455,10.0,51.58579,0.1715698
-121.5838,40.40641,10.0,46.14714,-1.532489
-147.0557,27.966479999999997,10.0,37.578990000000005,-0.3288822
-143.7435,1.0909799999999998,10.0,39.7104,0.3694519
-142.9924,-28.70825,10.0,35.88132,-0.7455954
-153.3951,-51.675509999999996,11.0,36.04957,0.1791174
-169.9863,-70.58216999999999,11.0,28.19817,-1.226802
-160.7266,-80.32645,11.0,19.83854,0.09539001
-147.7727,-69.91418,11.0,25.26432,0.1307174
-128.9042,-75.90314000000001,11.0,30.547290000000004,0.4878616
-112.1185,-91.5397,11.0,29.94231,0.261886
-110.9816,-115.735,11.0,34.84653,-0.1118363
-125.0143,-132.0306,11.0,27.330709999999996,0.1532706
-143.5272,-124.5706,11.0,31.03769,0.1277996
-146.8106,-104.4192,11.0,12.87503,-2.7421830000000003
-155.6924,-100.5497,11.0,19.671670000000002,0.6819917
-166.6669,-111.6138,11.0,25.31715,0.4135741
-166.0544,-132.7662,11.0,31.93465,0.5017377000000001
-168.4837,-158.6813,11.0,38.16826,0.43332209999999993
-166.1485,-189.0512,11.0,44.12749,0.21487689999999998
-163.5742,-223.5988,11.0,47.40896,-0.2032572
-157.4594,-252.4803,11.0,31.02103,-1.378156
-138.1402,-259.3745,11.0,30.47063,-0.4011841
-126.6684,-241.3105,11.0,32.81978,0.46350169999999996
-126.3085,-214.627,11.0,38.837959999999995,0.3694343
-126.6805,-187.9935,11.0,33.530120000000004,-1.097209
-110.39200000000001,-181.4603,11.0,24.60686,-0.3536747
-107.5776,-199.2669,11.0,28.2759,0.4796357
-105.6146,-222.33900000000003,11.0,34.354659999999996,0.21108339999999998
-106.6246,-249.9812,11.0,39.96368,0.11802160000000002
-88.85486,-271.874,11.0,39.099340000000005,-0.05475094
-59.76172,-266.4722,11.0,42.11854,-0.12848210000000002
-47.201609999999995,-239.055,11.0,43.85873,0.439762
-42.3194,-204.7634,11.0,49.45478,0.3652729
-24.68125,-172.3465,11.0,49.41346,-1.434316
-0.14417560000000001,-155.7749,11.0,33.57343,-1.3767989999999999
12.12421,-138.5982,11.0,24.87416,-0.5505956999999999
6.382347,-122.0913,11.0,26.75439,0.5088755
-5.66047,-103.6135,11.0,32.909890000000004,0.45280600000000004
-10.25333,-77.40588000000001,11.0,39.08498,0.4114691
-7.8664320000000005,-46.4271,11.0,44.83591,0.4053285
-2.087984,-11.63616,11.0,50.31236,0.16468039999999998
-6.79317,26.388709999999996,11.0,50.54142,-0.5005581
-33.61102,45.63834,11.0,46.13548,0.03197183
-69.54528,42.50438,11.0,51.247609999999995,0.39232290000000003
-109.3894,41.18974,11.0,55.28443000000001,-0.5584943
-143.1035,32.67427,11.0,42.688590000000005,-0.4106808
-147.3685,4.441018,11.0,41.38097,0.4298772
-142.4482,-27.45109,11.0,44.96224,-0.7454649999999999
-153.2069,-51.180679999999995,12.0,27.79764,-0.9409428
-168.6738,-62.530530000000006,12.0,25.790429999999997,-1.278778
-156.7166,-72.2032,12.0,25.44851,0.4613514
-135.5986,-72.31255999999999,12.0,31.80707,0.4072887
-113.8819,-85.19189,12.0,36.975640000000006,0.26888909999999994
-107.415,-111.4977,12.0,34.82935,-1.175825
-120.75200000000001,-128.4664,12.0,27.88174,-0.2618462
-137.7484,-132.4451,12.0,21.51442,0.8652738000000001
-146.344,-117.9008,12.0,27.09395,0.5244444
-154.5595,-101.2486,12.0,21.599320000000002,-0.5587711999999999
-166.7565,-106.7625,12.0,21.945999999999998,0.4300418
-167.153,-128.1474,12.0,35.13693,0.45533359999999995
-169.0019,-156.2718,12.0,40.89436,0.1923052
-166.6417,-188.7767,12.0,46.72327,0.42297049999999997
-164.5952,-225.3562,12.0,51.81718,0.04142319
-154.7351,-255.6847,12.0,36.06697,-1.41659
-134.9491,-253.2405,12.0,28.918359999999996,0.27375809999999995
-127.2269,-231.4734,12.0,34.15697,0.4646392
-126.8098,-204.4753,12.0,34.6811,-0.7309726
-123.1001,-181.9081,12.0,30.027790000000003,-0.30719440000000003
-106.7646,-186.7862,12.0,24.47924,-0.07608746
-110.2912,-206.12599999999998,12.0,29.724040000000002,0.21623579999999998
-109.4324,-230.6122,12.0,36.27644,0.4798749
-103.6986,-258.9878,12.0,41.65291,0.04161072
-79.04684,-271.6053,12.0,39.97891,0.1483669
-50.59938,-260.246,12.0,41.67565,-1.01936
-49.188390000000005,-235.1573,12.0,32.18013,-0.01139562
-52.96388,-219.2627,12.0,8.721794000000001,-1.2453530000000002
-53.30882,-215.16400000000002,12.0,2.738738,-0.6692929
-52.707330000000006,-216.3502,12.0,6.096653,0.2267313
-46.29785,-218.3304,12.0,13.40015,0.4348924
-41.96624,-208.77900000000002,12.0,13.62662,-0.2603782
-41.37092,-197.812,12.0,19.49428,0.5414565
-35.758179999999996,-181.8387,12.0,26.371879999999997,0.45298190000000005
-19.98767,-166.8571,12.0,32.77232,0.4724865
2.457981,-152.7788,12.0,37.533190000000005,-0.06409744
12.0079,-130.6677,12.0,28.70063,-0.1225951
-1.147492,-110.5369,12.0,39.764309999999995,0.5910781999999999
-10.62235,-77.42178,12.0,52.24228,0.3209243
-5.774918,-37.324009999999994,12.0,56.97964,0.3887171
-2.486281,5.812207,12.0,54.95466999999999,-1.7796759999999998
-11.55917,33.34329,12.0,34.55364,0.4259692
-34.62061,45.78638,12.0,38.24763,0.1285363
-64.8812,44.32517,12.0,43.83987,0.43789870000000003
-99.43496,43.0804,12.0,49.42313,0.4014164
-135.9009,38.48273,12.0,47.89156,0.04697042
-152.9531,17.981170000000002,12.0,18.018729999999998,-1.492211
-153.6074,12.60098,12.0,2.406688,0.6181993
-149.0027,11.46473,12.0,10.626560000000001,0.2558225
-146.4324,1.368969,12.0,18.2789,0.2669053
-144.1705,-14.777829999999998,12.0,25.54072,0.506966
-141.9108,-33.58265,13.0,3.8418919999999996,0.32899190000000006
-143.1478,-39.37846,13.0,12.07543,0.5493937
-149.9069,-48.80892,13.0,19.530279999999998,0.48629179999999994
-164.2856,-57.72945,13.0,25.951439999999998,0.6731396
-164.5801,-72.51715,13.0,18.07319,-0.3502136
-151.8369,-75.90191,13.0,20.88198,0.415264
-137.2469,-72.26380999999999,13.0,18.24871,-0.01852723
-121.2818,-76.30915999999999,13.0,26.04084,0.45054259999999996
-108.32700000000001,-92.75417,13.0,31.682990000000004,0.19390710000000003
-110.4448,-117.1631,13.0,36.00949,0.2606343
-132.5592,-132.4568,13.0,36.38239,-0.8578699000000001
-146.0287,-123.9523,13.0,11.21228,-1.8306959999999999
-140.885,-123.0401,13.0,10.76865,0.07977436
-139.381,-122.6542,13.0,5.209015,0.265945
-144.6564,-125.7562,13.0,9.707972999999999,-0.11211220000000001
-145.5202,-129.1569,13.0,0.6529222,0.395929
-144.4232,-125.41799999999999,13.0,9.815296,0.3270498
-140.1221,-116.0708,13.0,17.8832,0.5494587
-145.3994,-101.7544,13.0,24.60965,0.41517250000000006
-162.3046,-100.7644,13.0,23.03289,-0.44158240000000004
-167.226,-118.0752,13.0,29.396620000000002,0.5177634
-167.5794,-142.4177,13.0,36.33589,0.23936210000000002
-167.8338,-171.955,13.0,42.970909999999996,0.4622446
-167.9398,-206.0902,13.0,49.13542,0.2124257
-164.8212,-243.312,13.0,47.56321,-0.6436289000000001
-138.768,-257.23,13.0,37.34668,-1.6259430000000001
-127.5746,-239.5726,13.0,32.44059,0.3781913
-127.4758,-211.6518,13.0,41.31473,-0.05071587
-126.195,-187.232,13.0,17.44471,-1.062475
-117.3501,-181.417,13.0,16.369989999999998,0.26926469999999997
-106.4651,-190.4711,13.0,23.892979999999998,0.2565889
-105.33200000000001,-210.5246,13.0,30.831359999999997,0.5026885999999999
-108.088,-235.7491,13.0,37.435359999999996,0.35095909999999997
-97.20617,-262.7587,13.0,42.18528,0.1997411
-68.77096999999999,-271.6217,13.0,42.62893,-0.01169898
-49.88084,-248.6088,13.0,43.089490000000005,0.29082870000000005
-47.481640000000006,-215.0838,13.0,44.576859999999996,-1.2991549999999998
-34.28335,-186.6615,13.0,44.71261,0.1829433
-9.745821000000001,-161.1003,13.0,50.6567,0.4060709
9.854263000000001,-130.2483,13.0,45.71971,-0.22189629999999996
-3.126478,-106.501,13.0,32.42494,-0.33872420000000003
-7.941683,-86.5292,13.0,32.22353,0.5067991
-5.812915,-60.23243000000001,13.0,39.02422,0.4829529
-5.073353,-28.93273,13.0,45.42272,0.2064634
-3.763348,6.971697,13.0,51.38043,0.401336
-15.151029999999999,38.30093,13.0,36.50936,-0.9064030999999999
-33.46817,38.42107,13.0,15.602229999999999,-0.6900654
-35.09325,32.58469,13.0,0.08567388,-0.0061932309999999996
-35.14371,32.59169,13.0,0.05640313,-0.04208407
-34.98899,33.01485,13.0,3.339186,0.3099234
-33.8354,38.30341,13.0,10.92251,0.2372507
-32.29025,44.355259999999994,13.0,3.355832,-0.6965439
-32.70636,43.58951,13.0,5.398029,0.6074246
-38.80188,41.28255,13.0,13.081439999999999,0.5383485
-50.69834,44.65791,13.0,20.2604,0.5206184
-68.13497,44.540240000000004,13.0,26.8739,0.47659750000000006
-90.2194,41.9065,13.0,33.10371,0.409707
-116.8938,42.73402,13.0,38.71157,0.34735229999999995
-142.7254,30.497009999999996,13.0,38.18325,-0.05197179
-147.4444,2.68738,13.0,41.13297,0.1834907
-144.5774,-29.64596,13.0,45.92242,-0.005093877
-155.8259,-55.550090000000004,14.0,31.31871,-0.541032
-161.3671,-71.27421,14.0,23.9065,0.1916386
-142.9361,-75.60535,14.0,29.428790000000003,0.4585956
-120.8579,-82.30022,14.0,34.1086,0.34309059999999997
-109.4044,-105.2776,14.0,37.256370000000004,0.15788829999999998
-123.1281,-128.787,14.0,39.1566,0.04954825
-144.9009,-127.119,14.0,23.127370000000003,-0.6467856
-145.8237,-119.9745,14.0,1.471854,-0.1549541
-146.7305,-118.9452,14.0,1.8694540000000002,-0.01874118
-147.5401,-118.03200000000001,14.0,1.4442190000000001,0.16716070000000002
-149.3965,-117.2243,14.0,3.998204,-0.04307662
-150.7521,-117.3868,14.0,2.478212,0.33588190000000007
-146.7084,-114.2575,14.0,11.26101,0.3160168
-145.4597,-103.6348,14.0,18.686529999999998,0.42806990000000006
-158.7066,-97.00594,14.0,23.78957,0.12044080000000001
-168.0492,-111.9589,14.0,28.144709999999996,0.4491665
-166.2904,-135.3335,14.0,35.12761,0.5043448
-166.69799999999998,-163.873,14.0,41.90913,0.4924679
-167.2262,-197.2986,14.0,48.239740000000005,0.21265320000000001
-165.7289,-234.8571,14.0,50.01129,-1.391325
-147.984,-254.7454,14.0,24.64828,-1.119327
-141.7433,-251.5691,14.0,4.321487,-0.08136204
-140.8181,-249.2763,14.0,4.495698,0.227402
-134.9495,-248.4901,14.0,12.345260000000001,0.2201504
-125.4265,-251.7935,14.0,12.41458,-0.3297429
-120.9244,-246.0855,14.0,12.253169999999999,0.2550072
-124.0763,-233.8406,14.0,21.25721,0.544237
-126.7694,-215.4706,14.0,28.8545,0.5358708000000001
-127.5729,-191.4989,14.0,35.27921,-0.1597151
-111.8107,-179.4633,14.0,24.08146,-0.9496128
-105.4457,-196.1504,14.0,33.39493,0.6765041
-107.4357,-228.3957,14.0,53.433080000000004,1.296586
-93.71338,-265.4438,14.0,48.99403,-1.2736459999999998
-61.77932,-269.3667,14.0,45.98669,-0.4520722
-48.25242,-242.0476,14.0,44.0091,0.20052
-46.0339,-208.0793,14.0,48.348290000000006,0.13462879999999997
-24.20509,-177.7123,14.0,53.34036,0.3989663
4.3775260000000005,-148.2717,14.0,54.84118,-0.7582406
6.7111089999999995,-119.8968,14.0,28.59585,-0.6475948
-4.415138,-103.2282,14.0,29.80765,0.49106049999999996
-5.231021,-78.78328,14.0,36.51439,0.4798388
-2.9590419999999997,-49.33912,14.0,43.2118,0.4652531
-2.222875,-14.93186,14.0,49.48486,0.42644570000000004
-5.055944,23.27423,14.0,49.73772,-1.32056
-28.92926,42.81495,14.0,43.15372,0.04003792
-62.86628,40.37838,14.0,48.82027,0.47798640000000003
-101.2171,40.50431,14.0,54.65258000000001,0.1993817
-137.233,37.3105,14.0,38.27773,-1.16521
-145.0667,22.38481,14.0,6.872249000000001,-2.504317
-142.8359,23.52396,14.0,4.9752160000000005,-0.8900667999999999
-141.2381,25.536820000000002,14.0,1.653172,0.5814249
-144.1654,22.26985,14.0,9.062366,0.178045
-149.3849,21.965239999999998,14.0,2.556954,-0.7425286
-147.9182,21.08877,14.0,6.985612,0.3348131
-142.5361,14.68578,14.0,15.705,0.6113128000000001
-140.7924,0.2538273,14.0,23.85056,0.5848284
-142.5633,-20.2991,14.0,31.6222,0.5508374
-141.8598,-36.16883,1.0,5.931687999999999,0.2513471
-143.0267,-44.55876,1.0,15.95866,0.30478459999999996
-153.263,-55.00813,1.0,24.18795,0.31340029999999997
-162.6931,-70.4296,1.0,26.615270000000002,-0.1478409
-147.8858,-74.07855,1.0,24.653270000000003,0.46716610000000003
-136.019,-68.47321,1.0,7.1843699999999995,0.04624937
-135.8605,-68.27920999999999,1.0,0.02627655,0.0005116723
-135.8419,-68.28189,1.0,0.02510606,0.002668754
-135.8262,-68.28371,1.0,0.02923569,0.05476326
-136.0696,-70.38743000000001,1.0,4.640662,0.05980719
-135.6492,-73.66509,1.0,4.131329,-0.05959508
-136.5238,-76.20003,1.0,3.4180330000000003,-0.09092591
-135.6735,-75.73706,1.0,5.997964,0.32993520000000004
-128.0663,-75.42635,1.0,14.82593,0.6169854
-117.6772,-83.54626,1.0,22.26377,0.5938888000000001
-110.5649,-101.51799999999999,1.0,29.733620000000002,0.45158590000000004
-116.3483,-124.1826,1.0,35.111540000000005,0.16304670000000002
-139.3883,-132.118,1.0,29.94867,-1.330724
-145.2081,-117.8947,1.0,22.02078,0.2154607
-138.4578,-108.7079,1.0,0.01924438,-0.6051736
-138.4582,-108.7244,1.0,0.02543533,0.005629275
-138.4597,-108.7406,1.0,0.05474539,0.0847503
-141.6477,-108.1332,1.0,8.104553,0.09197565
-145.7075,-110.8036,1.0,1.016807,-1.002466
-144.6576,-108.3536,1.0,8.045002,0.3198828
-146.78799999999998,-99.9324,1.0,16.15461,0.4697153
-158.5141,-96.08453,1.0,15.9954,-0.3517935
-165.8991,-104.2797,1.0,20.18533,1.196442
-168.328,-124.2795,1.0,33.425959999999996,0.8222586999999999
-165.2355,-150.9273,1.0,40.99669,-0.06703614
-165.1995,-177.4489,1.0,32.403929999999995,-0.49939659999999997
-167.9512,-201.3407,1.0,38.753190000000004,1.474767
-166.4474,-230.3073,1.0,35.96666,-0.5152079
-156.6615,-249.5591,1.0,25.62681,-0.222723
-136.7502,-248.9948,1.0,30.0959,0.0333264
-121.7864,-235.2133,1.0,24.11637,-0.5784800999999999
-131.1191,-220.3964,1.0,23.454439999999998,-1.192812
-123.5272,-206.4015,1.0,19.90277,-0.5954406999999999
-124.811,-193.2704,1.0,17.126170000000002,-0.3632613
-119.6746,-184.245,1.0,17.79169,1.212308
-110.8611,-191.3177,1.0,15.9389,-0.13483779999999998
-110.0715,-202.0791,1.0,13.817379999999998,-0.03095823
-109.3504,-215.3002,1.0,21.97866,0.5559803000000001
-107.3654,-234.3143,1.0,29.595370000000003,0.5533923000000001
-100.7324,-257.6345,1.0,35.922909999999995,0.17069410000000002
-77.73861,-271.5167,1.0,39.13382,0.1236651
-54.482580000000006,-256.6568,1.0,39.66843,0.013508000000000001
-51.0646,-226.5513,1.0,43.68612,0.31323850000000003
-36.43734,-195.8074,1.0,48.73672,0.39907600000000004
-11.43087,-166.9469,1.0,54.43473,0.2024239
10.76569,-131.3917,1.0,56.8688,-0.6801186
10.67418,-105.8153,1.0,11.74255,-2.84997
9.810573,-104.274,1.0,0.5098085,-0.0523278
10.37705,-104.6495,1.0,3.895023,0.2341746
14.59164,-107.0706,1.0,8.605742,-0.05438128
18.51706,-106.9237,1.0,0.6042684,-0.521368
15.773229999999998,-107.7903,1.0,8.244665,0.6415089
7.568472,-111.6923,1.0,15.536420000000001,0.4244138
-0.278582,-104.556,1.0,19.82922,0.5267378
0.6096516,-87.44686999999999,1.0,26.49417,0.6146182
-4.854858999999999,-65.9649,1.0,33.293659999999996,0.48588760000000003
-5.917673000000001,-38.85194,1.0,39.967690000000005,0.47996980000000006
-6.351425,-6.9084,1.0,46.22616,0.4458356
-7.77343,28.572940000000003,1.0,44.3938,-0.5504726
-20.60548,44.67223,1.0,14.4507,-1.001149
-29.979809999999997,38.403729999999996,1.0,18.83981,0.4831736
-46.40572,39.27158,1.0,26.00187,0.2524863
-68.24545,39.56128,1.0,33.047290000000004,0.4990372
-95.24410999999999,39.75636,1.0,39.76941,0.47772840000000005
-126.8878,40.570209999999996,1.0,42.1416,-1.615653
-144.534,28.77777,1.0,19.36916,-1.627869
-139.2668,24.795360000000002,1.0,9.971466,0.3187643
-137.7517,24.24621,1.0,0.06118243,-0.0016105879999999998
-137.7516,24.20586,1.0,0.05034962,0.01716641
-140.5659,24.62125,1.0,7.674425,0.4264809
-147.8126,24.36719,1.0,10.07387,-0.8234986999999999
-151.2198,25.418110000000002,1.0,0.05483617,-0.1317764
-148.6669,23.6128,1.0,8.405073,0.5817723000000001
-147.7654,15.03524,1.0,15.736839999999999,0.48529579999999994
-151.7814,1.9379549999999999,1.0,21.82643,0.4321581
-147.3973,-16.131120000000003,1.0,28.43013,0.23690589999999997
-146.6607,-39.40853,2.0,34.08832,0.04360386
-163.79399999999998,-55.43198,2.0,32.32178,-0.5667793000000001
-161.9312,-72.44729,2.0,19.53058,-1.3891069999999999
-155.9753,-68.83736999999999,2.0,9.299114,0.45501959999999997
-155.6958,-68.52769,2.0,0.04823903,0.01077243
-155.7738,-68.80473,2.0,2.5756330000000003,0.5757949
-156.3156,-72.21601,2.0,5.051416000000001,-0.05045549
-156.9832,-75.14458,2.0,0.834224,-0.2901838
-154.6983,-73.29764,2.0,8.710228,0.3281111
-145.6921,-75.16436999999999,2.0,17.18402,0.5912535
-133.1647,-82.23403,2.0,19.17587,-0.1414259
-120.8602,-86.7396,2.0,19.69539,1.1221
-110.6901,-103.7271,2.0,31.568270000000002,-0.1043954
-119.4718,-124.6941,2.0,33.15623,-0.1119759
-140.7233,-129.1929,2.0,25.59621,-1.2691299999999999
-142.4212,-115.9508,2.0,22.33794,0.2829546
-142.468,-102.8804,2.0,18.9214,0.2088391
-157.2002,-103.0778,2.0,19.8327,-0.5800890000000001
-161.0027,-114.5741,2.0,16.584310000000002,0.104907
-164.0407,-127.5785,2.0,21.46889,1.425682
-165.3728,-146.5384,2.0,29.57915,0.5937204
-165.3897,-171.3656,2.0,37.12077,0.24672889999999997
-165.7722,-201.5056,2.0,44.211690000000004,0.4988192
-164.7945,-236.3179,2.0,43.30735,-4.171215
-153.5471,-251.3125,2.0,23.74717,0.4862233
-133.3535,-250.9058,2.0,30.59693,-0.01298157
-126.6983,-234.7048,2.0,25.77763,0.7425066
-125.7505,-212.4479,2.0,34.56185,0.21755529999999998
-125.2242,-187.5717,2.0,20.69699,-2.655573
-117.0912,-184.1759,2.0,14.30771,0.4572504
-110.7082,-194.4002,2.0,21.294810000000002,0.30527600000000005
-109.1729,-213.1964,2.0,29.35608,0.28569609999999995
-105.9912,-237.6118,2.0,36.87727,0.25852070000000005
-93.98116,-264.188,2.0,42.17096,0.08155286
-65.86816999999999,-267.6587,2.0,40.89627,0.21940810000000002
-48.73604,-243.46200000000002,2.0,42.34468,0.11361689999999999
-47.30194,-210.2748,2.0,47.67282,0.26496970000000003
-26.554170000000003,-180.5595,2.0,52.24738,0.21799899999999997
0.5109532,-149.8877,2.0,56.31137,-0.8199175999999999
7.665813000000001,-125.178,2.0,17.99783,-0.20642539999999998
-2.806742,-113.9268,2.0,24.60742,0.25699479999999997
-6.805042,-93.78976,2.0,31.77618,0.5587278
-6.71855,-67.47503,2.0,39.184090000000005,0.5194356
-6.859025,-35.83413,2.0,46.105740000000004,0.22965909999999998
-7.329708999999999,0.7580557,2.0,52.626580000000004,0.22005729999999998
-12.02641,37.61802,2.0,40.725229999999996,-2.313078
-25.7206,45.97728,2.0,4.9736769999999995,-2.6010310000000003
-25.6201,43.11905,2.0,8.166224,0.603215
-33.14502,40.04433,2.0,16.260379999999998,0.5768015999999999
-46.77871,46.35757,2.0,24.07402,0.4599614000000001
-66.9652,44.02766,2.0,31.4341,0.5454943
-92.96544,41.61067,2.0,38.8086,0.4990302
-124.2286,40.27695,2.0,45.62525,0.22100370000000003
-149.471,26.893209999999996,2.0,27.642640000000004,-2.05631
-149.3887,18.98476,2.0,2.883734,0.3577765
-144.525,17.88668,2.0,11.51585,0.30070399999999997
-145.3089,7.000030000000001,2.0,19.5181,0.29384099999999996
-150.648,-8.24635,2.0,25.41546,0.480633
-145.9796,-29.289140000000003,2.0,32.73338,0.24846210000000002
-143.1992,-39.955020000000005,3.0,11.5582,-0.06196538
-147.7573,-48.04602,3.0,16.968329999999998,0.4729215
-158.6353,-53.60483000000001,3.0,15.17044,-0.22591799999999998
-166.3968,-58.80217,3.0,11.23231,-0.2580754
-164.9697,-66.12689,3.0,11.71372,0.33591540000000003
-155.5263,-72.3907,3.0,19.60453,0.5681071999999999
-138.2047,-72.7737,3.0,27.224659999999997,0.4527724
-119.2277,-81.78835,3.0,26.44528,-0.4185710999999999
-108.8771,-96.30559000000001,3.0,25.36252,1.145757
-109.6928,-116.475,3.0,25.44656,-0.4047619
-119.5189,-129.7485,3.0,20.21258,-0.1550301
-135.5857,-133.174,3.0,23.41891,-0.6013784000000001
-144.3945,-117.5048,3.0,32.13264,0.8742353999999999
-156.0607,-103.63600000000001,3.0,16.95786,-0.4206508
-165.795,-110.9883,3.0,21.490170000000003,0.5520822
-168.476,-129.657,3.0,29.459940000000003,0.5583616
-169.6036,-154.1835,3.0,36.80917,0.5083955
-167.3282,-183.9207,3.0,43.743759999999995,0.2487224
-164.2575,-218.6768,3.0,49.91605,0.07601917
-159.5949,-252.3279,3.0,38.98452,-0.836059
-140.0077,-256.7939,3.0,25.863570000000003,1.338234
-126.0738,-239.9721,3.0,32.68354,0.2964345
-128.2294,-214.5922,3.0,37.552659999999996,-0.1654
-126.0162,-188.9214,3.0,31.606409999999997,-0.5348331000000001
-112.4108,-179.1275,3.0,22.14369,-0.4646467000000001
-110.0464,-193.9024,3.0,24.90326,0.4534309
-105.1929,-214.0838,3.0,31.78374,-0.2454828
-105.6826,-236.2068,3.0,27.46912,-0.07613816
-103.8459,-259.1042,3.0,36.037040000000005,0.2885213
-82.21085,-271.5133,3.0,36.7713,0.1674601
-62.08586,-268.7842,3.0,15.248470000000001,-1.1103100000000001
-56.2564,-266.7578,3.0,2.014185,-0.8127149
-57.05529,-267.3089,3.0,1.1563379999999999,-0.19352260000000002
-56.52486999999999,-266.8371,3.0,4.109692,0.5253608000000001
-53.497519999999994,-263.2643,3.0,7.677200999999999,0.060070500000000006
-48.53648,-263.2483,3.0,4.271153,-0.8588935999999999
-48.79502,-262.592,3.0,5.613013,0.6261107
-50.03566,-255.5632,3.0,13.91745,0.5786393
-46.74366,-242.7017,3.0,21.780379999999997,0.5541378
-43.89043,-224.0358,3.0,29.162709999999997,0.5059773
-41.05743,-199.9509,3.0,36.0951,0.44354040000000006
-26.43357,-176.8053,3.0,40.46566,0.4704691
-6.5721490000000005,-157.5971,3.0,27.106959999999997,-1.6818060000000001
6.583736,-147.2405,3.0,19.95372,-0.37405079999999996
11.83129,-135.8128,3.0,15.161579999999999,-0.14968620000000002
8.395586999999999,-124.8242,3.0,18.85533,0.5389685000000001
-1.560577,-111.48899999999999,3.0,26.15772,0.5149644
-8.879371,-90.7088,3.0,33.09198,0.2466007
-10.190610000000001,-63.92055,3.0,39.5181,0.4486639
-5.905101999999999,-32.50846,3.0,45.76913,0.23085789999999998
-3.422077,-0.485604,3.0,34.729690000000005,-2.639733
-4.641594,13.753039999999999,3.0,5.720192,-0.8484139
-5.3613919999999995,17.798560000000002,3.0,9.610358999999999,0.6258471999999999
-8.014051,27.721759999999996,3.0,17.968239999999998,0.5611149000000001
-18.23087,39.62696,3.0,25.13433,0.4775968
-38.35823,45.03345,3.0,31.740209999999998,0.5202445
-64.47522,44.69944,3.0,38.667590000000004,0.472236
-95.47847,42.92797,3.0,45.180690000000006,0.2261786
-128.9944,39.20523,3.0,42.65723,-0.622633
-150.2186,24.05346,3.0,33.7165,-0.6106965
-143.6172,0.4555849,3.0,34.94001,0.2187647
-144.8093,-27.53047,3.0,40.80294,0.22923070000000004
-150.6044,-52.473459999999996,4.0,22.63247,-1.092203
-164.4595,-55.28923,4.0,19.36266,-0.2744647
-164.9659,-67.64271,4.0,22.0698,0.2319205
-147.5479,-72.57508,4.0,28.49366,0.272183
-125.2343,-78.63148000000001,4.0,34.6763,0.1815243
-108.9339,-100.2127,4.0,39.32261,0.02364775
-117.5453,-125.8499,4.0,37.364740000000005,-0.0918391
-140.7233,-129.5269,4.0,31.61277,-0.1649493
-144.0691,-108.448,4.0,31.07575,-0.3584507
-155.2196,-98.9693,4.0,16.38251,0.28758449999999997
-165.6497,-109.4326,4.0,24.50737,0.44881850000000006
-169.2856,-129.9875,4.0,31.79465,0.2568421
-169.7091,-155.9534,4.0,38.53032,0.5059229000000001
-166.8452,-186.8614,4.0,45.10366,0.4787495
-163.6494,-222.2601,4.0,49.37218,-0.1300154
-159.52100000000002,-250.1342,4.0,21.44716,-0.2841718
-146.9235,-257.3065,4.0,21.83563,0.5584031
-131.398,-252.2895,4.0,25.72265,0.4266254
-125.3251,-231.3631,4.0,32.72262,0.41222309999999995
-128.6551,-205.3031,4.0,38.70279,0.1883112
-119.618,-179.1902,4.0,35.9239,-0.6167953
-100.0646,-183.3241,4.0,25.30482,-0.6365746999999999
-108.1206,-194.9785,4.0,23.354039999999998,0.4913355
-114.5549,-201.5497,4.0,0.03321559,-0.003434348
-114.555,-201.5543,4.0,0.01119608,0.009626181
-113.2007,-201.8009,4.0,4.48125,0.21504189999999998
-109.8416,-199.2151,4.0,4.933154,-0.6737595000000001
-109.6623,-198.6658,4.0,3.093328,0.26249290000000003
-108.8701,-203.5692,4.0,10.24202,0.4924599
-106.8298,-213.4939,4.0,16.92268,0.22874610000000004
-105.1586,-228.2555,4.0,23.14232,0.413792
-105.8277,-247.5758,4.0,28.786309999999997,0.3446617
-95.63725,-267.3557,4.0,32.55401,0.1643844
-71.72406,-270.8947,4.0,35.36227,0.29959509999999995
-50.864,-255.0804,4.0,36.89744,-0.09093261
-49.18714,-226.567,4.0,40.65208,0.2969178
-40.80318,-196.2658,4.0,44.79423,0.2858495
-19.08683,-170.4529,4.0,46.57027,-0.1846275
2.025976,-151.3042,4.0,24.12981,-1.033571
11.88899,-140.0245,4.0,17.06982,-0.491256
9.494557,-126.5287,4.0,23.81944,0.2013433
-2.5401740000000004,-110.9226,4.0,29.21443,0.3496741
-9.337455,-88.3737,4.0,34.41499,0.3674235
-10.19459,-61.12486,4.0,39.32615,0.1755142
-4.8929849999999995,-30.64684,4.0,44.08851,0.33204229999999996
-1.720105,3.34384,4.0,47.99405,0.20843699999999998
-10.2411,32.18755,4.0,26.450809999999997,0.12239860000000001
-28.627509999999997,42.976259999999996,4.0,31.678690000000003,0.3449251
-53.912769999999995,43.40289,4.0,36.742290000000004,0.37603949999999997
-83.04276,43.220459999999996,4.0,41.73146,0.3309205
-114.8804,40.60822,4.0,42.57705,-0.4543376
-137.1886,37.19955,4.0,14.67859,-0.4095297
-145.8099,28.806259999999998,4.0,19.6329,0.4147647
-147.8291,12.39953,4.0,25.3452,0.4074256
-143.9021,-8.107018,4.0,31.03837,0.3941077
-142.0877,-32.74893,4.0,34.12378,-0.739252
-152.8897,-50.630340000000004,5.0,26.91263,0.3010521
-168.5925,-61.99888000000001,5.0,21.90259,-1.267728
-160.2362,-69.5848,5.0,15.922629999999998,-0.1909047
-146.166,-71.64291,5.0,23.18481,0.45579480000000006
-127.5313,-76.80488000000001,5.0,28.903540000000003,0.194655
-110.3208,-91.47006999999999,5.0,32.99599,0.1953439
-110.412,-115.8532,5.0,33.66966,-0.20519899999999996
-125.5562,-132.69799999999998,5.0,28.720259999999996,-0.8687707
-141.1454,-126.4631,5.0,23.622629999999997,0.22618000000000002
-147.8294,-108.4404,5.0,28.63245,0.3525301
-163.7799,-101.4518,5.0,18.528470000000002,-0.6620508
-164.5271,-112.946,5.0,17.17824,0.12674000000000002
-167.1102,-128.7817,5.0,26.554159999999996,0.5989584
-168.5358,-155.1721,5.0,44.25396,0.46678580000000003
-164.8465,-190.1725,5.0,50.37238,0.5395359000000001
-164.2883,-223.7673,5.0,30.870240000000003,-2.447176
-163.1346,-240.1286,5.0,18.67998,-0.4146473
-159.1107,-251.1912,5.0,14.953120000000002,-0.02909888
-147.4092,-259.7018,5.0,24.63291,0.4077587
-130.4221,-251.0361,5.0,31.91245,0.9824364
-125.5967,-223.78799999999998,5.0,41.69385,0.5209121
-128.7524,-198.0453,5.0,21.93011,-0.5240622
-124.4626,-185.2555,5.0,15.28239,-0.43824840000000004
-111.0366,-182.8802,5.0,23.92207,0.29092929999999995
-102.4589,-198.1069,5.0,27.9798,0.6811013000000001
-103.656,-222.5359,5.0,36.25525,0.12160330000000001
-105.5267,-249.2603,5.0,33.25763,-0.2844879
-95.75459000000001,-268.1544,5.0,30.32866,0.27309190000000005
-72.57166,-271.3256,5.0,34.303670000000004,0.29245240000000006
-52.70081,-255.9681,5.0,36.21925,0.19301559999999998
-47.748470000000005,-227.8709,5.0,40.78996,0.1648654
-41.507529999999996,-196.5905,5.0,45.26704,0.2733009
-21.3383,-169.082,5.0,47.97785,-0.01439545
-3.149216,-156.2281,5.0,14.16182,-0.1799845
4.053376,-151.2491,5.0,9.603888000000001,-0.30396799999999996
8.395548,-147.4503,5.0,7.218131,0.4920434
12.6336,-140.8506,5.0,13.97374,0.4509111
11.06275,-128.6731,5.0,19.9786,0.41695299999999996
1.0130059999999999,-114.97200000000001,5.0,25.83568,0.39422840000000003
-7.429372,-95.58301999999999,5.0,31.27525,0.18880020000000003
-10.69027,-70.77596,5.0,36.39221,0.3550189
-6.543895,-42.331340000000004,5.0,41.25475,0.3650196
-1.8110979999999999,-10.39793,5.0,45.93237,0.3243696
-4.087714,17.809079999999998,5.0,28.340320000000002,-1.194666
-7.6273550000000006,27.16447,5.0,12.57167,0.6385781999999999
-14.661729999999999,37.208,5.0,19.71566,0.39637059999999996
-29.67955,44.254690000000004,5.0,25.39595,0.3800071
-50.51696,45.253240000000005,5.0,31.01073,0.3952942
-75.46165,44.49225,5.0,36.363609999999994,0.1924737
-104.2761,42.68042,5.0,41.39647,0.35789770000000004
-131.1278,39.76395,5.0,23.99149,-1.444764
-143.6987,31.796090000000003,5.0,23.11009,0.3684862
-148.0707,13.392520000000001,5.0,28.37748,0.3492063
-143.6219,-9.079929,5.0,33.66061,0.191348
-142.6008,-34.1882,6.0,29.32463,-2.8573
-146.5152,-45.588390000000004,6.0,14.00296,0.5138362
-156.4842,-54.17985,6.0,17.60363,-0.43899570000000004
-165.5235,-59.80816,6.0,12.285160000000001,-0.01931145
-162.1398,-70.34137,6.0,21.06469,0.383727
-143.1649,-71.57803,6.0,33.329840000000004,0.9380646999999999
-117.8306,-82.59238,6.0,42.04334,0.060432799999999995
-111.1876,-107.8577,6.0,32.35805,-2.3545380000000002
-116.9791,-119.1686,6.0,10.8108,0.36983499999999997
-121.6911,-129.8881,6.0,19.084239999999998,-0.5129053
-133.8366,-133.7779,6.0,20.5008,0.4453962
-144.3462,-121.5495,6.0,25.922629999999998,0.5147867
-148.5233,-105.91799999999999,6.0,9.861035000000001,-0.9782450999999999
-153.4162,-102.1114,6.0,11.13061,0.3487181
-163.6384,-102.4282,6.0,15.537410000000001,-0.18736789999999998
-167.2639,-115.351,6.0,24.2271,1.028359
-168.8535,-138.4022,6.0,37.57561,0.4297736
-168.3678,-170.6043,6.0,48.86476,0.36239709999999997
-164.722,-209.7063,6.0,52.800959999999996,-0.5728635
-163.1218,-244.4275,6.0,39.09594,-1.006848
-148.1395,-258.2416,6.0,24.0043,-0.5455944
-133.6015,-253.9271,6.0,19.953210000000002,0.4820209
-125.7255,-238.1446,6.0,27.12342,0.18428139999999998
-125.9297,-216.1203,6.0,32.46903,0.1882726
-128.5356,-191.1071,6.0,30.06206,-1.582234
-118.8522,-182.0548,6.0,19.4998,0.3916186
-105.7893,-190.2676,6.0,24.04486,0.1687406
-102.6107,-209.52599999999998,6.0,29.321820000000002,0.4135207
-105.1438,-233.2162,6.0,34.76057,0.3958178
-103.5095,-260.5228,6.0,38.67693,-0.04118232
-81.86549000000001,-272.3348,6.0,32.11828,-0.6475879
-61.64771,-267.2452,6.0,24.44417,-0.5235310000000001
-50.2649,-255.0695,6.0,27.18242,1.130801
-46.275690000000004,-233.0811,6.0,32.85106,0.38825570000000004
-43.252990000000004,-206.9765,6.0,38.1006,0.3625132
-32.995059999999995,-179.8091,6.0,40.85957,0.04844121
-9.099956,-161.6717,6.0,33.12466,-1.27867
2.485743,-152.8172,6.0,12.763580000000001,-0.3562866
9.169798,-146.6916,6.0,13.02245,0.1418936
12.86941,-135.7903,6.0,19.89891,0.3119177
4.070421,-120.493,6.0,30.232979999999998,1.063542
-7.5649429999999995,-96.00918,6.0,44.08232,0.4938565
-9.099653,-58.61694,6.0,56.7345,0.8910582
-1.81245,-14.689379999999998,6.0,61.617290000000004,-0.43444620000000006
-5.135344,19.47537,6.0,26.08439,-1.418241
-11.9206,34.10732,6.0,22.979429999999997,0.443905
-29.15397,43.96867,6.0,32.7515,0.3948981
-58.671369999999996,45.02872,6.0,47.51614,1.083966
-99.09453,43.26194,6.0,59.3421,-0.47826270000000004
-124.9059,39.80291,6.0,14.84651,-0.3483986
-134.8759,37.74427,6.0,17.0868,1.265843
-146.6873,27.38093,6.0,24.80145,0.3216127
-146.8543,7.126200999999999,6.0,30.182609999999997,0.3976515
-142.0119,-16.83501,6.0,35.537459999999996,0.1716065
-141.9633,-35.21589,7.0,8.153857,0.5010509
-143.7243,-43.60058,7.0,14.86098,0.23379070000000002
-153.372,-52.102109999999996,7.0,20.70899,0.4220349
-166.9456,-61.16315,7.0,21.51819,-0.657854
-165.5727,-73.37379,7.0,15.59684,-0.02643876
-154.0211,-76.85874,7.0,18.65541,0.13509110000000002
-139.7878,-73.2207,7.0,20.60836,0.21907510000000002
-123.7546,-76.28599,7.0,25.18132,0.9682514999999999
-109.7116,-92.25145,7.0,31.422390000000004,0.2163259
-111.1612,-116.1724,7.0,34.75394,0.1559948
-131.8822,-131.5409,7.0,36.82827,-0.2025271
-147.6602,-122.8416,7.0,16.24026,-0.8171654
-143.2797,-115.4196,7.0,12.02212,0.7965730999999999
-147.1595,-104.6222,7.0,16.58568,-0.1470589
-159.3352,-102.1076,7.0,20.46357,0.2585036
-166.3548,-114.5907,7.0,19.800720000000002,-0.03185224
-166.1387,-131.0078,7.0,25.98045,0.6741226
-168.9865,-155.1387,7.0,39.89349,0.5081701
-169.8373,-189.4446,7.0,52.341390000000004,0.8383216999999998
-168.7846,-228.6435,7.0,48.42078,-0.8285173000000001
-157.3716,-252.1122,7.0,28.181820000000002,-0.8542934999999999
-139.9389,-253.8946,7.0,21.49454,-0.007101303000000001
-126.8335,-244.4231,7.0,24.48187,0.24464090000000002
-125.9814,-222.6252,7.0,32.888729999999995,0.1905469
-126.1664,-196.3027,7.0,38.1453,0.3056489
-118.2158,-179.6792,7.0,14.755239999999999,-0.5775577
-110.2911,-187.3565,7.0,19.94051,0.2658394
-108.958,-204.3135,7.0,25.9383,0.2118987
-108.6393,-225.6584,7.0,31.64432,0.40217470000000005
-105.9171,-250.7068,7.0,36.33997,0.2657041
-87.34655,-270.5703,7.0,38.998709999999996,0.1316132
-59.84992,-267.2208,7.0,39.31555,-0.003487328
-49.51395,-240.7626,7.0,41.047059999999995,0.3557348
-45.790420000000005,-209.0243,7.0,45.00525,0.07866287
-25.22144,-181.95,7.0,48.28515,0.325388
-0.45097370000000003,-153.8542,7.0,51.63728,-1.801193
9.056744,-128.9038,7.0,24.6429,-0.6842615
-1.203838,-112.5775,7.0,30.35187,0.37464990000000004
-5.530746,-87.41855,7.0,42.51755,1.320776
-1.121171,-49.59948,7.0,59.75169,0.5590261
-1.769019,-1.072562,7.0,64.74622,-0.5239649000000001
-9.353823,36.610240000000005,7.0,35.58354,-1.762577
-30.86267,41.16373,7.0,34.8772,1.342711
-59.98692,40.48466,7.0,42.0205,0.3545607
-92.91708,40.62853,7.0,46.710190000000004,0.330554
-128.9774,40.707,7.0,48.45203,-0.7283708000000001
-147.4522,25.50289,7.0,28.19427,0.08380963
-145.3765,2.773664,7.0,33.38447,0.3917452
-145.4083,-23.891560000000002,7.0,38.60202,0.3728386
-153.039,-51.41041,8.0,36.98104,-0.3937639
-168.2511,-65.17989,8.0,19.884629999999998,-0.13468929999999998
-158.7404,-78.47706,8.0,27.375890000000002,0.1702685
-136.9887,-77.09604,8.0,32.00284,0.1964783
-116.4113,-88.73281999999999,8.0,34.72023,0.2193288
-111.7511,-114.0621,8.0,36.944759999999995,0.01617073
-131.5844,-131.7134,8.0,37.44599,-0.8198228000000001
-146.6678,-127.7757,8.0,4.2414879999999995,-0.7939079000000001
-144.0629,-125.4431,8.0,8.566121,0.24781420000000004
-141.8925,-117.2129,8.0,15.10554,0.44533540000000005
-148.8085,-105.9845,8.0,21.03501,0.3748302
-164.1702,-104.8096,8.0,23.592,0.05694978
-167.2108,-122.3985,8.0,27.53805,0.20593289999999997
-167.9697,-144.7397,8.0,32.86562,0.193433
-171.2363,-170.7535,8.0,37.88557,0.3235475
-169.2475,-200.6679,8.0,42.73075,0.17525120000000002
-167.9173,-234.0019,8.0,46.95897,-0.02901984
-150.1515,-256.6304,8.0,36.0299,-1.034733
-131.3082,-247.4741,8.0,28.61482,0.14044890000000002
-127.1361,-224.8753,8.0,34.02988,0.38239609999999996
-126.8863,-197.7542,8.0,38.95565,0.0912085
-116.7717,-179.5204,8.0,17.23715,-0.7431287
-108.0911,-186.8252,8.0,19.12659,0.41536579999999995
-106.7873,-203.1439,8.0,25.16581,0.4280085999999999
-106.1269,-223.9997,8.0,30.90405,0.394422
-104.3812,-248.7543,8.0,35.97025,0.28008
-88.18697,-270.0142,8.0,38.3386,0.1301032
-61.26172,-267.7238,8.0,38.88534,0.08780067
-47.86915,-242.7198,8.0,40.8693,0.3308176
-45.1379,-210.8512,8.0,45.35434,0.23064229999999997
-26.69169,-183.3312,8.0,47.09064,0.31551890000000005
-2.14293,-156.3601,8.0,51.10794,-0.05082044
8.367102000000001,-126.7447,8.0,35.17664,-0.9435896
-5.67299,-104.1154,8.0,39.746140000000004,-0.1382236
-3.5682739999999997,-74.98048,8.0,41.95738,0.33316609999999997
-1.237814,-42.23839,8.0,46.528929999999995,0.3370875
-1.6819400000000002,-6.136977,8.0,50.94976,0.31921009999999994
-6.801893,31.20645,8.0,44.7207,-1.053621
-24.416929999999997,42.644040000000004,8.0,13.82006,-2.121705
-26.7584,38.79181,8.0,8.184839,0.47720690000000004
-34.19958,38.36005,8.0,14.487860000000001,0.47830730000000005
-43.35698,47.55962,8.0,20.38094,0.01355264
-48.02763,48.5866,8.0,0.02544669,-0.01860307
-48.117940000000004,48.26943,8.0,2.5412060000000003,0.2653281
-48.275859999999994,45.05907,8.0,5.349021,-0.05606963
-47.19935,43.33113,8.0,2.0715169999999996,0.3352703
-51.52048,45.89315,8.0,11.33714,0.6322456999999999
-62.97662,45.50657,8.0,19.876070000000002,0.3011683
-80.65455,43.37577,8.0,27.971040000000002,0.2805747
-104.1094,42.43737,8.0,35.44693,0.522207
-132.3336,42.24215,8.0,39.88673,-0.1560473
-144.3123,18.21634,8.0,40.714859999999994,0.7077722
-146.162,-15.11169,8.0,48.71971,-0.06712864
-142.0067,-34.38053,9.0,2.79083,-0.06258252
-142.6924,-37.71075,9.0,10.20248,0.641107
-146.6914,-46.61107,9.0,13.246170000000001,-0.2071958
-153.6251,-52.01471,9.0,12.34263,0.3535115
-163.1953,-55.28289,9.0,12.41424,-0.24281710000000004
-166.9355,-62.054030000000004,9.0,10.74538,0.7281465
-160.1266,-71.9679,9.0,20.80132,-0.1900737
-146.7261,-73.1293,9.0,16.50125,-0.2364118
-134.8003,-73.48688,9.0,20.2656,1.211222
-118.3154,-81.09328000000001,9.0,25.77143,0.07939865
-108.1652,-97.23098,9.0,26.206,-0.1277457
-108.1075,-112.5887,9.0,12.6794,-0.1949066
-110.8511,-120.8346,9.0,13.29936,0.5909339
-119.6232,-132.1502,9.0,20.91626,-0.36341979999999996
-132.7871,-134.6485,9.0,16.4699,-0.27092259999999996
-142.445,-127.6637,9.0,20.91558,0.9694450000000001
-148.4531,-110.1568,9.0,28.9796,0.7161584
-157.6859,-99.41758,9.0,14.76555,-0.3709902
-165.2062,-104.8243,9.0,16.31907,0.9806954999999999
-168.0156,-122.3861,9.0,31.470809999999997,1.086833
-168.9335,-150.4736,9.0,43.07608,0.49998159999999997
-166.9797,-183.9974,9.0,47.17265,0.08727204
-163.8157,-217.8575,9.0,42.280570000000004,-0.2890808
-161.929,-243.8192,9.0,27.621979999999997,-0.5137335
-151.3769,-257.8307,9.0,21.54186,-0.3416686
-137.9816,-258.9545,9.0,17.96852,0.6302552
-127.3059,-244.5732,9.0,31.967209999999998,1.0546
-125.9619,-218.1339,9.0,36.03825,-0.5250563
-128.8019,-196.9421,9.0,18.23961,-1.559251
-126.8731,-186.0992,9.0,13.29183,-0.28457709999999997
-116.6797,-181.6721,9.0,19.31009,0.15642520000000001
-105.3307,-187.502,9.0,15.61341,-0.2515412
-102.4607,-200.1806,9.0,24.30661,1.13307
-103.9524,-222.8896,9.0,35.69849,0.6077831
-105.7207,-250.1996,9.0,36.26061,-0.1071147
-92.67397,-270.9122,9.0,32.67948,-0.057940099999999994
-69.02117,-271.1048,9.0,32.4396,-0.03836694
-51.91642,-255.3087,9.0,33.63196,0.3429345
-46.839009999999995,-229.9111,9.0,36.13349,0.07878807
-42.47685,-203.2217,9.0,35.33964,-0.14382479999999997
-33.54291,-180.6519,9.0,30.42094,-0.48278059999999995
-18.56774,-166.9785,9.0,24.686,-0.3432604
-4.647293,-157.6358,9.0,20.915689999999998,-0.2197491
6.860646000000001,-149.4493,9.0,18.227529999999998,0.147964
12.67337,-135.5689,9.0,24.02906,0.2386203
3.088447,-118.8533,9.0,28.87375,0.10774389999999999
-7.563186,-100.0286,9.0,29.81959,0.02320082
-11.21011,-77.9202,9.0,31.44037,0.34639109999999995
-9.326611999999999,-53.208580000000005,9.0,34.857479999999995,0.13176960000000001
-4.723928,-27.282490000000003,9.0,36.14193,0.07334768
-1.823305,-0.5981083,9.0,34.649159999999995,-0.5080029
-5.050377,20.11279,9.0,23.23659,-0.3164774
-11.14082,33.712270000000004,9.0,21.30697,1.434375
-27.36525,43.976259999999996,9.0,29.96513,0.5062509
-52.03783,44.25373,9.0,36.96669,0.2551585
-82.17399,44.24295,9.0,44.01352,0.4843064
-116.7476,41.53074,9.0,47.88647,-0.334438
-143.4842,33.13792,9.0,34.84813,0.02945297
-144.3825,8.19466,9.0,37.62012,0.522287
-142.1434,-21.54601,9.0,39.474740000000004,-1.29473
-145.2129,-40.14094,10.0,16.46479,-0.1292181
-152.7464,-51.58312,10.0,19.13428,-0.329085
-164.0425,-57.339580000000005,10.0,15.28399,-0.1584557
-166.2527,-66.63935,10.0,15.95505,0.6424085
-155.7136,-73.22473000000001,10.0,17.96321,0.072041
-142.1648,-72.56563,10.0,17.72716,-0.17007429999999998
-127.6871,-75.8855,10.0,25.139470000000003,0.5454906999999999
-111.2865,-88.85175,10.0,31.899929999999998,0.41289490000000006
-108.2741,-113.6754,10.0,36.62632,-0.2703109
-120.1403,-130.849,10.0,23.26725,-0.3788637
-134.9634,-133.2104,10.0,18.30007,-0.3499179
-144.1646,-123.6763,10.0,22.12217,0.6012287
-148.8662,-106.8613,10.0,17.55576,-3.006462
-152.2708,-102.7613,10.0,8.78893,0.29502890000000004
-161.0273,-100.9875,10.0,16.00225,0.21099610000000002
-167.4403,-112.6888,10.0,22.32369,0.2627291
-168.6138,-131.90200000000002,10.0,29.390340000000002,0.25454570000000004
-168.755,-156.27100000000002,10.0,35.15175,0.03358508
-167.8338,-183.7727,10.0,39.1218,0.1905306
-164.9312,-212.5844,10.0,36.43881,-0.5581568
-163.6576,-236.7957,10.0,29.22274,-0.48195790000000005
-156.7209,-254.0263,10.0,22.23666,-0.4497956
-141.9284,-259.6849,10.0,23.863970000000002,0.01642938
-129.2604,-248.3336,10.0,25.693479999999997,0.43188770000000004
-124.60600000000001,-228.8205,10.0,28.84052,0.10039169999999999
-127.1672,-206.9111,10.0,28.14957,-0.44631000000000004
-127.9741,-191.9101,10.0,15.83172,-0.1693006
-124.0377,-183.1906,10.0,12.03791,0.33310559999999995
-113.01299999999999,-182.5346,10.0,17.95393,0.09126037
-103.6141,-191.1274,10.0,18.566270000000003,0.07791509
-103.3913,-205.7871,10.0,21.068929999999998,0.09020538
-104.4459,-221.8068,10.0,21.76233,-0.009650134
-105.9094,-239.9424,10.0,28.01373,0.36825990000000003
-103.1957,-261.4242,10.0,29.459770000000002,-0.2056357
-84.43221,-272.6978,10.0,34.87072,0.4777081
-58.2238,-265.355,10.0,38.46607,-0.17056870000000002
-48.62891,-238.804,10.0,41.73833,0.398391
-43.70608,-207.3637,10.0,41.35765,-0.6316632
-33.849540000000005,-181.9315,10.0,32.73987,-0.630616
-18.23832,-167.2349,10.0,25.81792,-0.4130595
-6.510003,-159.0205,10.0,12.79161,-0.2555235
3.5607269999999995,-151.8706,10.0,20.481170000000002,-0.2642595
12.82596,-140.7741,10.0,21.894289999999998,0.903135
6.752421000000001,-123.3068,10.0,29.07384,0.2305386
-6.531966000000001,-104.0892,10.0,34.78217,0.46686930000000004
-10.4479,-79.55471,10.0,30.36463,0.47376260000000003
-8.889610000000001,-54.491780000000006,10.0,37.1352,0.44038900000000003
-4.733944999999999,-24.946360000000002,10.0,43.25349,0.45415479999999997
-2.2654509999999997,8.919298,10.0,48.366659999999996,0.03930426
-15.918520000000001,38.54523,10.0,42.58292,-0.04143849
-47.38828,44.985440000000004,10.0,46.26149,0.39704409999999996
-83.6834,44.20197,10.0,51.64844,0.37232209999999993
-121.927,40.36736,10.0,45.90125,-1.344675
-147.1741,27.72277,10.0,37.52424,-0.3269545
-143.6602,0.8178416000000001,10.0,39.73979,0.18518420000000002
-143.0501,-28.966520000000003,10.0,35.62487,-1.579513
-153.5885,-51.8686,11.0,36.06326,0.08175035
-170.0035,-70.78648000000001,11.0,27.993170000000003,-1.270537
-160.5915,-80.26843000000001,11.0,19.87313,0.2041645
-147.5916,-69.86044,11.0,25.30611,0.24704009999999998
-128.7154,-76.02811,11.0,30.586370000000002,0.2444887
-112.0056,-91.73583,11.0,30.0476,0.6109204
-111.0723,-115.9803,11.0,34.81061,-0.2110388
-125.2013,-132.1026,11.0,27.38567,0.33063170000000003
-143.6166,-124.3605,11.0,31.05128,0.08372694
-146.8685,-104.3418,11.0,12.648589999999999,-1.355145
-155.8347,-100.5554,11.0,19.72754,0.3534352
-166.6866,-111.7996,11.0,25.38551,0.4116531
-166.0628,-133.0107,11.0,32.01232,0.4533116
-168.4866,-158.9649,11.0,38.2022,0.20723089999999997
-166.1144,-189.382,11.0,44.20218,0.43783540000000004
-163.5495,-223.9674,11.0,47.34179,-0.3811494
-157.3321,-252.6602,11.0,30.788420000000002,-1.4591100000000001
-137.9236,-259.3097,11.0,30.4269,-0.2680127
-126.62100000000001,-241.0676,11.0,32.89608,0.4526998
-126.3505,-214.332,11.0,38.91288,0.4379071
-126.5951,-187.7554,11.0,33.437540000000006,-0.5607382
-110.2493,-181.5735,11.0,24.57791,-0.176478
-107.5835,-199.4774,11.0,28.312040000000003,0.22313720000000004
-105.6275,-222.5877,11.0,34.42957,0.4486226
-106.5706,-250.2732,11.0,40.005829999999996,0.24977539999999998
-88.572,-271.9365,11.0,39.09248,-0.04265757
-59.50816,-266.2998,11.0,42.09361,-0.1516162
-47.14346,-238.7285,11.0,43.93015,0.4230494000000001
-42.24857,-204.3966,11.0,49.51142,0.3349514
-24.40286,-172.1096,11.0,49.297470000000004,-0.7185361
0.051748800000000005,-155.6224,11.0,33.46376,-0.6770343000000001
12.14562,-138.4221,11.0,24.77506,-0.6297590999999999
6.25413,-121.9337,11.0,26.836140000000004,0.47907559999999993
-5.739286,-103.3747,11.0,32.98237,0.4264062
-10.270660000000001,-77.1254,11.0,39.11817,0.2150574
-7.808917,-46.107620000000004,11.0,44.86793,0.2018581
-2.060498,-11.27507,11.0,50.37372,0.37500290000000003
-6.931738,26.735490000000002,11.0,50.368,-1.028844
-33.95272,45.64318,11.0,46.15214,0.09936015
-69.92331,42.48242,11.0,51.27763,0.1851372
-109.8065,41.16955,11.0,55.09268,-1.099664
-143.3241,32.46439,11.0,42.65332,-0.22070429999999996
-147.2635,4.144566,11.0,41.412290000000006,0.18969270000000002
-142.4795,-27.76728,11.0,44.83348,-0.808773
-153.3898,-51.27406,12.0,27.64573,-0.9237165
-168.6931,-62.720769999999995,12.0,25.68785,-0.6301276
-156.5324,-72.18726,12.0,25.52709,0.48013240000000007
-135.3702,-72.36761,12.0,31.8405,0.2107851
-113.7105,-85.39565,12.0,36.99664,0.1316163
-107.4826,-111.7396,12.0,34.73214,-0.6114669
-120.9181,-128.5783,12.0,27.79287,-0.5485474
-137.8986,-132.3956,12.0,21.68028,1.032155
-146.3587,-117.7019,12.0,27.1772,0.5055814000000001
-154.711,-101.1884,12.0,21.55239,-0.2801348
-166.8089,-106.9206,12.0,22.09398,0.866676
-167.1448,-128.4106,12.0,35.1726,0.2181053
-168.9938,-156.5794,12.0,40.96128,0.3926575
-166.6239,-189.1225,12.0,46.75525,0.19383599999999998
-164.5785,-225.7483,12.0,51.81896,0.01011452
-154.5181,-255.8417,12.0,35.9499,-0.7369697
-134.8096,-253.0779,12.0,28.940929999999998,0.1426098
-127.1826,-231.2103,12.0,34.23526,0.45601909999999996
-126.8595,-204.2278,12.0,34.627959999999995,-0.3308494
-122.9188,-181.78,12.0,29.92758,-0.5884661999999999
-106.7272,-186.9584,12.0,24.45784,-0.1299015
-110.3057,-206.3507,12.0,29.80175,0.4579808
-109.4068,-230.8864,12.0,36.31288,0.21784650000000003
-103.5664,-259.2694,12.0,41.66648,0.08049671
-78.75997,-271.5666,12.0,40.035,0.34279149999999997
-50.39544,-260.0151,12.0,41.47871,-1.194365
-49.33368,-234.9684,12.0,32.1831,0.01757686
-52.95375,-219.1989,12.0,8.529625,-1.149385
-53.31228,-215.1444,12.0,2.611438,-0.7667861999999999
-52.68456,-216.3883,12.0,6.219469,0.7459210000000001
-46.207609999999995,-218.2851,12.0,13.47209,0.414576
-41.95952,-208.6789,12.0,13.58199,-0.2723853
-41.35651,-197.6652,12.0,19.53677,0.2541724
-35.654740000000004,-181.678,12.0,26.44872,0.4765207
-19.78058,-166.722,12.0,32.80859,0.21729450000000003
2.674639,-152.5843,12.0,37.51282,-0.11657999999999999
11.95111,-130.4579,12.0,28.664479999999998,-0.21016239999999997
-1.30903,-110.2815,12.0,39.96283,1.154121
-10.634,-77.0349,12.0,52.29296,0.3055373
-5.695313,-36.90043,12.0,57.043040000000005,0.36419250000000003
-2.516655,6.202177,12.0,54.6524,-1.926311
-11.719380000000001,33.55206,12.0,34.622890000000005,0.4132617
-34.89954,45.799009999999996,12.0,38.29452,0.28209
-65.20599,44.33286,12.0,43.91114,0.42854780000000003
-99.80261999999999,43.03771,12.0,49.48895,0.3951648
-136.2453,38.38824,12.0,47.8928,0.00751156
-152.93,17.85061,12.0,17.8553,-0.9782078000000002
-153.5898,12.60485,12.0,2.460807,0.3319187
-148.9463,11.41323,12.0,10.71513,0.539956
-146.4319,1.229994,12.0,18.37056,0.5350709
-144.1325,-14.960579999999998,12.0,25.62582,0.5124131
-141.9135,-33.61142,13.0,3.94485,0.609386
-143.1764,-39.460440000000006,13.0,12.170169999999999,0.5953579999999999
-150.0146,-48.89274,13.0,19.5717,0.2703139
-164.4072,-57.86906,13.0,26.01695,0.4213662
-164.4886,-72.61462,13.0,18.01698,-0.3375557
-151.6849,-75.87267,13.0,20.94967,0.41052120000000003
-137.1159,-72.25898000000001,13.0,18.24895,0.001484853
-121.1147,-76.40581999999999,13.0,26.07649,0.21865610000000002
-108.2521,-92.97578,13.0,31.74823,0.3906369
-110.5817,-117.3988,13.0,36.03006,0.1243159
-132.8279,-132.4769,13.0,36.108000000000004,-1.6226690000000001
-146.0135,-123.8712,13.0,11.063260000000001,-0.9201205
-140.8072,-123.0339,13.0,10.79161,0.1386684
-139.4179,-122.6651,13.0,5.181962,-0.16580989999999998
-144.6936,-125.8175,13.0,9.671762,-0.2161031
-145.5199,-129.1515,13.0,0.7692035,0.6715566999999999
-144.3891,-125.3513,13.0,9.920371000000001,0.6114764
-140.1004,-115.9399,13.0,17.97525,0.5563648
-145.5317,-101.624,13.0,24.6753,0.3914067
-162.4347,-100.8799,13.0,22.957720000000002,-0.4522808
-167.2316,-118.2851,13.0,29.43865,0.2688474
-167.5727,-142.6871,13.0,36.41912,0.49323770000000006
-167.8393,-172.2657,13.0,43.00793,0.23649629999999996
-167.9406,-206.4435,13.0,49.21197,0.46526239999999996
-164.6702,-243.6329,13.0,47.35123,-1.232357
-138.4969,-257.1656,13.0,37.07798,-1.613905
-127.5998,-239.3344,13.0,32.56862,0.7691637
-127.4624,-211.3396,13.0,41.30007,-0.08482499
-126.1378,-187.1248,13.0,17.08667,-2.178872
-117.2258,-181.4131,13.0,16.46087,0.5236907999999999
-106.4058,-190.6381,13.0,23.973670000000002,0.47980290000000003
-105.3599,-210.7455,13.0,30.916759999999996,0.5288576
-108.0746,-236.0144,13.0,37.46246,0.1742548
-96.99615,-262.9998,13.0,42.19978,0.08635627
-68.46242,-271.5287,13.0,42.62788,-0.006086023
-49.8359,-248.2926,13.0,43.13966,0.3061124
-47.42775,-214.7519,13.0,44.46893,-0.6514189
-34.06837,-186.3984,13.0,44.77897,0.3837485
-9.482717999999998,-160.8206,13.0,50.68693,0.1816424
9.889889,-129.9131,13.0,45.6475,-0.4264157
-3.322293,-106.3522,13.0,32.30677,-0.6894158
-7.901499,-86.28703,13.0,32.30871,0.4986411
-5.803664,-59.943430000000006,13.0,39.062129999999996,0.2329683
-5.059175,-28.60775,13.0,45.49907,0.4692527
-3.7731980000000003,7.346080000000001,13.0,51.44621,0.39920409999999995
-15.36779,38.46315,13.0,36.4348,-0.4571285
-33.53277,38.32611,13.0,15.376679999999999,-1.31833
-35.09388,32.58475,13.0,0.09978351,0.08648523
-35.14415,32.59174,13.0,0.05876143,0.01390121
-34.97961,33.038540000000005,13.0,3.4401339999999996,0.592383
-33.82145,38.384859999999996,13.0,11.00115,0.46017520000000006
-32.28675,44.3802,13.0,3.2970800000000002,-0.3559393
-32.72719,43.55434,13.0,5.445714,0.2877603
-38.90014,41.29846,13.0,13.171370000000001,0.5298578
-50.84912,44.6841,13.0,20.30096,0.2444346
-68.33218000000001,44.51208,13.0,26.95293,0.47581809999999997
-90.45563,41.90643,13.0,33.1371,0.2122212
-117.1796,42.702659999999995,13.0,38.73769,0.15907739999999998
-142.8994,30.27416,13.0,38.169129999999996,-0.08517764
-147.416,2.392488,13.0,41.19928,0.4023866
-144.5867,-29.97632,13.0,45.91607,-0.03852786
-156.0101,-55.67604,14.0,31.227079999999997,-0.5732583
-161.2552,-71.41264,14.0,23.97147,0.3805425
-142.7071,-75.59958,14.0,29.50488,0.4383037
-120.6571,-82.46324,14.0,34.163709999999995,0.32770309999999997
-109.4103,-105.5482,14.0,37.268409999999996,0.07537841
-123.3722,-128.9274,14.0,39.159209999999995,0.01661028
-144.9929,-126.9811,14.0,22.910420000000002,-1.317986
-145.8317,-119.9671,14.0,1.489436,0.1071996
-146.7387,-118.9347,14.0,1.866227,-0.02023116
-147.5483,-118.0251,14.0,1.438107,-0.03566809
-149.42600000000002,-117.2209,14.0,3.995109,-0.01899062
-150.7346,-117.3785,14.0,2.589057,0.641824
-146.6578,-114.1939,14.0,11.36156,0.6138081999999999
-145.5156,-103.5101,14.0,18.75868,0.4430476
-158.8784,-97.05214000000001,14.0,23.82979,0.23600100000000002
-168.0444,-112.1599,14.0,28.223240000000004,0.48834929999999993
-166.2943,-135.594,14.0,35.21139,0.5071608
-166.6962,-164.1885,14.0,41.94658,0.22584490000000002
-167.2312,-197.6511,14.0,48.31599,0.45991920000000003
-165.6567,-235.2197,14.0,49.77874,-1.399322
-147.8056,-254.7656,14.0,24.27082,-2.241832
-141.744,-251.5365,14.0,4.296206,-0.1460856
-140.7951,-249.2522,14.0,4.544599,0.2952158
-134.8645,-248.5193,14.0,12.2466,-0.6179614999999999
-125.3374,-251.7833,14.0,12.35914,-0.34287049999999997
-120.9268,-245.9943,14.0,12.35855,0.6224692
-124.1058,-233.69099999999997,14.0,21.35254,0.6007271
-126.7837,-215.2573,14.0,28.89738,0.2635301
-127.5312,-191.2206,14.0,35.22388,-0.2962856
-111.6393,-179.5242,14.0,24.00441,-0.45857650000000005
-105.4631,-196.3881,14.0,33.63094,1.4571370000000001
-107.4265,-228.7819,14.0,53.539019999999994,0.6683753000000001
-93.43396,-265.6852,14.0,48.89052,-0.6245282
-61.47011,-269.2095,14.0,45.94809,-0.23651350000000002
-48.27668,-241.7202,14.0,44.080890000000004,0.4190898
-45.89561,-207.7489,14.0,48.39806,0.2929409
-23.93146,-177.4469,14.0,53.406980000000004,0.418238
4.589379,-147.9233,14.0,54.78021999999999,-0.37129059999999997
6.581824,-119.7296,14.0,28.49002,-0.6381484000000001
-4.47291,-103.0149,14.0,29.845670000000002,0.23435479999999997
-5.208899,-78.51498000000001,14.0,36.59729,0.504674
-2.9438720000000003,-49.01668,14.0,43.248470000000005,0.2263513
-2.225309,-14.573839999999999,14.0,49.518570000000004,0.2122078
-5.148651,23.61799,14.0,49.62658,-0.7073579000000001
-29.24186,42.82227,14.0,43.173429999999996,0.11925830000000001
-63.23749,40.37332,14.0,48.85552,0.21108490000000002
-101.6216,40.52577,14.0,54.72538,0.4354465
-137.4749,37.15088,14.0,38.07376,-1.218302
-145.0475,22.33932,14.0,6.664928999999999,-1.306157
-142.81,23.550639999999998,14.0,5.018223,0.2571368
-141.2451,25.5258,14.0,1.8392979999999999,1.1152090000000001
-144.2224,22.23273,14.0,9.120013,0.33986020000000006
-149.4023,21.97308,14.0,2.432722,-0.7311869000000001
-147.8746,21.05986,14.0,7.096563000000001,0.6530906
-142.4902,14.579620000000002,14.0,15.803360000000001,0.601297
-140.795,0.07605617,14.0,23.89769,0.28995129999999997
-142.596,-20.53323,14.0,31.712359999999997,0.5385795
-141.8618,-36.21285,1.0,6.0683739999999995,0.8238823000000001
-143.0697,-44.67257,1.0,16.06012,0.5871843000000001
-153.4178,-55.10103,1.0,24.29191,0.6163991999999999
-162.6342,-70.61067,1.0,26.567729999999997,-0.2913736
-147.753,-73.94951999999999,1.0,24.692439999999998,0.24472159999999998
-135.9946,-68.42773000000001,1.0,7.207925,0.144623
-135.8603,-68.27924,1.0,0.02624083,-0.00020720669999999998
-135.8417,-68.28192,1.0,0.0228069,-0.01312029
-135.8261,-68.28372,1.0,0.02060266,-0.05029023
-136.067,-70.42175,1.0,4.6531769999999995,0.07373646
-135.6485,-73.69565,1.0,4.121356,-0.06041896
-136.5416,-76.21794,1.0,3.387182,-0.1838204
-135.6327,-75.71627,1.0,6.106298000000001,0.6335335
-127.9585,-75.45035,1.0,14.9287,0.6237491
-117.5958,-83.68856,1.0,22.310570000000002,0.2910114
-110.5262,-101.7378,1.0,29.77032,0.2218281
-116.5146,-124.3954,1.0,35.16704,0.315395
-139.5944,-132.0254,1.0,29.719079999999998,-1.3875540000000002
-145.1011,-117.7674,1.0,22.058410000000002,0.22091679999999997
-138.4578,-108.7079,1.0,0.01448668,-0.03046782
-138.4582,-108.7246,1.0,0.02796883,0.014112000000000001
-138.4602,-108.7405,1.0,0.0590891,0.025701799999999997
-141.7076,-108.1392,1.0,8.119764,0.09232673
-145.7113,-110.8098,1.0,0.938951,-0.47010519999999995
-144.6426,-108.2951,1.0,8.15023,0.6189579000000001
-146.8658,-99.84161999999999,1.0,16.24719,0.6833994000000001
-158.6303,-96.11962,1.0,15.93643,-0.34975409999999996
-165.9389,-104.4277,1.0,20.38455,1.176197
-168.3909,-124.5101,1.0,33.492470000000004,0.4118213
-165.1246,-151.2181,1.0,40.97899,-0.10415
-165.2557,-177.6908,1.0,32.364259999999994,-0.23383879999999999
-167.9423,-201.6201,1.0,39.005340000000004,1.548029
-166.4351,-230.5774,1.0,35.878,-0.5290381
-156.4926,-249.62900000000002,1.0,25.5526,-0.46097340000000003
-136.5399,-248.9387,1.0,30.105220000000003,0.05677393
-121.7973,-235.0353,1.0,24.06812,-0.2954651
-131.1425,-220.2247,1.0,23.358829999999998,-0.578235
-123.4725,-206.2649,1.0,19.80602,-0.5869352
-124.8302,-193.143,1.0,17.09701,-0.175602
-119.552,-184.2105,1.0,17.89244,0.6439585999999999
-110.8526,-191.4353,1.0,15.89449,-0.2662055
-110.0698,-202.1838,1.0,13.81696,-0.002493266
-109.3328,-215.4594,1.0,22.07337,0.5822398
-107.3409,-234.5322,1.0,29.638009999999998,0.2622129
-100.5912,-257.8603,1.0,35.981609999999996,0.3473755
-77.45889,-271.5226,1.0,39.153529999999996,0.1228798
-54.36085,-256.3894,1.0,39.670120000000004,0.01025033
-51.00166,-226.2339,1.0,43.709759999999996,0.1449991
-36.22231,-195.5173,1.0,48.768190000000004,0.1947471
-11.17345,-166.632,1.0,54.50646999999999,0.42408329999999994
10.869060000000001,-130.9972,1.0,56.61173,-1.576064
10.65645,-105.7294,1.0,11.51807,-1.364581
9.807383999999999,-104.2722,1.0,0.506896,-0.01782707
10.40059,-104.6649,1.0,3.9747220000000003,0.4902897
14.652870000000002,-107.0881,1.0,8.593424,-0.07451284
18.520770000000002,-106.9224,1.0,0.48572040000000005,-0.7339979999999999
15.715329999999998,-107.8106,1.0,8.346895,0.6197866
7.460177000000001,-111.7318,1.0,15.60997,0.44215420000000005
-0.27855840000000004,-104.4096,1.0,19.914,0.5164970999999999
0.5597376000000001,-87.25676,1.0,26.59445,0.6002154000000001
-4.876544,-65.72417,1.0,33.3754,0.5036479
-5.926583,-38.55128,1.0,40.00509,0.2317158
-6.348367,-6.566425,1.0,46.26041,0.21007820000000002
-7.832571000000001,28.891170000000002,1.0,44.1996,-1.161721
-20.71049,44.665259999999996,1.0,14.28609,-1.007835
-30.112170000000003,38.36155,1.0,18.92063,0.4950942
-46.58976,39.29766,1.0,26.08943,0.5407382
-68.49195999999999,39.55746,1.0,33.130320000000005,0.49656239999999996
-95.53893000000001,39.76218,1.0,39.80639,0.22601350000000003
-127.1863,40.55814,1.0,42.00261,-0.8945301
-144.5401,28.63515,1.0,19.23536,-0.8203351000000001
-139.1935,24.7873,1.0,9.994094,0.1388313
-137.7517,24.245739999999998,1.0,0.06122728,0.0002734858
-137.7516,24.20549,1.0,0.05081018,0.002750873
-140.6224,24.61991,1.0,7.706612,0.2002438
-147.8849,24.38402,1.0,10.00575,-0.41372029999999993
-151.2191,25.41774,1.0,0.1585954,0.6393052
-148.6283,23.56363,1.0,8.500895,0.5742931
-147.8076,14.93121,1.0,15.779279999999998,0.2740187
-151.7547,1.7843509999999998,1.0,21.86301,0.23363939999999997
-147.3642,-16.34007,1.0,28.50962,0.4670406
-146.717,-39.660270000000004,2.0,34.09036,0.01205678
-163.9549,-55.615230000000004,2.0,32.22334,-0.5777876999999999
-161.7983,-72.50353,2.0,19.416079999999997,-0.7101879
-155.9442,-68.77705,2.0,9.435558,0.8207509
-155.6955,-68.52771,2.0,0.04619394,-0.01232418
-155.7798,-68.8231,2.0,2.673161,0.5929849
-156.319,-72.25401,2.0,5.0472150000000005,-0.02513392
-156.9857,-75.14964,2.0,0.7096887,-0.7334239
-154.6401,-73.27332,2.0,8.823819,0.694603
-145.5945,-75.24453000000001,2.0,17.28441,0.6116218000000001
-133.0249,-82.25825999999999,2.0,19.1297,-0.2714452
-120.7451,-86.8327,2.0,19.88104,1.1179709999999998
-110.6618,-103.9491,2.0,31.5253,-0.2708521
-119.6393,-124.8617,2.0,33.1455,-0.06832134
-140.8862,-129.0965,2.0,25.494139999999998,-0.6298195
-142.3143,-115.8239,2.0,22.43571,0.5807180000000001
-142.5872,-102.8155,2.0,18.957929999999998,0.23084829999999998
-157.3291,-103.1539,2.0,19.78605,-0.2808843
-161.0089,-114.6994,2.0,16.600479999999997,0.09614206
-164.0764,-127.735,2.0,21.570529999999998,0.6190153
-165.3698,-146.7609,2.0,29.67466,0.5705036
-165.3942,-171.6469,2.0,37.20983,0.5202924
-165.7798,-201.8331,2.0,44.2939,0.4988938
-164.7411,-236.6294,2.0,42.9635,-2.121109
-153.3757,-251.3526,2.0,23.78549,0.2346969
-133.1384,-250.8347,2.0,30.587970000000002,-0.05270921
-126.7749,-234.5296,2.0,25.89742,0.7217475999999999
-125.743,-212.1917,2.0,34.638059999999996,0.4535339
-125.1569,-187.4347,2.0,20.4818,-1.261898
-116.9883,-184.2012,2.0,14.343160000000001,0.2180603
-110.6958,-194.5555,2.0,21.39511,0.6001181999999999
-109.1518,-213.4174,2.0,29.453129999999998,0.5610470999999999
-105.9386,-237.8839,2.0,36.96707,0.5274144000000001
-93.75578,-264.4075,2.0,42.18184,0.06532142
-65.60793000000001,-267.5265,2.0,40.93315,0.2287971
-48.72287,-243.1508,2.0,42.35415,0.05921673
-47.209140000000005,-209.9441,2.0,47.69299,0.126711
-26.28205,-180.2814,2.0,52.3251,0.46191279999999996
0.7741836999999999,-149.5169,2.0,56.049530000000004,-1.429793
7.596786,-125.0651,2.0,17.93159,-0.39580909999999997
-2.9056450000000003,-113.7671,2.0,24.69053,0.47424679999999997
-6.807539,-93.54559,2.0,31.867309999999996,0.524452
-6.721399000000001,-67.18191999999999,2.0,39.22485,0.24894520000000003
-6.862858,-35.48494,2.0,46.18795,0.4777683
-7.331623,1.149832,2.0,52.705059999999996,0.4675032
-12.18908,37.8685,2.0,40.32462,-2.452911
-25.754720000000002,45.96476,2.0,4.767804,-1.240259
-25.63472,43.05928,2.0,8.266264999999999,0.599747
-33.266709999999996,40.07992,2.0,16.30794,0.2787389
-46.95671,46.3924,2.0,24.15021,0.4496348
-67.19485,43.98879,2.0,31.47829,0.278588
-93.24202,41.60122,2.0,38.85067,0.271987
-124.5678,40.234970000000004,2.0,45.7029,0.4583383
-149.5549,26.701970000000003,2.0,27.46864,-1.0461790000000002
-149.3696,18.99619,2.0,2.9973520000000002,0.6615307
-144.4724,17.819229999999997,2.0,11.61539,0.5881696
-145.3876,6.8783009999999996,2.0,19.61686,0.5855057
-150.5966,-8.425811,2.0,25.4977,0.5025829
-145.976,-29.52569,2.0,32.82047,0.5321798000000001
-143.2245,-40.03611,3.0,11.55552,-0.01594633
-147.843,-48.13901,3.0,17.126929999999998,0.9444684999999999
-158.7433,-53.625690000000006,3.0,15.132539999999999,-0.2320978
-166.4171,-58.88267,3.0,11.18863,-0.2714327
-164.9239,-66.20373000000001,3.0,11.82117,0.6146995
-155.3823,-72.4006,3.0,19.64931,0.2767261
-138.0097,-72.82605,3.0,27.268079999999998,0.26560059999999996
-119.0791,-81.91566,3.0,26.3757,-0.4184362
-108.8259,-96.48087,3.0,25.456210000000002,0.5975305999999999
-109.75299999999999,-116.6606,3.0,25.38066,-0.3829439
-119.6444,-129.8297,3.0,20.16187,-0.3024861
-135.7493,-133.1174,3.0,23.31796,-0.605068
-144.4381,-117.2706,3.0,32.20179,0.42409179999999996
-156.1786,-103.611,3.0,16.922320000000003,-0.22628779999999998
-165.8412,-111.1421,3.0,21.58212,0.5606572
-168.4987,-129.8661,3.0,29.5057,0.29187329999999995
-169.5781,-154.4658,3.0,36.849509999999995,0.23814829999999998
-167.3226,-184.245,3.0,43.827659999999995,0.4955609
-164.2287,-219.0475,3.0,49.93795,0.1286886
-159.4242,-252.5642,3.0,38.71828,-1.536721
-139.8445,-256.6842,3.0,26.07712,1.268025
-125.9911,-239.7445,3.0,32.732459999999996,0.2979183
-128.2585,-214.31799999999998,3.0,37.533609999999996,-0.11928920000000001
-125.9597,-188.6928,3.0,31.516109999999998,-0.5452513000000001
-112.2642,-179.1993,3.0,22.065839999999998,-0.46780340000000004
-110.0629,-194.0906,3.0,24.97851,0.45114040000000005
-105.1531,-214.3107,3.0,31.76063,-0.1448973
-105.7027,-236.4092,3.0,27.448079999999997,-0.12616159999999998
-103.7399,-259.3552,3.0,36.08255,0.26806030000000003
-81.94294000000001,-271.4713,3.0,36.831990000000005,0.3551031
-61.9738,-268.7725,3.0,15.16105,-0.5401183
-56.246280000000006,-266.7473,3.0,1.9455470000000001,-0.42525109999999994
-57.06247,-267.3127,3.0,1.1129200000000001,-0.2739198
-56.5019,-266.8156,3.0,4.194268,0.49650779999999994
-53.4531,-263.228,3.0,7.696021000000001,0.1111623
-48.514790000000005,-263.2712,3.0,4.1291150000000005,-0.8435031999999999
-48.813990000000004,-262.5555,3.0,5.718555,0.6503376999999999
-50.02203,-255.4612,3.0,14.01552,0.6051326
-46.70998,-242.5487,3.0,21.87366,0.5794753
-43.86817,-223.8274,3.0,29.2054,0.27065259999999997
-41.02024,-199.6952,3.0,36.16785,0.45440859999999994
-26.21762,-176.5973,3.0,40.50221,0.223465
-6.417559,-157.4712,3.0,26.97627,-0.7967295999999999
6.688714999999999,-147.1366,3.0,19.92376,-0.1829165
11.830010000000001,-135.6959,3.0,15.113389999999999,-0.27000959999999996
8.322336,-124.7109,3.0,18.94497,0.5576776
-1.65285,-111.3139,3.0,26.19872,0.2462651
-8.929981,-90.46869000000001,3.0,33.17181,0.4771906
-10.168610000000001,-63.62096,3.0,39.59383,0.4493845
-5.85114,-32.17351,3.0,45.85242,0.4922335
-3.4264550000000003,-0.22762800000000002,3.0,34.30635,-2.5200299999999998
-4.647862,13.792979999999998,3.0,5.434324,-1.7283970000000002
-5.374691,17.867179999999998,3.0,9.715161,0.6453810000000001
-8.060389,27.843059999999998,3.0,18.06392,0.5950974
-18.40044,39.72221,3.0,25.222720000000002,0.5096704000000001
-38.59556,45.02451,3.0,31.78027,0.24210820000000002
-64.75095,44.694359999999996,3.0,38.70602,0.24620570000000003
-95.81612,42.90719,3.0,45.25929,0.46374679999999996
-129.3054,39.154740000000004,3.0,42.45086,-1.219581
-150.2612,23.80856,3.0,33.61517,-0.5539387
-143.6101,0.1880875,3.0,34.95805,0.10618589999999999
-144.7837,-27.83189,3.0,40.88277,0.47422840000000005
-150.7446,-52.5656,4.0,22.25856,-2.263139
-164.5903,-55.35391,4.0,19.315,-0.2816841
-164.8452,-67.75347,4.0,22.14846,0.4656669
-147.3371,-72.56718000000001,4.0,28.58254,0.5284005
-125.0211,-78.76231,4.0,34.74051,0.3936972
-108.8636,-100.4896,4.0,39.33014,0.04425824
-117.7184,-126.0525,4.0,37.33135,-0.2060141
-140.9017,-129.3757,4.0,31.5689,-0.2658374
-144.0964,-108.2156,4.0,31.04443,-0.18857020000000002
-155.3389,-98.99401999999999,4.0,16.485139999999998,0.6135841999999999
-165.7152,-109.6188,4.0,24.591920000000002,0.5389009
-169.3181,-130.2186,4.0,31.88252,0.528311
-169.6779,-156.2383,4.0,38.61179,0.48454030000000003
-166.8177,-187.1997,4.0,45.18039,0.4593723
-163.6305,-222.632,4.0,49.3581,-0.08434488
-159.4205,-250.2498,4.0,21.35506,-0.5696409
-146.764,-257.3508,4.0,21.87954,0.26533470000000003
-131.313,-252.1223,4.0,25.75646,0.2117246
-125.2979,-231.1342,4.0,32.75718,0.22801060000000004
-128.679,-205.0195,4.0,38.76913,0.39917329999999995
-119.3881,-179.0473,4.0,35.71646,-1.207034
-99.99524,-183.4979,4.0,25.19744,-0.6493068000000001
-108.2967,-195.0158,4.0,23.433670000000003,0.4663754
-114.5549,-201.55,4.0,0.03326943,0.00031619650000000004
-114.555,-201.5543,4.0,0.01171173,0.003386292
-113.1673,-201.8005,4.0,4.54935,0.4019025
-109.8316,-199.1808,4.0,4.877578,-0.34679640000000006
-109.6607,-198.6881,4.0,3.182293,0.5522989
-108.8544,-203.6454,4.0,10.32497,0.48222020000000004
-106.8075,-213.6136,4.0,17.00101,0.4850214
-105.1563,-228.43099999999998,4.0,23.213279999999997,0.42040600000000006
-105.8073,-247.7932,4.0,28.84395,0.34132290000000004
-95.44768,-267.5035,4.0,32.56697,0.07936043
-71.47159,-270.8303,4.0,35.41175,0.29028109999999996
-50.77114,-254.8295,4.0,36.88988,-0.04776026
-49.16916,-226.2762,4.0,40.70064,0.301232
-40.67143,-195.9612,4.0,44.81643,0.13708810000000002
-18.8174,-170.2281,4.0,46.54107,-0.1726193
2.157474,-151.185,4.0,23.80119,-1.8949099999999999
11.93941,-139.9054,4.0,16.98624,-0.4914943
9.397487,-126.381,4.0,23.886789999999998,0.3995625
-2.6406400000000003,-110.7286,4.0,29.2425,0.17258099999999998
-9.379239,-88.12215,4.0,34.44509,0.18618410000000002
-10.169039999999999,-60.828140000000005,4.0,39.385940000000005,0.34935759999999993
-4.839798,-30.33825,4.0,44.11444,0.1645357
-1.7565380000000002,3.702761,4.0,48.02728,0.2000389
-10.35978,32.34724,4.0,26.59272,0.8199366
-28.86257,43.02271,4.0,31.734820000000003,0.3249431
-54.1849,43.39262,4.0,36.80426,0.36805479999999996
-83.3492,43.212540000000004,4.0,41.78733,0.3414243
-115.1991,40.57159,4.0,42.53627,-0.24704429999999997
-137.2917,37.15865,4.0,14.61348,-0.38160279999999996
-145.8698,28.67178,4.0,19.66667,0.2045503
-147.8102,12.20772,4.0,25.41466,0.40715009999999996
-143.8536,-8.324375,4.0,31.070109999999996,0.20202799999999999
-142.1248,-32.9899,4.0,34.00011,-0.7718486
-153.0539,-50.72994,5.0,26.936790000000002,0.1548035
-168.6242,-62.15735,5.0,21.69098,-1.286403
-160.1229,-69.58501,5.0,15.85276,-0.430947
-145.9982,-71.67981999999999,5.0,23.2205,0.2186799
-127.3289,-76.88982,5.0,28.969509999999996,0.3844151
-110.2138,-91.68336,5.0,33.02885,0.2039735
-110.5022,-116.0917,5.0,33.63601,-0.1974145
-125.7638,-132.743,5.0,28.65114,-0.4192936
-141.2131,-126.2994,5.0,23.641560000000002,0.11475430000000002
-147.9518,-108.2691,5.0,28.66065,0.1771883
-163.885,-101.5272,5.0,18.30341,-1.412321
-164.5303,-113.0755,5.0,17.24306,0.3804465
-167.1289,-128.9739,5.0,26.75931,1.244879
-168.5501,-155.5024,5.0,44.32656,0.44220290000000007
-164.8128,-190.5443,5.0,50.45818,0.5210748
-164.28400000000002,-223.9829,5.0,30.450809999999997,-2.667837
-163.1187,-240.2607,5.0,18.64505,-0.22512870000000001
-159.0441,-251.2796,5.0,14.9448,-0.0491863
-147.2335,-259.7516,5.0,24.698320000000002,0.3979038
-130.3123,-250.8225,5.0,31.989359999999998,0.46162700000000007
-125.6241,-223.4802,5.0,41.73365,0.2450995
-128.7523,-197.8806,5.0,21.88734,-0.2602053
-124.3789,-185.1789,5.0,15.208739999999999,-0.4392133
-110.8676,-182.9424,5.0,24.011210000000002,0.5205505
-102.4545,-198.3072,5.0,28.09443,0.723102
-103.6837,-222.8044,5.0,36.29956,0.2603625
-105.5093,-249.5125,5.0,33.16304,-0.5534281999999999
-95.55615999999999,-268.2701,5.0,30.373440000000002,0.2644986
-72.32254,-271.2752,5.0,34.35122,0.28430029999999995
-52.601259999999996,-255.71900000000002,5.0,36.23454,0.09325358
-47.71257,-227.5609,5.0,40.8503,0.34366620000000003
-41.39512,-196.2675,5.0,45.31223,0.26824549999999997
-21.06506,-168.8549,5.0,47.96958,-0.04919292
-3.058937,-156.1705,5.0,14.10162,-0.35230459999999997
4.1101209999999995,-151.205,5.0,9.553883,-0.2989118
8.433012,-147.4119,5.0,7.303883,0.5102284
12.66533,-140.7488,5.0,14.049389999999999,0.4461522
10.98223,-128.5121,5.0,20.04952,0.3565791
0.906041,-114.8132,5.0,25.90098,0.3959999
-7.488872,-95.36086,5.0,31.34117,0.3963069
-10.68585,-70.50562,5.0,36.4501,0.34782420000000003
-6.4808650000000005,-42.028659999999995,5.0,41.31371,0.3446982
-1.7812860000000001,-10.05185,5.0,45.95694,0.14740999999999999
-4.150051,18.0163,5.0,27.771590000000003,-3.2640580000000003
-7.668563000000001,27.25167,5.0,12.78417,1.230014
-14.77219,37.30249,5.0,19.78275,0.40629440000000006
-29.8615,44.28995,5.0,25.427429999999998,0.19902360000000002
-50.73812,45.249590000000005,5.0,31.04275,0.204179
-75.73447,44.4814,5.0,36.42751,0.3723694
-104.572,42.648999999999994,5.0,41.45675,0.3769254
-131.2975,39.73795,5.0,23.53088,-2.785517
-143.7855,31.653859999999998,5.0,23.172710000000002,0.3835234
-148.0636,13.192060000000001,5.0,28.40652,0.1868566
-143.5681,-9.345531,5.0,33.72442,0.3454895
-142.64,-34.40247,6.0,29.06307,-1.7663970000000002
-146.5646,-45.67924,6.0,14.175770000000002,1.0055969999999999
-156.61,-54.22374,6.0,17.57019,-0.20108929999999997
-165.5637,-59.88977,6.0,12.28168,-0.0210366
-162.0201,-70.4348,6.0,21.19829,0.8097821
-142.9179,-71.56875,6.0,33.40532,0.45751390000000003
-117.5869,-82.7888,6.0,42.04545,0.01272903
-111.3074,-108.073,6.0,32.14969,-1.234646
-117.0047,-119.2465,6.0,10.844339999999999,0.2007276
-121.7802,-130.0017,6.0,18.99651,-0.517679
-133.9836,-133.7392,6.0,20.53529,0.2126725
-144.3809,-121.3605,6.0,25.96425,0.2535348
-148.5731,-105.8643,6.0,9.553142999999999,-1.7416619999999998
-153.486,-102.0736,6.0,11.2488,0.7305661
-163.7204,-102.507,6.0,15.50823,-0.17618810000000001
-167.2737,-115.5346,6.0,24.3951,1.015936
-168.8662,-138.6808,6.0,37.72351,0.8494779
-168.3528,-170.9707,6.0,48.99137,0.7458033000000001
-164.6841,-210.0958,6.0,52.65585,-0.855252
-163.0813,-244.7136,6.0,38.92064,-1.082136
-147.9626,-258.2444,6.0,23.91185,-0.5651459
-133.4828,-253.833,6.0,19.99076,0.22205429999999995
-125.6941,-237.9534,6.0,27.18965,0.3957195
-125.96799999999999,-215.8909,6.0,32.534009999999995,0.3961805
-128.4996,-190.8878,6.0,29.939390000000003,-0.7540154
-118.7077,-182.0571,6.0,19.5312,0.193461
-105.7076,-190.426,6.0,24.10171,0.3382073
-102.6201,-209.7453,6.0,29.3881,0.4005738
-105.1714,-233.4724,6.0,34.82573,0.39096759999999997
-103.40299999999999,-260.7886,6.0,38.663509999999995,-0.07961572
-81.63394,-272.2967,6.0,32.00797,-0.6889852
-61.481809999999996,-267.1863,6.0,24.35449,-0.5523934
-50.2069,-254.8813,6.0,27.2628,0.5015423
-46.237190000000005,-232.8353,6.0,32.91646,0.37599590000000005
-43.22271,-206.6959,6.0,38.128679999999996,0.1731291
-32.78268,-179.5934,6.0,40.88015,0.1217846
-8.908144,-161.5212,6.0,32.70667,-2.482718
2.561973,-152.7585,6.0,12.73537,-0.16954960000000002
9.231364,-146.6163,6.0,13.06963,0.2781794
12.86182,-135.6415,6.0,20.003020000000003,0.6082996
3.9108,-120.3293,6.0,30.320320000000002,0.5262595
-7.626933999999999,-95.68252,6.0,44.253040000000006,0.9958428
-9.074129,-58.189040000000006,6.0,56.79979,0.3982369
-1.7556490000000002,-14.227,6.0,61.44687,-0.9972416
-5.193878,19.65381,6.0,25.62516,-2.7443720000000003
-12.016810000000001,34.240840000000006,6.0,23.05305,0.4609747
-29.39218,44.01817,6.0,32.907709999999994,0.9162701999999999
-59.025290000000005,45.01453,6.0,47.69189,1.055674
-99.51822,43.23542,6.0,59.17905,-1.010693
-125.0098,39.78148,6.0,14.78556,-0.3794665
-135.0014,37.71159,6.0,17.3035,1.273894
-146.7389,27.19657,6.0,24.8555,0.3120373
-146.8259,6.905805,6.0,30.250629999999997,0.4190348
-141.9622,-17.08781,6.0,35.598040000000005,0.3648591
-141.967,-35.275079999999996,7.0,8.195392,0.2608487
-143.7701,-43.701879999999996,7.0,14.936129999999999,0.43700950000000005
-153.5148,-52.15545,7.0,20.78105,0.4374553
-167.0238,-61.30506,7.0,21.41038,-0.6505731
-165.4969,-73.45518,7.0,15.59443,-0.01530108
-153.8844,-76.83419,7.0,18.70245,0.27798459999999997
-139.6305,-73.20779,7.0,20.64375,0.20583579999999999
-123.5938,-76.37482,7.0,25.34389,0.9930230999999999
-109.6277,-92.47516999999999,7.0,31.43908,0.09911732
-111.2734,-116.3894,7.0,34.766329999999996,0.07984930000000001
-132.2202,-131.596,7.0,36.72625,-0.4793465
-147.654,-122.7263,7.0,16.17276,-0.43231049999999993
-143.2548,-115.3376,7.0,12.09331,0.4550809
-147.2513,-104.5414,7.0,16.56109,-0.1492591
-159.4774,-102.1676,7.0,20.50439,0.2453319
-166.3571,-114.7337,7.0,19.79761,-0.01950658
-166.1564,-131.2025,7.0,26.03288,0.3153014
-169.0111,-155.4296,7.0,40.05981,0.9941214
-169.8441,-189.8426,7.0,52.479209999999995,0.8136963
-168.7392,-228.9943,7.0,48.35152,-0.43218670000000003
-157.1878,-252.2144,7.0,28.115040000000004,-0.40563990000000005
-139.7827,-253.8642,7.0,21.49876,0.02498424
-126.7711,-244.2513,7.0,24.56757,0.5016248
-125.9851,-222.3893,7.0,32.95536,0.4080184
-126.1612,-196.0173,7.0,38.16191,0.1006929
-118.1111,-179.6694,7.0,14.70786,-0.30049040000000005
-110.2589,-187.5009,7.0,20.01223,0.425308
-108.9519,-204.5058,7.0,26.00939,0.42176320000000006
-108.6349,-225.8919,7.0,31.7107,0.4047917
-105.8243,-250.9595,7.0,36.36116,0.1297584
-87.08051,-270.6829,7.0,39.00833,0.06020165
-59.62045,-267.0307,7.0,39.31675,0.006960119
-49.505340000000004,-240.4673,7.0,41.10768,0.3785774
-45.67653,-208.7065,7.0,45.0164,0.06632166
-24.9748,-181.6909,7.0,48.31092,0.15823320000000002
-0.2214152,-153.5459,7.0,51.32413,-1.883725
9.027508000000001,-128.72,7.0,24.53204,-0.6626033
-1.3256350000000001,-112.3983,7.0,30.381690000000003,0.1900455
-5.500083,-87.11046999999999,7.0,42.62748,0.6890624
-1.0908959999999999,-49.15701,7.0,59.9465,1.1649909999999999
-1.789748,-0.5900829000000001,7.0,64.57558,-1.005931
-9.520305,36.804320000000004,7.0,35.33365,-1.546173
-31.115159999999996,41.14082,7.0,35.10583,1.415289
-60.298190000000005,40.480920000000005,7.0,42.04777,0.166652
-93.26963,40.6383,7.0,46.73553,0.1528622
-129.3314,40.64958,7.0,48.39223,-0.36141490000000004
-147.4597,25.2941,7.0,28.224940000000004,0.18177390000000002
-145.3677,2.526368,7.0,33.44979,0.39429749999999997
-145.4212,-24.17727,7.0,38.63046,0.1741695
-153.2437,-51.601409999999994,8.0,36.852129999999995,-0.7466468
-168.2781,-65.32692,8.0,19.91629,0.1877943
-158.5378,-78.52743000000001,8.0,27.38932,0.08001597
-136.7516,-77.09445,8.0,32.019940000000005,0.10543319999999999
-116.2608,-88.93818,8.0,34.7372,0.1042922
-111.83200000000001,-114.3209,8.0,36.95207,0.04397127
-131.8465,-131.7632,8.0,37.3693,-0.4922
-146.6756,-127.7455,8.0,4.071293,-1.0016100000000001
-144.0198,-125.396,8.0,8.650487,0.5024887
-141.9123,-117.0999,8.0,15.1809,0.445775
-148.9234,-105.8881,8.0,21.06628,0.2005346
-164.298,-104.9288,8.0,23.596410000000002,0.02712774
-167.1881,-122.6015,8.0,27.608490000000003,0.4196669
-168.0161,-144.981,8.0,32.93139,0.3857725
-171.2299,-171.0275,8.0,37.941320000000005,0.34582040000000003
-169.2363,-200.9874,8.0,42.79187,0.3578289
-167.8705,-234.3465,8.0,46.95032,-0.05114121
-149.8935,-256.6734,8.0,35.93104,-0.6177536
-131.194,-247.3004,8.0,28.66893,0.32501640000000004
-127.1439,-224.6321,8.0,34.06167,0.2042227
-126.8634,-197.4697,8.0,38.96205,0.04047943
-116.6451,-179.50599999999997,8.0,17.17835,-0.3637889
-108.0562,-186.9627,8.0,19.1962,0.41915290000000005
-106.7818,-203.3326,8.0,25.20027,0.2096748
-106.1181,-224.2243,8.0,30.970679999999998,0.404049
-104.3207,-249.0074,8.0,35.99228,0.139002
-87.93288000000001,-270.1411,8.0,38.34782,0.05752582
-61.026959999999995,-267.5568,8.0,38.91705,0.1870064
-47.83508,-242.4188,8.0,40.92403,0.33329440000000005
-45.074220000000004,-210.514,8.0,45.37035,0.09684538
-26.4463,-183.0976,8.0,47.11528,0.15598929999999997
-1.9163689999999998,-156.0554,8.0,51.084340000000005,-0.1399812
8.311952999999999,-126.4842,8.0,35.02036,-0.9202445
-5.775359,-103.8477,8.0,39.69979,-0.28131649999999997
-3.520574,-74.68304,8.0,42.01314,0.3485574
-1.236164,-41.8937,8.0,46.582159999999995,0.31830590000000003
-1.688979,-5.759633999999999,8.0,50.972809999999996,0.14251270000000002
-6.958097,31.497009999999996,8.0,44.359970000000004,-2.150475
-24.51878,42.62381,8.0,13.425089999999999,-2.560788
-26.79062,38.74022,8.0,8.261934,0.4665357
-34.289390000000004,38.42328,8.0,14.52576,0.2281301
-43.4852,47.63899,8.0,20.3242,-0.3361217
-48.027440000000006,48.58661,8.0,0.02450229,-0.005847946
-48.12352,48.251129999999996,8.0,2.6245849999999997,0.4922878
-48.264509999999994,45.02182,8.0,5.335592,-0.08281697
-47.21202,43.34113,8.0,2.189959,0.6938621
-51.60264,45.919259999999994,8.0,11.38843,0.30734629999999996
-63.12551,45.4861,8.0,19.97729,0.5883578
-80.85406,43.347390000000004,8.0,28.066990000000004,0.5886741
-104.37100000000001,42.46232,8.0,35.53349,0.5217621
-132.608,42.11789,8.0,39.85909,-0.16345539999999997
-144.2933,17.91515,8.0,40.770579999999995,0.3395714
-146.2027,-15.47911,8.0,48.71246,-0.043706699999999994
-142.0096,-34.40139,9.0,2.7858970000000003,-0.029144599999999996
-142.71200000000002,-37.78221,9.0,10.25577,0.33591940000000003
-146.7462,-46.6881,9.0,13.22831,-0.1168019
-153.7119,-52.04702,9.0,12.46533,0.7243473000000001
-163.2751,-55.33277,9.0,12.37335,-0.2399761
-166.9341,-62.13443,9.0,10.80681,0.37389920000000004
-159.9869,-72.04061999999999,9.0,20.73658,-0.37715820000000005
-146.6052,-73.11535,9.0,16.46079,-0.24757129999999997
-134.6582,-73.51626,9.0,20.476020000000002,1.3181040000000002
-118.1704,-81.21461,9.0,25.77674,0.03278016
-108.116,-97.42172,9.0,26.16574,-0.2339509
-108.1299,-112.6805,9.0,12.66358,-0.09739852
-110.9002,-120.946,9.0,13.484060000000001,0.892041
-119.7527,-132.2349,9.0,20.885720000000003,-0.18643010000000002
-132.9017,-134.6232,9.0,16.44695,-0.1458241
-142.5235,-127.5286,9.0,20.9862,0.4417018
-148.5191,-109.9523,9.0,29.12017,0.8397169
-157.7909,-99.40432,9.0,14.701479999999998,-0.4070891
-165.2521,-104.9364,9.0,16.40823,0.5576825
-168.0334,-122.62700000000001,9.0,31.552120000000002,0.4797972
-168.94400000000002,-150.8002,9.0,43.11213,0.21552649999999998
-166.9439,-184.3326,9.0,47.208859999999994,0.21840929999999997
-163.7912,-218.1644,9.0,42.18419,-0.5754226
-161.8841,-244.0234,9.0,27.53981,-0.4844192
-151.2357,-257.9119,9.0,21.483320000000003,-0.3515415
-137.8633,-258.8914,9.0,18.020310000000002,0.31572659999999997
-127.1963,-244.2522,9.0,32.14135,0.7312415
-126.0023,-217.8586,9.0,35.99664,-0.2445437
-128.80200000000002,-196.8074,9.0,18.11433,-0.7754518
-126.8246,-186.0122,9.0,13.26874,-0.14025520000000002
-116.5336,-181.6827,9.0,19.33461,0.143851
-105.2664,-187.5996,9.0,15.56768,-0.302558
-102.4581,-200.3551,9.0,24.400270000000003,0.59517
-103.986,-223.1582,9.0,35.74516,0.2779571
-105.6806,-250.4722,9.0,36.22833,-0.1829422
-92.44832,-271.0141,9.0,32.66901,-0.061254199999999995
-68.79163,-271.0234,9.0,32.43026,-0.05450267
-51.825309999999995,-255.0696,9.0,33.659040000000005,0.1607192
-46.798790000000004,-229.6464,9.0,36.16341,0.1779761
-42.428740000000005,-202.9748,9.0,35.31329,-0.1689848
-33.406890000000004,-180.4725,9.0,30.38167,-0.2441433
-18.41238,-166.8678,9.0,24.62819,-0.3285587
-4.517457,-157.5517,9.0,20.86636,-0.2963717
6.962467,-149.3559,9.0,18.24022,0.07604538
12.65977,-135.398,9.0,24.04834,0.1227202
2.938213,-118.6939,9.0,28.913059999999998,0.23063360000000002
-7.6248,-99.81286999999999,9.0,29.83032,0.06279474
-11.22118,-77.68375999999999,9.0,31.495009999999997,0.32126520000000003
-9.289448,-52.954330000000006,9.0,34.87755,0.1208353
-4.677422,-27.01888,9.0,36.14689,0.03069908
-1.82653,-0.34617129999999996,9.0,34.60638,-0.26910559999999994
-5.090745,20.27971,9.0,23.13147,-0.6256571999999999
-11.23987,33.836929999999995,9.0,21.5456,1.4271459999999998
-27.5794,44.03337,9.0,30.006520000000002,0.2530551
-52.309509999999996,44.235079999999996,9.0,37.05536,0.5179090999999999
-82.50711,44.243520000000004,9.0,44.04996,0.2180388
-117.0994,41.490759999999995,9.0,47.743320000000004,-0.8526386999999999
-143.6512,32.93843,9.0,34.85435,0.03587352
-144.3082,7.918062,9.0,37.70705,0.5113246
-142.1725,-21.84362,9.0,39.25658,-1.234991
-145.254,-40.258379999999995,10.0,16.42374,-0.2357161
-152.8643,-51.6719,10.0,19.10686,-0.1629704
-164.1314,-57.40719,10.0,15.23174,-0.3111157
-166.2019,-66.74899,10.0,16.06113,0.6280722
-155.5836,-73.22437,10.0,17.96896,0.03683713
-142.0338,-72.57404,10.0,17.71301,-0.08695064
-127.5169,-75.95218,10.0,25.231370000000002,0.5592541999999999
-111.1655,-89.05156,10.0,31.969479999999997,0.4232619000000001
-108.3361,-113.9342,10.0,36.57135,-0.33951509999999996
-120.2923,-130.9318,10.0,23.23639,-0.18872049999999999
-135.0939,-133.173,10.0,18.27069,-0.18380139999999998
-144.2144,-123.5248,10.0,22.17201,0.324019
-148.9261,-106.7501,10.0,17.30752,-1.54245
-152.3233,-102.7204,10.0,8.888347,0.5818506
-161.1342,-101.0298,10.0,16.07418,0.4413502
-167.4551,-112.8538,10.0,22.4114,0.5222262
-168.6246,-132.116,10.0,29.474059999999998,0.4930255
-168.7442,-156.5378,10.0,35.16695,0.08873771
-167.8096,-184.0606,10.0,39.14965,0.1674163
-164.9107,-212.8487,10.0,36.344229999999996,-0.5762041
-163.6412,-237.0061,10.0,29.1821,-0.2562212
-156.6046,-254.1427,10.0,22.199370000000002,-0.2359098
-141.7525,-259.6669,10.0,23.87096,0.04085823
-129.1826,-248.1566,10.0,25.72816,0.2100216
-124.6112,-228.6096,10.0,28.877609999999997,0.21558029999999997
-127.185,-206.7112,10.0,28.111459999999997,-0.24056639999999999
-127.9708,-191.7895,10.0,15.77966,-0.2972907
-123.9588,-183.146,10.0,12.064060000000001,0.1569414
-112.8873,-182.5659,10.0,17.98696,0.20237460000000002
-103.5796,-191.2606,10.0,18.59419,0.1662465
-103.4001,-205.9421,10.0,21.09941,0.18187060000000002
-104.4577,-221.9675,10.0,21.75988,-0.01491065
-105.9212,-240.1454,10.0,28.06748,0.33237740000000005
-103.0945,-261.6271,10.0,29.443140000000003,-0.0982457
-84.17376,-272.7,10.0,34.949740000000006,0.47584940000000003
-58.00274,-265.1661,10.0,38.45095,-0.08984344
-48.58859,-238.4794,10.0,41.80199,0.3657875
-43.64362,-207.0574,10.0,41.304959999999994,-0.3133059
-33.71116,-181.7326,10.0,32.64052,-0.5964600999999999
-18.08785,-167.1279,10.0,25.782320000000002,-0.23089389999999999
-6.434892,-158.9687,10.0,12.77028,-0.135664
3.683696,-151.7768,10.0,20.43607,-0.26719040000000005
12.8754,-140.6153,10.0,22.04573,0.8937229
6.600174000000001,-123.1624,10.0,29.15506,0.4972636
-6.61223,-103.8446,10.0,34.85671,0.45342619999999995
-10.44888,-79.31737,10.0,30.584359999999997,1.267667
-8.860902000000001,-54.2272,10.0,37.172579999999996,0.244052
-4.676202,-24.62443,10.0,43.3252,0.4256009
-2.300563,9.282276,10.0,48.37689,0.06013986
-16.18184,38.71868,10.0,42.5731,-0.05798165
-47.73962,44.96427,10.0,46.32748,0.3875586
-84.06583,44.18857,10.0,51.70932,0.37051290000000003
-122.2601,40.32934,10.0,45.780429999999996,-0.8202171
-147.2926,27.4688,10.0,37.49725,-0.1685983
-143.5741,0.5312104999999999,10.0,39.80343,0.3714244
-143.1087,-29.22454,10.0,35.373470000000005,-1.500031
-153.7736,-52.049170000000004,11.0,36.09426,0.1909722
-170.0179,-70.99299,11.0,27.89252,-0.6210125
-160.4548,-80.20644,11.0,19.9101,0.2169545
-147.4126,-69.81031999999999,11.0,25.34378,0.2278123
-128.5235,-76.15553,11.0,30.66868,0.4780196
-111.8937,-91.93464,11.0,30.16285,0.6871649999999999
-111.162,-116.21799999999999,11.0,34.77608,-0.2107197
-125.3916,-132.1731,11.0,27.437170000000002,0.311743
-143.7029,-124.1471,11.0,31.088859999999997,0.22328119999999999
-146.9223,-104.2717,11.0,12.18571,-2.8548709999999997
-155.9825,-100.5629,11.0,19.842589999999998,0.6755734
-166.7048,-111.9869,11.0,25.418860000000002,0.2071271
-166.0712,-133.2378,11.0,32.04934,0.2376091
-168.4885,-159.2473,11.0,38.2751,0.431809
-166.0813,-189.7025,11.0,44.27502,0.4382277
-163.5266,-224.3034,11.0,47.27669,-0.40843029999999997
-157.1947,-252.8495,11.0,30.673990000000003,-0.6844646
-137.7095,-259.2421,11.0,30.3379,-0.527351
-126.5737,-240.8214,11.0,32.9327,0.2160502
-126.3898,-214.0564,11.0,38.98574,0.44587669999999996
-126.5115,-187.5328,11.0,33.24315,-1.164405
-110.1083,-181.6909,11.0,24.52063,-0.3381396
-107.5884,-199.6919,11.0,28.38747,0.4369785
-105.6416,-222.8425,11.0,34.5035,0.4407460999999999
-106.5131,-250.5707,11.0,40.046240000000004,0.2455882
-88.28866,-271.9952,11.0,39.0892,-0.02018346
-59.2524,-266.1208,11.0,42.07878,-0.09105306
-47.08524,-238.3987,11.0,43.963429999999995,0.1959463
-42.17909,-204.0438,11.0,49.53714,0.1616848
-24.119979999999998,-171.8724,11.0,49.05145,-1.431335
0.2509307,-155.4662,11.0,33.23766,-1.2831700000000001
12.16509,-138.2442,11.0,24.72626,-0.3100865
6.132118,-121.7847,11.0,26.875890000000002,0.2527344
-5.812464,-103.1495,11.0,33.01717,0.21971970000000002
-10.28773,-76.83591,11.0,39.18992,0.411537
-7.749053,-45.77809,11.0,44.93785,0.40512059999999994
-2.032813,-10.89744,11.0,50.43298,0.35321690000000006
-7.074818,27.08547,11.0,50.195890000000006,-1.028284
-34.294579999999996,45.64495,11.0,46.16064,0.05180037
-70.30721,42.46045,11.0,51.34467,0.3927733
-110.2047,41.14975,11.0,54.90549,-1.180906
-143.5541,32.23887,11.0,42.58265,-0.4190021
-147.1585,3.8486309999999997,11.0,41.480740000000004,0.39820570000000005
-142.5136,-28.09735,11.0,44.76755,-0.4068145
-153.5779,-51.36642,12.0,27.56663,-0.47534709999999997
-168.7081,-62.908809999999995,12.0,25.47983,-1.228348
-156.3431,-72.1698,12.0,25.56547,0.2348939
-135.135,-72.42574,12.0,31.91112,0.40817729999999997
-113.5359,-85.60707,12.0,37.042,0.271412
-107.5552,-111.9891,12.0,34.5356,-1.1544860000000001
-121.0918,-128.6938,12.0,27.70488,-0.524031
-138.05100000000002,-132.343,12.0,21.76379,0.5073317
-146.3732,-117.501,12.0,27.217409999999997,0.2482951
-154.855,-101.1336,12.0,21.45659,-0.5767797
-166.8571,-107.0724,12.0,22.23925,0.8878065
-167.1372,-128.6778,12.0,35.24842,0.43956880000000004
-168.9843,-156.89,12.0,41.02705,0.37871520000000003
-166.6061,-189.4686,12.0,46.825359999999996,0.41693620000000003
-164.5615,-226.1404,12.0,51.797740000000005,-0.1280491
-154.3017,-255.9931,12.0,35.71045,-1.408867
-134.672,-252.9133,12.0,28.98975,0.2847002
-127.1422,-230.9697,12.0,34.27274,0.2390239
-126.9106,-203.9754,12.0,34.56949,-0.3464598
-122.7357,-181.6555,12.0,29.832309999999996,-0.5675279999999999
-106.6918,-187.1386,12.0,24.44069,-0.0995957
-110.3186,-206.5649,12.0,29.87892,0.4902845
-109.3809,-231.1609,12.0,36.39079,0.4529799
-103.4292,-259.5538,12.0,41.67568,0.0556165
-78.46274,-271.5247,12.0,40.09108,0.3285854
-50.19276,-259.7787,12.0,41.37723,-0.6101599
-49.48056,-234.7807,12.0,32.17369,-0.05721199
-52.94489,-219.1376,12.0,8.436701,-0.5774554000000001
-53.31564,-215.1252,12.0,2.555375,-0.33481459999999996
-52.66039,-216.4278,12.0,6.350166000000001,0.779891
-46.120709999999995,-218.2392,12.0,13.507470000000001,0.2287013
-41.95321,-208.5816,12.0,13.55986,-0.1396898
-41.34127,-197.5177,12.0,19.62388,0.5088387
-35.54688,-181.5127,12.0,26.485770000000002,0.2244205
-19.58011,-166.5921,12.0,32.88558,0.4688661
2.872137,-152.4041,12.0,37.49288,-0.12348139999999999
11.894169999999999,-130.2587,12.0,28.6317,-0.2035069
-1.4623979999999999,-110.0357,12.0,40.15676,1.191027
-10.64405,-76.64766999999999,12.0,52.31599,0.14162139999999998
-5.619961,-36.49725,12.0,57.071819999999995,0.1888925
-2.550513,6.613832,12.0,54.504430000000006,-0.8809559000000001
-11.87231,33.74924,12.0,34.65558,0.2070946
-35.18308,45.809670000000004,12.0,38.341190000000005,0.280568
-65.53123000000001,44.340790000000005,12.0,43.94453,0.20478529999999998
-100.1756,42.99418,12.0,49.51934,0.1822165
-136.5937,38.28881,12.0,47.88968,-0.01864212
-152.9048,17.71809,12.0,17.69589,-0.960779
-153.5717,12.60882,12.0,2.56906,0.6443603
-148.8884,11.35875,12.0,10.8024,0.5271918999999999
-146.4315,1.099025,12.0,18.41585,0.2875007
-144.0941,-15.146579999999998,12.0,25.667070000000002,0.2560121
-141.9162,-33.64078,13.0,4.0475970000000006,0.6212147
-143.2065,-39.54557,13.0,12.21716,0.2863388
-150.1299,-48.98127,13.0,19.65672,0.4933758
-164.5351,-58.02029,13.0,26.16195,0.8337336
-164.3947,-72.71177,13.0,17.98922,-0.1702015
-151.5326,-75.84219,13.0,20.98235,0.20033900000000002
-136.9791,-72.25468000000001,13.0,18.28061,0.18494760000000002
-120.948,-76.50397,13.0,26.15099,0.4369541
-108.1766,-93.20481,13.0,31.81198,0.3729976
-110.7129,-117.6199,13.0,36.07522,0.2770538
-133.0929,-132.4931,13.0,35.84389,-1.601097
-145.9961,-123.7916,13.0,10.75959,-1.767755
-140.7276,-123.0266,13.0,10.81167,0.12163399999999999
-139.4548,-122.6766,13.0,5.131818,-0.2941688
-144.7304,-125.8797,13.0,9.635651,-0.21533920000000004
-145.5196,-129.1456,13.0,0.8845195,0.7221781999999999
-144.3561,-125.2875,13.0,10.02407,0.6400661
-140.0791,-115.8028,13.0,18.020129999999998,0.2660052
-145.6609,-101.4994,13.0,24.7065,0.1930105
-162.5576,-100.9919,13.0,22.92062,-0.23300259999999998
-167.2379,-118.5079,13.0,29.52699,0.5134619
-167.5662,-142.9589,13.0,36.5007,0.4854487
-167.8449,-172.5875,13.0,43.0878,0.4734344
-167.9416,-206.8059,13.0,49.28564,0.44792150000000003
-164.5187,-243.9451,13.0,47.24754,-0.6521459
-138.2338,-257.0985,13.0,36.94613,-0.8240146
-127.6257,-239.0943,13.0,32.63022,0.381203
-127.4504,-211.0443,13.0,41.284690000000005,-0.09613518
-126.0775,-187.0145,13.0,16.73353,-2.171732
-117.1064,-181.4108,13.0,16.551920000000003,0.5687564
-106.3469,-190.8078,13.0,24.013,0.23788649999999997
-105.3893,-210.9756,13.0,30.95767,0.2450641
-108.0586,-236.2905,13.0,37.52066,0.3455328
-96.79437,-263.2271,13.0,42.2317,0.1948041
-68.17059,-271.4371,13.0,42.62592,-0.01223814
-49.79313,-247.976,13.0,43.16348,0.1460131
-47.3754,-214.4385,13.0,44.23489,-1.4249399999999999
-33.8649,-186.1515,13.0,44.8438,0.4072446
-9.236203999999999,-160.5582,13.0,50.75527,0.41595379999999993
9.921926,-129.5695,13.0,45.57496,-0.43202959999999996
-3.5047260000000002,-106.2112,13.0,32.24625,-0.3859634
-7.863882,-86.05968,13.0,32.349540000000005,0.2629656
-5.794477,-59.65395,13.0,39.14346,0.48216359999999997
-5.04431,-28.27185,13.0,45.573570000000004,0.45201759999999996
-3.7844059999999997,7.7279539999999995,13.0,51.47622,0.1853912
-15.585220000000001,38.620459999999994,13.0,36.28111,-0.9146764000000001
-33.60066,38.2208,13.0,15.16056,-1.1707969999999999
-35.09446,32.58482,13.0,0.07438635,-0.150574
-35.14457,32.59179,13.0,0.05834935,-0.002591815
-34.970290000000006,33.06231,13.0,3.5407370000000005,0.6100826
-33.80773,38.4641,13.0,11.079130000000001,0.47771359999999996
-32.28358,44.403079999999996,13.0,3.1785330000000003,-0.7263195
-32.74794,43.52015,13.0,5.542749,0.5884507
-38.99329,41.31445,13.0,13.21626,0.28419959999999994
-50.99474,44.708940000000005,13.0,20.38417,0.5031218
-68.53879,44.48229,13.0,26.99098,0.22313179999999996
-90.70616,41.90722,13.0,33.20786,0.41300870000000006
-117.4715,42.66897,13.0,38.793659999999996,0.32525640000000006
-143.0734,30.045409999999997,13.0,38.156940000000006,-0.07104498
-147.3857,2.084115,13.0,41.26406,0.385311
-144.5973,-30.32167,13.0,45.90829,-0.04655996
-156.1997,-55.80545,14.0,31.181790000000003,-0.2828698
-161.1382,-71.55219,14.0,24.03485,0.37610759999999993
-142.4963,-75.59453,14.0,29.541259999999998,0.23084610000000003
-120.46799999999999,-82.61891999999999,14.0,34.18975,0.16523010000000002
-109.4195,-105.8277,14.0,37.29557,0.15796029999999997
-123.6295,-129.0715,14.0,39.16641,0.04195318
-145.0848,-126.8381,14.0,22.70027,-1.258969
-145.84,-119.9594,14.0,1.506635,0.10222389999999999
-146.7471,-118.9238,14.0,1.864523,-0.01057538
-147.5563,-118.0186,14.0,1.4346379999999999,-0.02124509
-149.4553,-117.2179,14.0,3.989301,-0.03458263
-150.7175,-117.3703,14.0,2.699937,0.686842
-146.6057,-114.1274,14.0,11.46107,0.6002125
-145.5742,-103.3839,14.0,18.793789999999998,0.21607329999999997
-159.0467,-97.1003,14.0,23.869529999999997,0.2419739
-168.0379,-112.3686,14.0,28.26132,0.2363748
-166.2986,-135.8547,14.0,35.2514,0.24673789999999998
-166.6945,-164.5062,14.0,42.02748,0.47446320000000003
-167.2362,-198.0091,14.0,48.39005,0.44689350000000005
-165.5814,-235.5801,14.0,49.66239,-0.7125241
-147.6187,-254.7842,14.0,23.89394,-2.181483
-141.7443,-251.5058,14.0,4.271178,-0.15698370000000003
-140.7714,-249.2284,14.0,4.574347,0.1810088
-134.7784,-248.5495,14.0,12.22768,-0.1120857
-125.2461,-251.7715,14.0,12.3321,-0.1654434
-120.9303,-245.9018,14.0,12.46574,0.6401875
-124.137,-233.5322,14.0,21.39905,0.27551950000000003
-126.79799999999999,-215.0433,14.0,28.987409999999997,0.5280553000000001
-127.4894,-190.9634,14.0,35.1558,-0.4258571
-111.4701,-179.5883,14.0,23.84881,-0.8983045000000001
-105.4822,-196.6428,14.0,33.86765,1.3953280000000001
-107.4156,-229.1841,14.0,53.76493000000001,1.3237809999999999
-93.16315,-265.9136,14.0,48.67863,-1.2775379999999998
-61.16209,-269.0476,14.0,45.86945,-0.4514728
-48.30182,-241.3965,14.0,44.15262,0.43777269999999996
-45.7552,-207.4189,14.0,48.421690000000005,0.14505520000000002
-23.63981,-177.1652,14.0,53.43781,0.1846057
4.7957730000000005,-147.5768,14.0,54.65616,-0.7340305
6.451107,-119.5642,14.0,28.43877,-0.3147115
-4.529395,-102.8009,14.0,29.92555,0.466708
-5.187292,-78.25414,14.0,36.636959999999995,0.2510378
-2.92912,-48.6991,14.0,43.327909999999996,0.4748052
-2.228084,-14.2068,14.0,49.59317,0.4440928
-5.247908,23.97074,14.0,49.39143,-1.391637
-29.56258,42.8267,14.0,43.19534,0.1332545
-63.58866,40.368790000000004,14.0,48.93285,0.47600950000000003
-102.0266,40.54779,14.0,54.795880000000004,0.42300079999999995
-137.7134,36.98874,14.0,37.97186,-0.6100821
-145.0282,22.295939999999998,14.0,6.242497,-2.477188
-142.7845,23.57701,14.0,4.965281,-0.3273021
-141.2527,25.51381,14.0,2.006237,1.008022
-144.2789,22.19671,14.0,9.177047,0.3486413
-149.4181,21.98021,14.0,2.370868,-0.3899683
-147.8309,21.03059,14.0,7.150848,0.33637399999999995
-142.4446,14.471639999999999,14.0,15.851679999999998,0.2952497
-140.7979,-0.10034689999999999,14.0,23.99529,0.582155
-142.6294,-20.77144,14.0,31.755779999999998,0.26143289999999997
-141.864,-36.25825,1.0,6.245165,1.060185
-143.1112,-44.7795,1.0,16.160420000000002,0.627529
-153.5757,-55.19569,1.0,24.39471,0.605485
-162.569,-70.79899999999999,1.0,26.54363,-0.1458887
-147.62,-73.81775,1.0,24.77691,0.4906576
-135.9708,-68.38029,1.0,7.239469000000001,0.19098310000000002
-135.8601,-68.27927,1.0,0.02613234,-0.0006665039
-135.8416,-68.28194,1.0,0.026172700000000004,0.0221593
-135.8259,-68.28373,1.0,0.01914701,-0.008632746
-136.0644,-70.45647,1.0,4.660506,0.04406055
-135.6481,-73.72615,1.0,4.116256,-0.03112389
-136.5597,-76.23601,1.0,3.351732,-0.20692280000000002
-135.5927,-75.69622,1.0,6.213914,0.6535834
-127.8509,-75.47466,1.0,14.97945,0.3151434
-117.5121,-83.83569,1.0,22.40739,0.5530396
-110.4902,-101.9528,1.0,29.84743,0.4655626
-116.6708,-124.5916,1.0,35.22081,0.3400982
-139.7859,-131.9358,1.0,29.60802,-0.6977774999999999
-144.991,-117.6414,1.0,22.07903,0.12421019999999999
-138.4577,-108.7079,1.0,0.02895432,0.08395409
-138.4582,-108.7248,1.0,0.02264425,-0.03444681
-138.4607,-108.7404,1.0,0.08319443,0.1471973
-141.7673,-108.1458,1.0,8.127286999999999,0.04647873
-145.7147,-110.8152,1.0,0.8333999,-0.635184
-144.6275,-108.2348,1.0,8.254583,0.6139023
-146.945,-99.75085,1.0,16.2926,0.2799197
-158.739,-96.15392,1.0,15.907329999999998,-0.1838813
-165.9754,-104.5688,1.0,20.48219,0.6265299
-168.4566,-124.7486,1.0,33.63561,0.8724436
-165.0221,-151.4932,1.0,40.96825,-0.06776367
-165.3079,-177.9153,1.0,32.284420000000004,-0.49320649999999994
-167.9323,-201.9135,1.0,39.12749,0.7552688
-166.4231,-230.8335,1.0,35.83374,-0.2800519
-156.3185,-249.6994,1.0,25.50015,-0.31704590000000005
-136.3224,-248.88,1.0,30.1532,0.2920583
-121.81200000000001,-234.8581,1.0,23.972089999999998,-0.5721841
-131.1623,-220.0538,1.0,23.16477,-1.1709969999999998
-123.4204,-206.128,1.0,19.75864,-0.2892781
-124.8475,-193.02,1.0,17.03729,-0.3604978
-119.4202,-184.1754,1.0,18.09544,1.171685
-110.844,-191.5544,1.0,15.850270000000002,-0.2629764
-110.0683,-202.2832,1.0,13.81681,-0.0009428347000000001
-109.3142,-215.6258,1.0,22.11968,0.27712709999999996
-107.316,-234.7506,1.0,29.727320000000002,0.5291003000000001
-100.448,-258.0853,1.0,36.038509999999995,0.3419966
-77.16891,-271.5255,1.0,39.1619,0.05136182
-54.242259999999995,-256.1206,1.0,39.67025,0.0008001956
-50.93649,-225.9166,1.0,43.7624,0.31586770000000003
-36.00571,-195.2277,1.0,48.837540000000004,0.414126
-10.92041,-166.3213,1.0,54.57594,0.423509
10.97235,-130.5851,1.0,56.31853,-1.7439799999999999
10.63884,-105.6466,1.0,11.06193,-2.65105
9.804096000000001,-104.2703,1.0,0.4998194,-0.04198711
10.42517,-104.681,1.0,4.051908999999999,0.46889309999999995
14.715320000000002,-107.1053,1.0,8.587266,-0.03727257
18.523989999999998,-106.9214,1.0,0.422942,-0.3814788
15.65688,-107.8313,1.0,8.397027,0.3095912
7.347836,-111.7711,1.0,15.64065,0.1849235
-0.27727329999999994,-104.262,1.0,19.955379999999998,0.2530156
0.5077673,-87.06415,1.0,26.641859999999998,0.29179299999999997
-4.898263,-65.4778,1.0,33.41454,0.2382125
-5.935482,-38.25939,1.0,40.08542,0.4828010999999999
-6.345409,-6.223553,1.0,46.335159999999995,0.44558159999999997
-7.895681,29.21247,1.0,43.99426,-1.243649
-20.81551,44.655190000000005,1.0,14.206760000000001,-0.4841415
-30.24628,38.32039,1.0,18.96014,0.24092049999999998
-46.78067,39.32415,1.0,26.17578,0.5224489999999999
-68.74476999999999,39.55376,1.0,33.1702,0.23772510000000002
-95.83381,39.76815,1.0,39.886070000000004,0.4705076
-127.4957,40.54397,1.0,41.70427,-1.748891
-144.5432,28.49398,1.0,18.96203,-1.6248340000000001
-139.12,24.77789,1.0,10.0374,0.25839
-137.7517,24.24527,1.0,0.06193158,0.004232777
-137.7516,24.205170000000003,1.0,0.09516931,0.26801479999999994
-140.6797,24.61833,1.0,7.772578,0.3929198
-147.9563,24.40115,1.0,9.866813,-0.8384822000000001
-151.2177,25.41715,1.0,0.22051030000000002,0.3657848
-148.5899,23.51355,1.0,8.547996000000001,0.29309359999999995
-147.8536,14.82036,1.0,15.86607,0.5015156
-151.7249,1.621118,1.0,21.93893,0.44296620000000003
-147.3316,-16.54891,1.0,28.588040000000003,0.47410399999999997
-146.7741,-39.900529999999996,2.0,34.08813,-0.01403558
-164.1059,-55.79367,2.0,32.17348,-0.31527859999999996
-161.6656,-72.55649,2.0,19.18072,-1.368261
-155.9095,-68.71297,2.0,9.496635000000001,0.3604625
-155.6951,-68.52771,2.0,0.04249752,-0.02279294
-155.7859,-68.84209,2.0,2.719732,0.2864273
-156.3223,-72.29006,2.0,5.038797,-0.05138954
-156.9879,-75.15425,2.0,0.5956676,-0.6551504
-154.5793,-73.24854,2.0,8.935595,0.6818193
-145.4961,-75.32661,2.0,17.334,0.303375
-132.8854,-82.2822,2.0,19.10683,-0.141153
-120.6324,-86.92509,2.0,19.97326,0.5720189
-110.6355,-104.1794,2.0,31.501170000000002,-0.1485486
-119.8175,-125.0362,2.0,33.126129999999996,-0.1134392
-141.0472,-128.9976,2.0,25.28592,-1.223942
-142.2092,-115.6991,2.0,22.48325,0.29629240000000007
-142.7142,-102.7487,2.0,18.975579999999997,0.1061665
-157.4509,-103.2289,2.0,19.69339,-0.5596803000000001
-161.0158,-114.8254,2.0,16.60783,0.0432399
-164.1125,-127.8953,2.0,21.74587,1.0113299999999998
-165.3667,-146.9777,2.0,29.7206,0.2835887
-165.3985,-171.9127,2.0,37.297540000000005,0.5475420999999999
-165.7876,-202.1704,2.0,44.33255,0.23116060000000002
-164.6857,-236.9392,2.0,42.2351,-4.2550550000000005
-153.2035,-251.391,2.0,23.86647,0.48281599999999997
-132.9225,-250.7598,2.0,30.57347,-0.08719459
-126.8508,-234.3532,2.0,25.954279999999997,0.3506573
-125.7372,-211.9349,2.0,34.71321,0.45729849999999994
-125.0874,-187.2995,2.0,20.045560000000002,-2.6571
-116.8852,-184.2279,2.0,14.415579999999999,0.42836759999999996
-110.6835,-194.7141,2.0,21.49479,0.6056889
-109.1315,-213.6297,2.0,29.549020000000002,0.5929701
-105.8846,-238.1597,2.0,37.05537,0.5186024
-93.52414,-264.6279,2.0,42.18524,0.02042434
-65.33183000000001,-267.3828,2.0,40.949729999999995,0.09997452
-48.71293,-242.8371,2.0,42.38028,0.15477910000000003
-47.10904,-209.5974,2.0,47.73782,0.2624402
-26.01204,-180.0056,2.0,52.40019,0.44982700000000003
1.012622,-149.1781,2.0,55.79278000000001,-1.548355
7.5261960000000006,-124.9528,2.0,17.86744,-0.3864264
-2.9977720000000003,-113.6156,2.0,24.772579999999998,0.518517
-6.809407000000001,-93.318,2.0,31.911009999999997,0.28087929999999994
-6.724124000000001,-66.8938,2.0,39.3124,0.5212326
-6.8667050000000005,-35.14265,2.0,46.26818,0.4841867
-7.333416000000001,1.538583,2.0,52.741719999999994,0.2244049
-12.35074,38.11143,2.0,40.1265,-1.243239
-25.78535,45.95263,2.0,4.373851999999999,-2.388325
-25.65069,42.998509999999996,2.0,8.315269,0.28935140000000004
-33.37672,40.11352,2.0,16.4058,0.6105524
-47.13805,46.42577,2.0,24.18704,0.2207646
-67.42942,43.94942,2.0,31.571170000000002,0.5432658
-93.52515,41.5919,2.0,38.94031,0.5420501999999999
-124.9128,40.19103,2.0,45.77818,0.4361397
-149.6304,26.52303,2.0,27.10833,-2.201303
-149.3489,19.00843,2.0,3.110991,0.6418934000000001
-144.4204,17.750320000000002,2.0,11.71456,0.6002069999999999
-145.4674,6.756608,2.0,19.71486,0.5978055
-150.543,-8.607011,2.0,25.5383,0.24933670000000002
-145.9733,-29.769000000000002,2.0,32.9054,0.5130060000000001
-143.2503,-40.11773,3.0,11.55171,-0.02290501
-147.9322,-48.23457,3.0,17.28201,0.9073616
-158.8536,-53.64716,3.0,15.11359,-0.1162527
-166.4362,-58.96321,3.0,11.167589999999999,-0.1303377
-164.8796,-66.27679,3.0,11.92742,0.6650428
-155.2366,-72.40906,3.0,19.74202,0.550603
-137.8145,-72.87954,3.0,27.35902,0.5382178000000001
-118.9316,-82.04355,3.0,26.34127,-0.20989270000000002
-108.7735,-96.66593,3.0,25.65134,1.1360059999999998
-109.8098,-116.8325,3.0,25.34787,-0.2085033
-119.7719,-129.9116,3.0,20.11143,-0.299412
-135.9115,-133.0585,3.0,23.26794,-0.30907140000000005
-144.4838,-117.0308,3.0,32.32953,0.7326581999999999
-156.3012,-103.5866,3.0,16.84989,-0.4330772
-165.887,-111.2991,3.0,21.62708,0.266034
-168.5231,-130.0892,3.0,29.60152,0.5478026999999999
-169.5537,-154.7279,3.0,36.93594,0.5368898
-167.3169,-184.5697,3.0,43.90968,0.49902920000000006
-164.2016,-219.4144,3.0,49.95435,0.09999677
-159.2557,-252.7908,3.0,38.58757,-0.8296189
-139.6892,-256.5781,3.0,26.16893,0.5761050999999999
-125.9108,-239.5151,3.0,32.754940000000005,0.13766779999999998
-128.2861,-214.0416,3.0,37.48372,-0.2950345
-125.9027,-188.4684,3.0,31.47066,-0.270492
-112.1194,-179.2746,3.0,22.02737,-0.2381514
-110.0766,-194.2696,3.0,25.0143,0.22791170000000002
-105.1136,-214.5443,3.0,31.71508,-0.2685502
-105.723,-236.6158,3.0,27.43546,-0.07438093
-103.6355,-259.5953,3.0,36.10342,0.13055
-81.67368,-271.4268,3.0,36.893570000000004,0.3799234
-61.85825,-268.7596,3.0,14.98521,-0.9943466000000001
-56.236819999999994,-266.7374,3.0,1.808039,-0.8122598000000001
-57.06995,-267.3166,3.0,1.081373,-0.1858483
-56.47877,-266.7936,3.0,4.23457,0.2418205
-53.4089,-263.1926,3.0,7.7050410000000005,0.05496905
-48.49437,-263.2932,3.0,4.059031,-0.4357402
-48.835190000000004,-262.5147,3.0,5.8239410000000005,0.5722543000000001
-50.00772,-255.3582,3.0,14.063770000000002,0.29475890000000005
-46.67568,-242.3923,3.0,21.91905,0.2790135
-43.84473,-223.6086,3.0,29.29468,0.5228699
-40.98059,-199.4302,3.0,36.20178,0.2078985
-25.99908,-176.3868,3.0,40.58115,0.4640272
-6.263287999999999,-157.3462,3.0,26.706159999999997,-1.6233819999999999
6.7953600000000005,-147.03,3.0,19.86296,-0.3542676
11.82813,-135.5881,3.0,15.0654,-0.306359
8.246075,-124.5945,3.0,18.988770000000002,0.26924790000000004
-1.740898,-111.1451,3.0,26.28415,0.5171975999999999
-8.981878,-90.21834,3.0,33.25012,0.45351309999999995
-10.147210000000001,-63.33851,3.0,39.629740000000005,0.2273859
-5.795552,-31.82674,3.0,45.93908,0.5036356
-3.431375,0.03038201,3.0,34.09957,-1.2351020000000001
-4.653981,13.83179,3.0,5.151633,-1.700591
-5.388566,17.93855,3.0,9.766183999999999,0.3101409
-8.109213,27.96925,3.0,18.11078,0.2864813
-18.557579999999998,39.80956,3.0,25.265710000000002,0.27644050000000003
-38.82882,45.01507,3.0,31.8653,0.5100992999999999
-65.04395,44.688590000000005,3.0,38.7886,0.477463
-96.14748,42.886720000000004,3.0,45.33596,0.4663331
-129.6153,39.10414,3.0,42.24754,-1.24013
-150.2993,23.5627,3.0,33.5656,-0.3412756
-143.6061,-0.06217665,3.0,35.00013,0.2577179
-144.7572,-28.13928,3.0,40.96148,0.4674997
-150.8817,-52.65282,4.0,22.07807,-1.119393
-164.7127,-55.41741,4.0,19.29097,-0.1526703
-164.7231,-67.86333,4.0,22.22719,0.476099
-147.1254,-72.55953000000001,4.0,28.625459999999997,0.26241859999999995
-124.7993,-78.90057,4.0,34.80275,0.36440959999999994
-108.795,-100.7745,4.0,39.33384,0.02319612
-117.9036,-126.2655,4.0,37.29558,-0.2114091
-141.0772,-129.2213,4.0,31.54161,-0.1673343
-144.1267,-107.992,4.0,30.978720000000003,-0.3925098
-155.4585,-99.02013000000001,4.0,16.585639999999998,0.6072261999999999
-165.7755,-109.7941,4.0,24.67509,0.5083643
-169.3511,-130.4526,4.0,31.96922,0.5228356
-169.646,-156.5284,4.0,38.65068,0.23419970000000004
-166.7909,-187.5291,4.0,45.216359999999995,0.2230248
-163.6128,-222.9902,4.0,49.330729999999996,-0.1643786
-159.3122,-250.3709,4.0,21.26752,-0.5055648
-146.611,-257.3922,4.0,21.97018,0.5531802
-131.22799999999998,-251.9509,4.0,25.82895,0.4130674
-125.2709,-230.8928,4.0,32.82966,0.4354259
-128.7015,-204.733,4.0,38.83352,0.39415520000000004
-119.1702,-178.9161,4.0,35.51912,-1.223408
-99.92957,-183.6724,4.0,25.14378,-0.32922009999999996
-108.4608,-195.0515,4.0,23.47042,0.23105789999999998
-114.5549,-201.5502,4.0,0.03153441,-0.01013861
-114.555,-201.5542,4.0,0.01017463,-0.009161065
-113.1335,-201.7997,4.0,4.593618,0.26973559999999996
-109.8219,-199.1462,4.0,4.7652019999999995,-0.6637316
-109.6589,-198.7125,4.0,3.271116,0.5225684
-108.8395,-203.718,4.0,10.36559,0.26012240000000003
-106.7839,-213.7404,4.0,17.0788,0.4604891
-105.1547,-228.5965,4.0,23.24792,0.2202172
-105.7865,-247.9994,4.0,28.87135,0.1732156
-95.25565,-267.6496,4.0,32.59446,0.1605743
-71.21776,-270.7639,4.0,35.435520000000004,0.1507697
-50.67941,-254.5703,4.0,36.87761,-0.0720591
-49.14883,-225.9694,4.0,40.72272,0.1317564
-40.53541,-195.6506,4.0,44.86534,0.28488020000000003
-18.55774,-170.0108,4.0,46.525459999999995,-0.0979699
2.287208,-151.0673,4.0,23.506529999999998,-1.814702
11.98516,-139.7938,4.0,16.94507,-0.26387209999999994
9.296035,-126.2285,4.0,23.95335,0.3893969
-2.740166,-110.5337,4.0,29.301740000000002,0.34756279999999995
-9.420832,-87.86698,4.0,34.509170000000005,0.3759264
-10.14373,-60.54364,4.0,39.44448,0.3572896
-4.783375,-30.00928,4.0,44.17129,0.32935770000000003
-1.7939189999999998,4.051282,4.0,48.04205,0.09209038
-10.482289999999999,32.50874,4.0,26.76725,1.040669
-29.088729999999998,43.06607,4.0,31.76152,0.170236
-54.457390000000004,43.38256,4.0,36.83355,0.18253640000000002
-83.66496,43.203959999999995,4.0,41.81351,0.15863470000000002
-115.506,40.53629,4.0,42.43414,-0.6143063
-137.3948,37.11699,4.0,14.581470000000001,-0.1913665
-145.9275,28.53957,4.0,19.73631,0.42004490000000005
-147.792,12.02828,4.0,25.44813,0.21529
-143.8028,-8.553162,4.0,31.13715,0.3940494
-142.1657,-33.24445,4.0,33.93891,-0.3645685
-153.2287,-50.83381,5.0,26.98756,0.2895612
-168.6532,-62.320240000000005,5.0,21.587239999999998,-0.6193946
-160.0068,-69.5854,5.0,15.776489999999999,-0.4442004
-145.8228,-71.71842,5.0,23.29413,0.4191465999999999
-127.1366,-76.97140999999999,5.0,29.034709999999997,0.4042633
-110.1054,-91.90479,5.0,33.04379,0.09087198
-110.5879,-116.3158,5.0,33.61864,-0.1108384
-125.9744,-132.7857,5.0,28.51241,-0.8280999
-141.27700000000002,-126.1385,5.0,23.68386,0.2570404
-148.0795,-108.0924,5.0,28.71935,0.3416157
-163.9967,-101.6115,5.0,18.08771,-1.264151
-164.5343,-113.2066,5.0,17.30525,0.3661008
-167.1478,-129.1735,5.0,26.96087,1.201578
-168.56400000000002,-155.8362,5.0,44.36005,0.20053429999999997
-164.7796,-190.9221,5.0,50.498129999999996,0.24001999999999998
-164.27900000000002,-224.2077,5.0,30.2457,-1.265189
-163.1016,-240.4007,5.0,18.57412,-0.37065909999999996
-158.977,-251.3676,5.0,14.93617,-0.05211835
-147.0551,-259.7995,5.0,24.72937,0.1907395
-130.207,-250.6135,5.0,32.152,0.9812348
-125.6524,-223.1721,5.0,41.82188,0.5144404
-128.7511,-197.7148,5.0,21.80065,-0.5016951
-124.2954,-185.1042,5.0,15.17264,-0.2280228
-110.7017,-183.0059,5.0,24.06832,0.3465413
-102.4507,-198.5196,5.0,28.15022,0.33325429999999995
-103.7113,-223.0707,5.0,36.341159999999995,0.2487831
-105.492,-249.7503,5.0,33.069179999999996,-0.5819278
-95.36661,-268.3784,5.0,30.3947,0.13262120000000002
-72.06636,-271.2215,5.0,34.37341,0.1340066
-52.50168000000001,-255.4636,5.0,36.269490000000005,0.1993579
-47.678740000000005,-227.2698,5.0,40.909259999999996,0.3735213
-41.28703,-195.9612,5.0,45.33253,0.12922039999999999
-20.79123,-168.6286,5.0,47.95745,-0.07017936
-2.973891,-156.1162,5.0,14.07187,-0.18847750000000002
4.165139,-151.1621,5.0,9.528945,-0.1554657
8.471565,-147.3722,5.0,7.345986,0.2548348
12.69472,-140.6518,5.0,14.08659,0.2339442
10.913210000000001,-128.3763,5.0,20.11939,0.41044719999999996
0.7996340999999999,-114.6534,5.0,25.932579999999998,0.1935305
-7.548429,-95.13635,5.0,31.40636,0.3853159
-10.68031,-70.22945,5.0,36.47749,0.1637525
-6.417168,-41.721959999999996,5.0,41.34128,0.16772079999999998
-1.752103,-9.705332,5.0,46.01106,0.31605170000000005
-4.209085,18.21089,5.0,27.10336,-3.9657690000000003
-7.708260000000001,27.335279999999997,5.0,12.89198,0.6798694000000001
-14.884360000000001,37.39692,5.0,19.81542,0.20108810000000002
-30.047140000000002,44.32489,5.0,25.49344,0.38664899999999996
-50.97356,45.24569,5.0,31.11065,0.3937417
-76.00066,44.47084,5.0,36.45828,0.19381289999999998
-104.8774,42.616409999999995,5.0,41.48491,0.1723024
-131.4683,39.71102,5.0,23.087870000000002,-2.6865580000000002
-143.8747,31.50511,5.0,23.20318,0.18606570000000003
-148.0549,12.98119,5.0,28.46785,0.3645261
-143.519,-9.590625,5.0,33.787259999999996,0.38472540000000005
-142.6782,-34.60622,6.0,28.52225,-3.1427549999999997
-146.6154,-45.77182,6.0,14.3467,1.064703
-156.7283,-54.26481999999999,6.0,17.50228,-0.41828509999999997
-165.6038,-59.9738,6.0,12.27785,-0.0226975
-161.8949,-70.53004,6.0,21.32826,0.7924889
-142.6696,-71.56213000000001,6.0,33.55892,0.9080808000000001
-117.3472,-82.98499,6.0,42.04332,-0.01294762
-111.4203,-108.2709,6.0,31.588990000000003,-3.4443660000000005
-117.0291,-119.321,6.0,10.9188,0.456239
-121.8648,-130.1073,6.0,18.95291,-0.2762869
-134.1305,-133.6987,6.0,20.60834,0.3922364
-144.4145,-121.1708,6.0,26.05317,0.5322998000000001
-148.6196,-105.8145,6.0,9.264889,-1.857521
-153.5613,-102.0334,6.0,11.366439999999999,0.6984545
-163.8019,-102.5878,6.0,15.49419,-0.08661579
-167.2827,-115.7087,6.0,24.477220000000003,0.5184957
-168.8784,-138.9668,6.0,37.867470000000004,0.8469998
-168.3375,-171.3294,6.0,49.11246,0.7374682
-164.6459,-210.4921,6.0,52.512069999999994,-0.8518841999999999
-163.0378,-244.9991,6.0,38.83243,-0.5367141
-147.7858,-258.2461,6.0,23.86625,-0.2817757
-133.371,-253.7426,6.0,20.06984,0.4853505
-125.6628,-237.7583,6.0,27.255409999999998,0.4064753
-126.0078,-215.6552,6.0,32.59837,0.3960023
-128.4614,-190.6703,6.0,29.72008,-1.287409
-118.557,-182.0612,6.0,19.59584,0.3624102
-105.6257,-190.5882,6.0,24.15823,0.3314225
-102.63,-209.9606,6.0,29.41995,0.197473
-105.1986,-233.729,6.0,34.85665,0.19052679999999997
-103.2901,-261.0604,6.0,38.647940000000006,-0.09186619
-81.40049,-272.2569,6.0,31.953979999999998,-0.3327079
-61.308209999999995,-267.1236,6.0,24.309739999999998,-0.2695177
-50.14788,-254.6862,6.0,27.397740000000002,0.8093814
-46.20091,-232.6033,6.0,32.94762,0.2033188
-43.19191,-206.4149,6.0,38.18906,0.3578044
-32.568329999999996,-179.3795,6.0,40.90204,0.12963070000000002
-8.715836999999999,-161.3701,6.0,32.50205,-1.237783
2.635132,-152.7022,6.0,12.678239999999999,-0.3457659
9.294179,-146.5387,6.0,13.115789999999999,0.27139070000000004
12.853069999999999,-135.4954,6.0,20.10445,0.6186813
3.75006,-120.1636,6.0,30.50452,1.068608
-7.686236,-95.36486,6.0,44.417759999999994,1.014268
-9.048863,-57.77693000000001,6.0,56.943690000000004,0.8531284
-1.704227,-13.79217,6.0,61.26574,-1.13696
-5.253394,19.83401,6.0,25.20083,-2.517642
-12.12042,34.38264,6.0,23.08859,0.2111745
-29.64153,44.06882,6.0,33.05975,0.8626995000000001
-59.38554,44.99986,6.0,47.775459999999995,0.4998188
-99.96471,43.2066,6.0,59.017230000000005,-0.9209313
-125.1194,39.75888,6.0,14.755460000000001,-0.1793489
-135.1219,37.67974,6.0,17.41086,0.6847619
-146.7852,27.024929999999998,6.0,24.88182,0.16657160000000001
-146.7967,6.683534,6.0,30.28326,0.2008366
-141.9121,-17.34684,6.0,35.65675,0.35531890000000005
-141.971,-35.33704,7.0,8.280951,0.5017646
-143.8161,-43.801790000000004,7.0,15.010729999999999,0.45525590000000005
-153.6587,-52.208290000000005,7.0,20.81641,0.21824000000000002
-167.0969,-61.44223,7.0,21.35671,-0.335867
-165.4152,-73.54101999999999,7.0,15.601770000000002,0.04247519
-153.7486,-76.80885,7.0,18.74821,0.2783211
-139.483,-73.19659,7.0,20.66077,0.1092191
-123.4289,-76.46758,7.0,25.42326,0.48632079999999994
-109.5466,-92.69873,7.0,31.474970000000003,0.2098362
-111.3977,-116.624,7.0,34.793859999999995,0.1588082
-132.4938,-131.6363,7.0,36.68951,-0.2233328
-147.6445,-122.6047,7.0,16.04243,-0.7542303000000001
-143.2289,-115.2489,7.0,12.23782,0.8321339
-147.3486,-104.4573,7.0,16.53685,-0.139203
-159.62,-102.2303,7.0,20.52368,0.1152736
-166.3586,-114.882,7.0,19.79324,-0.02580404
-166.174,-131.3921,7.0,26.14754,0.6907411
-169.0357,-155.7257,7.0,40.22165,0.9690175999999999
-169.8507,-190.2176,7.0,52.54399,0.4123912
-168.6916,-229.3529,7.0,48.21046,-0.8315396
-156.9999,-252.3156,7.0,27.97928,-0.7793781
-139.6204,-253.8318,7.0,21.511860000000002,0.07656462
-126.7114,-244.0804,7.0,24.60839,0.2529766
-125.9888,-222.1485,7.0,32.987790000000004,0.2020253
-126.155,-195.7273,7.0,38.196090000000005,0.1986923
-118.0004,-179.6614,7.0,14.613079999999998,-0.5535638
-110.2269,-187.6489,7.0,20.08313,0.4196219
-108.9459,-204.7032,7.0,26.07977,0.4119127
-108.6304,-226.1268,7.0,31.74222,0.1936591
-105.7295,-251.2118,7.0,36.40674,0.27136570000000004
-86.80814000000001,-270.7953,7.0,39.03001,0.12504
-59.40469,-266.8478,7.0,39.31758,0.005125948
-49.49672,-240.1595,7.0,41.13617,0.17278010000000002
-45.55843,-208.3864,7.0,45.0203,0.02351712
-24.72801,-181.4314,7.0,48.36843,0.3430404
0.009628531,-153.2327,7.0,51.1699,-0.9268523000000001
8.997667999999999,-128.5451,7.0,24.477339999999998,-0.3421862
-1.453897,-112.2058,7.0,30.449509999999997,0.3917468
-5.4675519999999995,-86.79314000000001,7.0,42.85964,1.36406
-1.06055,-48.70415,7.0,60.13355,1.1070389999999999
-1.810566,-0.10379160000000001,7.0,64.40658,-0.993775
-9.695345,37.00244,7.0,35.22875,-0.6360026
-31.37602,41.11789,7.0,35.216609999999996,0.6661012
-60.61671,40.47715,7.0,42.10751,0.3482482
-93.60915,40.6479,7.0,46.79157,0.3351329
-129.6925,40.5878,7.0,48.265859999999996,-0.7476116
-147.4647,25.08241,7.0,28.257209999999997,0.19188929999999998
-145.359,2.276933,7.0,33.480540000000005,0.1889067
-145.4344,-24.46333,7.0,38.69169,0.3620339
-153.4505,-51.78909,8.0,36.72786,-0.7254901999999999
-168.3023,-65.47038,8.0,19.983610000000002,0.4088781
-158.3461,-78.57242,8.0,27.418809999999997,0.1802
-136.5112,-77.09494000000001,8.0,32.055609999999994,0.2091471
-116.1104,-89.14704,8.0,34.773340000000005,0.216364
-111.9166,-114.5812,8.0,36.955220000000004,0.01917214
-132.124,-131.8124,8.0,37.18108,-1.085783
-146.68200000000002,-127.7158,8.0,3.9021739999999996,-0.9961837
-143.9759,-125.3473,8.0,8.733733,0.4953246
-141.93200000000002,-116.993,8.0,15.218160000000001,0.2367083
-149.0466,-105.7866,8.0,21.13028,0.369383
-164.4237,-105.0502,8.0,23.60687,0.06195118
-167.1649,-122.8089,8.0,27.67813,0.41290550000000004
-168.0621,-145.2187,8.0,32.99625,0.3931498
-171.2222,-171.3112,8.0,37.96743,0.1589805
-169.2253,-201.312,8.0,42.8517,0.3544556
-167.8207,-234.6977,8.0,46.94494,-0.03235421
-149.6292,-256.7136,8.0,35.72206,-1.21648
-131.0781,-247.1213,8.0,28.708879999999997,0.24165129999999999
-127.152,-224.3826,8.0,34.12923,0.4035896
-126.8394,-197.18099999999998,8.0,38.97314,0.0646427
-116.5189,-179.49400000000003,8.0,17.05858,-0.7083645000000001
-108.0217,-187.1033,8.0,19.230520000000002,0.20759989999999998
-106.7765,-203.5172,8.0,25.27196,0.428358
-106.1092,-224.4543,8.0,31.00262,0.19811020000000001
-104.2564,-249.2694,8.0,36.03976,0.2763299
-87.67758,-270.2656,8.0,38.36866,0.1247173
-60.78976,-267.3852,8.0,38.94833,0.1863565
-47.801790000000004,-242.1175,8.0,40.94963,0.1592394
-45.01128,-210.1916,8.0,45.4053,0.21113769999999998
-26.19369,-182.8566,8.0,47.170320000000004,0.3261138
-1.6856360000000001,-155.7429,8.0,51.05444,-0.1762255
8.256914,-126.2375,8.0,34.94358,-0.4841464
-5.877875,-103.5681,8.0,39.653,-0.2795205
-3.471146,-74.37,8.0,42.03917,0.1568326
-1.234889,-41.53243,8.0,46.60682,0.1450735
-1.6961560000000002,-5.381958,8.0,51.02491,0.30986199999999997
-7.1248759999999995,31.79911,8.0,43.99739,-2.085693
-24.61199,42.603790000000004,8.0,13.232389999999999,-1.242602
-26.824340000000003,38.68827,8.0,8.299560000000001,0.2281995
-34.374,38.484159999999996,8.0,14.602379999999998,0.47267200000000004
-43.61423,47.716440000000006,8.0,20.31255,-0.0709406
-48.02727,48.58661,8.0,0.02359721,-0.005349741
-48.12948,48.23142,8.0,2.70768,0.48122659999999995
-48.25254,44.983940000000004,8.0,5.328557,-0.04293088
-47.22456,43.351009999999995,8.0,2.306897,0.7283791000000001
-51.68137,45.943529999999996,8.0,11.49265,0.634836
-63.26967,45.46662,8.0,20.07751,0.6154301999999999
-81.06306,43.31787,8.0,28.161479999999997,0.564724
-104.633,42.488040000000005,8.0,35.574709999999996,0.252791
-132.8814,41.98966,8.0,39.82853,-0.1814301
-144.2736,17.60876,8.0,40.89082,0.7108061999999999
-146.2408,-15.824629999999999,8.0,48.70235,-0.06199795
-142.0123,-34.4212,9.0,2.776043,-0.05804233
-142.7326,-37.85651,9.0,10.36594,0.6468982
-146.8047,-46.76934,9.0,13.19241,-0.20710229999999996
-153.8011,-52.07974,9.0,12.58929,0.7213951999999999
-163.3496,-55.38026,9.0,12.35275,-0.1292244
-166.9319,-62.2145,9.0,10.937660000000001,0.7835075
-159.8554,-72.10754,9.0,20.67225,-0.40397859999999997
-146.4807,-73.10117,9.0,16.44059,-0.120299
-134.5111,-73.54724,9.0,20.5789,0.6410238
-118.0247,-81.33807,9.0,25.78989,0.07898296
-108.0686,-97.6097,9.0,26.12526,-0.24519120000000003
-108.1527,-112.773,9.0,12.63183,-0.18502860000000002
-110.941,-121.038,9.0,13.665370000000001,1.107165
-119.8874,-132.3212,9.0,20.82415,-0.35675690000000004
-133.0233,-134.5954,9.0,16.40071,-0.2683494
-142.6028,-127.3898,9.0,21.11775,0.7571036999999999
-148.5865,-109.7472,9.0,29.19952,0.48471909999999996
-157.901,-99.39232,9.0,14.66983,-0.18911229999999998
-165.2988,-105.053,9.0,16.5996,1.113933
-168.0509,-122.8657,9.0,31.72352,0.9956226
-168.9538,-151.1121,9.0,43.19265,0.4837378
-166.9063,-184.6877,9.0,47.2418,0.1980979
-163.7658,-218.4864,9.0,42.08833,-0.5597892
-161.8375,-244.2264,9.0,27.498920000000002,-0.2434556
-151.1007,-257.9884,9.0,21.45421,-0.1844087
-137.7464,-258.8278,9.0,18.130570000000002,0.6597264
-127.1206,-244.0261,9.0,32.31527,1.072314
-126.0409,-217.5987,9.0,35.913140000000006,-0.5038327
-128.8015,-196.6717,9.0,17.855320000000003,-1.508609
-126.7747,-185.9249,9.0,13.222470000000001,-0.2671863
-116.3961,-181.6938,9.0,19.34604,0.07281367
-105.2025,-187.6987,9.0,15.5451,-0.1349668
-102.4558,-200.54,9.0,24.59525,1.13029
-104.0185,-223.415,9.0,35.846340000000005,0.6221466
-105.641,-250.7303,9.0,36.211290000000005,-0.1093992
-92.2346,-271.1077,9.0,32.66144,-0.04731999
-68.56002,-270.9394,9.0,32.42423,-0.03614904
-51.7413,-254.8435,9.0,33.720209999999994,0.3739671
-46.757709999999996,-229.3757,9.0,36.19085,0.1612412
-42.37915,-202.7218,9.0,35.299479999999996,-0.08612558
-33.26722,-180.2902,9.0,30.30288,-0.4485260999999999
-18.269379999999998,-166.7663,9.0,24.59937,-0.1903996
-4.386054,-157.4664,9.0,20.84173,-0.14977020000000002
7.059191,-149.2661,9.0,18.27271,0.19652879999999998
12.64335,-135.2169,9.0,24.090870000000002,0.247693
2.787824,-118.5339,9.0,28.94802,0.2048689
-7.684038,-99.60358000000001,9.0,29.839540000000003,0.05658302
-11.23128,-77.45429,9.0,31.52086,0.1630049
-9.251945,-52.69871,9.0,34.8864,0.05454068
-4.631108,-26.75515,9.0,36.16108,0.08397048
-1.830766,-0.08956708,9.0,34.520109999999995,-0.5115324
-5.132073,20.44899,9.0,23.08009,-0.31128740000000005
-11.34278,33.96479,9.0,21.66304,0.7039837
-27.7949,44.08939,9.0,30.092709999999997,0.5102742
-52.58351,44.2167,9.0,37.09789,0.2631176
-82.82582,44.24357,9.0,44.13,0.48482559999999997
-117.4504,41.45118,9.0,47.586999999999996,-0.9347529
-143.8126,32.73966,9.0,34.85464,0.0017946960000000001
-144.239,7.658401,9.0,37.74844,0.26292209999999994
-142.2,-22.12185,9.0,39.14927,-0.7133965
-145.2937,-40.37035,10.0,16.38291,-0.2559761
-152.9737,-51.752759999999995,10.0,19.05187,-0.3404373
-164.2203,-57.476319999999994,10.0,15.17981,-0.3149397
-166.1527,-66.85244,10.0,16.11297,0.3292091
-155.4495,-73.2231,10.0,17.98271,0.08098475
-141.9012,-72.58286,10.0,17.68509,-0.16394620000000001
-127.34299999999999,-76.021,10.0,25.27609,0.2760289
-111.0445,-89.25525,10.0,32.00274,0.20479370000000002
-108.4013,-114.1987,10.0,36.541129999999995,-0.18434679999999998
-120.4429,-131.0126,10.0,23.17438,-0.36247090000000004
-135.2229,-133.1346,10.0,18.21145,-0.3511207
-144.2656,-123.3658,10.0,22.27704,0.6156149000000001
-148.9876,-106.6381,10.0,16.79524,-2.941802
-152.3766,-102.6792,10.0,8.986157,0.5794029
-161.2444,-101.0753,10.0,16.1453,0.4247184
-167.4698,-113.0217,10.0,22.49814,0.5138959
-168.6355,-132.3346,10.0,29.55661,0.5133395000000001
-168.7338,-156.7889,10.0,35.18005,0.08226299
-167.7848,-184.3495,10.0,39.16187,0.0752743
-164.89,-213.1186,10.0,36.29724,-0.2900493
-163.6236,-237.2235,10.0,29.099940000000004,-0.4803832
-156.4877,-254.2578,10.0,22.123720000000002,-0.4468113
-141.5699,-259.64599999999996,10.0,23.8759,0.02899653
-129.1045,-247.9775,10.0,25.76991,0.24336570000000002
-124.6177,-228.3896,10.0,28.912709999999997,0.21224410000000002
-127.2031,-206.50599999999997,10.0,28.03449,-0.46056140000000007
-127.9674,-191.6765,10.0,15.727789999999999,-0.3318406
-123.8786,-183.1019,10.0,12.12927,0.3779075
-112.7562,-182.5994,10.0,18.01874,0.18939460000000002
-103.5462,-191.3943,10.0,18.6212,0.1613363
-103.40899999999999,-206.0982,10.0,21.128439999999998,0.17457899999999998
-104.4696,-222.1282,10.0,21.75827,-0.009768158
-105.9331,-240.3548,10.0,28.09282,0.15406240000000002
-102.999,-261.8137,10.0,29.411859999999997,-0.1908349
-83.91418,-272.7002,10.0,34.98786,0.23456860000000002
-57.78358000000001,-264.9738,10.0,38.42329,-0.1624463
-48.552009999999996,-238.1846,10.0,41.83175,0.1901499
-43.584379999999996,-206.7687,10.0,41.19849,-0.6544270999999999
-33.56857,-181.5303,10.0,32.59131,-0.29489940000000003
-17.928810000000002,-167.015,10.0,25.71057,-0.4183234
-6.355432,-158.9138,10.0,12.72718,-0.2504818
3.7997940000000003,-151.688,10.0,20.41359,-0.143224
12.922880000000001,-140.4552,10.0,22.11961,0.440821
6.441018,-123.0121,10.0,29.23578,0.47771759999999996
-6.691877000000001,-103.5989,10.0,34.89239,0.2191975
-10.44932,-79.09956,10.0,30.66791,0.5363014
-8.830403,-53.9482,10.0,37.25219,0.4647496
-4.620696,-24.31498,10.0,43.35884,0.21010879999999998
-2.33747,9.647277,10.0,48.3852,0.04884975
-16.45835,38.896029999999996,10.0,42.56488,-0.04788034
-48.08852,44.94246,10.0,46.35835,0.18593479999999998
-84.45008,44.17426,10.0,51.737140000000004,0.16865639999999998
-122.5959,40.29085,10.0,45.528859999999995,-1.514679
-147.4051,27.217809999999997,10.0,37.44529,-0.3096407
-143.4919,0.2529124,10.0,39.83374,0.1909139
-143.1688,-29.48494,10.0,35.249829999999996,-0.7412055000000001
-153.9665,-52.23357,11.0,36.12481,0.1852693
-170.0293,-71.19839,11.0,27.68753,-1.209993
-160.3219,-80.14284,11.0,19.929560000000002,0.1186143
-147.231,-69.76274000000001,11.0,25.35867,0.09142584
-128.3331,-76.28219,11.0,30.749509999999997,0.4881021
-111.7896,-92.12376,11.0,30.22135,0.37430840000000004
-111.2567,-116.463,11.0,34.75877,-0.1041829
-125.5832,-132.2411,11.0,27.46159,0.14869570000000001
-143.7874,-123.9278,11.0,31.12793,0.23142929999999998
-146.9774,-104.2019,11.0,11.762080000000001,-2.562471
-156.1279,-100.5721,11.0,19.8978,0.3394067
-166.7215,-112.1781,11.0,25.48958,0.4032643
-166.0807,-133.4784,11.0,32.12771,0.45992089999999997
-168.4894,-159.531,11.0,38.34667,0.4226113
-166.0476,-190.0295,11.0,44.3089,0.21023499999999998
-163.5026,-224.6476,11.0,47.243759999999995,-0.2053301
-157.0633,-253.0256,11.0,30.440140000000003,-1.427705
-137.4965,-259.1711,11.0,30.293879999999998,-0.27228459999999993
-126.5302,-240.5908,11.0,33.01007,0.48183820000000005
-126.4315,-213.7644,11.0,39.02008,0.2086552
-126.4196,-187.2984,11.0,33.0465,-1.176105
-109.9727,-181.8087,11.0,24.46494,-0.338029
-107.5921,-199.9072,11.0,28.46125,0.4368443
-105.6565,-223.0977,11.0,34.53881,0.2241205
-106.4559,-250.8543,11.0,40.06471,0.11557089999999998
-88.00444,-272.0501,11.0,39.087340000000005,-0.01096061
-58.99994,-265.9391,11.0,42.04738,-0.1864497
-47.031859999999995,-238.0934,11.0,44.03563,0.4524867
-42.10682,-203.6839,11.0,49.5944,0.3389
-23.8413,-171.6419,11.0,48.81131,-1.453365
0.4388477,-155.3178,11.0,33.01562,-1.276779
12.183110000000001,-138.0609,11.0,24.62756,-0.5781947
6.0053540000000005,-121.6309,11.0,26.958879999999997,0.4933236
-5.888427,-102.9122,11.0,33.090959999999995,0.4324321
-10.30402,-76.54597,11.0,39.26011,0.4344952
-7.689467999999999,-45.45283,11.0,45.006440000000005,0.42195950000000004
-2.00595,-10.515080000000001,11.0,50.459990000000005,0.1613635
-7.215953,27.42284,11.0,50.10978,-0.5370849
-34.63655,45.643409999999996,11.0,46.18477,0.14219500000000002
-70.68251,42.43928,11.0,51.40952,0.3949275
-110.6105,41.12899,11.0,54.81276,-0.5662075
-143.7715,32.01996,11.0,42.511959999999995,-0.4284117
-147.0595,3.569671,11.0,41.54809,0.4242932
-142.5499,-28.43355,11.0,44.62174,-0.8556474000000001
-153.757,-51.451159999999994,12.0,27.359740000000002,-1.2456180000000001
-168.7193,-63.096540000000005,12.0,25.2754,-1.234672
-156.1552,-72.15154,12.0,25.64568,0.4787956
-134.9147,-72.48147,12.0,31.980790000000002,0.42298159999999996
-113.3555,-85.82941,12.0,37.08569,0.2518565
-107.6282,-112.2303,12.0,34.439170000000004,-0.5985877
-121.2608,-128.8045,12.0,27.66126,-0.270158
-138.203,-132.2881,12.0,21.93771,1.032901
-146.3879,-117.2959,12.0,27.3015,0.4866561
-155.0018,-101.0797,12.0,21.36861,-0.5473078
-166.9051,-107.2302,12.0,22.310670000000002,0.4422259
-167.1306,-128.9294,12.0,35.28484,0.2318442
-168.9744,-157.1827,12.0,41.0583,0.20359370000000002
-166.5881,-189.8177,12.0,46.89355,0.41170439999999997
-164.5454,-226.50599999999997,12.0,51.780409999999996,-0.1100042
-154.0832,-256.1411,12.0,35.47416,-1.409702
-134.5354,-252.7462,12.0,29.038940000000004,0.30333649999999995
-127.1008,-230.72299999999998,12.0,34.35275,0.4820161
-126.962,-203.7246,12.0,34.52935,-0.24129050000000002
-122.5483,-181.5333,12.0,29.787470000000003,-0.2787367
-106.6613,-187.3144,12.0,24.43431,-0.0407464
-110.3314,-206.7898,12.0,29.916209999999996,0.22414920000000002
-109.3563,-231.4196,12.0,36.42822,0.23850820000000003
-103.2962,-259.8215,12.0,41.67755,0.01179326
-78.17236,-271.482,12.0,40.117740000000005,0.17112739999999999
-49.99262,-259.538,12.0,41.1734,-1.173461
-49.63132,-234.5913,12.0,32.15704,-0.10091060000000002
-52.93691999999999,-219.0766,12.0,8.257856,-1.0568819999999999
-53.318780000000004,-215.1073,12.0,2.453707,-0.6282199
-52.6354,-216.4679,12.0,6.413648,0.39728270000000004
-46.032540000000004,-218.1904,12.0,13.58255,0.44204259999999995
-41.94684,-208.4803,12.0,13.515220000000001,-0.2617709
-41.32633,-197.37900000000002,12.0,19.71004,0.542717
-35.439409999999995,-181.3499,12.0,26.563270000000003,0.4537823
-19.37163,-166.4578,12.0,32.961459999999995,0.44884769999999996
3.073553,-152.2172,12.0,37.48229,-0.06552678
11.83005,-130.0468,12.0,28.61745,-0.08376903
-1.618989,-109.7812,12.0,40.25006,0.5541491
-10.65258,-76.25429,12.0,52.36874,0.30769179999999996
-5.542741,-36.08133,12.0,57.1365,0.3797697
-2.590364,7.070939999999999,12.0,54.19605,-1.610901
-12.033,33.953990000000005,12.0,34.724509999999995,0.4042894
-35.467,45.818020000000004,12.0,38.3633,0.1365867
-65.85689,44.348929999999996,12.0,44.01708,0.4305277
-100.5274,42.95295,12.0,49.58728,0.42025029999999997
-136.924,38.1907,12.0,47.88224,-0.04490884
-152.8781,17.58739,12.0,17.57474,-0.7038715
-153.5526,12.61294,12.0,2.676309,0.6399249
-148.8308,11.30294,12.0,10.84496,0.2556723
-146.431,0.9621533000000001,12.0,18.50852,0.5360067
-144.0558,-15.333110000000001,12.0,25.75305,0.5149343
-141.91899999999998,-33.67131,13.0,4.098391,0.3085378
-143.2372,-39.63113,13.0,12.31247,0.5697840000000001
-150.247,-49.07006,13.0,19.74055,0.5126888
-164.6552,-58.16658,13.0,26.21256,0.3089008
-164.2988,-72.80861,13.0,17.93395,-0.3184849
-151.3802,-75.81062,13.0,21.05227,0.41668940000000004
-136.8452,-72.25121,13.0,18.31993,0.24089000000000002
-120.7815,-76.60346,13.0,26.2242,0.4501337
-108.1029,-93.43379,13.0,31.84218,0.1824044
-110.8548,-117.8546,13.0,36.119659999999996,0.2608666
-133.3576,-132.5055,13.0,35.72057,-0.7712416
-145.9765,-123.7133,13.0,10.46125,-1.761494
-140.6479,-123.0184,13.0,10.82059,0.05482226
-139.4905,-122.6878,13.0,5.18384,0.31686329999999996
-144.7668,-125.9429,13.0,9.617498,-0.10825910000000001
-145.5193,-129.1389,13.0,0.9268014000000001,0.25611439999999996
-144.3211,-125.2206,13.0,10.07522,0.30943509999999996
-140.0606,-115.6757,13.0,18.11158,0.5664170999999999
-145.7948,-101.3731,13.0,24.77069,0.3818919
-162.6819,-101.1085,13.0,22.84626,-0.43366980000000005
-167.2441,-118.7222,13.0,29.61412,0.5353391
-167.5601,-143.2273,13.0,36.53973,0.2427351
-167.8506,-172.915,13.0,43.165409999999994,0.4482526
-167.9427,-207.171,13.0,49.31981,0.20981190000000002
-164.3621,-244.2569,13.0,47.03304,-1.26271
-137.9705,-257.0275,13.0,36.6754,-1.589351
-127.6523,-238.8535,13.0,32.76054,0.7666559000000001
-127.4387,-210.7388,13.0,41.27598,-0.05397699
-126.0169,-186.9068,13.0,16.559720000000002,-1.063652
-116.9824,-181.4101,13.0,16.59749,0.2742344
-106.2906,-190.9749,13.0,24.09477,0.4898733
-105.4186,-211.2004,13.0,31.04435,0.5262502
-108.0406,-236.5679,13.0,37.57677,0.3402093
-96.57388,-263.471,13.0,42.26115,0.17008399999999999
-67.87208000000001,-271.3394,13.0,42.623999999999995,-0.01180861
-49.75242,-247.6587,13.0,43.21751,0.3187054
-47.32013,-214.1162,13.0,43.99948,-1.415791
-33.64812,-185.8908,13.0,44.8741,0.1820254
-8.979131,-160.2841,13.0,50.78764,0.2025184
9.947822,-129.2421,13.0,45.53853,-0.230791
-3.695239,-106.0607,13.0,32.11915,-0.7384235
-7.823964,-85.81756,13.0,32.43562,0.49790790000000007
-5.785349,-59.363980000000005,13.0,39.22316,0.4797215
-5.029157,-27.934559999999998,13.0,45.60857,0.2130458
-3.797211,8.117269,13.0,51.5425,0.3856986
-15.804720000000001,38.77448,13.0,36.126290000000004,-0.9325745000000001
-33.6589,38.12514,13.0,15.05751,-0.6416439
-35.095,32.58491,13.0,0.07836252,0.02476981
-35.14499,32.59185,13.0,0.05721382,-0.007110091999999999
-34.96074,33.086940000000006,13.0,3.5910050000000004,0.31035630000000003
-33.79354,38.54509,13.0,11.11772,0.23655549999999997
-32.28048,44.42592,13.0,3.06124,-0.7153459
-32.76992,43.48471,13.0,5.638747,0.5700649999999999
-39.091770000000004,41.33222,13.0,13.308079999999999,0.5346525
-51.14541,44.734190000000005,13.0,20.46665,0.4932364000000001
-68.72983,44.4545,13.0,27.0707,0.4905637
-90.95885,41.90892,13.0,33.27776,0.4127973
-117.7637,42.63361,13.0,38.84813,0.3129618
-143.2388,29.822259999999996,13.0,38.15108,-0.03718869
-147.3556,1.784472,13.0,41.29465,0.1923008
-144.6086,-30.655959999999997,13.0,45.903220000000005,-0.0316252
-156.3901,-55.93536999999999,14.0,31.0903,-0.5383051
-161.0246,-71.68253,14.0,24.06575,0.1967406
-142.2804,-75.58969,14.0,29.617590000000003,0.4618905
-120.2695,-82.78473000000001,14.0,34.2451,0.3240303
-109.4311,-106.1002,14.0,37.32183,0.16170379999999998
-123.8799,-129.2081,14.0,39.17221,0.0356698
-145.1746,-126.6922,14.0,22.599320000000002,-0.6101635
-145.8482,-119.9518,14.0,1.5468979999999999,0.2464873
-146.7556,-118.9129,14.0,1.861117,-0.02029888
-147.5645,-118.0118,14.0,1.403426,-0.18621559999999998
-149.4847,-117.2152,14.0,3.983683,-0.03390011
-150.6994,-117.3616,14.0,2.754797,0.3417875
-146.5529,-114.0588,14.0,11.51013,0.29310990000000003
-145.6363,-103.2552,14.0,18.866,0.41347619999999996
-159.2162,-97.15205,14.0,23.8888,0.11793
-168.0297,-112.5884,14.0,28.34175,0.45390870000000005
-166.3033,-136.1161,14.0,35.33656,0.5032592
-166.69299999999998,-164.8064,14.0,42.106429999999996,0.49433019999999994
-167.24099999999999,-198.3676,14.0,48.424490000000006,0.2123143
-165.5029,-235.9383,14.0,49.41641,-1.461883
-147.4494,-254.7986,14.0,23.7079,-1.186269
-141.7443,-251.4743,14.0,4.258635,-0.07701973
-140.7469,-249.2043,14.0,4.715015,0.8398886999999999
-134.6909,-248.5806,14.0,12.20399,-0.1384195
-125.1567,-251.7585,14.0,12.278360000000001,-0.32021740000000004
-120.935,-245.8073,14.0,12.518189999999999,0.3155409
-124.1666,-233.3817,14.0,21.494889999999998,0.5956271
-126.8124,-214.8264,14.0,29.076259999999998,0.5372427
-127.4445,-190.7071,14.0,35.07689,-0.46850569999999997
-111.3125,-179.6514,14.0,23.69625,-0.9592146999999999
-105.50200000000001,-196.8991,14.0,33.98353,0.6924127
-107.4032,-229.5926,14.0,53.98256,1.280808
-92.88448000000001,-266.1436,14.0,48.46913,-1.2541719999999998
-60.87465,-268.8919,14.0,45.78901,-0.5040404
-48.32825,-241.0704,14.0,44.18685,0.21042429999999998
-45.6055,-207.0736,14.0,48.47521,0.3045013
-23.36347,-176.8993,14.0,53.50731,0.4242252
4.999791,-147.2277,14.0,54.53805,-0.7170956
6.318922,-119.4009,14.0,28.33735,-0.6002725999999999
-4.584979,-102.585,14.0,30.00408,0.47466949999999997
-5.164793,-77.9836,14.0,36.72173,0.5073340999999999
-2.91437,-48.37769,14.0,43.406000000000006,0.4697437
-2.2311400000000003,-13.839329999999999,14.0,49.6659,0.4367357
-5.350480999999999,24.32112,14.0,49.15688,-1.403549
-29.890909999999998,42.82798,14.0,43.20617,0.06473709999999999
-63.95692,40.364259999999994,14.0,49.00777,0.44434929999999995
-102.4319,40.570370000000004,14.0,54.828419999999994,0.200124
-137.9348,36.833890000000004,14.0,37.75927,-1.3143799999999999
-145.009,22.25519,14.0,5.824469000000001,-2.5552639999999998
-142.759,23.60353,14.0,4.989884,0.14701240000000002
-141.261,25.50075,14.0,2.0849279999999997,0.4715736
-144.3367,22.1608,14.0,9.205347999999999,0.1733741
-149.4338,21.987370000000002,14.0,2.246867,-0.7264776999999999
-147.7865,21.00065,14.0,7.261710000000001,0.6577706
-142.3987,14.360420000000001,14.0,15.9505,0.5766769
-140.8011,-0.2783733,14.0,24.09167,0.5786701
-142.6612,-20.99731,14.0,31.847170000000002,0.5558097
-141.8662,-36.304809999999996,1.0,6.341812,0.6014038
-143.1553,-44.8903,1.0,16.2097,0.3038676
-153.7268,-55.28629,1.0,24.444589999999998,0.3146842
-162.4985,-70.98836,1.0,26.49496,-0.27983159999999996
-147.4952,-73.69178000000001,1.0,24.863529999999997,0.5416273
-135.94799999999998,-68.33173000000001,1.0,7.258939,0.12112039999999999
-135.8599,-68.2793,1.0,0.02611126,-0.0001292752
-135.8414,-68.28197,1.0,0.02379451,-0.01402423
-135.8258,-68.28375,1.0,0.01536698,-0.02416742
-136.0616,-70.49051999999999,1.0,4.6644879999999995,0.02480742
-135.6478,-73.75659,1.0,4.105925,-0.06132078
-136.577,-76.25291,1.0,3.3317910000000004,-0.1273201
-135.5509,-75.67560999999999,1.0,6.266685,0.3264285
-127.7424,-75.49953000000001,1.0,15.08244,0.6107302
-117.4321,-83.97708,1.0,22.454929999999997,0.29965440000000004
-110.4535,-102.1827,1.0,29.923040000000004,0.4336022
-116.8385,-124.7982,1.0,35.24593,0.1506277
-139.9796,-131.8414,1.0,29.38512,-1.349643
-144.8848,-117.5244,1.0,22.12799,0.302179
-138.4577,-108.708,1.0,0.03881298,0.06131197
-138.4582,-108.725,1.0,0.02078226,-0.01147428
-138.4614,-108.7402,1.0,0.09437899,0.0679062
-141.8271,-108.1532,1.0,8.142429,0.08959017
-145.7178,-110.8201,1.0,0.7041556999999999,-0.7773663000000001
-144.6135,-108.1769,1.0,8.305655,0.32347259999999994
-147.0256,-99.66046,1.0,16.385279999999998,0.5472720999999999
-158.8529,-96.19133000000001,1.0,15.84881,-0.3425635
-166.0133,-104.7205,1.0,20.68391,1.14083
-168.5269,-125.0014,1.0,33.774809999999995,0.7861646
-164.9163,-151.7831,1.0,40.9488,-0.113434
-165.3632,-178.1538,1.0,32.20513,-0.46441679999999996
-167.9217,-202.2002,1.0,39.38321,1.530656
-166.4099,-231.1043,1.0,35.74434,-0.5208617999999999
-156.1382,-249.7701,1.0,25.472839999999998,-0.16409110000000002
-136.1019,-248.8195,1.0,30.26345,0.6451735
-121.8307,-234.6782,1.0,23.88141,-0.5379184
-131.1781,-219.88299999999998,1.0,22.92746,-1.420388
-123.3705,-205.9907,1.0,19.66496,-0.5490673
-124.86399999999999,-192.8947,1.0,16.97758,-0.3619933
-119.2942,-184.1439,1.0,18.19347,0.6326155
-110.8357,-191.6696,1.0,15.82828,-0.13617
-110.0667,-202.3874,1.0,13.84275,0.15284820000000002
-109.2955,-215.793,1.0,22.21529,0.5535743000000001
-107.2907,-234.9705,1.0,29.815309999999997,0.5243720000000001
-100.2967,-258.3187,1.0,36.06501,0.1569652
-76.87508000000001,-271.525,1.0,39.18163,0.1155326
-54.12666,-255.8502,1.0,39.67235,0.01218125
-50.86919,-225.5994,1.0,43.81375,0.30807870000000004
-35.78168,-194.9306,1.0,48.9047,0.3931883
-10.65097,-165.9892,1.0,54.64221,0.37883540000000004
11.06754,-130.1861,1.0,56.16375,-0.9609211999999999
10.62213,-105.5707,1.0,10.61258,-2.819612
9.800911,-104.2685,1.0,0.5033281,0.02182201
10.450380000000001,-104.6975,1.0,4.090138,0.2359333
14.778170000000001,-107.1219,1.0,8.575097,-0.07005529
18.526529999999998,-106.9205,1.0,0.32743940000000005,-0.553221
15.597879999999998,-107.8523,1.0,8.500223,0.6106173
7.240882000000001,-111.8068,1.0,15.683689999999999,0.26257270000000005
-0.27470029999999995,-104.1138,1.0,20.040760000000002,0.5066043
0.4555619000000001,-86.87584,1.0,26.7381,0.5740718
-4.9195459999999995,-65.23087,1.0,33.49753,0.49706859999999997
-5.944783,-37.96157,1.0,40.16346,0.471504
-6.342532,-5.876194,1.0,46.40829,0.4352376
-7.963653,29.537909999999997,1.0,43.888040000000004,-0.6357258000000001
-20.92119,44.64177,1.0,14.05059,-0.914825
-30.38312,38.28011,1.0,19.0412,0.4740928
-46.9729,39.35015,1.0,26.21772,0.25801620000000003
-68.99715,39.55028,1.0,33.25473,0.4907515
-96.12938,39.7743,1.0,39.96371,0.4700612
-127.8032,40.528259999999996,1.0,41.40252,-1.832732
-144.5434,28.35262,1.0,18.68909,-1.643906
-139.0463,24.76725,1.0,10.079039999999999,0.2502282
-137.7517,24.24481,1.0,0.05801341,-0.023164700000000003
-137.752,24.20498,1.0,0.14035029999999998,0.2782352
-140.7385,24.6165,1.0,7.838128,0.3829137
-148.0274,24.41866,1.0,9.730015,-0.8226169
-151.2159,25.41643,1.0,0.32063220000000003,0.6149958000000001
-148.5511,23.46196,1.0,8.645417,0.5661548000000001
-147.8981,14.715720000000001,1.0,15.9522,0.5415078000000001
-151.6947,1.462485,1.0,22.01491,0.4617082
-147.2984,-16.7636,1.0,28.625770000000003,0.2248473
-146.8366,-40.14775,2.0,34.079640000000005,-0.05018182
-164.2578,-55.97959,2.0,32.07045,-0.6048051999999999
-161.5316,-72.60674,2.0,18.94368,-1.44646
-155.8755,-68.65347,2.0,9.612169,0.7107937
-155.6948,-68.52773,2.0,0.04608957,0.02155938
-155.7922,-68.86196,2.0,2.81208,0.5368149
-156.3258,-72.32786,2.0,5.0304660000000005,-0.0498464
-156.9898,-75.15817,2.0,0.4555035,-0.8056844
-154.5149,-73.22306,2.0,8.990679,0.32204520000000003
-145.3977,-75.40979,2.0,17.43616,0.6068934
-132.7424,-82.30646999999999,2.0,19.06087,-0.26576869999999997
-120.5176,-87.02017,2.0,20.16455,1.130615
-110.6119,-104.4113,2.0,31.45328,-0.283906
-119.9917,-125.2031,2.0,33.103809999999996,-0.13747
-141.2086,-128.8948,2.0,25.08072,-1.208413
-142.1008,-115.5704,2.0,22.5806,0.5743935
-142.83700000000002,-102.6865,2.0,19.01516,0.24083859999999999
-157.5748,-103.30799999999999,2.0,19.601010000000002,-0.5559059000000001
-161.023,-114.9438,2.0,16.62404,0.1011073
-164.1465,-128.0482,2.0,21.88273,0.8646826999999999
-165.3635,-147.1986,2.0,29.816740000000003,0.5725658
-165.403,-172.1949,2.0,37.33963,0.2526006
-165.795,-202.4898,2.0,44.41665,0.5143444
-164.6278,-237.2508,2.0,41.51205,-4.375748000000001
-153.0292,-251.428,2.0,23.94736,0.48394659999999995
-132.7118,-250.6828,2.0,30.56385,-0.06005962
-126.9257,-234.1757,2.0,26.07273,0.7016548
-125.73299999999999,-211.6721,2.0,34.749390000000005,0.21591939999999998
-125.0187,-187.1712,2.0,19.615660000000002,-2.657352
-116.78200000000001,-184.25599999999997,2.0,14.45116,0.21933609999999998
-110.6716,-194.8726,2.0,21.5434,0.2986561
-109.1108,-213.8477,2.0,29.595209999999998,0.2857907
-105.8301,-238.4351,2.0,37.14128,0.5068111
-93.30206,-264.8338,2.0,42.19365,0.05121491
-65.07336,-267.245,2.0,40.988279999999996,0.23654920000000002
-48.70599,-242.5178,2.0,42.409040000000005,0.17037
-47.006,-209.2501,2.0,47.77975,0.246852
-25.74031,-179.7284,2.0,52.435069999999996,0.2160337
1.257511,-148.827,2.0,55.6662,-0.7520111999999999
7.45334,-124.8403,2.0,17.83628,-0.1883961
-3.093138,-113.4554,2.0,24.81223,0.23661179999999998
-6.810933,-93.08145,2.0,32.00351,0.5519595
-6.726808,-66.60235,2.0,39.398109999999996,0.5212014
-6.870722,-34.79306,2.0,46.345859999999995,0.46327970000000007
-7.335096000000001,1.929562,2.0,52.82294,0.4790534000000001
-12.5184,38.35685,2.0,39.714909999999996,-2.400875
-25.81411,45.9405,2.0,4.034675,-2.056167
-25.66692,42.9409,2.0,8.415718,0.6257155
-33.49723,40.15173,2.0,16.502679999999998,0.5597344
-47.308279999999996,46.45527,2.0,24.2635,0.4696113
-67.65826,43.911359999999995,2.0,31.662779999999998,0.5498234000000001
-93.81413,41.58271,2.0,39.02772,0.5248957
-125.2367,40.14861,2.0,45.8132,0.2264045
-149.7048,26.339740000000003,2.0,26.74526,-2.218562
-149.3287,19.0201,2.0,3.223607,0.6831731
-144.3687,17.67895,2.0,11.76412,0.29941290000000004
-145.5484,6.634957000000001,2.0,19.76292,0.29493909999999995
-150.4879,-8.788302999999999,2.0,25.62479,0.5103114000000001
-145.9715,-30.017590000000002,2.0,32.94578,0.2419828
-143.2762,-40.19925,3.0,11.55003,-0.01039765
-148.02200000000002,-48.32959,3.0,17.35792,0.456592
-158.9629,-53.668659999999996,3.0,15.0752,-0.2285486
-166.4541,-59.044369999999994,3.0,11.12626,-0.2382536
-164.8328,-66.35298,3.0,11.97977,0.319011
-155.0902,-72.41615,3.0,19.834120000000002,0.5559324999999999
-137.619,-72.93401999999999,3.0,27.448940000000004,0.5435436
-118.7827,-82.17418,3.0,26.27229,-0.4002893
-108.7219,-96.85419,3.0,25.84234,1.131441
-109.8707,-117.0141,3.0,25.281879999999997,-0.384629
-119.8956,-129.9902,3.0,20.08633,-0.15575550000000002
-136.0783,-132.995,3.0,23.16648,-0.5752824000000001
-144.5287,-116.8005,3.0,32.35631,0.1666845
-156.42600000000002,-103.5634,3.0,16.77846,-0.4224590999999999
-165.9317,-111.4566,3.0,21.72025,0.5494401999999999
-168.5465,-130.3019,3.0,29.69575,0.5928403
-169.5277,-154.9998,3.0,37.02107,0.5147914000000001
-167.3109,-184.9014,3.0,43.94828,0.2310312
-164.1758,-219.7835,3.0,49.95848,0.02528558
-159.0823,-253.0163,3.0,38.31924,-1.5580040000000002
-139.5295,-256.4672,3.0,26.325470000000003,0.9330568000000001
-125.8316,-239.2804,3.0,32.80191,0.2759914
-128.3125,-213.7602,3.0,37.42542,-0.3453874
-125.8439,-188.2434,3.0,31.377270000000003,-0.5675449
-111.9749,-179.3541,3.0,21.95018,-0.4374063
-110.0893,-194.4589,3.0,25.08776,0.42875100000000005
-105.0761,-214.7747,3.0,31.6918,-0.142593
-105.7423,-236.8137,3.0,27.43276,-0.01700602
-103.5256,-259.841,3.0,36.14771,0.26105120000000004
-81.40061,-271.3793,3.0,36.923559999999995,0.1800133
-61.752430000000004,-268.7469,3.0,14.898729999999999,-0.5567741
-56.22776999999999,-266.7277,3.0,1.671587,-0.8053826999999999
-57.07703000000001,-267.3204,3.0,1.088644,0.04428556
-56.45673000000001,-266.7725,3.0,4.31422,0.49235909999999994
-53.3639,-263.1574,3.0,7.722638000000001,0.10569970000000001
-48.47449,-263.3149,3.0,3.918024,-0.8363940000000001
-48.855129999999996,-262.4763,3.0,5.875734,0.329944
-49.99277,-255.2546,3.0,14.1617,0.5790564
-46.64091,-242.2331,3.0,22.01281,0.5648866
-43.8219,-223.3959,3.0,29.38288,0.537593
-40.93983,-199.1649,3.0,36.27324,0.42641490000000004
-25.784689999999998,-176.1804,3.0,40.658159999999995,0.4659415
-6.1072489999999995,-157.2205,3.0,26.44111,-1.56505
6.900549000000001,-146.9237,3.0,19.80235,-0.3597278
11.82542,-135.4737,3.0,15.04161,-0.1428614
8.168051,-124.4771,3.0,19.07878,0.5388911
-1.8311240000000002,-110.9706,3.0,26.368909999999996,0.5116537999999999
-9.029141000000001,-89.98616,3.0,33.28757,0.2378265
-10.12439,-63.04561999999999,3.0,39.70722,0.461667
-5.743785,-31.50191,3.0,45.98253,0.2774777
-3.436543,0.2740982,3.0,33.677,-2.609274
-4.659975,13.869639999999999,3.0,5.011985,-0.8376449
-5.402851999999999,18.0118,3.0,9.871949,0.6168946
-8.159742,28.09788,3.0,18.20642,0.5537165
-18.72105,39.89954,3.0,25.35531,0.5310022
-39.065979999999996,45.00489,3.0,31.9496,0.5074399
-65.33057,44.682590000000005,3.0,38.86929,0.4897037
-96.4827,42.86591,3.0,45.37193,0.220529
-129.9267,39.05288,3.0,42.14758,-0.6060464
-150.3337,23.31439,3.0,33.46663,-0.5821475
-143.6045,-0.3273955,3.0,35.04433,0.26414699999999997
-144.7311,-28.43605,3.0,40.99882,0.23361820000000003
-151.0195,-52.73721999999999,4.0,21.7098,-2.1407279999999997
-164.838,-55.48531,4.0,19.242929999999998,-0.2867996
-164.5958,-67.97548,4.0,22.26602,0.2309761
-146.8971,-72.5517,4.0,28.714779999999998,0.493174
-124.5848,-79.03658,4.0,34.83195,0.18376220000000001
-108.7288,-101.0651,4.0,39.3333,-0.0032336820000000003
-118.0917,-126.4773,4.0,37.27585,-0.1185809
-141.2513,-129.0628,4.0,31.478109999999997,-0.37411
-144.1614,-107.7645,4.0,30.91041,-0.4161577
-155.5807,-99.04825,4.0,16.634520000000002,0.2933572
-165.835,-109.9711,4.0,24.71527,0.241335
-169.3849,-130.6926,4.0,32.01101,0.2489111
-169.6153,-156.8065,4.0,38.73384,0.5061604000000001
-166.7631,-187.8708,4.0,45.29482,0.4438710999999999
-163.5952,-223.3571,4.0,49.30363,-0.1644154
-159.209,-250.4834,4.0,21.22549,-0.26897329999999997
-146.452,-257.4344,4.0,22.05986,0.5346890000000001
-131.1447,-251.7788,4.0,25.9024,0.4667261
-125.2455,-230.6507,4.0,32.90034,0.4244661
-128.7226,-204.4397,4.0,38.863929999999996,0.1795032
-118.9415,-178.7832,4.0,35.425509999999996,-0.5728466
-99.86496,-183.8539,4.0,25.0338,-0.6341698
-108.6296,-195.0892,4.0,23.54355,0.43755029999999995
-114.5549,-201.5503,4.0,0.03233929,0.005266763000000001
-114.5549,-201.5541,4.0,0.01323581,0.01647491
-113.0989,-201.7982,4.0,4.613855,0.12226
-109.8128,-199.1127,4.0,4.653703,-0.6724331
-109.6571,-198.7374,4.0,3.315079,0.26319970000000004
-108.824,-203.7927,4.0,10.449810000000001,0.5059322
-106.7613,-213.8621,4.0,17.11714,0.23996900000000002
-105.1534,-228.7733,4.0,23.31985,0.41752790000000006
-105.7632,-248.2158,4.0,28.92861,0.33452109999999996
-95.06194,-267.7938,4.0,32.6205,0.1569369
-70.96406999999999,-270.6958,4.0,35.48614,0.2981145
-50.58956,-254.3055,4.0,36.86676,-0.06384121
-49.12818,-225.6794,4.0,40.770790000000005,0.2986627
-40.40355,-195.35299999999998,4.0,44.911970000000004,0.2862691
-18.292279999999998,-169.7879,4.0,46.48827,-0.178329
2.415668,-150.9504,4.0,23.3716,-0.8339700000000001
12.03036,-139.6799,4.0,16.8617,-0.5000955
9.200286,-126.0862,4.0,23.9856,0.20558629999999997
-2.8397919999999996,-110.3357,4.0,29.36066,0.3469295
-9.462056,-87.60954,4.0,34.572070000000004,0.3732815
-10.11691,-60.2513,4.0,39.47186,0.16819170000000003
-4.729953,-29.696240000000003,4.0,44.19818,0.1706664
-1.8340880000000002,4.405933999999999,4.0,48.07685,0.1690098
-10.59905,32.65953,4.0,26.85602,0.5632479
-29.32197,43.10948,4.0,31.818759999999997,0.3312051
-54.7325,43.37262,4.0,36.89602,0.3681511
-83.98273,43.19489,4.0,41.87101,0.3341318
-115.82,40.50019,4.0,42.32128,-0.6844953
-137.4908,37.0775,4.0,14.51661,-0.4009287
-145.9853,28.40495,4.0,19.805229999999998,0.41750190000000004
-147.7724,11.840539999999999,4.0,25.51815,0.41618469999999996
-143.7538,-8.774636,4.0,31.2032,0.4006239
-142.2059,-33.48579,5.0,33.81159,-0.6077477
-153.4059,-50.93697,5.0,27.0378,0.30120359999999996
-168.6773,-62.47215,5.0,21.3772,-1.2822200000000001
-159.8901,-69.58601,5.0,15.73913,-0.2363657
-145.6601,-71.75426,5.0,23.36724,0.46118230000000004
-126.9361,-77.05745,5.0,29.066029999999998,0.1891396
-109.9976,-92.13091,5.0,33.0761,0.1875609
-110.6777,-116.5476,5.0,33.58356,-0.2094551
-126.1865,-132.826,5.0,28.37758,-0.7910107
-141.34,-125.9741,5.0,23.72801,0.25904160000000004
-148.2082,-107.9166,5.0,28.77719,0.3387104
-164.0972,-101.6916,5.0,17.98266,-0.666828
-164.5387,-113.33,5.0,17.33565,0.1923532
-167.1667,-129.3779,5.0,27.058970000000002,0.5890703
-168.5767,-156.1566,5.0,44.4349,0.4336807
-164.7472,-191.3038,5.0,50.58773,0.5168115
-164.2737,-224.4319,5.0,29.81891,-2.509593
-163.0853,-240.5323,5.0,18.53921,-0.2507067
-158.9095,-251.4552,5.0,14.93154,-0.02843181
-146.879,-259.8441,5.0,24.795289999999998,0.3883783
-130.1012,-250.3998,5.0,32.31217,0.9694497
-125.6832,-222.8479,5.0,41.90678,0.49985519999999994
-128.7489,-197.5595,5.0,21.7152,-0.5318896
-124.2097,-185.0293,5.0,15.099839999999999,-0.41801759999999993
-110.5318,-183.0736,5.0,24.08587,0.1042122
-102.448,-198.7244,5.0,28.272840000000002,0.7214363
-103.7394,-223.3385,5.0,36.36053,0.12061240000000001
-105.473,-249.9943,5.0,33.02263,-0.2847447
-95.16733,-268.4899,5.0,30.440440000000002,0.2663235
-71.82448000000001,-271.1691,5.0,34.42098,0.2889259
-52.40807,-255.2178,5.0,36.304959999999994,0.22071770000000002
-47.64363,-226.9688,5.0,40.93671,0.1665489
-41.17369,-195.6453,5.0,45.377320000000005,0.2625406
-20.50393,-168.3927,5.0,47.94786,-0.0586514
-2.8846580000000004,-156.0592,5.0,14.01194,-0.3479747
4.220569,-151.1188,5.0,9.478976,-0.29585670000000003
8.510403,-147.332,5.0,7.432539,0.5037925
12.72455,-140.5503,5.0,14.162329999999999,0.43258220000000003
10.84655,-128.2471,5.0,20.15345,0.2139402
0.6937581,-114.4929,5.0,25.99889,0.3921334
-7.608728999999999,-94.9066,5.0,31.43761,0.191685
-10.67416,-69.96606,5.0,36.5362,0.35830809999999996
-6.357154,-41.4322,5.0,41.40113,0.3696339
-1.725111,-9.377461,5.0,46.06348,0.3277182
-4.26741,18.401510000000002,5.0,26.77365,-2.0794799999999998
-7.75035,27.42345,5.0,13.115120000000001,1.320717
-14.999629999999998,37.4924,5.0,19.88296,0.3945789
-30.232740000000003,44.35888,5.0,25.55905,0.39646479999999995
-51.19768,45.24195,5.0,31.143759999999997,0.208948
-76.27094,44.46013,5.0,36.52422,0.3903322
-105.1832,42.5836,5.0,41.545840000000005,0.2952982
-131.6403,39.68306,5.0,22.87055,-1.2938379999999998
-143.9612,31.358309999999996,5.0,23.26616,0.3778692
-148.045,12.765889999999999,5.0,28.52862,0.35833709999999996
-143.4704,-9.836210000000001,5.0,33.81723,0.185075
-142.7183,-34.81607,6.0,27.98638,-3.177075
-146.6678,-45.86691,6.0,14.43265,0.5162404
-156.8533,-54.308069999999994,6.0,17.43495,-0.38866999999999996
-165.6407,-60.053740000000005,6.0,12.27636,-0.009375135
-161.7677,-70.62402,6.0,21.39121,0.3876269
-142.4146,-71.55790999999999,6.0,33.70603,0.8848225000000001
-117.0956,-83.19436999999999,6.0,42.03934,-0.02277171
-111.5388,-108.4744,6.0,30.976370000000003,-3.602351
-117.0546,-119.3992,6.0,10.995610000000001,0.45549629999999997
-121.9555,-130.2181,6.0,18.86361,-0.5203810000000001
-134.2774,-133.6566,6.0,20.6792,0.4690978
-144.447,-120.9804,6.0,26.13959,0.5182601
-148.667,-105.7643,6.0,9.123911,-0.8515623999999999
-153.6344,-101.9947,6.0,11.42383,0.3618451
-163.8823,-102.6702,6.0,15.470820000000002,-0.1378136
-167.2921,-115.8903,6.0,24.64764,1.015454
-168.8892,-139.2409,6.0,37.936609999999995,0.4513116
-168.3213,-171.69299999999998,6.0,49.16939,0.34805440000000004
-164.6098,-210.8695,6.0,52.44085,-0.4479974
-162.9903,-245.2873,6.0,38.64755,-1.0434510000000001
-147.6075,-258.2463,6.0,23.773889999999998,-0.5433986
-133.2542,-253.6465,6.0,20.14668,0.4610896
-125.6314,-237.5575,6.0,27.2872,0.199427
-126.0485,-215.4171,6.0,32.62924,0.18878499999999998
-128.4207,-190.4544,6.0,29.58352,-0.8351393
-118.417,-182.0664,6.0,19.6599,0.41443500000000005
-105.5445,-190.7532,6.0,24.18556,0.1652718
-102.6405,-210.1789,6.0,29.48702,0.397369
-105.2256,-233.9874,6.0,34.92202,0.38595609999999997
-103.1801,-261.3159,6.0,38.63893,-0.05692248
-81.16226,-272.215,6.0,31.8455,-0.6327676999999999
-61.136340000000004,-267.0605,6.0,24.21801,-0.5313419
-50.08862,-254.4869,6.0,27.496579999999998,0.5828505999999999
-46.16238,-232.3562,6.0,33.013709999999996,0.3847926
-43.16002,-206.1291,6.0,38.24807,0.33509540000000004
-32.34243,-179.158,6.0,40.924209999999995,0.128364
-8.530838000000001,-161.2246,6.0,32.08402,-2.509408
2.7097599999999997,-152.6446,6.0,12.621360000000001,-0.3411655
9.352791999999999,-146.4656,6.0,13.138029999999999,0.14100379999999998
12.84271,-135.3464,6.0,20.15393,0.3079275
3.599525,-120.0076,6.0,30.684859999999997,1.0982020000000001
-7.745722,-95.04099000000001,6.0,44.49635,0.4769818
-9.022124,-57.35268000000001,6.0,57.08158,0.8318403
-1.6536849999999998,-13.34518,6.0,61.174569999999996,-0.5592238
-5.31182,20.00958,6.0,25.00054,-1.254765
-12.224110000000001,34.52265,6.0,23.16314,0.43587359999999997
-29.87313,44.1148,6.0,33.13295,0.4674259
-59.73112,44.98556,6.0,47.95563,1.107466
-100.3909,43.17818,6.0,58.937180000000005,-0.5212926
-125.2237,39.73745,6.0,14.694020000000002,-0.3747041
-135.2492,37.64563,6.0,17.631970000000003,1.287039
-146.8327,26.84266,6.0,24.93761,0.3239444
-146.7664,6.456733,6.0,30.35153,0.3942175
-141.8629,-17.606379999999998,6.0,35.683840000000004,0.16744820000000002
-141.9751,-35.39982,7.0,8.36557,0.49757460000000003
-143.8661,-43.9083,7.0,15.04744,0.21368649999999997
-153.8039,-52.26086,7.0,20.8894,0.43390740000000005
-167.17,-61.58336,7.0,21.24677,-0.6470187
-165.3374,-73.62103,7.0,15.60457,0.01769037
-153.6122,-76.78238,7.0,18.7704,0.1367471
-139.3302,-73.186,7.0,20.697589999999998,0.217259
-123.2659,-76.56107,7.0,25.5946,1.010909
-109.4728,-92.90836999999999,7.0,31.510309999999997,0.2231133
-111.5242,-116.8571,7.0,34.8208,0.15873410000000002
-132.762,-131.6723,7.0,36.610859999999995,-0.4685174
-147.6322,-122.484,7.0,15.9164,-0.7473656999999999
-143.2052,-115.1645,7.0,12.30685,0.4423932
-147.4375,-104.3821,7.0,16.524620000000002,-0.07902762
-159.7532,-102.2914,7.0,20.565170000000002,0.2532391
-166.3594,-115.0322,7.0,19.78846,-0.02829948
-166.1925,-131.586,7.0,26.261640000000003,0.6890419
-169.0606,-156.0307,7.0,40.29911,0.4585567
-169.8578,-190.61700000000002,7.0,52.685140000000004,0.8154438
-168.6424,-229.7155,7.0,48.07062,-0.8136129
-156.8215,-252.4089,7.0,27.84569,-0.8270755
-139.4704,-253.8009,7.0,21.520310000000002,0.05395377
-126.6535,-243.9071,7.0,24.699170000000002,0.5422857
-125.9925,-221.9035,7.0,33.05636,0.40322009999999997
-126.1484,-195.4545,7.0,38.22211,0.1624233
-117.8952,-179.6557,7.0,14.52082,-0.5670801999999999
-110.1956,-187.7984,7.0,20.117520000000003,0.20595839999999999
-108.9402,-204.8917,7.0,26.11362,0.21464160000000002
-108.626,-226.36599999999999,7.0,31.809140000000003,0.3903458
-105.6329,-251.4637,7.0,36.45134,0.2680597
-86.54522,-270.9011,7.0,39.05039,0.1249394
-59.18464,-266.6571,7.0,39.31714,-0.0027129209999999996
-49.4886,-239.8581,7.0,41.19792,0.3699257
-45.444309999999994,-208.0851,7.0,45.03099,0.06529567
-24.470660000000002,-181.1607,7.0,48.42496,0.3269993
0.2253903,-152.9377,7.0,50.848290000000006,-1.923272
8.964762,-128.3648,7.0,24.3666,-0.6477050999999999
-1.580343,-112.0123,7.0,30.51478,0.38634450000000004
-5.434512000000001,-86.47881,7.0,43.08782,1.3976110000000002
-1.030701,-48.248909999999995,7.0,60.31525,1.067248
-1.830334,0.35935409999999995,7.0,64.32299,-0.5277430999999999
-9.868238,37.19247,7.0,35.01791,-1.2729549999999998
-31.6417,41.095259999999996,7.0,35.4481,1.360091
-60.93435,40.47345,7.0,42.16619,0.34802890000000003
-93.95881999999999,40.65798,7.0,46.84629,0.3304448
-130.0356,40.526140000000005,7.0,48.13958,-0.7597309
-147.4671,24.87568,7.0,28.273559999999996,0.1019474
-145.3506,2.030602,7.0,33.54578,0.38930640000000005
-145.4479,-24.74972,7.0,38.751909999999995,0.3086156
-153.6461,-51.961909999999996,8.0,36.667429999999996,-0.3916599
-168.3247,-65.61731999999999,8.0,20.02355,0.24514760000000002
-158.1442,-78.61721,8.0,27.44855,0.17650929999999998
-136.2769,-77.09743,8.0,32.08939,0.20412529999999998
-115.9616,-89.35732,8.0,34.79065,0.10575860000000001
-112.0063,-114.8457,8.0,36.96379,0.05063219
-132.3857,-131.8554,8.0,37.08645,-0.607817
-146.6865,-127.6886,8.0,3.816698,-0.5502723
-143.9338,-125.2998,8.0,8.774483,0.2563171
-141.9534,-116.882,8.0,15.29367,0.4486849
-149.1656,-105.69,8.0,21.193720000000003,0.392877
-164.5496,-105.1762,8.0,23.61777,0.06416742
-167.1417,-123.0171,8.0,27.711570000000002,0.2012836
-168.1097,-145.4635,8.0,33.027159999999995,0.18740929999999997
-171.2135,-171.5897,8.0,38.02415,0.3396838
-169.2151,-201.6187,8.0,42.8796,0.1767796
-167.7683,-235.0506,8.0,46.93242,-0.07282986
-149.3615,-256.7503,8.0,35.51226,-1.24336
-130.9612,-246.9373,8.0,28.724940000000004,0.09592122
-127.1601,-224.1297,8.0,34.19569,0.4008291
-126.8147,-196.8945,8.0,38.976040000000005,0.01772203
-116.3932,-179.4844,8.0,16.94187,-0.7009
-107.9878,-187.2461,8.0,19.3013,0.372733
-106.7712,-203.7073,8.0,25.34318,0.42458679999999993
-106.1004,-224.6833,8.0,31.06996,0.40213459999999995
-104.1918,-249.5261,8.0,36.086079999999995,0.2820479
-87.42103,-270.3878,8.0,38.38808,0.1153729
-60.558569999999996,-267.2151,8.0,38.96246,0.08759471
-47.769,-241.8133,8.0,41.00578,0.32028850000000003
-44.944320000000005,-209.8587,8.0,45.43739,0.1926434
-25.94116,-182.6151,8.0,47.19624,0.16045520000000002
-1.457027,-155.4313,8.0,51.01873,-0.21019079999999998
8.197386,-125.9846,8.0,34.787420000000004,-0.9200674000000001
-5.976525,-103.2855,8.0,39.629259999999995,-0.14335720000000002
-3.424096,-74.06775999999999,8.0,42.09608,0.34344840000000004
-1.234119,-41.20322,8.0,46.66151,0.340862
-1.703614,-4.996543,8.0,51.07544,0.29669070000000003
-7.279703,32.07192,8.0,43.81779,-1.1467180000000001
-24.70502,42.58229,8.0,12.8368,-2.374614
-26.859759999999998,38.6358,8.0,8.377416,0.4514468
-34.46331,38.54972,8.0,14.678329999999999,0.44641440000000004
-43.74484,47.79225,8.0,20.31243,-0.000691745
-48.0271,48.58662,8.0,0.02323756,-0.00218733
-48.135059999999996,48.21283,8.0,2.749149,0.265056
-48.24005,44.94574,8.0,5.314511,-0.08159607
-47.23847,43.361940000000004,8.0,2.365371,0.3488393
-51.76468,45.96844,8.0,11.59643,0.6151938
-63.41786999999999,45.44701,8.0,20.12644,0.3017509
-81.26691,43.28933,8.0,28.20716,0.2832597
-104.8955,42.51455,8.0,35.66239,0.5241895999999999
-133.1378,41.86487,8.0,39.81167,-0.1066579
-144.2543,17.31065,8.0,41.00778,0.7128233
-146.2811,-16.19236,8.0,48.69403,-0.04911222
-142.0152,-34.44191,9.0,2.766219,-0.06067479
-142.7538,-37.932559999999995,9.0,10.47436,0.6400693000000001
-146.8602,-46.84563,9.0,13.15669,-0.2237529
-153.8862,-52.11053,9.0,12.65011,0.3859962
-163.4275,-55.43111,9.0,12.310889999999999,-0.2441126
-166.929,-62.29773,9.0,11.06875,0.7504246
-159.7216,-72.17408,9.0,20.6402,-0.20111120000000002
-146.3576,-73.08739,9.0,16.39989,-0.23809360000000002
-134.3594,-73.57977,9.0,20.79178,1.235647
-117.8797,-81.46239,9.0,25.80157,0.06917054
-108.0233,-97.79429,9.0,26.10495,-0.1274525
-108.1747,-112.8615,9.0,12.616060000000001,-0.09934733
-110.9823,-121.1308,9.0,13.8485,1.066278
-120.01299999999999,-132.4003,9.0,20.76296,-0.3820938
-133.1375,-134.5685,9.0,16.37772,-0.145763
-142.67700000000002,-127.2574,9.0,21.23358,0.7226183
-148.6554,-109.5406,9.0,29.32279,0.7318786999999999
-158.007,-99.38245,9.0,14.606129999999999,-0.38399120000000003
-165.3427,-105.1649,9.0,16.794529999999998,1.215051
-168.0675,-123.0918,9.0,31.890340000000002,1.026867
-168.9639,-151.4359,9.0,43.26886,0.46150209999999997
-166.8704,-185.0268,9.0,47.25623,0.09054469
-163.7423,-218.7863,9.0,42.04064,-0.30549440000000005
-161.7925,-244.416,9.0,27.416040000000002,-0.5119056
-150.9621,-258.0657,9.0,21.39575,-0.3449295
-137.6287,-258.7625,9.0,18.24934,0.7229161999999999
-127.0441,-243.793,9.0,32.39999,0.49911990000000006
-126.0803,-217.3358,9.0,35.83021,-0.488817
-128.8005,-196.5401,9.0,17.5997,-1.5558020000000001
-126.7046,-185.8062,9.0,13.177010000000001,-0.1930682
-116.2547,-181.7064,9.0,19.37086,0.1493679
-105.1398,-187.7982,9.0,15.50012,-0.261629
-102.454,-200.7193,9.0,24.78632,1.1735659999999999
-104.0524,-223.6803,9.0,35.89362,0.2858354
-105.5982,-250.9976,9.0,36.17913,-0.1883947
-92.00657,-271.2045,9.0,32.65763,-0.02278337
-68.34315,-270.85900000000004,9.0,32.414629999999995,-0.05909529
-51.65612,-254.6087,9.0,33.74862,0.1764581
-46.71842,-229.1165,9.0,36.20325,0.07825551
-42.32857,-202.4654,9.0,35.27421,-0.1489229
-33.126540000000006,-180.1084,9.0,30.22475,-0.4653963
-18.11693,-166.6582,9.0,24.54159,-0.33484790000000003
-4.258566,-157.3838,9.0,20.7924,-0.2992298
7.158831,-149.1725,9.0,18.303720000000002,0.1846323
12.62485,-135.0349,9.0,24.1312,0.2385342
2.6465549999999998,-118.3833,9.0,28.96296,0.09506927
-7.743839,-99.39022,9.0,29.8433,0.02290356
-11.240910000000001,-77.21979,9.0,31.57814,0.3282788
-9.213889,-52.44033,9.0,34.90866,0.13110360000000001
-4.583076,-26.48037,9.0,36.17327,0.07110466
-1.835975,0.1652201,9.0,34.47739,-0.25996379999999997
-5.173914,20.61854,9.0,22.97514,-0.6044065
-11.44712,34.09285,9.0,21.90703,1.42014
-28.0145,44.14516,9.0,30.17793,0.5096689
-52.861869999999996,44.19854,9.0,37.18827,0.536307
-83.15639,44.243120000000005,9.0,44.20895,0.47728400000000004
-117.8004,41.41207,9.0,47.50457,-0.5099384
-143.9721,32.53672,9.0,34.85265,-0.01182831
-144.1659,7.382667999999999,9.0,37.83671,0.5147162999999999
-142.23,-22.421860000000002,9.0,38.91706,-1.321431
-145.3347,-40.48509,10.0,16.36259,-0.1232249
-153.08700000000002,-51.83521,10.0,18.9974,-0.3304068
-164.31,-57.547630000000005,10.0,15.15383,-0.15616839999999999
-166.09900000000002,-66.96262,10.0,16.220579999999998,0.6269304
-155.3166,-73.22099,10.0,17.995739999999998,0.07837743
-141.7725,-72.5917,10.0,17.6571,-0.1695313
-127.1688,-76.09071,10.0,25.369239999999998,0.5543303
-110.9227,-89.46461,10.0,32.07304,0.41062840000000006
-108.4693,-114.4664,10.0,36.471070000000005,-0.407683
-120.5943,-131.0929,10.0,23.11281,-0.3761217
-135.3516,-133.0949,10.0,18.15271,-0.34515029999999997
-144.3165,-123.2046,10.0,22.37908,0.6024723000000001
-149.047,-106.5318,10.0,16.54678,-1.594486
-152.4279,-102.64,10.0,9.034421,0.30477109999999996
-161.3592,-101.1248,10.0,16.17995,0.20567729999999998
-167.4837,-113.1855,10.0,22.54051,0.2653993
-168.6461,-132.5531,10.0,29.5962,0.24411509999999997
-168.7227,-157.055,10.0,35.18554,0.03226671
-167.7591,-184.6422,10.0,39.19218,0.17844200000000002
-164.8692,-213.3912,10.0,36.202420000000004,-0.5507073
-163.6051,-237.4436,10.0,29.01817,-0.4846402
-156.3704,-254.3719,10.0,22.04849,-0.45856779999999997
-141.4008,-259.6246,10.0,23.87743,0.009759976
-129.0315,-247.8089,10.0,25.80249,0.2040469
-124.625,-228.1755,10.0,28.929170000000003,0.1019074
-127.2211,-206.2994,10.0,27.95823,-0.4622919
-127.9633,-191.5582,10.0,15.70204,-0.15518370000000004
-123.8022,-183.0609,10.0,12.201360000000001,0.4554629
-112.62899999999999,-182.6327,10.0,18.03386,0.09439339
-103.514,-191.5284,10.0,18.634220000000003,0.07900082
-103.4182,-206.2566,10.0,21.14232,0.08367652
-104.4816,-222.2889,10.0,21.75664,-0.009833357
-105.9445,-240.56099999999998,10.0,28.15767,0.3927866
-102.8955,-262.0108,10.0,29.379540000000002,-0.1939389
-83.6535,-272.6986,10.0,35.07273,0.5009444000000001
-57.579919999999994,-264.7904,10.0,38.39263,-0.1915032
-48.51291,-237.8696,10.0,41.89893,0.3908083
-43.521209999999996,-206.4626,10.0,41.0927,-0.6270920999999999
-33.43208,-181.3391,10.0,32.49177,-0.5932655
-17.770529999999997,-166.9028,10.0,25.63941,-0.41966620000000004
-6.276136,-158.8591,10.0,12.68427,-0.2535135
3.921852,-151.5943,10.0,20.35357,-0.350724
12.96608,-140.3026,10.0,22.28236,0.9979418999999999
6.285132,-122.8656,10.0,29.274959999999997,0.24432929999999997
-6.771692,-103.3494,10.0,34.96808,0.4330186
-10.44928,-78.87437,10.0,30.8001,0.7836502
-8.801076,-53.68166,10.0,37.33047,0.48748
-4.563414,-23.99544,10.0,43.43192,0.42768009999999995
-2.375411,10.00714,10.0,48.390609999999995,0.03235366
-16.71473,39.056129999999996,10.0,42.56068,-0.02681193
-48.41537,44.92136,10.0,46.426559999999995,0.4246839
-84.84244,44.15878,10.0,51.7997,0.36497470000000004
-122.9368,40.25156,10.0,45.283640000000005,-1.447128
-147.5148,26.96327,10.0,37.3952,-0.29738590000000004
-143.4095,-0.03139808,10.0,39.898759999999996,0.38579709999999995
-143.2264,-29.73122,10.0,34.994409999999995,-1.576525
-154.1618,-52.41642,11.0,36.13904,0.08682569
-170.0382,-71.41275,11.0,27.48505,-1.171381
-160.1922,-80.0775,11.0,19.97259,0.2629704
-147.0484,-69.71826999999999,11.0,25.38648,0.16598510000000002
-128.1475,-76.40594,11.0,30.78835,0.2436815
-111.6812,-92.32584,11.0,30.35714,0.7807066
-111.3493,-116.6975,11.0,34.72511,-0.2022525
-125.77600000000001,-132.3066,11.0,27.514609999999998,0.3162382
-143.8666,-123.7122,11.0,31.14766,0.12187830000000001
-147.0328,-104.1334,11.0,11.5432,-1.2967549999999999
-156.2754,-100.5833,11.0,20.01057,0.6744071
-166.7361,-112.3632,11.0,25.56025,0.4242102
-166.0906,-133.7131,11.0,32.1655,0.23488560000000003
-168.4893,-159.8152,11.0,38.38068,0.21615320000000002
-166.0132,-190.3637,11.0,44.38256,0.43013690000000004
-163.4778,-224.9972,11.0,47.1769,-0.3821675
-156.9195,-253.2137,11.0,30.209390000000003,-1.312468
-137.2854,-259.0967,11.0,30.20577,-0.5164407999999999
-126.4657,-240.2425,11.0,33.086240000000004,0.31643879999999996
-126.4716,-213.4841,11.0,39.0942,0.4523399
-126.3295,-187.0795,11.0,32.94823,-0.6316797
-109.8385,-181.9303,11.0,24.43777,-0.16740839999999998
-107.5945,-200.1107,11.0,28.496440000000003,0.22298539999999997
-105.6722,-223.3534,11.0,34.61435,0.44935649999999994
-106.39399999999999,-251.1482,11.0,40.10553,0.2400268
-87.71958000000001,-272.1017,11.0,39.08822,0.005287399
-58.7496,-265.7541,11.0,42.01208,-0.2141674
-46.97445,-237.7623,11.0,44.10575,0.41099480000000005
-42.03313,-203.3238,11.0,49.64935,0.33104229999999996
-23.56479,-171.4163,11.0,48.69382,-0.7335498
0.6326269,-155.1634,11.0,32.90695,-0.7253674
12.198789999999999,-137.8808,11.0,24.57919,-0.2969868
5.87279,-121.471,11.0,27.0411,0.47979220000000006
-5.963925,-102.6728,11.0,33.16387,0.42873009999999995
-10.319410000000001,-76.25551,11.0,39.29322,0.2012018
-7.628882000000001,-45.12495,11.0,45.038509999999995,0.1974423
-1.981812,-10.155669999999999,11.0,50.52032,0.37304740000000003
-7.362608,27.76466,11.0,49.92814,-1.068578
-34.98624,45.63884,11.0,46.21131,0.1575513
-71.06275,42.4182,11.0,51.43946,0.1807193
-111.0282,41.10705,11.0,54.63279,-1.039609
-143.9901,31.793640000000003,11.0,42.47643,-0.22047429999999998
-146.9545,3.273615,11.0,41.57972,0.1886225
-142.5859,-28.75442,11.0,44.46591,-0.9345936
-153.9464,-51.537620000000004,12.0,27.26035,-0.5868678
-168.7267,-63.28576999999999,12.0,25.1753,-0.6116279
-155.9661,-72.13225,12.0,25.725820000000002,0.47950479999999995
-134.6795,-72.54238000000001,12.0,32.01398,0.2047753
-113.1916,-86.03496,12.0,37.105920000000005,0.1299624
-107.7067,-112.4784,12.0,34.24415,-1.131235
-121.43299999999999,-128.9156,12.0,27.573040000000002,-0.5248286999999999
-138.3555,-132.2306,12.0,22.11024,1.040983
-146.4019,-117.0976,12.0,27.38471,0.5130352
-155.1509,-101.0273,12.0,21.328570000000003,-0.2473351
-166.9523,-107.3932,12.0,22.46001,0.8681954
-167.1245,-129.1967,12.0,35.36238,0.45183729999999994
-168.963,-157.4861,12.0,41.12624,0.40266579999999996
-166.5697,-190.1711,12.0,46.925290000000004,0.18470350000000002
-164.5276,-226.9011,12.0,51.71371,-0.3878902
-153.8597,-256.28700000000003,12.0,35.35833,-0.7109241999999999
-134.4018,-252.5788,12.0,29.06297,0.1471279
-127.05799999999999,-230.4682,12.0,34.4316,0.4709387
-127.0137,-203.4743,12.0,34.5136,-0.09729026
-122.3558,-181.4129,12.0,29.70386,-0.4738887
-106.634,-187.4937,12.0,24.42625,-0.04226642
-110.34299999999999,-207.0076,12.0,29.99523,0.4762335999999999
-109.3308,-231.6851,12.0,36.50799,0.4796901
-103.1479,-260.1122,12.0,41.68132,0.02097948
-77.87795,-271.437,12.0,40.17673,0.34736859999999997
-49.808170000000004,-259.3098,12.0,40.96888,-1.2944950000000002
-49.77847,-234.4093,12.0,32.09534,-0.3680309
-52.9297,-219.0151,12.0,8.085516,-1.0212219999999999
-53.32188000000001,-215.0897,12.0,2.3645680000000002,-0.5347626
-52.609680000000004,-216.5084,12.0,6.538719,0.7281861
-45.94334,-218.139,12.0,13.65792,0.44792209999999993
-41.94084,-208.3818,12.0,13.47079,-0.27150759999999996
-41.30952,-197.2295,12.0,19.75204,0.2490644
-35.32405,-181.1774,12.0,26.63982,0.4485099
-19.16045,-166.3227,12.0,32.99778,0.2180625
3.275254,-152.0267,12.0,37.4614,-0.1255311
11.7683,-129.8527,12.0,28.5941,-0.1439808
-1.777595,-109.5196,12.0,40.44717,1.166423
-10.659360000000001,-75.87214,12.0,52.41964,0.3096837
-5.46595,-35.665,12.0,57.19806,0.3648517
-2.6270330000000004,7.469376,12.0,53.89395,-1.794662
-12.19094,34.153059999999996,12.0,34.79138,0.40413530000000003
-35.75125,45.82413,12.0,38.4126,0.2927725
-66.19203,44.357479999999995,12.0,44.08785,0.41768109999999997
-100.8923,42.91,12.0,49.653259999999996,0.3952432
-137.2696,38.08422,12.0,47.86804,-0.08453025
-152.8516,17.46448,12.0,17.4922,-0.5172359000000001
-153.5326,12.617230000000001,12.0,2.729515,0.31633590000000006
-148.7699,11.24185,12.0,10.9334,0.5018461
-146.4306,0.8181568,12.0,18.60029,0.5435736
-144.0176,-15.52019,12.0,25.83805,0.5092585999999999
-141.9219,-33.701440000000005,13.0,4.201312000000001,0.6240785
-143.2686,-39.71774,13.0,12.407160000000001,0.5670826
-150.3669,-49.15974,13.0,19.78162,0.24647280000000002
-164.813,-58.365390000000005,13.0,26.10218,-0.5173085999999999
-164.2075,-72.89842,13.0,17.90672,-0.17439029999999997
-151.2276,-75.77798,13.0,21.08517,0.2012859
-136.7094,-72.24853,13.0,18.33977,0.1220855
-120.6051,-76.71064,13.0,26.259420000000002,0.2027382
-108.0355,-93.64891,13.0,31.9059,0.3953981
-110.9919,-118.0767,13.0,36.1405,0.1319119
-133.6243,-132.514,13.0,35.48317,-1.3796030000000001
-145.9563,-123.6418,13.0,10.31494,-0.9336707000000001
-140.5682,-123.0093,13.0,10.83871,0.10751240000000001
-139.5276,-122.6992,13.0,5.309923,0.7757677
-144.8006,-126.0028,13.0,9.582092,-0.2184484
-145.519,-129.1311,13.0,1.047124,0.679243
-144.2865,-125.1552,13.0,10.18112,0.6258335999999999
-140.0419,-115.5377,13.0,18.2007,0.5134413
-145.9327,-101.2458,13.0,24.8333,0.368245
-162.8092,-101.2309,13.0,22.77507,-0.4149697
-167.2509,-118.9435,13.0,29.65605,0.2563877
-167.5542,-143.4981,13.0,36.62273,0.49551759999999995
-167.8558,-173.2236,13.0,43.20178,0.23566379999999998
-167.9441,-207.5431,13.0,49.394909999999996,0.43963779999999997
-164.2024,-244.5656,13.0,46.820570000000004,-1.282325
-137.7052,-256.9517,13.0,36.54293,-0.8004023
-127.6797,-238.6095,13.0,32.88852,0.7628394000000001
-127.4276,-210.4334,13.0,41.26061,-0.08816024
-125.9551,-186.7994,13.0,16.20474,-2.056212
-116.8603,-181.4111,13.0,16.6948,0.5846031999999999
-106.2347,-191.1447,13.0,24.175620000000002,0.4881428
-105.4486,-211.4285,13.0,31.08636,0.2566447
-108.02,-236.8494,13.0,37.60302,0.15876210000000002
-96.36955,-263.6926,13.0,42.273920000000004,0.08088244
-67.57326,-271.2378,13.0,42.622679999999995,-0.0077927019999999994
-49.71243,-247.3307,13.0,43.27193,0.31486970000000003
-47.26358,-213.7958,13.0,43.88292,-0.721561
-33.438829999999996,-185.6413,13.0,44.94083,0.402505
-8.721769,-160.0093,13.0,50.860009999999996,0.4292555
9.970545,-128.8997,13.0,45.46627,-0.41916909999999996
-3.875949,-105.9149,13.0,31.98825,-0.8159506
-7.785913000000001,-85.58576,13.0,32.47744,0.2631074
-5.776288,-59.07351,13.0,39.2609,0.2333637
-5.013595,-27.59285,13.0,45.68509,0.44800619999999997
-3.811375,8.508003,13.0,51.60572,0.3698315
-16.02569,38.92475,13.0,36.049240000000005,-0.47407910000000003
-33.71397,38.02933,13.0,14.8511,-1.224058
-35.09555,32.58501,13.0,0.08301763,0.0278911
-35.14546,32.5919,13.0,0.06351361,0.0371866
-34.95087,33.11269,13.0,3.691382,0.5853764
-33.77874,38.6282,13.0,11.196110000000001,0.4571241
-32.2775,44.4482,13.0,3.003069,-0.35511570000000003
-32.79218,43.44968,13.0,5.686031,0.29330759999999995
-39.191359999999996,41.35105,13.0,13.3994,0.5364597
-51.29852,44.75936,13.0,20.50688,0.24157640000000002
-68.93247,44.4248,13.0,27.149490000000004,0.46601090000000006
-91.19612,41.9114,13.0,33.31122,0.2138527
-118.0386,42.59878,13.0,38.87352,0.1666663
-143.4051,29.591540000000002,13.0,38.14199,-0.05367834
-147.3243,1.4788780000000001,13.0,41.36095,0.3902262
-144.6213,-30.99754,13.0,45.894709999999996,-0.05002683
-156.584,-56.06771,14.0,30.999370000000003,-0.5374539
-160.903,-71.8171,14.0,24.133229999999998,0.3879253
-142.0605,-75.5851,14.0,29.69278,0.44990169999999996
-120.0714,-82.95255,14.0,34.29936,0.3132643
-109.4457,-106.3769,14.0,37.33361,0.07205902
-124.1364,-129.3441,14.0,39.17378,0.00963337
-145.2612,-126.5451,14.0,22.39856,-1.1546020000000001
-145.8565,-119.9441,14.0,1.563551,0.1012296
-146.7641,-118.9019,14.0,1.8578009999999998,-0.01958627
-147.5728,-118.0051,14.0,1.398958,-0.02660629
-149.5144,-117.2128,14.0,3.9810809999999996,-0.01578085
-150.6805,-117.3525,14.0,2.86551,0.6560085
-146.5024,-113.9921,14.0,11.60931,0.608152
-145.6973,-103.1331,14.0,18.937520000000003,0.4443642
-159.3884,-97.20773,14.0,23.92946,0.23599299999999998
-168.021,-112.7897,14.0,28.421329999999998,0.4977424
-166.3083,-136.3807,14.0,35.42027,0.5021975999999999
-166.6915,-165.1263,14.0,42.14378,0.22262440000000003
-167.2455,-198.7265,14.0,48.50035,0.4510803
-165.4209,-236.2959,14.0,49.1721,-1.470976
-147.2787,-254.8109,14.0,23.32645,-2.315491
-141.744,-251.4429,14.0,4.233386,-0.15019960000000002
-140.7216,-249.1797,14.0,4.868681,0.9247492
-134.6077,-248.6107,14.0,12.284239999999999,0.5139774
-125.06700000000001,-251.7441,14.0,12.22538,-0.3221047
-120.9404,-245.7173,14.0,12.64363,0.7690259
-124.1975,-233.2254,14.0,21.54182,0.2887039
-126.8266,-214.6119,14.0,29.11908,0.2641447
-127.3954,-190.4483,14.0,35.03522,-0.2535163
-111.1494,-179.7205,14.0,23.621660000000002,-0.4592241
-105.5213,-197.1423,14.0,34.2282,1.509527
-107.3902,-229.9782,14.0,54.08554,0.6571943
-92.59751,-266.3749,14.0,48.36623,-0.6168383000000001
-60.57192,-268.7223,14.0,45.74811,-0.24379810000000002
-48.35624,-240.7389,14.0,44.26173,0.4353292
-45.46626,-206.7576,14.0,48.52831,0.3346533
-23.07207,-176.6198,14.0,53.5748,0.4021489
5.2035919999999996,-146.8716,14.0,54.48126,-0.34181
6.184252,-119.2379,14.0,28.2397,-0.5838631999999999
-4.638889,-102.3703,14.0,30.0419,0.23607640000000002
-5.142151999999999,-77.71239,14.0,36.80477,0.5023437
-2.899509,-48.049490000000006,14.0,43.44262,0.21997689999999998
-2.2345029999999997,-13.47144,14.0,49.69959,0.207798
-5.457368,24.67152,14.0,49.0395,-0.7231387
-30.217809999999997,42.8259,14.0,43.2349,0.1672017
-64.31436,40.36009,14.0,49.0426,0.21599629999999997
-102.8465,40.59402,14.0,54.90079,0.4172865
-138.1581,36.67357,14.0,37.54285,-1.325359
-144.9895,22.2163,14.0,5.614127,-1.249036
-142.7329,23.63093,14.0,5.061555,0.4230670999999999
-141.2699,25.48675,14.0,2.238143,0.8925776
-144.3963,22.12471,14.0,9.262399,0.33044520000000005
-149.4512,21.995279999999998,14.0,2.123622,-0.6299355999999999
-147.7411,20.969739999999998,14.0,7.371785000000001,0.6545420999999999
-142.3534,14.248339999999999,14.0,16.0487,0.5799681999999999
-140.8046,-0.46011019999999997,14.0,24.1386,0.2853785
-142.695,-21.2357,14.0,31.9371,0.5277069000000001
-141.8689,-36.361129999999996,1.0,6.5600130000000005,1.1040780000000001
-143.2033,-45.007690000000004,1.0,16.31041,0.5686300999999999
-153.8849,-55.381159999999994,1.0,24.54774,0.6053498
-162.4292,-71.16405,1.0,26.44608,-0.3074774
-147.3634,-73.55658000000001,1.0,24.906979999999997,0.25974780000000003
-135.9277,-68.28931,1.0,3.8078839999999996,-20.25231
-135.8597,-68.27933,1.0,0.02600579,-0.0006242773999999999
-135.8412,-68.282,1.0,0.02229724,-0.008599793
-135.8257,-68.28374000000001,1.0,0.0173915,0.01177825
-136.0587,-70.52495,1.0,4.671392,0.0408392
-135.6477,-73.78726999999999,1.0,4.095559,-0.06193971
-136.5948,-76.27011999999999,1.0,3.2908449999999996,-0.23870909999999998
-135.5078,-75.65483,1.0,6.374525,0.6300808000000001
-127.6313,-75.52538,1.0,15.18467,0.6032473
-117.3496,-84.12384,1.0,22.55291,0.5810556
-110.4211,-102.3948,1.0,29.95931,0.2310156
-117.00200000000001,-124.9954,1.0,35.29918,0.32236390000000004
-140.1731,-131.7434,1.0,29.16933,-1.289101
-144.774,-117.4063,1.0,22.180979999999998,0.32228429999999997
-138.4577,-108.7081,1.0,0.04187419999999999,0.01855467
-138.4582,-108.7251,1.0,0.02389538,0.01825619
-138.46200000000002,-108.7401,1.0,0.08612324,-0.04942226
-141.8875,-108.1612,1.0,8.157263,0.08840907
-145.7204,-110.8244,1.0,0.6575873999999999,-0.2884399
-144.5991,-108.1156,1.0,8.410725999999999,0.6151681999999999
-147.1074,-99.5704,1.0,16.47689,0.5528312
-158.9617,-96.22841,1.0,15.790939999999999,-0.3567285
-166.0483,-104.866,1.0,20.78229,0.6339066999999999
-168.592,-125.23299999999999,1.0,33.8418,0.43812879999999993
-164.8163,-152.0637,1.0,40.936679999999996,-0.07627473
-165.4155,-178.3796,1.0,32.16568,-0.24935170000000004
-167.9102,-202.4938,1.0,39.635040000000004,1.510498
-166.39700000000002,-231.3599,1.0,35.69992,-0.2825603
-155.9672,-249.8352,1.0,25.41975,-0.3220295
-135.8925,-248.7613,1.0,30.38557,0.7610281
-121.8528,-234.5007,1.0,23.83961,-0.2532585
-131.1889,-219.7149,1.0,22.82366,-0.6400680999999999
-123.3221,-205.8505,1.0,19.574289999999998,-0.5381669
-124.8796,-192.7672,1.0,16.947689999999998,-0.17658800000000002
-119.1596,-184.1125,1.0,18.38265,1.083988
-110.8273,-191.7864,1.0,15.78395,-0.2649342
-110.0652,-202.4922,1.0,13.8726,0.1760473
-109.2778,-215.9505,1.0,22.30992,0.59943
-107.2642,-235.1972,1.0,29.85779,0.25444570000000005
-100.1542,-258.5346,1.0,36.12194,0.3485937
-76.57883000000001,-271.5212,1.0,39.19985,0.1068542
-54.0127,-255.5751,1.0,39.66985,-0.01510885
-50.798390000000005,-225.2769,1.0,43.83742,0.1428482
-35.56868,-194.6504,1.0,48.93562,0.194527
-10.40659,-165.6868,1.0,54.672180000000004,0.1910778
11.15973,-129.7808,1.0,55.80934,-2.096234
10.60442,-105.4928,1.0,10.3919,-1.312869
9.797724,-104.2667,1.0,0.507828,0.02678611
10.47649,-104.7146,1.0,4.166901,0.44770299999999996
14.837439999999999,-107.1369,1.0,8.563051,-0.07562457
18.52834,-106.9199,1.0,0.2087154,-0.7174305999999999
15.53836,-107.8738,1.0,8.602347,0.6187509
7.128471,-111.8428,1.0,15.709079999999998,0.14977200000000002
-0.2709388,-103.9652,1.0,20.12561,0.5151471
0.4014434,-86.68506,1.0,26.82964,0.5492446999999999
-4.94079,-64.97927,1.0,33.57935,0.4802093
-5.954269999999999,-37.664970000000004,1.0,40.20029,0.22667220000000002
-6.339857,-5.536468,1.0,46.44228,0.2106811
-8.031791,29.84715,1.0,43.66185,-1.370722
-21.02596,44.62526,1.0,13.90161,-0.8797369
-30.51728,38.242129999999996,1.0,19.121129999999997,0.4887393
-47.16571,39.37562,1.0,26.30507,0.5200167
-69.23384,39.54718,1.0,33.33791,0.5244441999999999
-96.42919,39.7807,1.0,40.00042,0.221822
-128.1087,40.5109,1.0,41.25309,-0.9155133
-144.5407,28.211170000000003,1.0,18.554029999999997,-0.8012176999999999
-138.97,24.754839999999998,1.0,10.09218,0.07795046
-137.7517,24.24436,1.0,0.05857808,0.003469313
-137.7525,24.20488,1.0,0.20967889999999997,0.4118617
-140.7955,24.6145,1.0,7.870582000000001,0.20523070000000002
-148.0984,24.43658,1.0,9.593994,-0.8028228000000001
-151.2133,25.41549,1.0,0.41435879999999997,0.5489172
-148.513,23.41014,1.0,8.741816,0.5831968000000001
-147.9464,14.605129999999999,1.0,15.9947,0.25515
-151.662,1.298251,1.0,22.0521,0.22221479999999996
-147.2672,-16.9674,1.0,28.70528,0.48702390000000007
-146.9036,-40.39735,2.0,34.06367,-0.09364102
-164.4077,-56.1697,2.0,31.9659,-0.612106
-161.401,-72.65236,2.0,18.82585,-0.7268571999999999
-155.8382,-68.59091,2.0,9.69552,0.491779
-155.6945,-68.52774000000001,2.0,0.04611846,0.0001772229
-155.7986,-68.8825,2.0,2.902021,0.532706
-156.3293,-72.36596,2.0,5.026269,-0.02495744
-156.9911,-75.16098000000001,2.0,0.4139405,-0.2655764
-154.455,-73.20006,2.0,9.104156,0.7046992
-145.2948,-75.49795,2.0,17.53781,0.5846680999999999
-132.6066,-82.32934,2.0,19.01521,-0.2810757
-120.4032,-87.11609,2.0,20.25695,0.5714096
-110.5907,-104.6477,2.0,31.403679999999998,-0.2952302
-120.1719,-125.3716,2.0,33.09167,-0.07349859
-141.3587,-128.7955,2.0,24.98019,-0.6332279000000001
-141.9939,-115.443,2.0,22.675829999999998,0.5804630999999999
-142.9647,-102.624,2.0,19.05343,0.2286699
-157.6945,-103.3872,2.0,19.55436,-0.28943579999999997
-161.031,-115.0647,2.0,16.63914,0.09250116
-164.1818,-128.2091,2.0,21.940360000000002,0.3469211
-165.3602,-147.4254,2.0,29.91113,0.5603694
-165.4074,-172.4617,2.0,37.42949,0.5506303000000001
-165.8026,-202.8188,2.0,44.498740000000005,0.4914662
-164.5709,-237.5451,2.0,41.162279999999996,-2.205882
-152.8564,-251.4628,2.0,23.98724,0.2451376
-132.5006,-250.6016,2.0,30.5426,-0.121748
-127.0002,-233.9959,2.0,26.18645,0.680591
-125.7305,-211.42,2.0,34.8272,0.473025
-124.9479,-187.0451,2.0,19.40505,-1.281765
-116.6768,-184.2864,2.0,14.524770000000002,0.4286794
-110.6599,-195.0321,2.0,21.64402,0.5963877
-109.0893,-214.0744,2.0,29.691959999999998,0.5525856
-105.7782,-238.6942,2.0,37.1822,0.26159899999999997
-93.06602,-265.0476,2.0,42.19877,0.03043852
-64.80149,-267.0969,2.0,41.02633,0.2259774
-48.702420000000004,-242.2092,2.0,42.42396,0.09310237
-46.907140000000005,-208.9259,2.0,47.79831,0.11834549999999999
-25.46442,-179.447,2.0,52.51251,0.4509583
1.482469,-148.5013,2.0,55.40586,-1.606373
7.381385000000001,-124.73200000000001,2.0,17.77467,-0.3720055
-3.184533,-113.2989,2.0,24.8946,0.502428
-6.812082000000001,-92.83185999999999,2.0,32.09447,0.5243573
-6.72947,-66.30415,2.0,39.43886,0.24350929999999998
-6.874619999999999,-34.46141,2.0,46.38203,0.22833760000000003
-7.3366690000000006,2.321038,2.0,52.90172,0.48058370000000006
-12.69015,38.60223,2.0,39.30247,-2.445088
-25.84137,45.92825,2.0,3.879033,-0.9346523000000001
-25.6853,42.879509999999996,2.0,8.514503,0.5829456999999999
-33.60918,40.18858,2.0,16.55084,0.31079320000000005
-47.48401,46.48395,2.0,24.338729999999998,0.46065870000000003
-67.89594,43.87223,2.0,31.7068,0.26603790000000005
-94.11068,41.57362,2.0,39.06924,0.24787270000000003
-125.5798,40.102270000000004,2.0,45.88917,0.44274480000000005
-149.7777,26.15196,2.0,26.56543,-1.092249
-149.3075,19.03215,2.0,3.279315,0.33639220000000003
-144.3178,17.60601,2.0,11.86523,0.592101
-145.6309,6.5127440000000005,2.0,19.86261,0.5889977
-150.43,-8.973983,2.0,25.71199,0.5150074
-145.9708,-30.26785,2.0,33.03095,0.4932095
-143.3024,-40.28065,3.0,11.54548,-0.02703954
-148.1083,-48.41972,3.0,17.51502,0.9474912
-159.0777,-53.69151,3.0,15.036779999999998,-0.2209515
-166.47099999999998,-59.12685,3.0,11.0864,-0.2394958
-164.7842,-66.43065,3.0,12.08586,0.6195013
-154.9432,-72.42188,3.0,19.87947,0.28000440000000004
-137.4215,-72.99001,3.0,27.49267,0.2646088
-118.6397,-82.3009,3.0,26.20403,-0.42065569999999997
-108.6744,-97.03314,3.0,25.93517,0.5872998
-109.9299,-117.1873,3.0,25.21624,-0.4048547
-120.0214,-130.0694,3.0,20.03578,-0.2988265
-136.232,-132.9339,3.0,23.065939999999998,-0.6320340999999999
-144.5757,-116.5657,3.0,32.32131,-0.21676289999999998
-156.5459,-103.5427,3.0,16.74146,-0.2311345
-165.9746,-111.61200000000001,3.0,21.81285,0.5577810000000001
-168.571,-130.5235,3.0,29.741090000000003,0.2759028
-169.5008,-155.2728,3.0,37.06173,0.2490096
-167.3047,-185.2338,3.0,44.03204,0.4912188
-164.1516,-220.1527,3.0,49.962959999999995,0.02636971
-158.9023,-253.2435,3.0,38.05363,-1.594761
-139.3698,-256.3548,3.0,26.4427,0.7067055999999999
-125.7582,-239.0545,3.0,32.8462,0.2704818
-128.3361,-213.4894,3.0,37.39398,-0.196909
-125.7836,-188.0192,3.0,31.282490000000003,-0.5741643
-111.8315,-179.4374,3.0,21.8739,-0.4662286
-110.0996,-194.6404,3.0,25.12325,0.2230315
-105.0392,-215.012,3.0,31.68388,-0.04634247
-105.7618,-237.0159,3.0,27.44118,0.04967118
-103.4109,-260.0902,3.0,36.18951,0.24720189999999997
-81.12476,-271.3292,3.0,36.98943,0.3852939
-61.641169999999995,-268.7326,3.0,14.724479999999998,-1.004345
-56.21974,-266.7191,3.0,1.603701,-0.42655200000000004
-57.08373,-267.3239,3.0,1.05215,-0.2223993
-56.4331,-266.7495,3.0,4.393519,0.46771090000000004
-53.317609999999995,-263.1219,3.0,7.740107000000001,0.1027806
-48.45486,-263.3367,3.0,3.7785019999999996,-0.8242805000000001
-48.875370000000004,-262.4373,3.0,5.98151,0.6224488
-49.977090000000004,-255.1497,3.0,14.25883,0.5776342
-46.605470000000004,-242.0701,3.0,22.10567,0.5477356
-43.7985,-223.1785,3.0,29.425440000000002,0.2626332
-40.89595,-198.8877,3.0,36.34205,0.39552350000000003
-25.5677,-175.9714,3.0,40.69455,0.22493629999999998
-5.957416,-157.1006,3.0,26.311290000000003,-0.8125541000000001
6.999735,-146.8224,3.0,19.77199,-0.19189979999999998
11.82213,-135.3665,3.0,14.99363,-0.2955708
8.089014,-124.3597,3.0,19.16775,0.5326873000000001
-1.9222299999999999,-110.7925,3.0,26.41005,0.2445772
-9.077475,-89.74450999999999,3.0,33.36681,0.47155109999999995
-10.10092,-62.7523,3.0,39.78326,0.45916769999999996
-5.689488,-31.15918,3.0,46.08382,0.5962331
-3.442422,0.5276526,3.0,33.25974,-2.386275
-4.665481,13.904229999999998,3.0,4.729687,-1.7124409999999999
-5.416505,18.08159,3.0,9.97596,0.6468480999999999
-8.207918,28.218890000000002,3.0,18.30095,0.5903023000000001
-18.886110000000002,39.98957,3.0,25.443920000000002,0.5326057
-39.308690000000006,44.9939,3.0,31.990170000000003,0.2409244
-65.61319,44.67628,3.0,38.90767,0.23906159999999999
-96.82376,42.84462,3.0,45.450359999999996,0.4583701
-130.2309,39.00243,3.0,41.93826,-1.24781
-150.3642,23.0632,3.0,33.37012,-0.5705099
-143.6058,-0.5810366,3.0,35.06623,0.13820079999999998
-144.7039,-28.74042,3.0,41.07946,0.4725287
-151.1598,-52.82014,4.0,21.3515,-2.161134
-164.9645,-55.55692,4.0,19.21201,-0.1820576
-164.4744,-68.08031,4.0,22.347720000000002,0.5026706
-146.6842,-72.54484000000001,4.0,28.8024,0.5288590999999999
-124.3678,-79.17656,4.0,34.89378,0.36940690000000004
-108.6698,-101.3417,4.0,39.33194,-0.008022426
-118.2681,-126.6719,4.0,37.25439,-0.13402170000000002
-141.4194,-128.9046,4.0,31.4432,-0.21358379999999996
-144.2014,-107.5331,4.0,30.875429999999998,-0.2105145
-155.6986,-99.07681,4.0,16.74138,0.6454059
-165.8904,-110.1392,4.0,24.79915,0.5160035
-169.4187,-130.9331,4.0,32.09898,0.5050188
-169.5833,-157.0953,4.0,38.81544,0.4887356
-166.7351,-188.2131,4.0,45.3714,0.4665646
-163.5777,-223.7305,4.0,49.28888,-0.08813901
-159.0996,-250.5993,4.0,21.14274,-0.48318249999999996
-146.2943,-257.4754,4.0,22.103479999999998,0.2684527
-131.0626,-251.6053,4.0,25.93871,0.2201307
-125.2211,-230.4029,4.0,32.93362,0.1987576
-128.7418,-204.1456,4.0,38.92945,0.3770597
-118.7144,-178.6556,4.0,35.24143,-1.104142
-99.80808,-184.0233,4.0,24.97908,-0.3450271
-108.8085,-195.1306,4.0,23.6112,0.3890822
-114.5549,-201.5505,4.0,0.026686,-0.03370611
-114.5549,-201.554,4.0,0.01118077,-0.01227951
-113.0652,-201.7964,4.0,4.656311,0.2550122
-109.8041,-199.0795,4.0,4.598777,-0.3387152
-109.6553,-198.7613,4.0,3.4039010000000003,0.5457261
-108.8074,-203.8727,4.0,10.5325,0.47537609999999997
-106.738,-213.9884,4.0,17.19537,0.45849979999999996
-105.1528,-228.9396,4.0,23.39099,0.4479782
-105.7392,-248.4253,4.0,28.985,0.3439098
-94.86655,-267.9359,4.0,32.63221,0.07357433
-70.71053,-270.626,4.0,35.53529,0.2869374
-50.50775,-254.0538,4.0,36.86142,-0.03397913
-49.10538,-225.3781,4.0,40.81693,0.27616979999999997
-40.232459999999996,-194.9719,4.0,44.95531,0.20833720000000003
-18.03077,-169.5675,4.0,46.4507,-0.29664250000000003
2.5448619999999997,-150.8328,4.0,23.29693,-0.4399835999999999
12.07509,-139.5636,4.0,16.77959,-0.4994139
9.09791,-125.9359,4.0,24.05258,0.38917820000000003
-2.9330700000000003,-110.1476,4.0,29.38905,0.1795096
-9.500617,-87.36442,4.0,34.601859999999995,0.188403
-10.08939,-59.9613,4.0,39.531209999999994,0.3504045
-4.674072,-29.367079999999998,4.0,44.25711,0.3456515
-1.8769740000000001,4.7669239999999995,4.0,48.11103,0.25743530000000003
-10.72274,32.81624,4.0,27.04164,1.107027
-29.55992,43.15245,4.0,31.87527,0.3344509
-55.01194,43.362770000000005,4.0,36.95745,0.3622729
-84.28138,43.18600000000001,4.0,41.927690000000005,0.3568345
-116.1391,40.46349,4.0,42.26044,-0.36547179999999996
-137.5884,37.03669,4.0,14.452370000000002,-0.39047729999999997
-146.0422,28.26977,4.0,19.83905,0.20720439999999998
-147.7519,11.649410000000001,4.0,25.58759,0.408377
-143.7041,-9.000936,4.0,31.234659999999998,0.1923466
-142.2514,-33.7487,5.0,33.68757,-0.9496287
-153.5735,-51.03256,5.0,27.06202,0.1541396
-168.6994,-62.63095,5.0,21.17079,-1.2268299999999999
-159.7737,-69.58688000000001,5.0,15.69343,-0.2740355
-145.4922,-71.79125,5.0,23.40287,0.2187279
-126.7334,-77.14548,5.0,29.131320000000002,0.3706886
-109.8975,-92.34634,5.0,33.107,0.1921007
-110.7685,-116.7791,5.0,33.550329999999995,-0.200047
-126.3856,-132.8612,5.0,28.312109999999997,-0.42148009999999997
-141.4005,-125.8096,5.0,23.75103,0.14472349999999998
-148.3289,-107.75399999999999,5.0,28.804740000000002,0.1787687
-164.1985,-101.7769,5.0,17.8168,-0.9734431999999998
-164.544,-113.4612,5.0,17.39941,0.3736561
-167.1842,-129.5713,5.0,27.26506,1.274258
-168.5978,-156.7252,5.0,44.53842,0.3684123
-164.7176,-191.6633,5.0,50.67292,0.5384164
-164.2683,-224.6499,5.0,29.614279999999997,-1.254301
-163.0681,-240.6682,5.0,18.46825,-0.42205649999999995
-158.84,-251.5442,5.0,14.951120000000001,0.11432490000000001
-146.6993,-259.8871,5.0,24.857670000000002,0.3713304
-129.9965,-250.1843,5.0,32.39,0.4813878
-125.7122,-222.5516,5.0,41.94686,0.255658
-128.7456,-197.3995,5.0,21.673070000000003,-0.2608509
-124.1229,-184.955,5.0,15.028139999999999,-0.4304163
-110.3731,-183.1394,5.0,24.11918,0.206762
-102.446,-198.9357,5.0,28.403609999999997,0.7930225000000001
-103.7682,-223.6102,5.0,36.40473,0.26010120000000003
-105.4523,-250.247,5.0,32.92838,-0.5218729
-94.96417,-268.6013,5.0,30.4858,0.2716655
-71.57556,-271.1135,5.0,34.46752,0.2773466
-52.313790000000004,-254.9638,5.0,36.322109999999995,0.10562060000000001
-47.60833,-226.6674,5.0,40.99617,0.3432809
-41.05867,-195.3293,5.0,45.41984,0.2578011
-20.23945,-168.1767,5.0,47.916470000000004,-0.1939038
-2.795647,-156.0023,5.0,13.95232,-0.3499489
4.276909,-151.0747,5.0,9.429278,-0.296048
8.547332,-147.2937,5.0,7.517886,0.5344594
12.75407,-140.4467,5.0,14.237329999999998,0.4425999
10.776060000000001,-128.1122,5.0,20.223670000000002,0.41026590000000007
0.5883776,-114.3315,5.0,26.06496,0.3999592
-7.666146,-94.68568,5.0,31.50348,0.3926413
-10.66697,-69.69544,5.0,36.59391,0.3488683
-6.29516,-41.13198,5.0,41.429759999999995,0.1733303
-1.6970880000000002,-9.027661,5.0,46.08752,0.14248740000000001
-4.3259739999999995,18.59112,5.0,26.09224,-3.967221
-7.793802,27.514029999999998,5.0,13.336110000000001,1.3036459999999999
-15.11183,37.583940000000005,5.0,19.95007,0.411841
-30.419220000000003,44.39202,5.0,25.59101,0.1978751
-51.42863,45.23811,5.0,31.213179999999998,0.41175209999999995
-76.548,44.44917,5.0,36.58897,0.3834533
-105.4906,42.55048,5.0,41.605129999999996,0.460954
-131.8092,39.65469,5.0,22.429389999999998,-2.5195369999999997
-144.0477,31.209090000000003,5.0,23.32852,0.37994040000000007
-148.0336,12.548810000000001,5.0,28.55766,0.17360789999999998
-143.4218,-10.08517,5.0,33.88084,0.37235409999999997
-142.7571,-35.01463,6.0,27.723290000000002,-1.7375099999999999
-146.7192,-45.95933,6.0,14.60878,1.058861
-156.97799999999998,-54.35106,6.0,17.401670000000003,-0.20393470000000002
-165.6786,-60.13861,6.0,12.272789999999999,-0.02097377
-161.6383,-70.71715,6.0,21.525470000000002,0.7902845000000001
-142.1596,-71.55634,6.0,33.84563,0.8247757
-116.8663,-83.38846,6.0,42.02876,-0.06511862
-111.65799999999999,-108.6755,6.0,30.65542,-1.936698
-117.0806,-119.4787,6.0,11.03634,0.2431396
-122.0423,-130.322,6.0,18.77484,-0.5526119
-134.4301,-133.6109,6.0,20.713829999999998,0.2065199
-144.4784,-120.7892,6.0,26.18154,0.2571752
-148.7121,-105.7167,6.0,8.858497999999999,-1.585911
-153.7101,-101.9551,6.0,11.5413,0.6881893
-163.9628,-102.7553,6.0,15.449539999999999,-0.1249698
-167.3013,-116.0731,6.0,24.81512,0.9635780999999999
-168.8994,-139.5224,6.0,38.084759999999996,0.8685105
-168.304,-172.0661,6.0,49.2943,0.7283248999999999
-164.5727,-211.2608,6.0,52.31003,-0.7654034000000001
-162.9418,-245.5623,6.0,38.46,-1.187799
-147.4284,-258.2454,6.0,23.68281,-0.5362348000000001
-133.1372,-253.5486,6.0,20.18386,0.2225339
-125.6011,-237.3587,6.0,27.353590000000004,0.3961053
-126.0904,-215.1748,6.0,32.69444,0.37329609999999996
-128.377,-190.2376,6.0,29.53745,-0.27919859999999996
-118.272,-182.0732,6.0,19.69126,0.1922114
-105.4699,-190.9081,6.0,24.24243,0.3527592
-102.6517,-210.4024,6.0,29.553520000000002,0.3922364
-105.2526,-234.2495,6.0,34.98621,0.3799456
-103.0622,-261.58,6.0,38.62107,-0.1044982
-80.9362,-272.1741,6.0,31.739440000000002,-0.6487561
-60.97575,-267.0005,6.0,24.12657,-0.5815078
-50.033229999999996,-254.2971,6.0,27.5357,0.24794470000000002
-46.12571,-232.1204,6.0,33.078990000000005,0.4015039
-43.12856,-205.8522,6.0,38.27568,0.17831170000000002
-32.13205,-178.9555,6.0,40.934670000000004,0.06812758
-8.344974,-161.0782,6.0,31.67108,-2.437274
2.785206,-152.5862,6.0,12.59338,-0.1687146
9.414717,-146.3877,6.0,13.18484,0.27262759999999997
12.83067,-135.1936,6.0,20.25737,0.5985997
3.4419480000000005,-119.8433,6.0,30.77195,0.5439476
-7.804378,-94.71588,6.0,44.66483,0.9946370999999999
-8.994866,-56.933719999999994,6.0,57.14597,0.40515650000000003
-1.604959,-12.895439999999999,6.0,60.98692,-1.119766
-5.370168,20.183770000000003,6.0,24.61135,-2.321275
-12.322000000000001,34.65313,6.0,23.19815,0.22433000000000003
-30.113529999999997,44.161359999999995,6.0,33.28948,0.9533955
-60.091480000000004,44.97043,6.0,48.130759999999995,1.03732
-100.8323,43.1478,6.0,58.774330000000006,-0.9555994000000001
-125.331,39.71541,6.0,14.632979999999998,-0.3664873
-135.3787,37.610459999999996,6.0,17.85213,1.300038
-146.8765,26.66834,6.0,24.99318,0.34791209999999995
-146.7365,6.236937,6.0,30.41886,0.4158451
-141.8146,-17.86647,6.0,35.74133,0.3413864
-141.97899999999998,-35.45948,7.0,8.406979,0.262169
-143.9125,-44.0051,7.0,15.122129999999999,0.4593498
-153.9498,-52.312940000000005,7.0,20.96191,0.4406531
-167.2399,-61.72276,7.0,21.19256,-0.3347852
-165.25400000000002,-73.70466,7.0,15.618,0.07888766
-153.4737,-76.75444,7.0,18.8178,0.2758958
-139.1711,-73.17595,7.0,20.73291,0.20587199999999997
-123.1018,-76.65694,7.0,25.76756,1.056837
-109.3966,-93.13181999999999,7.0,31.526790000000002,0.10072300000000001
-111.6458,-117.0762,7.0,34.83316,0.0780545
-133.0368,-131.7057,7.0,36.52517,-0.5081949
-147.6178,-122.3714,7.0,15.855739999999999,-0.3807992
-143.1811,-115.0741,7.0,12.462439999999999,0.8953091999999999
-147.5316,-104.3039,7.0,16.50647,-0.10774260000000002
-159.89,-102.3565,7.0,20.60437,0.2343044
-166.3595,-115.1734,7.0,19.78575,-0.01706024
-166.21200000000002,-131.7845,7.0,26.31826,0.3369629
-169.085,-156.3353,7.0,40.464859999999994,0.9844782
-169.8645,-190.99400000000003,7.0,52.820409999999995,0.8478858
-168.5953,-230.05599999999998,7.0,48.00122,-0.4455448
-156.6398,-252.5011,7.0,27.77998,-0.409594
-139.3077,-253.7664,7.0,21.5493,0.1653474
-126.5976,-243.7326,7.0,24.790110000000002,0.5459661
-125.9961,-221.6525,7.0,33.12429,0.39622670000000004
-126.1405,-195.1657,7.0,38.228809999999996,0.03975127
-117.7869,-179.6519,7.0,14.47601,-0.2740037
-110.1665,-187.9412,7.0,20.18838,0.42211809999999994
-108.9345,-205.0876,7.0,26.184620000000002,0.41755190000000003
-108.6217,-226.5979,7.0,31.87497,0.40254520000000005
-105.5345,-251.7152,7.0,36.471940000000004,0.1272972
-86.27365999999999,-271.0073,7.0,39.05907,0.05357814
-58.96686,-266.4638,7.0,39.31816,0.006045551
-49.48059,-239.5521,7.0,41.258179999999996,0.36336040000000003
-45.32079,-207.7672,7.0,45.040079999999996,0.05388489
-24.232670000000002,-180.9102,7.0,48.45118,0.1667455
0.4460365,-152.6333,7.0,50.69321,-0.8901389999999999
8.930984,-128.1904,7.0,24.257379999999998,-0.6682786000000001
-1.697472,-111.8296,7.0,30.54552,0.1952236
-5.400306,-86.1611,7.0,43.19764,0.6726198
-1.003418,-47.82263,7.0,60.400830000000006,0.5480313
-1.8508669999999998,0.8412700000000001,7.0,64.15326999999999,-0.9985284999999999
-10.04556,37.38203,7.0,34.81122,-1.240155
-31.89739,41.07417,7.0,35.67644,1.422432
-61.23685,40.47,7.0,42.19357,0.1737805
-94.30253,40.6681,7.0,46.87148,0.1556875
-130.3884,40.45942,7.0,48.078140000000005,-0.383204
-147.4671,24.666120000000003,7.0,28.3109,0.2229804
-145.3419,1.768925,7.0,33.61016,0.36494590000000005
-145.4618,-25.03807,7.0,38.78008,0.21058249999999998
-153.8571,-52.143,8.0,36.54554,-0.7061913000000001
-168.3449,-65.76411,8.0,20.12496,0.6024148
-157.9487,-78.65782,8.0,27.46306,0.09058007
-136.0392,-77.10233000000001,8.0,32.10438,0.09259832
-115.8146,-89.56917,8.0,34.8275,0.22027960000000002
-112.0952,-115.0987,8.0,36.97197,0.05021341
-132.6563,-131.8959,8.0,36.86047,-1.339005
-146.6898,-127.6613,8.0,3.6553139999999997,-0.953432
-143.8907,-125.2505,8.0,8.859069,0.5017686
-141.9757,-116.7708,8.0,15.368210000000001,0.44904679999999997
-149.2884,-105.59200000000001,8.0,21.2246,0.1895417
-164.6686,-105.2999,8.0,23.622970000000002,0.03282265
-167.1198,-123.2142,8.0,27.78176,0.4241344
-168.1558,-145.69899999999998,8.0,33.0925,0.3942627
-171.2038,-171.8713,8.0,38.07977,0.33832929999999994
-169.2047,-201.9427,8.0,42.94012,0.35367509999999996
-167.7173,-235.3798,8.0,46.913270000000004,-0.1201133
-149.1088,-256.7808,8.0,35.40844,-0.6591262
-130.8517,-246.7618,8.0,28.8789,0.9426616
-127.1682,-223.8765,8.0,34.22739,0.1952369
-126.789,-196.6071,8.0,38.975229999999996,-0.004837175
-116.2678,-179.4774,8.0,16.88486,-0.35222420000000004
-107.95700000000001,-187.3801,8.0,19.37215,0.4961759
-106.7661,-203.8978,8.0,25.37765,0.2080558
-106.0917,-224.9135,8.0,31.13669,0.39890490000000006
-104.125,-249.7843,8.0,36.10754,0.1333547
-87.16104,-270.5085,8.0,38.39627,0.05047226
-60.323240000000006,-267.039,8.0,38.99373,0.1817505
-47.73742,-241.5135,8.0,41.06119,0.3447495
-44.87401,-209.52,8.0,45.45101,0.08129559
-25.68741,-182.3717,8.0,47.25349,0.337631
-1.246392,-155.1421,8.0,50.99702,-0.1407156
8.136256,-125.7367,8.0,34.6335,-0.9393504999999999
-6.06635,-103.0164,8.0,39.58265,-0.2881179
-3.376604,-73.75820999999999,8.0,42.12321,0.16638540000000002
-1.233673,-40.846059999999994,8.0,46.715070000000004,0.3129012
-1.7109299999999998,-4.62576,8.0,51.09837,0.1437942
-7.439269,32.34648,8.0,43.44469,-2.2387490000000003
-24.79629,42.55972,8.0,12.44321,-2.395274
-26.894209999999998,38.58652,8.0,8.453653,0.47560559999999996
-34.548429999999996,38.61356,8.0,14.71597,0.23718379999999997
-43.87917,47.86745,8.0,20.30723,-0.03026639
-48.02694,48.58662,8.0,0.02656675,0.01931982
-48.14089,48.1932,8.0,2.831759,0.4946714
-48.22781,44.909440000000004,8.0,5.300605,-0.08634479
-47.25225,43.37277,8.0,2.482351,0.7168483
-51.84531,45.99171,8.0,11.647739999999999,0.3225682
-63.56541,45.42787,8.0,20.22759,0.6022668000000001
-81.47443,43.260490000000004,8.0,28.302659999999996,0.5635811
-105.1617,42.5421,8.0,35.74841,0.43585050000000003
-133.3985,41.73393,8.0,39.77037,-0.24882559999999998
-144.2346,17.007089999999998,8.0,41.06347,0.3424
-146.3189,-16.54135,8.0,48.68995,-0.0257403
-142.018,-34.4618,9.0,2.761313,-0.03107155
-142.7742,-38.00496,9.0,10.52782,0.33751329999999996
-146.9179,-46.92406,9.0,13.13892,-0.1087407
-153.975,-52.1422,9.0,12.78122,0.7890554
-163.5018,-55.48065,9.0,12.26898,-0.2604869
-166.9255,-62.37805,9.0,11.13363,0.4190497
-159.583,-72.24128,9.0,20.57538,-0.3396884
-146.2412,-73.07455,9.0,16.35934,-0.25244479999999997
-134.2069,-73.61301999999999,9.0,21.00082,1.258491
-117.7344,-81.58839,9.0,25.80677,0.03206853
-107.9783,-97.98302,9.0,26.06492,-0.23496279999999997
-108.1977,-112.95299999999999,9.0,12.58442,-0.1857144
-111.0253,-121.2268,9.0,13.939960000000001,0.5648581
-120.1437,-132.4811,9.0,20.73253,-0.18636270000000002
-133.2551,-134.5397,9.0,16.331310000000002,-0.27487490000000003
-142.7545,-127.1169,9.0,21.28593,0.3161388
-148.7249,-109.3359,9.0,29.32372,0.005791701
-158.1151,-99.37408,9.0,14.54313,-0.3841589
-165.3874,-105.2814,9.0,16.89124,0.5881810000000001
-168.0844,-123.3231,9.0,31.971120000000003,0.5122669
-168.9739,-151.7646,9.0,43.30438,0.2122633
-166.8337,-185.375,9.0,47.29247,0.2116603
-163.7177,-219.1038,9.0,41.94471,-0.560041
-161.7429,-244.6176,9.0,27.333190000000002,-0.49026270000000005
-150.8182,-258.1447,9.0,21.33768,-0.3397968
-137.5091,-258.6948,9.0,18.31233,0.38082849999999996
-126.9719,-243.5694,9.0,32.58027,1.104017
-126.12,-217.0737,9.0,35.78898,-0.2606734
-128.7991,-196.4128,9.0,17.47523,-0.7737018
-126.6539,-185.72299999999998,9.0,13.131870000000001,-0.276623
-116.1119,-181.7203,9.0,19.38884,0.10882180000000001
-105.0816,-187.8923,9.0,15.45565,-0.278034
-102.4526,-200.9044,9.0,24.87942,0.5733275
-104.0873,-223.951,9.0,35.99139,0.5712696
-105.5531,-251.2686,9.0,36.14594,-0.1913538
-91.7907,-271.2929,9.0,32.65452,-0.0190859
-68.11933,-270.7744,9.0,32.40345,-0.06483059
-51.572559999999996,-254.3717,9.0,33.81205,0.3734073
-46.67805,-228.8498,9.0,36.23275,0.1738286
-42.27771,-202.2093,9.0,35.247840000000004,-0.1606829
-32.99518,-179.9406,9.0,30.185959999999998,-0.25126539999999997
-17.97355,-166.5568,9.0,24.51294,-0.1816713
-4.129492,-157.3001,9.0,20.74333,-0.29692690000000005
7.256249,-149.08,9.0,18.31825,0.09039826
12.6055,-134.8638,9.0,24.15034,0.1211454
2.501692,-118.2283,9.0,28.991909999999997,0.17335479999999998
-7.803762,-99.17433,9.0,29.8541,0.0633674
-11.2501,-76.97971,9.0,31.63239,0.3292967
-9.176469,-52.18721,9.0,34.9287,0.1218769
-4.53906,-26.227359999999997,9.0,36.1783,0.03198704
-1.84228,0.4199670999999999,9.0,34.367290000000004,-0.6539274
-5.213442,20.77717,9.0,22.871560000000002,-0.6518676999999999
-11.5469,34.2139,9.0,22.14917,1.5235239999999999
-28.22829,44.198159999999994,9.0,30.21902,0.2571418
-53.1333,44.181290000000004,9.0,37.276920000000004,0.5401189000000001
-83.49153000000001,44.24207,9.0,44.24638,0.2246
-118.1525,41.37305,9.0,47.318979999999996,-1.0884049999999998
-144.1314,32.32782,9.0,34.845209999999994,-0.044805300000000006
-144.0959,7.116637,9.0,37.92285,0.5300342
-142.2589,-22.708270000000002,9.0,38.68371,-1.405999
-145.3756,-40.5983,10.0,16.32181,-0.2442422
-153.2013,-51.91704,10.0,18.970370000000003,-0.1649079
-164.3987,-57.62001,10.0,15.101189999999999,-0.3008427
-166.0465,-67.06766999999999,10.0,16.27243,0.32630490000000006
-155.1799,-73.21784,10.0,18.00178,0.03628812
-141.6413,-72.60101,10.0,17.64302,-0.08722563
-126.9903,-76.1629,10.0,25.46136,0.5417675999999999
-110.8073,-89.66686,10.0,32.14165,0.41948149999999995
-108.5354,-114.7202,10.0,36.401509999999995,-0.42720050000000004
-120.7485,-131.1734,10.0,23.08213,-0.1879681
-135.4811,-133.0535,10.0,18.12351,-0.1832442
-144.3637,-123.0514,10.0,22.428729999999998,0.31329229999999997
-149.1072,-106.4263,10.0,16.03655,-3.001593
-152.4814,-102.5996,10.0,9.133383,0.5879492
-161.4645,-101.1724,10.0,16.25093,0.4366812
-167.4975,-113.3526,10.0,22.62839,0.5210805000000001
-168.6565,-132.7724,10.0,29.6789,0.4861328
-168.7121,-157.3062,10.0,35.20081,0.09280904
-167.7335,-184.9277,10.0,39.21985,0.1692683
-164.8486,-213.6649,10.0,36.10833,-0.5522889
-163.5871,-237.6496,10.0,28.977490000000003,-0.2549915
-156.248,-254.489,10.0,22.01105,-0.2221052
-141.2263,-259.6001,10.0,23.88287,0.0324486
-128.9545,-247.6297,10.0,25.81767,0.09216852
-124.6335,-227.9613,10.0,28.966509999999996,0.22007129999999997
-127.2392,-206.0895,10.0,27.920309999999997,-0.2278605
-127.9589,-191.4426,10.0,15.64972,-0.30739520000000004
-123.72,-183.018,10.0,12.23692,0.2135362
-112.4999,-182.6674,10.0,18.06658,0.1929934
-103.4828,-191.6629,10.0,18.66271,0.169443
-103.4276,-206.4167,10.0,21.17256,0.175612
-104.4937,-222.4496,10.0,21.75421,-0.0145922
-105.9558,-240.7694,10.0,28.2325,0.44804629999999995
-102.7947,-262.1977,10.0,29.36305,-0.10374589999999999
-83.3875,-272.6952,10.0,35.15525,0.4780166
-57.37314,-264.5989,10.0,38.37631,-0.10065980000000001
-48.47606,-237.5728,10.0,41.96241,0.3961844
-43.46119,-206.1737,10.0,41.04007,-0.3318027
-33.28999,-181.1423,10.0,32.39322,-0.5894581999999999
-17.62126,-166.7972,10.0,25.60407,-0.22476220000000002
-6.201683999999999,-158.8077,10.0,12.663030000000001,-0.1354329
4.0433639999999995,-151.5008,10.0,20.29358,-0.35003229999999996
13.010110000000001,-140.1395,10.0,22.44825,0.9884905
6.126580000000001,-122.7172,10.0,29.357570000000003,0.49248240000000004
-6.851641000000001,-103.0965,10.0,35.04226,0.4479817
-10.44876,-78.63176999999999,10.0,30.89759,0.5621468000000001
-8.770009,-53.4011,10.0,37.36758,0.2235721
-4.505382,-23.67138,10.0,43.50346,0.4230981
-2.413232,10.35079,10.0,48.39136,0.0046081790000000004
-16.99149,39.22426,10.0,42.55681,-0.02231822
-48.75864,44.89864,10.0,46.4931,0.4049578
-85.21515,44.1433,10.0,51.8606,0.37851090000000004
-123.2629,40.21375,10.0,45.162690000000005,-0.7552269
-147.6204,26.707340000000002,10.0,37.37056,-0.15238120000000002
-143.3288,-0.315146,10.0,39.96223,0.3797988
-143.287,-29.986590000000003,10.0,34.7462,-1.469316
-154.3609,-52.598659999999995,11.0,36.17173,0.1930141
-170.0433,-71.60593,11.0,27.385720000000003,-0.6380945
-160.0604,-80.00797,11.0,20.01732,0.27102550000000003
-146.8569,-69.67518000000001,11.0,25.415129999999998,0.16438129999999998
-127.9557,-76.5341,11.0,30.8699,0.47510920000000006
-111.5741,-92.53052,11.0,30.49915,0.815484
-111.4456,-116.9364,11.0,34.69643,-0.1734918
-125.9769,-132.3719,11.0,27.564629999999998,0.29331609999999997
-143.9424,-123.494,11.0,31.19355,0.2706495
-147.0848,-104.0708,11.0,11.17292,-2.287399
-156.4234,-100.5964,11.0,20.12189,0.6690122
-166.7497,-112.5558,11.0,25.595,0.2186899
-166.1014,-133.9519,11.0,32.24516,0.4710653
-168.4881,-160.1038,11.0,38.45362,0.4254199000000001
-165.9794,-190.6912,11.0,44.4539,0.42903990000000003
-163.4527,-225.3446,11.0,47.112320000000004,-0.4038171
-156.7875,-253.3821,11.0,30.0955,-0.7382770000000001
-137.0689,-259.0164,11.0,30.119790000000002,-0.5069103
-126.421,-239.9959,11.0,33.1604,0.4397919
-126.51299999999999,-213.1949,11.0,39.16726,0.4400071
-126.2337,-186.8559,11.0,32.74357,-1.180411
-109.7074,-182.0547,11.0,24.38438,-0.31488940000000004
-107.5958,-200.3191,11.0,28.57,0.4409982
-105.689,-223.614,11.0,34.68884,0.43799629999999995
-106.3311,-251.4351,11.0,40.14515,0.24320039999999998
-87.43408000000001,-272.1496,11.0,39.08889,0.004137135
-58.50209,-265.5657,11.0,41.992490000000004,-0.120676
-46.92078,-237.4498,11.0,44.138329999999996,0.2047672
-41.95789,-202.9638,11.0,49.674240000000005,0.1510084
-23.284660000000002,-171.1909,11.0,48.4509,-1.42028
0.8193381,-155.0135,11.0,32.71875,-1.1465100000000001
12.21231,-137.6997,11.0,24.48156,-0.5854504
5.749115,-121.3227,11.0,27.08104,0.25276350000000003
-6.03413,-102.4468,11.0,33.199,0.22355860000000002
-10.33419,-75.96019,11.0,39.36458,0.4234428
-7.566771000000001,-44.79148,11.0,45.10904,0.41231949999999995
-1.9572720000000001,-9.773705,11.0,50.57841,0.34397300000000003
-7.51416,28.109609999999996,11.0,49.74732,-1.061387
-35.32087,45.63173,11.0,46.22442,0.08309012
-71.44339000000001,42.397420000000004,11.0,51.5065,0.4038183
-111.4233,41.08574,11.0,54.4617,-1.051721
-144.2121,31.556820000000002,11.0,42.405609999999996,-0.3956527
-146.8548,2.992207,11.0,41.6494,0.4304746
-142.6243,-29.08318,11.0,44.38864,-0.4851089
-154.1357,-51.62043,12.0,27.25047,-0.05857661
-168.7298,-63.47521999999999,12.0,24.97273,-1.173293
-155.7736,-72.11169,12.0,25.76493,0.24004120000000004
-134.4588,-72.60091,12.0,32.08422,0.42776309999999995
-113.0208,-86.25317,12.0,37.149640000000005,0.25691820000000004
-107.7836,-112.7129,12.0,34.05134,-1.184024
-121.6087,-129.0274,12.0,27.48566,-0.5137356
-138.5103,-132.1697,12.0,22.1937,0.5019218
-146.4162,-116.8945,12.0,27.42493,0.24746710000000002
-155.3004,-100.9771,12.0,21.29167,-0.21769360000000001
-166.9958,-107.5503,12.0,22.606360000000002,0.9065491
-167.1193,-129.4532,12.0,35.43835,0.46628000000000003
-168.9499,-157.8053,12.0,41.19336,0.38941020000000004
-166.5521,-190.5094,12.0,46.99511,0.43803109999999995
-164.5107,-227.2712,12.0,51.61506,-0.6083512
-153.6395,-256.4258,12.0,35.12143,-1.4165860000000001
-134.2693,-252.4089,12.0,29.114720000000002,0.30827319999999997
-127.0146,-230.2101,12.0,34.46935,0.22526300000000002
-127.07600000000001,-203.1748,12.0,34.48198,-0.1563271
-122.1758,-181.3046,12.0,29.63441,-0.44701850000000004
-106.6103,-187.6726,12.0,24.42418,-0.01441264
-110.3541,-207.2313,12.0,30.073240000000002,0.47164809999999996
-109.3047,-231.9545,12.0,36.58643,0.47251450000000006
-103.0127,-260.3699,12.0,41.68084,-0.003137628
-77.58436999999999,-271.3904,12.0,40.23525,0.34726599999999996
-49.62194,-259.0723,12.0,40.86714,-0.6229593000000001
-49.93493,-234.2184,12.0,32.02386,-0.4171348
-52.923719999999996,-218.9572,12.0,8.000764,-0.5339454
-53.32489,-215.0727,12.0,2.300443,-0.3960787
-52.58325,-216.5492,12.0,6.596992,0.3659044
-45.85892,-218.088,12.0,13.69636,0.24150410000000003
-41.93497,-208.2823,12.0,13.44873,-0.1351281
-41.2929,-197.0881,12.0,19.83863,0.5326681
-35.21732,-181.0198,12.0,26.676820000000003,0.236044
-18.96172,-166.1964,12.0,33.07475,0.471616
3.479025,-151.8309,12.0,37.44064,-0.12264960000000001
11.7019,-129.6529,12.0,28.57167,-0.1354503
-1.927395,-109.2691,12.0,40.63955,1.1959549999999999
-10.66469,-75.48384,12.0,52.442730000000005,0.14234879999999997
-5.389622,-35.24825,12.0,57.22577,0.17416800000000002
-2.66729,7.886544000000001,12.0,53.5906,-1.769955
-12.352260000000001,34.35415,12.0,34.8228,0.1943532
-36.0489,45.82825,12.0,38.46164,0.2834481
-66.51621,44.36589,12.0,44.12075,0.2023991
-101.2575,42.86685,12.0,49.68378,0.1883191
-137.6005,37.9782,12.0,47.85734,-0.06752678
-152.8229,17.339170000000003,12.0,17.54389,0.32259909999999997
-153.5131,12.621360000000001,12.0,2.8360090000000002,0.6609276
-148.71200000000002,11.18193,12.0,11.02064,0.5157461
-146.4301,0.6855576999999999,12.0,18.645220000000002,0.2860531
-143.9791,-15.71035,12.0,25.87915,0.24544029999999997
-141.9249,-33.73283,13.0,4.303801999999999,0.6130462
-143.3,-39.80348,13.0,12.454139999999999,0.28953390000000007
-150.4815,-49.24425,13.0,19.86597,0.5100457
-164.9337,-58.52245,13.0,25.98069,-0.7029583
-164.1098,-72.99198,13.0,17.852610000000002,-0.314444
-151.0748,-75.74412,13.0,21.155160000000002,0.4134389
-136.5736,-72.24656,13.0,18.38798,0.286134
-120.4456,-76.80928,13.0,26.33312,0.45298009999999994
-107.964,-93.88235999999999,13.0,31.96805,0.3555038
-111.13799999999999,-118.3086,13.0,36.18602,0.26398720000000003
-133.8832,-132.5185,13.0,35.244859999999996,-1.439425
-145.9332,-123.5686,13.0,10.0172,-1.7333779999999999
-140.4885,-122.9993,13.0,10.85555,0.1017628
-139.5663,-122.7108,13.0,5.579663,1.585264
-144.8348,-126.0648,13.0,9.545856,-0.21825909999999998
-145.5187,-129.1229,13.0,1.1659709999999999,0.7149711
-144.2508,-125.0884,13.0,10.285210000000001,0.6374884
-140.0258,-115.4086,13.0,18.24398,0.2796692
-146.0657,-101.1258,13.0,24.86315,0.18784510000000001
-162.9244,-101.3449,13.0,22.74113,-0.2171074
-167.2579,-119.1614,13.0,29.74421,0.5222031
-167.5484,-143.7754,13.0,36.70427,0.47898279999999993
-167.8612,-173.5501,13.0,43.280359999999995,0.46094659999999993
-167.9456,-207.9187,13.0,49.46725,0.4262983
-164.0324,-244.88400000000001,13.0,46.60773,-1.239971
-137.4522,-256.8749,13.0,36.27135,-1.641002
-127.7081,-238.3609,13.0,32.95049,0.3724552
-127.417,-210.1187,13.0,41.24438,-0.09816649999999999
-125.8961,-186.6995,13.0,15.92467,-1.752407
-116.7365,-181.4136,13.0,16.79234,0.5880955
-106.1791,-191.3185,13.0,24.215020000000003,0.23909850000000002
-105.4805,-211.6667,13.0,31.174509999999998,0.5040712
-107.9978,-237.1233,13.0,37.65953,0.3380259
-96.15807,-263.9177,13.0,42.30253,0.1707221
-67.27234,-271.1315,13.0,42.62062,-0.01245522
-49.676809999999996,-247.0224,13.0,43.297940000000004,0.16754129999999998
-47.20576,-213.477,13.0,43.64014,-1.44696
-33.22222,-185.385,13.0,44.97232,0.1925578
-8.460771000000001,-159.7302,13.0,50.93143,0.42595829999999996
9.988746,-128.5573,13.0,45.39552,-0.4173443
-4.060871,-105.7626,13.0,31.921490000000002,-0.40198649999999997
-7.747095,-85.34795,13.0,32.565090000000005,0.5162101
-5.767084,-58.77574,13.0,39.342040000000004,0.46791350000000004
-4.998182,-27.25865,13.0,45.759679999999996,0.4597621
-3.82597,8.877027,13.0,51.63431,0.182251
-16.24815,39.07093,13.0,35.89071,-0.9374834000000001
-33.76621,37.9332,13.0,14.65465,-1.1952120000000002
-35.09615,32.58509,13.0,0.08343317,0.002437649
-35.14591,32.59195,13.0,0.06512927,0.009615113
-34.94125,33.138059999999996,13.0,3.7917129999999997,0.6125929
-33.76422,38.70839,13.0,11.27842,0.5095736
-32.27468,44.4698,13.0,2.8862229999999998,-0.6957291999999999
-32.81557,43.413709999999995,13.0,5.782613,0.5710109
-39.28519,41.36959,13.0,13.44503,0.293811
-51.44383,44.782779999999995,13.0,20.58982,0.508741
-69.1255,44.39626,13.0,27.18743,0.24150909999999998
-91.44819,41.91487,13.0,33.38195,0.40959559999999995
-118.3323,42.55985,13.0,38.92836,0.3178988
-143.5834,29.337040000000002,13.0,38.13414,-0.04253994
-147.2917,1.167549,13.0,41.426,0.3823105
-144.6348,-31.335240000000002,13.0,45.883359999999996,-0.06909481
-156.7695,-56.19452,14.0,30.95389,-0.285796
-160.7827,-71.94558,14.0,24.20366,0.4378715
-141.8354,-75.58081,14.0,29.72893,0.21745830000000002
-119.88600000000001,-83.11185,14.0,34.3247,0.1644601
-109.4636,-106.6586,14.0,37.36014,0.15426070000000003
-124.3943,-129.4771,14.0,39.17924,0.03230155
-145.3383,-126.4088,14.0,22.20094,-1.2508920000000001
-145.8654,-119.9359,14.0,1.579747,0.09283063
-146.7724,-118.8912,14.0,1.8559729999999999,-0.01152143
-147.5817,-117.9979,14.0,1.394674,-0.02355374
-149.5435,-117.2108,14.0,3.976339,-0.02852028
-150.6608,-117.3429,14.0,2.975532,0.6561758000000001
-146.4503,-113.9219,14.0,11.70774,0.5800163
-145.7628,-103.0064,14.0,18.972479999999997,0.21170949999999997
-159.5522,-97.26363,14.0,23.96966,0.2499794
-168.0103,-113.0049,14.0,28.460040000000003,0.23172210000000001
-166.3138,-136.6491,14.0,35.46028,0.23929699999999998
-166.6903,-165.4302,14.0,42.22442,0.48839790000000005
-167.2499,-199.0858,14.0,48.573859999999996,0.43319250000000004
-165.3344,-236.6556,14.0,49.05052,-0.7362353
-147.1067,-254.8209,14.0,22.94575,-2.254214
-141.7434,-251.4112,14.0,4.208413,-0.1491382
-140.6953,-249.1546,14.0,4.94606,0.47634099999999996
-134.5219,-248.642,14.0,12.190710000000001,-0.5440564999999999
-124.9764,-251.7282,14.0,12.19885,-0.1596144
-120.9471,-245.622,14.0,12.706560000000001,0.38075770000000003
-124.2286,-233.0684,14.0,21.63857,0.5718989999999999
-126.8408,-214.3956,14.0,29.209059999999997,0.529909
-127.3446,-190.19799999999998,14.0,34.94556,-0.5444074999999999
-110.9943,-179.79,14.0,23.47097,-0.9136225
-105.5422,-197.4013,14.0,34.4711,1.436187
-107.3749,-230.3893,14.0,54.3058,1.260173
-92.32574,-266.5887,14.0,48.15532,-1.298137
-60.287290000000006,-268.558,14.0,45.66511,-0.5147470999999999
-48.38429,-240.4172,14.0,44.33565,0.4567633
-45.31649,-206.4228,14.0,48.55305,0.14879170000000003
-22.79297,-176.3531,14.0,53.606030000000004,0.1976174
5.404815,-146.5124,14.0,54.37186,-0.6399071999999999
6.050818,-119.0795,14.0,28.19257,-0.28661909999999996
-4.692951,-102.149,14.0,30.12108,0.4601674
-5.1188519999999995,-77.43439000000001,14.0,36.84445,0.2380281
-2.882422,-47.667,14.0,43.522259999999996,0.4012992
-2.238159,-13.103069999999999,14.0,49.7744,0.442091
-5.569837000000001,25.02532,14.0,48.792429999999996,-1.4225709999999998
-30.52614,42.821220000000004,14.0,43.2658,0.19271459999999999
-64.69073,40.355920000000005,14.0,49.11873,0.4392643
-103.2438,40.61716,14.0,54.97055,0.4333774
-138.3814,36.50862,14.0,37.43444,-0.6690329
-144.9714,22.18218,14.0,5.187380999999999,-2.605525
-142.7066,23.658620000000003,14.0,5.012501,-0.2911439
-141.2786,25.472939999999998,14.0,2.3887,0.94886
-144.4544,22.090410000000002,14.0,9.31886,0.3488584
-149.4652,22.00169,14.0,2.000737,-0.746271
-147.6949,20.938029999999998,14.0,7.48141,0.6504525999999999
-142.3113,14.14189,14.0,16.09705,0.3094941
-140.8084,-0.6437973000000001,14.0,24.2359,0.5600930000000001
-142.7292,-21.4753,14.0,31.98043,0.2623487
-141.8712,-36.4106,1.0,6.785003,1.3395629999999998
-143.2484,-45.115159999999996,1.0,16.41021,0.6249659000000001
-154.0451,-55.47741,1.0,24.64951,0.595879
-162.3517,-71.34952,1.0,26.3968,-0.28817719999999997
-147.2322,-73.41994,1.0,24.99896,0.5344335
-135.9138,-68.27931,1.0,1.736668,-12.443769999999999
-135.8596,-68.27935,1.0,0.0260832,0.0004683037
-135.841,-68.28201,1.0,0.02400949,0.01065479
-135.8255,-68.28376,1.0,0.01916211,0.011131499999999999
-136.0556,-70.56004,1.0,4.678128,0.04024405
-135.6478,-73.81837,1.0,4.090301999999999,-0.0315649
-136.6122,-76.28664,1.0,3.2497990000000003,-0.2514128
-135.466,-75.63501,1.0,6.481369,0.6602939
-127.5173,-75.55235,1.0,15.234760000000001,0.2928177
-117.2686,-84.26857,1.0,22.6502,0.5982476999999999
-110.3901,-102.6106,1.0,30.035259999999997,0.454683
-117.1707,-125.1953,1.0,35.350229999999996,0.3094923
-140.3688,-131.6407,1.0,29.06515,-0.6358566
-144.6596,-117.2883,1.0,22.2096,0.1766273
-138.4576,-108.7083,1.0,0.04801075,0.03636712
-138.4582,-108.7253,1.0,0.02364586,-0.001444126
-138.4628,-108.7399,1.0,0.1103493,0.1441425
-141.9467,-108.1698,1.0,8.1646,0.04600588
-145.7227,-110.82799999999999,1.0,0.5462984000000001,-0.6617253000000001
-144.5854,-108.0554,1.0,8.514759,0.6374561
-147.1904,-99.48074,1.0,16.52197,0.2756958
-159.0727,-96.2678,1.0,15.762360000000001,-0.17333959999999998
-166.0836,-105.0183,1.0,20.98432,1.177284
-168.6594,-125.4715,1.0,33.98466,0.8561716999999999
-164.7164,-152.3516,1.0,40.88495,-0.30275019999999997
-165.46900000000002,-178.6114,1.0,32.086240000000004,-0.4723036
-167.8978,-202.7942,1.0,39.75633,0.7329191999999999
-166.3828,-231.6281,1.0,35.60989,-0.5255017
-155.7883,-249.9012,1.0,25.38255,-0.22254780000000002
-135.6708,-248.699,1.0,30.438959999999998,0.31813579999999997
-121.87899999999999,-234.3225,1.0,23.75863,-0.46523820000000005
-131.1946,-219.5468,1.0,22.64184,-1.0854549999999998
-123.27799999999999,-205.7158,1.0,19.529970000000002,-0.2792051
-124.8931,-192.646,1.0,16.8866,-0.3769039
-119.0226,-184.0827,1.0,18.553160000000002,1.0087620000000002
-110.8186,-191.9059,1.0,15.739939999999999,-0.2586663
-110.0639,-202.5915,1.0,13.88708,0.09139745
-109.2595,-216.1129,1.0,22.3559,0.28464
-107.2391,-235.4091,1.0,29.946920000000002,0.5479534
-100.0018,-258.7614,1.0,36.17715,0.3256024
-76.29831,-271.5143,1.0,39.20752,0.04846127
-53.90087,-255.2961,1.0,39.66891,-0.0056649809999999995
-50.72444,-224.9508,1.0,43.890229999999995,0.3058252
-35.34468,-194.3582,1.0,49.00377,0.3995027
-10.157169999999999,-165.377,1.0,54.73978,0.40625300000000003
11.24921,-129.3679,1.0,55.436580000000006,-2.199178
10.58768,-105.4221,1.0,9.951563,-2.7164919999999997
9.794492,-104.2648,1.0,0.48019809999999996,-0.1598761
10.50195,-104.7314,1.0,4.243348,0.46595559999999997
14.89877,-107.1518,1.0,8.557089999999999,-0.03682684
18.52961,-106.9194,1.0,0.1704915,-0.24191759999999998
15.47831,-107.8956,1.0,8.652374,0.30550029999999995
7.018942,-111.8764,1.0,15.71977,0.06733203
-0.26593259999999996,-103.816,1.0,20.166970000000003,0.25242129999999996
0.3448328,-86.48996,1.0,26.872729999999997,0.26055229999999996
-4.960965,-64.7354,1.0,33.61871,0.24720079999999997
-5.964019,-37.367059999999995,1.0,40.27948,0.4701134
-6.337276999999999,-5.19169,1.0,46.517140000000005,0.44141790000000003
-8.105651,30.16522,1.0,43.42804,-1.365004
-21.12304,44.60693,1.0,13.8305,-0.4526581
-30.654609999999998,38.20486,1.0,19.1602,0.24089380000000002
-47.35913,39.40056,1.0,26.391370000000002,0.5158629
-69.47527,39.54422,1.0,33.3778,0.2500492
-96.72192,39.78712,1.0,40.07932,0.4766067
-128.4182,40.49132,1.0,40.948479999999996,-1.76571
-144.5354,28.080470000000002,1.0,18.27854,-1.6933209999999999
-138.899,24.74212,1.0,10.092369999999999,0.00117529
-137.7517,24.243920000000003,1.0,0.05469885,-0.02342757
-137.7533,24.20495,1.0,0.2807482,0.4097867
-140.8544,24.61222,1.0,7.936484,0.3879893
-148.165,24.45382,1.0,9.527255,-0.41961859999999995
-151.2104,25.41443,1.0,0.45149259999999997,0.23721199999999998
-148.4742,23.35622,1.0,8.788967,0.2833849
-147.9938,14.49881,1.0,16.08137,0.5265622
-151.6303,1.144348,1.0,22.12966,0.4805305
-147.2327,-17.19555,1.0,28.78383,0.43574830000000003
-146.9701,-40.63166,2.0,34.05226,-0.07273225
-164.5465,-56.352509999999995,2.0,31.91335,-0.33898959999999995
-161.2693,-72.6953,2.0,18.58387,-1.434157
-155.7992,-68.52866999999999,2.0,9.730273,0.209535
-155.6942,-68.52776,2.0,0.04488352,-0.007202776
-155.8047,-68.90244,2.0,2.946816,0.28635900000000003
-156.3326,-72.40132,2.0,5.0179540000000005,-0.05177965
-156.9923,-75.16338,2.0,0.30381149999999996,-0.6657900999999999
-154.3892,-73.17548000000001,2.0,9.21578,0.6355259
-145.2005,-75.5797,2.0,17.58815,0.3248371
-132.4649,-82.353,2.0,18.99248,-0.1371619
-120.2881,-87.21381,2.0,20.44806,1.133414
-110.5735,-104.875,2.0,31.378390000000003,-0.15789579999999998
-120.3569,-125.5407,2.0,33.06908,-0.1314961
-141.5137,-128.6893,2.0,24.77525,-1.197516
-141.8805,-115.3073,2.0,22.7684,0.5307364
-143.0912,-102.5642,2.0,19.071379999999998,0.11084100000000001
-157.8133,-103.4691,2.0,19.45954,-0.5597886
-161.0405,-115.1953,2.0,16.64601,0.03965771
-164.2159,-128.366,2.0,22.048189999999998,0.6487356
-165.3568,-147.6519,2.0,29.95655,0.27248490000000003
-165.4121,-172.74599999999998,2.0,37.51775,0.5206996
-165.8103,-203.1484,2.0,44.53765,0.24126889999999998
-164.511,-237.8428,2.0,40.457359999999994,-3.969669
-152.6814,-251.4964,2.0,24.07112,0.49851409999999996
-132.2908,-250.5172,2.0,30.516709999999996,-0.1611785
-127.0725,-233.817,2.0,26.240920000000003,0.3388637
-125.7296,-211.1606,2.0,34.9041,0.4590232
-124.8762,-186.9224,2.0,18.978460000000002,-2.557432
-116.5757,-184.3171,2.0,14.598529999999998,0.45314030000000005
-110.6483,-195.1937,2.0,21.74374,0.6005696999999999
-109.0692,-214.2857,2.0,29.787,0.5925815999999999
-105.7247,-238.9587,2.0,37.269259999999996,0.5226321
-92.82642,-265.2595,2.0,42.199259999999995,0.002973677
-64.54209,-266.9522,2.0,41.04364,0.1090003
-48.70173,-241.8934,2.0,42.4614,0.2226219
-46.80032,-208.5851,2.0,47.83979,0.2446741
-25.19576,-179.1731,2.0,52.58749,0.46043490000000004
1.718836,-148.156,2.0,55.16291999999999,-1.436792
7.307332000000001,-124.6234,2.0,17.714660000000002,-0.35939990000000005
-3.276648,-113.1381,2.0,24.93478,0.2449953
-6.8126940000000005,-92.60645,2.0,32.138259999999995,0.28263309999999997
-6.731946000000001,-66.0181,2.0,39.52649,0.5306925
-6.878703,-34.12068,2.0,46.46185,0.4670438
-7.338133,2.712988,2.0,52.938269999999996,0.2237799
-12.8541,38.83098,2.0,39.098690000000005,-1.299209
-25.8654,45.9167,2.0,3.5838989999999997,-1.768572
-25.70494,42.81791,2.0,8.562933000000001,0.29114409999999996
-33.72869,40.22932,2.0,16.64967,0.5756866
-47.66233,46.51096,2.0,24.375120000000003,0.22325129999999999
-68.11958,43.83576,2.0,31.799570000000003,0.5706195
-94.3923,41.56534,2.0,39.157740000000004,0.5360316999999999
-125.9101,40.05641,2.0,45.96221,0.44967340000000006
-149.8442,25.97335,2.0,26.19374,-2.247204
-149.2855,19.04433,2.0,3.391261,0.6496107
-144.27,17.53521,2.0,11.96607,0.6279826000000001
-145.7137,6.391671,2.0,19.96174,0.6003301999999999
-150.3734,-9.15121,2.0,25.75483,0.27108699999999997
-145.9711,-30.503759999999996,2.0,33.11378,0.5230427
-143.3289,-40.36231,3.0,11.5409,-0.02771997
-148.2008,-48.51514,3.0,17.66854,0.9179158000000002
-159.1825,-53.71264,3.0,15.017479999999999,-0.1228654
-166.4858,-59.20496,3.0,11.06719,-0.12176960000000002
-164.7379,-66.50365,3.0,12.1912,0.6547582
-154.7949,-72.42619,3.0,19.973770000000002,0.5579734000000001
-137.2272,-73.04604,3.0,27.5842,0.5517039
-118.495,-82.4306,3.0,26.17023,-0.20771979999999998
-108.6267,-97.21945,3.0,26.128610000000002,1.149599
-109.9917,-117.3652,3.0,25.18355,-0.1920155
-120.1471,-130.1479,3.0,20.01069,-0.15486529999999998
-136.3927,-132.8672,3.0,23.0162,-0.29865879999999995
-144.6255,-116.324,3.0,32.23636,-0.4881515
-156.6691,-103.5231,3.0,16.66734,-0.4369192
-166.0166,-111.7682,3.0,21.85829,0.2806723
-168.5959,-130.7475,3.0,29.836059999999996,0.551296
-169.4729,-155.5497,3.0,37.14864,0.5077779
-167.2986,-185.5488,3.0,44.11396,0.5136430000000001
-164.1284,-220.5264,3.0,49.96213,-0.0049861720000000005
-158.7289,-253.456,3.0,37.9236,-0.8214458
-139.2097,-256.2402,3.0,26.49104,0.2930993
-125.6852,-238.8195,3.0,32.86633,0.12393310000000002
-128.3584,-213.2126,3.0,37.3135,-0.47511709999999996
-125.7218,-187.7962,3.0,31.234440000000003,-0.2954152
-111.6976,-179.5196,3.0,21.83633,-0.237931
-110.1081,-194.8277,3.0,25.19632,0.43182929999999997
-105.0055,-215.2382,3.0,31.68667,0.01736498
-105.7811,-237.2183,3.0,27.45226,0.06648647
-103.2998,-260.3252,3.0,36.208459999999995,0.1200347
-80.86553,-271.2802,3.0,37.05576,0.415973
-61.537,-268.7184,3.0,14.552529999999999,-1.075999
-56.21207,-266.7108,3.0,1.4647569999999999,-0.8180527
-57.09059,-267.3276,3.0,1.010892,-0.24358670000000002
-56.410619999999994,-266.7275,3.0,4.432109,0.2447685
-53.2706,-263.0866,3.0,7.74863,0.05103799
-48.435970000000005,-263.358,3.0,3.709286,-0.4101321
-48.89589,-262.3978,3.0,6.086544,0.637441
-49.96103,-255.0461,3.0,14.306729999999998,0.30095370000000005
-46.57156,-241.9135,3.0,22.15082,0.2843605
-43.77516,-222.9622,3.0,29.514609999999998,0.5254644
-40.854459999999996,-198.6337,3.0,36.37399,0.2048411
-25.34522,-175.7571,3.0,40.77303,0.4573022
-5.805682,-156.9797,3.0,26.04256,-1.5934549999999998
7.103307000000001,-146.7154,3.0,19.7103,-0.3608853
11.81805,-135.2556,3.0,14.945920000000001,-0.2841519
8.008847,-124.2424,3.0,19.21125,0.2695304
-2.0130310000000002,-110.6132,3.0,26.496340000000004,0.5044761
-9.125132,-89.50185,3.0,33.44454,0.4687057
-10.07664,-62.457209999999996,3.0,39.81922,0.2193002
-5.637335,-30.827820000000003,3.0,46.137,0.3316135
-3.4487940000000004,0.7793124,3.0,33.05581,-1.2573290000000001
-4.67089,13.938039999999999,3.0,4.45215,-1.669468
-5.430769000000001,18.15429,3.0,10.02711,0.315511
-8.259708,28.34725,3.0,18.34731,0.2775793
-19.05459,40.08054,3.0,25.487,0.26223979999999997
-39.53837,44.98305,3.0,32.07629,0.5146318
-65.90366999999999,44.66945,3.0,38.98992,0.48760770000000003
-97.15446999999999,42.823840000000004,3.0,45.5269,0.47177879999999994
-130.5368,38.95127,3.0,41.83829,-0.6152291
-150.3887,22.82531,3.0,33.32306,-0.2986811
-143.6095,-0.8408985000000001,3.0,35.116209999999995,0.2948838
-144.6759,-29.051370000000002,3.0,41.15863,0.4692094
-151.3,-52.90015,4.0,21.01994,-1.93245
-165.0899,-55.63138000000001,4.0,19.20306,-0.05373362
-164.34599999999998,-68.18925,4.0,22.429389999999998,0.4846504
-146.4708,-72.53842,4.0,28.88798,0.5155303
-124.1461,-79.32202,4.0,34.95361,0.34351170000000003
-108.6116,-101.6318,4.0,39.32642,-0.03411917
-118.4622,-126.8818,4.0,37.247859999999996,-0.03790388
-141.5856,-128.74200000000002,4.0,31.36846,-0.4500593
-144.2429,-107.3155,4.0,30.804009999999998,-0.4349688
-155.819,-99.10735,4.0,16.84541,0.6207894
-165.9483,-110.3184,4.0,24.88224,0.48089719999999997
-169.4502,-131.1579,4.0,32.18561,0.5592912
-169.5508,-157.3887,4.0,38.854079999999996,0.23051190000000002
-166.7086,-188.5363,4.0,45.40733,0.2284065
-163.5616,-224.0842,4.0,49.26082,-0.17143970000000003
-158.9922,-250.7104,4.0,21.063229999999997,-0.486804
-146.1361,-257.5156,4.0,22.19366,0.5372585999999999
-130.9807,-251.428,4.0,26.0155,0.45143420000000006
-125.1994,-230.1649,4.0,33.003679999999996,0.4192065
-128.75799999999998,-203.8705,4.0,38.993159999999996,0.4098384
-118.4799,-178.5283,4.0,35.07212,-0.9935014000000001
-99.75307,-184.1989,4.0,24.86712,-0.6702861999999999
-108.9698,-195.1694,4.0,23.64095,0.19328399999999998
-114.5549,-201.5507,4.0,0.02997767,0.0205835
-114.5549,-201.5539,4.0,0.01434645,0.0194002
-113.0307,-201.794,4.0,4.699997,0.2547681
-109.7957,-199.0463,4.0,4.488025,-0.6478673
-109.6532,-198.7872,4.0,3.4924730000000004,0.5247144
-108.7924,-203.9451,4.0,10.573030000000001,0.26201260000000004
-106.7144,-214.1167,4.0,17.27315,0.46016140000000005
-105.1526,-229.1167,4.0,23.42566,0.20040739999999999
-105.7134,-248.6385,4.0,29.011540000000004,0.16387939999999998
-94.66908000000001,-268.0761,4.0,32.65692,0.1433192
-70.45711,-270.5547,4.0,35.55827,0.1476877
-50.42586,-253.7897,4.0,36.8537,-0.04504145
-49.081070000000004,-225.0768,4.0,40.83806,0.1307413
-40.09455,-194.6687,4.0,44.99488,0.23219210000000004
-17.73059,-169.3136,4.0,46.4309,-0.1055643
2.674994,-150.714,4.0,23.21719,-0.46972780000000003
12.11825,-139.4472,4.0,16.73926,-0.2475737
8.998961999999999,-125.7923,4.0,24.1186,0.40497740000000004
-3.028304,-109.9528,4.0,29.44926,0.3590797
-9.5397,-87.11084,4.0,34.66505,0.3654909
-10.0609,-59.66973,4.0,39.58893,0.3547335
-4.619311,-29.04297,4.0,44.31475,0.3441262
-1.9198970000000002,5.112297,4.0,48.1262,0.09608639
-10.85442,32.979890000000005,4.0,27.224429999999998,1.059472
-29.78487,43.19178,4.0,31.90225,0.1745892
-55.27726,43.35366,4.0,36.98655,0.183282
-84.5978,43.17617,4.0,41.9542,0.1598589
-116.4393,40.42895,4.0,42.11605,-0.8678072
-137.6868,36.99485,4.0,14.42079,-0.19638029999999998
-146.0983,28.13369,4.0,19.90859,0.41481660000000004
-147.7305,11.45646,4.0,25.62122,0.2031325
-143.6547,-9.226689,4.0,31.301270000000002,0.3997212
-142.2955,-33.99406,5.0,33.62596,-0.3737114
-153.7487,-51.130520000000004,5.0,27.11334,0.3074706
-168.7175,-62.78376,5.0,21.06966,-0.6320633000000001
-159.6526,-69.58806,5.0,15.66508,-0.14911989999999997
-145.3227,-71.82861,5.0,23.47631,0.43741779999999997
-126.5432,-77.22894000000001,5.0,29.19561,0.4134974
-109.7943,-92.57415,5.0,33.12102,0.08147983
-110.8614,-117.0128,5.0,33.53345,-0.1019867
-126.5913,-132.8951,5.0,28.1807,-0.7645819
-141.4593,-125.6436,5.0,23.80119,0.2962396
-148.4572,-107.5832,5.0,28.86198,0.3416453
-164.2968,-101.8643,5.0,17.696679999999997,-0.7285545999999999
-164.5498,-113.587,5.0,17.4613,0.3805854
-167.2022,-129.7752,5.0,27.46905,1.219107
-168.6093,-157.0649,5.0,44.60263,0.3748033
-164.6877,-192.0392,5.0,50.712509999999995,0.2419314
-164.2624,-224.86700000000002,5.0,29.18863,-2.514813
-163.0502,-240.80599999999998,5.0,18.397779999999997,-0.41686759999999995
-158.77,-251.6331,5.0,14.97429,0.13599129999999998
-146.5154,-259.9282,5.0,24.88713,0.179753
-129.8877,-249.9563,5.0,32.55448,0.9263935999999999
-125.7431,-222.2452,5.0,42.035940000000004,0.532557
-128.7412,-197.2393,5.0,21.5876,-0.5056916
-124.0408,-184.8863,5.0,14.993129999999999,-0.2226935
-110.2089,-183.21,5.0,24.14552,0.1573556
-102.4448,-199.1447,5.0,28.4702,0.42086579999999996
-103.7974,-223.8843,5.0,36.44627,0.2446771
-105.4321,-250.4807,5.0,32.83483,-0.6110691999999999
-94.77325,-268.7039,5.0,30.50747,0.13812170000000001
-71.32677,-271.0561,5.0,34.4892,0.1363086
-52.22272,-254.7126,5.0,36.36065,0.2302814
-47.57265,-226.3643,5.0,41.05434,0.3577473
-40.94126,-195.0116,5.0,45.438759999999995,0.11533399999999999
-19.96647,-167.955,5.0,47.90025,-0.08155545
-2.711732,-155.9485,5.0,13.923020000000001,-0.1864771
4.330585,-151.0326,5.0,9.40449,-0.15499620000000003
8.585838,-147.2536,5.0,7.5595550000000005,0.25796379999999997
12.78117,-140.3485,5.0,14.274460000000001,0.23584970000000002
10.70715,-127.9821,5.0,20.2585,0.21805909999999998
0.4835407,-114.1693,5.0,26.09703,0.19530799999999998
-7.724336999999999,-94.45963,5.0,31.568340000000003,0.3964977
-10.65878,-69.42447,5.0,36.62115,0.16749129999999998
-6.233271,-40.83116,5.0,41.49195,0.374933
-1.671461,-8.69928,5.0,46.14077,0.32935349999999997
-4.381744,18.770120000000002,5.0,25.423460000000002,-4.074172
-7.8352889999999995,27.600070000000002,5.0,13.44364,0.6804131999999999
-15.22786,37.67708,5.0,19.98305,0.2013208
-30.607609999999998,44.42456,5.0,25.65775,0.3949232
-51.66212,45.23421,5.0,31.282009999999996,0.41399709999999995
-76.81215999999999,44.43874,5.0,36.619659999999996,0.1922068
-105.8056,42.51638,5.0,41.63256,0.1637401
-131.9649,39.627720000000004,5.0,22.00348,-2.748256
-144.1355,31.055120000000002,5.0,23.35884,0.181568
-148.02200000000002,12.3462,5.0,28.61901,0.37676090000000007
-143.3746,-10.33037,5.0,33.9434,0.38030559999999997
-142.7969,-35.214490000000005,6.0,27.182679999999998,-3.180332
-146.7724,-46.0546,6.0,14.781970000000001,1.0545120000000001
-157.0949,-54.39127,6.0,17.334039999999998,-0.41830500000000004
-165.7153,-60.22359,6.0,12.26891,-0.02286456
-161.5079,-70.80846,6.0,21.59007,0.4001147
-141.9176,-71.55761,6.0,33.91133,0.42013900000000004
-116.6254,-83.59593000000001,6.0,42.02006,-0.05288783
-111.76899999999999,-108.8596,6.0,29.965190000000003,-4.271098
-117.1051,-119.554,6.0,11.1344,0.6088312
-122.1341,-130.4294,6.0,18.73079,-0.2667781
-134.5715,-133.567,6.0,20.78691,0.4520153
-144.5096,-120.5924,6.0,26.271890000000003,0.5260851
-148.7571,-105.6696,6.0,8.606921,-1.5244280000000001
-153.7859,-101.9159,6.0,11.65666,0.6888505
-164.042,-102.8418,6.0,15.439429999999998,-0.06104289
-167.3104,-116.2594,6.0,24.89658,0.5184059
-168.9103,-139.8552,6.0,38.22875,0.7419618
-168.2859,-172.4397,6.0,49.41442,0.7136509
-164.537,-211.641,6.0,52.21525,-0.5836939999999999
-162.8884,-245.8455,6.0,38.36594,-0.5744223
-147.2584,-258.2433,6.0,23.63786,-0.2851157
-133.0257,-253.4533,6.0,20.26884,0.5178193
-125.5714,-237.1582,6.0,27.41941,0.3989311
-126.1315,-214.94,6.0,32.726,0.20044589999999998
-128.3319,-190.0265,6.0,29.29624,-1.447714
-118.1184,-182.082,6.0,19.75597,0.3595466
-105.3911,-191.0752,6.0,24.29897,0.33026740000000004
-102.6676,-210.6977,6.0,29.61852,0.28899250000000004
-105.2786,-234.5067,6.0,35.01645,0.1852171
-102.9393,-261.8458,6.0,38.60143,-0.11620219999999999
-80.69501,-272.1295,6.0,31.68737,-0.3095612
-60.80887,-266.9371,6.0,24.08091,-0.2809159
-49.97599,-254.0976,6.0,27.60752,0.42015699999999995
-46.08768,-231.8751,6.0,33.11007,0.18930120000000003
-43.0959,-205.5703,6.0,38.33508,0.34610959999999996
-31.90683,-178.74200000000002,6.0,40.96069,0.147779
-8.161767999999999,-160.9338,6.0,31.46912,-1.2746879999999998
2.856765,-152.5308,6.0,12.53657,-0.3428177
9.473848,-146.3125,6.0,13.230479999999998,0.2802255
12.81718,-135.0403,6.0,20.35814,0.5912347
3.284129,-119.6777,6.0,30.954720000000002,1.0959999999999999
-7.862289,-94.38965999999999,6.0,44.828070000000004,0.9913620999999999
-8.966561,-56.51093,6.0,57.2883,0.8322858
-1.557793,-12.43919,6.0,60.79985,-1.114547
-5.4291599999999995,20.3587,6.0,24.25525,-2.11289
-12.42632,34.7901,6.0,23.27151,0.4390168
-30.362709999999996,44.2085,6.0,33.44532,0.9221294
-60.44296,44.955459999999995,6.0,48.21394,0.5202988000000001
-101.2734,43.11647,6.0,58.6129,-0.9529538000000001
-125.4361,39.69388,6.0,14.602870000000001,-0.18565
-135.5016,37.57654,6.0,17.960729999999998,0.691772
-146.9207,26.48552,6.0,25.02027,0.162868
-146.7049,6.007251,6.0,30.4511,0.19340410000000002
-141.7664,-18.13203,6.0,35.79672,0.32640640000000004
-141.9832,-35.522,7.0,8.492461,0.5126608
-143.9642,-44.11116,7.0,15.196589999999999,0.4326923
-154.102,-52.366440000000004,7.0,20.99747,0.2082255
-167.308,-61.86354,7.0,21.08138,-0.6555109
-165.1732,-73.78401,7.0,15.63415,0.09994689999999999
-153.3342,-76.72533,7.0,18.86368,0.26952309999999996
-139.0231,-73.16749,7.0,20.75004,0.108715
-122.9346,-76.75652,7.0,25.85226,0.509811
-109.3218,-93.35866999999999,7.0,31.5625,0.20626689999999998
-111.7756,-117.3045,7.0,34.86079,0.1622961
-133.2964,-131.7335,7.0,36.47745,-0.3026359
-147.6007,-122.2571,7.0,15.73722,-0.7189057
-143.1576,-114.9816,7.0,12.61641,0.9230858000000001
-147.6264,-104.2266,7.0,16.496920000000003,-0.05836729
-160.0343,-102.428,7.0,20.62295,0.1104633
-166.359,-115.3199,7.0,19.78741,0.009936847
-166.231,-131.9735,7.0,26.443859999999997,0.7699053000000001
-169.1077,-156.6243,7.0,40.62608,1.007926
-169.8717,-191.3948,7.0,52.884069999999994,0.3813623
-168.5458,-230.4053,7.0,47.807959999999994,-1.150205
-156.4557,-252.5916,7.0,27.646440000000002,-0.7954671
-139.1457,-253.731,7.0,21.58684,0.2181876
-126.5425,-243.5534,7.0,24.88693,0.5660066999999999
-125.9995,-221.4135,7.0,33.15652,0.2058364
-126.1319,-194.8884,7.0,38.239020000000004,0.06276055
-117.6772,-179.6502,7.0,14.38684,-0.5151920999999999
-110.1381,-188.0849,7.0,20.25871,0.44257070000000004
-108.9289,-205.28599999999997,7.0,26.25512,0.4160962
-108.6173,-226.8343,7.0,31.906470000000002,0.19380870000000003
-105.4306,-251.9748,7.0,36.516220000000004,0.2525291
-86.00546999999999,-271.1094,7.0,39.078959999999995,0.1169923
-58.75121,-266.2682,7.0,39.31896,0.0048247459999999995
-49.472609999999996,-239.2393,7.0,41.28628,0.1683277
-45.20012,-207.4652,7.0,45.04314,0.0191733
-23.986720000000002,-180.6511,7.0,48.50906,0.34539169999999997
0.6654434,-152.3276,7.0,50.36544,-2.08815
8.894748,-128.014,7.0,24.20351,-0.3331943
-1.816346,-111.6402,7.0,30.612140000000004,0.4025042
-5.364618,-85.83745,7.0,43.42892,1.35544
-0.9754163,-47.375609999999995,7.0,60.589369999999995,1.129078
-1.8707669999999998,1.308843,7.0,63.98516,-1.023696
-10.22772,37.57092,7.0,34.70975,-0.6067468
-32.16441,41.05298,7.0,35.786840000000005,0.6673588
-61.55571,40.466440000000006,7.0,42.253240000000005,0.34799
-94.6497,40.678509999999996,7.0,46.92743,0.33335990000000004
-130.7344,40.39071,7.0,47.95823,-0.7039933
-147.4645,24.444329999999997,7.0,28.350579999999997,0.2239507
-145.3342,1.52949,7.0,33.64075,0.1973043
-145.4757,-25.3236,7.0,38.84117,0.3645153
-154.0558,-52.30919,8.0,36.42949,-0.727642
-168.364,-65.91994,8.0,20.23302,0.6222300999999999
-157.7478,-78.69697,8.0,27.49454,0.1858707
-135.7954,-77.10965,8.0,32.13599,0.1819565
-115.6685,-89.78362,8.0,34.86351,0.2151424
-112.1897,-115.3583,8.0,36.97517,0.0194362
-132.9312,-131.9334,8.0,36.62877,-1.33707
-146.6918,-127.6346,8.0,3.5017419999999997,-0.9232865
-143.8469,-125.1995,8.0,8.94242,0.4940673
-141.9992,-116.6588,8.0,15.40501,0.2254355
-149.4165,-105.4917,8.0,21.28794,0.3653006
-164.7888,-105.4293,8.0,23.63464,0.06859031
-167.0973,-123.4175,8.0,27.85111,0.4271092000000001
-168.2034,-145.9416,8.0,33.15712,0.3834937
-171.1928,-172.1594,8.0,38.10624,0.158919
-169.1945,-202.2686,8.0,42.99907,0.3453645
-167.6606,-235.7314,8.0,46.90161,-0.07006807
-148.8488,-256.8085,8.0,35.19525,-1.274797
-130.7388,-246.5764,8.0,28.87758,-0.007954609
-127.1764,-223.6176,8.0,34.29444,0.388357
-126.7619,-196.3162,8.0,38.96999,-0.03119817
-116.1436,-179.4727,8.0,16.770529999999997,-0.6759633
-107.9252,-187.5233,8.0,19.40707,0.21056660000000002
-106.7612,-204.0804,8.0,25.44951,0.4407955
-106.0832,-225.144,8.0,31.1686,0.1968539
-104.0529,-250.0558,8.0,36.15398,0.2596794
-86.90401,-270.6249,8.0,38.414809999999996,0.10989600000000001
-60.099830000000004,-266.8692,8.0,39.02418,0.18952760000000002
-47.70623,-241.2109,8.0,41.08705,0.16081710000000002
-44.801759999999994,-209.1835,8.0,45.48123,0.17478210000000002
-25.436329999999998,-182.1302,8.0,47.30925,0.33734040000000004
-1.025025,-154.8363,8.0,50.94454,-0.3111053
8.068501,-125.4745,8.0,34.557809999999996,-0.43710709999999997
-6.157108,-102.7314,8.0,39.53613,-0.2732867
-3.328474,-73.43908,8.0,42.182109999999994,0.3369041
-1.233636,-40.51146,8.0,46.73989,0.1575095
-1.718602,-4.244328,8.0,51.15054,0.30773049999999996
-7.603835000000001,32.62271,8.0,43.26007,-1.1386969999999998
-24.88472,42.53622,8.0,12.25486,-1.149964
-26.931079999999998,38.53577,8.0,8.490866,0.2296946
-34.63524,38.67998,8.0,14.7921,0.4478632000000001
-44.00775,47.937129999999996,8.0,20.31131,0.02536011
-48.02677,48.58662,8.0,0.02509485,-0.0091473
-48.14687,48.1729,8.0,2.87291,0.2534757
-48.21474,44.871970000000005,8.0,5.29369,-0.04179152
-47.26706,43.38438,8.0,2.599122,0.6908326
-51.92995,46.015370000000004,8.0,11.75198,0.6119814
-63.71423000000001,45.40896,8.0,20.27727,0.3054948
-81.68736,43.23114,8.0,28.3967,0.5531451999999999
-105.4219,42.569720000000004,8.0,35.7896,0.312156
-133.6598,41.59823,8.0,39.748020000000004,-0.1372085
-144.2144,16.6964,8.0,41.18319,0.6933604
-146.3584,-16.90926,8.0,48.68946,-0.002828271
-142.0209,-34.48212,9.0,2.751513,-0.05756713
-142.7961,-38.08205,9.0,10.63797,0.6452329000000001
-146.976,-47.00199,9.0,13.10315,-0.21216590000000002
-154.0646,-52.17374,9.0,12.909930000000001,0.7697354000000001
-163.5773,-55.5321,9.0,12.24803,-0.128378
-166.921,-62.46238,9.0,11.26553,0.7623563
-159.4468,-72.30578,9.0,20.51056,-0.43597929999999996
-146.1226,-73.0617,9.0,16.33915,-0.1261656
-134.0563,-73.64646,9.0,21.10289,0.6200517
-117.5874,-81.71754,9.0,25.8196,0.07467568
-107.9349,-98.17007,9.0,26.02466,-0.24510610000000002
-108.2211,-113.0456,9.0,12.55292,-0.1854543
-111.0691,-121.3241,9.0,14.134329999999999,1.1307459999999998
-120.2747,-132.5606,9.0,20.67128,-0.3621581
-133.3722,-134.5103,9.0,16.285079999999997,-0.278944
-142.8283,-126.9806,9.0,21.38905,0.6102473
-148.7958,-109.1312,9.0,29.218120000000003,-0.6223615
-158.2221,-99.36765,9.0,14.511920000000002,-0.19110970000000002
-165.4317,-105.3992,9.0,17.09083,1.174005
-168.1018,-123.5617,9.0,32.14144,1.0147190000000001
-168.983,-152.0733,9.0,43.38041,0.47129209999999994
-166.7972,-185.7234,9.0,47.32516,0.20120739999999998
-163.6945,-219.4059,9.0,41.89721,-0.29716240000000005
-161.6915,-244.8187,9.0,27.291809999999998,-0.2469323
-150.6813,-258.2188,9.0,21.30879,-0.16975679999999999
-137.3929,-258.6277,9.0,18.454810000000002,0.8549529
-126.8979,-243.3362,9.0,32.751529999999995,1.0167979999999999
-126.1608,-216.80700000000002,9.0,35.70622,-0.47808500000000004
-128.7972,-196.2832,9.0,17.242420000000003,-1.3748639999999999
-126.6001,-185.6368,9.0,13.086889999999999,-0.2582856
-115.9662,-181.7358,9.0,19.39485,0.03591057
-105.0238,-187.9878,9.0,15.433689999999999,-0.138493
-102.4517,-201.0883,9.0,25.07345,1.1557389999999998
-104.1217,-224.215,9.0,36.08365,0.5566087
-105.5094,-251.5229,9.0,36.12885,-0.11119929999999999
-91.56141,-271.384,9.0,32.65068,-0.02269178
-67.89548,-270.688,9.0,32.39718,-0.03988029
-51.489290000000004,-254.1297,9.0,33.87294,0.3594383
-46.636829999999996,-228.5771,9.0,36.25985,0.1594366
-42.22562,-201.9488,9.0,35.2341,-0.08117767
-32.85675,-179.7654,9.0,30.10799,-0.46170029999999995
-17.82274,-166.4504,9.0,24.45533,-0.3367982
-3.997679,-157.2147,9.0,20.71886,-0.145482
7.354117,-148.9858,9.0,18.3497,0.1889021
12.58292,-134.6818,9.0,24.19257,0.2381027
2.35527,-118.0712,9.0,29.01785,0.1579067
-7.863611,-98.95663,9.0,29.8632,0.05378699
-11.25813,-76.75271,9.0,31.658079999999998,0.16266370000000002
-9.136266,-51.91639,9.0,34.937490000000004,0.05092275
-4.492336,-25.95749,9.0,36.19234,0.08195438
-1.849649,0.6767489000000001,9.0,34.21358,-0.9244496999999999
-5.254461,20.94019,9.0,22.8204,-0.3167047
-11.650360000000001,34.33781,9.0,22.267770000000002,0.7414776999999999
-28.446579999999997,44.25085,9.0,30.30525,0.5112135
-53.409780000000005,44.164190000000005,9.0,37.319179999999996,0.25977110000000003
-83.80833,44.24057,9.0,44.32824,0.5028292000000001
-118.5076,41.33403,9.0,47.13462,-1.085677
-144.2881,32.11578,9.0,34.839079999999996,-0.03665654
-144.0249,6.844792,9.0,37.96389,0.25236179999999997
-142.2879,-22.99226,9.0,38.44642,-1.434166
-145.4169,-40.711729999999996,10.0,16.281270000000003,-0.2452243
-153.3178,-51.99899,10.0,18.91614,-0.3181637
-164.4814,-57.68889,10.0,15.04923,-0.3325187
-165.9914,-67.17543,10.0,16.37981,0.6331663000000001
-155.0507,-73.21409,10.0,18.01634,0.08849199
-141.5118,-72.61048000000001,10.0,17.61519,-0.1649701
-126.8196,-76.23264,10.0,25.5063,0.2829282
-110.6899,-89.87683,10.0,32.17427,0.19894900000000001
-108.60600000000001,-114.9845,10.0,36.36654,-0.21369670000000002
-120.8977,-131.2501,10.0,23.020410000000002,-0.35905590000000004
-135.6067,-133.0119,10.0,18.0648,-0.3487557
-144.41299999999998,-122.8883,10.0,22.533479999999997,0.5994303000000001
-149.1673,-106.3226,10.0,15.5339,-2.959575
-152.5357,-102.5589,10.0,9.181726,0.2990986
-161.5731,-101.2233,10.0,16.320970000000003,0.4196058
-167.5112,-113.5235,10.0,22.715339999999998,0.5035225999999999
-168.6668,-132.9947,10.0,29.760309999999997,0.48109480000000004
-168.7008,-157.5731,10.0,35.2139,0.07721394
-167.707,-185.2171,10.0,39.23217,0.07302143
-164.8294,-213.9216,10.0,36.0616,-0.2983268
-163.5673,-237.8685,10.0,28.89501,-0.48283000000000004
-156.1339,-254.5965,10.0,21.93511,-0.4659282
-141.0429,-259.572,10.0,23.886570000000003,0.02143287
-128.8774,-247.4493,10.0,25.85194,0.19730889999999998
-124.64299999999999,-227.7469,10.0,29.00202,0.2143756
-127.2565,-205.8877,10.0,27.822840000000003,-0.5872558000000001
-127.9541,-191.327,10.0,15.59772,-0.3191814
-123.6374,-182.976,10.0,12.319460000000001,0.4781021
-112.3708,-182.7028,10.0,18.097939999999998,0.1878866
-103.4527,-191.7979,10.0,18.67592,0.08186731
-103.4365,-206.5676,10.0,21.20147,0.1774768
-104.5059,-222.6112,10.0,21.75255,-0.010220700000000001
-105.9668,-240.9783,10.0,28.267540000000004,0.21525279999999997
-102.6884,-262.39,10.0,29.33202,-0.1819751
-83.13506,-272.6904,10.0,35.19523,0.2581396
-57.16718,-264.4032,10.0,38.34666,-0.1767787
-48.436679999999996,-237.2559,10.0,41.992020000000004,0.1769691
-43.39805,-205.872,10.0,40.93354,-0.6108293
-33.14478,-180.9439,10.0,32.344429999999996,-0.2974476
-17.46279,-166.6852,10.0,25.53272,-0.4145023
-6.125271,-158.755,10.0,12.64458,-0.1092088
4.159943,-151.4107,10.0,20.26376,-0.1892685
13.04983,-139.9838,10.0,22.53203,0.5332617
5.967437,-122.5687,10.0,29.43947,0.49353009999999997
-6.9262820000000005,-102.8574,10.0,35.07777,0.22504539999999998
-10.44788,-78.4148,10.0,30.93895,0.26714240000000006
-8.739225,-53.125040000000006,10.0,37.44685,0.45500029999999997
-4.450546,-23.36466,10.0,43.53696,0.213015
-2.453207,10.70105,10.0,48.3892,-0.01333621
-17.25956,39.38292,10.0,42.554959999999994,-0.011324500000000001
-49.1023,44.87535,10.0,46.52418,0.1890081
-85.59898000000001,44.12647,10.0,51.88851,0.1695519
-123.5958,40.17485,10.0,44.911559999999994,-1.4888569999999999
-147.722,26.450129999999998,10.0,37.32315,-0.2825247
-143.2492,-0.6003083,10.0,39.992059999999995,0.1838714
-143.3463,-30.232570000000003,10.0,34.626290000000004,-0.7365470000000001
-154.565,-52.7818,11.0,36.20494,0.1922243
-170.0459,-71.80946,11.0,27.18276,-1.2028
-159.9279,-79.93472,11.0,20.04089,0.1406314
-146.6743,-69.63759,11.0,25.428910000000002,0.08550175
-127.7675,-76.66023,11.0,30.950390000000002,0.4916609
-111.4474,-92.77953000000001,11.0,30.64933,0.7510558
-111.5459,-117.1801,11.0,34.68394,-0.07508434
-126.1655,-132.4304,11.0,27.58815,0.14958239999999998
-144.0149,-123.2745,11.0,31.238970000000002,0.26831900000000003
-147.1385,-104.0074,11.0,10.83013,-2.026045
-156.5719,-100.6113,11.0,20.1771,0.33353390000000005
-166.7612,-112.7417,11.0,25.668120000000002,0.44018029999999997
-166.113,-134.1963,11.0,32.32366,0.46406729999999996
-168.486,-160.3848,11.0,38.52492,0.43416940000000004
-165.9466,-191.0104,11.0,44.487109999999994,0.2071136
-163.4272,-225.6925,11.0,47.07943,-0.20316779999999998
-156.6452,-253.5589,11.0,29.863159999999997,-1.338825
-136.8564,-258.9337,11.0,30.03649,-0.4924489
-126.3787,-239.7592,11.0,33.232620000000004,0.4396973
-126.5538,-212.9101,11.0,39.20176,0.1714692
-126.1349,-186.6349,11.0,32.64185,-0.6483573
-109.5792,-182.1816,11.0,24.33304,-0.3111979
-107.5959,-200.5309,11.0,28.64194,0.4381849
-105.706,-223.8659,11.0,34.72442,0.2238659
-106.265,-251.725,11.0,40.1632,0.11139280000000001
-87.14801,-272.194,11.0,39.09555,0.03965339
-58.25574,-265.373,11.0,41.95212,-0.2362942
-46.86504,-237.122,11.0,44.20924,0.408683
-41.87965,-202.5971,11.0,49.729620000000004,0.32687309999999997
-23.00423,-170.968,11.0,48.21578,-1.423548
1.007443,-154.8614,11.0,32.63337,-0.5235395
12.22401,-137.5154,11.0,24.3856,-0.5707501
5.620491,-121.1692,11.0,27.164209999999997,0.5003557
-6.10588,-102.2124,11.0,33.27319,0.44083469999999997
-10.3477,-75.67322,11.0,39.43439,0.42558149999999995
-7.503873,-44.45632,11.0,45.17798,0.40835279999999996
-1.935023,-9.409545,11.0,50.605059999999995,0.1677202
-7.668753,28.45308,11.0,49.6566,-0.5454810999999999
-35.6664,45.62143,11.0,46.25742,0.1946446
-71.83967,42.37614,11.0,51.57113,0.3649034
-111.8213,41.06365,11.0,54.37704,-0.5285013000000001
-144.4208,31.328090000000003,11.0,42.33518,-0.44363820000000004
-146.7497,2.6949490000000003,11.0,41.71801,0.4019765
-142.6635,-29.40695,11.0,44.22184,-0.9857127
-154.3152,-51.69527,12.0,27.24298,-0.0465739
-168.7293,-63.65305,12.0,24.77373,-1.244968
-155.5865,-72.09093,12.0,25.84734,0.4920875
-134.2235,-72.6647,12.0,32.15316,0.41328729999999997
-112.8543,-86.4697,12.0,37.19193,0.2553526
-107.8658,-112.9542,12.0,33.95664,-0.5800114000000001
-121.777,-129.1329,12.0,27.44238,-0.2731938
-138.6668,-132.1054,12.0,22.36113,0.9852244000000001
-146.4308,-116.686,12.0,27.50903,0.48479490000000003
-155.4506,-100.9289,12.0,21.28632,-0.03239077
-167.03900000000002,-107.7144,12.0,22.677770000000002,0.43318909999999994
-167.1148,-129.7177,12.0,35.474470000000004,0.2207935
-168.9368,-158.0997,12.0,41.225190000000005,0.1984129
-166.5336,-190.8615,12.0,47.06308,0.40803459999999997
-164.4925,-227.6591,12.0,51.5576,-0.34995479999999995
-153.4129,-256.5636,12.0,34.88792,-1.347677
-134.1362,-252.2344,12.0,29.16682,0.30783320000000003
-126.97399999999999,-229.9681,12.0,34.54947,0.4976928
-127.1291,-202.9217,12.0,34.45254,-0.1757144
-121.9771,-181.1904,12.0,29.60636,-0.1627551
-106.5862,-187.8952,12.0,24.425520000000002,0.006511535
-110.3646,-207.4583,12.0,30.11085,0.22618539999999998
-109.2777,-232.2296,12.0,36.62386,0.223726
-102.8594,-260.6534,12.0,41.67964,-0.006739748
-77.29021999999999,-271.3422,12.0,40.26319,0.176144
-49.438159999999996,-258.8308,12.0,40.65757,-1.2362950000000001
-50.08905,-234.0325,12.0,31.98827,-0.2084018
-52.918580000000006,-218.8984,12.0,7.86292,-0.8099585
-53.3278,-215.0564,12.0,2.174487,-0.7482983
-52.55603000000001,-216.5905,12.0,6.713482000000001,0.6929001
-45.77153,-218.0331,12.0,13.77428,0.455912
-41.929320000000004,-208.1831,12.0,13.40421,-0.264965
-41.274770000000004,-196.9399,12.0,19.924229999999998,0.508171
-35.107479999999995,-180.8596,12.0,26.753829999999997,0.4680585
-18.749589999999998,-166.0623,12.0,33.150999999999996,0.4490072
3.673549,-151.6407,12.0,37.42953,-0.06980399999999999
11.6322,-129.4532,12.0,28.56118,-0.06498805
-2.082725,-109.0052,12.0,40.73157,0.5580672
-10.668510000000001,-75.08555,12.0,52.49576,0.3088974
-5.3138190000000005,-34.83097,12.0,57.28835,0.371777
-2.705629,8.265916,12.0,53.439040000000006,-0.9649499
-12.518369999999999,34.558690000000006,12.0,34.88927,0.3836695
-36.32354,45.82995,12.0,38.48511,0.1491834
-66.85129,44.37469,12.0,44.19258,0.41891880000000004
-101.6302,42.82269,12.0,49.75202,0.39611740000000006
-137.9378,37.86589,12.0,47.8329,-0.14492629999999998
-152.7932,17.21346,12.0,17.41116,-0.7818647
-153.4919,12.62583,12.0,2.941392,0.6072185999999999
-148.6574,11.12374,12.0,11.06338,0.2719946
-146.4294,0.5482665,12.0,18.73712,0.5512409
-143.9417,-15.89606,12.0,25.96499,0.5226605
-141.928,-33.76455,13.0,4.354496,0.31155259999999996
-143.3324,-39.89027,13.0,12.549489999999999,0.5659841999999999
-150.6025,-49.33234,13.0,19.94974,0.5068301
-165.0513,-58.680369999999996,13.0,25.91938,-0.3730232
-164.0158,-73.07983,13.0,17.799429999999997,-0.32879709999999995
-150.9205,-75.7089,13.0,21.22329,0.4105978
-136.4373,-72.24531999999999,13.0,18.41049,0.1374203
-120.2843,-76.91046999999999,13.0,26.40555,0.44617399999999996
-107.8986,-94.10206,13.0,31.997459999999997,0.1892669
-111.2859,-118.5389,13.0,36.23076,0.2644635
-134.1441,-132.519,13.0,35.12614,-0.7416944999999999
-145.9083,-123.4978,13.0,9.724358,-1.738286
-140.4069,-122.988,13.0,10.86312,0.04540136
-139.6067,-122.7226,13.0,5.716576,0.8317305
-144.8716,-126.1333,13.0,9.527332000000001,-0.10415610000000002
-145.5183,-129.1141,13.0,1.2200959999999998,0.333775
-144.2146,-125.0212,13.0,10.33647,0.3150102
-140.0099,-115.2714,13.0,18.33199,0.5117913
-146.2063,-101.0019,13.0,24.92505,0.3666574
-163.0452,-101.4675,13.0,22.6733,-0.3941591
-167.2653,-119.3817,13.0,29.830840000000002,0.5248262
-167.5432,-144.0414,13.0,36.74306,0.2435188
-167.8665,-173.8717,13.0,43.35674,0.45497070000000006
-167.9472,-208.2728,13.0,49.50071,0.21174659999999998
-163.8713,-245.1762,13.0,46.502159999999996,-0.6675111
-137.196,-256.7931,13.0,36.00282,-1.600004
-127.7367,-238.1127,13.0,33.08142,0.7570722
-127.4076,-209.8228,13.0,41.23539,-0.05666761
-125.835,-186.5985,13.0,15.79137,-0.7816705
-116.6098,-181.4179,13.0,16.83962,0.286063
-106.1266,-191.4869,13.0,24.296889999999998,0.496001
-105.5106,-211.8885,13.0,31.261709999999997,0.5480786999999999
-107.9732,-237.4031,13.0,37.71471,0.3339672
-95.94128,-264.1442,13.0,42.32881,0.1593892
-66.96835,-271.0197,13.0,42.61845,-0.01279926
-49.64124,-246.6977,13.0,43.356640000000006,0.3397786
-47.1467,-213.1599,13.0,43.4029,-1.4148450000000001
-33.0005,-185.1252,13.0,45.04167,0.40278200000000003
-8.206836000000001,-159.4582,13.0,50.96485,0.20893960000000003
10.00169,-128.2247,13.0,45.3607,-0.2169965
-4.238616,-105.6124,13.0,31.781879999999997,-0.8423337
-7.708311,-85.10892,13.0,32.65141,0.5212309
-5.758365,-58.491130000000005,13.0,39.421620000000004,0.4948875
-4.982345,-26.919629999999998,13.0,45.79477,0.21525370000000002
-3.842957,9.268713,13.0,51.69763,0.36771420000000005
-16.4719,39.2134,13.0,35.73101,-0.9724616
-33.81538,37.83681,13.0,14.561810000000001,-0.5609097
-35.096709999999995,32.585190000000004,13.0,0.076585,-0.04353546
-35.14635,32.592009999999995,13.0,0.0591159,-0.03764571
-34.931259999999995,33.16468,13.0,3.8415730000000003,0.30700500000000003
-33.74896,38.79108,13.0,11.31081,0.1975159
-32.2719,44.49152,13.0,2.770357,-0.6705191
-32.84002,43.37699,13.0,5.878005,0.5591774
-39.3855,41.39018,13.0,13.53774,0.533551
-51.599109999999996,44.80735,13.0,20.67225,0.48419009999999996
-69.32861,44.36602,13.0,27.2669,0.46048059999999996
-91.68665,41.91895,13.0,33.41624,0.22046639999999998
-118.6063,42.522009999999995,13.0,38.98191,0.3362155
-143.7433,29.10241,13.0,38.12627,-0.04780305
-147.26,0.8699556999999999,13.0,41.45666,0.19476
-144.6496,-31.674690000000002,13.0,45.874179999999996,-0.05615237
-156.9594,-56.32486,14.0,30.860540000000004,-0.5478061
-160.6571,-72.0746,14.0,24.24026,0.22268320000000003
-141.6205,-75.57715,14.0,29.80487,0.46321890000000004
-119.697,-83.27658000000001,14.0,34.379129999999996,0.32943920000000004
-109.4835,-106.9283,14.0,37.38568,0.1583594
-124.6604,-129.6105,14.0,39.1838,0.02692304
-145.4164,-126.2645,14.0,22.0947,-0.6564126
-145.8736,-119.9282,14.0,1.559373,-0.1306109
-146.784,-118.8762,14.0,1.850815,-0.02192274
-147.5899,-117.9913,14.0,1.419693,0.1489238
-149.5729,-117.209,14.0,3.971633,-0.02831284
-150.6411,-117.3334,14.0,3.030216,0.3410866
-146.3997,-113.8527,14.0,11.7562,0.30289720000000003
-145.8283,-102.8843,14.0,19.044529999999998,0.4354128
-159.7213,-97.32465,14.0,23.98919,0.11879100000000001
-167.99900000000002,-113.2091,14.0,28.541490000000003,0.5005834
-166.3192,-136.9032,14.0,35.54547,0.5225494
-166.6891,-165.7431,14.0,42.303290000000004,0.4792393
-167.2542,-199.4613,14.0,48.608090000000004,0.205373
-165.2479,-236.9993,14.0,48.79448,-1.547341
-146.9381,-254.8283,14.0,22.7578,-1.158147
-141.7425,-251.3805,14.0,4.195880000000001,-0.07813118
-140.6679,-249.12900000000002,14.0,5.099232,0.8934779
-134.4358,-248.6735,14.0,12.186819999999999,-0.02315423
-124.8895,-251.7115,14.0,12.14453,-0.32785559999999997
-120.9547,-245.5291,14.0,12.840910000000001,0.8073731
-124.2601,-232.9094,14.0,21.734560000000002,0.5737196999999999
-126.8548,-214.1821,14.0,29.2979,0.5423121
-127.2897,-189.9448,14.0,34.89926,-0.28065159999999995
-110.8356,-179.8647,14.0,23.3232,-0.8790283000000001
-105.5626,-197.64700000000002,14.0,34.58971,0.752107
-107.3583,-230.8001,14.0,54.518519999999995,1.274018
-92.04358,-266.8058,14.0,47.94648,-1.256154
-59.992259999999995,-268.3825,14.0,45.580870000000004,-0.49046359999999994
-48.413740000000004,-240.0893,14.0,44.37056,0.2111112
-45.17207,-206.1052,14.0,48.60877,0.3379567
-22.50127,-176.0753,14.0,53.6761,0.40785479999999996
5.592206,-146.171,14.0,54.27984,-0.5700071
5.9150220000000004,-118.9215,14.0,28.09977,-0.5617469
-4.743571,-101.9366,14.0,30.19929,0.4815076
-5.096483999999999,-77.16843,14.0,36.92913,0.5147782
-2.86822,-47.34466,14.0,43.60025,0.46989899999999996
-2.242107,-12.7343,14.0,49.847159999999995,0.4401343
-5.679136,25.35651,14.0,48.55447,-1.497773
-30.84233,42.81366,14.0,43.28089,0.09401695
-65.04186,40.35221,14.0,49.19234,0.4574688
-103.6503,40.641329999999996,14.0,55.00238,0.195347
-138.6015,36.341590000000004,14.0,37.207840000000004,-1.332034
-144.9532,22.149720000000002,14.0,4.756078,-2.611254
-142.6823,23.68441,14.0,4.983435,-0.1821469
-141.2883,25.45778,14.0,2.461747,0.4501859
-144.5148,22.05579,14.0,9.346860000000001,0.16985989999999998
-149.4785,22.00779,14.0,1.939787,-0.3708289
-147.6509,20.907529999999998,14.0,7.5352179999999995,0.3422731
-142.2672,14.02765,14.0,16.1962,0.5689831999999999
-140.8122,-0.8163913,14.0,24.33199,0.6095302
-142.7614,-21.700210000000002,14.0,32.07206,0.5666139
-141.8737,-36.461940000000006,1.0,7.010347,1.362754
-143.2976,-45.22952,1.0,16.45918,0.29520290000000005
-154.1953,-55.567840000000004,1.0,24.69884,0.3160725
-162.2751,-71.52226,1.0,26.371779999999998,-0.1606365
-147.1098,-73.291,1.0,25.091479999999997,0.5782904000000001
-135.9021,-68.27787,1.0,1.5243659999999999,-1.302142
-135.8594,-68.27938,1.0,0.02613699,0.0003253762
-135.8409,-68.28203,1.0,0.02626352,0.01388549
-135.8254,-68.28376999999999,1.0,0.01529717,-0.0225995
-136.0523,-70.5955,1.0,4.675651,-0.014675299999999999
-135.6481,-73.84751999999999,1.0,4.079512,-0.06666339999999998
-136.6299,-76.30309,1.0,3.229402,-0.12521749999999998
-135.4223,-75.61466999999999,1.0,6.533947,0.32290690000000005
-127.413,-75.57735,1.0,15.33721,0.6473141
-117.18700000000001,-84.41537,1.0,22.69738,0.288846
-110.3597,-102.8324,1.0,30.10963,0.44799979999999995
-117.3473,-125.4003,1.0,35.37395,0.1400544
-140.5522,-131.5407,1.0,28.85688,-1.252133
-144.5405,-117.1693,1.0,22.27449,0.376645
-138.4576,-108.7084,1.0,0.04622507,-0.01096855
-138.4582,-108.7255,1.0,0.02067993,-0.01903423
-138.4635,-108.7397,1.0,0.09627181,-0.08536711
-142.0065,-108.1792,1.0,8.179008999999999,0.08557316
-145.7247,-110.8313,1.0,0.44006649999999997,-0.6213451
-144.5719,-107.9936,1.0,8.56584,0.3128373
-147.2767,-99.38948,1.0,16.61362,0.5363204
-159.1841,-96.30882,1.0,15.704839999999999,-0.3355353
-166.1183,-105.1743,1.0,21.182470000000002,1.166618
-168.7284,-125.7145,1.0,34.05256,0.4150232
-164.6173,-152.6444,1.0,40.80401,-0.4800411
-165.5224,-178.8428,1.0,32.00732,-0.47710240000000004
-167.8852,-203.0816,1.0,40.00666,1.522404
-166.3685,-231.8866,1.0,35.51995,-0.5486001
-155.6137,-249.9635,1.0,25.365129999999997,-0.10875080000000001
-135.4586,-248.6386,1.0,30.55518,0.7137199000000001
-121.90700000000001,-234.1553,1.0,23.679129999999997,-0.49862340000000005
-131.1955,-219.3796,1.0,22.48503,-0.9403718000000001
-123.2349,-205.5769,1.0,19.44254,-0.5159779000000001
-124.906,-192.5203,1.0,16.82592,-0.3611013
-118.8926,-184.0565,1.0,18.6288,0.48289259999999995
-110.8104,-192.019,1.0,15.71809,-0.13763989999999998
-110.0626,-202.69400000000002,1.0,13.919179999999999,0.19175379999999997
-109.2406,-216.2802,1.0,22.45128,0.5568748
-107.2128,-235.6293,1.0,29.990040000000004,0.2664486
-99.85515,-258.976,1.0,36.20303,0.16472679999999998
-76.00806,-271.5038,1.0,39.22573,0.10958419999999999
-53.798590000000004,-255.0322,1.0,39.66922,0.0018739689999999999
-50.65347,-224.64700000000002,1.0,43.94177,0.32581309999999997
-35.12604,-194.0751,1.0,49.06941,0.4032466
-9.878049,-165.02900000000002,1.0,54.804759999999995,0.3584241
11.329460000000001,-128.9774,1.0,55.249869999999994,-1.186412
10.57006,-105.3503,1.0,9.527125999999999,-2.4896119999999997
9.791524,-104.2631,1.0,0.4676229,-0.08111639
10.52843,-104.7488,1.0,4.281375,0.2346581
14.96045,-107.1661,1.0,8.545367,-0.06976264
18.530179999999998,-106.9192,1.0,0.02674281,-0.8623350000000001
15.4156,-107.9185,1.0,8.755281,0.5905619000000001
6.906353999999999,-111.9086,1.0,15.77715,0.3358429
-0.25967579999999996,-103.6664,1.0,20.252489999999998,0.5081978
0.289333,-86.30287,1.0,26.96045,0.5333483
-4.981185,-64.48595,1.0,33.70185,0.49406540000000004
-5.973977,-37.068670000000004,1.0,40.35683,0.4671335
-6.3348,-4.840211,1.0,46.59002,0.43504729999999997
-8.184453,30.48528,1.0,43.30956,-0.7047353
-21.22478,44.58439,1.0,13.6924,-0.8006918000000001
-30.7918,38.16928,1.0,19.24043,0.47771450000000004
-47.5538,39.42497,1.0,26.433159999999997,0.25621679999999997
-69.72568000000001,39.54133,1.0,33.46223,0.493616
-97.01975,39.793820000000004,1.0,40.156490000000005,0.46489030000000003
-128.7235,40.470040000000004,1.0,40.64763,-1.806527
-144.5272,27.943240000000003,1.0,18.00314,-1.634219
-138.82399999999998,24.72781,1.0,10.0865,-0.03449256
-137.7517,24.2435,1.0,0.06118722,0.04013368
-137.7542,24.20511,1.0,0.30601849999999997,0.1586341
-140.9146,24.60967,1.0,8.002083,0.3871967
-148.2339,24.47208,1.0,9.391019,-0.7964839
-151.2068,25.41316,1.0,0.5679881,0.6858361999999999
-148.4378,23.3046,1.0,8.886368,0.5944539000000001
-148.0435,14.389439999999999,1.0,16.16699,0.5128127
-151.5962,0.9842046,1.0,22.20721,0.4695358
-147.2011,-17.40653,1.0,28.821479999999998,0.23202150000000002
-147.04399999999998,-40.87805,2.0,34.02554,-0.1547517
-164.6886,-56.546459999999996,2.0,31.805320000000002,-0.6252482
-161.1352,-72.73589,2.0,18.34054,-1.4324709999999998
-155.7816,-68.52214000000001,2.0,2.238602,-42.37898
-155.6938,-68.52776,2.0,0.046636800000000006,0.01032551
-155.8111,-68.92358,2.0,3.036461,0.5322415
-156.3362,-72.43936,2.0,5.009753,-0.04780379
-156.9931,-75.16516,2.0,0.22818960000000002,-0.46793149999999994
-154.3248,-73.15221,2.0,9.270726,0.3448151
-145.1028,-75.66526999999999,2.0,17.69177,0.6178691999999999
-132.3298,-82.37543000000001,2.0,18.94687,-0.2789205
-120.1703,-87.31506,2.0,20.637320000000003,1.118188
-110.5586,-105.1095,2.0,31.328770000000002,-0.2918031
-120.53399999999999,-125.699,2.0,33.04364,-0.157669
-141.6601,-128.5855,2.0,24.67495,-0.6162169
-141.7762,-115.1818,2.0,22.81239,0.28110799999999997
-143.22,-102.5057,2.0,19.11166,0.239844
-157.9324,-103.5541,2.0,19.36732,-0.5454177
-161.0497,-115.3106,2.0,16.66157,0.09870646
-164.2502,-128.5259,2.0,22.14825,0.6022614000000001
-165.3536,-147.8633,2.0,30.051609999999997,0.5935121999999999
-165.4165,-173.0159,2.0,37.55981,0.26763459999999994
-165.8182,-203.4868,2.0,44.62167,0.4859044
-164.4499,-238.1359,2.0,39.7894,-4.197557
-152.5014,-251.5291,2.0,24.154989999999998,0.493647
-132.0805,-250.4282,2.0,30.50115,-0.09446997
-127.1439,-233.6358,2.0,26.354020000000002,0.6684802
-125.7301,-210.9032,2.0,34.941140000000004,0.23071570000000002
-124.8037,-186.803,2.0,18.76945,-1.279384
-116.47200000000001,-184.35,2.0,14.63217,0.2066854
-110.6333,-195.4081,2.0,21.84238,0.44639449999999997
-109.0484,-214.5054,2.0,29.832659999999997,0.28344240000000004
-105.6689,-239.2315,2.0,37.31078,0.2575516
-92.59758000000001,-265.4565,2.0,42.20126,0.01213896
-64.27792,-266.8016,2.0,41.08378,0.23787889999999998
-48.70378,-241.5803,2.0,42.50182,0.2437326
-46.69308,-208.2516,2.0,47.87846,0.23563499999999998
-24.92255,-178.8947,2.0,52.62236,0.2134521
1.954146,-147.8087,2.0,55.045680000000004,-0.6977420999999999
7.232136,-124.516,2.0,17.6854,-0.1807277
-3.366772,-112.9773,2.0,25.018320000000003,0.49513720000000006
-6.812958999999999,-92.3681,2.0,32.23056,0.5495278
-6.734407000000001,-65.72516,2.0,39.61238,0.5198848
-6.882907,-33.77645,2.0,46.4996,0.2381584
-7.339482,3.106843,2.0,53.01869,0.47693329999999995
-13.024339999999999,39.06272,2.0,38.675259999999994,-2.498009
-25.88849,45.904920000000004,2.0,3.3076769999999995,-1.681515
-25.724510000000002,42.76017,2.0,8.662196,0.6137321
-33.84212,40.26924,2.0,16.74833,0.6082809
-47.84137,46.53622,2.0,24.45063,0.4395749
-68.36404,43.79629,2.0,31.89074,0.5127944000000001
-94.68645,41.55701,2.0,39.24431,0.5233833
-126.2529,40.00744,2.0,45.99606,0.20488270000000003
-149.9099,25.78895,2.0,25.819860000000002,-2.2031959999999997
-149.2639,19.05605,2.0,3.502502,0.7021423999999999
-144.2216,17.46075,2.0,12.0163,0.30936009999999997
-145.7979,6.270033,2.0,20.01032,0.2972038
-150.3139,-9.334377,2.0,25.84569,0.5332069
-145.9725,-30.75514,2.0,33.153259999999996,0.2364201
-143.3555,-40.44316,3.0,11.538210000000001,-0.01639236
-148.2896,-48.60549,3.0,17.743570000000002,0.4787019
-159.2901,-53.73466,3.0,14.9783,-0.23766779999999998
-166.5002,-59.28696,3.0,11.029530000000001,-0.2207379
-164.6879,-66.58144,3.0,12.24319,0.3033172
-154.6474,-72.42923,3.0,20.06772,0.5625985
-137.0309,-73.10348,3.0,27.6749,0.5504346
-118.3482,-82.56358,3.0,26.1025,-0.3904807
-108.58,-97.40793000000001,3.0,26.317809999999998,1.153465
-110.0532,-117.5393,3.0,25.1177,-0.39708730000000003
-120.273,-130.2257,3.0,19.96003,-0.301318
-136.5451,-132.8012,3.0,22.91544,-0.5966352
-144.6761,-116.0855,3.0,32.1456,-0.5203769
-156.7933,-103.5051,3.0,16.593870000000003,-0.4217579000000001
-166.0576,-111.9252,3.0,21.95266,0.5495821999999999
-168.6197,-130.9599,3.0,29.92946,0.5875974
-169.4439,-155.8302,3.0,37.23428,0.5081706
-167.2919,-185.8738,3.0,44.152440000000006,0.2352302
-164.1072,-220.8914,3.0,49.95785,-0.026449700000000003
-158.5467,-253.6723,3.0,37.65679,-1.56467
-139.0473,-256.1223,3.0,26.58267,0.5364345
-125.6141,-238.5807,3.0,32.90805,0.2402857
-128.3802,-212.9194,3.0,37.23377,-0.3732703
-125.6582,-187.5737,3.0,31.13451,-0.5941131
-111.5597,-179.6089,3.0,21.761129999999998,-0.43852060000000004
-110.1146,-195.0134,3.0,25.2681,0.4355818
-104.9718,-215.4736,3.0,31.68778,0.006705039
-105.8003,-237.4207,3.0,27.457079999999998,0.02967731
-103.1803,-260.5707,3.0,36.24857,0.2339661
-80.59038000000001,-271.2261,3.0,37.08763,0.1914797
-61.429019999999994,-268.703,3.0,14.46776,-0.5095152000000001
-56.205130000000004,-266.7032,3.0,1.325892,-0.8366125
-57.09706,-267.3311,3.0,0.9843459999999999,-0.1668242
-56.38664,-266.7036,3.0,4.508866,0.4473692
-53.22606999999999,-263.05400000000003,3.0,7.765534,0.10435239999999998
-48.41903,-263.3774,3.0,3.5701199999999997,-0.8657292
-48.9171,-262.3569,3.0,6.138202,0.3103738
-49.94421,-254.94099999999997,3.0,14.404370000000002,0.5600938
-46.53672,-241.752,3.0,22.2441,0.5467837
-43.75047,-222.7339,3.0,29.60218,0.5065175999999999
-40.80973,-198.3678,3.0,36.441590000000005,0.40227240000000003
-25.13277,-175.5524,3.0,40.85007,0.47226840000000003
-5.655318,-156.8607,3.0,25.779,-1.583709
7.201262,-146.613,3.0,19.64886,-0.3788287
11.81328,-135.1452,3.0,14.9223,-0.146757
7.927085000000001,-124.1244,3.0,19.30058,0.5261140000000001
-2.097521,-110.445,3.0,26.581690000000002,0.5355340000000001
-9.172626,-89.25480999999999,3.0,33.481590000000004,0.22599940000000002
-10.051260000000001,-62.15623000000001,3.0,39.89695,0.45210159999999994
-5.584309999999999,-30.48814,3.0,46.2639,0.7476251
-3.4552120000000004,1.013023,3.0,32.63847,-2.585433
-4.676051999999999,13.970170000000001,3.0,4.397907,-0.3371305
-5.445817,18.230710000000002,3.0,10.13232,0.5997323
-8.310382,28.47093,3.0,18.44197,0.5738965
-19.225260000000002,40.17181,3.0,25.576439999999998,0.5181468
-39.780590000000004,44.9712,3.0,32.161229999999996,0.5172865
-66.20026,44.6621,3.0,39.070409999999995,0.47207740000000004
-97.49332,42.802409999999995,3.0,45.562709999999996,0.2169868
-130.8476,38.898709999999994,3.0,41.62359,-1.2538690000000001
-150.4103,22.575229999999998,3.0,33.22965,-0.5431852
-143.6156,-1.100981,3.0,35.14123,0.1540338
-144.649,-29.345670000000002,3.0,41.196290000000005,0.23885860000000003
-151.4305,-52.971790000000006,4.0,20.8633,-1.020002
-165.2061,-55.70344,4.0,19.19446,-0.05264737
-164.2202,-68.29395,4.0,22.46939,0.2497689
-146.2473,-72.53232,4.0,28.9288,0.24071869999999998
-123.9363,-79.46217,4.0,34.98175,0.18121589999999999
-108.5591,-101.9135,4.0,39.32123,-0.03254714
-118.6448,-127.075,4.0,37.24686,-0.006366189
-141.7504,-128.5751,4.0,31.290879999999998,-0.4545101
-144.2903,-107.0889,4.0,30.73204,-0.42995140000000004
-155.9406,-99.13962,4.0,16.89644,0.3147776
-166.0023,-110.4894,4.0,24.92256,0.2582586
-169.4833,-131.3941,4.0,32.22736,0.2558966
-169.5203,-157.6648,4.0,38.937259999999995,0.5112131
-166.6814,-188.86700000000002,4.0,45.485690000000005,0.47066800000000003
-163.5452,-224.4543,4.0,49.23067,-0.17961570000000002
-158.8831,-250.8206,4.0,21.02471,-0.2371927
-145.9763,-257.5552,4.0,22.28284,0.5367503
-130.9023,-251.2549,4.0,26.0929,0.4724365
-125.1785,-229.9174,4.0,33.07162,0.41080079999999997
-128.7733,-203.582,4.0,39.023140000000005,0.18319739999999998
-118.2574,-178.4122,4.0,34.98977,-0.5253897
-99.69904,-184.3838,4.0,24.75615,-0.6208607
-109.1464,-195.2136,4.0,23.6988,0.3297538
-114.5549,-201.5508,4.0,0.02736769,-0.01537171
-114.5549,-201.5538,4.0,0.01203426,-0.01349507
-112.9951,-201.7911,4.0,4.722489,0.1392453
-109.7877,-199.0135,4.0,4.3781300000000005,-0.6486949000000001
-109.6512,-198.8122,4.0,3.536376,0.2788503
-108.7757,-204.0254,4.0,10.65738,0.48410059999999994
-106.6921,-214.239,4.0,17.31148,0.2422638
-105.15299999999999,-229.2867,4.0,23.49749,0.4488903
-105.6848,-248.861,4.0,29.06778,0.3222152
-94.47059,-268.2138,4.0,32.68039,0.14420379999999997
-70.20384,-270.4815,4.0,35.6076,0.2938298
-50.34928,-253.5315,4.0,36.84766,-0.03690298
-49.05519,-224.7752,4.0,40.884190000000004,0.2717321
-39.95316,-194.362,4.0,45.011959999999995,0.10686580000000001
-17.46865,-169.09099999999998,4.0,46.391940000000005,-0.2329701
2.797469,-150.602,4.0,23.177670000000003,-0.2479413
12.16015,-139.3302,4.0,16.658,-0.48160810000000004
8.896771000000001,-125.6456,4.0,24.150570000000002,0.196951
-3.1231310000000003,-109.7562,4.0,29.478820000000002,0.18254279999999998
-9.578111999999999,-86.85679,4.0,34.72677,0.38419309999999995
-10.03112,-59.373709999999996,4.0,39.615759999999995,0.16115629999999997
-4.566028,-28.72614,4.0,44.341590000000004,0.1692651
-1.9658209999999998,5.465911,4.0,48.16205,0.2113467
-10.97843,33.13093,4.0,27.31087,0.5450684
-30.023840000000003,43.23226,4.0,31.9597,0.32594259999999997
-55.555690000000006,43.34437,4.0,37.04868,0.36515349999999996
-84.89981,43.16637,4.0,42.012409999999996,0.3491601
-116.7541,40.39277,4.0,41.96495,-0.8728243
-137.7872,36.951440000000005,4.0,14.356620000000001,-0.3685395
-146.1544,27.99515,4.0,19.977610000000002,0.4115566
-147.7099,11.27475,4.0,25.69109,0.42834399999999995
-143.6041,-9.459377,4.0,31.367009999999997,0.38767870000000004
-142.3419,-34.24307,5.0,33.49817,-0.6920039000000001
-153.9237,-51.226420000000005,5.0,27.164509999999996,0.3080644
-168.7328,-62.9382,5.0,20.86497,-1.212661
-159.5408,-69.58943000000001,5.0,15.65055,-0.10365230000000002
-145.1527,-71.86607,5.0,23.51248,0.223223
-126.3409,-77.31872,5.0,29.226390000000002,0.18304179999999998
-109.6973,-92.79434,5.0,33.15126,0.1884682
-110.9529,-117.2402,5.0,33.498979999999996,-0.20793589999999998
-126.7973,-132.9266,5.0,28.052970000000002,-0.7790807
-141.5168,-125.4751,5.0,23.85284,0.3001669
-148.5869,-107.4127,5.0,28.889809999999997,0.170215
-164.3922,-101.9539,5.0,17.64392,-0.3265484
-164.5565,-113.7184,5.0,17.491310000000002,0.1830061
-167.2196,-129.976,5.0,27.56863,0.6131698
-168.6194,-157.3853,5.0,44.63302,0.19763540000000002
-164.6591,-192.4124,5.0,50.8017,0.5332756999999999
-164.2561,-225.0843,5.0,28.772509999999997,-2.517347
-163.0328,-240.9385,5.0,18.362920000000003,-0.2196373
-158.7032,-251.7168,5.0,14.9865,0.07827105
-146.3398,-259.9648,5.0,24.95018,0.3882373
-129.7887,-249.7456,5.0,32.71594,1.014348
-125.7752,-221.9354,5.0,42.07727,0.25454970000000005
-128.7357,-197.0778,5.0,21.50318,-0.5073608000000001
-123.9529,-184.8142,5.0,15.000879999999999,0.04500021
-110.0456,-183.283,5.0,24.15714,0.07181513
-102.4444,-199.3561,5.0,28.613390000000003,0.8501905999999999
-103.8255,-224.1447,5.0,36.46552,0.12139130000000001
-105.4094,-250.7284,5.0,32.78838,-0.2794594
-94.57314000000001,-268.8093,5.0,30.553590000000003,0.26994440000000003
-71.07717,-270.9968,5.0,34.53561,0.2745645
-52.13165,-254.4554,5.0,36.39951,0.2292861
-47.53606,-226.055,5.0,41.08153,0.16113529999999998
-40.823640000000005,-194.6985,5.0,45.48068,0.24868969999999999
-19.69065,-167.7322,5.0,47.855270000000004,-0.3315368
-2.625566,-155.8934,5.0,13.86336,-0.35593790000000003
4.385519,-150.9894,5.0,9.354801,-0.2829987
8.62476,-147.2129,5.0,7.645802000000001,0.5100564000000001
12.80915,-140.2437,5.0,14.34937,0.4497156
10.63596,-127.8496,5.0,20.33016,0.4248088
0.3791886,-114.0063,5.0,26.16415,0.4025127
-7.783825,-94.22594000000001,5.0,31.599390000000003,0.1841879
-10.64969,-69.15269,5.0,36.6797,0.3476431
-6.171517,-40.5299,5.0,41.55283,0.36364409999999997
-1.645087,-8.35179,5.0,46.19242,0.30554590000000004
-4.438148,18.94959,5.0,25.09572,-2.008404
-7.8800740000000005,27.692429999999998,5.0,13.650360000000001,1.166778
-15.347000000000001,37.771190000000004,5.0,20.05086,0.39464109999999997
-30.7994,44.456759999999996,5.0,25.72426,0.3897244
-51.89895,45.230259999999994,5.0,31.314890000000002,0.1959827
-77.08592,44.42794,5.0,36.68505,0.3853793
-106.1025,42.4841,5.0,41.69249,0.3642174
-132.129,39.59836,5.0,21.80353,-1.197758
-144.218,30.9077,5.0,23.42146,0.3759821
-148.0085,12.1293,5.0,28.64903,0.1787135
-143.3279,-10.57592,5.0,33.97303,0.1829431
-142.8377,-35.415209999999995,6.0,26.649490000000004,-3.151191
-146.8278,-46.15279,6.0,14.867339999999999,0.507015
-157.2194,-54.43405,6.0,17.26696,-0.3952384
-165.74900000000002,-60.30438,6.0,12.26574,-0.02014178
-161.375,-70.89860999999999,6.0,21.72319,0.7894911
-141.6601,-71.56159,6.0,34.04567,0.739244
-116.3994,-83.79419,6.0,41.9972,-0.14173970000000002
-111.8834,-109.0467,6.0,29.26779,-4.232558999999999
-117.1314,-119.6345,6.0,11.23862,0.6102499
-122.2236,-130.5317,6.0,18.6403,-0.547532
-134.7196,-133.5193,6.0,20.857229999999998,0.4176183
-144.5383,-120.4049,6.0,26.31478,0.271351
-148.8009,-105.6239,6.0,8.493642,-0.6808512
-153.8668,-101.8746,6.0,11.71362,0.338339
-164.1151,-102.9241,6.0,15.431729999999998,-0.04767398
-167.3198,-116.4522,6.0,25.06666,0.9763103000000001
-168.9189,-140.1488,6.0,38.3706,0.8289399
-168.2682,-172.7921,6.0,49.47104,0.3485196
-164.5012,-212.0259,6.0,52.17477,-0.2478129
-162.8331,-246.1194,6.0,38.16969,-1.167929
-147.0838,-258.24,6.0,23.54678,-0.5391021
-132.9111,-253.3537,6.0,20.36344,0.566044
-125.5424,-236.9571,6.0,27.451159999999998,0.1928306
-126.1738,-214.7006,6.0,32.79336,0.39201779999999997
-128.2845,-189.8162,6.0,28.71327,-3.4753510000000003
-117.9776,-182.0915,6.0,19.82039,0.41036049999999996
-105.3183,-191.2336,6.0,24.32621,0.1731727
-102.6799,-210.9169,6.0,29.64964,0.19138829999999998
-105.3038,-234.7598,6.0,35.08097,0.38652759999999997
-102.8204,-262.0947,6.0,38.59018,-0.07120324
-80.47357,-272.0874,6.0,31.58243,-0.6487575
-60.642880000000005,-266.8728,6.0,23.9875,-0.5562385
-49.92136,-253.9039,6.0,27.673140000000004,0.400221
-46.05069,-231.6356,6.0,33.175979999999996,0.3910409
-43.062529999999995,-205.2878,6.0,38.392990000000005,0.35351540000000004
-31.69185,-178.5414,6.0,40.97358,0.08246595
-7.980353999999999,-160.7907,6.0,31.05756,-2.4527259999999997
2.930949,-152.4732,6.0,12.48,-0.3382683
9.534538000000001,-146.2345,6.0,13.252460000000001,0.1341872
12.80303,-134.8954,6.0,20.40735,0.31432329999999997
3.123631,-119.5081,6.0,31.13413,1.063381
-7.919859,-94.05994,6.0,44.9057,0.46814229999999996
-8.936797,-56.079519999999995,6.0,57.42479,0.827435
-1.514702,-11.99872,6.0,60.7073,-0.5790259
-5.485776,20.525370000000002,6.0,24.08768,-1.037898
-12.532,34.92694,6.0,23.34186,0.4197553
-30.60008,44.252309999999994,6.0,33.52205,0.4858398
-60.8005,44.940020000000004,6.0,48.39382,1.067699
-101.6921,43.08579,6.0,58.53313000000001,-0.5056214
-125.5475,39.67112,6.0,14.54166,-0.3444792
-135.6341,37.53944,6.0,18.18279,1.288066
-146.96200000000002,26.307640000000003,6.0,25.07725,0.34063259999999995
-146.6746,5.790968,6.0,30.51871,0.40101420000000004
-141.7209,-18.38818,6.0,35.82221,0.1602701
-141.9875,-35.584990000000005,7.0,8.576797000000001,0.5079887
-144.0144,-44.21205,7.0,15.23334,0.22444120000000004
-154.2437,-52.4156,7.0,21.07098,0.45708059999999995
-167.37400000000002,-62.00459,7.0,20.971420000000002,-0.671763
-165.0886,-73.86531,7.0,15.642170000000002,0.04825123
-153.2024,-76.69694,7.0,18.88599,0.14394849999999998
-138.8662,-73.15953,7.0,20.78698,0.2151149
-122.7664,-76.85858,7.0,26.03622,1.06867
-109.2531,-93.57396999999999,7.0,31.59785,0.22109479999999998
-111.9051,-117.5272,7.0,34.88797,0.1640527
-133.5719,-131.7593,7.0,36.37062,-0.6098533
-147.5809,-122.1425,7.0,15.621960000000001,-0.6945677
-143.1367,-114.895,7.0,12.69489,0.5063422000000001
-147.7237,-104.1488,7.0,16.47877,-0.10585499999999999
-160.165,-102.4954,7.0,20.663,0.24731329999999999
-166.3578,-115.4665,7.0,19.7932,0.03473976
-166.25099999999998,-132.1687,7.0,26.571620000000003,0.7737446
-169.1305,-156.9205,7.0,40.70326,0.47613999999999995
-169.8788,-191.7776,7.0,53.0238,0.8514919
-168.4952,-230.755,7.0,47.58662,-1.3322610000000001
-156.2682,-252.6811,7.0,27.514940000000003,-0.7817996
-138.9954,-253.6972,7.0,21.60727,0.12898489999999999
-126.4895,-243.3723,7.0,24.93723,0.30489740000000004
-126.00299999999999,-221.1655,7.0,33.224779999999996,0.4017728
-126.1221,-194.6039,7.0,38.239670000000004,0.003874409
-117.5748,-179.6505,7.0,14.299679999999999,-0.5449917
-110.1083,-188.2403,7.0,20.293110000000002,0.19876529999999998
-108.9237,-205.4738,7.0,26.289209999999997,0.21719070000000001
-108.6131,-227.0706,7.0,31.973029999999998,0.3911625
-105.3319,-252.2167,7.0,36.55903,0.2631966
-85.71938,-271.2153,7.0,39.0974,0.10681660000000001
-58.53275,-266.0654,7.0,39.3182,-0.004550317
-49.46517,-238.9413,7.0,41.34708,0.37394809999999995
-45.07371,-207.1565,7.0,45.05212,0.05356571
-23.73935,-180.3904,7.0,48.5653,0.3398131
0.9235469000000001,-151.9641,7.0,50.03536,-1.6919099999999998
8.855848,-127.8352,7.0,24.094260000000002,-0.6181840999999999
-1.9355950000000002,-111.4464,7.0,30.67492,0.3784526
-5.32768,-85.50939,7.0,43.65578,1.33691
-0.9480183000000001,-46.92735,7.0,60.67799,0.5430533000000001
-1.890985,1.78403,7.0,63.90204,-0.5092824
-10.4042,37.74862,7.0,34.501979999999996,-1.274248
-32.42621,41.03294,7.0,36.01512,1.367276
-61.85986,40.46312,7.0,42.28177,0.1802248
-95.00168000000001,40.68926,7.0,46.9821,0.3248394
-131.0819,40.31845,7.0,47.853120000000004,-0.643061
-147.4601,24.24315,7.0,28.37098,0.1324759
-145.3261,1.273568,7.0,33.70564,0.375722
-145.49,-25.611060000000002,7.0,38.90122,0.363921
-154.2644,-52.47902,8.0,36.37368,-0.3435541
-168.3795,-66.06358,8.0,20.28631,0.3371822
-157.5421,-78.73441,8.0,27.52652,0.1878562
-135.5524,-77.11933,8.0,32.165659999999995,0.1761731
-115.5212,-90.00388000000001,8.0,34.897090000000006,0.1982737
-112.2888,-115.6203,8.0,36.98368,0.04923869
-133.1948,-131.9657,8.0,36.51283,-0.7410768
-146.6923,-127.6083,8.0,3.4224069999999998,-0.47358649999999997
-143.8051,-125.1501,8.0,8.983253,0.25538520000000003
-142.0235,-116.5475,8.0,15.4797,0.44532849999999996
-149.5446,-105.3931,8.0,21.35087,0.36972459999999996
-164.9088,-105.5631,8.0,23.64656,0.06981756
-167.0748,-123.6227,8.0,27.88457,0.20610429999999996
-168.2505,-146.1807,8.0,33.18784,0.19107420000000003
-171.1813,-172.4355,8.0,38.16325,0.3442985
-169.1853,-202.574,8.0,43.026379999999996,0.1757009
-167.6045,-236.0634,8.0,46.8676,-0.2065054
-148.5897,-256.8321,8.0,35.09055,-0.6423396
-130.6308,-246.3952,8.0,28.914279999999998,0.22129970000000004
-127.1843,-223.3688,8.0,34.36036,0.4083665
-126.7336,-196.0228,8.0,38.95333,-0.09818633
-116.0197,-179.4703,8.0,16.65926,-0.6798533
-107.8942,-187.6677,8.0,19.47885,0.4155056
-106.7563,-204.2732,8.0,25.52074,0.41958729999999994
-106.0744,-225.38400000000001,8.0,31.23617,0.3828641
-103.9848,-250.3059,8.0,36.1994,0.28748579999999996
-86.64372,-270.7398,8.0,38.43196,0.1018757
-59.86736,-266.6894,8.0,39.03767,0.08140483
-47.675670000000004,-240.9079,8.0,41.14403,0.33553130000000003
-44.73188,-208.8676,8.0,45.50866,0.1718033
-25.184079999999998,-181.8869,8.0,47.3349,0.1572314
-0.8040130999999999,-154.5289,8.0,50.91619,-0.1741816
8.00434,-125.2379,8.0,34.42613,-0.8140477
-6.239855,-102.4569,8.0,39.512840000000004,-0.14578139999999998
-3.2842809999999996,-73.14146,8.0,42.23988,0.3637013
-1.2339639999999998,-40.159259999999996,8.0,46.79511,0.31978959999999995
-1.726363,-3.8658120000000005,8.0,51.20156,0.30724229999999997
-7.773781,32.90032,8.0,42.87749,-2.215636
-24.97358,42.51096,8.0,11.86636,-2.201254
-26.97085,38.483059999999995,8.0,8.567686,0.43596660000000004
-34.72442,38.74958,8.0,14.8676,0.4469215999999999
-44.14362,48.00835,8.0,20.31622,0.02953749
-48.02659,48.58663,8.0,0.02359472,-0.009061162
-48.15296,48.15208,8.0,2.954841,0.48308729999999994
-48.20118,44.83428,8.0,5.279948,-0.08017997
-47.2822,43.39626,8.0,2.657296,0.3593473
-52.01591,46.038579999999996,8.0,11.85566,0.6153360999999999
-63.86544,45.390190000000004,8.0,20.379260000000002,0.5975278
-81.89069,43.20333,8.0,28.442220000000002,0.2824567
-105.6863,42.598440000000004,8.0,35.87729,0.5189452999999999
-133.9258,41.455090000000006,8.0,39.70108,-0.26969640000000006
-144.1952,16.39856,8.0,41.29902,0.7169766
-146.3955,-17.258470000000003,8.0,48.6949,0.03356253
-142.0238,-34.50215,9.0,2.741742,-0.05926519
-142.8174,-38.15645,9.0,10.74654,0.6605909000000001
-147.0348,-47.08012,9.0,13.06761,-0.2127427
-154.1586,-52.20633,9.0,12.97306,0.3724916
-163.651,-55.58363000000001,9.0,12.20558,-0.2539792
-166.9159,-62.54472,9.0,11.39696,0.8211285
-159.3083,-72.36964,9.0,20.4781,-0.20575500000000002
-146.0024,-73.04890999999999,9.0,16.298579999999998,-0.24091710000000002
-133.9031,-73.68105,9.0,21.314329999999998,1.26611
-117.4487,-81.84076999999999,9.0,25.831,0.07087591
-107.8925,-98.35799,9.0,26.00434,-0.12496480000000001
-108.2432,-113.1325,9.0,12.53727,-0.09856729
-111.1104,-121.4152,9.0,14.230620000000002,0.6193576999999999
-120.4061,-132.6389,9.0,20.61041,-0.36832719999999997
-133.4889,-134.48,9.0,16.26206,-0.1419994
-142.9033,-126.84,9.0,21.48572,0.5960156
-148.8688,-108.92399999999999,9.0,29.04699,-1.017573
-158.3292,-99.36288,9.0,14.448920000000001,-0.3755719
-165.4758,-105.5189,9.0,17.2873,1.204412
-168.11900000000003,-123.7977,9.0,32.306940000000004,1.0099879999999999
-168.9923,-152.3947,9.0,43.44359,0.37441009999999997
-166.7607,-186.0731,9.0,47.33967,0.0882157
-163.6709,-219.7176,9.0,41.80148,-0.5666866999999999
-161.6428,-245.0027,9.0,27.20757,-0.5335916999999999
-150.5455,-258.2911,9.0,21.25071,-0.372258
-137.2745,-258.558,9.0,18.59769,0.8517872999999999
-126.8266,-243.1072,9.0,32.82767,0.47830200000000006
-126.2002,-216.5508,9.0,35.62403,-0.5060425000000001
-128.7949,-196.1572,9.0,17.01913,-1.352691
-126.5498,-185.5583,9.0,13.06429,-0.1448946
-115.82,-181.7526,9.0,19.40353,0.05016175
-104.9649,-188.0871,9.0,15.389879999999998,-0.2541479
-102.4513,-201.2745,9.0,25.26369,1.138687
-104.1555,-224.4725,9.0,36.12774,0.27856929999999996
-105.4613,-251.7914,9.0,36.096920000000004,-0.18617879999999998
-91.33077,-271.4725,9.0,32.648559999999996,-0.01265198
-67.67233,-270.6,9.0,32.38731,-0.05855156
-51.41145,-253.8977,9.0,33.90233,0.1858028
-46.59805,-228.3202,9.0,36.27202,0.07712587
-42.172959999999996,-201.6873,9.0,35.20879,-0.14996529999999997
-32.71778,-179.5913,9.0,30.030620000000003,-0.4641442
-17.67108,-166.3436,9.0,24.39808,-0.33068390000000003
-3.872122,-157.1332,9.0,20.66978,-0.2983421
7.4537119999999994,-148.8888,9.0,18.37969,0.1758088
12.55834,-134.4999,9.0,24.23265,0.2443751
2.209057,-117.9137,9.0,29.029690000000002,0.07252254
-7.9195910000000005,-98.75095999999999,9.0,29.86706,0.02455767
-11.26587,-76.5143,9.0,31.714879999999997,0.32712909999999995
-9.099558,-51.6702,9.0,34.959559999999996,0.1361862
-4.447819,-25.69914,9.0,36.204409999999996,0.07432128
-1.8578279999999998,0.9268035,9.0,34.132329999999996,-0.5066363
-5.2960080000000005,21.10349,9.0,22.71596,-0.619011
-11.75778,34.46498,9.0,22.51097,1.43395
-28.66501,44.30226,9.0,30.38945,0.50546
-53.69238000000001,44.147240000000004,9.0,37.40902,0.5047202999999999
-84.14365,44.23843,9.0,44.40867,0.47478240000000005
-118.8439,41.29742,9.0,47.04329,-0.5829413
-144.4326,31.9133,9.0,34.82545,-0.0812693
-143.9543,6.572271000000001,9.0,38.0511,0.5208727
-142.317,-23.275129999999997,9.0,38.326440000000005,-0.7382748
-145.4586,-40.8248,10.0,16.26107,-0.1229192
-153.431,-52.07737,10.0,18.862370000000002,-0.3277843
-164.5683,-57.76295,10.0,15.0234,-0.1540432
-165.933,-67.28688000000001,10.0,16.484820000000003,0.6162960999999999
-154.9173,-73.20944,10.0,18.022879999999997,0.04052481
-141.3789,-72.62052,10.0,17.58728,-0.16589579999999998
-126.6425,-76.30585,10.0,25.599870000000003,0.5502409
-110.5729,-90.09054,10.0,32.2429,0.3954167
-108.6762,-115.2399,10.0,36.286390000000004,-0.4811856
-121.0496,-131.3272,10.0,22.95901,-0.3840828
-135.733,-132.9686,10.0,18.00672,-0.3541777
-144.4591,-122.7326,10.0,22.58308,0.3203116
-149.2231,-106.2282,10.0,15.28915,-1.553988
-152.5912,-102.5178,10.0,9.2814,0.5865018
-161.6818,-101.2764,10.0,16.35535,0.20885389999999998
-167.524,-113.6872,10.0,22.75777,0.2713665
-168.6767,-133.2126,10.0,29.79952,0.24720189999999997
-168.6898,-157.8273,10.0,35.21948,0.03626204
-167.6794,-185.5125,10.0,39.26127,0.173767
-164.8094,-214.19299999999998,10.0,35.967259999999996,-0.5473979999999999
-163.5479,-238.0758,10.0,28.812959999999997,-0.5104266
-156.0125,-254.7093,10.0,21.85961,-0.44584209999999996
-140.8747,-259.54400000000004,10.0,23.88772,0.007362072
-128.8051,-247.27900000000002,10.0,25.884220000000003,0.2030092
-124.6534,-227.5322,10.0,29.01855,0.10211289999999999
-127.274,-205.6814,10.0,27.68426,-0.8414453000000002
-127.9487,-191.21,10.0,15.571879999999998,-0.1564053
-123.5584,-182.9369,10.0,12.40019,0.5028327
-112.2418,-182.7391,10.0,18.11279,0.09241037
-103.4231,-191.9361,10.0,18.70478,0.1682454
-103.4461,-206.7278,10.0,21.215239999999998,0.08300471
-104.5182,-222.7709,10.0,21.75092,-0.009638780999999999
-105.9775,-241.1877,10.0,28.342909999999996,0.44539520000000005
-102.5784,-262.5841,10.0,29.30013,-0.1877435
-82.87416,-272.6839,10.0,35.28306,0.5174542999999999
-56.96035,-264.2014,10.0,38.31415,-0.1929933
-48.39741,-236.9401,10.0,42.05904,0.3870743
-43.33429,-205.5697,10.0,40.82752,-0.6411696
-33.00718,-180.7582,10.0,32.24585,-0.608132
-17.30511,-166.5738,10.0,25.46198,-0.40795
-6.048221,-158.7018,10.0,12.63528,-0.05753919
4.279104,-151.3183,10.0,20.203529999999997,-0.35276090000000004
13.09014,-139.8174,10.0,22.7091,1.032844
5.807666,-122.4201,10.0,29.478990000000003,0.24213289999999998
-7.004808000000001,-102.6026,10.0,35.15387,0.4431742
-10.4465,-78.18526,10.0,31.0219,0.49338350000000003
-8.707644,-52.84356,10.0,37.52433,0.47191750000000005
-4.393371,-23.044220000000003,10.0,43.60966,0.428805
-2.495529,11.05827,10.0,48.38688,-0.01424014
-17.53976,39.54435,10.0,42.55392,-0.00625334
-49.453959999999995,44.851040000000005,10.0,46.59287,0.4000829
-85.99667,44.10818,10.0,51.95135,0.3612587
-123.9239,40.1362,10.0,44.66595,-1.487058
-147.8198,26.19172,10.0,37.27731,-0.2813553
-143.171,-0.8862829,10.0,40.0559,0.3781638
-143.4073,-30.48204,10.0,34.38211,-1.4715040000000001
-154.7602,-52.95329,11.0,36.22116,0.10474059999999999
-170.0457,-72.00877,11.0,26.98162,-1.207341
-159.7958,-79.85835,11.0,20.09209,0.29662009999999994
-146.4954,-69.60387,11.0,25.459,0.1856033
-127.5666,-76.79514,11.0,30.98889,0.2269652
-111.3466,-92.98331,11.0,30.804959999999998,0.9472719999999999
-111.6441,-117.4137,11.0,34.666270000000004,-0.10563810000000001
-126.3658,-132.4894,11.0,27.6396,0.297354
-144.0958,-123.014,11.0,31.285529999999998,0.2442364
-147.19,-103.9482,11.0,10.6825,-0.9234437
-156.7225,-100.6285,11.0,20.29034,0.6817669
-166.7716,-112.9329,11.0,25.74119,0.43619670000000005
-166.1254,-134.441,11.0,32.36121,0.22381220000000002
-168.4829,-160.6702,11.0,38.55855,0.20544279999999998
-165.9124,-191.3426,11.0,44.55955,0.42795429999999995
-163.4012,-226.0399,11.0,47.0132,-0.3900195
-156.5099,-253.7231,11.0,29.63382,-1.448909
-136.6582,-258.8524,11.0,29.99628,-0.2550301
-126.3358,-239.5142,11.0,33.26705,0.21350210000000003
-126.5949,-212.6223,11.0,39.26488,0.4901103
-126.0326,-186.4164,11.0,32.43065,-1.224038
-109.4535,-182.3116,11.0,24.30815,-0.1538342
-107.5947,-200.7459,11.0,28.676309999999997,0.20683859999999998
-105.7241,-224.1239,11.0,34.800309999999996,0.43736359999999996
-106.1964,-252.0146,11.0,40.2042,0.240898
-86.86139,-272.2351,11.0,39.105,0.05671118
-58.01518000000001,-265.1796,11.0,41.90874,-0.2635533
-46.81152,-236.8042,11.0,44.27811,0.43635219999999997
-41.80276,-202.2438,11.0,49.78241,0.324309
-22.71213,-170.739,11.0,48.10083,-0.681713
1.197922,-154.7059,11.0,32.52935,-0.6062949000000001
12.233260000000001,-137.339,11.0,24.33845,-0.2951232
5.490769,-121.0152,11.0,27.20512,0.2485302
-6.177144999999999,-101.9764,11.0,33.34655,0.4428026
-10.36046,-75.38127,11.0,39.467209999999994,0.2032021
-7.443885000000001,-44.13903,11.0,45.21032,0.2053906
-1.913083,-9.031062,11.0,50.66467,0.3509461
-7.8169509999999995,28.7738,11.0,49.47117,-1.125757
-36.0181,45.60824,11.0,46.29222,0.2039898
-72.20711,42.356770000000004,11.0,51.600840000000005,0.1973211
-112.2228,41.04081,11.0,54.20183000000001,-1.0397239999999999
-144.636,31.08554,11.0,42.29998,-0.21080460000000004
-146.6445,2.396801,11.0,41.7505,0.19640660000000001
-142.7041,-29.731509999999997,11.0,44.055479999999996,-0.9997735000000001
-154.5068,-51.77179,12.0,27.24144,-0.009101996
-168.7246,-63.845009999999995,12.0,24.67643,-0.566797
-155.3951,-72.06895,12.0,25.929270000000002,0.4954179
-134.0003,-72.72665,12.0,32.18608,0.20671979999999998
-112.6882,-86.68958,12.0,37.21157,0.12110370000000001
-107.9496,-113.1912,12.0,33.76495,-1.134303
-121.9515,-129.2407,12.0,27.3548,-0.51344
-138.8138,-132.0426,12.0,22.518179999999997,0.9846459000000001
-146.4447,-116.4887,12.0,27.59184,0.5159252000000001
-155.6027,-100.8826,12.0,21.289089999999998,0.01700223
-167.0796,-107.876,12.0,22.827479999999998,0.8875629999999999
-167.1111,-129.9788,12.0,35.550979999999996,0.4575392
-168.9219,-158.4113,12.0,41.294309999999996,0.41064129999999993
-166.5147,-191.2186,12.0,47.09486,0.18865410000000002
-164.4736,-228.0495,12.0,51.40475,-0.8435606
-153.1979,-256.6894,12.0,34.77357,-0.7424801999999999
-134.0043,-252.0574,12.0,29.19202,0.15129620000000002
-126.9317,-229.7158,12.0,34.588159999999995,0.2367119
-127.1809,-202.6754,12.0,34.41064,-0.2549772
-121.792,-181.0884,12.0,29.56397,-0.265183
-106.5704,-188.0785,12.0,24.42915,0.02193201
-110.374,-207.6754,12.0,30.19022,0.48418240000000007
-109.2515,-232.4946,12.0,36.70323,0.483295
-102.715,-260.9131,12.0,41.67422,-0.03441661
-76.99396,-271.29200000000003,12.0,40.32483,0.36011129999999997
-49.25772,-258.5865,12.0,40.44882,-1.256669
-50.2444,-233.8466,12.0,31.94955,-0.2240117
-52.91438,-218.8382,12.0,7.741683,-0.7051808
-53.33064,-215.0406,12.0,2.0611479999999998,-0.673833
-52.52757,-216.63299999999998,12.0,6.81876,0.6209334
-45.687259999999995,-217.97799999999998,12.0,13.813279999999999,0.24340589999999998
-41.92385,-208.0841,12.0,13.359879999999999,-0.26680679999999996
-41.25584,-196.7912,12.0,19.9661,0.2531906
-34.99445,-180.6966,12.0,26.7912,0.2258953
-18.54768,-165.9356,12.0,33.187529999999995,0.23300120000000002
3.8700080000000003,-151.4452,12.0,37.40773,-0.12806710000000002
11.558539999999999,-129.2506,12.0,28.54495,-0.09457403
-2.2320290000000003,-108.7478,12.0,40.927690000000005,1.184951
-10.6707,-74.70634,12.0,52.547109999999996,0.3155473
-5.238533,-34.41324,12.0,57.347840000000005,0.35770959999999996
-2.748119,8.668383,12.0,53.1221,-1.7943939999999998
-12.67915,34.75442,12.0,34.95348,0.3990565
-36.61485,45.82959,12.0,38.537209999999995,0.30418340000000005
-67.16608000000001,44.38302,12.0,44.26285,0.43963050000000004
-101.9893,42.78003,12.0,49.81834,0.4115679
-138.2813,37.747209999999995,12.0,47.80022,-0.187778
-152.7644,17.0885,12.0,17.23357,-1.0758
-153.4699,12.6304,12.0,2.993527,0.3207562
-148.6015,11.06208,12.0,11.152999999999999,0.5244243000000001
-146.4287,0.4091915,12.0,18.82784,0.5484489
-143.9039,-16.084789999999998,12.0,26.049879999999998,0.5173233
-141.9314,-33.79871,13.0,4.45721,0.5833434000000001
-143.3658,-39.97882,13.0,12.64387,0.5604995
-150.7208,-49.41727,13.0,19.99062,0.2527696
-165.15900000000002,-58.82945,13.0,25.7935,-0.7686628000000001
-163.9185,-73.16859000000001,13.0,17.77334,-0.1597839
-150.7687,-75.67326,13.0,21.25609,0.2023826
-136.2995,-72.24488000000001,13.0,18.466279999999998,0.3308923
-120.1179,-77.01647,13.0,26.440559999999998,0.2153156
-107.8312,-94.33466999999999,13.0,32.06004,0.3659301
-111.4282,-118.7561,13.0,36.251870000000004,0.1337905
-134.4093,-132.5156,13.0,34.88074,-1.27338
-145.8832,-123.4335,13.0,9.580326,-0.9083665999999999
-140.3293,-122.9763,13.0,10.864130000000001,0.0060802830000000006
-139.64700000000002,-122.7343,13.0,5.764556,0.2976778
-144.906,-126.1992,13.0,9.490324000000001,-0.20651479999999997
-145.5179,-129.1046,13.0,1.332856,0.666751
-144.1778,-124.9536,13.0,10.44232,0.6318189999999999
-139.9959,-115.1388,13.0,18.41801,0.5251185
-146.3464,-100.8811,13.0,24.98546,0.35953759999999996
-163.1573,-101.5842,13.0,22.60613,-0.4219728
-167.2732,-119.60600000000001,13.0,29.8728,0.2552188
-167.5381,-144.316,13.0,36.82606,0.49050200000000005
-167.8715,-174.1859,13.0,43.3926,0.2236745
-167.9491,-208.636,13.0,49.574490000000004,0.44275020000000004
-163.7036,-245.4724,13.0,46.28633,-1.2748549999999998
-136.9379,-256.7064,13.0,35.871520000000004,-0.8001246999999999
-127.7633,-237.88299999999998,13.0,33.20975,0.8225894
-127.3987,-209.5123,13.0,41.21979,-0.08959500000000001
-125.7682,-186.4909,13.0,15.726679999999998,-0.3622938
-116.48700000000001,-181.4238,13.0,16.93834,0.5938869999999999
-106.0742,-191.6597,13.0,24.377879999999998,0.4844585
-105.5427,-212.1227,13.0,31.346790000000002,0.5044141
-107.9465,-237.6794,13.0,37.74069,0.1605322
-95.72227,-264.3683,13.0,42.3401,0.06913942
-66.68373000000001,-270.9112,13.0,42.61698,-0.009054406999999999
-49.60722,-246.3702,13.0,43.41602,0.3552998
-47.08442,-212.835,13.0,43.285709999999995,-0.7029043
-32.78983,-184.8803,13.0,45.109429999999996,0.42253379999999996
-7.949244,-159.1818,13.0,51.03906,0.4370759
10.01033,-127.8983,13.0,45.294129999999996,-0.4054022
-4.416297,-105.4586,13.0,31.638790000000004,-0.8586039000000001
-7.6686369999999995,-84.86275,13.0,32.692820000000005,0.24704389999999998
-5.749421,-58.19623000000001,13.0,39.45953,0.2301923
-4.96634,-26.58091,13.0,45.87126,0.453578
-3.86024,9.637119,13.0,51.75742,0.37574709999999995
-16.697470000000003,39.35242,13.0,35.65162,-0.48382520000000007
-33.86153,37.74023,13.0,14.37785,-1.106892
-35.0973,32.58529,13.0,0.07946967,0.01673569
-35.146840000000005,32.592079999999996,13.0,0.07205124,0.07569930000000001
-34.921279999999996,33.191629999999996,13.0,3.941592,0.5944566
-33.73292,38.8759,13.0,11.39011,0.45951220000000004
-32.26947,44.511,13.0,2.712611,-0.3680633
-32.8638,43.34212,13.0,5.9250620000000005,0.2992772
-39.48084,41.41043,13.0,13.629470000000001,0.5686135999999999
-51.75331,44.83125,13.0,20.71251,0.24176710000000004
-69.52481,44.3366,13.0,27.30583,0.24179940000000003
-91.93439000000001,41.9241,13.0,33.48916,0.42701239999999996
-118.8927,42.48076,13.0,39.006840000000004,0.150039
-143.9023,28.86215,13.0,38.12168,-0.02753254
-147.2264,0.5604024000000001,13.0,41.523270000000004,0.39138090000000003
-144.6656,-32.01853,13.0,45.85355,-0.12113030000000001
-157.1461,-56.453559999999996,14.0,30.76608,-0.5725595
-160.53,-72.20078000000001,14.0,24.32328,0.4914702
-141.3996,-75.57382,14.0,29.8796,0.45045219999999997
-119.4969,-83.45345,14.0,34.4322,0.3055122
-109.5069,-107.20700000000001,14.0,37.397059999999996,0.06906295
-124.9274,-129.7402,14.0,39.18496,0.0068241859999999994
-145.4911,-126.12,14.0,21.848000000000003,-1.473343
-145.8821,-119.9203,14.0,1.576625,0.10393139999999998
-146.7924,-118.8653,14.0,1.8489,-0.01185058
-147.5979,-117.9849,14.0,1.416747,-0.01779941
-149.6029,-117.2076,14.0,3.969478,-0.01295868
-150.6204,-117.3233,14.0,3.14043,0.6546174
-146.3488,-113.7816,14.0,11.85449,0.5862486
-145.8967,-102.7607,14.0,19.1161,0.43178890000000003
-159.8855,-97.38691,14.0,24.030279999999998,0.2444367
-167.9859,-113.4241,14.0,28.62288,0.48453859999999993
-166.3253,-137.1723,14.0,35.629020000000004,0.4946157
-166.688,-166.0565,14.0,42.34055,0.2280805
-167.2579,-199.8073,14.0,48.68371,0.46639319999999995
-165.1563,-237.3482,14.0,48.54161,-1.5212290000000002
-146.7712,-254.8333,14.0,22.37285,-2.2938650000000003
-141.7413,-251.3494,14.0,4.1706970000000005,-0.1483767
-140.64,-249.1032,14.0,5.2483900000000006,0.9176243000000001
-134.3493,-248.7055,14.0,12.192,0.03069553
-124.801,-251.6932,14.0,12.0897,-0.3278448
-120.9634,-245.4334,14.0,12.97788,0.823217
-124.2913,-232.7528,14.0,21.78131,0.2928116
-126.8689,-213.9655,14.0,29.340770000000003,0.2637036
-127.2297,-189.6875,14.0,34.79828,-0.5880556
-110.6829,-179.9404,14.0,23.250870000000003,-0.4519045
-105.5842,-197.9031,14.0,34.83867,1.468264
-107.3412,-231.1887,14.0,54.619069999999994,0.6415470999999999
-91.74799999999999,-267.0277,14.0,47.84375,-0.6106600000000001
-59.70924,-268.2086,14.0,45.53823,-0.2715898
-48.4439,-239.7625,14.0,44.44709,0.46051790000000004
-45.01838,-205.77200000000002,14.0,48.66304,0.3242453
-22.20617,-175.7951,14.0,53.74426,0.4038001
5.781269,-145.8191,14.0,54.241330000000005,-0.2403362
5.778225,-118.7651,14.0,28.01045,-0.5406962
-4.794619,-101.7166,14.0,30.236729999999998,0.22505219999999998
-5.073361,-76.89435999999999,14.0,37.01227,0.5004282
-2.8541279999999998,-47.02101,14.0,43.67581,0.4514373
-2.246382,-12.36487,14.0,49.880959999999995,0.20758379999999998
-5.7956959999999995,25.696260000000002,14.0,48.44226,-0.686709
-31.1651,42.80305,14.0,43.31792,0.218716
-65.41423,40.34845,14.0,49.22648,0.2073333
-104.0572,40.666,14.0,55.073809999999995,0.41531850000000003
-138.8184,36.17262,14.0,36.976209999999995,-1.400608
-144.9354,22.120160000000002,14.0,4.541057,-1.31741
-142.6572,23.71128,14.0,4.9587650000000005,-0.15110120000000002
-141.2985,25.441860000000002,14.0,2.604321,0.8486249
-144.5771,22.02099,14.0,9.403443,0.3289637
-149.4911,22.0136,14.0,1.8172110000000001,-0.7326594
-147.6037,20.87456,14.0,7.6455020000000005,0.6326073
-142.2258,13.91823,14.0,16.29489,0.620131
-140.8165,-0.9960635,14.0,24.3787,0.2865861
-142.7964,-21.943,14.0,32.16222,0.5218670999999999
-141.8763,-36.51361,1.0,7.122771000000001,0.6961563000000001
-143.3452,-45.33742,1.0,16.559479999999997,0.6137325
-154.3522,-55.662519999999994,1.0,24.80104,0.6085371
-162.1927,-71.69911,1.0,26.321479999999998,-0.296575
-146.9836,-73.15651,1.0,25.13721,0.28491690000000003
-135.8929,-68.27689000000001,1.0,1.106203,-2.47658
-135.8592,-68.2794,1.0,0.02619147,0.00032813790000000003
-135.8406,-68.28206,1.0,0.02473482,-0.008140197
-135.8253,-68.28378000000001,1.0,0.01308072,-0.01351582
-136.0492,-70.62833,1.0,4.670818,-0.03010474
-135.6486,-73.87769,1.0,4.068755,-0.06440705
-136.6473,-76.31911,1.0,3.1793299999999998,-0.29790759999999994
-135.3759,-75.59359,1.0,6.641303999999999,0.6072451
-127.2996,-75.60493000000001,1.0,15.438989999999999,0.6017796
-117.1036,-84.56644,1.0,22.794729999999998,0.5660954
-110.3306,-103.0589,1.0,30.1452,0.2138078
-117.5148,-125.5907,1.0,35.42419,0.3099059
-140.7378,-131.4361,1.0,28.655409999999996,-1.2148139999999998
-144.4246,-117.0567,1.0,22.343020000000003,0.42327020000000004
-138.4576,-108.7085,1.0,0.0485765,0.01424783
-138.4582,-108.7256,1.0,0.024820599999999998,0.02415992
-138.4643,-108.7395,1.0,0.1304223,0.208321
-142.0663,-108.1891,1.0,8.193163,0.08443085
-145.7263,-110.8339,1.0,0.3693797,-0.4254473
-144.5586,-107.9311,1.0,8.670985,0.6299266
-147.3603,-99.30266,1.0,16.704,0.5571374
-159.2954,-96.35127,1.0,15.647910000000001,-0.3349304
-166.1502,-105.323,1.0,21.27949,0.6202718
-168.7993,-125.9633,1.0,34.196,0.8353975
-164.5254,-152.9233,1.0,40.75172,-0.33183379999999996
-165.5755,-179.0743,1.0,31.96805,-0.24009499999999998
-167.8716,-203.3784,1.0,40.24072,1.391629
-166.3534,-232.149,1.0,35.47497,-0.2766048
-155.4358,-250.0251,1.0,25.34384,-0.1255154
-135.239,-248.575,1.0,30.60223,0.2816938
-121.9402,-233.9792,1.0,23.64046,-0.23307489999999997
-131.1913,-219.2067,1.0,22.417360000000002,-0.3981297
-123.1933,-205.4355,1.0,19.35737,-0.5023477
-124.9177,-192.3929,1.0,16.79567,-0.1814289
-118.7531,-184.0307,1.0,18.76547,0.7959189
-110.8017,-192.1366,1.0,15.674170000000002,-0.25566880000000003
-110.0613,-202.8023,1.0,13.954,0.2008045
-109.2221,-216.4431,1.0,22.498170000000002,0.2940676
-107.1848,-235.8596,1.0,30.08062,0.5135202
-99.70187,-259.1963,1.0,36.25871,0.32792709999999997
-75.71781999999999,-271.4901,1.0,39.24256,0.09850603
-53.693059999999996,-254.7509,1.0,39.668890000000005,-0.0019222629999999998
-50.57545,-224.3231,1.0,43.96567,0.14219720000000002
-34.90275,-193.7882,1.0,49.09963,0.18584189999999998
-9.624704,-164.7117,1.0,54.83415,0.18034589999999998
11.40755,-128.5772,1.0,54.85624,-2.265011
10.55289,-105.2843,1.0,9.28426,-1.525304
9.788277,-104.2612,1.0,0.4559537,-0.06222804
10.555819999999999,-104.7668,1.0,4.357661,0.4392247
15.02222,-107.1797,1.0,8.533767,-0.06958362
18.530070000000002,-106.9192,1.0,0.06041404,0.2011616
15.356620000000001,-107.9403,1.0,8.857342,0.6377773
6.793864999999999,-111.9388,1.0,15.83557,0.3569636
-0.2502768,-103.4807,1.0,20.33701,0.4107282
0.23110920000000001,-86.11023,1.0,27.04467,0.5052152
-5.0013879999999995,-64.23194000000001,1.0,33.78383,0.4821432
-5.984329,-36.76441,1.0,40.39328,0.22058179999999997
-6.332589,-4.502376,1.0,46.62399,0.2110011
-8.261572,30.78332,1.0,43.06084,-1.5729360000000001
-21.31984,44.56033,1.0,13.5631,-0.8043066
-30.930329999999998,38.134879999999995,1.0,19.32016,0.4795389
-47.75275,39.449259999999995,1.0,26.52021,0.5080912000000001
-69.9796,39.5386,1.0,33.545390000000005,0.4916254
-97.31631999999999,39.800670000000004,1.0,40.19304,0.2252985
-129.0193,40.44742,1.0,40.50006,-0.9094972
-144.5166,27.813779999999998,1.0,17.86693,-0.8594940999999999
-138.7524,24.71344,1.0,10.08661,0.0007235128
-137.7518,24.24305,1.0,0.05729749,-0.02294392
-137.7553,24.205389999999998,1.0,0.349516,0.2644597
-140.9722,24.60701,1.0,8.034575,0.20590029999999998
-148.2996,24.48985,1.0,9.324038,-0.4197166
-151.2024,25.4117,1.0,0.6757154000000001,0.6536615
-148.4003,23.25048,1.0,8.933622999999999,0.2933212
-148.0953,14.278279999999999,1.0,16.20918,0.2538992
-151.5608,0.8234971999999999,1.0,22.24525,0.2333268
-147.1699,-17.61802,1.0,28.901020000000003,0.4725536
-147.1184,-41.11325,2.0,33.99302,-0.201695
-164.8218,-56.73494,2.0,31.75157,-0.3319422
-161.0076,-72.7713,2.0,18.21939,-0.764632
-155.7668,-68.5221,2.0,1.773707,-3.114252
-155.6935,-68.52778,2.0,0.04686794,0.00147216
-155.8175,-68.94532,2.0,3.0810470000000003,0.2724353
-156.3399,-72.47726,2.0,5.005655,-0.02463503
-156.9936,-75.16627,2.0,0.1125729,-0.6655002
-154.2596,-73.12933000000001,2.0,9.38376,0.6696420999999999
-144.999,-75.75709,2.0,17.79474,0.5855916
-132.1902,-82.39845,2.0,18.90155,-0.2707854
-120.0571,-87.41346999999999,2.0,20.73251,0.5981109
-110.5469,-105.3383,2.0,31.303009999999997,-0.1603383
-120.7221,-125.8628,2.0,33.02983,-0.0834015
-141.8065,-128.4779,2.0,24.47115,-1.227165
-141.6706,-115.0537,2.0,22.90181,0.5417937
-143.3522,-102.4478,2.0,19.15064,0.2306426
-158.0455,-103.6379,2.0,19.32183,-0.28374740000000004
-161.0601,-115.4336,2.0,16.67651,0.09036795
-164.285,-128.6905,2.0,22.196479999999998,0.2895753
-165.3502,-148.0861,2.0,30.145,0.5579515
-165.4212,-173.2982,2.0,37.64973,0.5219434000000001
-165.8257,-203.8091,2.0,44.70375,0.5055515
-164.3884,-238.4191,2.0,39.46495,-1.990694
-152.3296,-251.5587,2.0,24.19635,0.2616269
-131.8689,-250.3344,2.0,30.46708,-0.197906
-127.2146,-233.4513,2.0,26.46167,0.6445494
-125.7321,-210.6441,2.0,35.02077,0.47267070000000005
-124.7297,-186.6866,2.0,18.34601,-2.4931200000000002
-116.3659,-184.3856,2.0,14.699710000000001,0.38955809999999996
-110.62200000000001,-195.5724,2.0,21.89049,0.288563
-109.0266,-214.7358,2.0,29.92854,0.5405753000000001
-105.6099,-239.5161,2.0,37.39931,0.49876620000000005
-92.36046,-265.6559,2.0,42.199940000000005,-0.008074049
-64.01491999999999,-266.6484,2.0,41.1237,0.2410645
-48.70882,-241.2585,2.0,42.52233,0.12299500000000001
-46.58141,-207.91400000000002,2.0,47.8954,0.104235
-24.64265,-178.6095,2.0,52.699940000000005,0.44946400000000003
2.171467,-147.4843,2.0,54.80151,-1.511287
7.153255000000001,-124.4061,2.0,17.627489999999998,-0.3334917
-3.4561330000000003,-112.8147,2.0,25.1007,0.49782380000000004
-6.812829,-92.12855,2.0,32.27534,0.2733817
-6.736789999999999,-65.43166,2.0,39.6532,0.250246
-6.887204,-33.43172,2.0,46.5825,0.47860990000000003
-7.340739,3.5068,2.0,53.09629,0.4588238
-13.1956,39.2906,2.0,38.25039,-2.571064
-25.90997,45.893229999999996,2.0,3.177916,-0.7722719
-25.74694,42.69742,2.0,8.760083999999999,0.5712018
-33.958870000000005,40.31165,2.0,16.79704,0.2989025
-48.02109,46.55968,2.0,24.487470000000002,0.23159929999999998
-68.58923,43.76034,2.0,31.934759999999997,0.2847739
-94.98366,41.54892,2.0,39.28516,0.2437364
-126.5846,39.95863,2.0,46.069309999999994,0.44165779999999993
-149.9725,25.6043,2.0,25.634520000000002,-1.124421
-149.2403,19.06857,2.0,3.557271,0.3258667
-144.1737,17.3842,2.0,12.119060000000001,0.6023618000000001
-145.8844,6.146537,2.0,20.11066,0.5847150999999999
-150.253,-9.518377000000001,2.0,25.93638,0.5427601
-145.975,-30.99336,2.0,33.23635,0.5092404
-143.3824,-40.52424,3.0,11.53373,-0.02676735
-148.3848,-48.70105,3.0,17.85744,0.6601654
-159.3986,-53.75719,3.0,14.93912,-0.2291031
-166.5134,-59.369130000000006,3.0,10.992939999999999,-0.2158214
-164.638,-66.65765999999999,3.0,12.34877,0.6419486999999999
-154.4986,-72.43101,3.0,20.11399,0.28773699999999997
-136.8308,-73.16284,3.0,27.71893,0.26500959999999996
-118.2022,-82.69717,3.0,26.03548,-0.4003718
-108.5339,-97.60094000000001,3.0,26.40997,0.5556479
-110.1176,-117.7187,3.0,25.05213,-0.384395
-120.4002,-130.3036,3.0,19.90961,-0.2986881
-136.7011,-132.731,3.0,22.81569,-0.6189340999999999
-144.7299,-115.8402,3.0,32.09874,-0.28174790000000005
-156.9143,-103.4893,3.0,16.55593,-0.24144699999999997
-166.0993,-112.0892,3.0,22.04652,0.5545781999999999
-168.645,-131.1848,3.0,29.974429999999998,0.2654841
-169.4142,-156.1108,3.0,37.27513,0.2428399
-167.285,-186.201,3.0,44.23604,0.4998032
-164.0873,-221.2608,3.0,49.94458,-0.07933366
-158.3667,-253.8798,3.0,37.39313,-1.581106
-138.8925,-256.0085,3.0,26.669990000000002,0.5434391
-125.5479,-238.3482,3.0,32.94725,0.23881079999999996
-128.3989,-212.6422,3.0,37.19381,-0.3113092
-125.5932,-187.3533,3.0,31.03175,-0.6161156
-111.4232,-179.7018,3.0,21.68703,-0.4367398
-110.1191,-195.2016,3.0,25.30242,0.20964179999999996
-104.9407,-215.703,3.0,31.67857,-0.05483051
-105.8196,-237.6276,3.0,27.46968,0.0740196
-103.0624,-260.8067,3.0,36.28625,0.23079729999999998
-80.32693,-271.1725,3.0,37.15739,0.41969399999999996
-61.325540000000004,-268.6875,3.0,14.29691,-1.0282209999999998
-56.19869,-266.6961,3.0,1.274045,-0.32314440000000005
-57.10355,-267.3345,3.0,0.9535964,-0.17870899999999998
-56.36235,-266.67900000000003,3.0,4.585243,0.44895909999999994
-53.17815,-263.0196,3.0,7.782353,0.09998871
-48.40229,-263.3969,3.0,3.4322839999999997,-0.8337280999999999
-48.9378,-262.3169,3.0,6.243701000000001,0.6365885
-49.926790000000004,-254.8354,3.0,14.50123,0.606654
-46.501129999999996,-241.5865,3.0,22.336129999999997,0.5455738
-43.72762,-222.5232,3.0,29.64429,0.26935
-40.76354,-198.1018,3.0,36.47332,0.1955556
-24.913529999999998,-175.3411,3.0,40.88644,0.2229237
-5.505669999999999,-156.7429,3.0,25.650129999999997,-0.7935189
7.302617999999999,-146.5058,3.0,19.61828,-0.1849297
11.8078,-135.035,3.0,14.87474,-0.2771367
7.842905,-124.0044,3.0,19.38905,0.5066594
-2.183863,-110.2714,3.0,26.62327,0.2605928
-9.217915,-89.01454,3.0,33.56023,0.46802829999999995
-10.02655,-61.86987,3.0,39.97316,0.4767179
-5.530429,-30.140109999999996,3.0,46.41171,0.8732625
-3.46221,1.251096,3.0,32.226209999999995,-2.484928
-4.681169000000001,14.00182,3.0,4.289655000000001,-0.6372893
-5.459868,18.30185,3.0,10.23604,0.6482868
-8.363142999999999,28.59797,3.0,18.53558,0.5598978
-19.38725,40.25768,3.0,25.6649,0.5533703000000001
-40.023709999999994,44.95892,3.0,32.20221,0.2470002
-66.49635,44.65435,3.0,39.10872,0.23059179999999996
-97.83864,42.780390000000004,3.0,45.64099,0.4569931
-131.1443,38.847970000000004,3.0,41.41049,-1.2991549999999998
-150.4277,22.32423,3.0,33.13945,-0.5346816999999999
-143.6243,-1.361359,3.0,35.197590000000005,0.33529990000000004
-144.6204,-29.654909999999997,3.0,41.27732,0.4730073
-151.5651,-53.04314,4.0,20.56281,-1.7953919999999999
-165.3231,-55.77905,4.0,19.189870000000003,-0.02897897
-164.0906,-68.40002,4.0,22.55312,0.4917272
-146.0406,-72.52727,4.0,29.014020000000002,0.5210394
-123.7218,-79.60791,4.0,35.04137,0.3537984
-108.5095,-102.2012,4.0,39.309329999999996,-0.07003503
-118.8403,-127.2771,4.0,37.26517,0.1073866
-141.9138,-128.4036,4.0,31.212490000000003,-0.46767359999999997
-144.3403,-106.8706,4.0,30.6962,-0.2179565
-156.0608,-99.17299999999999,4.0,17.001620000000003,0.6282633000000001
-166.0581,-110.6697,4.0,25.00668,0.48106689999999996
-169.5163,-131.6308,4.0,32.31539,0.5231974
-169.4878,-157.9588,4.0,39.01878,0.4824958
-166.6536,-189.2029,4.0,45.522870000000005,0.2283799
-163.5248,-224.9277,4.0,49.1905,-0.1808442
-158.7708,-250.9313,4.0,20.94864,-0.445795
-145.8136,-257.5947,4.0,22.32629,0.2634562
-130.8241,-251.078,4.0,26.13079,0.2328199
-125.16,-229.6768,4.0,33.103629999999995,0.20028870000000001
-128.7868,-203.293,4.0,39.08817,0.3847131
-118.0182,-178.2919,4.0,34.8501,-0.7874714
-99.65247,-184.5542,4.0,24.70879,-0.3102667
-109.3099,-195.2562,4.0,23.75093,0.3235499
-114.5549,-201.551,4.0,0.02199084,-0.03163839
-114.5549,-201.5537,4.0,0.01495058,0.01800865
-112.9592,-201.7878,4.0,4.7920419999999995,0.4005165
-109.7806,-198.9833,4.0,4.323741,-0.3459846
-109.649,-198.8393,4.0,3.625082,0.5159367
-108.7603,-204.0996,4.0,10.739980000000001,0.5224776
-106.6685,-214.3683,4.0,17.38939,0.4539502
-105.1538,-229.4609,4.0,23.568479999999997,0.41993279999999994
-105.6571,-249.0665,4.0,29.1228,0.344434
-94.26071999999999,-268.3559,4.0,32.690670000000004,0.06040565
-69.95083000000001,-270.4069,4.0,35.6559,0.2818423
-50.27496,-253.2689,4.0,36.8448,-0.01743872
-49.025940000000006,-224.4537,4.0,40.928940000000004,0.2510275
-39.814,-194.0638,4.0,45.05008,0.2271427
-17.2073,-168.8682,4.0,46.35112,-0.2453417
2.9264229999999998,-150.4837,4.0,23.09743,-0.467996
12.20125,-139.2113,4.0,16.57809,-0.47164480000000003
8.793528,-125.4992,4.0,24.21694,0.3914417
-3.2181599999999997,-109.5563,4.0,29.54097,0.3630615
-9.616325,-86.59888000000001,4.0,34.755959999999995,0.17737979999999998
-10.00126,-59.08579,4.0,39.6739,0.3483113
-4.511051,-28.39769,4.0,44.400290000000005,0.3437447
-2.0152759999999996,5.831849,4.0,48.19712,0.205765
-11.10678,33.28437,4.0,27.46538,0.9366656999999999
-30.31271,43.27941,4.0,32.01635,0.2776113
-55.825680000000006,43.33563,4.0,37.10999,0.3726162
-85.21095,43.1559,4.0,42.06989,0.3515864
-117.0573,40.3579,4.0,41.88755,-0.5108956
-137.8817,36.909890000000004,4.0,14.29294,-0.3914848
-146.2083,27.85923,4.0,20.01145,0.21048939999999997
-147.688,11.08601,4.0,25.76066,0.4235366
-143.5564,-9.680551,4.0,31.39848,0.1969592
-142.3879,-34.481629999999996,5.0,33.37373,-0.8038516
-154.1101,-51.32633,5.0,27.18934,0.1450855
-168.7454,-63.09571,5.0,20.663429999999998,-1.187565
-159.4258,-69.59113,5.0,15.646189999999999,-0.02627468
-144.9823,-71.90366999999999,5.0,23.58727,0.4399942
-126.1479,-77.40534,5.0,29.29063,0.3915792
-109.6,-93.02113,5.0,33.18014,0.16705479999999998
-111.0464,-117.4701,5.0,33.46608,-0.1995932
-127.0053,-132.9558,5.0,27.990909999999996,-0.3763732
-141.5718,-125.3075,5.0,23.87894,0.1660701
-148.7211,-107.2389,5.0,28.947609999999997,0.33357329999999996
-164.4846,-102.0458,5.0,17.5578,-0.5058843
-164.5637,-113.846,5.0,17.57956,0.5279415
-167.2369,-130.1807,5.0,27.77621,1.224964
-168.6289,-157.716,5.0,44.72268,0.5343399999999999
-164.6313,-192.7878,5.0,50.886309999999995,0.5133291
-164.2498,-225.2937,5.0,28.56918,-1.261347
-163.0146,-241.0735,5.0,18.291829999999997,-0.4153577
-158.6339,-251.8027,5.0,15.02339,0.21780029999999997
-146.1555,-260.0006,5.0,25.00978,0.350113
-129.6853,-249.5213,5.0,32.79418,0.4718988
-125.8088,-221.6187,5.0,42.15737,0.46113630000000005
-128.7293,-196.9208,5.0,21.46146,-0.25961710000000005
-123.8685,-184.7466,5.0,15.02941,0.1717997
-109.8816,-183.3591,5.0,24.18192,0.1465465
-102.4447,-199.5719,5.0,28.753909999999998,0.8407530000000001
-103.855,-224.4175,5.0,36.50808,0.2499212
-105.3869,-250.9637,5.0,32.6942,-0.5654627
-94.36192,-268.9182,5.0,30.599290000000003,0.26381540000000003
-70.82954000000001,-270.9361,5.0,34.58102,0.2687297
-52.04477,-254.2038,5.0,36.418009999999995,0.11724180000000001
-47.49915,-225.7451,5.0,41.14092,0.35305529999999996
-40.7036,-194.3837,5.0,45.5204,0.24146679999999995
-19.414460000000002,-167.5104,5.0,47.80854,-0.2821991
-2.534912,-155.8353,5.0,13.804079999999999,-0.34177029999999997
4.439446,-150.9469,5.0,9.305372,-0.3109716
8.664480000000001,-147.1712,5.0,7.730824,0.5123501
12.835180000000001,-140.1429,5.0,14.423810000000001,0.46012190000000003
10.56391,-127.7171,5.0,20.40142,0.4247497
0.27530879999999996,-113.8425,5.0,26.230759999999997,0.40241140000000003
-7.8426149999999994,-93.9926,5.0,31.6651,0.3771825
-10.639489999999999,-68.87508000000001,5.0,36.73744,0.3406088
-6.109925,-40.22827,5.0,41.58126,0.1765866
-1.619472,-8.002713,5.0,46.216029999999996,0.14157650000000002
-4.495024,19.12885,5.0,24.42012,-3.9166809999999996
-7.925677,27.785970000000002,5.0,13.83015,1.094765
-15.46677,37.864340000000006,5.0,20.1185,0.4005437
-30.98194,44.48653,5.0,25.75656,0.205848
-52.12397,45.22652,5.0,31.384,0.424724
-77.36402,44.41698,5.0,36.74902,0.37686479999999994
-106.4146,42.45005,5.0,41.75073,0.3501267
-132.2809,39.57022,5.0,21.426,-2.306837
-144.3027,30.75378,5.0,23.48367,0.3762959
-147.9946,11.92481,5.0,28.712290000000003,0.3941779
-143.2791,-10.83583,5.0,34.03624,0.3567578
-142.8786,-35.61225,6.0,26.38895,-1.555504
-146.8809,-46.246390000000005,6.0,15.04255,1.059728
-157.3363,-54.47421,6.0,17.23382,-0.20953850000000002
-165.7827,-60.38825,6.0,12.2659,0.0009723364
-161.2379,-70.98898,6.0,21.852320000000002,0.7492061
-141.3362,-71.57075999999999,6.0,34.17426,0.6214495
-116.1685,-84.00046999999999,6.0,41.961940000000006,-0.21183470000000001
-111.9969,-109.2298,6.0,28.9233,-2.10255
-117.1579,-119.7159,6.0,11.294830000000001,0.3365486
-122.3154,-130.6345,6.0,18.550320000000003,-0.538972
-134.8643,-133.4709,6.0,20.89142,0.2149291
-144.567,-120.2096,6.0,26.4057,0.5338874
-148.8441,-105.5793,6.0,8.282852,-1.2682129999999998
-153.9418,-101.8368,6.0,11.82991,0.719089
-164.1886,-103.0093,6.0,15.429860000000001,-0.01147468
-167.3283,-116.6313,6.0,25.23309,1.001555
-168.9264,-140.4332,6.0,38.43882,0.4184198
-168.2486,-173.1661,6.0,49.5955,0.7458846
-164.4651,-212.4198,6.0,52.10642,-0.39529559999999997
-162.7738,-246.3951,6.0,37.9716,-1.181638
-146.9023,-258.2353,6.0,23.456999999999997,-0.5227735
-132.7949,-253.2509,6.0,20.41262,0.29458249999999997
-125.5141,-236.7555,6.0,27.517609999999998,0.39592849999999996
-126.2175,-214.4557,6.0,32.859840000000005,0.3961719
-128.2357,-189.6102,6.0,28.42408,-1.796259
-117.8334,-182.1026,6.0,19.85189,0.19594129999999998
-105.2429,-191.4013,6.0,24.38349,0.3331453
-102.6927,-211.1364,6.0,29.715320000000002,0.39164879999999996
-105.3291,-235.0186,6.0,35.14397,0.3853757
-102.6911,-262.3555,6.0,38.56769,-0.1314007
-80.23821,-272.0418,6.0,31.47945,-0.5914024
-60.47484,-266.8066,6.0,23.89414,-0.5519086
-49.86629,-253.705,6.0,27.70447,0.1910187
-46.01206,-231.3846,6.0,33.24106,0.3825212
-43.02763,-204.9991,6.0,38.420120000000004,0.1648496
-31.46384,-178.3321,6.0,41.004670000000004,0.183283
-7.798306,-160.6471,6.0,30.651690000000002,-2.3704560000000003
3.005595,-152.4151,6.0,12.45203,-0.1681417
9.596027000000001,-146.1546,6.0,13.298820000000001,0.26981479999999997
12.7872,-134.7469,6.0,20.51031,0.6189584
2.961648,-119.3356,6.0,31.221890000000002,0.5311994000000001
-7.977672999999999,-93.7229,6.0,45.07285,0.9840546999999998
-8.907074,-55.662980000000005,6.0,57.48843000000001,0.39828040000000003
-1.4728450000000002,-11.54836,6.0,60.51793000000001,-1.109668
-5.543353,20.69381,6.0,23.78541,-1.775463
-12.639000000000001,35.063559999999995,6.0,23.375629999999997,0.20781599999999997
-30.8484,44.29698,6.0,33.68633,0.9588343
-61.15906999999999,44.92433,6.0,48.56836,1.049507
-102.1335,43.052440000000004,6.0,58.29246,-1.396451
-125.6489,39.65044,6.0,14.48086,-0.38276659999999996
-135.7602,37.50359,6.0,18.29221,0.6909841
-147.0027,26.12588,6.0,25.13443,0.34578309999999995
-146.6422,5.5633,6.0,30.58516,0.40882909999999995
-141.6753,-18.65202,6.0,35.87662,0.32006799999999996
-141.9919,-35.64886,7.0,8.618114,0.25345239999999997
-144.0656,-44.31297,7.0,15.307820000000001,0.4394674
-154.3947,-52.467380000000006,7.0,21.14408,0.43113320000000005
-167.4379,-62.14593000000001,7.0,20.917070000000002,-0.33017929999999995
-165.0051,-73.9436,7.0,15.66845,0.1570034
-153.0657,-76.66651999999999,7.0,18.93355,0.2800475
-138.7083,-73.15247,7.0,20.82246,0.1885152
-122.60700000000001,-76.95707,7.0,26.22287,1.1643370000000002
-109.1829,-93.8017,7.0,31.61447,0.0995694
-112.0351,-117.74600000000001,7.0,34.900529999999996,0.07749450000000001
-133.8329,-131.7803,7.0,36.313790000000004,-0.3665178
-147.5579,-122.0269,7.0,15.565829999999998,-0.3391593
-143.1149,-114.7994,7.0,12.85458,0.9062431000000001
-147.8176,-104.0751,7.0,16.46377,-0.09248492
-160.3032,-102.5692,7.0,20.70101,0.2250895
-166.3559,-115.6144,7.0,19.795820000000003,0.01595314
-166.2723,-132.3721,7.0,26.63533,0.3776796
-169.1532,-157.2225,7.0,40.86866,0.9817968
-169.886,-192.1753,7.0,53.15789,0.8005399000000001
-168.4432,-231.1064,7.0,47.47188,-0.7000725
-156.0865,-252.7649,7.0,27.450190000000003,-0.4039382
-138.8354,-253.6602,7.0,21.65635,0.28640170000000004
-126.4411,-243.1998,7.0,25.062260000000002,0.763832
-126.0063,-220.9214,7.0,33.29189,0.41070039999999997
-126.1113,-194.3224,7.0,38.235890000000005,-0.02341479
-117.46700000000001,-179.6527,7.0,14.257129999999998,-0.2575542
-110.0823,-188.3805,7.0,20.364279999999997,0.4512634
-108.9183,-205.6734,7.0,26.360120000000002,0.410732
-108.6087,-227.3192,7.0,32.03883,0.3815117
-105.226,-252.4714,7.0,36.57871,0.12090219999999999
-85.45609,-271.3098,7.0,39.10535,0.05098567
-58.32663,-265.8696,7.0,39.31901,0.004925878
-49.45754,-238.6319,7.0,41.40651,0.3488468
-44.9399,-206.8378,7.0,45.06004,0.04564915
-23.48861,-180.1258,7.0,48.591,0.15632390000000002
1.135901,-151.6618,7.0,49.700070000000004,-2.0099549999999997
8.817223,-127.6663,7.0,23.98649,-0.6807613
-2.056021,-111.2463,7.0,30.70458,0.17750770000000002
-5.292154,-85.19994,7.0,43.76493,0.6971050999999999
-0.9207304000000001,-46.46843,7.0,60.87165,1.123505
-1.9110040000000001,2.25407,7.0,63.73319,-1.010468
-10.58825,37.92882,7.0,34.29652,-1.220954
-32.69319,41.01324,7.0,36.12593,0.6812923000000001
-62.17811,40.459740000000004,7.0,42.343740000000004,0.35840559999999994
-95.34501999999999,40.69995,7.0,47.00725,0.1566161
-131.4338,40.24156,7.0,47.80688,-0.28025209999999995
-147.4531,24.02794,7.0,28.41603,0.2389598
-145.3187,1.033282,7.0,33.7695,0.40410959999999996
-145.5048,-25.90381,7.0,38.92942,0.16986220000000002
-154.4855,-52.65416999999999,8.0,36.26218,-0.6330826999999999
-168.3932,-66.21145,8.0,20.39817,0.6803524000000001
-157.3475,-78.76723,8.0,27.541929999999997,0.09817289
-135.32299999999998,-77.13091,8.0,32.178909999999995,0.08505623
-115.384,-90.2133,8.0,34.91217,0.09534632
-112.3854,-115.8673,8.0,36.991609999999994,0.0491254
-133.4641,-131.9949,8.0,36.26615,-1.4361329999999999
-146.6915,-127.5842,8.0,3.278953,-0.8713741
-143.7623,-125.0987,8.0,9.067714,0.5013010999999999
-142.0489,-116.4355,8.0,15.553629999999998,0.4395934
-149.6635,-105.3031,8.0,21.38129,0.1986645
-165.0192,-105.6909,8.0,23.65223,0.03634454
-167.05200000000002,-123.8312,8.0,27.954490000000003,0.40701390000000004
-168.2982,-146.4221,8.0,33.25306,0.3886272
-171.1685,-172.72,8.0,38.21937,0.3379789
-169.176,-202.8917,8.0,43.08593,0.3541281
-167.5435,-236.4102,8.0,46.81886,-0.2919025
-148.33100000000002,-256.8513,8.0,34.87565,-1.268166
-130.5187,-246.2043,8.0,28.953409999999998,0.22772759999999997
-127.1923,-223.1119,8.0,34.39154,0.1871033
-126.7056,-195.7454,8.0,38.94112,-0.07829610000000001
-115.8949,-179.4704,8.0,16.60516,-0.3246105
-107.8658,-187.8037,8.0,19.55035,0.4437412
-106.7514,-204.46599999999998,8.0,25.555220000000002,0.2081158
-106.0664,-225.6069,8.0,31.30288,0.42327570000000003
-103.9139,-250.5596,8.0,36.22053,0.131942
-86.38214,-270.8521,8.0,38.43893,0.04270044
-59.643809999999995,-266.5136,8.0,39.0676,0.1808565
-47.6457,-240.6045,8.0,41.200070000000004,0.33208730000000003
-44.6584,-208.5454,8.0,45.51997,0.07103755
-24.927960000000002,-181.6391,8.0,47.39141,0.33075170000000004
-0.5807778,-154.216,8.0,50.85191,-0.3719653
7.936404,-124.9972,8.0,34.30925,-0.7198207
-6.321239,-102.1732,8.0,39.46741,-0.2685387
-3.237923,-72.82433,8.0,42.266709999999996,0.1605592
-1.234618,-39.81838,8.0,46.84908,0.3328525
-1.73425,-3.489123,8.0,51.22466,0.1433796
-7.937842,33.16183,8.0,42.49667,-2.354149
-25.05368,42.486740000000005,8.0,11.48498,-2.4371669999999996
-27.008570000000002,38.4348,8.0,8.643147,0.47276239999999997
-34.80798,38.81617,8.0,14.904860000000001,0.23439120000000002
-44.27541,48.07493,8.0,20.36086,0.26878509999999994
-48.02641,48.58663,8.0,0.02195964,-0.009372591
-48.15913,48.1308,8.0,3.032006,0.46585479999999996
-48.18808,44.79891,8.0,5.266331,-0.08453816
-47.29802,43.40865,8.0,2.773919,0.6968012
-52.09811,46.05993,8.0,11.90692,0.3228833
-64.01396,45.372170000000004,8.0,20.480529999999998,0.6155453000000001
-82.09982,43.17494,8.0,28.53748,0.5726816
-105.956,42.62839,8.0,35.963429999999995,0.5082647
-134.1869,41.30988,8.0,39.65173,-0.29300440000000005
-144.1756,16.08938,8.0,41.354,0.3316918
-146.4336,-17.6225,8.0,48.69954,0.02787814
-142.0268,-34.52324,9.0,2.736863,-0.02847325
-142.8396,-38.23369,9.0,10.80002,0.3245642
-147.0945,-47.15858,9.0,13.04993,-0.10704000000000001
-154.2466,-52.23641,9.0,13.10919,0.8440240999999999
-163.7245,-55.63607,9.0,12.16348,-0.25092800000000004
-166.9099,-62.629540000000006,9.0,11.46193,0.3852801
-159.1676,-72.43283000000001,9.0,20.4123,-0.3838641
-145.8825,-73.03638000000001,9.0,16.25827,-0.2438399
-133.746,-73.71710999999999,9.0,21.522070000000003,1.241559
-117.3038,-81.97108,9.0,25.835910000000002,0.02941424
-107.8508,-98.54899999999999,9.0,25.962429999999998,-0.244152
-108.2662,-113.22200000000001,9.0,12.50582,-0.1882453
-111.1549,-121.5128,9.0,14.43005,1.17866
-120.5378,-132.7158,9.0,20.58014,-0.18614370000000002
-133.605,-134.4489,9.0,16.21566,-0.2749375
-142.9769,-126.6996,9.0,21.53206,0.285144
-148.9427,-108.7178,9.0,28.706609999999998,-2.0137959999999997
-158.4374,-99.35978,9.0,14.38665,-0.3704179
-165.5191,-105.6393,9.0,17.384339999999998,0.5969462
-168.1362,-124.0366,9.0,32.387229999999995,0.48477120000000007
-169.0012,-152.7164,9.0,43.47206,0.1778678
-166.7245,-186.4209,9.0,47.37588,0.2097374
-163.6472,-220.0326,9.0,41.70636,-0.5601728
-161.5888,-245.2004,9.0,27.165570000000002,-0.251716
-150.4047,-258.365,9.0,21.19294,-0.34669279999999997
-137.1534,-258.4854,9.0,18.66778,0.42321670000000006
-126.7554,-242.8741,9.0,32.9835,0.9334235000000001
-126.2408,-216.2892,9.0,35.58313,-0.2480574
-128.7921,-196.0315,9.0,16.9102,-0.6744266999999999
-126.4953,-185.4756,9.0,13.01845,-0.2649249
-115.6822,-181.7696,9.0,19.411179999999998,0.04836591
-104.9063,-188.1877,9.0,15.34644,-0.255712
-102.4513,-201.4659,9.0,25.356170000000002,0.5585825
-104.1911,-224.7415,9.0,36.22292,0.5592937
-105.4115,-252.0609,9.0,36.06382,-0.194733
-91.11176999999999,-271.5537,9.0,32.64956,0.006187745
-67.44983,-270.5105,9.0,32.37595,-0.06862491
-51.33238,-253.6557,9.0,33.96817,0.38569990000000004
-46.55729,-228.05,9.0,36.30151,0.1726238
-42.12292,-201.4405,9.0,35.18237,-0.16420099999999999
-32.578179999999996,-179.4183,9.0,29.992209999999996,-0.23983110000000002
-17.529220000000002,-166.2439,9.0,24.36957,-0.18469170000000001
-3.7425910000000004,-157.0492,9.0,20.62096,-0.2939107
7.548489999999999,-148.7953,9.0,18.394000000000002,0.09043853
12.533760000000001,-134.3323,9.0,24.25177,0.1243634
2.056449,-117.7485,9.0,29.056929999999998,0.15484620000000002
-7.978517999999999,-98.53238,9.0,29.87777,0.06240175
-11.27277,-76.28133000000001,9.0,31.7689,0.3350941
-9.06198,-51.41917,9.0,34.97952,0.1230267
-4.402096,-25.43244,9.0,36.209309999999995,0.028887299999999998
-1.8671470000000001,1.178549,9.0,33.950179999999996,-1.076922
-5.338461,21.268639999999998,9.0,22.61279,-0.6144016999999999
-11.866019999999999,34.591590000000004,9.0,22.6294,0.7260549
-28.890420000000002,44.35394,9.0,30.429940000000002,0.2440255
-53.9757,44.130759999999995,9.0,37.49675,0.5357255
-84.46581,44.23579,9.0,44.44684,0.2393995
-119.1948,41.25956,9.0,46.84705,-1.148242
-144.58,31.700390000000002,9.0,34.80806,-0.107097
-143.8842,6.299126,9.0,38.13593,0.5107008
-142.3462,-23.55655,9.0,38.07678,-1.475076
-145.5021,-40.9416,10.0,16.220589999999998,-0.2332344
-153.5464,-52.15591,10.0,18.83563,-0.16532420000000003
-164.6492,-57.83363000000001,10.0,14.971260000000001,-0.314481
-165.8772,-67.39114000000001,10.0,16.536089999999998,0.3233851
-154.7781,-73.20371999999999,10.0,18.03828,0.08829011
-141.2463,-72.63084,10.0,17.573220000000003,-0.08366719
-126.4694,-76.37814,10.0,25.69237,0.5659295
-110.4634,-90.29457,10.0,32.30997,0.424016
-108.749,-115.4988,10.0,36.204,-0.49869659999999993
-121.2015,-131.4032,10.0,22.92839,-0.1838276
-135.8587,-132.9242,10.0,17.977929999999997,-0.1755428
-144.5065,-122.5688,10.0,22.68799,0.6130035
-149.2801,-106.1333,10.0,14.784289999999999,-2.990811
-152.6464,-102.4773,10.0,9.379736999999999,0.5873436
-161.7917,-101.3322,10.0,16.425710000000002,0.4071941
-167.5369,-113.8556,10.0,22.84564,0.5227276
-168.6863,-133.4334,10.0,29.8818,0.4884915
-168.6784,-158.0906,10.0,35.23478,0.08521211
-167.6525,-185.796,10.0,39.28476,0.14442570000000002
-164.7906,-214.4495,10.0,35.8737,-0.5883304
-163.52700000000002,-238.2903,10.0,28.7721,-0.2472788
-155.89600000000002,-254.8159,10.0,21.82209,-0.2340025
-140.7028,-259.513,10.0,23.89227,0.02725845
-128.7316,-247.1047,10.0,25.899520000000003,0.09487943
-124.6656,-227.3053,10.0,29.056409999999996,0.2121901
-127.2915,-205.4719,10.0,27.607490000000002,-0.4573732
-127.9429,-191.0968,10.0,15.519520000000002,-0.3093784
-123.4734,-182.896,10.0,12.43952,0.2349929
-112.1127,-182.7762,10.0,18.14493,0.1911182
-103.3957,-192.06900000000002,10.0,18.7324,0.1705442
-103.4554,-206.8813,10.0,21.24539,0.1858921
-104.5306,-222.9315,10.0,21.74858,-0.01415281
-105.988,-241.3983,10.0,28.41538,0.43753109999999995
-102.4732,-262.7649,10.0,29.283920000000002,-0.10309829999999999
-82.60157,-272.6755,10.0,35.367059999999995,0.489388
-56.76375,-264.0039,10.0,38.297270000000005,-0.1055126
-48.36033,-236.6422,10.0,42.12219,0.3986205
-43.27363,-205.2845,10.0,40.77475,-0.33534390000000003
-32.86159,-180.5639,10.0,32.14832,-0.5677764
-17.15616,-166.4688,10.0,25.42685,-0.2306061
-5.969544,-158.6476,10.0,12.63746,0.0125741
4.396184,-151.2271,10.0,20.14368,-0.36444709999999997
13.12685,-139.6571,10.0,22.79707,0.5542123000000001
5.645989,-122.2702,10.0,29.562079999999998,0.4885714
-7.082255,-102.3482,10.0,35.23036,0.4528197
-10.4447,-77.95515,10.0,31.103040000000004,0.4870004
-8.677518,-52.57665,10.0,37.56098,0.23383099999999998
-4.337243,-22.72888,10.0,43.64437,0.21505470000000002
-2.540377,11.422039999999999,10.0,48.38478,-0.01223302
-17.80375,39.69234,10.0,42.55686,0.01822816
-49.79074,44.8274,10.0,46.65998,0.415466
-86.36783,44.09032,10.0,52.01234,0.3845995
-124.25200000000001,40.09713,10.0,44.545120000000004,-0.7435176
-147.9163,25.92379,10.0,37.25459,-0.1348345
-143.0941,-1.173033,10.0,40.11786,0.3716326
-143.468,-30.7274,10.0,34.14801,-1.423417
-154.9681,-53.13224,11.0,36.25888,0.21975340000000002
-170.0424,-72.20827,11.0,26.8828,-0.5958351
-159.675,-79.78579,11.0,20.14527,0.33741740000000003
-146.3056,-69.57124,11.0,25.489810000000002,0.1824586
-127.3828,-76.9189,11.0,31.07028,0.49664670000000005
-111.24600000000001,-93.19242,11.0,30.88325,0.4687651
-111.7461,-117.6515,11.0,34.666740000000004,0.0027697679999999997
-126.5584,-132.5434,11.0,27.68739,0.2973908
-144.1609,-122.7915,11.0,31.308809999999998,0.14174489999999998
-147.24200000000002,-103.8897,11.0,10.47171,-1.254921
-156.8703,-100.6474,11.0,20.40081,0.6702697
-166.7805,-113.1223,11.0,25.776970000000002,0.22199720000000003
-166.1377,-134.6721,11.0,32.44062,0.4919446
-168.4787,-160.9617,11.0,38.63091,0.4253800999999999
-165.8791,-191.667,11.0,44.63,0.4322177
-163.3738,-226.3997,11.0,46.94875,-0.37392270000000005
-156.3657,-253.8938,11.0,29.521729999999998,-0.6724965999999999
-136.4583,-258.7668,11.0,29.91896,-0.46441229999999994
-126.2944,-239.2736,11.0,33.3406,0.43941759999999996
-126.6367,-212.3293,11.0,39.30109,0.2145026
-125.928,-186.2017,11.0,32.21861,-1.266916
-109.3319,-182.4431,11.0,24.25994,-0.2836754
-107.5922,-200.9558,11.0,28.74847,0.4357403
-105.7433,-224.3876,11.0,34.87525,0.4521441
-106.1221,-252.3169,11.0,40.24462,0.2356127
-86.57423,-272.2729,11.0,39.109970000000004,0.03063741
-57.7635,-264.9712,11.0,41.885659999999994,-0.1357886
-46.75742,-236.4795,11.0,44.31022,0.1956589
-41.722359999999995,-201.8824,11.0,49.80622,0.1453644
-22.44266,-170.5305,11.0,47.86316,-1.4784469999999998
1.3800370000000002,-154.5561,11.0,32.43626,-0.5669101
12.24059,-137.1583,11.0,24.24365,-0.5499598000000001
5.360297,-120.8611,11.0,27.29024,0.5045615
-6.248221,-101.7372,11.0,33.38167,0.2137895
-10.37235,-75.08904,11.0,39.53816,0.412792
-7.3812940000000005,-43.810159999999996,11.0,45.28127,0.4205937
-1.892052,-8.64747,11.0,50.72221,0.3356264
-7.971472,29.100590000000004,11.0,49.30208,-1.047144
-36.348209999999995,45.59346,11.0,46.309129999999996,0.10737060000000001
-72.59945,42.33643,11.0,51.66735,0.3845376
-112.6265,41.01725,11.0,54.11826,-0.5030978
-144.8332,30.856479999999998,11.0,42.2302,-0.42215
-146.5455,2.11547,11.0,41.82184,0.43832390000000004
-142.7467,-30.05987,11.0,43.97119,-0.5135267
-154.6882,-51.84093,12.0,27.2424,0.006112055
-168.7166,-64.01779,12.0,24.4794,-1.228009
-155.2054,-72.04646,12.0,25.96936,0.24698820000000002
-133.7673,-72.79275,12.0,32.2555,0.4086117
-112.5205,-86.91599000000001,12.0,37.25424,0.24810610000000002
-108.0373,-113.4307,12.0,33.575520000000004,-1.1162450000000002
-122.1286,-129.3484,12.0,27.26805,-0.5126179
-138.9662,-131.9749,12.0,22.58955,0.42412730000000004
-146.4593,-116.2821,12.0,27.6319,0.2426495
-155.75799999999998,-100.8378,12.0,21.30844,0.11160910000000002
-167.11900000000003,-108.0409,12.0,22.97397,0.8978033999999999
-167.1083,-130.2424,12.0,35.6256,0.44965600000000006
-168.9069,-158.7063,12.0,41.362559999999995,0.41284
-166.4968,-191.5546,12.0,47.16492,0.4290492
-164.4555,-228.415,12.0,51.23315,-1.114266
-152.9695,-256.8183,12.0,34.540240000000004,-1.331038
-133.8773,-251.8831,12.0,29.24635,0.3189401
-126.8894,-229.4627,12.0,34.67023,0.4908832
-127.2353,-202.4183,12.0,34.38288,-0.16529449999999998
-121.5943,-180.984,12.0,29.51063,-0.3120236
-106.5586,-188.25599999999997,12.0,24.442079999999997,0.07794224
-110.3831,-207.9021,12.0,30.26897,0.4664218
-109.2242,-232.767,12.0,36.780840000000005,0.4675134
-102.5575,-261.1885,12.0,41.66928,-0.02951719
-76.70158,-271.2411,12.0,40.38658,0.35976009999999997
-49.085370000000005,-258.3458,12.0,40.34754,-0.6213396
-50.39056,-233.672,12.0,31.929000000000002,-0.13394520000000001
-52.91121,-218.7834,12.0,7.658886,-0.5259023
-53.33325,-215.02599999999998,12.0,2.001647,-0.3684427
-52.49958,-216.674,12.0,6.864225,0.2850768
-45.60223,-217.9201,12.0,13.8942,0.4631237
-41.91852,-207.9844,12.0,13.33796,-0.1335729
-41.23687,-196.6484,12.0,20.05189,0.5281996999999999
-34.880109999999995,-180.53400000000002,12.0,26.869559999999996,0.4683164000000001
-18.33553,-165.8032,12.0,33.26514,0.45020150000000003
4.064668,-151.2483,12.0,37.38645,-0.12903779999999998
11.48527,-129.0567,12.0,28.5368,-0.04879181
-2.383011,-108.4837,12.0,41.11828,1.153324
-10.67141,-74.3131,12.0,52.57051,0.1421865
-5.162547,-33.987970000000004,12.0,57.37436999999999,0.16126010000000002
-2.789377,9.043805,12.0,52.81004,-2.0176990000000004
-12.846160000000001,34.95536,12.0,34.98345,0.18166110000000002
-36.8998,45.827220000000004,12.0,38.58927,0.3137645
-67.49162,44.391690000000004,12.0,44.295840000000005,0.2036037
-102.3557,42.73639,12.0,49.8491,0.1871401
-138.6046,37.631159999999994,12.0,47.77987,-0.1330024
-152.7354,16.959139999999998,12.0,17.10214,-0.7710975
-153.4486,12.634780000000001,12.0,3.097692,0.6417005
-148.5473,11.00052,12.0,11.24125,0.5352001999999999
-146.4277,0.26639440000000003,12.0,18.87223,0.2654466
-143.8654,-16.2782,12.0,26.090889999999998,0.2451795
-141.9346,-33.83067,13.0,4.559366000000001,0.631787
-143.3987,-40.065059999999995,13.0,12.690710000000001,0.2920855
-150.8419,-49.50306,13.0,20.07495,0.5038645
-165.2674,-58.983909999999995,13.0,25.73079,-0.3944063
-163.8202,-73.25584,13.0,17.72464,-0.28892740000000006
-150.6153,-75.63616,13.0,21.326620000000002,0.41928290000000007
-136.1586,-72.24519000000001,13.0,18.52795,0.3588361
-119.9493,-77.12576,13.0,26.513140000000003,0.41836590000000007
-107.7681,-94.55861,13.0,32.121190000000006,0.37884609999999996
-111.5752,-118.9765,13.0,36.29795,0.27757790000000004
-134.6605,-132.5088,13.0,34.63348,-1.739952
-145.8552,-123.3681,13.0,9.288045,-1.710727
-140.2491,-122.963,13.0,10.85985,-0.02577514
-139.6883,-122.7463,13.0,5.837754,0.4360023
-144.9361,-126.2582,13.0,9.453775,-0.23355839999999997
-145.5175,-129.0944,13.0,1.445704,0.6735085
-144.1399,-124.8845,13.0,10.54619,0.6127978000000001
-139.9829,-115.0018,13.0,18.45971,0.2561486
-146.4914,-100.7591,13.0,25.01439,0.175086
-163.274,-101.7091,13.0,22.57284,-0.1954974
-167.2816,-119.8326,13.0,29.96061,0.5062407999999999
-167.5333,-144.595,13.0,36.9075,0.4798545999999999
-167.8766,-174.5096,13.0,43.4704,0.4583003
-167.951,-209.0034,13.0,49.64594,0.36777009999999993
-163.5271,-245.775,13.0,46.18325,-0.6277718000000001
-136.6958,-256.6205,13.0,35.60321,-1.616536
-127.7923,-237.6339,13.0,33.27187,0.3743415
-127.3907,-209.2125,13.0,41.20417,-0.09689518
-125.6996,-186.3832,13.0,15.66964,-0.317725
-116.3605,-181.4314,13.0,17.03446,0.5805039000000001
-106.0219,-191.8371,13.0,24.41731,0.23665029999999998
-105.5737,-212.3459,13.0,31.38754,0.25874339999999996
-107.9176,-237.9576,13.0,37.79696,0.3269886
-95.49037,-264.601,13.0,42.3656,0.1454258
-66.38416,-270.7931,13.0,42.61483,-0.01281256
-49.576859999999996,-246.0614,13.0,43.44473,0.18318710000000002
-47.02454,-212.53099999999998,13.0,43.042320000000004,-1.483385
-32.56655,-184.6227,13.0,45.14117,0.1901271
-7.686228999999999,-158.8991,13.0,51.1115,0.42932129999999996
10.0149,-127.56299999999999,13.0,45.26263,-0.19349620000000003
-4.59449,-105.3006,13.0,31.566229999999997,-0.43901309999999993
-7.631442,-84.63,13.0,32.77991,0.527474
-5.740728,-57.90676,13.0,39.54074,0.4884031
-4.9493849999999995,-26.225990000000003,13.0,45.946020000000004,0.4327391
-3.880043,10.02852,13.0,51.78415,0.15848389999999998
-16.92407,39.48726,13.0,35.4882,-0.9699308000000001
-33.90482,37.64347,13.0,14.20597,-1.0410110000000001
-35.097879999999996,32.585359999999994,13.0,0.07675698,-0.01640381
-35.14734,32.59213,13.0,0.06060925,-0.06894013
-34.911120000000004,33.21931,13.0,4.041165,0.5986632
-33.71733,38.95646,13.0,11.46845,0.48666620000000005
-32.26709,44.530429999999996,13.0,2.596335,-0.6857557
-32.88966,43.3051,13.0,6.021317,0.5617707
-39.579570000000004,41.432159999999996,13.0,13.67506,0.2821509
-51.89968,44.85347,13.0,20.7956,0.5154776
-69.72516999999999,44.306340000000006,13.0,27.3869,0.4854394
-92.18258,41.93005,13.0,33.56095,0.43651809999999996
-119.1781,42.43796,13.0,39.06107,0.326499
-144.0596,28.617659999999997,13.0,38.11542,-0.03604507
-147.1918,0.2472493,13.0,41.58874,0.3861791
-144.683,-32.36483,13.0,45.82795,-0.1526479
-157.3332,-56.583330000000004,14.0,30.7178,-0.29905970000000004
-160.3998,-72.32553,14.0,24.36512,0.2591007
-141.1782,-75.57101,14.0,29.91545,0.2198578
-119.3148,-83.6169,14.0,34.457209999999996,0.1599378
-109.5333,-107.4857,14.0,37.422959999999996,0.1530486
-125.1798,-129.8592,14.0,39.18949,0.02829074
-145.5624,-125.9756,14.0,21.59371,-1.535531
-145.8907,-119.9122,14.0,1.59461,0.1080616
-146.8011,-118.8542,14.0,1.845059,-0.02236706
-147.606,-117.9784,14.0,1.412177,-0.02787486
-149.6316,-117.2066,14.0,3.965672,-0.02314483
-150.5986,-117.3127,14.0,3.25037,0.647496
-146.2962,-113.7069,14.0,11.95197,0.5682908
-145.9671,-102.6377,14.0,19.15125,0.2156002
-160.0514,-97.45284000000001,14.0,24.07104,0.24725660000000002
-167.9721,-113.6319,14.0,28.66259,0.2493716
-166.3318,-137.442,14.0,35.66901,0.2394061
-166.6872,-166.3704,14.0,42.4211,0.4807988
-167.2616,-200.1667,14.0,48.75723,0.4342677
-165.0578,-237.7067,14.0,48.416579999999996,-0.7400751
-146.6046,-254.83599999999998,14.0,21.98886,-2.291783
-141.7398,-251.31799999999998,14.0,4.145836,-0.14748789999999998
-140.6109,-249.077,14.0,5.32003,0.440409
-134.2688,-248.7357,14.0,12.24183,0.30716659999999996
-124.7119,-251.6733,14.0,12.06206,-0.1661854
-120.9734,-245.3354,14.0,13.04668,0.4137787
-124.323,-232.5942,14.0,21.87783,0.5632569000000001
-126.8833,-213.7437,14.0,29.43093,0.5203431
-127.1695,-189.4442,14.0,34.693090000000005,-0.6527881
-110.5304,-180.0197,14.0,23.10501,-0.8617216999999999
-105.6063,-198.1607,14.0,34.960370000000005,0.7518625
-107.3214,-231.6039,14.0,54.83485,1.2550649999999999
-91.47466,-267.2279,14.0,47.63312,-1.296894
-59.42445,-268.0285,14.0,45.452090000000005,-0.5028925999999999
-48.47639,-239.4183,14.0,44.52223,0.4325669
-44.86847,-205.4516,14.0,48.68812,0.156318
-21.92696,-175.5308,14.0,53.775780000000005,0.20162739999999998
5.968024,-145.4637,14.0,54.17856,-0.36966140000000003
5.634204,-118.6032,14.0,27.96725,-0.25389459999999997
-4.843551000000001,-101.4998,14.0,30.315490000000004,0.4692769
-5.049566,-76.61328,14.0,37.05186,0.2362092
-2.840273,-46.6986,14.0,43.711090000000006,0.21802649999999998
-2.250955,-11.995389999999999,14.0,49.95557,0.44142650000000005
-5.915818,26.03329,14.0,48.21756,-1.332982
-31.49265,42.78957,14.0,43.35703,0.23254850000000002
-65.77116,40.34502,14.0,49.30166,0.45423379999999997
-104.4645,40.69112,14.0,55.142309999999995,0.4222588
-139.0337,36.00012,14.0,36.86009,-0.7104607
-144.9172,22.09187,14.0,4.119631,-2.362981
-142.6308,23.73968,14.0,4.99987,0.2328634
-141.3092,25.42505,14.0,2.732774,0.7624591
-144.6364,21.98884,14.0,9.459352,0.3494394
-149.5036,22.01934,14.0,1.69545,-0.7014493
-147.5583,20.84262,14.0,7.699441,0.3428377
-142.1839,13.804870000000001,14.0,16.343329999999998,0.29572309999999996
-140.821,-1.176965,14.0,24.47571,0.5742074
-142.8295,-22.17141,14.0,32.20572,0.2812146
-141.8789,-36.56732,1.0,7.366579,1.448237
-143.3971,-45.45236,1.0,16.65905,0.5831233
-154.5106,-55.758340000000004,1.0,24.90147,0.5994355
-162.1068,-71.87399,1.0,26.29618,-0.1552228
-146.8564,-73.01997,1.0,25.23284,0.5665340999999999
-135.886,-68.27617,1.0,0.702593,-2.4655139999999998
-135.859,-68.27943,1.0,0.02617257,-0.0001137202
-135.8405,-68.28208000000001,1.0,0.02438544,-0.002053573
-135.8252,-68.2838,1.0,0.01835149,0.03111285
-136.0457,-70.66275,1.0,4.666513,-0.02585781
-135.6493,-73.90921,1.0,4.063256,-0.03227539
-136.6646,-76.33485,1.0,3.147837,-0.1927719
-135.3325,-75.57419,1.0,6.747910000000001,0.6741071999999999
-127.1921,-75.6315,1.0,15.488879999999998,0.3106909
-117.0241,-84.71117,1.0,22.890829999999998,0.5813507
-110.3046,-103.2745,1.0,30.21957,0.4504508
-117.6936,-125.7902,1.0,35.47235,0.2831033
-140.9269,-131.3259,1.0,28.55785,-0.5848544
-144.3042,-116.943,1.0,22.37803,0.21534539999999996
-138.4575,-108.7087,1.0,0.04393813,-0.02756607
-138.4583,-108.7258,1.0,0.02595816,0.006975633
-138.4654,-108.7392,1.0,0.148793,0.11038219999999999
-142.1271,-108.2,1.0,8.20156,0.05100467
-145.7274,-110.8358,1.0,0.2653767,-0.6484743000000001
-144.5457,-107.8679,1.0,8.774787,0.6234413000000001
-147.44799999999998,-99.21329,1.0,16.74821,0.26782459999999997
-159.3975,-96.3916,1.0,15.6198,-0.1824974
-166.1828,-105.4816,1.0,21.48003,1.167791
-168.8705,-126.2131,1.0,34.33421,0.8045151999999999
-164.4336,-153.2102,1.0,40.62634,-0.7382858
-165.6294,-179.3094,1.0,31.88893,-0.4613152
-167.8573,-203.6786,1.0,40.34892,0.6741899
-166.33700000000002,-232.4186,1.0,35.38347,-0.5289223000000001
-155.2584,-250.0848,1.0,25.33249,-0.07048897
-135.0164,-248.5093,1.0,30.63705,0.2087241
-121.9754,-233.8122,1.0,23.55651,-0.5099989
-131.1826,-219.0479,1.0,22.30135,-0.7103054
-123.1563,-205.3021,1.0,19.31556,-0.26526679999999997
-124.9273,-192.274,1.0,16.7342,-0.37875490000000006
-118.6199,-184.0081,1.0,18.87864,0.7041415
-110.7933,-192.2505,1.0,15.63057,-0.269016
-110.0602,-202.9005,1.0,13.971070000000001,0.11033079999999999
-109.2033,-216.6094,1.0,22.59467,0.5691884
-107.1585,-236.0733,1.0,30.169929999999997,0.5525598
-99.54079,-259.4237,1.0,36.31288,0.3164171
-75.42506,-271.4728,1.0,39.24961,0.04462312
-53.595459999999996,-254.4812,1.0,39.66812,-0.004878375
-50.499359999999996,-224.0161,1.0,44.019040000000004,0.3266752
-34.67276,-193.4951,1.0,49.16608,0.38489450000000003
-9.371708,-164.3937,1.0,54.90073,0.3957491
11.484000000000002,-128.1631,1.0,54.46173,-2.347454
10.53582,-105.2201,1.0,8.753409,-3.1410709999999997
9.785202,-104.2594,1.0,0.43976579999999993,-0.09371021
10.582189999999999,-104.7841,1.0,4.43149,0.46131980000000006
15.084060000000001,-107.1927,1.0,8.528051,-0.03525178
18.52938,-106.9194,1.0,0.13177360000000002,0.4408424
15.29388,-107.9636,1.0,8.907327,0.3019854
6.679983,-111.9671,1.0,15.86386,0.173983
-0.24123440000000002,-103.3282,1.0,20.42078,0.5019374
0.1706519,-85.9139,1.0,27.085309999999996,0.2429486
-5.020487,-63.98731,1.0,33.82326,0.2487161
-5.994509,-36.470490000000005,1.0,40.4718,0.4682749
-6.330487000000001,-4.156931,1.0,46.69851,0.4488028
-8.345080000000001,31.090559999999996,1.0,42.933370000000004,-0.7701952
-21.41616,44.53263,1.0,13.502670000000002,-0.37100209999999995
-31.0716,38.10143,1.0,19.35932,0.23590770000000003
-47.94305,39.47189,1.0,26.5628,0.2682782
-70.2193,39.53621,1.0,33.58528,0.2560734
-97.61424,39.80774,1.0,40.27183,0.46674740000000003
-129.3169,40.42238,1.0,40.20936,-1.745363
-144.503,27.68233,1.0,17.58846,-1.638085
-138.6788,24.69792,1.0,10.08698,0.002119363
-137.7518,24.24263,1.0,0.06737563,0.06096765
-137.7568,24.2058,1.0,0.3734812,0.1365749
-141.0319,24.604029999999998,1.0,8.100441,0.3925787
-148.3657,24.50815,1.0,9.187854,-0.8021567
-151.1975,25.41006,1.0,0.7272959,0.3176295
-148.363,23.19525,1.0,9.031513,0.5786515
-148.1482,14.167179999999998,1.0,16.29469,0.49210290000000007
-151.5238,0.6605741,1.0,22.32434,0.46289529999999995
-147.1387,-17.830779999999997,1.0,28.97938,0.4718724
-147.1987,-41.35436,2.0,33.974270000000004,-0.11379860000000001
-164.9548,-56.930980000000005,2.0,31.641090000000002,-0.6626695
-160.8763,-72.80478000000001,2.0,17.97123,-1.4523030000000001
-155.7545,-68.52253,2.0,1.546405,-1.3838840000000001
-155.6931,-68.52779,2.0,0.04339924,-0.02023368
-155.8241,-68.96793000000001,2.0,3.170546,0.5254094
-156.3433,-72.51208000000001,2.0,4.997548999999999,-0.05079805
-156.9936,-75.16669,2.0,0.031009600000000002,-0.47544899999999995
-154.1935,-73.10685,2.0,9.494618,0.6716873000000001
-144.906,-75.84016,2.0,17.84546,0.332786
-132.0482,-82.42177,2.0,18.87896,-0.134729
-119.9412,-87.51561,2.0,20.93609,1.205811
-110.5383,-105.5698,2.0,31.252229999999997,-0.29837070000000004
-120.9048,-126.0182,2.0,33.00418,-0.1544887
-141.9539,-128.3659,2.0,24.270570000000003,-1.1903780000000002
-141.5625,-114.9215,2.0,22.944370000000003,0.2593902
-143.4854,-102.3918,2.0,19.169610000000002,0.11434549999999999
-158.1606,-103.7264,2.0,19.22815,-0.5485914000000001
-161.0714,-115.5566,2.0,16.68338,0.04206151
-164.3293,-128.9039,2.0,22.34456,0.6607706
-165.3468,-148.3095,2.0,30.19,0.2778312
-165.4258,-173.5734,2.0,37.73782,0.5397938
-165.8334,-204.1432,2.0,44.74255,0.23622379999999998
-164.3248,-238.7014,2.0,38.80142,-3.93244
-152.1509,-251.588,2.0,24.283179999999998,0.5105313
-131.6716,-250.2431,2.0,30.428890000000003,-0.24012440000000002
-127.2847,-233.2626,2.0,26.51267,0.3035933
-125.7355,-210.38,2.0,35.09944,0.4599934
-124.6562,-186.5754,2.0,17.92869,-2.544159
-116.2664,-184.4204,2.0,14.769060000000001,0.43057740000000005
-110.6113,-195.7319,2.0,21.98987,0.6005606
-109.0065,-214.9488,2.0,30.02267,0.5911769
-105.5554,-239.7761,2.0,37.48598,0.5443576999999999
-92.11878,-265.85400000000004,2.0,42.19717,-0.01699802
-63.75318000000001,-266.4925,2.0,41.142109999999995,0.1123435
-48.71614,-240.9504,2.0,42.571670000000005,0.3000699
-46.46763,-207.5789,2.0,47.93376,0.2280681
-24.37615,-178.338,2.0,52.775490000000005,0.4725485
2.3931139999999997,-147.1502,2.0,54.5627,-1.444757
7.078755,-124.3046,2.0,17.570870000000003,-0.3508914
-3.545604,-112.6485,2.0,25.14053,0.2416076
-6.812276,-91.88443000000001,2.0,32.36938,0.5480851
-6.7391,-65.13763,2.0,39.74086,0.5228431
-6.891583,-33.086490000000005,2.0,46.66388,0.5064563
-7.341839,3.891707,2.0,53.13208,0.2240288
-13.36934,39.51645,2.0,38.04013,-1.271766
-25.92857,45.88234,2.0,2.918664,-1.588115
-25.76916,42.63864,2.0,8.808243,0.3082311
-34.0758,40.35537,2.0,16.89767,0.597279
-48.20231,46.5812,2.0,24.563760000000002,0.44874899999999995
-68.81956,43.72394,2.0,32.02734,0.5552334
-95.26442,41.54161,2.0,39.3727,0.5384277
-126.9221,39.90759,2.0,46.13965,0.4218875
-150.0284,25.43137,2.0,25.25188,-2.350743
-149.216,19.08111,2.0,3.6671480000000005,0.6418083000000001
-144.1276,17.308020000000003,2.0,12.17041,0.31863909999999995
-145.9693,6.026606,2.0,20.21012,0.60106
-150.1929,-9.69703,2.0,25.980829999999997,0.2774011
-145.9787,-31.2431,2.0,33.31745,0.4806606
-143.4099,-40.60638,3.0,11.52915,-0.02730941
-148.4769,-48.79244,3.0,17.95726,0.6199216999999999
-159.5095,-53.78063,3.0,14.919429999999998,-0.1208031
-166.5256,-59.45165,3.0,10.97523,-0.10576769999999999
-164.5872,-66.7341,3.0,12.45374,0.6183046999999999
-154.3463,-72.43153000000001,3.0,20.20978,0.5568963
-136.6291,-73.2236,3.0,27.811490000000003,0.5391144
-118.0657,-82.8234,3.0,26.00226,-0.20952039999999997
-108.4839,-97.8187,3.0,26.60828,1.03332
-110.1796,-117.8884,3.0,25.01944,-0.2127786
-120.5249,-130.3792,3.0,19.884520000000002,-0.1568721
-136.8525,-132.6599,3.0,22.76641,-0.3052486
-144.7825,-115.6088,3.0,32.00058,-0.5751708000000001
-157.0332,-103.4755,3.0,16.48002,-0.4594153
-166.1371,-112.2417,3.0,22.09235,0.2917384
-168.6695,-131.4013,3.0,30.06887,0.5776425000000001
-169.3855,-156.3762,3.0,37.362590000000004,0.5214969
-167.2777,-186.5287,3.0,44.31752,0.4877236
-164.0685,-221.6374,3.0,49.929629999999996,-0.08877289999999999
-158.1825,-254.0859,3.0,37.26405,-0.8043627
-138.7318,-255.8886,3.0,26.712259999999997,0.255824
-125.4822,-238.1051,3.0,32.96485,0.10445360000000001
-128.4156,-212.3676,3.0,37.11136,-0.49199440000000005
-125.5233,-187.1241,3.0,30.979129999999998,-0.31209590000000004
-111.2992,-179.7908,3.0,21.65067,-0.2330672
-110.1215,-195.3952,3.0,25.373720000000002,0.4103478
-104.9105,-215.9356,3.0,31.644809999999996,-0.2002293
-105.8379,-237.8258,3.0,27.48068,0.06734568
-102.9394,-261.046,3.0,36.303129999999996,0.1036539
-80.05518000000001,-271.1154,3.0,37.22735,0.41379679999999996
-61.221309999999995,-268.6711,3.0,14.127479999999998,-1.024353
-56.192890000000006,-266.6896,3.0,1.1417030000000001,-0.7721274
-57.109869999999994,-267.3379,3.0,0.9234339,-0.1761356
-56.33941,-266.6556,3.0,4.623287,0.2417716
-53.132290000000005,-262.9875,3.0,7.789944,0.04777435
-48.38604,-263.4161,3.0,3.363869,-0.42533820000000006
-48.959179999999996,-262.2755,3.0,6.348489,0.6338859
-49.90866,-254.7289,3.0,14.54897,0.2901293
-46.46566,-241.4209,3.0,22.38097,0.26674169999999997
-43.7042,-222.3078,3.0,29.73235,0.5212399999999999
-40.71477,-197.8308,3.0,36.53983,0.38934959999999996
-24.67502,-175.1111,3.0,40.96495,0.42682770000000003
-5.3570269999999995,-156.6265,3.0,25.383229999999998,-1.576457
7.403944,-146.3972,3.0,19.55637,-0.3609625
11.80165,-134.9249,3.0,14.82756,-0.28901220000000005
7.762055,-123.8909,3.0,19.4323,0.27419540000000003
-2.271709,-110.0933,3.0,26.710179999999998,0.5039567
-9.26308,-88.76997,3.0,33.59819,0.23390789999999997
-9.999819,-61.56785,3.0,40.009209999999996,0.216022
-5.479844,-29.810440000000003,3.0,46.49375,0.5138009
-3.4697139999999997,1.488924,3.0,32.02455,-1.246362
-4.686208000000001,14.03287,3.0,4.18838,-0.6040533
-5.476098,18.38372,3.0,10.33901,0.5697340999999999
-8.417914999999999,28.727959999999996,3.0,18.581229999999998,0.2650723
-19.55915,40.34791,3.0,25.70778,0.2560869
-40.25289,44.947070000000004,3.0,32.28893,0.5346814000000001
-66.76958,44.646879999999996,3.0,39.19104,0.5153093
-98.18238000000001,42.75829,3.0,45.71717,0.45027340000000005
-131.4482,38.79542,3.0,41.30296,-0.6644905
-150.4397,22.08827,3.0,33.09568,-0.2788373
-143.6354,-1.627307,3.0,35.2561,0.346729
-144.5925,-29.95435,3.0,41.356970000000004,0.49049499999999996
-151.7002,-53.11215,4.0,20.41807,-0.8799232
-165.4417,-55.85934,4.0,19.18194,-0.04692301
-163.9608,-68.50439,4.0,22.636029999999998,0.498622
-145.8206,-72.52256,4.0,29.09726,0.487023
-123.5061,-79.75699,4.0,35.09929,0.3473397
-108.4629,-102.4953,4.0,39.29285,-0.09316286
-119.0399,-127.4788,4.0,37.28346,0.10723130000000002
-142.0741,-128.2288,4.0,31.17345,-0.2305178
-144.395,-106.6497,4.0,30.625220000000002,-0.42911109999999997
-156.18200000000002,-99.20806999999999,4.0,17.10419,0.6230118
-166.1107,-110.8435,4.0,25.047729999999998,0.2633991
-169.5499,-131.8721,4.0,32.40185,0.5142487
-169.457,-158.2381,4.0,39.0575,0.2452551
-166.625,-189.5482,4.0,45.60386,0.4716799
-163.5088,-225.3091,4.0,49.13977,-0.29710549999999997
-158.6609,-251.0372,4.0,20.87493,-0.4478689
-145.6544,-257.6322,4.0,22.41594,0.5379116999999999
-130.7449,-250.8955,4.0,26.21098,0.4646924
-125.1429,-229.4319,4.0,33.1712,0.4003633
-128.7986,-203.0035,4.0,39.15167,0.3841
-117.7942,-178.1837,4.0,34.79464,-0.36046609999999996
-99.60783,-184.7289,4.0,24.610210000000002,-0.5908167
-109.4837,-195.3037,4.0,23.77357,0.1362253
-114.5549,-201.5512,4.0,0.02549784,0.02222952
-114.5549,-201.5536,4.0,0.01203344,-0.01767506
-112.9249,-201.7847,4.0,4.9074,0.7307637
-109.7736,-198.9525,4.0,4.214466000000001,-0.6492234
-109.6467,-198.8656,4.0,3.713379,0.5507814999999999
-108.7439,-204.1778,4.0,10.780380000000001,0.2464009
-106.6461,-214.4918,4.0,17.46688,0.4777839
-105.1553,-229.6356,4.0,23.603089999999998,0.2191913
-105.6259,-249.2858,4.0,29.149070000000002,0.15723099999999998
-94.06568,-268.4845,4.0,32.71329,0.13609000000000002
-69.69794,-270.3305,4.0,35.6784,0.1427055
-50.20234,-252.9989,4.0,36.84295,-0.010794400000000001
-48.99536,-224.1363,4.0,40.97103,0.2453899
-39.66437,-193.7474,4.0,45.085840000000005,0.2083237
-16.9466,-168.645,4.0,46.32764,-0.1452706
3.049572,-150.3706,4.0,23.01793,-0.4938005999999999
12.23893,-139.09799999999998,4.0,16.53894,-0.2403109
8.689303,-125.353,4.0,24.28272,0.3988954
-3.3099529999999997,-109.3605,4.0,29.60272,0.3785602
-9.652778999999999,-86.34724,4.0,34.81791,0.3717719
-9.9701,-58.7931,4.0,39.7305,0.3437618
-4.457686,-28.0775,4.0,44.457370000000004,0.3488232
-2.063169,6.173064,4.0,48.2129,0.1001548
-11.23887,33.43945,4.0,27.583240000000004,0.6942268
-30.547109999999996,43.3163,4.0,32.07168,0.34166040000000003
-56.101169999999996,43.327,4.0,37.13895,0.17835220000000002
-85.53564,43.1445,4.0,42.09685,0.15888110000000003
-117.3667,40.322359999999996,4.0,41.70924,-1.019495
-137.9793,36.86633,4.0,14.26155,-0.1918892
-146.2622,27.72085,4.0,20.08088,0.4106643
-147.6654,10.896469999999999,4.0,25.79426,0.2038421
-143.5075,-9.908161,4.0,31.464940000000002,0.394486
-142.4377,-34.73075,5.0,33.31212,-0.3819735
-154.282,-51.41661,5.0,27.242070000000002,0.32529450000000004
-168.7542,-63.24414,5.0,20.56482,-0.6193118000000001
-159.2955,-69.59340999999999,5.0,15.647789999999999,0.008603824
-144.8115,-71.94135,5.0,23.661360000000002,0.4478399
-125.9481,-77.49601,5.0,29.354020000000002,0.37912440000000003
-109.5033,-93.25317,5.0,33.1933,0.08233057
-111.1426,-117.7038,5.0,33.44934,-0.10065110000000001
-127.2079,-132.9819,5.0,27.86635,-0.7404729999999999
-141.6266,-125.1348,5.0,23.93531,0.32342750000000003
-148.8497,-107.0744,5.0,29.004559999999998,0.35635159999999994
-164.5742,-102.1398,5.0,17.49106,-0.4079331
-164.5716,-113.9762,5.0,17.67974,0.605183
-167.2538,-130.3857,5.0,27.98048,1.233776
-168.6375,-158.0474,5.0,44.81912,0.5810529999999999
-164.604,-193.1699,5.0,50.92558,0.23711279999999996
-164.243,-225.5031,5.0,28.1463,-2.5077700000000003
-162.9957,-241.2107,5.0,18.22118,-0.41889840000000006
-158.5636,-251.8891,5.0,15.06729,0.2690931
-145.9758,-260.0327,5.0,25.03796,0.16851860000000002
-129.5878,-249.3064,5.0,32.95952,0.9939062
-125.8419,-221.3145,5.0,42.198209999999996,0.2559482
-128.7217,-196.7624,5.0,21.376910000000002,-0.48671090000000006
-123.7796,-184.67700000000002,5.0,15.0482,0.11709089999999998
-109.7218,-183.43599999999998,5.0,24.20348,0.13104069999999998
-102.4456,-199.7816,5.0,28.82221,0.4232013
-103.8837,-224.6805,5.0,36.52575,0.11075109999999999
-105.3624,-251.2072,5.0,32.600559999999994,-0.5651062
-94.1696,-269.0154,5.0,30.621,0.1435856
-70.58118,-270.8734,5.0,34.60228,0.133981
-51.95851,-253.9481,5.0,36.45948,0.24524050000000003
-47.46415,-225.4532,5.0,41.199020000000004,0.3635899
-40.58187,-194.0692,5.0,45.537929999999996,0.1073763
-19.13794,-167.2894,5.0,47.78371,-0.15554389999999998
-2.45224,-155.7822,5.0,13.77491,-0.17996379999999998
4.493551,-150.9041,5.0,9.280717999999998,-0.1518745
8.703427,-147.1301,5.0,7.772481,0.2491386
12.8613,-140.0382,5.0,14.46028,0.21956910000000002
10.49092,-127.5847,5.0,20.43635,0.21726289999999998
0.16808929999999997,-113.6718,5.0,26.26319,0.189693
-7.897206,-93.77377,5.0,31.72997,0.40547940000000005
-10.62823,-68.59653,5.0,36.76465,0.1618766
-6.048518,-39.92621,5.0,41.64288,0.3560125
-1.596214,-7.675625999999999,5.0,46.24592,0.1849407
-4.547477,19.29278,5.0,23.76228,-4.108639
-7.968927000000001,27.874240000000004,5.0,13.9068,0.4757214
-15.57918,37.9504,5.0,20.15178,0.2142788
-31.17377,44.516940000000005,5.0,25.82416,0.39236740000000003
-52.36105,45.222590000000004,5.0,31.45205,0.40231740000000005
-77.62720999999999,44.406620000000004,5.0,36.77915,0.1904925
-106.7171,42.41695,5.0,41.7778,0.1684816
-132.4355,39.54065,5.0,21.05846,-2.211569
-144.3875,30.5969,5.0,23.51388,0.18115839999999997
-147.97899999999998,11.712530000000001,5.0,28.775059999999996,0.37766009999999994
-143.2348,-11.07514,5.0,34.09839,0.39025240000000005
-142.9193,-35.80437,6.0,25.85461,-3.118619
-146.9373,-46.34491,6.0,15.2147,1.032425
-157.4587,-54.51627,6.0,17.166320000000002,-0.3848802
-165.8156,-60.472919999999995,6.0,12.27047,0.02783497
-161.0989,-71.07799,6.0,21.97927,0.7702978
-141.0817,-71.58112,6.0,34.29627,0.7479996
-115.9279,-84.21983,6.0,41.94088,-0.1234885
-112.1105,-109.4107,6.0,28.2509,-3.958564
-117.18299999999999,-119.7929,6.0,11.39963,0.6482412
-122.4082,-130.736,6.0,18.50563,-0.27669299999999997
-135.0108,-133.4201,6.0,20.963420000000003,0.4274553
-144.5953,-120.0108,6.0,26.49437,0.5197794
-148.8868,-105.5354,6.0,8.228354,-0.3297973
-154.0195,-101.7981,6.0,11.9445,0.6844664
-164.2621,-103.0972,6.0,15.430570000000001,0.004331715999999999
-167.3368,-116.8146,6.0,25.31401,0.5290418
-168.933,-140.7184,6.0,38.586040000000004,0.8572773000000001
-168.2294,-173.5216,6.0,49.71496,0.744584
-164.4295,-212.8117,6.0,52.04184,-0.3785941
-162.71,-246.6745,6.0,37.87249,-0.6097705
-146.7357,-258.2298,6.0,23.41264,-0.2820065
-132.6864,-253.153,6.0,20.51896,0.6433485
-125.4863,-236.55200000000002,6.0,27.58366,0.40005630000000003
-126.2596,-214.222,6.0,32.891529999999996,0.1941828
-128.1848,-189.4044,6.0,27.834629999999997,-3.4619980000000004
-117.6866,-182.1154,6.0,19.9167,0.3853182
-105.1717,-191.5636,6.0,24.411620000000003,0.1762805
-102.7059,-211.3563,6.0,29.780590000000004,0.3942941
-105.3547,-235.2847,6.0,35.17369,0.17789829999999998
-102.5636,-262.6049,6.0,38.54274,-0.1527271
-80.01736,-271.9981,6.0,31.42874,-0.32932940000000005
-60.311640000000004,-266.7409,6.0,23.84757,-0.28735279999999996
-49.81128,-253.5028,6.0,27.769940000000002,0.3816365
-45.97396,-231.1358,6.0,33.27203,0.1868028
-42.993590000000005,-204.7233,6.0,38.47858,0.3430783
-31.24294,-178.1323,6.0,41.03702,0.1967056
-7.62333,-160.509,6.0,30.4531,-1.2634239999999999
3.075549,-152.3605,6.0,12.412410000000001,-0.2431368
9.653823,-146.0788,6.0,13.344170000000002,0.2825176
12.769739999999999,-134.5957,6.0,20.61007,0.603942
2.809253,-119.1719,6.0,31.40649,1.137302
-8.034594,-93.38548,6.0,45.23483,0.9507356
-8.875719,-55.236419999999995,6.0,57.628969999999995,0.7986071
-1.4339879999999998,-11.10562,6.0,60.42488,-0.5715134
-5.601998,20.86425,6.0,23.521910000000002,-1.5409760000000001
-12.74688,35.1991,6.0,23.45109,0.44980990000000004
-31.091340000000002,44.33963,6.0,33.849740000000004,1.008305
-61.53337,44.90773,6.0,48.65133,0.49175209999999997
-102.553,43.01982,6.0,57.965669999999996,-2.026051
-125.7521,39.62945,6.0,14.45094,-0.18733139999999998
-135.8933,37.4651,6.0,18.5155,1.300715
-147.0473,25.91779,6.0,25.16231,0.15092070000000002
-146.6099,5.338996,6.0,30.616840000000003,0.1930751
-141.6315,-18.91199,6.0,35.92928,0.3188674
-141.9963,-35.71255,7.0,8.703497,0.5051914000000001
-144.1177,-44.41389,7.0,15.38159,0.44716469999999997
-154.5399,-52.516569999999994,7.0,21.17984,0.22501679999999996
-167.4998,-62.28844,7.0,20.805979999999998,-0.6558691999999999
-164.9196,-74.02216,7.0,15.69546,0.16503710000000002
-152.9289,-76.63521,7.0,18.979670000000002,0.2770288
-138.5599,-73.14671,7.0,20.839489999999998,0.1222029
-122.4441,-77.05966,7.0,26.316129999999998,0.5705431
-109.1172,-94.02216999999999,7.0,31.65073,0.21844760000000002
-112.1698,-117.9674,7.0,34.92861,0.1670394
-134.1006,-131.7977,7.0,36.18058,-0.7799053000000001
-147.5335,-121.9171,7.0,15.45684,-0.6526694000000001
-143.0954,-114.709,7.0,13.01184,0.9865673
-147.9142,-104.0007,7.0,16.45683,-0.04277031
-160.4326,-102.6408,7.0,20.719079999999998,0.1140889
-166.3535,-115.7597,7.0,19.802889999999998,0.04237917
-166.2926,-132.5613,7.0,26.77155,0.8358526
-169.1755,-157.524,7.0,41.02903,0.9715386999999999
-169.8932,-192.5645,7.0,53.221059999999994,0.39300250000000003
-168.3895,-231.4616,7.0,47.20705,-1.532994
-155.9014,-252.8475,7.0,27.31877,-0.7753214
-138.6832,-253.6241,7.0,21.70872,0.3253434
-126.3918,-243.0161,7.0,25.1286,0.3976878
-126.0096,-220.6712,7.0,33.32372,0.19239579999999998
-126.0984,-194.0243,7.0,38.2286,-0.04095902
-117.36399999999999,-179.6567,7.0,14.171570000000001,-0.5163036
-110.0545,-188.535,7.0,20.43504,0.40906170000000003
-108.9134,-205.8641,7.0,26.43055,0.43677959999999993
-108.6047,-227.5474,7.0,32.07032,0.20229679999999997
-105.1219,-252.7163,7.0,36.621,0.2556399
-85.18799999999999,-271.4033,7.0,39.123329999999996,0.10871259999999999
-58.115219999999994,-265.6644,7.0,39.31961,0.003589747
-49.45012,-238.3284,7.0,41.43398,0.173085
-44.8049,-206.525,7.0,45.062459999999994,0.01471139
-23.23376,-179.8567,7.0,48.648109999999996,0.32785759999999997
1.345668,-151.3603,7.0,49.53153,-1.037754
8.775153999999999,-127.4915,7.0,23.933429999999998,-0.3220005
-2.1679939999999998,-111.056,7.0,30.7728,0.4177044
-5.253579,-84.87035,7.0,43.99523,1.3339239999999999
-0.894834,-46.02118,7.0,61.05822,1.134033
-1.931107,2.7252400000000003,7.0,63.565940000000005,-1.020217
-10.77624,38.107209999999995,7.0,34.19554,-0.6069826
-32.96646,40.993970000000004,7.0,36.35293,1.324976
-62.4939,40.45647,7.0,42.404540000000004,0.3694476
-95.6944,40.71102,7.0,47.06306,0.327857
-131.7869,40.160740000000004,7.0,47.7235,-0.47691350000000005
-147.4447,23.82528,7.0,28.463379999999997,0.3250467
-145.311,0.7780654,7.0,33.79998,0.17960720000000002
-145.5193,-26.187089999999998,7.0,38.990590000000005,0.36634970000000006
-154.6909,-52.81268000000001,8.0,36.157790000000006,-0.6494248
-168.4053,-66.36254,8.0,20.50741,0.6515736999999999
-157.1458,-78.79878000000001,8.0,27.575029999999998,0.1964239
-135.0787,-77.14568,8.0,32.20729,0.1640002
-115.2441,-90.43083,8.0,34.94497,0.1956465
-112.4903,-116.12700000000001,8.0,36.9946,0.01812307
-133.7291,-132.0202,8.0,36.01592,-1.547713
-146.6895,-127.56,8.0,3.134388,-0.8754436
-143.7182,-125.0449,8.0,9.151011,0.4889112
-142.0759,-116.3213,8.0,15.59014,0.222735
-149.7936,-105.2063,8.0,21.44422,0.3666196
-165.1345,-105.8292,8.0,23.66491,0.07256877
-167.03,-124.0342,8.0,27.98852,0.21337470000000003
-168.3471,-146.6691,8.0,33.31771,0.381391
-171.1549,-173.0031,8.0,38.24589,0.16310360000000002
-169.1669,-203.2109,8.0,43.14359,0.3472355
-167.4792,-236.7608,8.0,46.7878,-0.1850131
-148.0694,-256.8669,8.0,34.66329,-1.2601719999999998
-130.3587,-245.9251,8.0,29.03896,0.3446454
-127.2004,-222.8511,8.0,34.45758,0.3872139
-126.6755,-195.4586,8.0,38.91211,-0.1721239
-115.7696,-179.4728,8.0,16.49589,-0.6367016
-107.8377,-187.9437,8.0,19.58548,0.2211487
-106.74700000000001,-204.6484,8.0,25.6271,0.44168290000000004
-106.0581,-225.8435,8.0,31.334770000000002,0.1908559
-103.8397,-250.8186,8.0,36.265840000000004,0.2683886
-86.11943000000001,-270.9619,8.0,38.45479,0.09567303
-59.41769,-266.33299999999997,8.0,39.09619,0.17260379999999997
-47.61629,-240.3007,8.0,41.2265,0.1652034
-44.580290000000005,-208.2137,8.0,45.545359999999995,0.14888929999999997
-24.6799,-181.3984,8.0,47.44616,0.3379545
-0.3684216,-153.9162,8.0,50.78503,-0.407769
7.864302,-124.7521,8.0,34.25351,-0.3419842
-6.397136,-101.8938,8.0,39.44508,-0.1379079
-3.192702,-72.50931,8.0,42.325,0.3417442
-1.235647,-39.46915,8.0,46.87405,0.1534957
-1.742358,-3.109632,8.0,51.2771,0.30928520000000004
-8.109633,33.429,8.0,42.3101,-1.125701
-25.13616,42.46017,8.0,11.29725,-1.113966
-27.048709999999996,38.38535,8.0,8.679902,0.2271734
-34.89548,38.88726,8.0,14.980360000000001,0.4415564
-44.41559,48.142959999999995,8.0,20.4671,0.6239720999999999
-48.02625,48.58664,8.0,0.02085984,-0.006964852
-48.1654,48.10907,8.0,3.070188,0.23527759999999998
-48.173840000000006,44.76167,8.0,5.25956,-0.04036873
-47.314659999999996,43.42167,8.0,2.832177,0.3541545
-52.185829999999996,46.081920000000004,8.0,12.011330000000001,0.6099097
-64.16481,45.35429,8.0,20.52991,0.30203220000000003
-82.30953000000001,43.146679999999996,8.0,28.63147,0.5706134
-106.227,42.65913,8.0,36.004670000000004,0.25000079999999997
-134.4326,41.16891,8.0,39.625370000000004,-0.16914289999999998
-144.1567,15.78685,8.0,41.47208,0.7101924
-146.47,-17.976020000000002,8.0,48.72231,0.13782750000000002
-142.0296,-34.542609999999996,9.0,2.727115,-0.05988844
-142.8619,-38.310359999999996,9.0,10.910260000000001,0.6661428
-147.1548,-47.23679,9.0,13.01435,-0.2055086
-154.3414,-52.268390000000004,9.0,13.246960000000001,0.8105794
-163.7984,-55.69007,9.0,12.14252,-0.1276255
-166.9031,-62.714459999999995,9.0,11.60896,0.8722542999999999
-159.0254,-72.49504,9.0,20.34658,-0.38458159999999997
-145.7598,-73.02383,9.0,16.23825,-0.1194205
-133.5934,-73.75279,9.0,21.62368,0.6397457
-117.1592,-82.10274,9.0,25.84844,0.07312413
-107.8115,-98.73388,9.0,25.91336,-0.29979809999999996
-108.2894,-113.3116,9.0,12.47452,-0.1879243
-111.1994,-121.6098,9.0,14.630479999999999,1.208561
-120.6698,-132.7914,9.0,20.519289999999998,-0.36201690000000003
-133.7207,-134.4171,9.0,16.169539999999998,-0.27178309999999994
-143.0501,-126.5575,9.0,21.627029999999998,0.5646061
-149.0129,-108.5256,9.0,28.53312,-1.105559
-158.5425,-99.35863,9.0,14.35575,-0.18889039999999999
-165.5621,-105.7614,9.0,17.58419,1.192148
-168.1537,-124.281,9.0,32.556329999999996,0.9981469999999999
-169.0099,-153.0414,9.0,43.5364,0.3778736
-166.6884,-186.77,9.0,47.40862,0.20522159999999998
-163.625,-220.331,9.0,41.65906,-0.3000859
-161.535,-245.3901,9.0,27.07997,-0.5133018
-150.2668,-258.4361,9.0,21.164170000000002,-0.1782935
-137.0318,-258.4109,9.0,18.81513,0.8618075000000001
-126.6837,-242.635,9.0,33.131,0.8720462
-126.2813,-216.0302,9.0,35.50107,-0.4860960999999999
-128.7889,-195.9054,9.0,16.687929999999998,-1.296691
-126.4425,-185.3974,9.0,12.97283,-0.281537
-115.5411,-181.7883,9.0,19.41443,0.01979493
-104.852,-188.2831,9.0,15.32501,-0.1373453
-102.4518,-201.6505,9.0,25.54936,1.168274
-104.2274,-225.014,9.0,36.31426,0.5398166999999999
-105.3633,-252.3129,9.0,36.04673,-0.10839560000000001
-90.87944,-271.637,9.0,32.65152,0.01155382
-67.22672,-270.4189,9.0,32.36947,-0.0396108
-51.256840000000004,-253.4189,9.0,34.03181,0.3902163
-46.5179,-227.7885,9.0,36.3285,0.1655868
-42.0711,-201.1869,9.0,35.1686,-0.08505221
-32.43805,-179.2463,9.0,29.914959999999997,-0.45548679999999997
-17.37819,-166.1379,9.0,24.31236,-0.32558190000000004
-3.611188,-156.9639,9.0,20.59662,-0.1449692
7.646019,-148.6978,9.0,18.424570000000003,0.17972739999999998
12.50517,-134.1508,9.0,24.29384,0.24515399999999998
1.9163759999999999,-117.5962,9.0,29.08183,0.155904
-8.034241,-98.32374,9.0,29.886940000000003,0.05679447
-11.27899,-76.0479,9.0,31.79443,0.1580609
-9.02321,-51.16137,9.0,34.98826,0.05289048
-4.355907,-25.16164,9.0,36.223440000000004,0.08433351
-1.877675,1.434835,9.0,33.76916,-1.071251
-5.3798639999999995,21.427989999999998,9.0,22.56183,-0.3189079
-11.97655,34.71917,9.0,22.86758,1.407909
-29.104909999999997,44.40168,9.0,30.51455,0.5096149999999999
-54.23966,44.11586,9.0,37.53838,0.267717
-84.79811,44.23251,9.0,44.52984,0.4848683
-119.5342,41.223240000000004,9.0,46.65419,-1.170233
-144.7266,31.481640000000002,9.0,34.79792,-0.06156211
-143.8146,6.02529,9.0,38.1763,0.2473864
-142.3755,-23.836489999999998,9.0,37.95548,-0.7377843000000001
-145.5427,-41.04983,10.0,16.18034,-0.2468536
-153.6622,-52.23333,10.0,18.78189,-0.317259
-164.7318,-57.907340000000005,10.0,14.91924,-0.31767209999999996
-165.8169,-67.5011,10.0,16.64248,0.6125802
-154.6494,-73.19774,10.0,18.05305,0.09211786
-141.121,-72.64090999999999,10.0,17.54535,-0.1721324
-126.294,-76.45223,10.0,25.73752,0.2741028
-110.3501,-90.51015,10.0,32.34179,0.18848020000000001
-108.8232,-115.7558,10.0,36.16049,-0.2605967
-121.3536,-131.4781,10.0,22.86676,-0.37264240000000004
-135.9834,-132.8786,10.0,17.920189999999998,-0.3454947
-144.5516,-122.4095,10.0,22.78985,0.6221895000000001
-149.3363,-106.0413,10.0,14.28576,-3.013162
-152.703,-102.4362,10.0,9.427906,0.3012322
-161.8979,-101.3882,10.0,16.49553,0.4321004
-167.5497,-114.0265,10.0,22.88871,0.26172039999999996
-168.696,-133.6591,10.0,29.96285,0.4793557
-168.6668,-158.3576,10.0,35.247859999999996,0.07875012
-167.6243,-186.0878,10.0,39.294940000000004,0.06248653
-164.7714,-214.7143,10.0,35.82721,-0.2843192
-163.5058,-238.4998,10.0,28.689220000000002,-0.501049
-155.7748,-254.925,10.0,21.746229999999997,-0.45029179999999996
-140.529,-259.4794,10.0,23.89494,0.01578383
-128.6573,-246.9277,10.0,25.9337,0.2027119
-124.6777,-227.0982,10.0,29.092159999999996,0.2247063
-127.3079,-205.2758,10.0,27.42575,-1.110128
-127.9367,-190.982,10.0,15.467629999999998,-0.31779609999999997
-123.3925,-182.8581,10.0,12.52139,0.5021029
-111.9837,-182.8141,10.0,18.15965,0.08947469
-103.3687,-192.2052,10.0,18.74549,0.08043404
-103.4649,-207.0385,10.0,21.274070000000002,0.1730845
-104.5432,-223.0942,10.0,21.74689,-0.01016298
-105.9984,-241.6136,10.0,28.45,0.20730660000000004
-102.3626,-262.9506,10.0,29.2535,-0.1802779
-82.34942,-272.6662,10.0,35.406209999999994,0.25188499999999997
-56.56561,-263.7997,10.0,38.26623,-0.183197
-48.32093,-236.3262,10.0,42.15178,0.1773576
-43.20898,-204.9834,10.0,40.66772,-0.6240141
-32.720459999999996,-180.378,10.0,32.10011,-0.2985015
-17.00602,-166.363,10.0,25.35594,-0.42554549999999997
-5.894152,-158.5956,10.0,12.65513,0.1090221
4.513631,-151.1353,10.0,20.11395,-0.1828489
13.162889999999999,-139.4892,10.0,22.97983,1.073158
5.48645,-122.1226,10.0,29.644540000000003,0.5049441
-7.154535000000001,-102.1078,10.0,35.26793,0.23677020000000001
-10.44244,-77.7199,10.0,31.142090000000003,0.23367310000000002
-8.64545,-52.29432,10.0,37.63913,0.45314269999999995
-4.28072,-22.41027,10.0,43.71949,0.44628429999999997
-2.586836,11.78557,10.0,48.3826,-0.01286439
-18.079420000000002,39.84312,10.0,42.56152,0.02797854
-50.140679999999996,44.8025,10.0,46.69141,0.18636470000000002
-86.75237,44.07093,10.0,52.04029,0.17104979999999997
-124.5849,40.05703,10.0,44.29387,-1.460698
-148.003,25.67134,10.0,37.210770000000004,-0.2651834
-143.0187,-1.46054,10.0,40.146879999999996,0.17956789999999997
-143.5295,-30.972340000000003,10.0,34.03351,-0.6980425
-155.1699,-53.30262,11.0,36.297709999999995,0.2129538
-170.0361,-72.41060999999999,11.0,26.6807,-1.203569
-159.5466,-79.70553000000001,11.0,20.17214,0.148988
-146.1148,-69.54194,11.0,25.50516,0.09165457
-127.1919,-77.04786999999999,11.0,31.15033,0.4835104
-111.1463,-93.40524,11.0,31.050720000000002,0.9811926
-111.8468,-117.8815,11.0,34.676359999999995,0.06074957
-126.7592,-132.5968,11.0,27.709940000000003,0.1337289
-144.2223,-122.5677,11.0,31.36386,0.3315605
-147.2937,-103.8325,11.0,10.31682,-0.9351338
-157.0201,-100.6684,11.0,20.45411,0.3276658
-166.7881,-113.3134,11.0,25.852339999999998,0.4441126
-166.1509,-134.9093,11.0,32.51854,0.4766067
-168.4738,-161.2423,11.0,38.70154,0.430246
-165.8453,-191.9967,11.0,44.66276,0.2001209
-163.3478,-226.7353,11.0,46.916129999999995,-0.20900679999999996
-156.2261,-254.0548,11.0,29.293229999999998,-1.3734629999999999
-136.2394,-258.6686,11.0,29.847720000000002,-0.39905050000000003
-126.2532,-239.03,11.0,33.37622,0.21675450000000002
-126.6866,-211.9779,11.0,39.31167,0.05004521
-125.8149,-185.9789,11.0,32.006209999999996,-1.2564170000000001
-109.2129,-182.5774,11.0,24.21432,-0.2759211
-107.5884,-201.1713,11.0,28.8191,0.4207795999999999
-105.7622,-224.6377,11.0,34.91108,0.226246
-106.0515,-252.5945,11.0,40.2634,0.1189451
-86.28528,-272.3075,11.0,39.12599,0.09536402
-57.53555,-264.7771,11.0,41.83917,-0.2815272
-46.70418,-236.1566,11.0,44.38003,0.40610219999999997
-41.64094,-201.524,11.0,49.859140000000004,0.3163047
-22.15549,-170.3108,11.0,47.63341,-1.357709
1.567642,-154.4005,11.0,32.39047,-0.2804426
12.24605,-136.9748,11.0,24.15073,-0.557439
5.228125,-120.7057,11.0,27.37453,0.5059478000000001
-6.317139,-101.5021,11.0,33.45637,0.4479751
-10.383339999999999,-74.79626,11.0,39.57199,0.21212029999999998
-7.318189,-43.48063,11.0,45.35053,0.41582240000000004
-1.8733790000000001,-8.285105,11.0,50.74853,0.1644879
-8.132197,29.432140000000004,11.0,49.2219,-0.4742031
-36.69693,45.57526,11.0,46.34972,0.23659380000000002
-72.98984,42.31654,11.0,51.73182,0.37777890000000003
-113.0352,40.992709999999995,11.0,53.94607,-0.9998584
-145.0382,30.611859999999997,11.0,42.16122,-0.41356750000000003
-146.4438,1.825247,11.0,41.892309999999995,0.42333580000000004
-142.791,-30.389509999999998,11.0,43.79568,-1.008583
-154.8825,-51.911609999999996,12.0,27.25096,0.04947119
-168.7042,-64.20453,12.0,24.286360000000002,-1.12761
-155.0141,-72.02318000000001,12.0,26.05326,0.49753919999999996
-133.5411,-72.85831,12.0,32.32396,0.41328230000000005
-112.3617,-87.13434000000001,12.0,37.29582,0.2563433
-108.12200000000001,-113.6548,12.0,33.482279999999996,-0.5939633000000001
-122.2955,-129.4485,12.0,27.22509,-0.2728764
-139.1186,-131.9044,12.0,22.71965,0.7841988
-146.4737,-116.0803,12.0,27.71534,0.49902579999999996
-155.9052,-100.7976,12.0,21.32912,0.1302632
-167.1566,-108.2071,12.0,23.045820000000003,0.4400782999999999
-167.1062,-130.5063,12.0,35.660920000000004,0.21728070000000002
-168.8904,-159.0122,12.0,41.39478,0.2031763
-166.4776,-191.9121,12.0,47.23308,0.4043833
-164.4357,-228.8021,12.0,51.142720000000004,-0.5514228
-152.7507,-256.9373,12.0,34.4262,-0.7093899
-133.7558,-251.7128,12.0,29.30061,0.34396020000000005
-126.84700000000001,-229.2092,12.0,34.750840000000004,0.4861964
-127.2864,-202.1772,12.0,34.31762,-0.4027228
-121.4053,-180.8888,12.0,29.442390000000003,-0.43069589999999996
-106.5497,-188.4377,12.0,24.45863,0.09993815
-110.3914,-208.1231,12.0,30.30701,0.22996329999999998
-109.197,-233.0365,12.0,36.817809999999994,0.2277259
-102.4063,-261.4451,12.0,41.65913,-0.06139299
-76.39005,-271.1852,12.0,40.41601,0.17767729999999998
-48.90658,-258.0881,12.0,40.15152,-1.108938
-50.56252,-233.4657,12.0,31.91542,-0.07243907
-52.90821999999999,-218.7265,12.0,7.492067,-0.9723575000000001
-53.33576,-215.0119,12.0,1.8728479999999998,-0.7567373000000001
-52.470130000000005,-216.7164,12.0,6.961925999999999,0.5769656999999999
-45.51611,-217.8591,12.0,13.97419,0.4892648
-41.9133,-207.8835,12.0,13.293660000000001,-0.2579679
-41.21628,-196.4991,12.0,20.136960000000002,0.4995576
-34.76432,-180.3713,12.0,26.94691,0.45799229999999996
-18.12937,-165.6754,12.0,33.341840000000005,0.4700653
4.2575650000000005,-151.0497,12.0,37.37509,-0.06753261
11.407810000000001,-128.86,12.0,28.52487,-0.07392953
-2.536135,-108.2115,12.0,41.20986,0.548725
-10.67057,-73.92604,12.0,52.62399,0.32208790000000004
-5.089702,-33.57635,12.0,57.43484,0.3600177
-2.833726,9.430812,12.0,52.657030000000006,-0.9462431
-13.01172,35.15205,12.0,35.04721,0.36861079999999996
-37.1774,45.82293,12.0,38.61415,0.15801500000000002
-67.81987,44.40043,12.0,44.367459999999994,0.4220544
-102.7312,42.6916,12.0,49.91751,0.3991002
-138.9452,37.50427,12.0,47.73506,-0.25170210000000004
-152.7095,16.84045,12.0,16.94152,-0.985808
-153.4254,12.63952,12.0,3.149004,0.3049107
-148.4931,10.93704,12.0,11.284889999999999,0.2681334
-146.4266,0.1293658,12.0,18.963060000000002,0.5468841999999999
-143.8287,-16.464029999999998,12.0,26.17642,0.5117347
-141.9379,-33.863890000000005,13.0,4.609937,0.318481
-143.4329,-40.1534,13.0,12.78559,0.5588725999999999
-150.9646,-49.58883,13.0,20.158620000000003,0.49842200000000003
-165.37400000000002,-59.14111,13.0,25.60209,-0.7480691999999999
-163.7212,-73.34174,13.0,17.678910000000002,-0.274782
-150.4589,-75.59733,13.0,21.394679999999997,0.4026201
-136.0263,-72.24619,13.0,18.5602,0.2068482
-119.7904,-77.23031,13.0,26.584629999999997,0.4435849
-107.7049,-94.78933,13.0,32.150290000000005,0.17758970000000002
-111.7264,-119.1989,13.0,36.34319,0.27336079999999996
-134.9188,-132.4977,13.0,34.51048,-0.7501352
-145.8255,-123.3051,13.0,9.00155,-1.675832
-140.1708,-122.9488,13.0,10.85858,-0.007901623
-139.7308,-122.7586,13.0,5.902875,0.3856159
-144.9672,-126.3209,13.0,9.435634,-0.1112029
-145.517,-129.0836,13.0,1.49367,0.2985846
-144.1011,-124.8143,13.0,10.59727,0.307546
-139.9714,-114.8663,13.0,18.54514,0.5087664000000001
-146.6301,-100.6452,13.0,25.07384,0.3674713
-163.3889,-101.8355,13.0,22.50625,-0.3953463
-167.2897,-120.0463,13.0,30.04715,0.5414215
-167.52900000000002,-144.8601,13.0,36.94634,0.247428
-167.8817,-174.8394,13.0,43.546209999999995,0.44973029999999997
-167.9533,-209.3786,13.0,49.678979999999996,0.240848
-163.3555,-246.0603,13.0,45.9821,-1.216924
-136.4458,-256.5277,13.0,35.33909,-1.586254
-127.8204,-237.3931,13.0,33.40295,0.7954741999999999
-127.3835,-208.9075,13.0,41.19585,-0.05152633
-125.6357,-186.2853,13.0,15.641779999999999,-0.16763440000000002
-116.2322,-181.44099999999997,13.0,17.08115,0.278512
-105.9733,-192.0069,13.0,24.49896,0.4981673
-105.6078,-212.5883,13.0,31.473309999999998,0.481679
-107.8862,-238.2389,13.0,37.85232,0.3358381
-95.27423,-264.8137,13.0,42.38892,0.14545160000000001
-66.08405,-270.6702,13.0,42.61269,-0.01275322
-49.54714,-245.7432,13.0,43.508990000000004,0.38310029999999995
-46.96035,-212.2135,13.0,42.80433,-1.421118
-32.34053,-184.3643,13.0,45.210879999999996,0.4046908
-7.422436,-158.6151,13.0,51.181059999999995,0.4078324
10.01465,-127.2218,13.0,45.205009999999994,-0.33697340000000003
-4.763455,-105.1463,13.0,31.4147,-0.9065690999999999
-7.592838,-84.38642,13.0,32.865120000000005,0.5119284000000001
-5.7320199999999994,-57.613859999999995,13.0,39.620329999999996,0.4785747
-4.933484,-25.89669,13.0,45.98095,0.221284
-3.9015160000000004,10.42029,13.0,51.84368,0.3442102
-17.15685,39.62126,13.0,35.32396,-0.9742777
-33.94587,37.54445,13.0,14.125979999999998,-0.479458
-35.09843,32.58546,13.0,0.07567114,-0.006730016
-35.14783,32.59219,13.0,0.06537569,0.02793353
-34.90085,33.2476,13.0,4.089946,0.3024873
-33.70047,39.041340000000005,13.0,11.50773,0.23696729999999996
-32.264829999999996,44.54925,13.0,2.480686,-0.7071559000000001
-32.91632,43.26781,13.0,6.116276,0.5588074000000001
-39.678709999999995,41.45462,13.0,13.767679999999999,0.5478375
-52.05062,44.87593,13.0,20.877860000000002,0.49758679999999994
-69.92598000000001,44.27582,13.0,27.46714,0.4813802
-92.43118,41.936840000000004,13.0,33.59533,0.2114154
-119.4784,42.39114,13.0,39.11394,0.30709749999999997
-144.2034,28.38795,13.0,38.10934,-0.03867297
-147.1586,-0.04787074,13.0,41.61956,0.196346
-144.7006,-32.69233,13.0,45.81368,-0.08985708
-157.5192,-56.71351,14.0,30.61648,-0.6020951
-160.265,-72.44969,14.0,24.45984,0.5523661
-140.9426,-75.56860999999999,14.0,29.99059,0.4218905
-119.1273,-83.78757,14.0,34.51054,0.3142205
-109.5616,-107.7558,14.0,37.44785,0.1520881
-125.4508,-129.9833,14.0,39.193090000000005,0.02124046
-145.6303,-125.8313,14.0,21.4668,-0.7766339
-145.8994,-119.9041,14.0,1.6280000000000001,0.2042213
-146.8091,-118.8438,14.0,1.841171,-0.02427264
-147.6143,-117.9719,14.0,1.379987,-0.194382
-149.6612,-117.2058,14.0,3.961902,-0.02263672
-150.5773,-117.3024,14.0,3.3048900000000003,0.3414365
-146.2477,-113.6366,14.0,11.999789999999999,0.2604581
-146.0395,-102.5154,14.0,19.22391,0.43443950000000003
-160.2198,-97.52319,14.0,24.09072,0.11795789999999999
-167.9568,-113.8453,14.0,28.74636,0.4938349
-166.3381,-137.6961,14.0,35.7542,0.5278303000000001
-166.6864,-166.6847,14.0,42.45942,0.23432240000000001
-167.265,-200.5279,14.0,48.79152,0.21797579999999997
-164.9626,-238.0384,14.0,48.15651,-1.590005
-146.4383,-254.8362,14.0,21.79918,-1.13791
-141.738,-251.2866,14.0,4.133233000000001,-0.074402
-140.58100000000002,-249.0505,14.0,5.459515000000001,0.8152549
-134.1862,-248.7674,14.0,12.36588,0.7588961999999999
-124.6277,-251.653,14.0,12.0055,-0.3469284
-120.9841,-245.2414,14.0,13.19215,0.8076289000000001
-124.355,-232.435,14.0,21.97312,0.5840724
-126.8978,-213.5203,14.0,29.51998,0.5298826999999999
-127.1034,-189.1929,14.0,34.63843,-0.33284600000000003
-110.3772,-180.1034,14.0,22.96203,-0.8357988000000001
-105.62899999999999,-198.4198,14.0,35.215790000000005,1.518414
-107.3013,-231.9973,14.0,55.04374,1.2989879999999998
-91.18852,-267.4327,14.0,47.424240000000005,-1.257655
-59.14249,-267.845,14.0,45.40903,-0.2724043
-48.50642,-239.1061,14.0,44.557629999999996,0.228544
-44.71317,-205.1246,14.0,48.74452,0.33403320000000003
-21.63188,-175.2523,14.0,53.84649,0.4100362
6.154416,-145.1015,14.0,54.141130000000004,-0.2237742
5.500712,-118.4555,14.0,27.882640000000002,-0.520506
-4.891826,-101.2802,14.0,30.39317,0.4777668
-5.027101,-76.34871,14.0,37.136520000000004,0.5164008
-2.826526,-46.37489,14.0,43.788309999999996,0.45796640000000005
-2.25601,-11.61258,14.0,50.02814,0.42388000000000003
-6.040973,26.371940000000002,14.0,48.00873,-1.245463
-31.80432,42.7742,14.0,43.37641,0.12137339999999999
-66.14138,40.34163,14.0,49.37435,0.43214309999999995
-104.8805,40.717240000000004,14.0,55.173469999999995,0.18767999999999999
-139.2418,35.828829999999996,14.0,36.61619,-1.4467299999999998
-144.9011,22.06847,14.0,3.775083,-2.165699
-142.6068,23.76567,14.0,5.071433,0.45404970000000006
-141.3201,25.40804,14.0,2.794159,0.3809274
-144.6999,21.95544,14.0,9.487062,0.1654405
-149.5144,22.02436,14.0,1.634947,-0.3907842
-147.5114,20.809279999999998,14.0,7.810171,0.6605444
-142.1409,13.685889999999999,14.0,16.44285,0.5644876
-140.8258,-1.3584200000000002,14.0,24.57161,0.5783365
-142.8643,-22.411089999999998,14.0,32.297340000000005,0.5361558000000001
-141.8817,-36.622370000000004,1.0,7.61221,1.4838870000000002
-143.4476,-45.56125,1.0,16.7079,0.31134850000000003
-154.6674,-55.853590000000004,1.0,24.94996,0.301827
-162.017,-72.04723,1.0,26.24543,-0.29999899999999996
-146.7266,-72.87955,1.0,25.32779,0.5511437
-135.8815,-68.27613000000001,1.0,0.4918264,-1.263649
-135.8588,-68.27946,1.0,0.0261373,-0.00020579299999999999
-135.8403,-68.2821,1.0,0.02649294,0.01324531
-135.8251,-68.28381,1.0,0.01897539,0.003867363
-136.0422,-70.69711,1.0,4.664540000000001,-0.01216081
-135.6501,-73.93803,1.0,4.0519940000000005,-0.06994726
-136.6819,-76.35033,1.0,3.072584,-0.4411638
-135.2866,-75.55412,1.0,6.800235000000001,0.32299340000000004
-127.0783,-75.66,1.0,15.5906,0.5987591
-116.9417,-84.86211,1.0,22.937620000000003,0.2890336
-110.2791,-103.5008,1.0,30.292009999999998,0.4353379
-117.8673,-125.9802,1.0,35.49454,0.14015729999999998
-141.1012,-131.2208,1.0,28.362440000000003,-1.197975
-144.1821,-116.8305,1.0,22.45306,0.44483959999999995
-138.4575,-108.7088,1.0,0.03861085,-0.03255048
-138.4583,-108.726,1.0,0.02620987,0.00154054
-138.4665,-108.7388,1.0,0.1719997,0.14236500000000002
-142.1884,-108.2117,1.0,8.220316,0.1086713
-145.7282,-110.8371,1.0,0.1584992,-0.6243103
-144.533,-107.804,1.0,8.825846,0.3097193
-147.5351,-99.12637,1.0,16.83855,0.5402816
-159.5044,-96.43522,1.0,15.56321,-0.3365209
-166.213,-105.635,1.0,21.67685,1.2110299999999998
-168.9378,-126.4489,1.0,34.40036,0.4262863
-164.3443,-153.4971,1.0,40.493959999999994,-0.7968420999999999
-165.6806,-179.5342,1.0,31.81028,-0.4882601
-167.8424,-203.976,1.0,40.56864,1.303381
-166.3208,-232.6721,1.0,35.29167,-0.5710571999999999
-155.0801,-250.143,1.0,25.333170000000003,0.003984774
-134.806,-248.4458,1.0,30.78122,0.8788925
-122.0162,-233.6341,1.0,23.46334,-0.5353161999999999
-131.1687,-218.8798,1.0,22.20502,-0.5752972
-123.1197,-205.1614,1.0,19.23218,-0.48534809999999995
-124.9363,-192.1476,1.0,16.67304,-0.3582857
-118.4794,-183.9865,1.0,18.92615,0.2883072
-110.7846,-192.3661,1.0,15.60895,-0.1314431
-110.0591,-203.00799999999998,1.0,14.01366,0.2447699
-109.1839,-216.7801,1.0,22.69011,0.5645435999999999
-107.1311,-236.2936,1.0,30.21292,0.269907
-99.38893,-259.6343,1.0,36.33831,0.161135
-75.13766,-271.4524,1.0,39.26657,0.09946132
-53.49762,-254.2009,1.0,39.66965,0.00896322
-50.41738,-223.6943,1.0,44.071290000000005,0.31052579999999996
-34.45224,-193.21599999999998,1.0,49.23037,0.395557
-9.116771,-164.072,1.0,54.96526,0.3863644
11.5502,-127.7817,1.0,54.26685,-1.237744
10.5191,-105.15700000000001,1.0,8.237473,-3.049398
9.782494,-104.2578,1.0,0.4423754,0.01665497
10.61009,-104.8025,1.0,4.468056,0.2206826
15.145979999999998,-107.205,1.0,8.51684,-0.06653252
18.52797,-106.9198,1.0,0.2367252,0.6084217
15.23211,-107.9868,1.0,9.010168,0.6176845000000001
6.563916000000001,-111.9935,1.0,15.897520000000002,0.197944
-0.23124850000000002,-103.179,1.0,20.46176,0.25480970000000003
0.1124613,-85.72816,1.0,27.162470000000003,0.4705676
-5.0401110000000005,-63.73121999999999,1.0,33.906620000000004,0.47982359999999996
-6.0050669999999995,-36.17015,1.0,40.548809999999996,0.4622668
-6.328558999999999,-3.81094,1.0,46.73386,0.2167875
-8.436250999999999,31.40815,1.0,42.6721,-1.507444
-21.51086,44.50207,1.0,13.387979999999999,-0.6792169
-31.209909999999997,38.07027,1.0,19.44024,0.4910924
-48.14095,39.4947,1.0,26.65114,0.5197769
-70.47381,39.53386,1.0,33.6697,0.4869536
-97.91261,39.81501,1.0,40.34903,0.46322959999999996
-129.618,40.394740000000006,1.0,39.96107,-1.466968
-144.4866,27.5506,1.0,17.30946,-1.639835
-138.6066,24.682,1.0,10.090910000000001,0.02393744
-137.7517,24.242160000000002,1.0,0.05955587,-0.04823234
-137.7586,24.2063,1.0,0.3787943,0.03422867
-141.0947,24.60064,1.0,8.163785,0.3636072
-148.4322,24.52696,1.0,9.053606,-0.7895535
-151.1919,25.40823,1.0,0.8425143,0.6791536
-148.3252,23.13815,1.0,9.127538000000001,0.5710781999999999
-148.1991,14.06221,1.0,16.33673,0.2683784
-151.4866,0.5013528,1.0,22.363670000000003,0.24423240000000002
-147.1073,-18.04813,1.0,29.017090000000003,0.22605740000000002
-147.2837,-41.59657,2.0,33.933659999999996,-0.2354154
-165.0815,-57.12484,2.0,31.53003,-0.6754965999999999
-160.7445,-72.83532,2.0,17.7221,-1.492141
-155.7451,-68.52295,2.0,1.1113979999999999,-2.55924
-155.6928,-68.52779,2.0,0.04246956,-0.005750478000000001
-155.8308,-68.99133,2.0,3.2595259999999997,0.529308
-156.347,-72.5489,2.0,4.993526,-0.02465079
-156.9934,-75.16642,2.0,0.07729544,0.29657290000000003
-154.1249,-73.08434,2.0,9.548914,0.3246855
-144.8074,-75.92886999999999,2.0,17.949479999999998,0.6170295
-131.9151,-82.44353000000001,2.0,18.833679999999998,-0.2766833
-119.8249,-87.61925,2.0,21.14049,1.23686
-110.5325,-105.8098,2.0,31.20018,-0.3027474
-121.0927,-126.1744,2.0,32.9897,-0.08970479
-142.0914,-128.2579,2.0,24.17245,-0.6177233
-141.45600000000002,-114.7898,2.0,23.03014,0.5096282
-143.6125,-102.3406,2.0,19.21161,0.25714580000000004
-158.2698,-103.8133,2.0,19.1332,-0.5859321
-161.0839,-115.6839,2.0,16.69933,0.09162319
-164.3633,-129.0705,2.0,22.39091,0.2783514
-165.3432,-148.5391,2.0,30.28452,0.5476103
-165.4304,-173.8531,2.0,37.77987,0.2592869
-165.8412,-204.4823,2.0,44.82679,0.4895202
-164.2584,-238.9854,2.0,38.176359999999995,-3.754255
-151.9745,-251.6154,2.0,24.36958,0.5254979000000001
-131.4643,-250.1425,2.0,30.408009999999997,-0.12533239999999998
-127.3486,-233.0842,2.0,26.61924,0.658278
-125.7403,-210.1144,2.0,35.13734,0.23096910000000004
-124.5815,-186.4667,2.0,17.72387,-1.257436
-116.1636,-184.458,2.0,14.80395,0.21345100000000003
-110.6006,-195.895,2.0,22.08849,0.5956224
-108.985,-215.1763,2.0,30.06805,0.27229359999999997
-105.4987,-240.0434,2.0,37.52704,0.2575041
-91.87451,-266.0489,2.0,42.191829999999996,-0.03184761
-63.48348000000001,-266.3284,2.0,41.1851,0.2465145
-48.72594,-240.6352,2.0,42.62362,0.315436
-46.35083,-207.2435,2.0,47.96929,0.21546710000000002
-24.09874,-178.0554,2.0,52.81044,0.2102159
2.6144369999999997,-146.8126,2.0,54.44464,-0.7309366999999999
7.00055,-124.2007,2.0,17.54316,-0.17185970000000003
-3.6342489999999996,-112.48,2.0,25.2234,0.4806956
-6.811344,-91.6388,2.0,32.46226,0.5469658000000001
-6.741376,-64.83784,2.0,39.82674,0.5098326
-6.896228,-32.72675,2.0,46.70231,0.2259478
-7.342863,4.290971,2.0,53.211119999999994,0.462297
-13.54093,39.7342,2.0,37.60318,-2.627137
-25.94657,45.87108,2.0,2.668602,-1.485783
-25.79345,42.57764,2.0,8.907561,0.5885855
-34.192890000000006,40.40033,2.0,16.99757,0.5999522
-48.3879,46.60125,2.0,24.639020000000002,0.44318450000000004
-69.05461,43.68719,2.0,32.072140000000005,0.2791607
-95.5562,41.534290000000006,2.0,39.45811,0.5115385
-127.2637,39.85445,2.0,46.17187,0.19708979999999998
-150.0843,25.24987,2.0,24.86711,-2.2913330000000003
-149.1924,19.09297,2.0,3.7212660000000004,0.3457232
-144.0821,17.22964,2.0,12.27489,0.6203328
-146.0566,5.904774,2.0,20.25879,0.301822
-150.1301,-9.881306,2.0,26.07422,0.5464826999999999
-145.9834,-31.48654,2.0,33.3559,0.23987470000000002
-143.438,-40.68913,3.0,11.52655,-0.01553816
-148.5745,-48.88775,3.0,18.00424,0.28109290000000003
-159.6194,-53.80431,3.0,14.87945,-0.2328502
-166.5358,-59.52876,3.0,10.94073,-0.2132078
-164.5352,-66.81133,3.0,12.50567,0.3262245
-154.1992,-72.43093,3.0,20.30497,0.5843520000000001
-136.4395,-73.28143,3.0,27.903140000000004,0.5753486
-117.9273,-82.95267,3.0,25.93572,-0.4043864
-108.44,-98.01833,3.0,26.81482,1.2134459999999998
-110.2449,-118.064,3.0,24.95352,-0.38797659999999995
-120.6509,-130.4549,3.0,19.83398,-0.2984029
-137.0037,-132.5862,3.0,22.66677,-0.5846888000000001
-144.8367,-115.3785,3.0,31.899340000000002,-0.6113122
-157.1557,-103.463,3.0,16.40425,-0.45270070000000007
-166.1755,-112.4012,3.0,22.18785,0.565629
-168.6951,-131.6255,3.0,30.161820000000002,0.5601755
-169.3545,-156.6572,3.0,37.448570000000004,0.5262448000000001
-167.27,-186.857,3.0,44.35595,0.2378268
-164.051,-222.0161,3.0,49.92065,-0.05326791
-157.9794,-254.3059,3.0,36.99975,-1.435538
-138.5692,-255.7657,3.0,26.80108,0.5135849
-125.4233,-237.87599999999998,3.0,33.0017,0.2205067
-128.4305,-212.0934,3.0,37.03156,-0.4806399
-125.4568,-186.9136,3.0,30.86845,-0.6866161
-111.1672,-179.8903,3.0,21.57803,-0.4197234
-110.1218,-195.5765,3.0,25.443179999999998,0.43198729999999996
-104.8817,-216.1681,3.0,31.626820000000002,-0.1114423
-105.8566,-238.0304,3.0,27.485570000000003,0.02975858
-102.8108,-261.2894,3.0,36.339459999999995,0.2067185
-79.78799000000001,-271.0573,3.0,37.26089,0.2122589
-61.11615,-268.654,3.0,14.043870000000002,-0.49921530000000003
-56.18764,-266.6837,3.0,1.0090649999999999,-0.8086188
-57.115919999999996,-267.3412,3.0,0.9280333000000001,0.02832522
-56.315740000000005,-266.6311,3.0,4.699483,0.4596251
-53.083819999999996,-262.9544,3.0,7.80388,0.08181397
-48.370459999999994,-263.4348,3.0,3.226641,-0.8054233000000001
-48.98129,-262.2325,3.0,6.399925,0.30663809999999997
-49.88948,-254.6195,3.0,14.646270000000001,0.5644597
-46.43226,-241.2645,3.0,22.47358,0.5737277
-43.680279999999996,-222.0885,3.0,29.8186,0.5295718
-40.66393,-197.5578,3.0,36.6035,0.374322
-24.45322,-174.8971,3.0,41.04189,0.45938999999999997
-5.203858,-156.5072,3.0,25.12152,-1.533867
7.4983770000000005,-146.2948,3.0,19.494870000000002,-0.384872
11.79467,-134.8125,3.0,14.804179999999999,-0.1390614
7.677637,-123.774,3.0,19.52115,0.5400841
-2.3582560000000004,-109.9164,3.0,26.79624,0.5287195
-9.307295,-88.52469,3.0,33.678340000000006,0.47528760000000003
-9.973227,-61.27386,3.0,40.08708,0.4648615
-5.427276,-29.46408,3.0,46.6965,1.171793
-3.477636,1.7242240000000002,3.0,31.61161,-2.466409
-4.691171,14.0633,3.0,4.139204,-0.30811669999999997
-5.4918059999999995,18.46265,3.0,10.389610000000001,0.2928358
-8.470553,28.850959999999997,3.0,18.67484,0.5945684
-19.72403,40.433659999999996,3.0,25.79695,0.5456721
-40.49142,44.93452,3.0,32.3746,0.5181661
-67.05986,44.6386,3.0,39.230259999999994,0.2414526
-98.51055,42.736990000000006,3.0,45.75267,0.2258397
-131.7559,38.74143,3.0,41.07761,-1.293513
-150.4485,21.83748,3.0,33.00987,-0.49579449999999997
-143.6487,-1.8934790000000001,3.0,35.28503,0.1740546
-144.5626,-30.2741,3.0,41.39445,0.21893320000000002
-151.8374,-53.17945,4.0,20.142789999999998,-1.618816
-165.5568,-55.94055,4.0,19.17301,-0.05412287
-163.8292,-68.60847,4.0,22.67641,0.2510068
-145.6117,-72.51883000000001,4.0,29.137240000000002,0.25690250000000003
-123.2887,-79.91016,4.0,35.126509999999996,0.1616144
-108.4224,-102.7759,4.0,39.2823,-0.07006162
-119.2286,-127.6649,4.0,37.28989,0.04142246
-142.2215,-128.0623,4.0,31.0952,-0.48962829999999996
-144.4547,-106.426,4.0,30.55756,-0.39727470000000004
-156.3055,-99.24533000000001,4.0,17.15425,0.29707209999999995
-166.1637,-111.0224,4.0,25.13358,0.4928699
-169.5822,-132.1059,4.0,32.44347,0.2608048
-169.4252,-158.5279,4.0,39.14028,0.4846818
-166.5977,-189.8761,4.0,45.68274,0.4913827
-163.4946,-225.6593,4.0,49.11076,-0.18848810000000002
-158.5479,-251.1438,4.0,20.83907,-0.2196594
-145.4924,-257.6696,4.0,22.50464,0.5396308000000001
-130.6672,-250.7128,4.0,26.29123,0.47509830000000003
-125.1276,-229.1866,4.0,33.23703,0.3957761
-128.809,-202.7017,4.0,39.18158,0.1769156
-117.5607,-178.076,4.0,34.70936,-0.502243
-99.56555,-184.9056,4.0,24.510270000000002,-0.6109597
-109.649,-195.351,4.0,23.81664,0.2616151
-114.5549,-201.5513,4.0,0.01960066,-0.03457358
-114.5549,-201.5535,4.0,0.01464721,0.01518767
-112.8828,-201.7807,4.0,4.963759,0.2932386
-109.7667,-198.9207,4.0,4.105732,-0.6278033000000001
-109.6443,-198.8934,4.0,3.7570379999999997,0.26161449999999997
-108.7267,-204.2602,4.0,10.864310000000001,0.4701773
-106.6229,-214.6205,4.0,17.50514,0.23188029999999998
-105.1572,-229.8106,4.0,23.67464,0.42426620000000004
-105.595,-249.4928,4.0,29.20423,0.3339315
-93.86433000000001,-268.6143,4.0,32.73487,0.1334237
-69.44528000000001,-270.2524,4.0,35.726690000000005,0.28145440000000005
-50.13627,-252.7412,4.0,36.84315,0.001242527
-48.965709999999994,-223.8456,4.0,40.9901,0.12066969999999999
-39.52535,-193.4574,4.0,45.10165,0.1007488
-16.6851,-168.4203,4.0,46.28021,-0.2789879
3.175802,-150.2543,4.0,22.97854,-0.24118789999999998
12.27674,-138.9801,4.0,16.459979999999998,-0.4646067
8.584048,-125.20700000000001,4.0,24.3148,0.19691270000000002
-3.402371,-109.1608,4.0,29.6324,0.18128160000000001
-9.689029,-86.09174,4.0,34.878479999999996,0.36130759999999995
-9.937242999999999,-58.49266,4.0,39.756859999999996,0.15689779999999998
-4.403687000000001,-27.7521,4.0,44.4838,0.1620305
-2.115791,6.53441,4.0,48.25008,0.21442600000000003
-11.37648,33.59782,4.0,27.628770000000003,0.2773862
-30.78503,43.35244,4.0,32.09787,0.1558878
-56.37563000000001,43.318709999999996,4.0,37.201029999999996,0.37157579999999996
-85.83712,43.13351,4.0,42.15576,0.3625934
-117.6712,40.28739,4.0,41.51982,-1.1813
-138.0743,36.82325,4.0,14.197920000000002,-0.3705337
-146.3153,27.58175,4.0,20.15,0.41754830000000004
-147.642,10.704360000000001,4.0,25.86437,0.41409890000000005
-143.4589,-10.13623,4.0,31.53071,0.3979491
-142.4861,-34.96495,5.0,33.18392,-0.745586
-154.459,-51.50778,5.0,27.2951,0.32327649999999997
-168.7603,-63.39721,5.0,20.36504,-1.180893
-159.1777,-69.59583,5.0,15.64976,0.01186468
-144.6402,-71.97914,5.0,23.69738,0.22121590000000002
-125.7525,-77.58578,5.0,29.384109999999996,0.18605829999999998
-109.4136,-93.47487,5.0,33.221740000000004,0.1744175
-111.2359,-117.9276,5.0,33.415040000000005,-0.20842370000000002
-127.4125,-133.0061,5.0,27.74499,-0.7421186
-141.67700000000002,-124.9703,5.0,23.99237,0.3562843
-148.9848,-106.904,5.0,29.03156,0.16306279999999998
-164.6625,-102.238,5.0,17.44764,-0.2591843
-164.5804,-114.1098,5.0,17.7338,0.32477649999999997
-167.2706,-130.5926,5.0,28.079859999999996,0.6180996999999999
-168.6451,-158.3794,5.0,44.8657,0.2793178
-164.5787,-193.5404,5.0,51.01444,0.5346516
-164.236,-225.7101,5.0,27.732870000000002,-2.472836
-162.9775,-241.3404,5.0,18.186139999999998,-0.222433
-158.4915,-251.9765,5.0,15.08963,0.1338749
-145.7919,-260.0628,5.0,25.09884,0.3714685
-129.4859,-249.0783,5.0,33.12174,0.9735171
-125.8766,-221.0013,5.0,42.20282,0.02769606
-128.713,-196.6011,5.0,21.29338,-0.5009272
-123.6921,-184.6099,5.0,15.120220000000002,0.42446670000000003
-109.5615,-183.5162,5.0,24.21264,0.05622594
-102.4478,-200.0629,5.0,28.966859999999997,0.6585175
-103.9136,-224.9537,5.0,36.56515,0.23014120000000002
-105.3363,-251.4542,5.0,32.55401,-0.2757065
-93.95819,-269.1199,5.0,30.667240000000003,0.26354140000000004
-70.33298,-270.8089,5.0,34.64748,0.26764299999999996
-51.87393,-253.6916,5.0,36.50156,0.24883609999999998
-47.42799,-225.1537,5.0,41.22616,0.16880870000000003
-40.45832,-193.7552,5.0,45.57694,0.234279
-18.85494,-167.0646,5.0,47.73151,-0.299608
-2.367745,-155.72799999999998,5.0,13.715620000000001,-0.3684054
4.547547,-150.8614,5.0,9.231314,-0.29123790000000005
8.743292,-147.0879,5.0,7.858465,0.5269706999999999
12.88615,-139.9347,5.0,14.53476,0.44659390000000004
10.416260000000001,-127.45100000000001,5.0,20.5081,0.41155280000000005
0.06895897,-113.5125,5.0,26.330659999999998,0.4119282
-7.952433,-93.54991,5.0,31.760790000000004,0.1915171
-10.61695,-68.33746,5.0,36.823190000000004,0.3665507
-5.987289,-39.62373,5.0,41.70278,0.3722413
-1.572727,-7.333944,5.0,46.241620000000005,-0.02650579
-4.602246,19.46249,5.0,23.443,-1.909802
-8.016191000000001,27.970159999999996,5.0,14.03699,0.7756536999999999
-15.69859,38.040459999999996,5.0,20.22043,0.3989975
-31.370720000000002,44.5473,5.0,25.89145,0.3897027
-52.58961,45.21882,5.0,31.484479999999998,0.2039181
-77.905,44.39568,5.0,36.84333,0.3753917
-107.0253,42.383109999999995,5.0,41.83704,0.3512838
-132.5944,39.50913,5.0,20.87791,-1.067394
-144.4666,30.448090000000004,5.0,23.57666,0.3819618
-147.9624,11.49993,5.0,28.805229999999998,0.1860736
-143.1901,-11.32001,5.0,34.12792,0.18426389999999998
-142.9603,-35.99439,6.0,25.328310000000002,-2.971709
-146.9929,-46.44147,6.0,15.29946,0.5330648
-157.5768,-54.55689,6.0,17.09937,-0.4212869000000001
-165.8474,-60.558069999999994,6.0,12.272860000000001,0.01469483
-160.9559,-71.16641,6.0,22.040879999999998,0.3666058
-140.8219,-71.59475,6.0,34.353809999999996,0.344181
-115.7087,-84.42384,6.0,41.89739,-0.26933609999999997
-112.2203,-109.5837,6.0,27.65976,-2.956131
-117.2089,-119.8724,6.0,11.48323,0.5065129
-122.5014,-130.8355,6.0,18.41456,-0.5352903
-135.1605,-133.3665,6.0,21.0328,0.40718730000000003
-144.6212,-119.8231,6.0,26.537309999999998,0.27361729999999995
-148.9309,-105.4904,6.0,8.204775,-0.140019
-154.0991,-101.759,6.0,12.00014,0.3474348
-164.3359,-103.1881,6.0,15.44621,0.09052588
-167.3455,-117.0033,6.0,25.483,0.9687138000000001
-168.9389,-141.0098,6.0,38.7299,0.8762664000000001
-168.2082,-173.8984,6.0,49.77111,0.3345301
-164.3967,-213.1784,6.0,52.00935,-0.21063720000000002
-162.6453,-246.9405,6.0,37.666140000000006,-1.249422
-146.5634,-258.2231,6.0,23.32294,-0.5352585
-132.5743,-253.05,6.0,20.62857,0.6703821999999999
-125.4589,-236.3454,6.0,27.61545,0.19019049999999998
-126.3033,-213.9821,6.0,32.95865,0.4008744
-128.1345,-189.2097,6.0,27.26725,-3.461012
-117.5362,-182.1298,6.0,19.98103,0.3809321
-105.1001,-191.7307,6.0,24.47044,0.34759090000000004
-102.7196,-211.5765,6.0,29.81193,0.1909766
-105.3785,-235.5374,6.0,35.23717,0.3824626
-102.4301,-262.8572,6.0,38.52871,-0.08654636
-79.78501999999999,-271.9514,6.0,31.326290000000004,-0.5856819999999999
-60.15068,-266.6748,6.0,23.75195,-0.5567228
-49.75672,-253.2988,6.0,27.83482,0.38126129999999997
-45.93812,-230.9008,6.0,33.33778,0.4070112
-42.95751,-204.4371,6.0,38.53584,0.3572775
-31.01442,-177.9286,6.0,41.0525,0.09528995
-7.447666000000001,-160.3703,6.0,30.04787,-2.370146
3.149343,-152.3028,6.0,12.37545,-0.21907680000000002
9.714162,-145.9987,6.0,13.366029999999999,0.1320404
12.75071,-134.4442,6.0,20.65898,0.29700709999999997
2.651663,-119.0013,6.0,31.58713,1.079925
-8.087346,-93.06766999999999,6.0,45.31205,0.48894490000000007
-8.843521,-54.81207,6.0,57.69381,0.415181
-1.397468,-10.66055,6.0,60.23455,-1.146081
-5.657161,21.02344,6.0,23.40224,-0.7742523
-12.85871,35.337540000000004,6.0,23.52926,0.46302570000000004
-31.3472,44.383379999999995,6.0,33.92918,0.4667897
-61.8802,44.89215,6.0,48.83097,1.106147
-102.9849,42.98522,6.0,57.772240000000004,-1.1765860000000001
-125.8602,39.60751,6.0,14.390020000000002,-0.34736999999999996
-136.0237,37.426829999999995,6.0,18.737389999999998,1.36002
-147.0856,25.73075,6.0,25.2208,0.3324547
-146.5775,5.1176699999999995,6.0,30.68352,0.40238609999999997
-141.5885,-19.174670000000003,6.0,35.95349,0.1484438
-142.0009,-35.77708,7.0,8.787737,0.5125644
-144.1712,-44.5156,7.0,15.41792,0.2204419
-154.6906,-52.56709,7.0,21.2539,0.4357634
-167.5587,-62.42931,7.0,20.69608,-0.6660179
-164.8309,-74.10181999999999,7.0,15.70851,0.07761298
-152.7905,-76.60263,7.0,19.00229,0.1393189
-138.4074,-73.14173000000001,7.0,20.87677,0.22503389999999998
-122.2793,-77.16528000000001,7.0,26.51315,1.181549
-109.05,-94.25618,7.0,31.6869,0.2129107
-112.3059,-118.1868,7.0,34.956340000000004,0.16847979999999999
-134.3677,-131.8115,7.0,36.034929999999996,-0.7958698000000001
-147.5062,-121.8054,7.0,15.330689999999999,-0.7649809000000001
-143.0761,-114.6144,7.0,13.087860000000001,0.46858679999999997
-148.013,-103.9261,7.0,16.444779999999998,-0.07000054
-160.5695,-102.7195,7.0,20.758020000000002,0.22606439999999997
-166.3505,-115.9065,7.0,19.809260000000002,0.038287699999999994
-166.3148,-132.7642,7.0,26.91024,0.8121964
-169.1973,-157.8274,7.0,41.10567,0.47448450000000003
-169.9005,-192.9593,7.0,53.36022,0.8232478000000001
-168.338,-231.7942,7.0,46.93949,-1.671401
-155.7159,-252.9276,7.0,27.18941,-0.7742318
-138.5254,-253.5857,7.0,21.73401,0.15359260000000002
-126.3473,-242.8412,7.0,25.28125,0.9313651
-126.0128,-220.4183,7.0,33.39103,0.388873
-126.0853,-193.7525,7.0,38.218,-0.06684645
-117.2589,-179.6627,7.0,14.08748,-0.5035152
-110.0294,-188.6787,7.0,20.469820000000002,0.22178979999999998
-108.9084,-206.0613,7.0,26.464609999999997,0.20543989999999998
-108.6005,-227.7914,7.0,32.137029999999996,0.3858045
-105.0138,-252.9659,7.0,36.66196,0.2448868
-84.91208,-271.4966,7.0,39.13154,0.04938847
-57.911030000000004,-265.4616,7.0,39.31885,-0.0047407859999999994
-49.44222,-238.0043,7.0,41.49382,0.3365897
-44.677640000000004,-206.237,7.0,45.07066,0.05103949
-22.9943,-179.6036,7.0,48.70317,0.34610840000000004
1.556265,-151.0543,7.0,49.17853,-2.056382
8.730792999999998,-127.316,7.0,23.82593,-0.6247288000000001
-2.283659,-110.8553,7.0,30.83975,0.3929528
-5.213998999999999,-84.53801,7.0,44.22128,1.33307
-0.8697336999999999,-45.57541,7.0,61.14594,0.5470129
-1.951483,3.201317,7.0,63.483230000000006,-0.4962893
-10.956,38.2728,7.0,33.98811,-1.266983
-33.24335,40.97525,7.0,36.571290000000005,1.270715
-62.814890000000005,40.45324,7.0,42.46294,0.3450041
-96.04168,40.72222,7.0,47.08935,0.162476
-132.1177,40.08182,7.0,47.65789,-0.4091509
-147.4337,23.60814,7.0,28.4868,0.1402109
-145.3034,0.5200329,7.0,33.86484,0.380733
-145.5344,-26.47615,7.0,39.050740000000005,0.36318390000000006
-154.9103,-52.97776999999999,8.0,36.10803,-0.29634829999999995
-168.4151,-66.51755,8.0,20.5609,0.32446090000000005
-156.9436,-78.82798000000001,8.0,27.608140000000002,0.1994501
-134.8495,-77.16185,8.0,32.22065,0.08565703
-115.1004,-90.65866,8.0,34.96031,0.08978491
-112.5936,-116.3742,8.0,37.00298,0.050377899999999996
-133.9944,-132.0418,8.0,35.890390000000004,-0.7579319999999999
-146.6856,-127.5335,8.0,3.05816,-0.3947166
-143.67700000000002,-124.9939,8.0,9.191742999999999,0.2585855
-142.1029,-116.2108,8.0,15.66439,0.45017390000000007
-149.9248,-105.1105,8.0,21.506079999999997,0.3656065
-165.2414,-105.9619,8.0,23.67141,0.04108659
-167.0077,-124.2417,8.0,28.05992,0.42036179999999995
-168.396,-146.9157,8.0,33.34845,0.1844931
-171.1405,-173.2839,8.0,38.30341,0.34291409999999994
-169.1579,-203.5346,8.0,43.17035,0.1613976
-167.4167,-237.0873,8.0,46.71832,-0.4280228
-147.811,-256.8782,8.0,34.55896,-0.6329401
-130.2531,-245.7374,8.0,29.1087,0.4155898
-127.2079,-222.6042,8.0,34.522529999999996,0.4059173
-126.6442,-195.1722,8.0,38.89532,-0.1027974
-115.6522,-179.4772,8.0,16.38812,-0.676239
-107.8097,-188.08700000000002,8.0,19.65795,0.4273987
-106.7423,-204.8433,8.0,25.69838,0.4207157999999999
-106.0502,-226.0703,8.0,31.402309999999996,0.4116194
-103.7625,-251.0821,8.0,36.30996,0.2600245
-85.84573,-271.0731,8.0,38.46929,0.08259612
-59.191990000000004,-266.1494,8.0,39.10885,0.07778928
-47.58736,-239.9956,8.0,41.28418,0.3445327
-44.49892,-207.8787,8.0,45.56799,0.13349760000000002
-24.42744,-181.1527,8.0,47.47108,0.1519552
-0.15212699999999998,-153.6087,8.0,50.74883,-0.22638229999999998
7.790545,-124.5116,8.0,34.15395,-0.5932165
-6.469374,-101.611,8.0,39.401790000000005,-0.256064
-3.150268,-72.20883,8.0,42.38166,0.3538324
-1.236976,-39.123979999999996,8.0,46.929590000000005,0.32937
-1.7507540000000001,-2.724589,8.0,51.328140000000005,0.30560149999999997
-8.279282,33.68591,8.0,41.92836,-2.304334
-25.211779999999997,42.43423,8.0,10.92123,-2.286361
-27.091459999999998,38.334579999999995,8.0,8.75563,0.4395017
-34.97951,38.95681,8.0,15.05545,0.45678739999999995
-44.55396,48.207609999999995,8.0,20.524820000000002,0.35194590000000003
-48.026070000000004,48.58664,8.0,0.02721735,0.03813165
-48.171859999999995,48.08651,8.0,3.1439150000000002,0.4327293
-48.159240000000004,44.72459,8.0,5.246123000000001,-0.07818226
-47.33139,43.43473,8.0,2.949127,0.7056064999999999
-52.27467,46.10337,8.0,12.115260000000001,0.6152688000000001
-64.31633000000001,45.3368,8.0,20.63172,0.6052359
-82.51988,43.118559999999995,8.0,28.676909999999996,0.2786828
-106.4802,42.68843,8.0,36.09253,0.544039
-134.6827,41.020540000000004,8.0,39.57056,-0.3282693
-144.138,15.47993,8.0,41.58661,0.6932014
-146.5063,-18.33512,8.0,48.7604,0.22985460000000002
-142.0325,-34.56221,9.0,2.717397,-0.06006884
-142.8858,-38.39239,9.0,11.01885,0.6244799
-147.21200000000002,-47.31012,9.0,12.97897,-0.22152270000000004
-154.4364,-52.3,9.0,13.314620000000001,0.40480559999999993
-163.86900000000003,-55.74292,9.0,12.10018,-0.2561352
-166.8954,-62.801219999999994,9.0,11.753110000000001,0.8804559000000001
-158.8837,-72.55526,9.0,20.313760000000002,-0.196409
-145.6381,-73.01165999999999,9.0,16.19806,-0.23534259999999999
-133.4361,-73.79012,9.0,21.83372,1.233514
-117.0236,-82.22766999999999,9.0,25.85951,0.06858815
-107.7728,-98.92197,9.0,25.88605,-0.1668802
-108.3129,-113.4017,9.0,12.45893,-0.09521131
-111.2449,-121.7086,9.0,14.73065,0.6179684
-120.8021,-132.8658,9.0,20.45887,-0.3608876
-133.838,-134.3838,9.0,16.14657,-0.1417961
-143.1239,-126.4121,9.0,21.720779999999998,0.5567995
-149.0858,-108.3294,9.0,28.172890000000002,-2.158589
-158.6489,-99.3591,9.0,14.29335,-0.36821770000000004
-165.6048,-105.885,9.0,17.780520000000003,1.174159
-168.1705,-124.5174,9.0,32.72108,1.010601
-169.0183,-153.3724,9.0,43.59645,0.3463486
-166.6519,-187.12400000000002,9.0,47.422959999999996,0.08634155
-163.6025,-220.6383,9.0,41.56392,-0.5613364000000001
-161.4787,-245.5823,9.0,26.994459999999997,-0.5221808
-150.1273,-258.507,9.0,21.10618,-0.3453295
-136.9179,-258.3399,9.0,18.9618,0.9122081
-126.6159,-242.4042,9.0,33.20166,0.43297890000000006
-126.3243,-215.7575,9.0,35.419540000000005,-0.47966790000000004
-128.7852,-195.7795,9.0,16.48065,-1.220208
-126.3886,-185.3196,9.0,12.95014,-0.1410205
-115.3987,-181.8083,9.0,19.42286,0.05027152
-104.7958,-188.3838,9.0,15.28224,-0.2512237
-102.4528,-201.842,9.0,25.73809,1.1267280000000002
-104.2619,-225.2717,9.0,36.35779,0.27584749999999997
-105.3119,-252.5729,9.0,36.00447,-0.25405320000000003
-90.65746,-271.7139,9.0,32.65358,0.01303188
-67.00105,-270.3244,9.0,32.35934,-0.05931654
-51.18063,-253.1741,9.0,34.06232,0.18435279999999998
-46.47757,-227.5206,9.0,36.340540000000004,0.07358098
-42.01859,-200.9318,9.0,35.14312,-0.15105829999999998
-32.29741,-179.0753,9.0,29.87677,-0.2336241
-17.23497,-166.0376,9.0,24.25548,-0.3648132
-3.488053,-156.884,9.0,20.54778,-0.2997532
7.743954,-148.5986,9.0,18.46483,0.237475
12.47598,-133.9772,9.0,24.333879999999997,0.2454025
1.767325,-117.4333,9.0,29.0932,0.06793237
-8.091788000000001,-98.10603,9.0,29.8907,0.02272985
-11.28457,-75.81224,9.0,31.850929999999998,0.33467290000000005
-8.984724,-50.90667,9.0,35.01012,0.130643
-4.3125029999999995,-24.905920000000002,9.0,36.2354,0.07505138
-1.8887049999999999,1.6786830000000001,9.0,33.67987,-0.5596978
-5.422276,21.589389999999998,9.0,22.45778,-0.6127458
-12.08873,34.8471,9.0,23.091920000000002,1.373198
-29.415390000000002,44.46862,9.0,30.59732,0.35788400000000004
-54.51766,44.10069,9.0,37.62685,0.5268583
-85.1252,44.22872,9.0,44.569520000000004,0.24889229999999998
-119.8788,41.18672,9.0,46.559,-0.5830641
-144.8623,31.2718,9.0,34.77766,-0.12164569999999998
-143.7445,5.747116,9.0,38.2621,0.5031548
-142.4048,-24.114810000000002,9.0,37.70361,-1.50894
-145.5851,-41.1618,10.0,16.16028,-0.1255465
-153.7782,-52.3097,10.0,18.72851,-0.32667090000000004
-164.8133,-57.98181999999999,10.0,14.89313,-0.15819439999999999
-165.7578,-67.60674,10.0,16.746679999999998,0.6518383000000001
-154.5168,-73.19091,10.0,18.060010000000002,0.04211166
-140.993,-72.65149,10.0,17.53129,-0.08698663
-126.1148,-76.52879,10.0,25.8313,0.5515979
-110.2424,-90.71976,10.0,32.40906,0.4121931
-108.899,-116.0122,10.0,36.05534,-0.6341340999999999
-121.5075,-131.5527,10.0,22.80545,-0.3661215
-136.1075,-132.8318,10.0,17.86308,-0.341995
-144.5969,-122.2467,10.0,22.83928,0.3034583
-149.3915,-105.9522,10.0,14.042370000000002,-1.492852
-152.7615,-102.3942,10.0,9.52712,0.5709281
-162.0052,-101.447,10.0,16.53,0.2158384
-167.5624,-114.1997,10.0,22.9782,0.5169537000000001
-168.7054,-133.8862,10.0,30.00187,0.23527070000000003
-168.6559,-158.6095,10.0,35.25339,0.03634623
-167.5961,-186.3754,10.0,39.32051,0.15185
-164.7525,-214.9786,10.0,35.73339,-0.5586838000000001
-163.4837,-238.71099999999998,10.0,28.606690000000004,-0.4903251
-155.651,-255.0347,10.0,21.6713,-0.4413733
-140.35299999999998,-259.443,10.0,23.89545,0.0031710059999999997
-128.5819,-246.747,10.0,25.96619,0.19220639999999997
-124.6908,-226.8874,10.0,29.108959999999996,0.1049695
-127.3248,-205.071,10.0,27.23025,-1.166023
-127.9299,-190.868,10.0,15.44191,-0.15834279999999998
-123.30799999999999,-182.8196,10.0,12.56062,0.2422946
-111.83200000000001,-182.8599,10.0,18.191229999999997,0.1608901
-103.3429,-192.3417,10.0,18.77424,0.1679474
-103.4746,-207.1958,10.0,21.28774,0.08314104
-104.5557,-223.2526,10.0,21.74533,-0.009376494
-106.0079,-241.8186,10.0,28.524829999999998,0.45844700000000005
-102.2498,-263.1355,10.0,29.22233,-0.1892357
-82.08866,-272.6553,10.0,35.49192,0.5124319
-56.36654,-263.589,10.0,38.24901,-0.1034667
-48.28349,-236.0266,10.0,42.218309999999995,0.41048009999999996
-43.1467,-204.6959,10.0,40.56119,-0.6591911
-32.57478,-180.1883,10.0,32.0027,-0.5883973000000001
-16.85029,-166.2533,10.0,25.32096,-0.2124811
-5.816368,-158.5419,10.0,12.66279,0.04599176
4.632604,-151.042,10.0,20.05385,-0.3503507
13.196779999999999,-139.3209,10.0,23.16171,1.088529
5.316609,-121.9659,10.0,29.684209999999997,0.23166370000000003
-7.230689,-101.8512,10.0,35.35153,0.4914169
-10.43985,-77.49374,10.0,31.22417,0.4971865
-8.614708,-52.02518,10.0,37.71542,0.4751472
-4.2234370000000006,-22.08625,10.0,43.792759999999994,0.4359187
-2.631468,12.12326,10.0,48.379940000000005,-0.01709878
-18.35766,39.991240000000005,10.0,42.56372,0.01349685
-50.494640000000004,44.77707,10.0,46.760490000000004,0.40758890000000003
-87.1375,44.0507,10.0,52.10325,0.3715785
-124.9036,40.01818,10.0,44.04783,-1.514752
-148.0903,25.40488,10.0,37.16834,-0.2549076
-142.9429,-1.7563509999999998,10.0,40.20905,0.36070949999999996
-143.5921,-31.21831,10.0,33.79915,-1.379169
-155.382,-53.478069999999995,11.0,36.3171,0.129446
-170.0274,-72.60348,11.0,26.581229999999998,-0.6290005
-159.418,-79.62201999999999,11.0,20.23036,0.3629653
-145.9345,-69.51714,11.0,25.53904,0.2088591
-127.0044,-77.17483,11.0,31.18873,0.24017080000000002
-111.0541,-93.60728,11.0,31.21818,1.033197
-111.9525,-118.1181,11.0,34.71866,0.24760700000000002
-127.0361,-132.6653,11.0,27.78122,0.3066533
-144.2805,-122.3426,11.0,31.421229999999998,0.34601350000000003
-147.3468,-103.7752,11.0,10.2553,-0.36954159999999997
-157.1731,-100.6921,11.0,20.56333,0.6246089
-166.7943,-113.505,11.0,25.92768,0.4501259
-166.165,-135.1504,11.0,32.55578,0.2283589
-168.4678,-161.5307,11.0,38.73482,0.20469310000000002
-165.8116,-192.3253,11.0,44.73447,0.4195899
-163.3199,-227.0896,11.0,46.8499,-0.3854324
-156.0813,-254.2177,11.0,29.06764,-1.356378
-136.0382,-258.5739,11.0,29.814220000000002,-0.198062
-126.212,-238.7818,11.0,33.45214,0.4468358
-126.7274,-211.6896,11.0,39.306290000000004,-0.03432238
-125.7082,-185.7775,11.0,31.90105,-0.670569
-109.0969,-182.7141,11.0,24.19246,-0.13466670000000003
-107.5829,-201.3907,11.0,28.852970000000003,0.2024108
-105.7827,-224.9003,11.0,34.98748,0.4465202999999999
-105.9736,-252.8904,11.0,40.30577,0.2434601
-85.99847,-272.3387,11.0,39.1448,0.1133538
-57.29747,-264.5688,11.0,41.79084,-0.2851468
-46.64865,-235.8159,11.0,44.44825,0.4014632
-41.55749,-201.1641,11.0,49.90939,0.304849
-21.88041,-170.10299999999998,11.0,47.52086,-0.703982
1.748386,-154.2492,11.0,32.29776,-0.5512593000000001
12.24935,-136.8016,11.0,24.10521,-0.2867348
5.09743,-120.5527,11.0,27.415429999999997,0.23061639999999997
-6.385989,-101.2639,11.0,33.49261,0.2216721
-10.3933,-74.50301,11.0,39.6447,0.4318072
-7.253863000000001,-43.146879999999996,11.0,45.3829,0.1966645
-1.8552220000000001,-7.909472,11.0,50.80766,0.36103070000000004
-8.292707,29.7547,11.0,49.096709999999995,-0.7490934
-37.03369,45.555479999999996,11.0,46.39188,0.2599444
-73.36019,42.29805,11.0,51.761390000000006,0.1886763
-113.4206,40.968990000000005,11.0,53.779140000000005,-1.051634
-145.2311,30.3752,11.0,42.12682,-0.21152759999999998
-146.3415,1.532174,11.0,41.92562,0.2065361
-142.8336,-30.69782,11.0,43.62461,-1.09152
-155.0681,-51.97618,12.0,27.26515,0.0805803
-168.68900000000002,-64.3773,12.0,24.192220000000002,-0.5939354
-154.8225,-71.99929,12.0,26.13655,0.5023074000000001
-133.3112,-72.92648,12.0,32.356590000000004,0.2021792
-112.2011,-87.35921,12.0,37.31491,0.11697080000000001
-108.214,-113.8897,12.0,33.29375,-1.088774
-122.4688,-129.5508,12.0,27.13812,-0.5199237
-139.2719,-131.8309,12.0,22.823539999999998,0.6338974
-146.4885,-115.875,12.0,27.79737,0.49785209999999996
-156.0606,-100.7575,12.0,21.33847,0.05648926
-167.1927,-108.3746,12.0,23.19705,0.8932279000000001
-167.1051,-130.7708,12.0,35.735929999999996,0.4462103
-168.8728,-159.3214,12.0,41.46508,0.4056774
-166.4592,-192.2523,12.0,47.26493,0.202241
-164.4164,-229.1694,12.0,50.93145,-1.250817
-152.5211,-257.0568,12.0,34.19362,-1.3506989999999999
-133.6285,-251.5305,12.0,29.326909999999998,0.1577027
-126.8038,-228.9498,12.0,34.8292,0.46215029999999996
-127.3391,-201.9288,12.0,34.25057,-0.4040506
-121.2094,-180.7943,12.0,29.28685,-0.9365163000000001
-106.5442,-188.6224,12.0,24.468429999999998,0.05902144
-110.3991,-208.3486,12.0,30.387290000000004,0.48948450000000004
-109.1692,-233.3082,12.0,36.89606,0.4663277
-102.2464,-261.7089,12.0,41.64513,-0.08650117
-76.11243,-271.1341,12.0,40.48037,0.40498379999999995
-48.74962,-257.8549,12.0,39.97348,-1.131425
-50.71285,-233.2833,12.0,31.90614,-0.0565702
-52.90578000000001,-218.6732,12.0,7.326622,-1.041575
-53.33821,-214.9981,12.0,1.786185,-0.5138692
-52.439409999999995,-216.7598,12.0,7.057764,0.5637770000000001
-45.434540000000005,-217.7993,12.0,14.01405,0.2504897
-41.90852,-207.7887,12.0,13.249629999999998,-0.2750499
-41.1954,-196.3533,12.0,20.17851,0.2601902
-34.64788,-180.2096,12.0,26.98433,0.2336467
-17.91906,-165.5457,12.0,33.3786,0.2266529
4.448595,-150.8495,12.0,37.35303,-0.1310466
11.32814,-128.6646,12.0,28.513509999999997,-0.06726889
-2.680454,-107.95100000000001,12.0,41.404920000000004,1.177135
-10.66818,-73.52499,12.0,52.67606,0.3050676
-5.0157,-33.15433,12.0,57.492219999999996,0.34832529999999995
-2.8796939999999998,9.816791,12.0,52.339040000000004,-1.865029
-13.18014,35.349779999999996,12.0,35.1087,0.3889672
-37.46796,45.81647,12.0,38.66969,0.3222179
-68.15408000000001,44.40932,12.0,44.437709999999996,0.42244319999999996
-103.1071,42.6467,12.0,49.98397,0.37752179999999996
-139.2782,37.37567,12.0,47.682829999999996,-0.32022849999999997
-152.6827,16.71546,12.0,16.78203,-0.9482536
-153.4022,12.64418,12.0,3.252332,0.6226843000000001
-148.4383,10.8708,12.0,11.37783,0.5427885
-146.4252,-0.012401100000000002,12.0,19.05278,0.545852
-143.791,-16.65611,12.0,26.26118,0.5160935999999999
-141.9415,-33.898990000000005,13.0,4.712803,0.5942036999999999
-143.4681,-40.243159999999996,13.0,12.87979,0.5665336
-151.08700000000002,-49.6732,13.0,20.19933,0.25080589999999997
-165.4778,-59.29923,13.0,25.47331,-0.7896139
-163.6213,-73.42626,13.0,17.65644,-0.138749
-150.3043,-75.55799,13.0,21.42794,0.2030938
-135.8885,-72.24798,13.0,18.63852,0.46477349999999995
-119.6234,-77.34196,13.0,26.6192,0.2102018
-107.6422,-95.02519000000001,13.0,32.21196,0.35766040000000004
-111.8828,-119.4245,13.0,36.364470000000004,0.1286112
-135.1705,-132.4832,13.0,34.25533,-1.529625
-145.7963,-123.2485,13.0,8.862607,-0.8775847
-140.0918,-122.9334,13.0,10.86846,0.05858862
-139.77200000000002,-122.7706,13.0,5.934957,0.20033929999999997
-144.9978,-126.3843,13.0,9.395777,-0.23282129999999998
-145.5165,-129.0714,13.0,1.612125,0.6668589
-144.064,-124.7479,13.0,10.70233,0.6452963
-139.961,-114.7292,13.0,18.62867,0.5057385999999999
-146.779,-100.5258,13.0,25.131610000000002,0.33682249999999997
-163.4954,-101.9555,13.0,22.44027,-0.41271800000000003
-167.2988,-120.2744,13.0,30.08895,0.253269
-167.5249,-145.1378,13.0,37.02903,0.4814742
-167.8863,-175.1522,13.0,43.58186,0.22625949999999997
-167.9556,-209.7394,13.0,49.75199,0.4428048
-163.1746,-246.3528,13.0,45.79998,-1.093907
-136.1768,-256.4228,13.0,35.0794,-1.399774
-127.8491,-237.1468,13.0,33.531279999999995,0.7696428000000001
-127.3768,-208.5925,13.0,41.18278,-0.07387763
-125.5721,-186.19,13.0,15.58588,-0.3328349
-116.1093,-181.4518,13.0,17.1785,0.5956861
-105.9244,-192.1819,13.0,24.579639999999998,0.479387
-105.6393,-212.8099,13.0,31.51468,0.266203
-107.852,-238.5243,13.0,37.87836,0.15695989999999999
-95.04248,-265.0369,13.0,42.39866,0.05856162
-65.80797,-270.5534,13.0,42.61108,-0.01011761
-49.51863,-245.422,13.0,43.57327,0.38545209999999996
-46.8971,-211.9092,13.0,42.68718,-0.7309272
-32.1279,-184.123,13.0,45.27885,0.42813490000000004
-7.174179,-158.3473,13.0,51.21304,0.201736
10.01017,-126.8935,13.0,45.15647,-0.29676290000000005
-4.93285,-104.9876,13.0,31.26015,-0.9421517
-7.555796000000001,-84.1505,13.0,32.9058,0.2542432
-5.7234,-57.32046999999999,13.0,39.658120000000004,0.23370749999999998
-4.917123999999999,-25.56101,13.0,46.057520000000004,0.4619969
-3.923178,10.78955,13.0,51.900220000000004,0.358576
-17.37868,39.74473,13.0,35.24248,-0.5119083
-33.98227,37.44948,13.0,13.972520000000001,-0.93268
-35.099070000000005,32.58556,13.0,0.0768915,0.006230556
-35.1483,32.59225,13.0,0.06337089,-0.01231711
-34.89001,33.27778,13.0,4.186641000000001,0.5448217
-33.68359,39.12377,13.0,11.58513,0.46332219999999996
-32.26267,44.56755,13.0,2.423069,-0.34970650000000003
-32.942040000000006,43.23272,13.0,6.163033,0.30059020000000003
-39.778240000000004,41.4778,13.0,13.8595,0.5517546999999999
-52.20415,44.898270000000004,13.0,20.91809,0.2474786
-70.13075,44.244479999999996,13.0,27.50582,0.2354334
-92.68316999999999,41.944590000000005,13.0,33.66811,0.4277964
-119.7535,42.34653,13.0,39.13857,0.1563032
-144.3477,28.15062,13.0,38.10564,-0.02276182
-147.1227,-0.3615467,13.0,41.68654,0.390941
-144.7206,-33.03895,13.0,45.785740000000004,-0.16330479999999997
-157.7042,-56.844190000000005,14.0,30.512420000000002,-0.620061
-160.1312,-72.5688,14.0,24.55839,0.6056241
-140.7286,-75.56697,14.0,30.06448,0.4632249
-118.9395,-83.96105,14.0,34.562540000000006,0.31971900000000003
-109.5933,-108.0314,14.0,37.45893,0.06832034
-125.706,-130.0965,14.0,39.193709999999996,0.0039911140000000005
-145.6957,-125.6852,14.0,21.20761,-1.516492
-145.9082,-119.8958,14.0,1.644102,0.0952818
-146.8177,-118.8327,14.0,1.839047,-0.01275241
-147.6223,-117.9657,14.0,1.3752870000000001,-0.02808524
-149.6903,-117.2054,14.0,3.960285,-0.009980272
-150.5549,-117.2915,14.0,3.4147830000000003,0.6560689000000001
-146.1965,-113.5608,14.0,12.09646,0.6551478000000001
-146.1138,-102.3937,14.0,19.29616,0.43681440000000005
-160.3871,-97.59637,14.0,24.132170000000002,0.2396373
-167.9407,-114.0564,14.0,28.82964,0.49857559999999995
-166.3449,-137.9597,14.0,35.79513,0.2518998
-166.6859,-166.9996,14.0,42.5423,0.4908745
-167.2682,-200.8956,14.0,48.8669,0.4347139
-164.8587,-238.3868,14.0,47.89836,-1.542132
-146.2751,-254.834,14.0,21.411479999999997,-2.251852
-141.736,-251.2576,14.0,4.1078,-0.160178
-140.5502,-249.0237,14.0,5.5895589999999995,0.7927578000000001
-134.1008,-248.8014,14.0,12.507710000000001,0.870238
-124.5403,-251.6306,14.0,11.94895,-0.3340308
-120.9962,-245.1427,14.0,13.341320000000001,0.9618155999999999
-124.3872,-232.2753,14.0,22.019379999999998,0.28134000000000003
-126.9114,-213.3098,14.0,29.56288,0.27304359999999994
-127.0327,-188.9405,14.0,34.52094,-0.6682364000000001
-110.226,-180.19,14.0,22.892129999999998,-0.42105699999999996
-105.6522,-198.6817,14.0,35.46926,1.530583
-107.2786,-232.4125,14.0,55.142230000000005,0.5911706999999999
-90.90085,-267.6336,14.0,47.32119,-0.6325748999999999
-58.863719999999994,-267.6577,14.0,45.32217,-0.5147951
-48.538579999999996,-238.7774,14.0,44.634879999999995,0.4568585
-44.55709,-204.8002,14.0,48.799609999999994,0.334333
-21.3475,-174.9846,14.0,53.879459999999995,0.20598470000000002
6.331809,-144.7489,14.0,54.12614,-0.09300789999999999
5.362636,-118.3047,14.0,27.80087,-0.49802529999999995
-4.938897,-101.06,14.0,30.430490000000002,0.229738
-5.003435,-76.0708,14.0,37.21937,0.49718900000000005
-2.812725,-46.04596,14.0,43.86392,0.4496246
-2.261057,-11.25469,14.0,50.06194,0.2150496
-6.170888,26.71033,14.0,47.91124,-0.5871699
-32.131209999999996,42.75553,14.0,43.422959999999996,0.272638
-66.50228,40.33845,14.0,49.40805,0.2086989
-105.2999,40.744009999999996,14.0,55.24369,0.3445581
-139.4486,35.654309999999995,14.0,36.36675,-1.4944540000000002
-144.8851,22.046870000000002,14.0,3.634097,-0.8845542
-142.5815,23.79317,14.0,5.024065,-0.2888108
-141.3317,25.39012,14.0,2.915869,0.7215513000000001
-144.7612,21.92419,14.0,9.542935,0.34156909999999996
-149.5249,22.029239999999998,14.0,1.513484,-0.7208683000000001
-147.4624,20.77417,14.0,7.919719000000001,0.6382666
-142.1018,13.57505,14.0,16.54164,0.6250140000000001
-140.8309,-1.54049,14.0,24.61819,0.2889191
-142.8985,-22.64473,14.0,32.38782,0.5552170999999999
-141.8846,-36.68148,1.0,7.725861,0.6626984
-143.5009,-45.673390000000005,1.0,16.80795,0.5951849
-154.8256,-55.95005,1.0,25.05045,0.5926316999999999
-161.9245,-72.21732,1.0,26.19474,-0.307261
-146.6024,-72.74438,1.0,25.374029999999998,0.29720840000000004
-135.8795,-68.27625,1.0,0.1283889,-2.1831490000000002
-135.8586,-68.2795,1.0,0.02604143,-0.0005816189
-135.8401,-68.28214,1.0,0.02400723,-0.01476862
-135.825,-68.28383000000001,1.0,0.02106666,0.01233583
-136.0386,-70.73145,1.0,4.6605870000000005,-0.02352506
-135.6511,-73.96779000000001,1.0,4.040668,-0.0688091
-136.6985,-76.36492,1.0,2.973195,-0.606711
-135.2398,-75.53413,1.0,6.9074029999999995,0.6355369000000001
-126.9684,-75.688,1.0,15.64083,0.3126065
-116.8616,-85.00986999999999,1.0,23.03398,0.5771235
-110.256,-103.7204,1.0,30.326529999999998,0.21445300000000003
-118.0482,-126.17399999999999,1.0,35.54182,0.27726
-141.2791,-131.1102,1.0,28.172290000000004,-1.150992
-144.0584,-116.7191,1.0,22.52954,0.4567266
-138.4574,-108.709,1.0,0.03862215,6.801992e-05
-138.4583,-108.7262,1.0,0.026963,0.004501351
-138.4677,-108.7384,1.0,0.1812578,0.05294016
-142.246,-108.2233,1.0,8.241002,0.13002629999999998
-145.7286,-110.838,1.0,0.09995019,-0.372127
-144.5208,-107.7393,1.0,8.930811,0.6292388000000001
-147.6244,-99.03893000000001,1.0,16.9279,0.5369851999999999
-159.6111,-96.48016,1.0,15.535279999999998,-0.1696943
-166.243,-105.7931,1.0,21.77287,0.592029
-169.0068,-126.6915,1.0,34.54084,0.8441473
-164.2573,-153.7854,1.0,40.427440000000004,-0.40921540000000006
-165.7333,-179.7662,1.0,31.771109999999997,-0.23601660000000002
-167.8269,-204.2767,1.0,40.77238,1.227967
-166.3031,-232.9365,1.0,35.24562,-0.28103890000000004
-154.8984,-250.2007,1.0,25.33152,-0.009820049
-134.5835,-248.3774,1.0,30.85779,0.46051949999999997
-122.0566,-233.4713,1.0,23.41604,-0.2995821
-131.151,-218.7206,1.0,22.16368,-0.24980700000000003
-123.0864,-205.0258,1.0,19.15072,-0.5040214
-124.9436,-192.0275,1.0,16.64258,-0.1755992
-118.3362,-183.9669,1.0,19.01155,0.4902527
-110.7757,-192.4835,1.0,15.565479999999999,-0.2547891
-110.0582,-203.108,1.0,14.06529,0.3238094
-109.1654,-216.9429,1.0,22.736639999999998,0.2926283
-107.1029,-236.5161,1.0,30.30276,0.5319201
-99.2261,-259.8561,1.0,36.3928,0.3160675
-74.8478,-271.4285,1.0,39.28267,0.09736775
-53.40489,-253.9254,1.0,39.667840000000005,-0.01114512
-50.33612,-223.3843,1.0,44.09572,0.1520427
-34.22303,-192.9281,1.0,49.25991,0.1803624
-8.866833,-163.7553,1.0,54.994609999999994,0.1820962
11.6164,-127.3765,1.0,53.85855,-2.375514
10.50424,-105.1007,1.0,7.985728999999999,-1.533742
9.779881,-104.2562,1.0,0.41287299999999993,-0.1768317
10.63756,-104.8206,1.0,4.541417,0.4422183
15.20936,-107.2169,1.0,8.505713,-0.06564124
18.52605,-106.9203,1.0,0.3353536,0.6035902
15.17015,-108.0103,1.0,9.111871,0.6160588
6.428383,-112.0208,1.0,15.96136,0.3301053
-0.21989940000000002,-103.0269,1.0,20.54693,0.5035862
0.05144053,-85.53622,1.0,27.23958,0.46786009999999995
-5.058479,-63.48741999999999,1.0,33.9889,0.511216
-6.015758,-35.870470000000005,1.0,40.58513,0.2237637
-6.32683,-3.4644470000000003,1.0,46.811040000000006,0.45352700000000007
-8.524139,31.69997,1.0,42.410059999999994,-1.6216540000000002
-21.60396,44.468790000000006,1.0,13.2849,-0.617135
-31.350920000000002,38.039970000000004,1.0,19.52047,0.4834192
-48.34202,39.51721,1.0,26.73835,0.49883190000000005
-70.72936999999999,39.53168,1.0,33.75284,0.48935740000000005
-98.21149,39.82249,1.0,40.38543,0.2243137
-129.9067,40.365840000000006,1.0,39.85131,-0.6841295999999999
-144.4676,27.42176,1.0,17.17128,-0.8357289000000001
-138.53,24.66433,1.0,10.0972,0.03631057
-137.7518,24.24171,1.0,0.06333067,0.02229888
-137.7606,24.20695,1.0,0.3881854,0.05448463
-141.1524,24.59727,1.0,8.195011000000001,0.2014266
-148.4947,24.54495,1.0,8.987337,-0.42123649999999996
-151.1857,25.40622,1.0,0.9357181999999998,0.5662135
-148.289,23.08229,1.0,9.174472,0.2933713
-148.2544,13.950779999999998,1.0,16.42225,0.4950642
-151.4479,0.339905,1.0,22.444979999999997,0.4835318
-147.0761,-18.2655,1.0,29.09624,0.45846499999999996
-147.3678,-41.825070000000004,2.0,33.888459999999995,-0.2724176
-165.2058,-57.322269999999996,2.0,31.474659999999997,-0.33666740000000006
-160.6204,-72.861,2.0,17.59821,-0.7767128000000001
-155.738,-68.52334,2.0,0.7359906,-2.278193
-155.6925,-68.5278,2.0,0.04567904,0.01940878
-155.8372,-69.01396,2.0,3.30295,0.2755868
-156.3507,-72.58565,2.0,4.985555000000001,-0.04744787
-156.9927,-75.16548,2.0,0.1962433,0.6922739
-154.055,-73.06215999999999,2.0,9.660678,0.64065
-144.7079,-76.01906,2.0,18.0525,0.61735
-131.7781,-82.46583000000001,2.0,18.7887,-0.2736685
-119.7084,-87.72443,2.0,21.24175,0.6199519
-110.5299,-106.03200000000001,2.0,31.1739,-0.17107270000000002
-121.2826,-126.3279,2.0,32.962070000000004,-0.1617794
-142.2304,-128.1448,2.0,23.97334,-1.16835
-141.3493,-114.6563,2.0,23.113329999999998,0.487955
-143.7452,-102.2891,2.0,19.25508,0.26302800000000004
-158.3794,-103.9039,2.0,19.0854,-0.2928746
-161.0963,-115.8027,2.0,16.71444,0.09477917
-164.3952,-129.2291,2.0,22.486810000000002,0.5941926
-165.3397,-148.75799999999998,2.0,30.37735,0.5781947
-165.4352,-174.1404,2.0,37.86942,0.5185905
-165.8485,-204.8039,2.0,44.9089,0.5145582999999999
-164.1933,-239.2531,2.0,37.87883,-1.8708770000000001
-151.7953,-251.6416,2.0,24.41199,0.2597489
-131.2682,-250.0431,2.0,30.36347,-0.2631731
-127.4147,-232.8933,2.0,26.72,0.5935689000000001
-125.7461,-209.8626,2.0,35.2191,0.5012247999999999
-124.5047,-186.3596,2.0,17.30989,-2.402915
-116.0603,-184.4975,2.0,14.876079999999998,0.42703820000000003
-110.5898,-196.0623,2.0,22.13665,0.2796637
-108.9647,-215.3905,2.0,30.16286,0.5840320999999999
-105.4398,-240.3178,2.0,37.6146,0.5139782
-91.62791,-266.2407,2.0,42.18246,-0.05566073
-63.233219999999996,-266.173,2.0,41.22784,0.27082929999999994
-48.73858,-240.3095,2.0,42.64953,0.1538972
-46.23105,-206.9091,2.0,47.98488,0.09525902
-23.81841,-177.7698,2.0,52.88851,0.44814890000000007
2.833109,-146.4751,2.0,54.19781999999999,-1.460531
6.917708999999999,-124.0932,2.0,17.48826,-0.30942929999999996
-3.716997,-112.3195,2.0,25.30513,0.5152351
-6.810131,-91.40696,2.0,32.50671,0.2851406
-6.743587,-64.53543,2.0,39.86755,0.24106770000000002
-6.900606,-32.39366,2.0,46.7861,0.5059802999999999
-7.343783999999999,4.693089,2.0,53.287240000000004,0.3862879
-13.71476,39.95004,2.0,37.1647,-2.5611200000000003
-25.96221,45.8605,2.0,2.545946,-0.77265
-25.81899,42.51654,2.0,9.005817,0.5920327
-34.31023,40.44663,2.0,17.046979999999998,0.3020348
-48.56446,46.61847,2.0,24.675420000000003,0.23116729999999996
-69.29529000000001,43.65003,2.0,32.16641,0.5453004
-95.84848000000001,41.52728,2.0,39.49852,0.2510942
-127.6074,39.79939,2.0,46.24225,0.4091389
-150.1368,25.06952,2.0,24.67636,-1.130759
-149.1673,19.1052,2.0,3.830533,0.6548267
-144.0366,17.14848,2.0,12.37808,0.6137911
-146.1447,5.782868,2.0,20.35941,0.6023921
-150.0678,-10.06225,2.0,26.12011,0.2874967
-145.9896,-31.73443,2.0,33.436809999999994,0.4793459
-143.4647,-40.76688,3.0,11.522,-0.02819199
-148.6682,-48.97813,3.0,18.10268,0.5977418000000001
-159.7232,-53.8271,3.0,14.83937,-0.25123850000000003
-166.5453,-59.60728,3.0,10.90687,-0.20848899999999998
-164.483,-66.8875,3.0,12.61156,0.6361783000000001
-154.0484,-72.42916,3.0,20.35164,0.2852025
-136.2423,-73.34229,3.0,27.947779999999998,0.27274640000000006
-117.7875,-83.08440999999999,3.0,25.86983,-0.39673270000000005
-108.3981,-98.21667,3.0,27.026629999999997,1.255344
-110.3093,-118.2346,3.0,24.9208,-0.2012743
-120.777,-130.5299,3.0,19.783739999999998,-0.30471859999999995
-137.1562,-132.509,3.0,22.56833,-0.5898575
-144.8928,-115.1492,3.0,31.8478,-0.3200031
-157.2753,-103.4527,3.0,16.365479999999998,-0.24074299999999998
-166.2133,-112.5614,3.0,22.28279,0.5627601
-168.7211,-131.8528,3.0,30.206670000000003,0.2668708
-169.3246,-156.9232,3.0,37.48945,0.2529582
-167.2617,-187.1905,3.0,44.43906,0.4865488
-164.03599999999997,-222.3707,3.0,49.905609999999996,-0.0935441
-157.7911,-254.5035,3.0,36.73907,-1.565066
-138.4182,-255.6501,3.0,26.889090000000003,0.5500863
-125.3653,-237.6385,3.0,33.036590000000004,0.2159343
-128.4436,-211.8196,3.0,36.99172,-0.2460282
-125.3845,-186.6922,3.0,30.75455,-0.6709895
-111.0461,-179.986,3.0,21.5069,-0.44362809999999997
-110.1199,-195.7687,3.0,25.47661,0.20148629999999998
-104.8545,-216.4006,3.0,31.607509999999998,-0.11796889999999999
-105.8747,-238.2313,3.0,27.502440000000004,0.10162639999999999
-102.679,-261.5321,3.0,36.37373,0.20438520000000002
-79.5028,-270.9935,3.0,37.33393,0.4090831
-60.97733,-268.6302,3.0,13.791620000000002,-1.086561
-56.182959999999994,-266.6783,3.0,0.9241903,-0.5185651
-57.12161,-267.3442,3.0,0.9065325000000001,-0.1334692
-56.29161,-266.6057,3.0,4.773153,0.4447272
-53.03645,-262.9229,3.0,7.817413,0.08252201
-48.35484,-263.4539,3.0,3.09042,-0.7955375
-49.0024,-262.1911,3.0,6.504861,0.6442226
-49.87081,-254.5158,3.0,14.74266,0.5971987
-46.39808,-241.1039,3.0,22.5651,0.5631096999999999
-43.65627,-221.8689,3.0,29.860159999999997,0.2553531
-40.6149,-197.3031,3.0,36.632690000000004,0.1882428
-24.23773,-174.6891,3.0,41.07827,0.2274868
-5.0540199999999995,-156.3911,3.0,24.99326,-0.7669998
7.597760000000001,-146.1856,3.0,19.46426,-0.18323599999999998
11.78701,-134.7011,3.0,14.757129999999998,-0.27487480000000003
7.592177,-123.6571,3.0,19.56489,0.25992139999999997
-2.444903,-109.7377,3.0,26.83792,0.2564687
-9.3526,-88.26755,3.0,33.75717,0.4572521
-9.946433,-60.9837,3.0,40.12426,0.23251820000000004
-5.375964,-29.12228,3.0,46.91639,1.360918
-3.4863169999999997,1.9667810000000001,3.0,31.203770000000002,-2.350488
-4.696098999999999,14.0934,3.0,4.043880000000001,-0.5603803
-5.506222,18.53481,3.0,10.49397,0.6499010000000001
-8.526664,28.98028,3.0,18.76776,0.5522767
-19.89641,40.5225,3.0,25.88523,0.5284414000000001
-40.730990000000006,44.9217,3.0,32.41577,0.2521822
-67.35125,44.6299,3.0,39.31453,0.5016279
-98.84193,42.71529,3.0,45.83043,0.4697331
-132.0451,38.68997,3.0,40.853790000000004,-1.361353
-150.4529,21.571679999999997,3.0,32.92767,-0.4524577
-143.6634,-2.1451029999999998,3.0,35.34936,0.3911683
-144.535,-30.56751,3.0,41.47576,0.5028060000000001
-151.9688,-53.24149,4.0,19.934720000000002,-1.234609
-165.6756,-56.02798000000001,4.0,19.167720000000003,-0.03127707
-163.6944,-68.71324,4.0,22.75988,0.48743050000000004
-145.3918,-72.51571,4.0,29.22046,0.4866328
-123.0839,-80.05693000000001,4.0,35.18455,0.3603392
-108.3843,-103.0686,4.0,39.26032,-0.1281866
-119.4321,-127.8607,4.0,37.30247,0.07296407
-142.3674,-127.8918,4.0,31.0567,-0.2425496
-144.5157,-106.2138,4.0,30.52549,-0.202904
-156.4251,-99.28293000000001,4.0,17.2581,0.6307706
-166.2169,-111.2061,4.0,25.21895,0.5032049
-169.6152,-132.3452,4.0,32.53132,0.5124757999999999
-169.3938,-158.8142,4.0,39.1801,0.2473786
-166.5691,-190.2178,4.0,45.71976,0.2242091
-163.4802,-226.0183,4.0,49.04015,-0.4192697
-158.4355,-251.2477,4.0,20.76807,-0.4233094
-145.3296,-257.7061,4.0,22.54767,0.2633499
-130.5957,-250.5416,4.0,26.33043,0.2539704
-125.1135,-228.9299,4.0,33.26802,0.1796109
-128.8168,-202.4214,4.0,39.24662,0.3966717
-117.3257,-177.9721,4.0,34.6475,-0.37228540000000004
-99.52623,-185.0826,4.0,24.46146,-0.2977178
-109.82,-195.4023,4.0,23.8548,0.2295146
-114.5549,-201.5515,4.0,0.02352339,0.02388091
-114.5549,-201.5534,4.0,0.013227500000000001,-0.008953228
-112.8459,-201.7769,4.0,4.992,0.17135920000000002
-109.7608,-198.8922,4.0,4.051908999999999,-0.34110219999999997
-109.6418,-198.9211,4.0,3.845656,0.5319686
-108.711,-204.3349,4.0,10.90484,0.26565959999999994
-106.6002,-214.7471,4.0,17.58297,0.4645996
-105.1597,-229.989,4.0,23.74561,0.42165059999999993
-105.5616,-249.7067,4.0,29.258329999999997,0.3304893
-93.65907,-268.7433,4.0,32.744440000000004,0.05931566
-69.18382,-270.1698,4.0,35.77384,0.2716948
-50.071659999999994,-252.4761,4.0,36.84322,0.0003744971
-48.932629999999996,-223.5366,4.0,41.03263,0.24936460000000002
-39.37642,-193.1509,4.0,45.13728,0.2035514
-16.42002,-168.1915,4.0,46.2307,-0.2932141
3.2996300000000005,-150.1399,4.0,22.89849,-0.4759667
12.31221,-138.8654,4.0,16.38229,-0.4851022
8.477758999999999,-125.0613,4.0,24.38124,0.3924724
-3.4932879999999997,-108.9615,4.0,29.695140000000002,0.37259899999999996
-9.725175,-85.83118,4.0,34.90697,0.1725938
-9.905233,-58.207969999999996,4.0,39.813959999999994,0.3527749
-4.348732,-27.4195,4.0,44.541709999999995,0.3377216
-2.167807,6.8800229999999996,4.0,48.286559999999994,0.2197314
-11.50869,33.74727,4.0,27.70495,0.4623848
-31.01745,43.386509999999994,4.0,32.15381,0.34062909999999996
-56.65119,43.31068,4.0,37.26233,0.3697373
-86.15825,43.12138,4.0,42.21362,0.3306966
-117.9763,40.25237,4.0,41.419109999999996,-0.6120941999999999
-138.1696,36.779340000000005,4.0,14.13476,-0.39193290000000003
-146.3698,27.43583,4.0,20.18385,0.1991849
-147.6187,10.51633,4.0,25.93385,0.42308090000000004
-143.4106,-10.36479,4.0,31.56209,0.1926268
-142.53799999999998,-35.20868,5.0,33.058679999999995,-0.7800997
-154.64,-51.599059999999994,5.0,27.320970000000003,0.15823399999999999
-168.7633,-63.54585,5.0,20.16827,-1.198841
-159.0638,-69.59851,5.0,15.66216,0.07499196
-144.4685,-72.01706,5.0,23.77189,0.4426695
-125.5549,-77.67754000000001,5.0,29.44738,0.37621479999999996
-109.3221,-93.70753,5.0,33.24935,0.1638136
-111.3331,-118.1582,5.0,33.3823,-0.1946851
-127.62100000000001,-133.0283,5.0,27.68572,-0.35506809999999994
-141.7274,-124.7998,5.0,24.02094,0.17769010000000002
-149.1182,-106.7383,5.0,29.087509999999998,0.33476490000000003
-164.74400000000003,-102.3337,5.0,17.267,-1.0869950000000002
-164.5896,-114.2385,5.0,17.851129999999998,0.7076149
-167.2873,-130.8031,5.0,28.28769,1.20125
-168.6516,-158.7251,5.0,44.97002,0.6098296999999999
-164.5535,-193.9221,5.0,51.098729999999996,0.503463
-164.2283,-225.9242,5.0,27.320690000000003,-2.399674
-162.9581,-241.4755,5.0,18.114810000000002,-0.4179639
-158.4209,-252.0612,5.0,15.15365,0.3860128
-145.6086,-260.0902,5.0,25.156660000000002,0.3569567
-129.385,-248.8482,5.0,33.20008,0.4696001
-125.9115,-220.6937,5.0,42.11808,-0.5006433
-128.7036,-196.4472,5.0,21.25208,-0.262202
-123.6022,-184.5425,5.0,15.19985,0.4893849
-109.3994,-183.6003,5.0,24.23261,0.11654
-102.4502,-200.2781,5.0,29.107840000000003,0.8429358
-103.944,-225.2287,5.0,36.60158,0.21458429999999998
-105.311,-251.6837,5.0,32.46116,-0.5771006999999999
-93.76118000000001,-269.2154,5.0,30.71305,0.28042
-70.08305,-270.7421,5.0,34.69167,0.2582831
-51.79118,-253.4342,5.0,36.52158,0.1261663
-47.39018,-224.8431,5.0,41.28526,0.3397611
-40.33084,-193.4362,5.0,45.613620000000004,0.2164623
-18.583879999999997,-166.8503,5.0,47.68768,-0.268999
-2.28231,-155.6731,5.0,13.65659,-0.357651
4.602238,-150.81799999999998,5.0,9.18215,-0.28836269999999997
8.784122,-147.0444,5.0,7.943072,0.49698729999999997
12.91071,-139.8287,5.0,14.60866,0.44621819999999995
10.342080000000001,-127.3198,5.0,20.57979,0.44435690000000005
-0.03607393,-113.3422,5.0,26.39766,0.4015531
-8.00854,-93.32021,5.0,31.82609,0.3913882
-10.6038,-68.05611999999999,5.0,36.880959999999995,0.3375955
-5.923708,-39.3082,5.0,41.75999,0.3241369
-1.55019,-6.992421,5.0,46.19583,-0.27298520000000004
-4.653936,19.62125,5.0,22.78868,-3.974907
-8.061010000000001,28.060640000000003,5.0,14.140270000000001,0.6489151
-15.81889,38.12986,5.0,20.28899,0.42570290000000005
-31.54955,44.57407,5.0,25.92393,0.21120540000000002
-52.82405,45.21497,5.0,31.552690000000002,0.400785
-78.21991,44.38329,5.0,36.90639,0.3249449
-107.3394,42.34855,5.0,41.894870000000004,0.34088670000000004
-132.7392,39.479409999999994,5.0,20.510379999999998,-2.25895
-144.5473,30.29363,5.0,23.63928,0.38074600000000003
-147.9442,11.28228,5.0,28.868440000000003,0.3684008
-143.1452,-11.56942,5.0,34.1906,0.370784
-142.9988,-36.16964,6.0,25.07059,-1.721311
-147.0503,-46.54015,6.0,15.4733,1.027918
-157.6967,-54.598209999999995,6.0,17.066229999999997,-0.2033578
-165.8794,-60.64708,6.0,12.29063,0.1010419
-160.8155,-71.25061,6.0,22.16902,0.7548182
-140.5747,-71.61053000000001,6.0,34.47238,0.7105451999999999
-115.4866,-84.6347,6.0,41.84864,-0.29502399999999995
-112.3523,-109.7894,6.0,27.107229999999998,-3.377304
-117.2353,-119.9534,6.0,11.52433,0.2540052
-122.5956,-130.9339,6.0,18.32408,-0.5473619000000001
-135.3033,-133.3136,6.0,21.06639,0.21091210000000002
-144.6478,-119.6231,6.0,26.62935,0.5367616
-148.972,-105.4488,6.0,8.15766,-0.28821420000000003
-154.1796,-101.72,6.0,12.11558,0.6886661999999999
-164.4048,-103.2756,6.0,15.464220000000001,0.11264110000000001
-167.3542,-117.1968,6.0,25.64844,1.000513
-168.9438,-141.2916,6.0,38.79874,0.4306027
-168.1873,-174.2579,6.0,49.8952,0.7502039
-164.3628,-213.5617,6.0,51.916309999999996,-0.5562454000000001
-162.5755,-247.2121,6.0,37.45763,-1.2228620000000001
-146.3912,-258.2152,6.0,23.23431,-0.5386294
-132.4626,-252.9454,6.0,20.68192,0.3245252
-125.4321,-236.1375,6.0,27.682029999999997,0.38489229999999997
-126.3491,-213.7322,6.0,33.02462,0.39344159999999995
-128.0817,-189.0156,6.0,27.001540000000002,-1.637865
-117.3923,-182.145,6.0,20.01235,0.1970046
-105.0284,-191.90200000000002,6.0,24.529120000000002,0.34604209999999996
-102.7343,-211.8041,6.0,29.878359999999997,0.38448340000000003
-105.4029,-235.801,6.0,35.29938,0.375554
-102.2932,-263.1074,6.0,38.50016,-0.1707757
-79.56267,-271.9059,6.0,31.225559999999998,-0.6276264
-59.987930000000006,-266.6067,6.0,23.70455,-0.296713
-49.706379999999996,-253.107,6.0,27.86603,0.193419
-45.90019,-230.65099999999998,6.0,33.40268,0.38055490000000003
-42.92014,-204.1478,6.0,38.562529999999995,0.1606007
-30.787509999999997,-177.7293,6.0,41.088840000000005,0.21639429999999998
-7.269986,-160.23,6.0,29.648220000000002,-2.3903209999999997
3.223277,-152.2448,6.0,12.3572,-0.1088673
9.774837,-145.9173,6.0,13.41205,0.2673322
12.73023,-134.2921,6.0,20.7606,0.6056399
2.493476,-118.8285,6.0,31.674740000000003,0.5480248000000001
-8.140592,-92.74133,6.0,45.47835,1.013491
-8.808314,-54.364259999999994,6.0,57.83588,0.7941928
-1.362901,-10.21015,6.0,60.045930000000006,-1.114347
-5.714784,21.18873,6.0,23.20046,-1.176332
-12.96948,35.47266,6.0,23.56703,0.23028649999999998
-31.5873,44.42334,6.0,34.0978,1.040449
-62.25046,44.87534,6.0,49.00526,1.027215
-103.4274,42.94875,6.0,57.26218000000001,-2.899707
-125.9645,39.5864,6.0,14.32951,-0.36186779999999996
-136.1653,37.38454,6.0,18.95627,1.2199790000000001
-147.1227,25.5425,6.0,25.2794,0.33870059999999996
-146.5436,4.888406,6.0,30.74932,0.3919376
-141.5461,-19.442429999999998,6.0,36.00483,0.3012817
-142.0056,-35.84315,7.0,8.82896,0.24946010000000002
-144.2248,-44.61574,7.0,15.491679999999999,0.4423403
-154.8439,-52.61796999999999,7.0,21.327360000000002,0.43022209999999994
-167.6159,-62.5713,7.0,20.64172,-0.33664440000000007
-164.7412,-74.18047,7.0,15.74201,0.19558879999999998
-152.6499,-76.5686,7.0,19.05034,0.2764784
-138.2525,-73.13754,7.0,20.91236,0.2137744
-122.1111,-77.27504,7.0,26.71067,1.1686459999999999
-108.9897,-94.47421,7.0,31.70395,0.10713210000000001
-112.4513,-118.4156,7.0,34.96921,0.07553545
-134.634,-131.8214,7.0,35.95823,-0.5241149
-147.4769,-121.6966,7.0,15.26811,-0.38453350000000003
-143.0574,-114.5162,7.0,13.252429999999999,0.9484745000000001
-148.1092,-103.8548,7.0,16.43562,-0.05634455
-160.6976,-102.7956,7.0,20.79487,0.2259121
-166.3468,-116.0556,7.0,19.8121,0.01716867
-166.3362,-132.957,7.0,26.98028,0.44589359999999995
-169.2187,-158.1317,7.0,41.27019,0.9749475000000001
-169.908,-193.3618,7.0,53.493840000000006,0.7909864999999999
-168.2824,-232.1458,7.0,46.80793,-0.7857555
-155.5303,-253.0049,7.0,27.12585,-0.3967392
-138.3705,-253.5469,7.0,21.79265,0.3515288
-126.3021,-242.6554,7.0,25.444670000000002,0.9743187
-126.0158,-220.1794,7.0,33.45675,0.4117054
-126.07,-193.4632,7.0,38.20967,-0.049985800000000004
-117.1525,-179.6706,7.0,14.04672,-0.24543890000000002
-110.0033,-188.8327,7.0,20.54179,0.4118012
-108.9037,-206.2561,7.0,26.53567,0.4281946
-108.5967,-228.0207,7.0,32.202940000000005,0.4128505
-104.9012,-253.2208,7.0,36.680609999999994,0.11183489999999999
-84.63,-271.5887,7.0,39.15028,0.1102454
-57.70675,-265.2541,7.0,39.31973,0.005234335
-49.434709999999995,-237.6969,7.0,41.552040000000005,0.34933559999999997
-44.54011,-205.9328,7.0,45.07407,0.021121099999999997
-22.74288,-179.3376,7.0,48.72826,0.1512044
1.7570299999999999,-150.7596,7.0,48.83273,-2.127527
8.687505999999999,-127.152,7.0,23.720129999999997,-0.6621701
-2.393959,-110.6593,7.0,30.87295,0.2098024
-5.176106,-84.22492,7.0,44.32978,0.6956180000000001
-0.8442552,-45.108670000000004,7.0,61.337219999999995,1.1058459999999999
-1.9720849999999999,3.6805410000000003,7.0,63.31525,-0.9784094999999999
-11.146930000000001,38.443659999999994,7.0,33.782709999999994,-1.2051370000000001
-33.50336,40.95841,7.0,36.67438,0.6635324
-63.1181,40.45029,7.0,42.4898,0.17119600000000001
-96.39052,40.733670000000004,7.0,47.14775,0.3495242
-132.4588,39.996829999999996,7.0,47.62636,-0.1981116
-147.4189,23.36317,7.0,28.537909999999997,0.2614851
-145.2964,0.27855290000000005,7.0,33.92889,0.40013740000000003
-145.5498,-26.76485,7.0,39.07911,0.1747186
-155.1171,-53.129459999999995,8.0,36.00933,-0.5464743000000001
-168.4226,-66.66649,8.0,20.67521,0.6920089
-156.7406,-78.85455999999999,8.0,27.62404,0.09761757
-134.6117,-77.18137,8.0,32.24889,0.16633599999999998
-114.9695,-90.8708,8.0,34.99334,0.2033916
-112.7021,-116.626,8.0,37.01083,0.04765769
-134.2632,-132.0599,8.0,35.62638,-1.418656
-146.681,-127.5119,8.0,2.939715,-0.7069073
-143.6344,-124.9404,8.0,9.275877000000001,0.49859609999999993
-142.1314,-116.0982,8.0,15.73794,0.4437927
-150.0496,-105.0211,8.0,21.535989999999998,0.19093339999999998
-165.3506,-106.103,8.0,23.68601,0.08506636
-166.9858,-124.4475,8.0,28.13027,0.42828720000000003
-168.4423,-147.1489,8.0,33.41383,0.4059438
-171.1251,-173.5673,8.0,38.360440000000004,0.3431451
-169.1491,-203.8627,8.0,43.22885,0.3402113
-167.3492,-237.426,8.0,46.64193,-0.45953990000000006
-147.5637,-256.8849,8.0,34.34571,-1.3090549999999999
-130.1447,-245.5424,8.0,29.16508,0.3338623
-127.2157,-222.3485,8.0,34.55311,0.1875632
-126.6113,-194.8845,8.0,38.86012,-0.2080109
-115.5312,-179.4841,8.0,16.33483,-0.32707270000000005
-107.7821,-188.2333,8.0,19.729879999999998,0.42600779999999994
-106.7381,-205.0279,8.0,25.73285,0.2173696
-106.0423,-226.3029,8.0,31.46906,0.3945605
-103.6869,-251.3331,8.0,36.330529999999996,0.1281315
-85.58964,-271.1739,8.0,38.47504,0.03764512
-58.96374,-265.9607,8.0,39.13702,0.162627
-47.5591,-239.6919,8.0,41.340959999999995,0.3393152
-44.419540000000005,-207.5619,8.0,45.5769,0.05713025
-24.17088,-180.9023,8.0,47.52633,0.3203654
0.06276895,-153.3008,8.0,50.671490000000006,-0.45898720000000004
7.713919000000001,-124.2708,8.0,34.06177,-0.5545459
-6.5376080000000005,-101.3274,8.0,39.35917,-0.2571518
-3.1061650000000003,-71.89126999999999,8.0,42.40786,0.1564286
-1.238609,-38.77628,8.0,46.98387,0.32888390000000006
-1.7591130000000001,-2.349745,8.0,51.351440000000004,0.1442025
-8.452886,33.94252,8.0,41.555659999999996,-2.2531060000000003
-25.286939999999998,42.40697,8.0,10.54185,-2.298225
-27.133020000000002,38.28694,8.0,8.829946000000001,0.4586786
-35.06525,39.02923,8.0,15.0924,0.2285777
-44.69567,48.27163,8.0,20.652379999999997,0.7449142
-48.025909999999996,48.58665,8.0,0.02700817,-0.0012708819999999999
-48.17846,48.06329,8.0,3.212768,0.40320029999999996
-48.1452,44.68985,8.0,5.232801,-0.0840596
-47.349059999999994,43.44852,8.0,3.065357,0.6981605
-52.358909999999995,46.12285,8.0,12.16688,0.3272966
-64.46851,45.31965,8.0,20.73222,0.6096578
-82.73583,43.089929999999995,8.0,28.772209999999998,0.5499398
-106.7459,42.71971,8.0,36.17899,0.5200869
-134.9388,40.86391,8.0,39.513740000000006,-0.3324085
-144.1194,15.165379999999999,8.0,41.64085,0.32581
-146.5427,-18.70381,8.0,48.78468,0.14528529999999998
-142.0354,-34.5821,9.0,2.7125470000000003,-0.02979006
-142.9077,-38.466640000000005,9.0,11.07214,0.346947
-147.2728,-47.38709,9.0,12.96138,-0.10615439999999998
-154.5273,-52.32983,9.0,13.454239999999999,0.8483969000000001
-163.9405,-55.79759,9.0,12.05827,-0.2522374
-166.8866,-62.890269999999994,9.0,11.82391,0.43061640000000007
-158.7427,-72.61338,9.0,20.24718,-0.3868958
-145.5233,-73.00038,9.0,16.15815,-0.2504541
-133.2792,-73.82796,9.0,21.93579,0.6208819999999999
-116.88,-82.36154,9.0,25.86425,0.0285502
-107.7354,-99.1095,9.0,25.825210000000002,-0.3633685
-108.3367,-113.4925,9.0,12.42769,-0.1817839
-111.2913,-121.8085,9.0,14.93968,1.23905
-120.9353,-132.9393,9.0,20.42885,-0.1862314
-133.9504,-134.351,9.0,16.10042,-0.2778791
-143.1945,-126.2704,9.0,21.7667,0.2876053
-149.1611,-108.13,9.0,27.99969,-1.0242209999999998
-158.7567,-99.36131,9.0,14.26246,-0.1888021
-165.6471,-106.01,9.0,17.8771,0.593331
-168.1877,-124.7602,9.0,32.800290000000004,0.4844719
-169.0258,-153.6839,9.0,43.624390000000005,0.1815779
-166.6165,-187.4688,9.0,47.45904,0.2187134
-163.5799,-220.9487,9.0,41.46933,-0.5583081999999999
-161.4193,-245.7787,9.0,26.95184,-0.2531801
-149.9876,-258.5768,9.0,21.04845,-0.34015809999999996
-136.7965,-258.2627,9.0,19.033720000000002,0.43462429999999996
-126.5331,-242.1161,9.0,33.350770000000004,0.737375
-126.3653,-215.4984,9.0,35.37897,-0.2478665
-128.7814,-195.662,9.0,16.37929,-0.6438604
-126.333,-185.2414,9.0,12.92464,-0.1513364
-115.2564,-181.8297,9.0,19.43054,0.046668
-104.7424,-188.4811,9.0,15.23983,-0.25898760000000004
-102.4542,-202.0311,9.0,25.830379999999998,0.5762669
-104.2986,-225.5441,9.0,36.45282,0.5488850000000001
-105.2587,-252.834,9.0,35.94195,-0.3789814
-90.42461999999999,-271.7917,9.0,32.66278,0.05391411
-66.78659,-270.2328,9.0,32.34747,-0.07333375
-51.10853,-252.9366,9.0,34.09917,0.2220116
-46.4367,-227.2487,9.0,36.369859999999996,0.1701991
-41.96573,-200.6771,9.0,35.12943,-0.08410294
-32.15618,-178.9055,9.0,29.79985,-0.45635770000000003
-17.08532,-165.933,9.0,24.227120000000003,-0.1702601
-3.360578,-156.8012,9.0,20.4992,-0.2921377
7.836364,-148.5037,9.0,18.488310000000002,0.1487889
12.44368,-133.798,9.0,24.35302,0.11670760000000001
1.6268719999999999,-117.2789,9.0,29.119459999999997,0.15925029999999998
-8.146889999999999,-97.89556,9.0,29.901459999999997,0.0652437
-11.28958,-75.57115999999999,9.0,31.90454,0.3172574
-8.945803,-50.65028,9.0,35.02983,0.12044500000000001
-4.267051,-24.6367,9.0,36.24033,0.029557099999999996
-1.901096,1.9284740000000002,9.0,33.49645,-1.083975
-5.464815,21.74956,9.0,22.35509,-0.623961
-12.20256,34.97534,9.0,23.1956,0.614567
-29.637629999999998,44.514829999999996,9.0,30.67775,0.4865165
-54.80341,44.0856,9.0,37.71328,0.49211809999999995
-85.45567,44.22424,9.0,44.65524,0.5052031
-120.2285,41.14993,9.0,46.35836,-1.1758790000000001
-145.0013,31.049940000000003,9.0,34.755790000000005,-0.13283589999999998
-143.6742,5.464839,9.0,38.34605,0.49455020000000005
-142.4342,-24.39157,9.0,37.45227,-1.503183
-145.6279,-41.27341,10.0,16.1201,-0.2372711
-153.8994,-52.38805,10.0,18.70195,-0.1551887
-164.8939,-58.05732,10.0,14.8399,-0.3197707
-165.6956,-67.7154,10.0,16.79757,0.3111585
-154.3526,-73.18154,10.0,18.07641,0.08045488
-140.8637,-72.66252,10.0,17.50328,-0.16703420000000002
-125.9348,-76.60658000000001,10.0,25.924229999999998,0.549894
-110.1339,-90.93513,10.0,32.47498,0.3967162
-108.9774,-116.2711,10.0,35.932359999999996,-0.737603
-121.6581,-131.6247,10.0,22.77489,-0.1902208
-136.2316,-132.7836,10.0,17.834770000000002,-0.173197
-144.6424,-122.0792,10.0,22.94418,0.6122609
-149.4457,-105.8663,10.0,13.542810000000001,-2.964416
-152.8177,-102.3543,10.0,9.624818,0.6001893
-162.1147,-101.5093,10.0,16.60054,0.40992259999999997
-167.5742,-114.36399999999999,10.0,23.06654,0.540157
-168.7139,-134.1005,10.0,30.08413,0.48839970000000005
-168.6444,-158.8705,10.0,35.27861,0.1489998
-167.5672,-186.6652,10.0,39.34361,0.14101429999999998
-164.7336,-215.2453,10.0,35.64032,-0.5521373
-163.4609,-238.9214,10.0,28.56553,-0.25436970000000003
-155.535,-255.1359,10.0,21.63419,-0.2372192
-140.183,-259.4053,10.0,23.898670000000003,0.01936784
-128.5097,-246.5727,10.0,25.981460000000002,0.09471431
-124.7053,-226.6722,10.0,29.14729,0.2277742
-127.3416,-204.8654,10.0,27.130390000000002,-0.5967759
-127.9227,-190.7541,10.0,15.38998,-0.3067698
-123.2207,-182.7809,10.0,12.64237,0.4735447
-111.7031,-182.8999,10.0,18.22123,0.1796904
-103.318,-192.4786,10.0,18.80161,0.1690855
-103.4847,-207.3585,10.0,21.31774,0.1744187
-104.5684,-223.41400000000002,10.0,21.742929999999998,-0.01459532
-106.0174,-242.0297,10.0,28.59825,0.44538469999999997
-102.1339,-263.3207,10.0,29.20642,-0.09673569
-81.8259,-272.6431,10.0,35.53167,0.24228899999999998
-56.18031,-263.3859,10.0,38.217259999999996,-0.19187490000000001
-48.243759999999995,-235.7091,10.0,42.28115,0.36980799999999997
-43.0819,-204.3999,10.0,40.50813,-0.316853
-32.42615,-179.997,10.0,31.9064,-0.5649787
-16.69406,-166.1435,10.0,25.25027,-0.41309540000000006
-5.739629,-158.489,10.0,12.7002,0.22793579999999997
4.751831,-150.94799999999998,10.0,19.99415,-0.353344
13.228589999999999,-139.15200000000002,10.0,23.25096,0.5485187
5.160326,-121.8218,10.0,29.767640000000004,0.4969611
-7.302188,-101.6074,10.0,35.440670000000004,0.553941
-10.4368,-77.26041,10.0,31.30467,0.48677349999999997
-8.582205,-51.74221,10.0,37.751529999999995,0.21834450000000002
-4.165664,-21.75812,10.0,43.8271,0.2056744
-2.680732,12.483139999999999,10.0,48.377140000000004,-0.01638687
-18.640829999999998,40.13805,10.0,42.57382,0.05938695
-50.8269,44.75305,10.0,46.82806,0.42582650000000005
-87.52291,44.02964,10.0,52.16426,0.3659048
-125.2293,39.97788,10.0,43.92672,-0.7402479999999999
-148.1703,25.146720000000002,10.0,37.147290000000005,-0.1324368
-142.8689,-2.052054,10.0,40.2692,0.3559186
-143.6537,-31.457690000000003,10.0,33.68866,-0.6879628000000001
-155.6386,-53.686009999999996,11.0,36.36124,0.21110660000000003
-170.0153,-72.80006,11.0,26.37777,-1.175599
-159.2983,-79.54168,11.0,20.28934,0.38084409999999996
-145.7479,-69.49429,11.0,25.57451,0.21555820000000003
-126.81299999999999,-77.30481999999999,11.0,31.269479999999998,0.46630740000000004
-110.9583,-93.82348,11.0,31.299640000000004,0.49811890000000003
-112.05799999999999,-118.3502,11.0,34.71373,-0.02994599
-127.2403,-132.7123,11.0,27.80205,0.1281816
-144.3353,-122.1164,11.0,31.45008,0.1773079
-147.3972,-103.7218,11.0,10.13952,-0.6973603
-157.3209,-100.71700000000001,11.0,20.669520000000002,0.6583968000000001
-166.7994,-113.6989,11.0,25.964389999999998,0.22428220000000001
-166.1801,-135.3962,11.0,32.634570000000004,0.45778409999999997
-168.4609,-161.8161,11.0,38.806509999999996,0.4219545
-165.7779,-192.6551,11.0,44.80435,0.4292873
-163.293,-227.4254,11.0,46.785759999999996,-0.39483850000000004
-155.9377,-254.3752,11.0,28.95655,-0.6829967
-135.8415,-258.4774,11.0,29.74792,-0.4080107
-126.1728,-238.5409,11.0,33.527359999999994,0.4542090999999999
-126.7693,-211.3919,11.0,39.27021,-0.2113899
-125.5962,-185.5735,11.0,31.6847,-1.265426
-108.9842,-182.8531,11.0,24.15083,-0.24606979999999998
-107.5765,-201.5963,11.0,28.92385,0.43783
-105.8032,-225.1543,11.0,35.06281,0.44634830000000003
-105.8936,-253.1848,11.0,40.34747,0.25075749999999997
-85.70992,-272.3669,11.0,39.15448,0.05956942
-57.07504,-264.3685,11.0,41.765859999999996,-0.1603083
-46.59883,-235.5069,11.0,44.48021,0.2064435
-41.47214,-200.8044,11.0,49.93205,0.1391977
-21.59706,-169.8914,11.0,47.28849,-1.376911
1.930936,-154.0951,11.0,32.20579,-0.5610335
12.25078,-136.6207,11.0,24.01385,-0.5297742
4.965014,-120.3982,11.0,27.50064,0.5538024
-6.455337,-101.0202,11.0,33.56974,0.4520349
-10.40232,-74.20929,11.0,39.71593,0.4202861
-7.190617,-42.8205,11.0,45.45409,0.42737179999999997
-1.8382459999999998,-7.533405,11.0,50.86485,0.3445969
-8.457730999999999,30.07838,11.0,49.01242,-0.5268665
-37.3777,45.53309,11.0,46.41212,0.1235424
-73.73584,42.27962,11.0,51.827529999999996,0.4019656
-113.8275,40.943329999999996,11.0,53.696509999999996,-0.4958076
-145.42600000000002,30.128770000000003,11.0,42.05887,-0.407885
-146.2396,1.238541,11.0,41.998290000000004,0.4267049
-142.8805,-31.02634,11.0,43.540279999999996,-0.5003483
-155.2641,-52.041109999999996,12.0,27.27405,0.05834637
-168.6696,-64.55425,12.0,24.0022,-1.136216
-154.6303,-71.97478000000001,12.0,26.177039999999998,0.2511952
-133.0819,-72.99591,12.0,32.425470000000004,0.39779159999999997
-112.0425,-87.58569,12.0,37.35707,0.2495725
-108.3037,-114.11200000000001,12.0,33.10767,-1.164824
-122.65,-129.6563,12.0,27.05205,-0.49652250000000003
-139.4273,-131.7533,12.0,22.865879999999997,0.253244
-146.5036,-115.6699,12.0,27.837,0.2414325
-156.2119,-100.721,12.0,21.35928,0.12414990000000001
-167.2272,-108.5439,12.0,23.34604,0.9005768
-167.1048,-131.0357,12.0,35.80907,0.4408153
-168.8547,-159.6253,12.0,41.498740000000005,0.2149939
-166.4398,-192.6061,12.0,47.33495,0.4072675
-164.3955,-229.5513,12.0,50.71135,-1.329421
-152.2999,-257.1675,12.0,33.965070000000004,-1.449718
-133.5088,-251.3553,12.0,29.38307,0.335796
-126.7604,-228.6889,12.0,34.86643,0.2222065
-127.3918,-201.6808,12.0,34.21518,-0.2174617
-121.0128,-180.7035,12.0,29.21288,-0.45500050000000003
-106.542,-188.7992,12.0,24.49384,0.1550997
-110.4064,-208.5779,12.0,30.46663,0.46962539999999997
-109.1411,-233.5802,12.0,36.97244,0.45673640000000004
-102.0833,-261.9706,12.0,41.63604,-0.05585288
-75.81761999999999,-271.0786,12.0,40.543859999999995,0.37597859999999994
-48.58813,-257.6071,12.0,39.88987,-0.5177636
-50.86176,-233.0999,12.0,31.88593,-0.1200907
-52.90396,-218.618,12.0,7.268037,-0.3513739
-53.34055,-214.9849,12.0,1.7394919999999998,-0.28227820000000003
-52.409659999999995,-216.801,12.0,7.10133,0.2709835
-45.35094,-217.7355,12.0,14.09401,0.4713895
-41.90363,-207.6889,12.0,13.227829999999999,-0.1304722
-41.173359999999995,-196.2051,12.0,20.26378,0.5055839
-34.52988,-180.0478,12.0,27.062279999999998,0.4617941
-17.70491,-165.4145,12.0,33.45661,0.45800470000000004
4.645213,-150.64,12.0,37.3316,-0.12822260000000002
11.24501,-128.4674,12.0,28.50848,-0.03094687
-2.8293939999999997,-107.6782,12.0,41.59463,1.1411870000000002
-10.66445,-73.1475,12.0,52.69989,0.15022320000000003
-4.943365,-32.7376,12.0,57.517790000000005,0.158521
-2.9277849999999996,10.205860000000001,12.0,52.02732,-1.8456099999999998
-13.35355,35.55081,12.0,35.13755,0.1721351
-37.761509999999994,45.808,12.0,38.725159999999995,0.3283949
-68.4776,44.41788,12.0,44.47061,0.2054786
-103.4616,42.60433,12.0,50.0147,0.2025109
-139.5954,37.24866,12.0,47.65363,-0.1785017
-152.6578,16.59734,12.0,16.716379999999997,-0.41443320000000006
-153.3788,12.6488,12.0,3.354604,0.6215718000000001
-148.3866,10.8064,12.0,11.46857,0.5341481
-146.4226,-0.22897960000000003,12.0,19.14108,0.34525170000000005
-143.7542,-16.84546,12.0,26.302220000000002,0.2524453
-141.9451,-33.9332,13.0,4.814751,0.6258852
-143.5027,-40.33019,13.0,12.926260000000001,0.2909699
-151.2175,-49.76189,13.0,20.28345,0.4781491
-165.5788,-59.458259999999996,13.0,25.40928,-0.3952564
-163.5159,-73.51316,13.0,17.61232,-0.24971149999999998
-150.1543,-75.51884,13.0,21.498820000000002,0.4332096
-135.7502,-72.2505,13.0,18.72189,0.5030156
-119.4633,-77.45076,13.0,26.690859999999997,0.4341996
-107.5843,-95.24967,13.0,32.27267,0.3798183
-112.042,-119.6497,13.0,36.411229999999996,0.2718937
-135.423,-132.465,13.0,33.99776,-1.547139
-145.7651,-123.1931,13.0,8.586966,-1.677325
-140.0115,-122.9165,13.0,10.91703,0.286695
-139.8148,-122.7831,13.0,6.001848000000001,0.39264840000000006
-145.0279,-126.4487,13.0,9.351403,-0.26413590000000003
-145.516,-129.0595,13.0,1.721413,0.6822545
-144.0243,-124.6771,13.0,10.80565,0.6132688000000001
-139.952,-114.5887,13.0,18.66965,0.243157
-146.9205,-100.4152,13.0,25.15859,0.1717751
-163.6029,-102.08,13.0,22.40762,-0.20218
-167.3078,-120.4914,13.0,30.176479999999998,0.5307151999999999
-167.521,-145.4195,13.0,37.1102,0.47514290000000003
-167.8911,-175.4757,13.0,43.65947,0.46309049999999996
-167.9581,-210.1115,13.0,49.822959999999995,0.4214691
-162.9886,-246.6449,13.0,45.715140000000005,-0.5060247999999999
-135.9349,-256.3238,13.0,34.9526,-0.783716
-127.8778,-236.9001,13.0,33.59287,0.3794368
-127.3714,-208.2976,13.0,41.171459999999996,-0.07184795
-125.5071,-186.0947,13.0,15.53084,-0.33409520000000004
-115.9801,-181.4649,13.0,17.27317,0.5606346999999999
-105.8768,-192.3578,13.0,24.61872,0.2446109
-105.6722,-213.0387,13.0,31.602090000000004,0.5252529
-107.8178,-238.7928,13.0,37.93517,0.3436648
-94.8228,-265.2444,13.0,42.421079999999996,0.1387163
-65.51871,-270.4272,13.0,42.60953,-0.009483834
-49.49126,-245.0957,13.0,43.60403,0.1896776
-46.79663,-211.4413,13.0,42.32654,-1.4017700000000002
-31.90035,-183.8667,13.0,45.31057,0.1909473
-6.909368,-158.0612,13.0,51.28414,0.4168669
10.00122,-126.5575,13.0,45.13581,-0.1242711
-5.1040589999999995,-104.8225,13.0,31.182090000000002,-0.4662375
-7.518227,-83.90863,13.0,32.99159,0.5075371
-5.714494,-57.01389,13.0,39.739329999999995,0.45896229999999993
-4.900368,-25.220129999999997,13.0,46.13234,0.4486991
-3.947871,11.18331,13.0,51.92572,0.15372650000000002
-17.60799,39.86787,13.0,35.07463,-0.9974892
-34.01693,37.35159,13.0,13.83795,-0.8057534000000001
-35.09966,32.585640000000005,13.0,0.07983218,0.01776849
-35.14878,32.59231,13.0,0.06499095,0.01004696
-34.879940000000005,33.30611,13.0,4.283185,0.6082295
-33.66581,39.20817,13.0,11.66182,0.46925950000000005
-32.2606,44.58533,13.0,2.3069490000000004,-0.6742125
-32.97057,43.194720000000004,13.0,6.258439,0.5454931
-39.878809999999994,41.5019,13.0,13.9049,0.2788098
-52.36068,44.92055,13.0,21.00095,0.484041
-70.3289,44.21395,13.0,27.58652,0.48766190000000004
-92.92966,41.95293,13.0,33.73956,0.43581850000000005
-120.0361,42.29903,13.0,39.19226,0.31713850000000005
-144.4917,27.907120000000003,13.0,38.10112,-0.02694605
-147.0879,-0.6609253,13.0,41.75257,0.4075581
-144.7407,-33.36893,14.0,45.757659999999994,-0.1338937
-157.8889,-56.976240000000004,14.0,30.45885,-0.330005
-159.993,-72.68757,14.0,24.60906,0.31188109999999997
-140.5113,-75.56593000000001,14.0,30.099840000000004,0.2224658
-118.7491,-84.13969,14.0,34.58703,0.14563879999999998
-109.6289,-108.3146,14.0,37.48423,0.14525420000000003
-125.978,-130.2133,14.0,39.19701,0.0191552
-145.7582,-125.5381,14.0,20.94589,-1.5602340000000001
-145.917,-119.8875,14.0,1.6598400000000002,0.09270897
-146.8258,-118.8223,14.0,1.8346630000000002,-0.02670666
-147.6305,-117.9593,14.0,1.370962,-0.02608883
-149.7196,-117.2053,14.0,3.957469,-0.01676879
-150.5318,-117.2804,14.0,3.524433,0.6608999
-146.1481,-113.4877,14.0,12.19244,0.6018775
-146.1906,-102.2717,14.0,19.331889999999998,0.21686550000000002
-160.542,-97.66691999999999,14.0,24.173389999999998,0.2639945
-167.9234,-114.2694,14.0,28.87006,0.25247600000000003
-166.352,-138.2252,14.0,35.88232,0.5212049
-166.6855,-167.3188,14.0,42.62325,0.48389269999999995
-167.2711,-201.2516,14.0,48.94032,0.4450785
-164.7402,-238.767,14.0,47.77073,-0.6969064
-146.1228,-254.8299,14.0,21.02502,-2.420267
-141.7337,-251.2273,14.0,4.095055,-0.07745927
-140.5185,-248.9968,14.0,5.649866,0.3709998
-134.0038,-248.8416,14.0,12.71368,1.0760969999999999
-124.4565,-251.6077,14.0,11.92044,-0.179635
-121.0091,-245.0457,14.0,13.41731,0.4810447
-124.4198,-232.1145,14.0,22.11523,0.5679350000000001
-126.9254,-213.0934,14.0,29.65297,0.46143779999999995
-126.9629,-188.7047,14.0,34.40011,-0.7699302
-110.0865,-180.2736,14.0,22.75103,-0.8734816999999999
-105.6763,-198.9495,14.0,35.59277,0.7383638000000001
-107.255,-232.8134,14.0,55.35471,1.274181
-90.60786,-267.83299999999997,14.0,47.10884,-1.249111
-58.584559999999996,-267.4646,14.0,45.23515,-0.5144264000000001
-48.571290000000005,-238.4474,14.0,44.71058,0.4547673
-44.396359999999994,-204.4706,14.0,48.82523,0.15397220000000003
-21.05404,-174.7092,14.0,53.9533,0.4324409000000001
6.508896,-144.3892,14.0,54.06156,-0.3830035
5.222701,-118.1538,14.0,27.76114,-0.2427895
-4.985501999999999,-100.8355,14.0,30.50927,0.45037740000000004
-4.980277,-75.79974,14.0,37.25881,0.2444076
-2.7994779999999997,-45.726040000000005,14.0,43.899409999999996,0.2214327
-2.266713,-10.87584,14.0,50.136540000000004,0.4361317
-6.297441,27.028259999999996,14.0,47.71392,-1.206061
-32.446290000000005,42.73531,14.0,43.47208,0.3028008
-66.8916,40.335190000000004,14.0,49.4827,0.4157116
-105.6887,40.76919,14.0,55.31145,0.531188
-139.6517,35.47802,14.0,36.241479999999996,-0.7806258
-144.8689,22.026429999999998,14.0,3.384349,-1.466816
-142.5562,23.82095,14.0,4.99782,-0.15548689999999998
-141.3439,25.371229999999997,14.0,3.035047,0.7022991
-144.8247,21.892789999999998,14.0,9.598152,0.3325632
-149.5348,22.03387,14.0,1.452866,-0.3735813
-147.4159,20.7405,14.0,7.973771000000001,0.3354789
-142.061,13.45684,14.0,16.59026,0.2911462
-140.8363,-1.723127,14.0,24.71506,0.5720447
-142.9344,-22.88965,14.0,32.43138,0.2574665
-141.8875,-36.73738,1.0,7.9058649999999995,1.119508
-143.5554,-45.785579999999996,1.0,16.90752,0.5989227
-154.9841,-56.04713,1.0,25.14904,0.6006863
-161.8284,-72.38573000000001,1.0,26.1693,-0.1569659
-146.4744,-72.60477,1.0,25.46989,0.5624253
-135.8788,-68.27634,1.0,0.14298139999999998,0.08808093
-135.8584,-68.27951999999999,1.0,0.02595751,-0.0005184939
-135.8399,-68.28216,1.0,0.02152352,-0.01445372
-135.8248,-68.28383000000001,1.0,0.01601752,-0.030432599999999997
-136.0347,-70.76714,1.0,4.656792,-0.02192624
-135.6523,-73.99767,1.0,4.03487,-0.03561284
-136.715,-76.37917,1.0,2.909796,-0.3902
-135.1918,-75.51405,1.0,7.013730000000001,0.6325358
-126.8551,-75.71729,1.0,15.743329999999998,0.6090154999999999
-116.7796,-85.16192,1.0,23.12903,0.5696725
-110.2343,-103.9453,1.0,30.398690000000002,0.4261293
-118.2284,-126.3632,1.0,35.58739,0.2780241
-141.4623,-130.9927,1.0,28.079929999999997,-0.5409132
-143.933,-116.6088,1.0,22.56814,0.23826109999999998
-138.4574,-108.7091,1.0,0.03363989,-0.02912397
-138.4583,-108.7264,1.0,0.02530638,-0.0100405
-138.469,-108.738,1.0,0.19678929999999997,0.09687353
-142.3052,-108.236,1.0,8.251686999999999,0.06586713
-145.7287,-110.8382,1.0,0.0239804,-0.4452103
-144.5089,-107.6739,1.0,9.034448,0.6255009
-147.7167,-98.95035,1.0,16.971410000000002,0.26412220000000003
-159.7157,-96.52575999999999,1.0,15.479070000000002,-0.3370093
-166.2728,-105.9579,1.0,21.97227,1.148434
-169.0766,-126.9381,1.0,34.675959999999996,0.8180191
-164.174,-154.0707,1.0,40.29103,-0.8190156
-165.7853,-179.9966,1.0,31.6922,-0.4700149
-167.8105,-204.5835,1.0,40.86636,0.5712816
-166.2849,-233.1926,1.0,35.151709999999994,-0.5633511999999999
-154.716,-250.2569,1.0,25.334789999999998,0.0194632
-134.3689,-248.3104,1.0,31.02443,1.0145790000000001
-122.1009,-233.3069,1.0,23.34317,-0.4377732
-131.1285,-218.5583,1.0,22.09412,-0.42905200000000004
-123.0545,-204.8866,1.0,19.11086,-0.24174009999999999
-124.9497,-191.9031,1.0,16.580679999999997,-0.391259
-118.20200000000001,-183.9507,1.0,19.08747,0.47964470000000003
-110.7672,-192.5959,1.0,15.52235,-0.2650906
-110.0572,-203.2149,1.0,14.09135,0.1551178
-109.1462,-217.1125,1.0,22.83276,0.560063
-107.0739,-236.7426,1.0,30.39115,0.5252829000000001
-99.06868,-260.067,1.0,36.44596,0.33031540000000004
-74.55235,-271.4006,1.0,39.28971,0.04314671
-53.31451,-253.6459,1.0,39.66675,-0.006638671999999999
-50.2508,-223.067,1.0,44.15014,0.3212545
-33.98867,-192.6358,1.0,49.32605,0.38005359999999994
-8.614967,-163.4349,1.0,55.06145,0.39725759999999993
11.67634,-126.9855,1.0,53.45069,-2.4745169999999996
10.48968,-105.0456,1.0,7.473777,-3.139728
9.777229,-104.2546,1.0,0.4180399,0.03092073
10.66586,-104.8393,1.0,4.612329,0.4265508
15.26995,-107.2275,1.0,8.50023,-0.03457171
18.52338,-106.9211,1.0,0.40783509999999995,0.43780379999999997
15.10675,-108.0344,1.0,9.161799,0.3066005
6.311825,-112.0412,1.0,16.02114,0.3608608
-0.20722310000000002,-102.8719,1.0,20.63165,0.5012183
-0.01053954,-85.34411,1.0,27.27733,0.2331094
-5.077393,-63.23199,1.0,34.02827,0.23883220000000002
-6.026619999999999,-35.569759999999995,1.0,40.6635,0.4658087
-6.325267,-3.111201,1.0,46.886390000000006,0.4505995
-8.620448,32.00548,1.0,42.28058,-0.7966776999999999
-21.695510000000002,44.43249,1.0,13.24053,-0.27416779999999996
-31.49564,38.01048,1.0,19.56004,0.23784670000000002
-48.53281,39.537929999999996,1.0,26.780559999999998,0.27602600000000005
-70.96956999999999,39.52982,1.0,33.79253,0.2528841
-98.5108,39.83019,1.0,40.4642,0.4672106
-130.2014,40.33359,1.0,39.63718,-1.2459719999999999
-144.4476,27.30433,1.0,16.88965,-1.7594919999999998
-138.4462,24.64413,1.0,10.10666,0.04912785
-137.7518,24.24127,1.0,0.05221213,-0.06710608
-137.7628,24.20766,1.0,0.4139701,0.1623648
-141.2132,24.59345,1.0,8.257684,0.3697478
-148.5588,24.56377,1.0,8.852122,-0.7879467
-151.1789,25.40399,1.0,0.9825659999999999,0.282696
-148.2523,23.02422,1.0,9.271562,0.5764809000000001
-148.3073,13.846129999999999,1.0,16.50646,0.5316516
-151.4083,0.1781741,1.0,22.52605,0.48643569999999997
-147.0469,-18.47174,1.0,29.17452,0.49264300000000005
-147.4582,-42.05908,2.0,33.86385,-0.157595
-165.3259,-57.521409999999996,2.0,31.361520000000002,-0.6736287
-160.4908,-72.88498,2.0,17.34469,-1.455918
-155.7332,-68.52377,2.0,0.5677528000000001,-1.020867
-155.6922,-68.52781999999999,2.0,0.04484636,-0.00488299
-155.8438,-69.03797,2.0,3.389183,0.5108752000000001
-156.3545,-72.62235,2.0,4.977735,-0.04718653
-156.9918,-75.16403000000001,2.0,0.3126248,0.7264124
-153.9889,-73.04191999999999,2.0,9.770246,0.6893431999999999
-144.6069,-76.11124000000001,2.0,18.10303,0.3018566
-131.6409,-82.48810999999999,2.0,18.766270000000002,-0.13789400000000002
-119.5898,-87.8329,2.0,21.4576,1.254046
-110.5305,-106.26799999999999,2.0,31.12257,-0.2955231
-121.4742,-126.479,2.0,32.93182,-0.18402639999999998
-142.3701,-128.0275,2.0,23.77761,-1.134486
-141.2418,-114.5201,2.0,23.15273,0.24659270000000003
-143.8789,-102.2394,2.0,19.277160000000002,0.1361384
-158.4883,-103.9974,2.0,18.98735,-0.5705276
-161.11,-115.9258,2.0,16.7216,0.04361321
-164.428,-129.3947,2.0,22.581329999999998,0.5584064000000001
-165.3362,-148.9849,2.0,30.42203,0.270453
-165.4397,-174.4137,2.0,37.957359999999994,0.5461312
-165.8561,-205.1432,2.0,44.94769,0.2322019
-164.1248,-239.5253,2.0,37.2668,-3.5308260000000002
-151.6161,-251.6665,2.0,24.501070000000002,0.5275455
-131.06799999999998,-249.9374,2.0,30.31498,-0.29646209999999995
-127.4756,-232.7097,2.0,26.767970000000002,0.30371240000000005
-125.7534,-209.5963,2.0,35.30019,0.4794819
-124.4272,-186.2558,2.0,16.902060000000002,-2.409416
-115.9583,-184.5382,2.0,14.94935,0.44281750000000003
-110.5797,-196.2222,2.0,22.236279999999997,0.6240004
-108.9433,-215.6175,2.0,30.25599,0.5479159
-105.3793,-240.5956,2.0,37.69986,0.4972142
-91.37832,-266.4296,2.0,42.17532,-0.04452732
-62.9705,-266.0065,2.0,41.24773,0.11951300000000001
-48.75248,-240.0036,2.0,42.70955,0.365098
-46.107279999999996,-206.5721,2.0,48.020179999999996,0.20778899999999997
-23.5534,-177.4997,2.0,52.96419,0.4736736
3.04914,-146.1376,2.0,53.959509999999995,-1.446072
6.84083,-123.9954,2.0,17.43461,-0.3384211
-3.80315,-112.1488,2.0,25.344620000000003,0.23630460000000003
-6.808533000000001,-91.16788000000001,2.0,32.60067,0.5568544
-6.745592,-64.25106,2.0,39.9551,0.5404958000000001
-6.90522,-32.04783,2.0,46.86805,0.5017242000000001
-7.344561,5.0760000000000005,2.0,53.32221,0.27324899999999996
-13.889289999999999,40.161809999999996,2.0,36.94773,-1.378339
-25.976670000000002,45.84988,2.0,2.319139,-1.325156
-25.84607,42.455,2.0,9.054159,0.2958093
-34.42759,40.49405,2.0,17.14875,0.6118060000000001
-48.74933,46.63436,2.0,24.75098,0.4415662
-69.52512,43.61495,2.0,32.25922,0.5736523
-96.14378,41.520509999999994,2.0,39.58529,0.5091621000000001
-127.936,39.745309999999996,2.0,46.309779999999996,0.4198757000000001
-150.1828,24.902810000000002,2.0,24.283379999999998,-2.457841
-149.1414,19.11756,2.0,3.940886,0.6638387
-143.9919,17.065520000000003,2.0,12.47958,0.5891615
-146.2336,5.6608540000000005,2.0,20.40888,0.3043534
-150.004,-10.245389999999999,2.0,26.21596,0.5702210999999999
-145.9969,-31.98157,2.0,33.51549,0.4745679
-143.4926,-40.8475,3.0,11.5173,-0.02825328
-148.7654,-49.07069,3.0,18.18851,0.5137975
-159.8292,-53.850840000000005,3.0,14.819270000000001,-0.12337160000000001
-166.5541,-59.688469999999995,3.0,10.89048,-0.09917723
-164.4296,-66.96445,3.0,12.71695,0.6367239
-153.8976,-72.42626,3.0,20.4481,0.5732009
-136.0343,-73.40726,3.0,28.04107,0.5298979
-117.6456,-83.21948,3.0,25.83715,-0.19441920000000001
-108.3596,-98.40639,3.0,27.131940000000004,0.6669101
-110.3754,-118.4067,3.0,24.8546,-0.3965868
-120.9032,-130.6042,3.0,19.7587,-0.15502779999999997
-137.3074,-132.4293,3.0,22.519660000000002,-0.29263890000000004
-144.9513,-114.9191,3.0,31.74039,-0.6022818
-157.3959,-103.4441,3.0,16.286939999999998,-0.46702089999999996
-166.2502,-112.7224,3.0,22.32924,0.2918345
-168.7459,-132.0676,3.0,30.301170000000003,0.5764409
-169.2923,-157.20600000000002,3.0,37.57719,0.506793
-167.2534,-187.5148,3.0,44.52022,0.4908252
-164.0215,-222.7481,3.0,49.89099,-0.08586553
-157.601,-254.6974,3.0,36.48182,-1.573698
-138.2607,-255.528,3.0,26.931620000000002,0.2633399
-125.3083,-237.3903,3.0,33.05247,0.09096035
-128.4549,-211.5449,3.0,36.905879999999996,-0.5061892
-125.3136,-186.4828,3.0,30.69603,-0.36525290000000005
-110.9211,-180.0902,3.0,21.47208,-0.2084127
-110.1157,-195.96200000000002,3.0,25.5461,0.405613
-104.8284,-216.6361,3.0,31.61595,0.05017846
-105.8928,-238.4343,3.0,27.51837,0.09602103
-102.553,-261.7578,3.0,36.38912,0.09879059
-79.2488,-270.9351,3.0,37.36955,0.231127
-60.87709,-268.6124,3.0,13.70916,-0.5200734
-56.17885,-266.6735,3.0,0.7984515,-0.7445232
-57.1275,-267.3474,3.0,0.8722513000000001,-0.20004979999999997
-56.267309999999995,-266.5799,3.0,4.8095669999999995,0.22302729999999996
-52.987759999999994,-262.8913,3.0,7.823873,0.03968395
-48.34114,-263.4709,3.0,3.0229060000000003,-0.42661099999999996
-49.02459,-262.1474,3.0,6.556489,0.3116558
-49.85092,-254.4083,3.0,14.79023,0.2929097
-46.36333,-240.9402,3.0,22.60967,0.2721905
-43.63211,-221.6487,3.0,29.9471,0.5117115
-40.56136,-197.0352,3.0,36.693259999999995,0.3568063
-24.0178,-174.4765,3.0,41.1568,0.46211549999999996
-4.91686,-156.2854,3.0,24.728260000000002,-1.64883
7.69638,-146.0758,3.0,19.4022,-0.36063229999999996
11.7792,-134.5963,3.0,14.71039,-0.29291880000000003
7.505199,-123.5399,3.0,19.65478,0.552916
-2.532327,-109.5561,3.0,26.925079999999998,0.5109971999999999
-9.393509,-88.02995,3.0,33.7947,0.23773000000000002
-9.918239999999999,-60.68518,3.0,40.20435,0.4688642
-5.323432,-28.768259999999998,3.0,47.00185,0.508961
-3.494726,2.1881169999999996,3.0,31.003970000000002,-1.270733
-4.700994000000001,14.12321,3.0,3.951386,-0.5476555000000001
-5.522099,18.61401,3.0,10.59675,0.6024424
-8.581781,29.105490000000003,3.0,18.81319,0.2850612
-20.07101,40.6116,3.0,25.928,0.2551225
-40.97104,44.90872,3.0,32.503029999999995,0.5208908
-67.6494,44.62063,3.0,39.39697,0.471438
-99.1812,42.69287,3.0,45.867259999999995,0.22588960000000002
-132.3476,38.63531,3.0,40.74055,-0.6923812
-150.4525,21.32795,3.0,32.88818,-0.2410116
-143.6803,-2.405529,3.0,35.41493,0.4019988
-144.5065,-30.870890000000003,3.0,41.51437,0.23957989999999998
-152.10399999999998,-53.302769999999995,4.0,19.84563,-0.5612676
-165.7838,-56.111380000000004,4.0,19.15821,-0.05844717
-163.5622,-68.81429,4.0,22.84224,0.5026752
-145.1791,-72.51351,4.0,29.260440000000003,0.2457343
-122.8733,-80.21046,4.0,35.2411,0.3387313
-108.3511,-103.353,4.0,39.2347,-0.15752879999999997
-119.6328,-128.0493,4.0,37.30983,0.0443679
-142.5147,-127.713,4.0,30.97976,-0.44409840000000006
-144.583,-105.9945,4.0,30.466659999999997,-0.34392979999999995
-156.5474,-99.32281,4.0,17.35935,0.6141675999999999
-166.2702,-111.3945,4.0,25.30293,0.4954643
-169.6487,-132.5901,4.0,32.6177,0.5131481999999999
-169.3622,-159.1031,4.0,39.26514,0.5029140999999999
-166.5411,-190.5512,4.0,45.80005,0.47970329999999994
-163.4661,-226.3811,4.0,49.00107,-0.24500100000000002
-158.3216,-251.3507,4.0,20.69896,-0.42155059999999994
-145.1622,-257.7426,4.0,22.63663,0.5171199000000001
-130.5217,-250.3608,4.0,26.4132,0.4834661
-125.1024,-228.6931,4.0,33.33357,0.41195200000000004
-128.8235,-202.1245,4.0,39.31057,0.3845505
-117.0886,-177.8719,4.0,34.62153,-0.15953270000000003
-99.49021,-185.2596,4.0,24.36048,-0.5955064999999999
-109.9924,-195.4568,4.0,23.87097,0.0968551
-114.5549,-201.5516,4.0,0.02117306,-0.01443683
-114.5549,-201.5533,4.0,0.01517996,0.01188376
-112.8079,-201.7727,4.0,5.056125,0.3732868
-109.7548,-198.8625,4.0,3.943778,-0.6309587
-109.6392,-198.9497,4.0,3.8893839999999997,0.27014879999999997
-108.6939,-204.416,4.0,10.9892,0.4898809
-106.5772,-214.8754,4.0,17.62151,0.2381976
-105.1627,-230.162,4.0,23.78006,0.21563520000000003
-105.5266,-249.9207,4.0,29.284129999999998,0.1563255
-93.44801,-268.8726,4.0,32.76574,0.1248357
-68.94033,-270.0913,4.0,35.795770000000005,0.1442965
-50.01028,-252.2102,4.0,36.84786,0.02755218
-48.899809999999995,-223.2446,4.0,41.0526,0.1266108
-39.23339,-192.8604,4.0,45.15367,0.1057443
-16.156029999999998,-167.9628,4.0,46.20317,-0.1640828
3.423969,-150.0247,4.0,22.81918,-0.47130059999999996
12.34667,-138.7492,4.0,16.34422,-0.2341817
8.370511,-124.9158,4.0,24.44716,0.39965
-3.583684,-108.7608,4.0,29.75735,0.37858420000000004
-9.759279,-85.57930999999999,4.0,34.96783,0.368895
-9.871113000000001,-57.91169,4.0,39.86975,0.3315393
-4.296421,-27.10162,4.0,44.5981,0.34424190000000005
-2.2231400000000003,7.2358210000000005,4.0,48.30315,0.1041781
-11.64604,33.89989,4.0,27.764670000000002,0.3628525
-31.253390000000003,43.419940000000004,4.0,32.20937,0.3304707
-56.93105,43.30288,4.0,37.29135,0.17411
-86.45992,43.10957,4.0,42.240590000000005,0.175017
-118.2836,40.21714,4.0,41.199020000000004,-1.303867
-138.2643,36.735009999999996,4.0,14.103660000000001,-0.19124739999999998
-146.4191,27.301240000000004,4.0,20.25336,0.4336879
-147.5944,10.3257,4.0,25.96718,0.20493409999999998
-143.3615,-10.59862,4.0,31.6286,0.3870749
-142.5898,-35.443940000000005,5.0,32.99684,-0.389502
-154.8221,-51.68906,5.0,27.37606,0.32664740000000003
-168.7632,-63.695780000000006,5.0,20.07179,-0.5879924
-158.9471,-69.60158,5.0,15.680589999999999,0.11089639999999999
-144.2963,-72.0551,5.0,23.8455,0.4438174
-125.354,-77.77184,5.0,29.509459999999997,0.3687147
-109.2357,-93.93401,5.0,33.261959999999995,0.07910138
-111.4289,-118.3829,5.0,33.365590000000005,-0.1042221
-127.8203,-133.0474,5.0,27.566229999999997,-0.7218694999999999
-141.7764,-124.6286,5.0,24.08096,0.3510399
-149.2625,-106.5615,5.0,29.14187,0.3108568
-164.8266,-102.436,5.0,17.09052,-1.04867
-164.5998,-114.3719,5.0,17.96651,0.6953673
-167.3034,-131.01,5.0,28.494329999999998,1.275077
-168.6566,-159.0452,5.0,45.07036,0.6337669
-164.5291,-194.3096,5.0,51.137859999999996,0.23275789999999996
-164.2211,-226.1162,5.0,27.11875,-1.298665
-162.9385,-241.6078,5.0,18.04389,-0.42214470000000004
-158.3484,-252.1472,5.0,15.21972,0.389446
-145.4239,-260.1148,5.0,25.18404,0.1680675
-129.2918,-248.6325,5.0,33.36613,1.022937
-125.9492,-220.3663,5.0,42.00177,-0.6799614
-128.6928,-196.2891,5.0,21.16846,-0.4892558
-123.5115,-184.4759,5.0,15.24215,0.2593938
-109.2441,-183.6837,5.0,24.249589999999998,0.10489549999999999
-102.45299999999999,-200.4941,5.0,29.24735,0.8476306999999998
-103.9728,-225.4884,5.0,36.618179999999995,0.10606600000000001
-105.2835,-251.9223,5.0,32.37162,-0.5409535
-93.55129000000001,-269.315,5.0,30.734709999999996,0.13258029999999998
-69.82954000000001,-270.6722,5.0,34.7122,0.1254327
-51.70937,-253.1738,5.0,36.5663,0.2617505
-47.354009999999995,-224.5485,5.0,41.343109999999996,0.36421020000000004
-40.20599,-193.1286,5.0,45.62957,0.09986769
-18.30471,-166.6307,5.0,47.66891,-0.1165629
-2.195551,-155.6173,5.0,13.62756,-0.1740596
4.653762,-150.77700000000002,5.0,9.157648,-0.1555986
8.823421000000002,-147.0024,5.0,7.984546000000001,0.2623998
12.93472,-139.7207,5.0,14.645220000000002,0.2185442
10.26629,-127.1874,5.0,20.614720000000002,0.2159062
-0.13545810000000003,-113.1796,5.0,26.43015,0.20518939999999997
-8.065533,-93.08439,5.0,31.85768,0.1911735
-10.59051,-67.79205,5.0,36.90818,0.1724822
-5.86503,-39.01548,5.0,41.78635,0.170852
-1.528227,-6.6458759999999995,5.0,46.13477,-0.3624968
-4.706193,19.7805,5.0,22.149729999999998,-3.856382
-8.108619000000001,28.156240000000004,5.0,14.18489,0.2688732
-15.94166,38.219640000000005,5.0,20.32266,0.202603
-31.7398,44.60178,5.0,25.99209,0.4078355
-53.06336999999999,45.211040000000004,5.0,31.61973,0.3958468
-78.49727,44.37236,5.0,36.96679,0.3641236
-107.6416,42.31521,5.0,41.92188,0.1697013
-132.8905,39.447340000000004,5.0,20.14709,-2.127602
-144.6273,30.13778,5.0,23.669620000000002,0.18698389999999998
-147.9257,11.07391,5.0,28.930870000000002,0.38262929999999995
-143.1007,-11.82046,5.0,34.252559999999995,0.3718284
-143.0398,-36.35306,6.0,24.548460000000002,-3.04065
-147.1084,-46.63942,6.0,15.64471,1.032089
-157.819,-54.64042,6.0,16.9989,-0.3907226
-165.908,-60.73001,6.0,12.3217,0.19478220000000002
-160.6673,-71.33658,6.0,22.29339,0.7226154
-140.3198,-71.62956,6.0,34.58633,0.6988149
-115.2637,-84.8511,6.0,41.822179999999996,-0.16160039999999998
-112.461,-109.9573,6.0,26.839920000000003,-1.6544470000000002
-117.262,-120.0348,6.0,11.59566,0.4243419
-122.6916,-131.0317,6.0,18.27913,-0.273493
-135.4505,-133.2572,6.0,21.13707,0.41112659999999995
-144.6725,-119.432,6.0,26.71847,0.5523291
-149.0153,-105.4051,6.0,8.110722,-0.2808828
-154.2629,-101.6802,6.0,12.228660000000001,0.6567783
-164.4745,-103.3665,6.0,15.47381,0.05834122
-167.3623,-117.3815,6.0,25.72912,0.5115333
-168.9482,-141.5813,6.0,38.946870000000004,0.8659610000000001
-168.1652,-174.6271,6.0,50.014309999999995,0.7248182
-164.3295,-213.9445,6.0,51.80791,-0.648572
-162.5033,-247.4773,6.0,37.35342,-0.6583654999999999
-146.2172,-258.2061,6.0,23.190520000000003,-0.2635874
-132.3508,-252.8388,6.0,20.80184,0.7077517
-125.4076,-235.9415,6.0,27.74803,0.4134068
-126.3918,-213.5008,6.0,33.05624,0.2019612
-128.0241,-188.8148,6.0,26.504820000000002,-2.782279
-117.2431,-182.1623,6.0,20.07694,0.3782041
-104.9598,-192.0699,6.0,24.55773,0.1752658
-102.7484,-212.0182,6.0,29.94422,0.4110808
-105.4272,-236.0686,6.0,35.32877,0.1743479
-102.1531,-263.3556,6.0,38.46914,-0.18721729999999998
-79.33524,-271.8586,6.0,31.17584,-0.3007031
-59.82399,-266.5364,6.0,23.60726,-0.5627076999999999
-49.6554,-252.9097,6.0,27.931379999999997,0.40320029999999996
-45.8646,-230.4153,6.0,33.43374,0.20033199999999998
-42.88399999999999,-203.87400000000002,6.0,38.620129999999996,0.354147
-30.5575,-177.5299,6.0,41.12622,0.22760279999999997
-7.102423,-160.0978,6.0,29.45265,-1.2086059999999998
3.2926550000000003,-152.1903,6.0,12.33089,-0.16223970000000001
9.831650999999999,-145.8403,6.0,13.433860000000001,0.13754029999999998
12.707980000000001,-134.1376,6.0,20.85931,0.5913751
2.3353599999999997,-118.6541,6.0,31.857879999999998,1.0782559999999999
-8.194427000000001,-92.40604,6.0,45.64031,0.9724497
-8.773401,-53.93488000000001,6.0,57.970330000000004,0.8206065999999999
-1.3317139999999998,-9.773197,6.0,59.95293,-0.5665312
-5.770725,21.34818,6.0,23.1054,-0.599799
-13.07835,35.60329,6.0,23.65161,0.5141203
-31.84285,44.4648,6.0,34.26272,0.9695524999999999
-62.604040000000005,44.85908,6.0,49.087959999999995,0.5233364
-103.8271,42.91494,6.0,56.65034,-3.8821800000000004
-126.0703,39.565020000000004,6.0,14.29974,-0.182375
-136.2947,37.34523,6.0,19.06362,0.7046804
-147.1585,25.35214,6.0,25.3374,0.3445924
-146.5104,4.667662,6.0,30.780859999999997,0.19748039999999997
-141.5064,-19.70158,6.0,36.05424,0.30384140000000004
-142.0103,-35.90772,7.0,8.914194,0.5079239000000001
-144.283,-44.722159999999995,7.0,15.56448,0.4169219
-154.9886,-52.665569999999995,7.0,21.363220000000002,0.2300512
-167.6706,-62.71346,7.0,20.53106,-0.6539249
-164.657,-74.25275,7.0,15.774389999999999,0.2047136
-152.5177,-76.53584000000001,7.0,19.09723,0.2929039
-138.0978,-73.13427,7.0,20.92952,0.1061835
-121.9494,-77.38254,7.0,26.807090000000002,0.6050268
-108.9277,-94.70671999999999,7.0,31.74125,0.217061
-112.5857,-118.6227,7.0,34.99787,0.1764828
-134.8996,-131.8271,7.0,35.78743,-1.025098
-147.4438,-121.5832,7.0,15.08694,-1.02091
-143.0406,-114.4213,7.0,13.41942,1.036131
-148.2077,-103.7831,7.0,16.431729999999998,-0.02396341
-160.8304,-102.8774,7.0,20.81223,0.10719289999999998
-166.3428,-116.1997,7.0,19.81982,0.04666748
-166.359,-133.1586,7.0,27.134629999999998,0.896552
-169.2397,-158.4371,7.0,41.42978,0.9607530000000001
-169.9154,-193.7674,7.0,53.55667,0.37975440000000005
-168.2286,-232.4781,7.0,46.52871,-1.703772
-155.342,-253.0807,7.0,26.997059999999998,-0.7530208
-138.214,-253.5067,7.0,21.84949,0.34468540000000003
-126.2604,-242.4748,7.0,25.52879,0.5280476
-126.0189,-219.9323,7.0,33.48795,0.19274620000000003
-126.054,-193.19099999999997,7.0,38.18512,-0.15142
-117.0523,-179.6799,7.0,13.9656,-0.496924
-109.9794,-188.9784,7.0,20.61346,0.4499367
-108.8988,-206.4634,7.0,26.606090000000002,0.4012348
-108.5927,-228.2593,7.0,32.23446,0.1920363
-104.7926,-253.4616,7.0,36.72099,0.24727529999999998
-84.35117,-271.6768,7.0,39.16813,0.1065451
-57.500859999999996,-265.0404,7.0,39.320409999999995,0.004020178
-49.42714,-237.3891,7.0,41.579209999999996,0.16706500000000002
-44.398720000000004,-205.6281,7.0,45.08446,0.06130651
-22.50071,-179.0811,7.0,48.78391,0.33822070000000004
1.959197,-150.4597,7.0,48.663340000000005,-1.036571
8.64082,-126.9829,7.0,23.668120000000002,-0.3207377
-2.504387,-110.4585,7.0,30.948890000000002,0.4494108
-5.136212,-83.90034,7.0,44.559779999999996,1.3743889999999999
-0.8209242,-44.66818,7.0,61.52168,1.1445370000000001
-1.9916169999999997,4.132569,7.0,63.148830000000004,-1.048332
-11.33191,38.60396,7.0,33.68172,-0.6340066
-33.77296,40.941759999999995,7.0,36.88201,1.246213
-63.442440000000005,40.44723,7.0,42.54835,0.3384692
-96.73969,40.745309999999996,7.0,47.2047,0.3430043
-132.7998,39.90838,7.0,47.48294,-0.8440190000000001
-147.4044,23.152060000000002,7.0,28.590490000000003,0.3174845
-145.2892,0.02196782,7.0,33.959340000000005,0.1828489
-145.5654,-27.053729999999998,7.0,39.140409999999996,0.3640693
-155.3389,-53.28844,8.0,35.91825,-0.5773520000000001
-168.4282,-66.81976,8.0,20.7324,0.3492384
-156.5319,-78.87939,8.0,27.65868,0.1999511
-134.3738,-77.20340999999999,8.0,32.27584,0.16323020000000002
-114.83200000000001,-91.09810999999999,8.0,35.02505,0.18603970000000003
-112.81700000000001,-116.8845,8.0,37.01377,0.01756474
-134.5211,-132.07399999999998,8.0,35.35583,-1.799146
-146.6752,-127.4908,8.0,2.826922,-0.6669946
-143.592,-124.8861,8.0,9.316563,0.24940170000000003
-142.1615,-115.9837,8.0,15.774329999999999,0.2208203
-150.1793,-104.9298,8.0,21.5973,0.3620644
-165.4591,-106.2482,8.0,23.701220000000003,0.08922274
-166.96400000000003,-124.6549,8.0,28.16406,0.20807609999999999
-168.4918,-147.398,8.0,33.4786,0.3793716
-171.1086,-173.8561,8.0,38.38725,0.1613538
-169.1411,-204.1705,8.0,43.28561,0.3540737
-167.2791,-237.7632,8.0,46.60175,-0.24963779999999997
-147.3047,-256.888,8.0,34.135659999999994,-1.240461
-130.0443,-245.3595,8.0,29.191190000000002,0.1663325
-127.2233,-222.0925,8.0,34.61829,0.38824990000000004
-126.5775,-194.6006,8.0,38.8209,-0.23869429999999997
-115.4091,-179.4933,8.0,16.22654,-0.6332844
-107.7566,-188.3734,8.0,19.76516,0.22279320000000002
-106.7337,-205.2216,8.0,25.80463,0.41946130000000004
-106.0345,-226.5359,8.0,31.50088,0.19950929999999997
-103.6067,-251.5932,8.0,36.37461,0.2603536
-85.32433,-271.2755,8.0,38.488609999999994,0.08128623
-58.747769999999996,-265.7792,8.0,39.150090000000006,0.08277221
-47.53127,-239.3869,8.0,41.36768,0.1654825
-44.33338,-207.2288,8.0,45.59726,0.11783010000000002
-23.92462,-180.6611,8.0,47.579679999999996,0.3316283
0.2763556,-152.9925,8.0,50.588159999999995,-0.4436795
7.633282,-124.027,8.0,34.019020000000005,-0.2560097
-6.6030880000000005,-101.0371,8.0,39.33768,-0.1300581
-3.064934,-71.58870999999999,8.0,42.46504,0.34945679999999996
-1.240597,-38.42109,8.0,47.008990000000004,0.1508859
-1.767795,-1.9685290000000002,8.0,51.404090000000004,0.313733
-8.631657,34.20013,8.0,41.37234,-1.093721
-25.36157,42.37808,8.0,10.359119999999999,-1.085933
-27.17703,38.238409999999995,8.0,8.866261,0.2229663
-35.152029999999996,39.10391,8.0,15.16734,0.4334638
-44.8324,48.3318,8.0,20.76132,0.6744363
-48.02572,48.58667,8.0,0.02035215,-0.04046088
-48.18475,48.04104,8.0,3.245745,0.2102458
-48.13037,44.65426,8.0,5.226193,-0.04074724
-47.36758,43.46297,8.0,3.123136,0.34451509999999996
-52.449290000000005,46.14297,8.0,12.271989999999999,0.6083313
-64.62291,45.30272,8.0,20.78112,0.29787620000000004
-82.9521,43.06149,8.0,28.86637,0.5616300999999999
-107.012,42.75163,8.0,36.22017,0.254398
-135.1798,40.71178,8.0,39.48409,-0.1880108
-144.1004,14.83195,8.0,41.75765,0.6378349
-146.5765,-19.0544,8.0,48.85154,0.40809559999999995
-142.0383,-34.60194,9.0,2.702852,-0.05734653
-142.9311,-38.54569,9.0,11.18225,0.651181
-147.3304,-47.45925,9.0,12.92603,-0.21455529999999998
-154.6245,-52.36132,9.0,13.591529999999999,0.8225995999999999
-164.0103,-55.85228000000001,9.0,12.037510000000001,-0.1279109
-166.8774,-62.97514,9.0,11.96927,0.8926944
-158.6091,-72.66698000000001,9.0,20.18071,-0.4204915
-145.4049,-72.98901,9.0,16.1383,-0.1214886
-133.1144,-73.86839,9.0,22.14561,1.193973
-116.7446,-82.48935999999999,9.0,25.87658,0.07521093
-107.6992,-99.29706999999999,9.0,25.75602,-0.4161477
-108.3596,-113.5789,9.0,12.39658,-0.19475989999999999
-111.3385,-121.9094,9.0,15.15155,1.2656450000000001
-121.0675,-133.0107,9.0,20.36851,-0.35575759999999995
-134.0647,-134.3167,9.0,16.054570000000002,-0.2767007
-143.2662,-126.1245,9.0,21.86206,0.5522001999999999
-149.2332,-107.9431,9.0,27.622690000000002,-2.3099119999999997
-158.8595,-99.36525999999999,9.0,14.200220000000002,-0.3769828
-165.6891,-106.1364,9.0,18.07638,1.1879979999999999
-168.205,-125.0092,9.0,32.96865,0.9517658000000001
-169.0332,-154.0071,9.0,43.687670000000004,0.37493309999999996
-166.5807,-187.8197,9.0,47.49168,0.19069589999999997
-163.5582,-221.2511,9.0,41.42225,-0.298198
-161.3613,-245.9636,9.0,26.86512,-0.5314941
-149.8419,-258.6483,9.0,21.019660000000002,-0.1730743
-136.6814,-258.1882,9.0,19.1848,0.9245866
-126.4661,-241.8778,9.0,33.49342,0.8555478000000001
-126.4076,-215.2333,9.0,35.29753,-0.4644742
-128.77700000000002,-195.5386,9.0,16.20603,-1.006912
-126.2768,-185.1642,9.0,12.89982,-0.1492066
-115.1143,-181.8522,9.0,19.43396,0.02103456
-104.6888,-188.581,9.0,15.218820000000001,-0.1281614
-102.4561,-202.2231,9.0,26.02272,1.141367
-104.3358,-225.8182,9.0,36.54225,0.5341541999999999
-105.2029,-253.0994,9.0,35.90821,-0.2017376
-90.19788,-271.865,9.0,32.67138,0.05269151
-66.56381,-270.1358,9.0,32.340759999999996,-0.04072556
-51.03652,-252.69400000000002,9.0,34.12275,0.142346
-46.3978,-226.9897,9.0,36.39663,0.16623949999999998
-41.912079999999996,-200.4209,9.0,35.103770000000004,-0.15214629999999998
-32.01445,-178.7367,9.0,29.7236,-0.4514525
-16.940910000000002,-165.8323,9.0,24.17026,-0.3428144
-3.2275549999999997,-156.7147,9.0,20.475,-0.1422361
7.933186,-148.4029,9.0,18.543670000000002,0.3228598
12.40921,-133.6177,9.0,24.39526,0.2482505
1.4821739999999999,-117.1189,9.0,29.130740000000003,0.07013391
-8.202999,-97.67921,9.0,29.91064,0.05431933
-11.29368,-75.33994,9.0,31.929679999999998,0.1564461
-8.905924,-50.38899,9.0,35.03843,0.05140726
-4.223362,-24.37656,9.0,36.254259999999995,0.08405975
-1.914765,2.182482,9.0,33.31622,-1.062532
-5.507708999999999,21.909270000000003,9.0,22.30426,-0.3111449
-12.31821,35.10392,9.0,23.392979999999998,1.214545
-29.86058,44.55988,9.0,30.756140000000002,0.4710293
-55.07532,44.071740000000005,9.0,37.75428,0.2684718
-85.79253,44.21907,9.0,44.739059999999995,0.4989622
-120.5607,41.11524,9.0,46.26042,-0.6176049
-145.1377,30.824240000000003,9.0,34.74407,-0.06966613
-143.6089,5.199822,9.0,38.38572,0.2519659
-142.465,-24.67909,9.0,37.19855,-1.221735
-145.6713,-41.386,10.0,16.08014,-0.23515149999999999
-154.012,-52.45955,10.0,18.64861,-0.3282715
-164.975,-58.13511,10.0,14.786579999999999,-0.3155047
-165.63099999999997,-67.82593,10.0,16.90346,0.6161677
-154.2189,-73.17322,10.0,18.092129999999997,0.09590197
-140.7347,-72.67388000000001,10.0,17.475189999999998,-0.1680492
-125.7652,-76.68070999999999,10.0,25.969170000000002,0.2837808
-110.0246,-91.15700000000001,10.0,32.50623,0.1865381
-109.0557,-116.5233,10.0,35.86473,-0.41592060000000003
-121.8108,-131.6965,10.0,22.71337,-0.36677859999999995
-136.357,-132.7334,10.0,17.77792,-0.3317796
-144.6873,-121.9108,10.0,23.04632,0.6033406
-149.5019,-105.7786,10.0,13.048810000000001,-2.813935
-152.8762,-102.3132,10.0,9.672782000000002,0.29580809999999996
-162.2232,-101.5732,10.0,16.67095,0.41828990000000005
-167.5865,-114.538,10.0,23.10962,0.2664539
-168.7227,-134.3288,10.0,30.1651,0.4865249
-168.6329,-159.1315,10.0,35.31896,0.2444051
-167.5372,-186.9627,10.0,39.35382,0.06111366
-164.7154,-215.5055,10.0,35.59409,-0.28966759999999997
-163.4368,-239.1348,10.0,28.482029999999998,-0.4894344
-155.4137,-255.2401,10.0,21.55934,-0.4449657
-140.0096,-259.3646,10.0,23.90007,0.00845698
-128.4355,-246.3929,10.0,26.01575,0.2026914
-124.7206,-226.4567,10.0,29.18347,0.2164974
-127.3571,-204.6735,10.0,26.907659999999996,-1.372742
-127.9149,-190.6392,10.0,15.33828,-0.31000559999999994
-123.1364,-182.7445,10.0,12.72242,0.4805322
-111.5744,-182.9406,10.0,18.25088,0.17995229999999998
-103.2936,-192.61900000000003,10.0,18.81455,0.07781609
-103.4942,-207.5109,10.0,21.3463,0.1772951
-104.5812,-223.5736,10.0,21.74128,-0.01010548
-106.0264,-242.2415,10.0,28.63488,0.2244118
-102.0146,-263.507,10.0,29.1767,-0.1726188
-81.5627,-272.6294,10.0,35.61853,0.5133244
-55.99184,-263.1749,10.0,38.18306,-0.2075482
-48.20577,-235.4063,10.0,42.31049,0.18189779999999997
-43.017759999999996,-204.1101,10.0,40.40041,-0.6512116
-32.27619,-179.8065,10.0,31.85878,-0.28580520000000004
-16.546689999999998,-166.0399,10.0,25.18019,-0.4305196
-5.662089,-158.4356,10.0,12.74517,0.2700626
4.864091,-150.8591,10.0,19.96444,-0.18719860000000002
13.258579999999998,-138.9797,10.0,23.43904,1.10986
4.994423,-121.669,10.0,29.849690000000002,0.4449929
-7.376456,-101.3507,10.0,35.48689,0.2772146
-10.43328,-77.02299000000001,10.0,31.34315,0.22716340000000002
-8.550692,-51.469440000000006,10.0,37.82869,0.462434
-4.111725,-21.45028,10.0,43.90139,0.4563764
-2.730168,12.83295,10.0,48.37376,-0.02066866
-18.92986,40.28406,10.0,42.5857,0.07042309
-51.172340000000005,44.72798,10.0,46.859590000000004,0.19096470000000001
-87.91042,44.00755,10.0,52.19228,0.1727985
-125.5583,39.93654,10.0,43.67468,-1.462186
-148.2486,24.88038,10.0,37.10696,-0.2373105
-142.8008,-2.330352,10.0,40.297259999999994,0.1782243
-143.7165,-31.69803,10.0,33.477740000000004,-1.246931
-155.8498,-53.85365,11.0,36.40723,0.2846444
-170.0,-72.99891,11.0,26.17616,-1.215755
-159.1723,-79.45397,11.0,20.318820000000002,0.17719179999999998
-145.5503,-69.4735,11.0,25.59194,0.1011667
-126.6151,-77.4397,11.0,31.34928,0.48059650000000004
-110.8662,-94.03696,11.0,31.468659999999996,0.9949826999999999
-112.1661,-118.5833,11.0,34.655120000000004,-0.3630333
-127.4464,-132.7566,11.0,27.85112,0.2778056
-144.3871,-121.8871,11.0,31.51623,0.3898074
-147.4514,-103.6652,11.0,10.0939,-0.26603119999999997
-157.4726,-100.7446,11.0,20.72095,0.32002390000000003
-166.8032,-113.8967,11.0,26.04141,0.4548311
-166.1951,-135.6323,11.0,32.7121,0.4790322
-168.4527,-162.1183,11.0,38.87672,0.408167
-165.7442,-192.9853,11.0,44.836890000000004,0.19918829999999998
-163.2646,-227.7751,11.0,46.75331,-0.1949005
-155.7918,-254.5312,11.0,28.73235,-1.338775
-135.6455,-258.3772,11.0,29.6605,-0.5323684000000001
-126.1326,-238.2891,11.0,33.60122,0.439101
-126.8083,-211.1136,11.0,39.21415,-0.3413491
-125.4801,-185.3701,11.0,31.5778,-0.6699993000000001
-108.8746,-182.9943,11.0,24.112289999999998,-0.2333141
-107.5683,-201.815,11.0,28.99365,0.41249659999999994
-105.8247,-225.4132,11.0,35.09872,0.22710010000000003
-105.8158,-253.46200000000002,11.0,40.36679,0.1229201
-85.41605,-272.3925,11.0,39.18016,0.1497704
-56.84978,-264.1602,11.0,41.71635,-0.28600970000000003
-46.54637,-235.1777,11.0,44.54992,0.39438270000000003
-41.38447,-200.4427,11.0,49.98226,0.2938418
-21.30898,-169.6786,11.0,47.06369,-1.3186440000000001
2.1124330000000002,-153.9407,11.0,32.160090000000004,-0.2804873
12.25038,-136.446,11.0,23.924429999999997,-0.5483924
4.828444999999999,-120.2394,11.0,27.58507,0.4943398
-6.521292,-100.7853,11.0,33.6456,0.46628559999999997
-10.41039,-73.91483000000001,11.0,39.74958,0.2096413
-7.126237,-42.48992,11.0,45.52361,0.42514090000000004
-1.822468,-7.154072,11.0,50.8909,0.15792910000000002
-8.629636999999999,30.40692,11.0,48.978790000000004,-0.20205820000000002
-37.71972,45.50871,11.0,46.460190000000004,0.2849908
-74.11984,42.261140000000005,11.0,51.85855,0.1902762
-114.2137,40.91832,11.0,53.52505,-1.0464229999999999
-145.6143,29.884120000000003,11.0,41.99198,-0.39882979999999996
-146.138,0.9443449,11.0,42.06963,0.4356446
-142.9261,-31.335790000000003,11.0,43.3647,-1.079842
-155.4598,-52.102920000000005,12.0,27.29937,0.1467446
-168.6467,-64.73002,12.0,23.816670000000002,-1.1143399999999999
-154.4373,-71.94971,12.0,26.26176,0.4993303
-132.8405,-73.07058,12.0,32.49303,0.3983122
-111.8857,-87.81378000000001,12.0,37.39813,0.24739899999999998
-108.3993,-114.3418,12.0,33.01619,-0.5471043999999999
-122.816,-129.7514,12.0,27.009390000000003,-0.2713035
-139.6034,-131.6619,12.0,22.93872,0.3644544
-146.5191,-115.464,12.0,27.91937,0.492913
-156.3671,-100.6859,12.0,21.37794,0.11268550000000001
-167.2609,-108.71799999999999,12.0,23.41912,0.440497
-167.1055,-131.306,12.0,35.84357,0.20750679999999996
-168.8355,-159.933,12.0,41.571659999999994,0.43164079999999994
-166.4208,-192.9523,12.0,47.40327,0.42147840000000003
-164.3739,-229.9335,12.0,50.59982,-0.6842704000000001
-152.0722,-257.2769,12.0,33.8536,-0.6818193
-133.3877,-251.1744,12.0,29.4391,0.3432443
-126.7198,-228.4438,12.0,34.9452,0.4889702
-127.4447,-201.4321,12.0,34.141040000000004,-0.4366266
-120.8143,-180.6165,12.0,29.091440000000002,-0.7023045
-106.5427,-188.9806,12.0,24.52197,0.16871
-110.4128,-208.7986,12.0,30.5049,0.2403757
-109.1115,-233.864,12.0,37.00861,0.21324970000000004
-101.9167,-262.23,12.0,41.61735,-0.10780139999999999
-75.5212,-271.0214,12.0,40.57425,0.1887144
-48.43043,-257.3574,12.0,39.7251,-0.9797129000000001
-51.011829999999996,-232.9116,12.0,31.860559999999996,-0.15051579999999998
-52.903319999999994,-218.5638,12.0,7.105353999999999,-0.94373
-53.34264,-214.9733,12.0,1.618258,-0.7559819999999999
-52.37836,-216.8437,12.0,7.165755,0.38366940000000005
-45.26962,-217.6712,12.0,14.17259,0.4726554
-41.89883,-207.5887,12.0,13.183829999999999,-0.2549671
-41.15047,-196.0565,12.0,20.34845,0.5143132
-34.40853,-179.8835,12.0,27.13904,0.45916890000000005
-17.48866,-165.2828,12.0,33.53366,0.45227700000000004
4.826116000000001,-150.4438,12.0,37.32035,-0.07041189
11.15873,-128.27,12.0,28.502709999999997,-0.03369096
-2.976803,-107.4037,12.0,41.68544,0.5513858
-10.659130000000001,-72.75702,12.0,52.754290000000005,0.323878
-4.87124,-32.3175,12.0,57.576530000000005,0.3438531
-2.977871,10.59544,12.0,51.87458,-0.9286773000000001
-13.52876,35.75117,12.0,35.19878,0.35445909999999997
-38.03725,45.79822,12.0,38.7519,0.1701744
-68.8092,44.42657,12.0,44.54249,0.4228678
-103.8385,42.55924,12.0,50.08311,0.3968107
-139.9274,37.11097,12.0,47.59134,-0.3734814
-152.632,16.47457,12.0,16.58525,-0.7682004
-153.3542,12.65358,12.0,3.405267,0.3115762
-148.3343,10.73925,12.0,11.5142,0.2930693
-146.4205,-0.3711011,12.0,19.22768,0.528189
-143.716,-17.042479999999998,12.0,26.387620000000002,0.49435870000000004
-141.9488,-33.96893,13.0,4.865241999999999,0.3122251
-143.5387,-40.41983,13.0,13.020999999999999,0.5568056
-151.338,-49.84277,13.0,20.36701,0.5217961
-165.6779,-59.62013,13.0,25.27843,-0.7661358
-163.4178,-73.59219,13.0,17.574579999999997,-0.23746729999999996
-149.9987,-75.47736,13.0,21.56771,0.4099036
-135.6105,-72.25375,13.0,18.7661,0.26767820000000003
-119.2994,-77.56383000000001,13.0,26.76159,0.4199069
-107.5263,-95.48165999999999,13.0,32.30161,0.17711010000000002
-112.1937,-119.8607,13.0,36.45709,0.2844172
-135.6734,-132.4429,13.0,33.8691,-0.7959744000000001
-145.7323,-123.1393,13.0,8.328958,-1.553919
-139.9344,-122.8991,13.0,10.92657,0.05999741
-139.8586,-122.7958,13.0,6.069954,0.3996513
-145.0556,-126.5095,13.0,9.327461,-0.1523745
-145.5154,-129.0463,13.0,1.789152,0.41286940000000005
-143.9857,-124.6091,13.0,10.8564,0.32061059999999997
-139.9445,-114.45299999999999,13.0,18.75291,0.5081452000000001
-147.0719,-100.2998,13.0,25.21377,0.27636350000000004
-163.7096,-102.2068,13.0,22.34234,-0.3877005
-167.3176,-120.7185,13.0,30.219009999999997,0.255914
-167.5177,-145.684,13.0,37.148790000000005,0.24841039999999998
-167.8958,-175.8063,13.0,43.73537,0.44412700000000005
-167.9608,-210.4883,13.0,49.85583,0.19798410000000002
-162.8074,-246.9206,13.0,45.60498,-0.6629555
-135.6935,-256.2205,13.0,34.694390000000006,-1.4992159999999999
-127.9063,-236.6524,13.0,33.7234,0.7797289000000001
-127.3666,-207.9883,13.0,41.16607,-0.03266843
-125.4403,-185.9987,13.0,15.503620000000002,-0.1653259
-115.8501,-181.48,13.0,17.31896,0.27713720000000003
-105.8303,-192.5344,13.0,24.700120000000002,0.48385740000000005
-105.7059,-213.2706,13.0,31.6881,0.5163119
-107.7803,-239.0714,13.0,37.962509999999995,0.17017279999999999
-94.58652,-265.4631,13.0,42.441159999999996,0.1183122
-65.23059,-270.297,13.0,42.6091,-0.002517997
-49.46591,-244.7782,13.0,43.672509999999996,0.41181940000000006
-46.72538,-211.12,13.0,42.209579999999995,-0.6952077
-31.682479999999998,-183.6232,13.0,45.38026,0.42357449999999996
-6.660589,-157.7918,13.0,51.31742,0.2088448
9.987759,-126.2254,13.0,45.10548,-0.1841414
-5.262538,-104.6649,13.0,31.01966,-0.9913576
-7.481172999999999,-83.66751,13.0,33.07541,0.5071308
-5.706373,-56.731069999999995,13.0,39.81897,0.5020294
-4.882998000000001,-24.869979999999998,13.0,46.167390000000005,0.2102908
-3.9727949999999996,11.55439,13.0,51.982459999999996,0.3425283
-17.84414,39.990359999999995,13.0,34.905590000000004,-0.9900134
-34.04841,37.25392,13.0,13.77866,-0.3614562
-35.10022,32.58574,13.0,0.07634797,-0.02166192
-35.14927,32.59237,13.0,0.06844687,0.02086028
-34.8694,33.336059999999996,13.0,4.331407,0.2966723
-33.64752,39.29251,13.0,11.69849,0.2240105
-32.25874,44.601459999999996,13.0,2.2491790000000003,-0.3677675
-32.99964,43.156929999999996,13.0,6.352863,0.5626485
-39.97857,41.52637,13.0,13.99705,0.5486925
-52.5117,44.94157,13.0,21.083070000000003,0.5052831
-70.53206999999999,44.18245,13.0,27.666,0.4767285
-93.1795,41.96215,13.0,33.773590000000006,0.20730460000000003
-120.3233,42.24908,13.0,39.2447,0.32201609999999997
-144.6353,27.657140000000002,13.0,38.09632,-0.02785307
-147.0512,-0.9721503,13.0,41.783559999999994,0.1870162
-144.763,-33.71059,14.0,45.74222,-0.1319425
-158.0748,-57.11105,14.0,30.34552,-0.6627147
-159.8489,-72.80667,14.0,24.72149,0.648239
-140.2866,-75.56551,14.0,30.173790000000004,0.4358906
-118.5671,-84.31296999999999,14.0,34.63957,0.3200603
-109.6653,-108.5819,14.0,37.50858,0.1516737
-126.2531,-130.3277,14.0,39.19036,-0.03896698
-145.8139,-125.3997,14.0,20.81525,-0.8224597
-145.9259,-119.8791,14.0,1.6482119999999998,-0.07377411
-146.8344,-118.811,14.0,1.8302900000000002,-0.02529254
-147.6385,-117.9531,14.0,1.3989770000000001,0.1730915
-149.7489,-117.2055,14.0,3.9548330000000003,-0.01582243
-150.5081,-117.2689,14.0,3.5788660000000005,0.3338103
-146.0988,-113.4117,14.0,12.23987,0.2894932
-146.2707,-102.1486,14.0,19.40589,0.4298093
-160.7036,-97.74396,14.0,24.19339,0.1224506
-167.9049,-114.4858,14.0,28.955409999999997,0.49693190000000004
-166.3595,-138.4964,14.0,35.967909999999996,0.5036344
-166.6854,-167.6308,14.0,42.6614,0.2356907
-167.2738,-201.6142,14.0,48.97452,0.21445100000000003
-164.6311,-239.1022,14.0,47.50488,-1.555876
-145.9718,-254.8235,14.0,20.83379,-1.209431
-141.7311,-251.1972,14.0,4.069195,-0.1536039
-140.486,-248.9697,14.0,5.758473,0.6447459
-133.9141,-248.8802,14.0,12.91278,1.1680110000000001
-124.3719,-251.583,14.0,11.86174,-0.34577290000000005
-121.0233,-244.9466,14.0,13.57615,0.9440107
-124.4525,-231.9543,14.0,22.20969,0.5731525
-126.9396,-212.8734,14.0,29.74182,0.6328618
-126.8856,-188.457,14.0,34.338229999999996,-0.3725319
-109.9411,-180.3644,14.0,22.61291,-0.8138371999999999
-105.6997,-199.2062,14.0,35.85102,1.572689
-107.2293,-233.2243,14.0,55.560359999999996,1.2553969999999999
-90.30946,-268.0311,14.0,46.89738,-1.232874
-58.31508,-267.2729,14.0,45.19169,-0.27398829999999996
-48.60503,-238.1107,14.0,44.74609,0.2138243
-44.23196,-204.1381,14.0,48.88332,0.33707600000000004
-20.764470000000003,-174.438,14.0,54.024930000000005,0.4388083
6.682285,-144.0292,14.0,53.86415,-1.1964549999999998
5.0793610000000005,-118.0011,14.0,27.68246,-0.4158297
-5.031125,-100.6094,14.0,30.586640000000003,0.4670809
-4.956641,-75.52383,14.0,37.3433,0.5008371
-2.786172,-45.400890000000004,14.0,43.97704,0.4609838
-2.272697,-10.496939999999999,14.0,50.20888,0.4263005
-6.431732,27.354570000000002,14.0,47.52949,-1.118585
-32.76828,42.71236,14.0,43.496359999999996,0.1484779
-67.23515,40.33243,14.0,49.55515,0.47050159999999996
-106.0976,40.796040000000005,14.0,55.34241,0.1881028
-139.8513,35.30017,14.0,35.978840000000005,-1.548692
-144.8531,22.007929999999998,14.0,3.161668,-1.360503
-142.5309,23.84887,14.0,4.977572,-0.1187883
-141.3559,25.35268,14.0,3.0944220000000002,0.3773126
-144.8889,21.86214,14.0,9.625538,0.16800739999999997
-149.54399999999998,22.03821,14.0,1.33209,-0.7053996
-147.3683,20.7058,14.0,8.084665,0.6686214
-142.0226,13.342820000000001,14.0,16.68986,0.6061929
-140.8422,-1.9123759999999999,14.0,24.81089,0.5575674
-142.9684,-23.12013,14.0,32.52323,0.5514648
-141.8904,-36.79571,1.0,8.03234,0.7640924
-143.6114,-45.8981,1.0,16.95642,0.30024670000000003
-155.1492,-56.14881999999999,1.0,25.196720000000003,0.21144829999999998
-161.7277,-72.55391,1.0,26.11855,-0.2969715
-146.3476,-72.46632,1.0,25.56361,0.5538609
-135.8786,-68.2765,1.0,0.1814377,0.23034229999999997
-135.8582,-68.27955,1.0,0.02597164,8.77794e-05
-135.8398,-68.28219,1.0,0.0250896,0.02291088
-135.8247,-68.28384,1.0,0.01644496,0.002633775
-136.031,-70.80009,1.0,4.6547339999999995,-0.01314942
-135.6537,-74.02747,1.0,4.023032,-0.06887898
-136.7308,-76.39273,1.0,2.777977,-0.7787564
-135.144,-75.49450999999999,1.0,7.066133,0.3281708
-126.7394,-75.74771,1.0,15.84476,0.6015517
-116.6996,-85.3115,1.0,23.17531,0.2874963
-110.214,-104.1744,1.0,30.46885,0.4153523
-118.4121,-126.5523,1.0,35.608259999999994,0.1280474
-141.6281,-130.88299999999998,1.0,27.89313,-1.14231
-143.8061,-116.4995,1.0,22.65021,0.4864383
-138.4574,-108.7093,1.0,0.02444659,-0.05734519
-138.4583,-108.7265,1.0,0.02485401,-0.002785046
-138.4706,-108.7375,1.0,0.25336190000000003,0.3482097
-142.3649,-108.2494,1.0,8.273301,0.1285596
-145.7284,-110.8378,1.0,0.1463951,0.7472333000000001
-144.497,-107.6062,1.0,9.08535,0.3024268
-147.8087,-98.86395,1.0,17.06048,0.5286575
-159.8201,-96.57265,1.0,15.423379999999998,-0.3336332
-166.2998,-106.1136,1.0,22.168210000000002,1.220237
-169.1479,-127.1917,1.0,34.740429999999996,0.38034
-164.0891,-154.3711,1.0,40.154509999999995,-0.783829
-165.8378,-180.2303,1.0,31.613709999999998,-0.46177209999999996
-167.7941,-204.8815,1.0,41.031290000000006,0.990375
-166.2655,-233.4525,1.0,35.05725,-0.5654618
-154.5419,-250.3086,1.0,25.33607,0.008040391
-134.1491,-248.2411,1.0,30.986759999999997,-0.2269107
-122.1495,-233.1409,1.0,23.292460000000002,-0.3059177
-131.0971,-218.3732,1.0,22.01359,-0.42408850000000003
-123.0253,-204.7496,1.0,19.03128,-0.47675150000000005
-124.9546,-191.7781,1.0,16.51913,-0.37018720000000005
-118.0616,-183.9359,1.0,19.12226,0.210851
-110.7583,-192.7104,1.0,15.50094,-0.1311331
-110.0563,-203.3217,1.0,14.17058,0.46399470000000004
-109.1266,-217.2847,1.0,22.92765,0.5611455
-107.0442,-236.9711,1.0,30.43362,0.2549314
-98.90348,-260.2843,1.0,36.47087,0.1517374
-74.26874000000001,-271.3705,1.0,39.30688,0.1012596
-53.227180000000004,-253.3654,1.0,39.66809,0.008011105
-50.16203,-222.7452,1.0,44.20366,0.3181182
-33.75438,-192.3456,1.0,49.3901,0.38166059999999996
-8.358558,-163.1075,1.0,55.12613,0.38252559999999997
11.7309,-126.6022,1.0,53.24958,-1.274281
10.47569,-104.9934,1.0,6.979555,-2.978821
9.774557000000001,-104.25299999999999,1.0,0.4081098,-0.05927412
10.6951,-104.8586,1.0,4.647438,0.211153
15.332020000000002,-107.2377,1.0,8.489349,-0.06422605
18.51993,-106.9222,1.0,0.5155535,0.6295969
15.04164,-108.0594,1.0,9.264768,0.5918359999999999
6.191922,-112.059,1.0,16.05358,0.1925075
-0.1939958,-102.7233,1.0,20.67336,0.2637676
-0.0738112,-85.1506,1.0,27.356740000000002,0.4657888
-5.095754,-62.979769999999995,1.0,34.11169,0.4938822
-6.037749,-35.26497,1.0,40.74046,0.4594032
-6.323905,-2.755668,1.0,46.92163,0.21028000000000002
-8.715247999999999,32.29185,1.0,42.014109999999995,-1.595426
-21.78492,44.39359,1.0,13.17094,-0.4145098
-31.635279999999998,37.98353,1.0,19.64176,0.4891241
-48.73008,39.55865,1.0,26.8682,0.5202796
-71.2185,39.528059999999996,1.0,33.87647,0.5023634
-98.81161,39.83812,1.0,40.541270000000004,0.46424750000000004
-130.4912,40.299170000000004,1.0,39.46997,-1.006576
-144.4244,27.182209999999998,1.0,16.607670000000002,-1.6899810000000002
-138.3735,24.62555,1.0,10.119760000000001,0.07650269999999999
-137.7518,24.24086,1.0,0.06019465,0.04900231
-137.7655,24.20854,1.0,0.43658290000000005,0.13711700000000002
-141.2744,24.58933,1.0,8.288838,0.192748
-148.6204,24.58219,1.0,8.718897,-0.8160274000000001
-151.1716,25.40162,1.0,1.091248,0.6566119
-148.2161,22.96582,1.0,9.366837,0.5707066999999999
-148.3633,13.737770000000001,1.0,16.5481,0.2567047
-151.3676,0.01619462,1.0,22.56565,0.24506799999999998
-147.0163,-18.6903,1.0,29.212120000000002,0.2260036
-147.5535,-42.29449,2.0,33.811679999999996,-0.3028156
-165.4422,-57.72198,2.0,31.24803,-0.6860815
-160.3616,-72.9059,2.0,17.090239999999998,-1.526728
-155.7308,-68.52418,2.0,0.33636209999999994,-1.340602
-155.6918,-68.52783000000001,2.0,0.04198541,-0.01763723
-155.8506,-69.06294,2.0,3.47285,0.4936225
-156.3584,-72.65899,2.0,4.9738489999999995,-0.02389287
-156.9904,-75.16183000000001,2.0,0.372183,0.36048259999999993
-153.9205,-73.02173,2.0,9.82393,0.33598
-144.5108,-76.19946999999999,2.0,18.20695,0.6388785
-131.5018,-82.51061999999999,2.0,18.72133,-0.2609605
-119.4744,-87.93966999999999,2.0,21.6733,1.3209540000000002
-110.5342,-106.5048,2.0,31.081640000000004,-0.24009829999999996
-121.6698,-126.6294,2.0,32.9159,-0.09682138
-142.498,-127.9165,2.0,23.68153,-0.617074
-141.1378,-114.3861,2.0,23.23353,0.4907272
-144.0151,-102.191,2.0,19.32538,0.2821361
-158.5957,-104.0931,2.0,18.89726,-0.5299225000000001
-161.1245,-116.0488,2.0,16.73789,0.09705722
-164.4606,-129.5626,2.0,22.62735,0.27396750000000003
-165.3326,-149.2088,2.0,30.51615,0.5615365
-165.4445,-174.6991,2.0,37.9992,0.25216120000000003
-165.8633,-205.4697,2.0,45.03165,0.5096436
-164.0562,-239.7882,2.0,36.66381,-3.7550239999999997
-151.4363,-251.6902,2.0,24.54505,0.27098740000000004
-130.873,-249.8296,2.0,30.289040000000004,-0.1598162
-127.5359,-232.5204,2.0,26.86938,0.5917161999999999
-125.7617,-209.3359,2.0,35.339259999999996,0.241063
-124.3538,-186.16099999999997,2.0,16.70189,-1.278355
-115.8504,-184.5829,2.0,14.98604,0.21565990000000002
-110.5694,-196.3869,2.0,22.33533,0.5995003000000001
-108.9226,-215.8364,2.0,30.30088,0.2818148
-105.321,-240.8607,2.0,37.74027,0.2586943
-91.12733,-266.6143,2.0,42.16013,-0.08943909
-62.71886,-265.8437,2.0,41.29315,0.27412270000000005
-48.76869,-239.6878,2.0,42.77165,0.3769086
-45.97826,-206.2297,2.0,48.05292,0.1923848
-23.273410000000002,-177.2144,2.0,52.999230000000004,0.2137258
3.26452,-145.7966,2.0,53.84392,-0.7020744999999999
6.759385000000001,-123.8943,2.0,17.408379999999998,-0.15938329999999998
-3.884755,-111.9834,2.0,25.42693,0.49700779999999994
-6.806417,-90.90449,2.0,32.69291,0.512958
-6.747658,-63.94741,2.0,40.041109999999996,0.5099802999999999
-6.909922999999999,-31.70058,2.0,46.90652,0.23883160000000003
-7.3452589999999995,5.471279,2.0,53.39988,0.4566995
-14.0644,40.36946,2.0,36.49668,-2.6636130000000002
-25.989829999999998,45.839290000000005,2.0,2.105859,-1.246317
-25.87475,42.39284,2.0,9.154095,0.5799281
-34.54521,40.542640000000006,2.0,17.24936,0.6009445
-48.92995,46.64798,2.0,24.82531,0.4439327
-69.76394,43.578920000000004,2.0,32.30359,0.2716743
-96.43589,41.51409,2.0,39.67013,0.5137883
-128.2802,39.68707,2.0,46.34098,0.1892115
-150.2295,24.72414,2.0,23.88855,-2.315473
-149.114,19.13025,2.0,3.9959,0.3290491
-143.951,16.9865,2.0,12.52994,0.3246544
-146.3245,5.537212,2.0,20.51062,0.5909972
-149.9381,-10.43268,2.0,26.311259999999997,0.5587915
-146.0057,-32.22974,2.0,33.552859999999995,0.23077179999999997
-143.5208,-40.92791,3.0,11.5146,-0.01650651
-148.8638,-49.1629,3.0,18.2252,0.22957020000000003
-159.9361,-53.87529,3.0,14.77851,-0.24514760000000002
-166.5616,-59.76769,3.0,10.858419999999999,-0.19361420000000001
-164.3753,-67.04160999999999,3.0,12.76918,0.3187742
-153.7459,-72.42231,3.0,20.543570000000003,0.5813189000000001
-135.846,-73.46674,3.0,28.133570000000002,0.5832878
-117.5111,-83.34872,3.0,25.77169,-0.40079970000000004
-108.3215,-98.60162,3.0,27.353070000000002,1.337918
-110.4438,-118.5816,3.0,24.78864,-0.3901313
-121.0295,-130.6779,3.0,19.74995,-0.05010916
-137.4484,-132.3523,3.0,22.421429999999997,-0.5985393
-145.0126,-114.6867,3.0,31.630340000000004,-0.6814701999999999
-157.5161,-103.4375,3.0,16.20996,-0.46447780000000005
-166.2863,-112.8842,3.0,22.42575,0.5721311
-168.7719,-132.2921,3.0,30.393959999999996,0.5627986
-169.2613,-157.47299999999998,3.0,37.66338,0.5586644000000001
-167.2444,-187.8446,3.0,44.558409999999995,0.23639810000000003
-164.00900000000001,-223.1074,3.0,49.88263,-0.05276117
-157.4082,-254.8879,3.0,36.35606,-0.7720921
-138.102,-255.4036,3.0,27.02099,0.5242760999999999
-125.2585,-237.1598,3.0,33.08662,0.214752
-128.4646,-211.266,3.0,36.81824,-0.5177776
-125.2386,-186.2688,3.0,30.573179999999997,-0.7333135999999999
-110.8042,-180.1923,3.0,21.40308,-0.4199673
-110.1097,-196.1447,3.0,25.61399,0.4225573
-104.8035,-216.87400000000002,3.0,31.624090000000002,0.04750036
-105.9109,-238.6413,3.0,27.525509999999997,0.04242354
-102.4202,-261.9895,3.0,36.42275,0.2001271
-78.97903000000001,-270.8714,3.0,37.46162,0.5439071999999999
-60.77799,-268.5941,3.0,13.542710000000001,-0.9831457
-56.1753,-266.6693,3.0,0.6762446,-0.7479047
-57.13289,-267.3503,3.0,0.8462192,-0.165794
-56.242369999999994,-266.553,3.0,4.882679,0.42626220000000004
-52.93884,-262.8604,3.0,7.836456,0.07475854
-48.327220000000004,-263.4883,3.0,2.8875040000000003,-0.7864087
-49.04633,-262.1041,3.0,6.661335,0.6311813000000001
-49.83041,-254.3003,3.0,14.88734,0.5733272
-46.32861,-240.7761,3.0,22.70175,0.5457109
-43.607820000000004,-221.428,3.0,30.03265,0.5222074000000001
-40.50655,-196.7704,3.0,36.74964,0.3386926
-23.79393,-174.26,3.0,41.23362,0.4532202
-4.772099,-156.1743,3.0,24.49545,-1.418625
7.787888000000001,-145.9726,3.0,19.34058,-0.38857990000000003
11.77026,-134.4854,3.0,14.68723,-0.1386605
7.416838,-123.4225,3.0,19.74374,0.530525
-2.620387,-109.3717,3.0,27.01134,0.5091982
-9.434600999999999,-87.78501999999999,3.0,33.87424,0.4761491
-9.889891,-60.390809999999995,3.0,40.28257,0.47853770000000007
-5.274965,-28.43726,3.0,47.11636,0.7092484
-3.503833,2.415116,3.0,30.59535,-2.4415270000000002
-4.705593,14.15112,3.0,3.9082879999999998,-0.2692525
-5.537058,18.68832,3.0,10.647110000000001,0.31967740000000006
-8.638886,29.2333,3.0,18.90648,0.5378576
-20.23688,40.69546,3.0,26.01697,0.5524482
-41.21161,44.89561,3.0,32.58899,0.5176871
-67.93379,44.61145,3.0,39.436209999999996,0.2546712
-99.53084,42.66949,3.0,45.947379999999995,0.4640978
-132.6379,38.58186,3.0,40.50085,-1.46655
-150.4479,21.08474,3.0,32.81139,-0.45665029999999995
-143.6992,-2.667264,3.0,35.44693,0.1947605
-144.4777,-31.17742,3.0,41.59738,0.49346260000000003
-152.2414,-53.36237,4.0,19.75693,-0.5187248999999999
-165.8943,-56.199940000000005,4.0,19.147289999999998,-0.06590608
-163.4266,-68.91620999999999,4.0,22.88213,0.24457470000000003
-144.96200000000002,-72.5123,4.0,29.343390000000003,0.5011939000000001
-122.6597,-80.36914,4.0,35.26782,0.1610856
-108.3199,-103.6597,4.0,39.22025,-0.08304214
-119.8314,-128.2309,4.0,37.31055,0.004467245999999999
-142.656,-127.5352,4.0,30.90445,-0.4643982
-144.6518,-105.7835,4.0,30.44077,-0.16183670000000003
-156.6688,-99.36401,4.0,17.40865,0.30200720000000003
-166.3231,-111.586,4.0,25.34385,0.23666729999999997
-169.6804,-132.8226,4.0,32.659009999999995,0.2631144
-169.3301,-159.3979,4.0,39.348440000000004,0.4893384
-166.5125,-190.8895,4.0,45.87771,0.46923950000000003
-163.452,-226.7515,4.0,48.918209999999995,-0.47979440000000007
-158.2055,-251.4538,4.0,20.66524,-0.20326929999999999
-144.9951,-257.7781,4.0,22.72477,0.522505
-130.4485,-250.1792,4.0,26.49574,0.5040785
-125.0926,-228.4474,4.0,33.39738,0.3873729
-128.8282,-201.8413,4.0,39.34073,0.18966970000000002
-116.8454,-177.7741,4.0,34.57424,-0.2762455
-99.45636,-185.4382,4.0,24.28165,-0.4766843
-110.1547,-195.5107,4.0,23.9013,0.18720479999999998
-114.5549,-201.5518,4.0,0.01913298,-0.01186152
-114.5549,-201.5532,4.0,0.01378928,-0.007917488
-112.7721,-201.7685,4.0,5.113739,0.3496474
-109.7495,-198.8349,4.0,3.8902699999999997,-0.3400404
-109.6364,-198.9788,4.0,3.9778510000000002,0.5089731
-108.6773,-204.4943,4.0,11.07221,0.49390690000000004
-106.5538,-215.007,4.0,17.70019,0.4594983
-105.1663,-230.3399,4.0,23.8515,0.42029579999999994
-105.49,-250.1352,4.0,29.33819,0.32319770000000003
-93.24383,-268.9946,4.0,32.78651,0.1253869
-68.68307,-270.0065,4.0,35.8431,0.2629065
-49.951840000000004,-251.9436,4.0,36.85491,0.04260609
-48.86323,-222.9352,4.0,41.09666,0.2572009
-39.08099,-192.5557,4.0,45.19059,0.2159616
-15.90654,-167.7457,4.0,46.14363,-0.36920929999999996
3.5508910000000005,-149.9068,4.0,22.7799,-0.239204
12.38053,-138.6303,4.0,16.26717,-0.4460901
8.262229,-124.7706,4.0,24.4791,0.1897162
-3.6744470000000002,-108.5566,4.0,29.78714,0.1790454
-9.793452,-85.32117,4.0,35.02734,0.3580065
-9.836866,-57.62152,4.0,39.89574,0.16134079999999998
-4.2425,-26.772609999999997,4.0,44.62422,0.160547
-2.281404,7.598722,4.0,48.3418,0.22429629999999998
-11.788110000000001,34.05467,4.0,27.7902,0.1532
-31.49522,43.4529,4.0,32.23584,0.1624236
-57.203480000000006,43.295609999999996,4.0,37.35368,0.37494340000000004
-86.7809,43.09657,4.0,42.299659999999996,0.3435255
-118.5828,40.18286,4.0,40.97756,-1.32628
-138.3585,36.69028,4.0,14.05044,-0.30798190000000003
-146.4698,27.159909999999996,4.0,20.32258,0.41414179999999995
-147.5692,10.13064,4.0,26.0374,0.4083768
-143.3147,-10.823260000000001,4.0,31.6941,0.4027967
-142.6439,-35.68213,5.0,32.86788,-0.7642914000000001
-155.0037,-51.77713,5.0,27.431690000000003,0.3103922
-168.7602,-63.842769999999994,5.0,19.87656,-1.169694
-158.8286,-69.60504,5.0,15.69179,0.06703987
-144.1225,-72.09353,5.0,23.88099,0.21710949999999998
-125.1598,-77.86401,5.0,29.538970000000003,0.1859946
-109.1499,-94.16626,5.0,33.28949,0.16273339999999997
-111.5268,-118.6098,5.0,33.32333,-0.24977919999999998
-128.0251,-133.0649,5.0,27.44918,-0.6963594
-141.8243,-124.456,5.0,24.14189,0.3666473
-149.3954,-106.4009,5.0,29.16732,0.16204520000000003
-164.9006,-102.5333,5.0,17.00427,-0.5480143
-164.6105,-114.5035,5.0,18.02282,0.346494
-167.3194,-131.2207,5.0,28.595779999999998,0.6236284000000001
-168.6605,-159.3888,5.0,45.11736,0.278048
-164.5058,-194.6971,5.0,51.22622,0.5065122999999999
-164.2131,-226.3177,5.0,26.71626,-2.3719509999999997
-162.9181,-241.7431,5.0,18.00879,-0.2116248
-158.2734,-252.2352,5.0,15.25179,0.191719
-145.2363,-260.1371,5.0,25.24321,0.3371932
-129.1948,-248.4048,5.0,33.44594,0.4901438
-125.984,-220.0696,5.0,41.941790000000005,-0.3796013
-128.681,-196.1295,5.0,21.08588,-0.48879809999999996
-123.4195,-184.4099,5.0,15.33632,0.5614477
-109.0866,-183.7715,5.0,24.25696,0.04482633
-102.4564,-200.7113,5.0,29.315520000000003,0.4132647
-104.0034,-225.7631,5.0,36.67215,0.3148039
-105.2548,-252.1601,5.0,32.32703,-0.2741369
-93.34948,-269.4086,5.0,30.78085,0.27908
-69.58971,-270.6043,5.0,34.75602,0.2702367
-51.6305,-252.917,5.0,36.587990000000005,0.1352192
-47.316359999999996,-224.2445,5.0,41.37012,0.16464700000000002
-40.07622,-192.8141,5.0,45.66557,0.21086
-18.0203,-166.4082,5.0,47.63433,-0.2014366
-2.1088560000000003,-155.5614,5.0,13.56851,-0.3417401
4.7066360000000005,-150.7349,5.0,9.108506,-0.29117659999999995
8.863934,-146.9589,5.0,8.070242,0.5065299
12.95673,-139.6175,5.0,14.719560000000001,0.4563826
10.18955,-127.055,5.0,20.6868,0.4303933
-0.23810229999999996,-113.0102,5.0,26.497909999999997,0.39748130000000004
-8.118608,-92.86216999999999,5.0,31.924459999999996,0.4015344
-10.575660000000001,-67.51375999999999,5.0,36.96679,0.34371999999999997
-5.803041,-38.70479,5.0,41.84368,0.3342055
-1.507107,-6.297585,5.0,46.10273,-0.19104649999999998
-4.75879,19.93946,5.0,21.838929999999998,-1.8439990000000002
-8.156885,28.2526,5.0,14.268839999999999,0.4841134
-16.06257,38.30679,5.0,20.39205,0.4178441
-31.932129999999997,44.62905,5.0,26.05971,0.4043893
-53.29656,45.207229999999996,5.0,31.65168,0.1964779
-78.76686,44.36173,5.0,36.99508,0.1779338
-107.9532,42.28075,5.0,41.98081,0.34647459999999997
-133.0306,39.41661,5.0,19.96797,-1.140966
-144.7068,29.98009,5.0,23.73273,0.3720973
-147.9055,10.85834,5.0,28.960790000000003,0.18186259999999999
-143.0571,-12.07048,5.0,34.281890000000004,0.1789103
-143.0786,-36.52366,6.0,24.043110000000002,-3.1475400000000002
-147.1676,-46.73961,6.0,15.72889,0.5154245
-157.9345,-54.680440000000004,6.0,16.93204,-0.4135746
-165.9373,-60.81892,6.0,12.336160000000001,0.08638541
-160.5291,-71.41409,6.0,22.353620000000003,0.3871367
-140.0645,-71.65176,6.0,34.64047,0.3342998
-115.0446,-85.06851,6.0,41.76697,-0.3322718
-112.571,-110.1259,6.0,26.336809999999996,-2.897693
-117.2888,-120.1166,6.0,11.667019999999999,0.4323825
-122.7898,-131.1294,6.0,18.187479999999997,-0.5312452
-135.595,-133.2001,6.0,21.2052,0.4064468
-144.6971,-119.2355,6.0,26.761909999999997,0.26452259999999994
-149.0569,-105.3636,6.0,8.087297,-0.1465787
-154.3468,-101.6408,6.0,12.28428,0.33288190000000006
-164.5429,-103.4586,6.0,15.504439999999999,0.1819422
-167.3706,-117.5726,6.0,25.89715,0.9889457
-168.9518,-141.8761,6.0,39.09059,0.8382745
-168.1423,-174.997,6.0,50.07038,0.34283259999999993
-164.2961,-214.3336,6.0,51.75221,-0.33487690000000003
-162.4272,-247.7422,6.0,37.13613,-1.297301
-146.0484,-258.1962,6.0,23.10187,-0.5292391
-132.2375,-252.7287,6.0,20.92203,0.7132989000000001
-125.3831,-235.74,6.0,27.779809999999998,0.19732829999999998
-126.4375,-213.2546,6.0,33.12285,0.3877265
-127.9658,-188.6217,6.0,26.04723,-2.653127
-117.0971,-182.1805,6.0,20.140929999999997,0.3914356
-104.8941,-192.2348,6.0,24.6177,0.3648467
-102.7637,-212.2426,6.0,29.976159999999997,0.1920872
-105.4495,-236.3192,6.0,35.39134,0.3887677
-102.0095,-263.6016,6.0,38.4521,-0.1048195
-79.11095,-271.8113,6.0,31.075290000000003,-0.5822849
-59.66781999999999,-266.4681,6.0,23.51041,-0.5983525
-49.601929999999996,-252.6991,6.0,27.996029999999998,0.3727607
-45.82795,-230.1713,6.0,33.499390000000005,0.3883251
-42.845729999999996,-203.5904,6.0,38.64764,0.1685323
-30.32214,-177.3285,6.0,41.14418,0.10658219999999999
-6.932635,-159.9639,6.0,29.053379999999997,-2.42187
3.3635040000000003,-152.1345,6.0,12.31742,-0.08418684
9.891767,-145.7577,6.0,13.479560000000001,0.2668222
12.6839,-133.9816,6.0,20.90728,0.28733000000000003
2.177373,-118.4781,6.0,32.036390000000004,1.078924
-8.248413000000001,-92.06394,6.0,45.71719,0.4526883
-8.739419999999999,-53.529959999999996,6.0,58.03239,0.3938792
-1.302708,-9.331037,6.0,59.76271,-1.1446180000000001
-5.827622,21.50928,6.0,22.92686,-1.026965
-13.193729999999999,35.7397,6.0,23.73409,0.49558739999999996
-32.08795,44.50346,6.0,34.342240000000004,0.5050792000000001
-62.973980000000005,44.84189,6.0,49.26699,1.0401719999999999
-104.2427,42.878809999999994,6.0,56.33035,-1.951539
-126.17200000000001,39.54455,6.0,14.239170000000001,-0.36634120000000003
-136.4271,37.30435,6.0,19.281229999999997,1.311674
-147.1921,25.16545,6.0,25.36559,0.1731206
-146.4758,4.440002,6.0,30.84743,0.382278
-141.4673,-19.96688,6.0,36.077059999999996,0.1393014
-142.0153,-35.97417,7.0,8.998284,0.5081964
-144.33700000000002,-44.81919,7.0,15.60028,0.2269623
-155.1393,-52.714769999999994,7.0,21.437479999999997,0.3922784
-167.7252,-62.86111,7.0,20.42163,-0.6374605999999999
-164.5643,-74.3306,7.0,15.78994,0.09189046
-152.3771,-76.50021,7.0,19.120060000000002,0.137649
-137.9426,-73.13190999999999,7.0,20.9668,0.2210976
-121.7833,-77.49486999999999,7.0,27.006320000000002,1.1712209999999998
-108.8708,-94.92859,7.0,31.77835,0.2304638
-112.7288,-118.8389,7.0,35.02623,0.17143
-135.1705,-131.829,7.0,35.61012,-1.0218209999999999
-147.4116,-121.4808,7.0,14.995460000000001,-0.5853775999999999
-143.0244,-114.3226,7.0,13.504170000000002,0.5237741
-148.3089,-103.711,7.0,16.43703,0.03067908
-160.9637,-102.9625,7.0,20.8502,0.2203362
-166.3382,-116.3479,7.0,19.82672,0.04154503
-166.3817,-133.3562,7.0,27.295379999999998,0.9765110999999999
-169.2604,-158.7466,7.0,41.506029999999996,0.4602405
-169.9225,-194.1521,7.0,53.695119999999996,0.8428030000000001
-168.1721,-232.8195,7.0,46.24499,-1.703059
-155.1516,-253.1547,7.0,26.87058,-0.7462129
-138.0574,-253.4654,7.0,21.876739999999998,0.16658900000000001
-126.2194,-242.2878,7.0,25.707520000000002,1.04436
-126.0218,-219.68400000000003,7.0,33.554120000000005,0.3913065
-126.0353,-192.9023,7.0,38.159279999999995,-0.15193910000000002
-116.9497,-179.6911,7.0,13.885879999999998,-0.4787442
-109.955,-189.1312,7.0,20.6487,0.2131106
-108.8945,-206.65400000000002,7.0,26.64005,0.2162831
-108.5889,-228.4983,7.0,32.30126,0.3993541
-104.6774,-253.7124,7.0,36.76003,0.23008330000000002
-84.08400999999999,-271.7585,7.0,39.1756,0.04719233
-57.305040000000005,-264.8325,7.0,39.31973,-0.004294425
-49.41948,-237.081,7.0,41.63832,0.3508038
-44.251459999999994,-205.3181,7.0,45.09442,0.05846108
-22.24911,-178.8144,7.0,48.83737,0.3175686
2.163347,-150.1535,7.0,48.31048,-2.041184
8.591351,-126.811,7.0,23.56298,-0.602316
-2.612911,-110.2566,7.0,31.022959999999998,0.44656840000000003
-5.095331,-83.57219,7.0,44.78513,1.360239
-0.7971333,-44.20411,7.0,61.608219999999996,0.5192827999999999
-2.01246,4.611663,7.0,63.066559999999996,-0.41901990000000006
-11.52355,38.76514,7.0,33.47467,-1.2353399999999999
-34.04632,40.92562,7.0,37.07628,1.171507
-63.808690000000006,40.44389,7.0,42.60537,0.2948844
-97.09642,40.7574,7.0,47.23086,0.15731470000000003
-133.1386,39.81691,7.0,47.14927,-1.994011
-147.3883,22.94079,7.0,28.64345,0.32239509999999993
-145.2826,-0.2201147,7.0,34.024609999999996,0.39136540000000003
-145.5812,-27.34331,7.0,39.20058,0.36166459999999995
-155.5506,-53.436609999999995,8.0,35.8749,-0.2864381
-168.4314,-66.97389,8.0,20.85543,0.7325089
-156.3339,-78.90066999999999,8.0,27.67618,0.11094160000000002
-134.1316,-77.22849000000001,8.0,32.28796,0.07308167
-114.6969,-91.32618000000001,8.0,35.03952,0.08816536
-112.9276,-117.1257,8.0,37.02211,0.05129364
-134.8291,-132.0862,8.0,35.07732,-1.459444
-146.6686,-127.4717,8.0,2.7711919999999997,-0.35096809999999995
-143.5493,-124.8306,8.0,9.401050999999999,0.49851260000000003
-142.1917,-115.8723,8.0,15.848239999999999,0.4422848
-150.311,-104.8388,8.0,21.65739,0.31124640000000003
-165.558,-106.3853,8.0,23.708820000000003,0.04861213
-166.9422,-124.8655,8.0,28.234409999999997,0.41139269999999994
-168.5387,-147.6347,8.0,33.50954,0.1942864
-171.09099999999998,-174.1477,8.0,38.44556,0.3385065
-169.1328,-204.4991,8.0,43.312059999999995,0.1595605
-167.2061,-238.1002,8.0,46.514140000000005,-0.5178532
-147.0576,-256.8871,8.0,34.0328,-0.6474114000000001
-129.9413,-245.1691,8.0,29.249609999999997,0.3452128
-127.23100000000001,-221.8325,8.0,34.68229,0.3788975
-126.5419,-194.3154,8.0,38.79804,-0.14054589999999997
-115.2869,-179.5049,8.0,16.11966,-0.6307140999999999
-107.7311,-188.5179,8.0,19.83766,0.430464
-106.7293,-205.4177,8.0,25.87589,0.42226400000000003
-106.0269,-226.7693,8.0,31.568409999999997,0.3928993
-103.5265,-251.8474,8.0,36.41721,0.26143710000000003
-85.05712,-271.3747,8.0,38.49452,0.03629163
-58.527390000000004,-265.5905,8.0,39.17913,0.17211300000000002
-47.50352,-239.0771,8.0,41.425940000000004,0.3418158
-44.24805,-206.9087,8.0,45.61472,0.107974
-23.67095,-180.412,8.0,47.60383,0.1461448
0.4884541,-152.6839,8.0,50.543479999999995,-0.3142207
7.553078,-123.7935,8.0,33.942809999999994,-0.46379309999999996
-6.664155,-100.7455,8.0,39.29625,-0.23969580000000001
-3.022601,-71.27269,8.0,42.52023,0.32860100000000003
-1.242858,-38.06638,8.0,47.064820000000005,0.3210151
-1.776632,-1.588609,8.0,51.45531,0.30881240000000004
-8.804333,34.44253,8.0,40.99137,-2.33237
-25.42886,42.3505,8.0,9.984202999999999,-2.298837
-27.2239,38.18858,8.0,8.940934,0.42904549999999997
-35.234359999999995,39.17605,8.0,15.24143,0.4619922000000001
-44.97609,48.3934,8.0,20.80764,0.2801135
-48.02556,48.58667,8.0,0.02179463,0.008496921999999999
-48.19144,48.01717,8.0,3.30652,0.3567539
-48.11529,44.618990000000004,8.0,5.213021,-0.07848044
-47.385709999999996,43.47708,8.0,3.239592,0.7107204
-52.53559,46.16141,8.0,12.32419,0.3322791
-64.78003000000001,45.285990000000005,8.0,20.881729999999997,0.5811863
-83.15723,43.03474,8.0,28.911929999999998,0.28920250000000003
-107.2843,42.78483,8.0,36.30833,0.5143267
-135.4269,40.55083,8.0,39.42321,-0.35858490000000004
-144.0831,14.514370000000001,8.0,41.87052,0.6653448000000001
-146.6104,-19.41473,8.0,48.88615,0.2094828
-142.0414,-34.62276,9.0,2.693189,-0.05544927
-142.9549,-38.62563,9.0,11.29296,0.6662811
-147.3921,-47.53563,9.0,12.89092,-0.2074633
-154.7177,-52.39108,9.0,13.65869,0.42532840000000005
-164.0798,-55.90792,9.0,11.99587,-0.2474254
-166.8618,-63.107130000000005,9.0,12.11763,0.597427
-158.4674,-72.7221,9.0,20.147579999999998,-0.2001324
-145.286,-72.97785999999999,9.0,16.09848,-0.23787170000000002
-132.9607,-73.90669,9.0,22.35145,1.32057
-116.60600000000001,-82.62173,9.0,25.88737,0.0652672
-107.6638,-99.48668,9.0,25.72137,-0.21268209999999999
-108.3832,-113.6676,9.0,12.3811,-0.09436324
-111.3865,-122.0115,9.0,15.256329999999998,0.6541626
-121.2007,-133.0813,9.0,20.30866,-0.36521440000000005
-134.178,-134.2818,9.0,16.03174,-0.1284313
-143.3363,-125.9794,9.0,21.90881,0.2924699
-149.3076,-107.7538,9.0,27.25287,-2.236355
-158.9657,-99.37102,9.0,14.138670000000001,-0.3670143
-165.7312,-106.2657,9.0,18.27188,1.1693149999999999
-168.2214,-125.2463,9.0,33.13231,1.0505229999999999
-169.0401,-154.3307,9.0,43.74689,0.35853070000000004
-166.5452,-188.1686,9.0,47.506040000000006,0.08974272
-163.5365,-221.5567,9.0,41.32764,-0.5575268
-161.3001,-246.1526,9.0,26.77855,-0.5225788
-149.7068,-258.7135,9.0,20.9616,-0.34819029999999995
-136.5598,-258.108,9.0,19.33701,0.9019652
-126.399,-241.6335,9.0,33.62545,0.7914026
-126.4479,-214.9823,9.0,35.216609999999996,-0.4988729
-128.7725,-195.4222,9.0,16.12121,-0.5377509
-126.2195,-185.0878,9.0,12.88754,-0.07592652
-114.9641,-181.8774,9.0,19.41399,-0.11276389999999999
-104.6367,-188.6801,9.0,15.176879999999999,-0.25267829999999997
-102.4585,-202.4165,9.0,26.210520000000002,1.111492
-104.3708,-226.0746,9.0,36.58364,0.2652508
-105.1477,-253.3539,9.0,35.8404,-0.4095716
-89.96642,-271.9371,9.0,32.67528,0.02389051
-66.3481,-270.04,9.0,32.330009999999994,-0.06458987
-50.96621,-252.4516,9.0,34.13315,0.0636429
-46.35709,-226.7185,9.0,36.40873,0.07320511
-41.85713,-200.1609,9.0,35.0769,-0.1567086
-31.86976,-178.56599999999997,9.0,29.685779999999998,-0.2351868
-16.794179999999997,-165.7301,9.0,24.11374,-0.3350228
-3.1054150000000003,-156.6352,9.0,20.426379999999998,-0.3014703
8.025934,-148.305,9.0,18.59714,0.3220499
12.37236,-133.4356,9.0,24.43556,0.23664629999999998
1.332075,-116.9518,9.0,29.15633,0.14237
-8.259068,-97.4607,9.0,29.91443,0.02285979
-11.29717,-75.10325999999999,9.0,31.985940000000003,0.33727979999999996
-8.867302,-50.13722,9.0,35.06022,0.13183889999999998
-4.178926000000001,-24.11063,9.0,36.26605,0.07106932
-1.928563,2.420099,9.0,33.22749,-0.5431451999999999
-5.550892,22.06821,9.0,22.20082,-0.6113693
-12.43816,35.235690000000005,9.0,23.56673,1.0236530000000001
-30.08424,44.60373,9.0,30.79338,0.23039279999999998
-55.35825,44.05786,9.0,37.84185,0.5116845
-86.11811999999999,44.21349,9.0,44.77861,0.2474051
-120.9031,41.0797,9.0,46.05687,-1.172224
-145.2623,30.61058,9.0,34.72187,-0.1382705
-143.5415,4.923337,9.0,38.470459999999996,0.5085607
-142.4931,-24.9404,9.0,37.07113,-1.067001
-145.714,-41.49557,10.0,16.06021,-0.126895
-154.1323,-52.53473,10.0,18.595660000000002,-0.3120687
-165.0509,-58.20973000000001,10.0,14.759820000000001,-0.16854249999999998
-165.5688,-67.93021999999999,10.0,17.00654,0.6451376999999999
-154.0845,-73.16428,10.0,18.10799,0.09466773
-140.6059,-72.68556,10.0,17.461029999999997,-0.087278
-125.5901,-76.75813000000001,10.0,26.06288,0.5561223000000001
-109.9234,-91.36729,10.0,32.572540000000004,0.4086621
-109.1352,-116.7738,10.0,35.708940000000005,-0.9311141
-121.9661,-131.7684,10.0,22.65224,-0.35456529999999997
-136.4746,-132.6849,10.0,17.72154,-0.3518829
-144.7285,-121.7532,10.0,23.09606,0.32110520000000004
-149.55200000000002,-105.7015,10.0,12.80743,-1.5496729999999999
-152.9354,-102.2721,10.0,9.771517999999999,0.59102
-162.3248,-101.6351,10.0,16.70574,0.21933779999999997
-167.5982,-114.7058,10.0,23.19867,0.5199106
-168.7312,-134.5572,10.0,30.20409,0.2290181
-168.6214,-159.3947,10.0,35.33887,0.11954780000000001
-167.5083,-187.2452,10.0,39.37973,0.1567355
-164.6971,-215.7681,10.0,35.50077,-0.551459
-163.4128,-239.3406,10.0,28.39879,-0.5066297000000001
-155.292,-255.3431,10.0,21.485229999999998,-0.43968729999999995
-139.8389,-259.322,10.0,23.90002,-0.0003511686
-128.3609,-246.2109,10.0,26.04806,0.1913143
-124.7369,-226.2411,10.0,29.200459999999996,0.1046318
-127.37299999999999,-204.4761,10.0,26.68918,-1.311364
-127.9065,-190.5236,10.0,15.312489999999999,-0.15365520000000002
-123.0487,-182.7078,10.0,12.761660000000001,0.2456823
-111.4442,-182.9828,10.0,18.264870000000002,0.08446504
-103.2714,-192.7534,10.0,18.84327,0.1727996
-103.5042,-207.6687,10.0,21.35976,0.08174997
-104.594,-223.7341,10.0,21.73978,-0.008978822
-106.0351,-242.4543,10.0,28.717709999999997,0.48785690000000004
-101.9002,-263.6818,10.0,29.160999999999998,-0.10000650000000001
-81.28775999999999,-272.6139,10.0,35.70173,0.4854175
-55.8046,-262.9596,10.0,38.16531,-0.1077099
-48.1662,-235.0916,10.0,42.37404,0.37857009999999996
-42.952420000000004,-203.8181,10.0,40.29317,-0.6515464
-32.135329999999996,-179.6295,10.0,31.76271,-0.5829778
-16.3942,-165.9328,10.0,25.14539,-0.2163179
-5.584308,-158.3819,10.0,12.7671,0.1354039
4.978608,-150.7681,10.0,19.90446,-0.3580669
13.28605,-138.8094,10.0,23.62586,1.130364
4.837507,-121.5246,10.0,29.88907,0.28768140000000003
-7.450705999999999,-101.0905,10.0,35.59567,0.6314831
-10.42957,-76.79783,10.0,31.424570000000003,0.4946197
-8.518309,-51.19055,10.0,37.90404,0.45681170000000004
-4.056063,-21.13109,10.0,43.97374,0.439618
-2.782148,13.18917,10.0,48.37057,-0.01946215
-19.20195,40.41793,10.0,42.59167,0.03683529
-51.51878,44.70279,10.0,46.92905,0.41562209999999994
-88.2948,43.98483,10.0,52.25508,0.3751261
-125.9339,39.88848,10.0,43.427690000000005,-1.265435
-148.3216,24.61829,10.0,37.06808,-0.23336220000000002
-142.7298,-2.627771,10.0,40.35785,0.351531
-143.7812,-31.94272,10.0,33.28723,-1.1236620000000002
-156.0681,-54.02395,11.0,36.45357,0.2698212
-169.983,-73.18562,11.0,26.076929999999997,-0.6257088000000001
-159.0329,-79.35351999999999,11.0,20.38126,0.32350229999999996
-145.3684,-69.45706,11.0,25.630589999999998,0.24081
-126.4195,-77.57348,11.0,31.3875,0.22885029999999998
-110.7783,-94.24648,11.0,31.551,0.5196356
-112.2754,-118.8148,11.0,34.517109999999995,-0.8126174
-127.6407,-132.7957,11.0,27.902890000000003,0.32807800000000004
-144.4361,-121.6545,11.0,31.581020000000002,0.38302820000000004
-147.5017,-103.6137,11.0,10.07279,-0.1344639
-157.627,-100.7751,11.0,20.826629999999998,0.6086773
-166.8057,-114.0827,11.0,26.118270000000003,0.47981999999999997
-166.2115,-135.8775,11.0,32.74915,0.22427310000000003
-168.4445,-162.3915,11.0,38.910109999999996,0.21700170000000002
-165.7106,-193.31599999999997,11.0,44.908190000000005,0.4171938
-163.2364,-228.1155,11.0,46.687059999999995,-0.4017114
-155.6449,-254.6843,11.0,28.51442,-1.317625
-135.4481,-258.2715,11.0,29.59038,-0.42055529999999997
-126.0952,-238.0496,11.0,33.63667,0.2235465
-126.8493,-210.8181,11.0,39.17673,-0.22582529999999998
-125.3585,-185.1656,11.0,31.35785,-1.281355
-108.7646,-183.1425,11.0,24.09421,-0.10820239999999999
-107.5584,-202.0356,11.0,29.02733,0.2018374
-105.8474,-225.68,11.0,35.17562,0.44828950000000006
-105.7325,-253.7497,11.0,40.41025,0.2575824
-85.11824,-272.4155,11.0,39.208729999999996,0.1676239
-56.62588,-263.9475,11.0,41.6918,-0.15606070000000002
-46.495540000000005,-234.8552,11.0,44.618109999999994,0.43006459999999996
-41.2929,-200.0732,11.0,50.02959,0.278127
-21.00532,-169.457,11.0,46.95361,-0.6268048
2.3015830000000004,-153.7782,11.0,32.06755,-0.5209503
12.24816,-136.2686,11.0,23.88052,-0.27033979999999996
4.6949190000000005,-120.0845,11.0,27.625840000000004,0.2562855
-6.588258000000001,-100.5435,11.0,33.68201,0.2214545
-10.41755,-73.61324,11.0,39.82152,0.41677529999999996
-7.061443,-42.15895,11.0,45.55617,0.198352
-1.808153,-6.780122,11.0,50.94947,0.3488105
-8.797467,30.7193,11.0,48.94993,-0.1741708
-38.06292,45.48237,11.0,46.50975,0.2995314
-74.51252,42.24264,11.0,51.92759,0.4006616
-114.6127,40.89188,11.0,53.35791999999999,-0.9918901
-145.8106,29.62138,11.0,41.95867,-0.1966634
-146.0368,0.6495126999999999,11.0,42.10317,0.207017
-142.9741,-31.652959999999997,11.0,43.281000000000006,-0.5028179
-155.6467,-52.15939,12.0,27.33238,0.20961420000000003
-168.6201,-64.90408000000001,12.0,23.72638,-0.5589569000000001
-154.2402,-71.9237,12.0,26.3457,0.49320699999999995
-132.6201,-73.14027,12.0,32.52536,0.20267939999999998
-111.7297,-88.04525,12.0,37.417159999999996,0.1166874
-108.4938,-114.56200000000001,12.0,32.831759999999996,-1.120028
-122.9899,-129.8495,12.0,26.923270000000002,-0.5133101
-139.7532,-131.5811,12.0,22.99713,0.35816220000000004
-146.5352,-115.2556,12.0,28.00031,0.48146359999999994
-156.5211,-100.6535,12.0,21.38637,0.05221052
-167.2914,-108.8846,12.0,23.5728,0.9275708
-167.1071,-131.5668,12.0,35.91718,0.4458005
-168.8156,-160.2398,12.0,41.64352,0.42986359999999996
-166.4001,-193.3241,12.0,47.435140000000004,0.17855710000000002
-164.3527,-230.2931,12.0,50.359770000000005,-1.443333
-151.8468,-257.3802,12.0,33.6267,-1.330516
-133.2643,-250.9861,12.0,29.466140000000003,0.1614396
-126.6764,-228.18099999999998,12.0,34.98307,0.22378
-127.4969,-201.18599999999998,12.0,34.10633,-0.21430120000000003
-120.6167,-180.5342,12.0,28.99537,-0.5982973
-106.5467,-189.1623,12.0,24.53716,0.09288638
-110.4189,-209.0277,12.0,30.58551,0.47384090000000006
-109.0838,-234.1256,12.0,37.08593,0.4801654
-101.7469,-262.4871,12.0,41.59515,-0.1343301
-75.22762,-270.9635,12.0,40.64063,0.390111
-48.27349,-257.1008,12.0,39.56015,-0.9612322
-51.15388,-232.7292,12.0,31.846459999999997,-0.08695442
-52.90355,-218.5135,12.0,6.953154,-0.9540988000000001
-53.3447,-214.9619,12.0,1.54166,-0.4704209
-52.34534,-216.8882,12.0,7.224136,0.34356359999999997
-45.1883,-217.6046,12.0,14.21135,0.2388771
-41.894459999999995,-207.4958,12.0,13.14001,-0.2754237
-41.12617,-195.9044,12.0,20.389770000000002,0.24749749999999998
-34.29033,-179.7252,12.0,27.17622,0.23100199999999999
-17.28379,-165.1587,12.0,33.57063,0.23657960000000003
5.016319,-150.234,12.0,37.29875,-0.12771749999999998
11.07498,-128.084,12.0,28.49741,-0.032700099999999996
-3.118288,-107.1363,12.0,41.87918,1.182751
-10.65238,-72.36625,12.0,52.80716999999999,0.3176699
-4.798466,-31.88897,12.0,57.63281,0.337514
-3.026681,10.962019999999999,12.0,51.55794,-1.931974
-13.694370000000001,35.93822,12.0,35.25788,0.3752955
-38.33099,45.78603,12.0,38.811440000000005,0.3452002
-69.13905,44.43512,12.0,44.61265,0.422388
-104.1939,42.516729999999995,12.0,50.11533,0.20450710000000002
-140.243,36.97558,12.0,47.523270000000004,-0.4179162
-152.6076,16.356720000000003,12.0,16.51577,-0.4347995
-153.328,12.65858,12.0,3.5074449999999997,0.5909555000000001
-148.2827,10.670860000000001,12.0,11.60639,0.5503597
-146.4182,-0.5137114,12.0,19.31271,0.5083982
-143.6802,-17.229110000000002,12.0,26.42923,0.2630892
-141.9528,-34.005990000000004,13.0,4.967746,0.5903636999999999
-143.575,-40.50881,13.0,13.06766,0.2878088
-151.4618,-49.924659999999996,13.0,20.4079,0.256422
-165.7718,-59.778999999999996,13.0,25.14838,-0.7933894
-163.317,-73.67159000000001,13.0,17.55791,-0.10297260000000001
-149.8404,-75.43423,13.0,21.60119,0.2007368
-135.472,-72.25777,13.0,18.87104,0.6308751
-119.1381,-77.67698,13.0,26.795609999999996,0.2110522
-107.4676,-95.72473000000001,13.0,32.3629,0.3492889
-112.3579,-120.0847,13.0,36.478790000000004,0.129678
-135.9242,-132.417,13.0,33.602340000000005,-1.56085
-145.6972,-123.087,13.0,8.207642,-0.7297157
-139.8541,-122.8799,13.0,10.8512,-0.4361731
-139.9006,-122.80799999999999,13.0,6.1466080000000005,0.48577879999999996
-145.0837,-126.5735,13.0,9.277032,-0.29613459999999997
-145.5147,-129.032,13.0,1.901072,0.6323786
-143.945,-124.5377,13.0,10.96123,0.6070448
-139.9383,-114.3134,13.0,18.83577,0.5005252
-147.2189,-100.1906,13.0,25.26686,0.39455490000000004
-163.8144,-102.3347,13.0,22.31,-0.19965639999999998
-167.3274,-120.9389,13.0,30.308220000000002,0.5359763000000001
-167.5144,-145.9664,13.0,37.2312,0.47610159999999996
-167.9002,-176.1228,13.0,43.77104,0.2262283
-167.9636,-210.8467,13.0,49.92862,0.4481151
-162.6204,-247.1975,13.0,45.51235,-0.5657254
-135.4528,-256.1131,13.0,34.4407,-1.49416
-127.9351,-236.4007,13.0,33.85087,0.7548389
-127.3626,-207.6756,13.0,41.16133,-0.02741591
-125.3722,-185.903,13.0,15.44886,-0.31123140000000005
-115.7276,-181.4959,13.0,17.41459,0.5849622
-105.785,-192.7119,13.0,24.7805,0.48295140000000003
-105.74,-213.503,13.0,31.72956,0.2543919
-107.7385,-239.3631,13.0,38.021640000000005,0.33624770000000004
-94.34773,-265.6793,13.0,42.44941,0.04939035
-64.93748000000001,-270.1602,13.0,42.60805,-0.006180476
-49.441359999999996,-244.4551,13.0,43.74035,0.40553690000000003
-46.65867,-210.8274,13.0,41.96324,-1.499464
-31.4542,-183.3698,13.0,45.44801,0.4027155
-6.397022,-157.5058,13.0,51.391220000000004,0.4309665
9.968908,-125.8736,13.0,45.08716,-0.10454269999999999
-5.425266000000001,-104.4982,13.0,30.85493,-0.9785328000000001
-7.442455000000001,-83.41252,13.0,33.115520000000004,0.2341264
-5.69805,-56.43728,13.0,39.85674,0.2292991
-4.8658220000000005,-24.526329999999998,13.0,46.24385,0.4506977
-4.000707,11.945789999999999,13.0,52.03645,0.32462090000000005
-18.06891,40.10283,13.0,34.82163,-0.5326058000000001
-34.07762,37.154270000000004,13.0,13.6745,-0.6045393
-35.10082,32.58582,13.0,0.07703026,0.0040241520000000005
-35.149770000000004,32.59244,13.0,0.06496374,-0.02025218
-34.858740000000004,33.36674,13.0,4.427818,0.5786606
-33.62851,39.37737,13.0,11.765880000000001,0.40117140000000007
-32.25687,44.61777,13.0,2.1332240000000002,-0.6705437
-33.0278,43.12124,13.0,6.39935,0.2957059
-40.07932,41.55164,13.0,14.08831,0.5514081999999999
-52.66655,44.9626,13.0,21.12301,0.24423470000000003
-70.73926,44.15012,13.0,27.70448,0.2309464
-93.4357,41.97242,13.0,33.845929999999996,0.4214157
-120.6147,42.196490000000004,13.0,39.26924,0.1475785
-144.7691,27.41654,13.0,38.0933,-0.01957028
-147.0148,-1.2756040000000002,13.0,41.85091,0.4044562
-144.787,-34.0564,14.0,45.71139,-0.17831229999999998
-158.2509,-57.24057,14.0,30.22894,-0.7246376999999999
-159.7089,-72.91853,14.0,24.83755,0.7217184
-140.0645,-75.56577,14.0,30.246309999999998,0.43701
-118.3824,-84.49124,14.0,34.69095,0.3103735
-109.7061,-108.8605,14.0,37.51952,0.06664272
-126.5121,-130.4316,14.0,39.17907,-0.07226229
-145.8684,-125.2567,14.0,20.548579999999998,-1.577141
-145.9348,-119.8706,14.0,1.666033,0.10555250000000001
-146.8424,-118.8007,14.0,1.8278560000000001,-0.01548396
-147.6466,-117.9468,14.0,1.394458,-0.02707004
-149.7795,-117.2061,14.0,3.953711,-0.00658179
-150.4832,-117.2568,14.0,3.688599,0.6351885
-146.049,-113.3333,14.0,12.33588,0.5591792
-146.3482,-102.0327,14.0,19.479429999999997,0.45993549999999994
-160.8643,-97.82361999999999,14.0,24.235689999999998,0.2507176
-167.8852,-114.7046,14.0,29.03998,0.501312
-166.3669,-138.7576,14.0,36.00884,0.2573339
-166.6855,-167.9471,14.0,42.74364,0.48994940000000003
-167.2763,-201.9771,14.0,49.04958,0.4438165
-164.5144,-239.4477,14.0,47.23936,-1.552769
-145.8178,-254.8149,14.0,20.44425,-2.274514
-141.7282,-251.1673,14.0,4.043648999999999,-0.1542655
-140.4526,-248.9426,14.0,5.857145,0.5919876999999999
-133.8248,-248.9197,14.0,13.112820000000001,1.179908
-124.2882,-251.5571,14.0,11.802999999999999,-0.3555747
-121.0386,-244.8467,14.0,13.736310000000001,0.9655296999999998
-124.4855,-231.7929,14.0,22.2558,0.2838434
-126.9541,-212.6471,14.0,29.7846,0.2602871
-126.8075,-188.2208,14.0,34.20673,-0.7886884
-109.7981,-180.458,14.0,22.54535,-0.40736469999999997
-105.7247,-199.4769,14.0,36.10555,1.504512
-107.2013,-233.645,14.0,55.65719,0.5798930999999999
-90.0304,-268.2115,14.0,46.79286,-0.6716405
-58.045559999999995,-267.0752,14.0,45.104690000000005,-0.5053717000000001
-48.63759,-237.7885,14.0,44.82376,0.4738151
-44.074220000000004,-203.82299999999998,14.0,48.94055,0.3558269
-20.472,-174.1647,14.0,54.058009999999996,0.2041801
6.851974,-143.6687,14.0,53.740359999999995,-0.7573152
4.940129,-117.8543,14.0,27.6058,-0.5222569
-5.073316999999999,-100.3941,14.0,30.62373,0.23502129999999996
-4.9330099999999995,-75.24878000000001,14.0,37.38391,0.2504928
-2.7726599999999997,-45.06664,14.0,44.05322,0.4464419
-2.278675,-10.1394,14.0,50.24242,0.21277729999999997
-6.569798,27.678040000000003,14.0,47.439890000000005,-0.5516198
-33.0992,42.6866,14.0,43.55272,0.3238915
-67.60226999999999,40.32959,14.0,49.58873,0.20580489999999999
-106.5069,40.82325,14.0,55.41209,0.4123204000000001
-140.0489,35.119609999999994,14.0,35.71052,-1.619533
-144.8374,21.991,14.0,3.057359,-0.6403608000000001
-142.507,23.87537,14.0,5.012428,0.2218958
-141.3686,25.33302,14.0,3.212974,0.6988869000000001
-144.9538,21.83217,14.0,9.680761,0.3292442
-149.5525,22.04222,14.0,1.21203,-0.7290434
-147.3197,20.67014,14.0,8.193824000000001,0.6631623999999999
-141.9832,13.223479999999999,14.0,16.788970000000003,0.5919008000000001
-140.84799999999998,-2.0901330000000002,14.0,24.85737,0.29748420000000003
-143.0044,-23.36301,14.0,32.61345,0.5350951999999999
-141.8935,-36.855290000000004,1.0,8.089417,0.3530205
-143.6684,-46.010059999999996,1.0,17.05669,0.5930837
-155.3022,-56.24369,1.0,25.29518,0.8562154000000001
-161.6264,-72.71558,1.0,26.06806,-0.3090717
-146.2197,-72.32661999999999,1.0,25.60827,0.28349440000000004
-135.8784,-68.27672,1.0,0.23485520000000001,0.3150803
-135.858,-68.27958000000001,1.0,0.02591239,-0.000352508
-135.8396,-68.28220999999999,1.0,0.02932743,0.024953799999999998
-135.8246,-68.28390999999999,1.0,0.04334776,0.1628085
-136.0271,-70.83425,1.0,4.650796,-0.02346951
-135.6552,-74.05719,1.0,4.011164,-0.07317163
-136.7462,-76.40565,1.0,2.632154,-0.8836409
-135.095,-75.4749,1.0,7.173264,0.6334156
-126.6291,-75.77718,1.0,15.8943,0.31335
-116.6186,-85.46365,1.0,23.27095,0.5677066
-110.1963,-104.3938,1.0,30.50212,0.209367
-118.6019,-126.7436,1.0,35.65352,0.2626269
-141.7976,-130.7677,1.0,27.709259999999997,-1.133055
-143.6743,-116.3882,1.0,22.73377,0.493559
-138.4574,-108.7094,1.0,0.02351475,-0.005724035
-138.4583,-108.7267,1.0,0.02470562,-0.00085758
-138.4727,-108.7366,1.0,0.35274570000000005,0.5942086
-142.4256,-108.2638,1.0,8.295009,0.1286441
-145.7276,-110.8368,1.0,0.1940994,0.2916729
-144.4856,-107.5377,1.0,9.190344,0.6137477
-147.8999,-98.77981,1.0,17.14849,0.5410253
-159.9247,-96.62106999999999,1.0,15.39586,-0.167518
-166.3272,-106.2791,1.0,22.263920000000002,0.5785984000000001
-169.2188,-127.4458,1.0,34.87726,0.8039411
-164.0146,-154.6441,1.0,40.086729999999996,-0.4373938
-165.887,-180.4508,1.0,31.57463,-0.24949659999999999
-167.7769,-205.1868,1.0,41.12658,0.5727342
-166.2445,-233.7181,1.0,35.00979,-0.2853535
-154.3576,-250.3615,1.0,25.352629999999998,0.09675522
-133.931,-248.1718,1.0,31.031109999999998,0.2716455
-122.2094,-232.9537,1.0,23.25582,-0.1946131
-131.0654,-218.2135,1.0,21.97277,-0.2456922
-122.9978,-204.6115,1.0,18.992729999999998,-0.23388089999999997
-124.9578,-191.66,1.0,16.488410000000002,-0.195998
-117.9203,-183.9234,1.0,19.18871,0.4022453
-110.7493,-192.8265,1.0,15.45793,-0.2521491
-110.0555,-203.4234,1.0,14.27079,0.6224179
-109.1081,-217.44799999999998,1.0,22.97374,0.2939482
-107.0158,-237.1868,1.0,30.52233,0.5317985
-98.73334,-260.5041,1.0,36.524640000000005,0.30930979999999997
-73.97805,-271.3363,1.0,39.322140000000005,0.09388796
-53.142880000000005,-253.084,1.0,39.669309999999996,0.007336309
-50.075140000000005,-222.4383,1.0,44.228559999999995,0.1568247
-33.53642,-192.0775,1.0,49.4198,0.19308989999999998
-8.112332,-162.7918,1.0,55.15574,0.1859116
11.78306,-126.2088,1.0,52.829080000000005,-2.450042
10.4621,-104.9441,1.0,6.734482000000001,-1.501436
9.771975,-104.2515,1.0,0.38092919999999997,-0.1608964
10.723310000000001,-104.8772,1.0,4.7178830000000005,0.4298232
15.396529999999998,-107.2477,1.0,8.478515,-0.0633782
18.516170000000002,-106.9233,1.0,0.6144082,0.617676
14.978979999999998,-108.0837,1.0,9.366399000000001,0.6378859
6.071181,-112.074,1.0,16.11359,0.3490263
-0.179059,-102.5681,1.0,20.75958,0.5029839
-0.1391052,-84.95316,1.0,27.43657,0.47279620000000006
-5.114251,-62.721680000000006,1.0,34.19382,0.4865979
-6.048739,-34.96694,1.0,40.77684,0.2262192
-6.322842,-2.419122,1.0,46.99808,0.47172349999999996
-8.81819,32.59,1.0,41.74781,-1.575951
-21.872989999999998,44.35197,1.0,13.12534,-0.2750048
-31.77859,37.95729,1.0,19.723010000000002,0.49485100000000004
-48.9371,39.57967,1.0,26.95464,0.4968566
-71.46954000000001,39.52646,1.0,33.91705,0.24954189999999998
-99.11081999999999,39.84622,1.0,40.57784,0.2260083
-130.7797,40.26191,1.0,39.39215,-0.4924308
-144.3985,27.061970000000002,1.0,16.46814,-0.8592565000000001
-138.3004,24.60431,1.0,10.14743,0.1667465
-137.7518,24.24043,1.0,0.05945858,-0.004407749
-137.7686,24.209570000000003,1.0,0.4736018,0.22212070000000003
-141.3369,24.58475,1.0,8.351097,0.3633318
-148.68200000000002,24.600920000000002,1.0,8.653016000000001,-0.4045041
-151.1636,25.39903,1.0,1.1864379999999999,0.5717482
-148.18,22.90633,1.0,9.413777,0.2918551
-148.4206,13.62897,1.0,16.6335,0.5094310999999999
-151.3257,-0.1475495,1.0,22.647879999999997,0.48171140000000007
-146.9875,-18.897879999999997,1.0,29.2911,0.4804662
-147.6536,-42.53049,2.0,33.7557,-0.33010120000000004
-165.5555,-57.92564,2.0,31.1915,-0.34094800000000003
-160.2409,-72.92244000000001,2.0,16.96378,-0.8006333999999999
-155.7299,-68.52457,2.0,0.35298229999999997,0.10430070000000001
-155.6915,-68.52784,2.0,0.044180000000000004,0.01353533
-155.8572,-69.08743,2.0,3.514525,0.2623317
-156.3624,-72.69556999999999,2.0,4.96614,-0.04522072
-156.9886,-75.15903,2.0,0.47564140000000005,0.5905734
-153.8499,-73.00171,2.0,9.934299000000001,0.6441541999999999
-144.4095,-76.29281999999999,2.0,18.30957,0.6049992
-131.3662,-82.53251999999999,2.0,18.67665,-0.27188140000000005
-119.35700000000001,-88.04973000000001,2.0,21.77919,0.6535428000000001
-110.5405,-106.7265,2.0,31.068820000000002,-0.08187378
-121.8659,-126.7759,2.0,32.90609,-0.05809619
-142.631,-127.7972,2.0,23.48787,-1.106819
-141.0331,-114.2492,2.0,23.31326,0.4787785
-144.1541,-102.1438,2.0,19.37229,0.27765850000000003
-158.6933,-104.1833,2.0,18.8559,-0.26913590000000004
-161.1404,-116.1774,2.0,16.75365,0.09145413
-164.4911,-129.7219,2.0,22.7231,0.5940319000000001
-165.3291,-149.435,2.0,30.60878,0.5615501
-165.4492,-174.987,2.0,38.088609999999996,0.5176723
-165.8706,-205.8041,2.0,45.11373,0.49425070000000004
-163.9857,-240.0493,2.0,36.36902,-1.7996830000000001
-151.2469,-251.7138,2.0,24.63694,0.5194635
-130.6787,-249.7178,2.0,30.23433,-0.32543629999999996
-127.594,-232.3299,2.0,26.965459999999997,0.58844
-125.7714,-209.0681,2.0,35.4231,0.48755
-124.2756,-186.0642,2.0,16.2986,-2.327003
-115.7519,-184.6257,2.0,15.06068,0.45251149999999996
-110.5593,-196.5522,2.0,22.3836,0.2959409
-108.9011,-216.0639,2.0,30.395259999999997,0.5516941999999999
-105.2591,-241.1379,2.0,37.826190000000004,0.5045524
-90.86149,-266.8047,2.0,42.139720000000004,-0.1185143
-62.463440000000006,-265.6754,2.0,41.3377,0.2686173
-48.78687,-239.3715,2.0,42.80207,0.18760729999999998
-45.85459,-205.91,2.0,48.06726,0.09231799
-23.00378,-176.9394,2.0,53.07724,0.47079709999999997
3.4812529999999997,-145.4488,2.0,53.613240000000005,-1.331469
6.675661,-123.7924,2.0,17.38322,-0.1444374
-3.967247,-111.8126,2.0,25.50775,0.4845499
-6.8040259999999995,-90.64926,2.0,32.78289,0.51476
-6.749536999999999,-63.65961,2.0,40.08194,0.2560596
-6.914786,-31.34672,2.0,46.990390000000005,0.480041
-7.345886,5.884099,2.0,53.4747,0.4354896
-14.23996,40.5732,2.0,36.04446,-2.728901
-26.00084,45.829440000000005,2.0,2.006497,-0.6387588000000001
-25.90371,42.33278,2.0,9.252792,0.6148812
-34.66303,40.59245,2.0,17.29905,0.30726820000000005
-49.11356,46.659890000000004,2.0,24.86124,0.22728220000000002
-70.0066,43.5428,2.0,32.39692,0.5330414000000001
-96.73671,41.50777,2.0,39.71048,0.2431709
-128.6127,39.62917,2.0,46.40887,0.4086725
-150.27,24.55834,2.0,23.693,-1.238699
-149.0872,19.14239,2.0,4.107692,0.6815675999999999
-143.9084,16.901139999999998,2.0,12.632019999999999,0.5955471
-146.4141,5.416357,2.0,20.61126,0.6208892
-149.8744,-10.61272,2.0,26.357540000000004,0.2911565
-146.0159,-32.47834,2.0,33.631679999999996,0.4666302
-143.5493,-41.00827,3.0,11.51,-0.02721183
-148.963,-49.25463,3.0,18.25467,0.174126
-160.0444,-53.900619999999996,3.0,14.737779999999999,-0.24105170000000004
-166.5683,-59.84774,3.0,10.8269,-0.1907256
-164.3176,-67.12234000000001,3.0,12.875539999999999,0.6070098
-153.5936,-72.41729000000001,3.0,20.5903,0.28709009999999996
-135.6473,-73.53012,3.0,28.17851,0.2792577
-117.3723,-83.48334,3.0,25.706889999999998,-0.3866387
-108.2841,-98.80197,3.0,27.57357,1.330164
-110.51,-118.7483,3.0,24.755760000000002,-0.2030021
-121.1562,-130.751,3.0,19.770329999999998,0.12635180000000001
-137.5961,-132.2688,3.0,22.324460000000002,-0.5724241
-145.0725,-114.4685,3.0,31.57442,-0.3550687
-157.6379,-103.4329,3.0,16.17095,-0.2354514
-166.3218,-113.0467,3.0,22.52148,0.5799578000000001
-168.7986,-132.5209,3.0,30.438679999999998,0.2664032
-169.2278,-157.7561,3.0,37.70452,0.24437319999999998
-167.2347,-188.1817,3.0,44.64132,0.48239709999999997
-163.9973,-223.4816,3.0,49.8619,-0.1219881
-157.2156,-255.0729,3.0,36.09871,-1.526101
-137.9465,-255.2803,3.0,27.10923,0.5349948
-125.209,-236.9163,3.0,33.11918,0.19573959999999999
-128.4721,-211.00099999999998,3.0,36.774879999999996,-0.27515170000000005
-125.1581,-186.0479,3.0,30.44681,-0.7261586
-110.6867,-180.2998,3.0,21.33594,-0.4024509
-110.1014,-196.3329,3.0,25.646810000000002,0.202544
-104.7814,-217.0994,3.0,31.645909999999997,0.1358449
-105.9281,-238.8404,3.0,27.542890000000003,0.1055737
-102.2835,-262.2222,3.0,36.45454,0.1953682
-78.7068,-270.8056,3.0,37.5666,0.6330265
-60.67995,-268.5755,3.0,13.37744,-0.9969653
-56.17221,-266.6656,3.0,0.6038741999999999,-0.43078140000000004
-57.13833,-267.3533,3.0,0.8154031,-0.1800225
-56.218340000000005,-266.5268,3.0,4.918082,0.22344009999999997
-52.8894,-262.8299,3.0,7.8485759999999996,0.07352222
-48.31465,-263.5043,3.0,2.7528,-0.8402562
-49.06852,-262.0596,3.0,6.765084,0.6224123
-49.80923,-254.1913,3.0,14.98395,0.5868168
-46.2921,-240.60299999999998,3.0,22.793120000000002,0.5287324999999999
-43.58294,-221.2027,3.0,30.073829999999997,0.2482616
-40.44801,-196.498,3.0,36.77493,0.1526183
-23.569329999999997,-174.0425,3.0,41.27015,0.21901929999999997
-4.626873000000001,-156.0635,3.0,24.391460000000002,-0.6325536
7.881038,-145.8661,3.0,19.30992,-0.1896727
11.76119,-134.381,3.0,14.64051,-0.2889983
7.3246020000000005,-123.3015,3.0,19.8316,0.5108954000000001
-2.7033099999999997,-109.1967,3.0,27.0532,0.26469109999999996
-9.475185,-87.53719,3.0,33.95212,0.4728536
-9.859249,-60.07872,3.0,40.35861,0.4300013
-5.223915,-28.08444,3.0,47.11845,0.01235143
-3.513893,2.6528150000000004,3.0,30.191409999999998,-2.315284
-4.710255999999999,14.17936,3.0,3.8351870000000003,-0.4364019
-5.554757,18.775879999999997,3.0,10.751669999999999,0.5518639
-8.696689,29.3609,3.0,18.99889,0.5677295
-20.41283,40.78362,3.0,26.10516,0.5186909000000001
-41.45353,44.88238,3.0,32.630179999999996,0.25063270000000004
-68.23029,44.60148,3.0,39.52001,0.477688
-99.85986,42.64725,3.0,46.02556,0.4796073
-132.9333,38.5265,3.0,40.25959,-1.455423
-150.4392,20.84061,3.0,32.7386,-0.4384237
-143.7198,-2.9292979999999997,3.0,35.51709,0.41935790000000006
-144.4484,-31.48991,3.0,41.678470000000004,0.4782715
-152.3722,-53.416819999999994,4.0,19.66711,-0.5585485
-166.0087,-56.29563,4.0,19.14113,-0.03590636
-163.2871,-69.01916999999999,4.0,22.96445,0.4809942
-144.7444,-72.51210999999999,4.0,29.423959999999997,0.4843912
-122.4467,-80.53023,4.0,35.32524,0.32986350000000003
-108.2962,-103.9312,4.0,39.19138,-0.1806045
-120.0404,-128.4171,4.0,37.31049,-0.000341305
-142.7951,-127.3536,4.0,30.86743,-0.22985039999999998
-144.7258,-105.5707,4.0,30.398020000000002,-0.252512
-156.7908,-99.40695,4.0,17.51136,0.6160709
-166.3704,-111.7613,4.0,25.429370000000002,0.5148050999999999
-169.7134,-133.0666,4.0,32.74644,0.5086988
-169.2993,-159.6824,4.0,39.38808,0.25075929999999996
-166.4829,-191.237,4.0,45.914120000000004,0.21838739999999998
-163.4388,-227.105,4.0,48.8309,-0.5380853
-158.0872,-251.5566,4.0,20.5984,-0.3867946
-144.8358,-257.8109,4.0,22.76741,0.2706315
-130.3747,-249.9928,4.0,26.53612,0.24113220000000002
-125.0847,-228.2,4.0,33.4274,0.18350339999999998
-128.8313,-201.5451,4.0,39.40645,0.38607270000000005
-116.613,-177.6849,4.0,34.526309999999995,-0.2939765
-99.42522,-185.6134,4.0,24.24434,-0.2307587
-110.3257,-195.5703,4.0,23.91394,0.07546539
-114.5549,-201.5519,4.0,0.02146924,0.01453014
-114.5549,-201.5531,4.0,0.0142071,0.002621172
-112.7337,-201.7637,4.0,5.139234,0.1569235
-109.7442,-198.8066,4.0,3.782462,-0.6316078
-109.6335,-199.0084,4.0,4.066267,0.5498499
-108.6603,-204.5747,4.0,11.11253,0.256285
-106.5315,-215.1337,4.0,17.778589999999998,0.4801634
-105.1703,-230.5151,4.0,23.88664,0.21503989999999998
-105.4509,-250.3552,4.0,29.391340000000003,0.3145334
-93.03394,-269.1167,4.0,32.79583,0.05823656
-68.43687,-269.9236,4.0,35.889340000000004,0.2938186
-49.89645,-251.6763,4.0,36.85868,0.02322141
-48.82691,-222.6416,4.0,41.13978,0.2679147
-38.93233,-192.2626,4.0,45.22595,0.20659070000000002
-15.65335,-167.5245,4.0,46.08109,-0.38034470000000004
3.6764870000000003,-149.7897,4.0,22.70006,-0.46658190000000005
12.41157,-138.517,4.0,16.19096,-0.4716317
8.152956,-124.6256,4.0,24.5459,0.41108420000000007
-3.761989,-108.35700000000001,4.0,29.85008,0.3839971
-9.826542,-85.06499000000001,4.0,35.055440000000004,0.1733804
-9.801335,-57.32773,4.0,39.95235,0.3363683
-4.1878660000000005,-26.43785,4.0,44.68161,0.32732649999999996
-2.3377950000000003,7.940171,4.0,48.37984,0.23818720000000004
-11.92571,34.202009999999994,4.0,27.84126,0.311317
-31.726779999999998,43.483259999999994,4.0,32.29251,0.3371845
-57.48044,43.28856,4.0,37.415,0.3729936
-87.08475,43.083870000000005,4.0,42.35752,0.36167849999999996
-118.884,40.1484,4.0,40.86763,-0.6910699
-138.4521,36.64513,4.0,14.033389999999999,-0.104875
-146.5225,27.00988,4.0,20.356479999999998,0.19792620000000002
-147.5433,9.934768,4.0,26.10683,0.41250600000000004
-143.2672,-11.053230000000001,4.0,31.725379999999998,0.1930319
-142.7008,-35.92499,5.0,32.74167,-0.7423326
-155.1872,-51.864309999999996,5.0,27.45893,0.18145870000000003
-168.7543,-63.989430000000006,5.0,19.684070000000002,-1.146456
-158.7154,-69.6087,5.0,15.72065,0.1756568
-143.9456,-72.13268000000001,5.0,23.9548,0.427307
-124.9618,-77.9591,5.0,29.6012,0.3654205
-109.0671,-94.39732,5.0,33.31635,0.1612411
-111.6271,-118.8397,5.0,33.282109999999996,-0.24331550000000002
-128.2259,-133.0799,5.0,27.39167,-0.36079609999999995
-141.8705,-124.2838,5.0,24.17197,0.18899960000000002
-149.5313,-106.2393,5.0,29.22025,0.3193145
-164.9766,-102.6391,5.0,16.832420000000003,-0.9562533000000001
-164.6219,-114.6369,5.0,18.13997,0.7033391
-167.3352,-131.4327,5.0,28.808840000000004,1.25895
-168.6628,-159.7136,5.0,45.22015,0.6202382
-164.4847,-195.0618,5.0,51.31026,0.5386835
-164.2049,-226.5191,5.0,26.53104,-1.109392
-162.8983,-241.8705,5.0,17.93715,-0.4398187
-158.2013,-252.3188,5.0,15.34038,0.5534916999999999
-145.0524,-260.1562,5.0,25.29897,0.3518748
-129.0988,-248.1756,5.0,33.61363,0.9932483
-126.0214,-219.7553,5.0,41.819179999999996,-0.6958348000000001
-128.6687,-195.9788,5.0,21.04511,-0.259399
-123.3255,-184.3437,5.0,15.438170000000001,0.6109397
-108.9316,-183.8611,5.0,24.27016,0.07893806
-102.4604,-200.9342,5.0,29.4596,0.8202335999999999
-104.0344,-226.0399,5.0,36.725970000000004,0.31805490000000003
-105.2246,-252.3997,5.0,32.23656,-0.5319229
-93.1396,-269.5041,5.0,30.826620000000002,0.27500949999999996
-69.33012,-270.5288,5.0,34.798759999999994,0.2404061
-51.5527,-252.6572,5.0,36.63577,0.2771658
-47.2783,-223.9402,5.0,41.4291,0.34853459999999997
-39.942640000000004,-192.4955,5.0,45.69939,0.2015754
-17.75014,-166.1979,5.0,47.6291,-0.03204725
-2.0277580000000004,-155.5092,5.0,13.509839999999999,-0.37085559999999995
4.759239,-150.6928,5.0,9.059593,-0.2843779000000001
8.90468,-146.9149,5.0,8.111877999999999,0.2564627
12.978660000000001,-139.5105,5.0,14.79325,0.44285159999999996
10.11064,-126.9205,5.0,20.75839,0.4242559
-0.3382034,-112.8436,5.0,26.56533,0.4094142
-8.173046000000001,-92.63186999999999,5.0,31.99039,0.4050468
-10.56049,-67.24545,5.0,36.99488,0.1756925
-5.744492,-38.40982,5.0,41.87084,0.1718711
-1.48822,-5.969531,5.0,46.03418,-0.42478240000000006
-4.807365,20.085079999999998,5.0,21.21163,-3.869393
-8.202847,28.34385,5.0,14.34875,0.5032274999999999
-16.1858,38.39439,5.0,20.46131,0.418742
-32.12811,44.656000000000006,5.0,26.09253,0.190276
-53.52585,45.20349,5.0,31.719040000000003,0.41298599999999996
-79.04146,44.35089,5.0,37.05625,0.3614422
-108.2596,42.246829999999996,5.0,42.02422,0.26036329999999996
-133.1764,39.383590000000005,5.0,19.60483,-2.05115
-144.7845,29.8234,5.0,23.795379999999998,0.38178579999999995
-147.8845,10.64674,5.0,29.023359999999997,0.3768652
-143.0133,-12.325330000000001,5.0,34.34434,0.3653865
-143.1192,-36.6991,6.0,23.80435,-1.407407
-147.2291,-46.84267,6.0,15.90146,1.006923
-158.0543,-54.72211,6.0,16.89902,-0.19981500000000002
-165.9641,-60.90384,6.0,12.41698,0.49843050000000005
-160.3816,-71.49408000000001,6.0,22.47881,0.7381126
-139.8087,-71.67694,6.0,34.75338,0.6565675
-114.8275,-85.28871,6.0,41.7065,-0.3651218
-112.6745,-110.2838,6.0,25.93583,-2.504755
-117.3158,-120.1988,6.0,11.6995,0.1985104
-122.8827,-131.2196,6.0,18.0965,-0.5713469
-135.7405,-133.1407,6.0,21.23817,0.20957800000000001
-144.7211,-119.0383,6.0,26.854290000000002,0.5470364999999999
-149.0992,-105.3215,6.0,8.040376,-0.2756875
-154.4265,-101.6039,6.0,12.39815,0.7161043
-164.6103,-103.5517,6.0,15.53605,0.1896727
-167.3791,-117.7718,6.0,26.0619,0.9415044
-168.9545,-142.1581,6.0,39.15907,0.4428207
-168.1187,-175.3676,6.0,50.194109999999995,0.7417708000000001
-164.2645,-214.708,6.0,51.639509999999994,-0.6803504
-162.3462,-248.0095,6.0,36.91711,-1.272519
-145.8777,-258.185,6.0,23.01428,-0.5335599
-132.1223,-252.6146,6.0,20.982029999999998,0.3549466
-125.359,-235.5355,6.0,27.84651,0.3894212
-126.4815,-213.0188,6.0,33.18835,0.3259803
-127.9094,-188.4449,6.0,25.82845,-1.399726
-116.9474,-182.2006,6.0,20.17199,0.1878539
-104.8274,-192.4063,6.0,24.67732,0.35687290000000005
-102.7789,-212.4613,6.0,30.0435,0.40896659999999996
-105.4728,-236.5869,6.0,35.45284,0.36303
-101.8565,-263.8553,6.0,38.41745,-0.1962594
-78.88616999999999,-271.7632,6.0,30.97621,-0.6255515
-59.50904,-266.3971,6.0,23.46217,-0.3025257
-49.55355,-252.5052,6.0,28.027279999999998,0.19938329999999999
-45.79128,-229.9258,6.0,33.53117,0.194047
-42.80581,-203.3018,6.0,38.70683,0.3396368
-30.093120000000003,-177.135,6.0,41.1851,0.2418623
-6.759287,-159.8272,6.0,28.659259999999996,-2.305371
3.435021,-152.078,6.0,12.29744,-0.1167634
9.951797000000001,-145.6744,6.0,13.52411,0.2619535
12.65967,-133.8336,6.0,21.00788,0.6216670999999999
2.019577,-118.3005,6.0,32.122240000000005,0.5251296
-8.301578999999998,-91.72081,6.0,45.88319,0.9855471
-8.700682,-53.084430000000005,6.0,58.169509999999995,0.8038475
-1.276134,-8.889863,6.0,59.57431,-1.144903
-5.885566000000001,21.67233,6.0,22.777620000000002,-0.8964846
-13.30626,35.87073,6.0,23.77396,0.2484524
-32.34198,44.54244,6.0,34.51318,0.9962771
-63.33289,44.82505,6.0,49.4407,1.060992
-104.6555,42.842,6.0,55.635690000000004,-4.156806
-126.2755,39.523720000000004,6.0,14.179,-0.36051
-136.5652,37.26103,6.0,19.38788,0.6505718
-147.2238,24.982039999999998,6.0,25.42507,0.35692470000000004
-146.4413,4.216009,6.0,30.912879999999998,0.40567600000000004
-141.4299,-20.23056,6.0,36.12535,0.28558520000000004
-142.0204,-36.04209,7.0,9.03943,0.2483496
-144.3956,-44.92242,7.0,15.67296,0.4248383
-155.2905,-52.763830000000006,7.0,21.51118,0.4983896
-167.7739,-62.99892,7.0,20.36759,-0.3465316
-164.477,-74.40225,7.0,15.8232,0.2043944
-152.2367,-76.46379,7.0,19.16924,0.2842557
-137.7873,-73.13042,7.0,21.00262,0.21536929999999999
-121.619,-77.60789,7.0,27.201659999999997,1.156255
-108.8145,-95.15717,7.0,31.79622,0.1101345
-112.8742,-119.0538,7.0,35.03938,0.08120589
-135.4273,-131.827,7.0,35.51878,-0.5889842
-147.3755,-121.374,7.0,14.79994,-1.1292229999999999
-143.009,-114.2201,7.0,13.67565,0.9865332
-148.4064,-103.6426,7.0,16.44526,0.05115562
-161.0878,-103.0443,7.0,20.88615,0.2250965
-166.333,-116.4976,7.0,19.82989,0.01896404
-166.4052,-133.5573,7.0,27.37658,0.5009862
-169.2807,-159.0591,7.0,41.669290000000004,0.9589285
-169.9299,-194.5583,7.0,53.828540000000004,0.7878473000000001
-168.1135,-233.1653,7.0,46.1053,-0.8361068000000001
-154.9722,-253.2218,7.0,26.80857,-0.3962268
-137.8937,-253.4211,7.0,21.9349,0.3298061
-126.1807,-242.1024,7.0,25.889120000000002,1.115005
-126.0247,-219.4353,7.0,33.61914,0.3832505
-126.0158,-192.6278,7.0,38.14759,-0.07388526
-116.8478,-179.704,7.0,13.847129999999998,-0.2384069
-109.9319,-189.2807,7.0,20.72136,0.439043
-108.8903,-206.8474,7.0,26.7111,0.4321673
-108.5851,-228.7393,7.0,32.36725,0.39602509999999996
-104.5594,-253.9644,7.0,36.7779,0.1066867
-83.80563000000001,-271.8405,7.0,39.19294,0.1038577
-57.10703,-264.6174,7.0,39.32097,0.0072779540000000005
-49.41124,-236.7552,7.0,41.696020000000004,0.3298601
-44.10265,-205.0119,7.0,45.10279,0.04964845
-21.99628,-178.5461,7.0,48.86177,0.1472816
2.3592150000000003,-149.8565,7.0,47.96484,-2.10007
8.540267,-126.6404,7.0,23.459789999999998,-0.6117981
-2.724686,-110.0433,7.0,31.058429999999998,0.20831860000000002
-5.053730000000001,-83.24271,7.0,44.89334,0.6640699000000001
-0.774975,-43.75628,7.0,61.79752,1.142303
-2.0323439999999997,5.065371,7.0,62.899390000000004,-1.219498
-11.71387,38.92047,7.0,33.26976,-1.2469290000000002
-34.325829999999996,40.909909999999996,7.0,37.165659999999995,0.5396038000000001
-64.13593,40.44102,7.0,42.63194,0.1576806
-97.45403,40.76972,7.0,47.288790000000006,0.335399
-133.505,39.71353,7.0,46.93095,-1.25086
-147.3706,22.72928,7.0,28.66938,0.1586046
-145.2756,-0.47824170000000005,7.0,34.08903,0.3909969
-145.5974,-27.63327,7.0,39.22893,0.1760644
-155.7731,-53.58885,8.0,35.79007,-0.4914448
-168.4324,-67.13206,8.0,20.97812,0.7264735
-156.1273,-78.92023,8.0,27.71428,0.2214928
-133.8899,-77.25653,8.0,32.313340000000004,0.1477317
-114.5714,-91.54293,8.0,35.070840000000004,0.1905063
-113.0467,-117.37799999999999,8.0,37.02997,0.04634254
-135.0883,-132.0926,8.0,34.93602,-0.8714992
-146.6606,-127.4531,8.0,2.681699,-0.524076
-143.5073,-124.7751,8.0,9.484103,0.5026547
-142.2234,-115.7587,8.0,15.921420000000001,0.43987780000000004
-150.4439,-104.7489,8.0,21.68645,0.217342
-165.6568,-106.5277,8.0,23.725939999999998,0.1022064
-166.9205,-125.0785,8.0,28.30358,0.4055302
-168.588,-147.8827,8.0,33.5753,0.3814808
-171.0739,-174.4217,8.0,38.50316,0.35882959999999997
-169.1251,-204.8119,8.0,43.3699,0.3506827
-167.1296,-238.4395,8.0,46.42024,-0.5637433000000001
-146.8052,-256.8822,8.0,33.823170000000005,-1.23551
-129.8394,-244.9778,8.0,29.24427,-0.03224768
-127.2384,-221.5792,8.0,34.71255,0.1901094
-126.5046,-194.0305,8.0,38.73822,-0.3530218
-115.1728,-179.5179,8.0,16.06727,-0.33137340000000004
-107.7058,-188.6659,8.0,19.90942,0.4242825
-106.7253,-205.60299999999998,8.0,25.91037,0.2187868
-106.0194,-227.0032,8.0,31.634990000000002,0.4105657999999999
-103.4434,-252.1044,8.0,36.43657,0.11876689999999998
-84.7887,-271.471,8.0,38.50844,0.08134115
-58.30843,-265.4,8.0,39.20698,0.1674227
-47.47588,-238.7628,8.0,41.48335,0.3353281
-44.15276,-206.5626,8.0,45.62115,0.037023099999999996
-23.42182,-180.1666,8.0,47.65773,0.32275290000000006
0.6990672,-152.375,8.0,50.43772,-0.6249368000000001
7.468267,-123.5547,8.0,33.868959999999994,-0.44129799999999997
-6.717824,-100.4705,8.0,39.25612,-0.2519879
-2.979981,-70.9486,8.0,42.5458,0.151618
-1.24524,-37.72987,8.0,47.119170000000004,0.344616
-1.78588,-1.200508,8.0,51.47841,0.140085
-8.983805,34.68858,8.0,40.612159999999996,-2.269572
-25.4972,42.32092,8.0,9.621647,-2.144099
-27.26855,38.14277,8.0,9.014087,0.45884090000000005
-35.31975,39.25242,8.0,15.27775,0.21965720000000002
-45.116409999999995,48.45191,8.0,20.89623,0.5320931
-48.02541,48.586690000000004,8.0,0.02535626,0.02201027
-48.19791,47.993990000000004,8.0,3.366582,0.3697969
-48.099779999999996,44.58367,8.0,5.2065220000000005,-0.04014761
-47.4053,43.49232,8.0,3.3557300000000003,0.6859715999999999
-52.62713000000001,46.18012,8.0,12.43042,0.6186963000000001
-64.92899,45.27057,8.0,20.981189999999998,0.6228077
-83.37389,43.00674,8.0,29.007309999999997,0.5441716999999999
-107.5458,42.817190000000004,8.0,36.39525,0.529049
-135.6669,40.38977,8.0,39.36111,-0.37622059999999996
-144.0674,14.21279,8.0,41.98035,0.6878731
-146.6431,-19.77522,8.0,48.86509,-0.1298607
-142.0443,-34.641740000000006,9.0,2.6883630000000003,-0.03089961
-142.9797,-38.70824,9.0,11.34653,0.3188773
-147.4538,-47.6111,9.0,12.87347,-0.1056425
-154.8163,-52.42221,9.0,13.79774,0.8161955
-164.1494,-55.96495,9.0,11.95507,-0.2425877
-166.85,-63.19687,9.0,12.27017,0.9258046999999998
-158.3243,-72.77600000000001,9.0,20.080779999999997,-0.3857966
-145.1674,-72.96696,9.0,16.078770000000002,-0.120681
-132.7959,-73.94838,9.0,22.45168,0.5970419
-116.4661,-82.757,9.0,25.89209,0.0283363
-107.6292,-99.67895,9.0,25.6517,-0.4009365
-108.4075,-113.758,9.0,12.35007,-0.1803691
-111.4365,-122.1171,9.0,15.474310000000001,1.261422
-121.3341,-133.1505,9.0,20.27894,-0.1829075
-134.291,-134.246,9.0,15.98589,-0.29777159999999997
-143.4063,-125.8325,9.0,22.00592,0.5793718000000001
-149.3848,-107.5611,9.0,27.071579999999997,-1.0833700000000002
-159.0686,-99.37827,9.0,14.108070000000001,-0.1920927
-165.7734,-106.398,9.0,18.36779,0.5669841
-168.2384,-125.4951,9.0,33.21131,0.4774481
-169.0464,-154.6566,9.0,43.774229999999996,0.16479270000000001
-166.5098,-188.5187,9.0,47.54183,0.21388160000000003
-163.5146,-221.8696,9.0,41.21835,-0.6425183000000001
-161.2361,-246.3445,9.0,26.73538,-0.25838629999999996
-149.5677,-258.7795,9.0,20.90379,-0.3580443
-136.4437,-258.03,9.0,19.412689999999998,0.47650990000000004
-126.3356,-241.3976,9.0,33.684020000000004,0.367216
-126.4898,-214.7223,9.0,35.17634,-0.24995389999999998
-128.7675,-195.3035,9.0,16.02211,-0.5837901999999999
-126.1615,-185.0121,9.0,12.874360000000001,-0.078308
-114.8309,-181.9009,9.0,19.38477,-0.1804505
-104.5825,-188.785,9.0,15.13531,-0.2365452
-102.4615,-202.6159,9.0,26.30204,0.5559175000000001
-104.4087,-226.3522,9.0,36.66626,0.4605287
-105.0896,-253.6143,9.0,35.78033,-0.3536703
-89.72823000000001,-272.0085,9.0,32.6776,0.01342216
-66.12996,-269.9413,9.0,32.31749,-0.07571856
-50.89386,-252.1963,9.0,34.15932,0.14890920000000002
-46.31625,-226.4463,9.0,36.43803,0.17063029999999998
-41.80457,-199.9143,9.0,35.06277,-0.0903565
-31.722609999999996,-178.3942,9.0,29.609690000000004,-0.43781279999999995
-16.6439,-165.6256,9.0,24.085539999999998,-0.17164000000000001
-2.976086,-156.55100000000002,9.0,20.37804,-0.2837252
8.120594,-148.2036,9.0,18.6228,0.15928810000000002
12.33595,-133.2655,9.0,24.45489,0.1234309
1.1931770000000002,-116.7961,9.0,29.179409999999997,0.1493174
-8.312141,-97.25185,9.0,29.925240000000002,0.06414804
-11.29997,-74.86626,9.0,32.03898,0.3174805
-8.827435000000001,-49.878659999999996,9.0,35.07969,0.1175213
-4.1337980000000005,-23.839000000000002,9.0,36.270990000000005,0.02974633
-1.94385,2.664882,9.0,33.04487,-1.1097290000000002
-5.595823,22.23177,9.0,22.09851,-0.6008315
-12.55359,35.36095,9.0,23.64343,0.4815526
-30.309929999999998,44.64655,9.0,30.87251,0.46479380000000003
-55.64379,44.04438,9.0,37.92739,0.5033172
-86.45258000000001,44.20711,9.0,44.86381,0.5008598
-121.2492,41.04394,9.0,45.85629,-1.2122899999999999
-145.3881,30.387340000000002,9.0,34.69952,-0.13258770000000003
-143.4748,4.646165,9.0,38.510940000000005,0.24706999999999998
-142.5226,-25.21246,9.0,36.80623,-1.568584
-145.7574,-41.60611,10.0,16.02925,-0.1837373
-154.2456,-52.60426999999999,10.0,18.569329999999997,-0.16773329999999997
-165.1277,-58.287169999999996,10.0,14.70545,-0.3226112
-165.5021,-68.03981999999999,10.0,17.05671,0.3023309
-153.9476,-73.15462,10.0,18.11538,0.04422519999999999
-140.4773,-72.69762,10.0,17.43289,-0.1663471
-125.4136,-76.83702,10.0,26.15527,0.5658845
-109.8187,-91.58946,10.0,32.63746,0.3849165
-109.2167,-117.0249,10.0,35.54394,-1.001444
-122.1155,-131.8365,10.0,22.62182,-0.19432929999999998
-136.5978,-132.6326,10.0,17.693579999999997,-0.1679837
-144.7713,-121.5864,10.0,23.20109,0.6139131999999999
-149.6044,-105.62200000000001,10.0,12.31289,-2.863044
-152.9953,-102.2309,10.0,9.86881,0.5802931
-162.4324,-101.7031,10.0,16.77741,0.4193616
-167.61,-114.8788,10.0,23.28655,0.5459538
-168.7388,-134.7691,10.0,30.2862,0.5163599
-168.6097,-159.6618,10.0,35.384479999999996,0.2697575
-167.47799999999998,-187.5379,10.0,39.40303,0.1393749
-164.6787,-216.0365,10.0,35.40822,-0.5477919
-163.3873,-239.5503,10.0,28.35724,-0.2480612
-155.168,-255.4462,10.0,21.448539999999998,-0.2252875
-139.6678,-259.2768,10.0,23.902179999999998,0.0128016
-128.2902,-246.0377,10.0,26.06342,0.09586491
-124.7544,-226.0218,10.0,29.239079999999998,0.2267629
-127.3887,-204.2795,10.0,26.58189,-0.6649510999999999
-127.898,-190.4144,10.0,15.25995,-0.325131
-122.9586,-182.6711,10.0,12.84272,0.4721951
-111.3125,-183.0265,10.0,18.29489,0.17470629999999998
-103.2496,-192.8914,10.0,18.87095,0.1672011
-103.5147,-207.834,10.0,21.38973,0.1691892
-104.6071,-223.8961,10.0,21.737460000000002,-0.01379643
-106.0436,-242.6714,10.0,28.79842,0.4777856
-101.7777,-263.86400000000003,10.0,29.131220000000003,-0.17304570000000002
-81.03354,-272.5983,10.0,35.74179,0.2540116
-55.61784,-262.7382,10.0,38.133520000000004,-0.184424
-48.12738,-234.7837,10.0,42.42805,0.329257
-42.8849,-203.5202,10.0,40.239779999999996,-0.31817940000000006
-31.990579999999998,-179.4496,10.0,31.715490000000003,-0.3026548
-16.24205,-165.826,10.0,25.07517,-0.4176561
-5.502974,-158.3259,10.0,12.81568,0.2757236
5.093652,-150.6762,10.0,19.85993,-0.2691024
13.311779999999999,-138.636,10.0,23.716920000000002,0.5618418000000001
4.670876,-121.3711,10.0,29.97164,0.4783483
-7.519466,-100.8465,10.0,35.7235,0.8043701999999999
-10.425289999999999,-76.56076,10.0,31.504559999999998,0.48454709999999995
-8.484989,-50.90511,10.0,37.93974,0.2136219
-4.000395,-20.8101,10.0,44.00745,0.2071261
-2.835283,13.54164,10.0,48.36633,-0.02531904
-19.49085,40.55648,10.0,42.60923,0.10560819999999999
-51.87019,44.67726,10.0,46.99685,0.4064275
-88.68119,43.96119,10.0,52.2846,0.1821905
-126.2523,39.84698,10.0,43.306059999999995,-0.7486686
-148.3909,24.352710000000002,10.0,37.04868,-0.12119489999999998
-142.6641,-2.9094130000000002,10.0,40.4166,0.36926090000000006
-143.849,-32.19643,10.0,33.1096,-1.007051
-156.2766,-54.1839,11.0,36.47598,0.14397910000000003
-169.96200000000002,-73.37941,11.0,25.87432,-1.1915149999999999
-158.9117,-79.26317,11.0,20.443929999999998,0.37607209999999996
-145.1745,-69.44236,11.0,25.67084,0.23578690000000002
-126.2378,-77.69824,11.0,31.467959999999998,0.5042806
-110.6889,-94.46674,11.0,31.721159999999998,0.9848048
-112.3861,-119.0454,11.0,34.39692,-0.7280319000000001
-127.8491,-132.8345,11.0,27.9301,0.1656973
-144.4798,-121.4307,11.0,31.61287,0.2011882
-147.5537,-103.5614,11.0,10.03117,-0.2441455
-157.7738,-100.8062,11.0,20.930020000000003,0.6411609
-166.8072,-114.2801,11.0,26.15565,0.22625549999999997
-166.2281,-136.1165,11.0,32.82736,0.4647464
-168.435,-162.6799,11.0,38.98191,0.42610649999999994
-165.67700000000002,-193.6471,11.0,44.97802,0.431792
-163.2075,-228.4599,11.0,46.65565,-0.1931727
-155.4908,-254.8405,11.0,28.40748,-0.6251463
-135.2611,-258.1672,11.0,29.452270000000002,-0.8345298000000001
-126.0567,-237.7989,11.0,33.71203,0.4412346
-126.8895,-210.5269,11.0,39.08057,-0.5653313
-125.2397,-184.9729,11.0,31.1387,-1.349334
-108.6651,-183.2831,11.0,24.06094,-0.2042589
-107.5478,-202.2422,11.0,29.0983,0.43453240000000004
-105.8706,-225.9447,11.0,35.25176,0.45027159999999994
-105.6454,-254.0425,11.0,40.45264,0.2489814
-84.83983,-272.4342,11.0,39.22303,0.09135745
-56.401,-263.7272,11.0,41.64359,-0.2813637
-46.44381,-234.5231,11.0,44.64997,0.1939909
-41.20493,-199.7262,11.0,50.05058,0.1331764
-20.72414,-169.2542,11.0,46.72337,-1.363652
2.47401,-153.6288,11.0,31.975579999999997,-0.5807979999999999
12.24397,-136.0881,11.0,23.79244,-0.5159946
4.560844,-119.9294,11.0,27.71055,0.4970209
-6.655727000000001,-100.2963,11.0,33.7592,0.4471916
-10.42342,-73.32538000000001,11.0,39.89138,0.4258861
-6.993405,-41.81295,11.0,45.62741,0.40190040000000005
-1.7949540000000002,-6.402894,11.0,51.00605,0.3455895
-8.976091,31.04363,11.0,48.929140000000004,-0.12376019999999999
-38.41022,45.45387,11.0,46.533409999999996,0.14000379999999998
-74.89406,42.22503,11.0,51.9947,0.4064501
-115.0154,40.864540000000005,11.0,53.27514,-0.4981561
-145.9861,29.37916,11.0,41.892959999999995,-0.4055719
-145.9357,0.3525959,11.0,42.17568,0.4289607
-143.0252,-31.980240000000002,11.0,43.10754,-0.9702864
-155.8455,-52.21675,12.0,27.35112,0.1123685
-168.5895,-65.0789,12.0,23.54466,-1.0648879999999998
-154.0513,-71.89838,12.0,26.38648,0.25908939999999997
-132.3933,-73.2134,12.0,32.59375,0.4167781
-111.5737,-88.28139,12.0,37.45906,0.2447567
-108.5949,-114.7908,12.0,32.65034,-1.040167
-123.164,-129.9463,12.0,26.83795,-0.5188153
-139.9053,-131.4962,12.0,23.04703,0.28867990000000004
-146.55200000000002,-115.0439,12.0,28.03893,0.23147960000000004
-156.6766,-100.6232,12.0,21.38614,-0.001361034
-167.3214,-109.057,12.0,23.72371,0.9104815999999999
-167.1096,-131.833,12.0,35.98875,0.43302520000000005
-168.7948,-160.5477,12.0,41.67752,0.2104152
-166.3811,-193.6617,12.0,47.505179999999996,0.4445746
-164.3301,-230.6648,12.0,50.123059999999995,-1.453972
-151.6194,-257.48,12.0,33.40418,-1.346502
-133.1467,-250.8027,12.0,29.52402,0.34306970000000003
-126.6359,-227.93400000000003,12.0,35.06313,0.49683950000000004
-127.54899999999999,-200.9392,12.0,34.03418,-0.4259647
-120.40700000000001,-180.4512,12.0,28.92418,-0.40515359999999995
-106.5536,-189.34400000000002,12.0,24.57263,0.21046489999999998
-110.4244,-209.2513,12.0,30.665329999999997,0.4892829000000001
-109.0547,-234.3989,12.0,37.16155,0.45857890000000007
-101.5738,-262.7419,12.0,41.58205,-0.08204703
-74.93236999999999,-270.9042,12.0,40.71393,0.45123409999999997
-48.12839,-256.8553,12.0,39.47798,-0.5184616
-51.29773,-232.5397,12.0,31.8176,-0.1684631
-52.9045,-218.4609,12.0,6.881028,-0.4317004
-53.346630000000005,-214.951,12.0,1.445914,-0.5696644000000001
-52.31412,-216.9295,12.0,7.275705,0.3265389
-45.10785,-217.5362,12.0,14.29,0.4675089
-41.8899,-207.3967,12.0,13.11841,-0.13147520000000001
-41.10202,-195.7582,12.0,20.475179999999998,0.5152717000000001
-34.16872,-179.5644,12.0,27.2539,0.458545
-17.0652,-165.0269,12.0,33.64914,0.45485459999999994
5.194792,-150.034,12.0,37.27835,-0.12335530000000001
10.986239999999999,-127.8926,12.0,28.49472,-0.01664355
-3.263052,-106.8587,12.0,42.06837,1.135974
-10.6441,-71.97493,12.0,52.831230000000005,0.1482981
-4.729139,-31.475929999999998,12.0,57.65797,0.1578515
-3.079634,11.346630000000001,12.0,51.24777,-1.8186830000000003
-13.868829999999999,36.132659999999994,12.0,35.28539,0.168149
-38.61872,45.772420000000004,12.0,38.87083,0.35184879999999996
-69.46746999999999,44.4435,12.0,44.645379999999996,0.2020339
-104.5703,42.47173,12.0,50.18652,0.4176539000000001
-140.5645,36.83266,12.0,47.486909999999995,-0.22744539999999996
-152.5829,16.23423,12.0,16.36084,-0.8941935
-153.3031,12.66324,12.0,3.6088199999999997,0.6284168000000001
-148.2304,10.59958,12.0,11.6985,0.5424678
-146.4153,-0.6628793000000001,12.0,19.35424,0.24809740000000002
-143.643,-17.424139999999998,12.0,26.516,0.49566899999999997
-141.9569,-34.04372,13.0,5.0695559999999995,0.5987511999999999
-143.6142,-40.6035,13.0,13.162870000000002,0.5359210999999999
-151.5887,-50.00745,13.0,20.49213,0.5003010999999999
-165.8639,-59.94059,13.0,25.08411,-0.3960172
-163.2139,-73.7507,13.0,17.5288,-0.17319520000000002
-149.6908,-75.39259,13.0,21.67269,0.4361912
-135.332,-72.26253,13.0,18.98574,0.6937291999999999
-118.9762,-77.7923,13.0,26.86665,0.42145
-107.4149,-95.94967,13.0,32.4233,0.3751676
-112.514,-120.2939,13.0,36.52608,0.2906106
-136.17600000000002,-132.3872,13.0,33.33238,-1.596188
-145.6631,-123.0398,13.0,7.971914,-1.4378030000000002
-139.7784,-122.861,13.0,10.8206,-0.19187739999999998
-139.9456,-122.8209,13.0,6.313901,0.9830707000000001
-145.1102,-126.6356,13.0,9.219416,-0.35129920000000003
-145.514,-129.0176,13.0,2.012284,0.6750371000000001
-143.9051,-124.4683,13.0,11.06425,0.6338699000000001
-139.9336,-114.1704,13.0,18.87632,0.2423188
-147.3723,-100.0799,13.0,25.2917,0.1503011
-163.9171,-102.4636,13.0,22.24535,-0.3814247
-167.3377,-121.1635,13.0,30.39619,0.531749
-167.5117,-146.2346,13.0,37.27081,0.2505143
-167.9045,-176.4472,13.0,43.848659999999995,0.4598365
-167.9665,-211.2166,13.0,49.9995,0.42446179999999994
-162.428,-247.4741,13.0,45.46755,-0.279304
-135.2299,-256.0094,13.0,34.3168,-0.7895033
-127.964,-236.1458,13.0,33.91217,0.368269
-127.3597,-207.3816,13.0,41.1622,0.005463481
-125.3077,-185.8141,13.0,15.39465,-0.3488563
-115.5998,-181.5141,13.0,17.460379999999997,0.28370559999999995
-105.7404,-192.8921,13.0,24.81965,0.23672329999999997
-105.77600000000001,-213.7463,13.0,31.81697,0.49606279999999997
-107.6979,-239.6322,13.0,38.07973,0.3563545
-94.12183,-265.8798,13.0,42.46856,0.1185444
-64.64789,-270.0208,13.0,42.60537,-0.015856600000000002
-49.41745,-244.1229,13.0,43.77248,0.1927204
-46.58933,-210.5301,13.0,41.72087,-1.499795
-31.2311,-183.12400000000002,13.0,45.47974,0.1985713
-6.145027,-157.2318,13.0,51.46257,0.4441974
9.947678999999999,-125.5537,13.0,45.07864,-0.05445211
-5.579599,-104.3352,13.0,30.772209999999998,-0.5162589
-7.407959,-83.18225,13.0,33.19986,0.5220202
-5.689789,-56.141940000000005,13.0,39.937740000000005,0.48427250000000005
-4.849141,-24.19485,13.0,46.28015,0.2287054
-4.029293,12.32295,13.0,52.060520000000004,0.150582
-18.30411,40.21618,13.0,34.64845,-1.004678
-34.10282,37.05981,13.0,13.59087,-0.5212018
-35.10136,32.58591,13.0,0.08110681,0.02458719
-35.15025,32.592490000000005,13.0,0.06872524,0.02357519
-34.847840000000005,33.39849,13.0,4.523996,0.5671841
-33.6086,39.46366,13.0,11.829889999999999,0.3793007
-32.255179999999996,44.63272,13.0,2.0181459999999998,-0.7082143
-33.05721,43.08482,13.0,6.494555999999999,0.5728241999999999
-40.18052,41.57761,13.0,14.13345,0.2781474
-52.821940000000005,44.9832,13.0,21.205389999999998,0.4880499
-70.94104,44.11843,13.0,27.7842,0.473096
-93.68041,41.98291,13.0,33.91693,0.432033
-120.8944,42.144290000000005,13.0,39.32224,0.3211372
-144.9032,27.16834,13.0,38.089859999999994,-0.02027052
-146.9763,-1.592484,13.0,41.91707,0.38559629999999995
-144.811,-34.38242,14.0,45.680279999999996,-0.17416210000000001
-158.4325,-57.37641,14.0,30.169,-0.36129659999999997
-159.5631,-73.03107,14.0,24.895039999999998,0.35232340000000006
-139.8404,-75.56684,14.0,30.281029999999998,0.2145061
-118.1935,-84.67667,14.0,34.71504,0.1434332
-109.7487,-109.1313,14.0,37.54468,0.150726
-126.7884,-130.5387,14.0,39.11678,-0.3623323
-145.9197,-125.1141,14.0,20.27945,-1.645114
-145.9438,-119.86200000000001,14.0,1.691097,0.1553412
-146.8509,-118.7897,14.0,1.8227630000000001,-0.02923272
-147.6552,-117.9402,14.0,1.390959,-0.01981421
-149.8076,-117.20700000000001,14.0,3.951744,-0.01222773
-150.459,-117.245,14.0,3.7981589999999996,0.6786789000000001
-146.0005,-113.2551,14.0,12.4312,0.5741094
-146.4317,-101.9116,14.0,19.51568,0.21684009999999998
-161.0247,-97.90632,14.0,24.25657,0.12680919999999998
-167.8658,-114.9109,14.0,29.08093,0.25907820000000004
-166.3747,-139.0264,14.0,36.09575,0.5085251000000001
-166.6857,-168.2711,14.0,42.82349,0.47190829999999995
-167.2785,-202.3405,14.0,49.122890000000005,0.4360912
-164.4033,-239.7652,14.0,47.10758,-0.8446406999999999
-145.664,-254.804,14.0,20.05555,-2.29918
-141.725,-251.1376,14.0,4.030739,-0.07979608
-140.4186,-248.9156,14.0,5.902127,0.27862729999999997
-133.7417,-248.9573,14.0,13.03195,-0.5262852
-124.2053,-251.5299,14.0,11.7733,-0.1831844
-121.0558,-244.7411,14.0,13.81736,0.4725695
-124.5187,-231.63099999999997,14.0,22.3508,0.5608390999999999
-126.9679,-212.4336,14.0,29.87453,0.5468670999999999
-126.7242,-187.9805,14.0,34.07313,-0.7968065
-109.6659,-180.5482,14.0,22.4093,-0.8330190999999999
-105.7501,-199.7499,14.0,36.228770000000004,0.7343932
-107.1729,-234.0462,14.0,55.866569999999996,1.257552
-89.73031999999999,-268.4005,14.0,46.57727,-1.255088
-57.771930000000005,-266.8687,14.0,45.01814,-0.5169455
-48.67155,-237.4545,14.0,44.899609999999996,0.44990340000000006
-43.91238,-203.5035,14.0,48.9673,0.1663927
-20.1789,-173.8915,14.0,54.131409999999995,0.43526220000000004
7.017696000000001,-143.3082,14.0,53.40106,-2.005925
4.800092,-117.7079,14.0,27.568209999999997,-0.2342431
-5.116793,-100.1653,14.0,30.70255,0.45765020000000006
-4.908778,-74.96764,14.0,37.47022,0.5041037
-2.759995,-44.74921,14.0,44.08925,0.22889879999999999
-2.285193,-9.768068,14.0,50.31643,0.44354979999999994
-6.713171000000001,28.00277,14.0,47.25285,-1.0939299999999998
-33.41049,42.66055,14.0,43.61047,0.363682
-67.96985,40.326859999999996,14.0,49.66338,0.4417184
-106.9234,40.851240000000004,14.0,55.4795,0.40670959999999995
-140.24,34.94005,14.0,35.57598,-0.8328386000000001
-144.8216,21.9753,14.0,2.854511,-1.177675
-142.482,23.90321,14.0,4.955436,-0.3315177
-141.3818,25.3128,14.0,3.329076,0.6979759
-145.0205,21.802429999999998,14.0,9.733549,0.3141157
-149.5608,22.046120000000002,14.0,1.089164,-0.6991286999999999
-147.2706,20.63368,14.0,8.247525,0.32867609999999997
-141.9456,13.106689999999999,14.0,16.837629999999997,0.30278190000000005
-140.8542,-2.274501,14.0,24.95423,0.5710677
-143.0393,-23.59764,14.0,32.65683,0.27862709999999996
-141.8966,-36.91557,1.0,8.206639,0.6760393
-143.7268,-46.12233,1.0,17.15652,0.607707
-155.4648,-56.345180000000006,1.0,25.39215,0.5968485
-161.5201,-72.87761,1.0,26.04283,-0.15431910000000001
-146.0888,-72.18423,1.0,25.69942,0.5169621
-135.8782,-68.27703000000001,1.0,0.2643326,0.1593365
-135.8578,-68.27960999999999,1.0,0.0259356,0.0001373922
-135.8393,-68.28223,1.0,0.02856171,-0.004688662
-135.8247,-68.28449,1.0,0.10744680000000001,0.3751248
-136.0231,-70.86845,1.0,4.646749,-0.02441955
-135.6569,-74.08700999999999,1.0,4.0051440000000005,-0.03682789
-136.761,-76.41790999999999,1.0,2.5542860000000003,-0.4737605
-135.0442,-75.45503000000001,1.0,7.279748,0.6285493000000001
-126.515,-75.80821,1.0,15.99521,0.5954520000000001
-116.536,-85.62003,1.0,23.365479999999998,0.5535669
-110.1799,-104.6228,1.0,30.571990000000003,0.40717259999999994
-118.786,-126.9254,1.0,35.69703,0.2681766
-141.9654,-130.6502,1.0,27.61941,-0.5493714
-143.5414,-116.2778,1.0,22.77541,0.2501221
-138.4574,-108.7095,1.0,0.02139268,-0.01262863
-138.4583,-108.7269,1.0,0.02939361,0.02912721
-138.4755,-108.7354,1.0,0.49303279999999994,0.8321495999999999
-142.4842,-108.2786,1.0,8.302527,0.04710329
-145.7265,-110.8351,1.0,0.30237359999999996,0.6038513000000001
-144.4753,-107.4727,1.0,9.294005,0.6496794
-148.0025,-98.6872,1.0,17.19122,0.242256
-160.0263,-96.66957,1.0,15.34038,-0.3319758
-166.3526,-106.4396,1.0,22.46255,1.197646
-169.285,-127.6858,1.0,35.00844,0.8245478999999999
-163.9392,-154.9306,1.0,39.94852,-0.8180786
-165.9376,-180.6787,1.0,31.495859999999997,-0.46331769999999994
-167.7593,-205.4893,1.0,41.145990000000005,0.12003339999999998
-166.2224,-233.9812,1.0,34.91274,-0.5660493000000001
-154.1775,-250.4113,1.0,25.35616,0.02188507
-133.7119,-248.1013,1.0,31.097140000000003,0.393723
-122.2677,-232.7872,1.0,23.22468,-0.1869231
-131.03,-218.0548,1.0,21.95332,-0.1201646
-122.9724,-204.4717,1.0,18.91551,-0.4607853
-124.9599,-191.5351,1.0,16.425810000000002,-0.3605649
-117.7784,-183.9132,1.0,19.24928,0.3626162
-110.7404,-192.9388,1.0,15.436620000000001,-0.1335267
-110.0546,-203.5278,1.0,14.32435,0.3327796
-109.0885,-217.62099999999998,1.0,23.06906,0.5549151
-106.9859,-237.4106,1.0,30.60967,0.5414838000000001
-98.57249,-260.7084,1.0,36.577009999999994,0.32915700000000003
-73.6908,-271.2989,1.0,39.32805,0.03625537
-53.06136,-252.7994,1.0,39.669779999999996,0.0028673870000000003
-49.98294,-222.1201,1.0,44.28455,0.3284511
-33.30449,-191.7939,1.0,49.48623,0.393407
-7.861586999999999,-162.469,1.0,55.22289,0.3965276
11.831560000000001,-125.8129,1.0,52.41195,-2.474218
10.44873,-104.897,1.0,6.237033,-2.895225
9.769622,-104.25,1.0,0.3834151,0.0154495
10.75259,-104.8966,1.0,4.788083,0.42250479999999996
15.45631,-107.2562,1.0,8.473109,-0.03439616
18.51163,-106.9247,1.0,0.6713081,0.35162899999999997
14.91339,-108.1093,1.0,9.41629,0.3012825
5.957025,-112.0857,1.0,16.1727,0.3737288
-0.16335479999999997,-102.4157,1.0,20.845229999999997,0.5184376
-0.2015469,-84.76632,1.0,27.47604,0.24979179999999995
-5.13143,-62.4782,1.0,34.233109999999996,0.24710029999999997
-6.059966999999999,-34.664840000000005,1.0,40.85542,0.46949840000000004
-6.321937,-2.062358,1.0,47.072140000000005,0.434938
-8.921062,32.87556,1.0,41.615629999999996,-0.8475339
-21.96116,44.30669,1.0,13.11155,-0.08263893
-31.927090000000003,37.931709999999995,1.0,19.76292,0.23861529999999997
-49.12966,39.59856,1.0,26.99635,0.266522
-71.72523000000001,39.525040000000004,1.0,34.00309,0.5029755
-99.41153,39.85456,1.0,40.656659999999995,0.4646026
-131.1143,40.214729999999996,1.0,39.22951,-0.8305695
-144.3707,26.94492,1.0,16.1841,-1.694654
-138.2317,24.581129999999998,1.0,10.14789,0.002947335
-137.7518,24.23999,1.0,0.05980537,0.002043301
-137.7724,24.21084,1.0,0.502278,0.15483110000000003
-141.4004,24.57978,1.0,8.410996,0.3544864
-148.744,24.62012,1.0,8.518873,-0.7716811
-151.1549,25.396179999999998,1.0,1.253267,0.3995989
-148.1443,22.84593,1.0,9.510542999999998,0.5677962
-148.4798,13.518670000000002,1.0,16.71885,0.5035092999999999
-151.2836,-0.3086645,1.0,22.72954,0.4971108
-146.9573,-19.11811,1.0,29.369059999999998,0.4632106
-147.751,-42.7504,2.0,33.72617,-0.1877934
-165.6629,-58.127430000000004,2.0,31.07606,-0.6996883
-160.114,-72.93706999999999,2.0,16.7058,-1.507455
-155.7296,-68.52503,2.0,0.37010329999999997,0.1029911
-155.6913,-68.52785,2.0,0.03980209,-0.02593489
-155.864,-69.11332,2.0,3.597682,0.4882287
-156.3665,-72.7321,2.0,4.958508,-0.046515100000000004
-156.9866,-75.15581999999999,2.0,0.5967963000000001,0.7641528000000001
-153.7768,-72.98175,2.0,10.04267,0.6517286
-144.3117,-76.3832,2.0,18.3598,0.31262270000000003
-131.2266,-82.55502,2.0,18.65437,-0.1349545
-119.2374,-88.16332,2.0,22.004820000000002,1.319763
-110.5501,-106.9527,2.0,31.0479,-0.12527839999999998
-122.0596,-126.917,2.0,32.89828,-0.04759627
-142.7549,-127.6825,2.0,23.29735,-1.195876
-140.9268,-114.1074,2.0,23.35194,0.22902729999999996
-144.2858,-102.1011,2.0,19.3951,0.14562999999999998
-158.7947,-104.2806,2.0,18.772660000000002,-0.4866732
-161.1559,-116.2959,2.0,16.761020000000002,0.04653832
-164.523,-129.8913,2.0,22.81806,0.5637149
-165.3254,-149.6662,2.0,30.65342,0.268406
-165.4537,-175.2591,2.0,38.13157,0.2758994
-165.8777,-206.1374,2.0,45.15221,0.2363495
-163.9125,-240.3114,2.0,35.76356,-3.4923059999999997
-151.0715,-251.7345,2.0,24.72808,0.5685943
-130.4832,-249.6006,2.0,30.176440000000003,-0.34518499999999996
-127.6495,-232.1379,2.0,27.01127,0.2809522
-125.7814,-208.8154,2.0,35.50586,0.5156467
-124.2011,-185.9754,2.0,15.90174,-2.4872549999999998
-115.6517,-184.6706,2.0,15.1361,0.4724492
-110.5492,-196.7183,2.0,22.4838,0.5954245
-108.8802,-216.2846,2.0,30.48807,0.5667766
-105.1982,-241.4074,2.0,37.909909999999996,0.5025231
-90.61755,-266.9745,2.0,42.12686,-0.08254886
-62.2066,-265.5026,2.0,41.35842,0.126002
-48.80687,-239.0517,2.0,42.871179999999995,0.4037665
-45.72094,-205.5729,2.0,48.10018,0.18947429999999998
-22.72674,-176.6568,2.0,53.15298000000001,0.45341450000000005
3.6813089999999997,-145.1233,2.0,53.41121,-1.2616319999999999
6.596158999999999,-123.6975,2.0,17.37265,-0.06903353
-4.050044000000001,-111.6372,2.0,25.546870000000002,0.2343868
-6.801551,-90.41586,2.0,32.825829999999996,0.2742115
-6.751435000000001,-63.357240000000004,2.0,40.169509999999995,0.5122485
-6.91955,-31.00463,2.0,47.071979999999996,0.5081321
-7.346378,6.265912999999999,2.0,53.5092,0.2210183
-14.4167,40.77367,2.0,35.82077,-1.370633
-26.01081,45.819379999999995,2.0,1.799298,-1.201239
-25.93481,42.271190000000004,2.0,9.301412,0.29696409999999995
-34.78105,40.64335,2.0,17.40105,0.6025863
-49.30164,46.66992,2.0,24.936220000000002,0.4346831
-70.23663,43.50898,2.0,32.48867,0.5824915
-97.03806999999999,41.50175,2.0,39.79719,0.49804840000000006
-128.9518,39.56856,2.0,46.46673,0.348447
-150.3091,24.38873,2.0,23.29005,-2.382283
-149.059,19.15484,2.0,4.219218,0.6659792
-143.8691,16.81905,2.0,12.68276,0.31857199999999997
-146.5056,5.293895,2.0,20.66041,0.3035695
-149.8086,-10.797039999999999,2.0,26.45437,0.570371
-146.0275,-32.7292,2.0,33.708059999999996,0.45445329999999995
-143.5783,-41.089259999999996,3.0,11.505289999999999,-0.02838313
-149.065,-49.34771,3.0,18.263460000000002,0.05182744
-160.1486,-53.92553,3.0,14.71734,-0.1280898
-166.5741,-59.92926,3.0,10.8117,-0.09106286
-164.2641,-67.19638,3.0,12.98156,0.6689923000000001
-153.4408,-72.41123,3.0,20.687179999999998,0.5670128000000001
-135.4481,-73.59435,3.0,28.27243,0.5374107
-117.2338,-83.61885,3.0,25.67475,-0.1923941
-108.2474,-99.00738,3.0,27.68188,0.6465006
-110.5793,-118.9198,3.0,24.6892,-0.3972386
-121.2834,-130.8237,3.0,19.78444,0.08703246
-137.7341,-132.1879,3.0,22.27669,-0.3032897
-145.1367,-114.2441,3.0,31.457759999999997,-0.6760616
-157.7553,-103.4304,3.0,16.08931,-0.4957612
-166.3574,-113.2133,3.0,22.568360000000002,0.27389709999999995
-168.8242,-132.7388,3.0,30.53257,0.5789234999999999
-169.1953,-158.0277,3.0,37.79247,0.5345728
-167.2251,-188.5054,3.0,44.68063,0.2482134
-163.9871,-223.8456,3.0,49.84045,-0.1306766
-157.0166,-255.2585,3.0,35.84483,-1.491846
-137.7805,-255.1469,3.0,27.152079999999998,0.2474045
-125.1642,-236.6794,3.0,33.13404,0.09160221
-128.47799999999998,-210.7245,3.0,36.68546,-0.520612
-125.0815,-185.8452,3.0,30.382009999999998,-0.4206851
-110.5737,-180.4088,3.0,21.30325,-0.2017611
-110.0907,-196.5229,3.0,25.71515,0.407084
-104.7594,-217.3376,3.0,31.647890000000004,0.01157016
-105.9456,-239.045,3.0,27.55865,0.09547025
-102.1407,-262.4583,3.0,36.46893,0.08622903
-78.43873,-270.7393,3.0,37.61395,0.2926239
-60.58302,-268.5566,3.0,13.295470000000002,-0.5019467000000001
-56.169819999999994,-266.6627,3.0,0.48394079999999995,-0.7340316
-57.144740000000006,-267.3568,3.0,0.7895291999999999,-0.12376010000000001
-56.1934,-266.4993,3.0,4.988287000000001,0.40950349999999996
-52.8395,-262.8,3.0,7.854284,0.035116900000000006
-48.302,-263.5206,3.0,2.6859610000000003,-0.4004905
-49.0913,-262.0135,3.0,6.816025,0.3065751
-49.78709,-254.0801,3.0,15.03159,0.28728940000000003
-46.25867,-240.4441,3.0,22.8375,0.28239440000000005
-43.55774,-220.9752,3.0,30.16044,0.49376369999999997
-40.38485,-196.2159,3.0,36.82692,0.29130890000000004
-23.35755,-173.8372,3.0,41.348490000000005,0.48316279999999995
-4.480551999999999,-155.9523,3.0,24.30113,-0.5289368
7.974330999999999,-145.7581,3.0,19.24793,-0.3659698
11.75094,-134.2703,3.0,14.59405,-0.2658673
7.238175999999999,-123.1897,3.0,19.874579999999998,0.2737139
-2.788449,-109.0158,3.0,27.14043,0.5195004
-9.515594,-87.28398,3.0,33.98918,0.22313609999999998
-9.830478,-59.79144,3.0,40.39427,0.23139179999999995
-5.175625,-27.74655,3.0,47.07889,-0.24838939999999998
-3.523278,2.8632169999999997,3.0,29.9935,-1.2793290000000002
-4.714894999999999,14.2074,3.0,3.768123,-0.4037595
-5.570659,18.854229999999998,3.0,10.85454,0.6109444
-8.755527,29.4889,3.0,19.043979999999998,0.27822199999999997
-20.58233,40.867740000000005,3.0,26.147920000000003,0.2690343
-41.694359999999996,44.86919,3.0,32.7176,0.5261288000000001
-68.52965,44.59106,3.0,39.60167,0.49633940000000004
-100.2038,42.62373,3.0,46.06215,0.2234361
-133.2244,38.47083,3.0,40.13986,-0.7369576999999999
-150.42600000000002,20.59301,3.0,32.703829999999996,-0.20857529999999996
-143.7421,-3.193851,3.0,35.58783,0.4231352
-144.4192,-31.80415,3.0,41.75656,0.4589573
-152.5095,-53.47156999999999,4.0,19.62344,-0.26289840000000003
-166.1112,-56.3853,4.0,19.13948,-0.01014422
-163.1525,-69.11694,4.0,23.04579,0.5007769
-144.5263,-72.51302,4.0,29.462190000000003,0.23546430000000002
-122.2467,-80.684,4.0,35.381640000000004,0.3607772
-108.2745,-104.2259,4.0,39.15157,-0.23932289999999998
-120.2464,-128.5958,4.0,37.30357,-0.04215289
-142.9332,-127.1662,4.0,30.79395,-0.4265223
-144.8035,-105.3596,4.0,30.36774,-0.1834565
-156.9142,-99.4519,4.0,17.61124,0.5948076
-166.4175,-111.939,4.0,25.514229999999998,0.5248435
-169.7451,-133.3031,4.0,32.78857,0.26328720000000005
-169.268,-159.9728,4.0,39.47258,0.5011189
-166.4547,-191.5673,4.0,45.99303,0.4751603
-163.4255,-227.4699,4.0,48.78518,-0.2777447
-157.9757,-251.6518,4.0,20.53313,-0.4094328
-144.6657,-257.8449,4.0,22.85526,0.5097389
-130.3018,-249.8056,4.0,26.620929999999998,0.489568
-125.0787,-227.9486,4.0,33.4913,0.3745981
-128.8327,-201.2462,4.0,39.46264,0.33001379999999997
-116.3692,-177.5959,4.0,34.49993,-0.1615568
-99.39625,-185.79,4.0,24.15415,-0.5349957
-110.488,-195.63,4.0,23.93573,0.132678
-114.5549,-201.5521,4.0,0.01933733,-0.0127936
-114.5549,-201.553,4.0,0.01157384,-0.01568591
-112.6967,-201.7587,4.0,5.189487000000001,0.3050604
-109.7394,-198.78,4.0,3.675567,-0.6492053000000001
-109.6305,-199.0389,4.0,4.109882,0.26415259999999996
-108.6427,-204.6576,4.0,11.197000000000001,0.48505159999999997
-106.5086,-215.2639,4.0,17.81703,0.2356244
-105.1749,-230.6923,4.0,23.95929,0.4365835
-105.4124,-250.5629,4.0,29.41667,0.1565776
-92.82229,-269.2367,4.0,32.816990000000004,0.1247414
-68.1828,-269.8364,4.0,35.91101,0.1332
-49.84404,-251.4084,4.0,36.871340000000004,0.07518129
-48.787290000000006,-222.3355,4.0,41.159690000000005,0.1196859
-38.777879999999996,-191.9623,4.0,45.24187,0.10261079999999999
-15.396770000000002,-167.2995,4.0,46.04923,-0.1972126
3.7945910000000005,-149.6794,4.0,22.62102,-0.4937379
12.4423,-138.3996,4.0,16.15351,-0.2271647
8.040447,-124.4778,4.0,24.6123,0.3910537
-3.849975,-108.154,4.0,29.91218,0.3726312
-9.858996000000001,-84.80714,4.0,35.11551,0.3560339
-9.765025,-57.0341,4.0,40.00786,0.33392890000000003
-4.13658,-26.12238,4.0,44.73753,0.3422384
-2.39922,8.301598,4.0,48.397259999999996,0.1046331
-12.0678,34.35157,4.0,27.8658,0.15023870000000003
-31.96603,43.513490000000004,4.0,32.34898,0.34243979999999996
-57.75731,43.28188,4.0,37.44403,0.1781545
-87.40395,43.07005,4.0,42.38449,0.1612946
-119.1838,40.11411,4.0,40.63966,-1.355061
-138.5483,36.597970000000004,4.0,14.02835,-0.03028538
-146.5697,26.872429999999998,4.0,20.426070000000003,0.42870280000000005
-147.5184,9.749571000000001,4.0,26.14037,0.2121649
-143.2198,-11.284310000000001,4.0,31.79151,0.39210959999999995
-142.759,-36.165820000000004,5.0,32.67942,-0.3707935
-155.3979,-51.96241,5.0,27.516820000000003,0.30226479999999994
-168.7452,-64.13604000000001,5.0,19.589760000000002,-0.5592423000000001
-158.5972,-69.61287,5.0,15.751270000000002,0.1828068
-143.7679,-72.17205,5.0,24.027720000000002,0.4310899
-124.7601,-78.05705,5.0,29.662409999999998,0.3609245
-108.9822,-94.64238,5.0,33.32882,0.07332201
-111.725,-119.0612,5.0,33.26112,-0.13202039999999998
-128.4279,-133.0929,5.0,27.275409999999997,-0.6913376999999999
-141.9157,-124.1104,5.0,24.2354,0.37499970000000005
-149.6718,-106.0745,5.0,29.271240000000002,0.3070138
-165.0463,-102.7419,5.0,16.66635,-1.002251
-164.6344,-114.7739,5.0,18.25629,0.6787474
-167.3508,-131.6459,5.0,28.91289,0.6459983
-168.6638,-160.0487,5.0,45.26747,0.2954113
-164.4644,-195.4322,5.0,51.34919,0.2441236
-164.1968,-226.707,5.0,26.14612,-2.358013
-162.8777,-242.0003,5.0,17.86605,-0.43519350000000007
-158.1233,-252.4082,5.0,15.43348,0.5416576
-144.8647,-260.1727,5.0,25.32583,0.16507049999999998
-129.0037,-247.9449,5.0,33.77814,1.001686
-126.0573,-219.4585,5.0,41.6976,-0.7580588
-128.6548,-195.8212,5.0,20.96236,-0.4820397
-123.2287,-184.27700000000002,5.0,15.49295,0.3288866
-108.7773,-183.9532,5.0,24.28095,0.0641402
-102.4646,-201.1473,5.0,29.600140000000003,0.8943614
-104.0637,-226.3005,5.0,36.75374,0.1763171
-105.1939,-252.6339,5.0,32.13922,-0.5859579
-92.9266,-269.5988,5.0,30.84828,0.1296023
-69.09549,-270.4586,5.0,34.81855,0.1303841
-51.47505,-252.3919,5.0,36.683640000000004,0.2881998
-47.23964,-223.6342,5.0,41.48706,0.3487436
-39.81362,-192.1926,5.0,45.71419,0.09273419
-17.47128,-165.9818,5.0,47.63714,0.04995031
-1.9445860000000001,-155.4555,5.0,13.480920000000001,-0.1788276
4.811923999999999,-150.6507,5.0,9.035202,-0.1542125
8.945689999999999,-146.8705,5.0,8.197464,0.5059176999999999
12.99972,-139.4029,5.0,14.82971,0.2253721
10.03337,-126.7904,5.0,20.79322,0.2175894
-0.4390236,-112.6743,5.0,26.59795,0.201494
-8.227015,-92.40103,5.0,32.02187,0.19227070000000002
-10.54395,-66.96964,5.0,37.05555,0.35746279999999997
-5.684392,-38.10533,5.0,41.93026,0.3463319
-1.46959,-5.629534,5.0,45.94624,-0.5277947
-4.857739,20.235,5.0,20.60185,-3.6020019999999997
-8.252222,28.44132,5.0,14.38815,0.236008
-16.31004,38.48133,5.0,20.49543,0.20937350000000002
-32.313629999999996,44.68083,5.0,26.16093,0.4345872
-53.76344,45.19962,5.0,31.78533,0.392437
-79.3153,44.340070000000004,5.0,37.11625,0.3618845
-108.5689,42.21252,5.0,42.03301,0.05468802
-133.3194,39.350159999999995,5.0,19.04721,-3.407171
-144.8704,29.646759999999997,5.0,23.8259,0.1647108
-147.8622,10.43277,5.0,29.085240000000002,0.37153270000000005
-142.9698,-12.58233,5.0,34.40595,0.3638849
-143.1602,-36.87359,6.0,23.348860000000002,-2.678557
-147.2915,-46.946459999999995,6.0,16.07133,1.0036889999999998
-158.1757,-54.764469999999996,6.0,16.83181,-0.38982740000000005
-165.99099999999999,-60.99305,6.0,12.507660000000001,0.5398811
-160.2311,-71.57293,6.0,22.60086,0.7238015999999999
-139.5455,-71.70591999999999,6.0,34.863659999999996,0.6631773
-114.6135,-85.51128,6.0,41.67409,-0.19647579999999998
-112.7798,-110.4436,6.0,25.74731,-1.143625
-117.34299999999999,-120.2814,6.0,11.77176,0.42949490000000007
-122.9818,-131.3135,6.0,18.051379999999998,-0.27249809999999997
-135.8857,-133.0796,6.0,21.30775,0.4085824
-144.7445,-118.8405,6.0,26.94414,0.540918
-149.1422,-105.279,6.0,8.016985,-0.1419989
-154.5095,-101.5661,6.0,12.45289,0.3396099
-164.6764,-103.6459,6.0,15.551670000000001,0.09693769
-167.3869,-117.9577,6.0,26.141820000000003,0.5241355999999999
-168.9565,-142.4533,6.0,39.306740000000005,0.8562405999999999
-168.0938,-175.74599999999998,6.0,50.31277,0.6997721
-164.2327,-215.09099999999998,6.0,51.52413,-0.6976873
-162.2648,-248.2649,6.0,36.808040000000005,-0.6993718000000001
-145.7031,-258.1725,6.0,22.970979999999997,-0.2594396
-132.0122,-252.5033,6.0,21.11287,0.7440237
-125.3351,-235.3257,6.0,27.912640000000003,0.3983946
-126.5269,-212.7771,6.0,33.21937,0.24998979999999996
-127.8481,-188.2621,6.0,25.38259,-2.6215889999999997
-116.7978,-182.2221,6.0,20.23594,0.3784962
-104.7609,-192.5814,6.0,24.7063,0.173155
-102.7947,-212.6841,6.0,30.110229999999998,0.38786170000000003
-105.4956,-236.8547,6.0,35.482009999999995,0.1737278
-101.7121,-264.0875,6.0,38.380759999999995,-0.22910429999999996
-78.66212,-271.7147,6.0,30.927229999999998,-0.30207849999999997
-59.3461,-266.3225,6.0,23.36344,-0.564012
-49.50465,-252.30599999999998,6.0,28.09283,0.3939827
-45.752790000000005,-229.6665,6.0,33.59876,0.37348899999999996
-42.76464,-203.0112,6.0,38.76461,0.34094240000000003
-29.85792,-176.9386,6.0,41.22684,0.2611185
-6.598514999999999,-159.7005,6.0,28.466309999999996,-1.183607
3.507941,-152.0203,6.0,12.27689,-0.1224614
10.01961,-145.579,6.0,13.568570000000001,0.2309288
12.63315,-133.6803,6.0,21.05561,0.29310490000000006
1.862009,-118.1212,6.0,32.302690000000005,1.057248
-8.350996,-91.3965,6.0,46.04428,1.007093
-8.663495,-52.67063,6.0,58.29948,0.8079179
-1.252062,-8.449703999999999,6.0,59.48137,-0.5707076999999999
-5.943498,21.834329999999998,6.0,22.71423,-0.38377009999999995
-13.423820000000001,36.00538,6.0,23.86285,0.5213840000000001
-32.60122,44.5811,6.0,34.68103,0.9751673000000001
-63.698980000000006,44.80769,6.0,49.52301,0.5085132
-105.0677,42.804320000000004,6.0,54.95126,-3.5417160000000005
-126.37799999999999,39.50316,6.0,14.14935,-0.1834895
-136.7015,37.21743,6.0,19.6034,1.288931
-147.2564,24.78472,6.0,25.4845,0.3407437
-146.4041,3.977547,6.0,30.944309999999998,0.1834171
-141.3938,-20.49578,6.0,36.17198,0.28371609999999997
-142.0254,-36.107479999999995,7.0,9.124417,0.5161840999999999
-144.4517,-45.01952,7.0,15.7453,0.44423549999999995
-155.4422,-52.812780000000004,7.0,21.54716,0.2239178
-167.8229,-63.144619999999996,7.0,20.25787,-0.6248093000000001
-164.3839,-74.47705,7.0,15.855329999999999,0.19253889999999999
-152.1043,-76.42882,7.0,19.21694,0.29938790000000004
-137.6309,-73.12980999999999,7.0,21.01974,0.10457799999999999
-121.4538,-77.72371,7.0,27.29376,0.5869345
-108.7603,-95.38646999999999,7.0,31.83503,0.23010360000000002
-113.0249,-119.2722,7.0,35.0684,0.1673096
-135.692,-131.8207,7.0,35.32613,-1.128541
-147.3401,-121.2756,7.0,14.60663,-1.2275040000000002
-142.9955,-114.1225,7.0,13.84411,1.045046
-148.5078,-103.573,7.0,16.44901,0.02259292
-161.2157,-103.1315,7.0,20.9032,0.10480489999999999
-166.3276,-116.6401,7.0,19.8585,0.175718
-166.4292,-133.7593,7.0,27.54983,1.032989
-169.2997,-159.3592,7.0,41.82826,0.98892
-169.9369,-194.9452,7.0,53.89134,0.3977675
-168.0572,-233.4894,7.0,45.801140000000004,-1.8714490000000001
-154.7859,-253.2889,7.0,26.683609999999998,-0.7430471
-137.744,-253.3796,7.0,21.9906,0.3508071
-126.1435,-241.91400000000002,7.0,25.97942,0.555751
-126.0276,-219.1841,7.0,33.64994,0.19332929999999998
-125.9933,-192.3421,7.0,38.13179,-0.09256881
-116.7466,-179.7185,7.0,13.7693,-0.4626001
-109.9091,-189.4326,7.0,20.7937,0.4352038
-108.8861,-207.0461,7.0,26.78148,0.42160329999999996
-108.5814,-228.9846,7.0,32.39869,0.18793220000000002
-104.4461,-254.2014,7.0,36.81666,0.2398009
-83.52635,-271.9199,7.0,39.20924,0.09832441
-56.91283000000001,-264.4019,7.0,39.3218,0.005051505
-49.40359,-236.4579,7.0,41.7229,0.1709906
-43.95923,-204.72400000000002,7.0,45.1056,0.01787376
-21.75335,-178.28799999999998,7.0,48.91615,0.3270665
2.54795,-149.5672,7.0,47.79598,-1.071166
8.491024000000001,-126.4822,7.0,23.40919,-0.3280329
-2.824583,-109.848,7.0,31.137079999999997,0.4899983
-5.011449,-82.91193,7.0,45.12273,1.360851
-0.7529978,-43.296440000000004,7.0,61.98035,1.098584
-2.053048,5.534023,7.0,62.733819999999994,-0.9936812
-11.9071,39.0729,7.0,33.16888,-0.6136249
-34.59653,40.89549,7.0,37.341359999999995,1.063723
-64.44033,40.43845,7.0,42.69004,0.3570213
-97.79016,40.781459999999996,7.0,47.34492,0.35543359999999996
-133.8363,39.61613,7.0,46.41822,-3.027454
-147.3516,22.51759,7.0,28.72557,0.3324557
-145.2692,-0.7246433000000001,7.0,34.119640000000004,0.1924725
-145.6138,-27.92357,7.0,39.290259999999996,0.3632927
-155.9945,-53.73709,8.0,35.70932,-0.4863705
-168.43099999999998,-67.30463,8.0,21.10216,0.6769666999999999
-155.9178,-78.93768,8.0,27.75362,0.2346305
-133.6608,-77.28562,8.0,32.33709,0.1493889
-114.4449,-91.76585,8.0,35.101009999999995,0.1855437
-113.1696,-117.631,8.0,37.03284,0.01709565
-135.3458,-132.0957,8.0,34.64108,-1.737866
-146.6517,-127.4359,8.0,2.5951400000000002,-0.5308172
-143.4655,-124.7189,8.0,9.524676,0.24797170000000002
-142.257,-115.6423,8.0,15.95774,0.2183408
-150.5802,-104.6584,8.0,21.745929999999998,0.34527779999999997
-165.7546,-106.6738,8.0,23.74382,0.1093068
-166.9003,-125.2798,8.0,28.33663,0.2106219
-168.6355,-148.1225,8.0,33.640229999999995,0.404938
-171.0549,-174.71200000000002,8.0,38.53046,0.165155
-169.1173,-205.1366,8.0,43.426159999999996,0.33916090000000004
-167.0519,-238.7705,8.0,46.37148,-0.2989301
-146.5569,-256.8736,8.0,33.61748,-1.2455180000000001
-129.7388,-244.7845,8.0,29.263209999999997,0.1057626
-127.2458,-221.3217,8.0,34.77724,0.3828356
-126.4658,-193.7467,8.0,38.673,-0.395431
-115.0523,-179.53400000000002,8.0,15.961620000000002,-0.6131677
-107.6824,-188.8085,8.0,19.94445,0.21867870000000003
-106.7213,-205.7937,8.0,25.98193,0.42589350000000004
-106.0121,-227.2375,8.0,31.66685,0.1952077
-103.3567,-252.3661,8.0,36.4783,0.24280789999999997
-84.50928,-271.568,8.0,38.521440000000005,0.07699908
-58.09028000000001,-265.2069,8.0,39.21928,0.07530360000000001
-47.450509999999994,-238.4687,8.0,41.510329999999996,0.1714716
-44.05753,-206.2282,8.0,45.63577,0.08423579
-23.17063,-179.9184,8.0,47.70967,0.3147513
0.9108213,-152.062,8.0,50.32839,-0.6625813
7.382442999999999,-123.3215,8.0,33.832409999999996,-0.227102
-6.770742,-100.1777,8.0,39.236270000000005,-0.11906769999999998
-2.941418,-70.64941999999999,8.0,42.60147,0.3435271
-1.248037,-37.37288,8.0,47.14421,0.1495678
-1.7949970000000002,-0.8262465,8.0,51.53115,0.3155442
-9.168331,34.93529,8.0,40.4247,-1.120576
-25.56017,42.29186,8.0,9.446667999999999,-1.097764
-27.31757,38.094429999999996,8.0,9.050044999999999,0.21404250000000002
-35.409259999999996,39.33402,8.0,15.351579999999998,0.4103563
-45.24487,48.48451,8.0,14.43441,-36.46545
-48.025240000000004,48.586690000000004,8.0,0.02281222,-0.01536103
-48.20458,47.96985,8.0,3.395458,0.1779098
-48.08395,44.54858,8.0,5.193573000000001,-0.07637641
-47.42496,43.5076,8.0,3.413335,0.3586409
-52.71618,46.19757,8.0,12.53622,0.6533205
-65.08379000000001,45.255,8.0,21.02965,0.297141
-83.58051,42.98028,8.0,29.10132,0.5999873
-107.8153,42.851079999999996,8.0,36.43671,0.2563129
-135.9065,40.22395,8.0,39.32948,-0.19337179999999998
-144.0518,13.896629999999998,8.0,42.03259,0.3132147
-146.6752,-20.139870000000002,8.0,48.775940000000006,-0.5146145999999999
-142.0473,-34.661770000000004,9.0,2.67872,-0.05573831
-143.0033,-38.78642,9.0,11.45531,0.6662404000000001
-147.5121,-47.681670000000004,9.0,12.83842,-0.2146313
-154.917,-52.45358,9.0,13.93397,0.7992597
-164.2162,-56.020959999999995,9.0,11.9349,-0.1259337
-166.8373,-63.28739,9.0,12.42233,0.9251060999999999
-158.1897,-72.82517,9.0,20.01472,-0.4047024
-145.049,-72.95635,9.0,16.03912,-0.2370487
-132.6378,-73.98901,9.0,22.6598,1.2666469999999999
-116.3311,-82.88919,9.0,25.904120000000002,0.07235309
-107.598,-99.85885999999999,9.0,25.58249,-0.4355991
-108.4308,-113.8442,9.0,12.31917,-0.1912307
-111.4873,-122.2236,9.0,15.6903,1.2455209999999999
-121.4677,-133.2184,9.0,20.21921,-0.3482535
-134.4049,-134.2089,9.0,15.94935,-0.21918420000000002
-143.4772,-125.6812,9.0,22.10206,0.5668272
-149.4748,-107.3415,9.0,26.695429999999998,-1.871589
-159.1725,-99.38741999999999,9.0,14.046029999999998,-0.3665893
-165.8128,-106.5238,9.0,18.56545,1.225633
-168.2553,-125.7464,9.0,33.37827,0.9678663000000001
-169.0522,-154.9791,9.0,43.8366,0.3767067
-166.4742,-188.8722,9.0,47.5742,0.19124539999999998
-163.494,-222.166,9.0,41.15119,-0.42791419999999997
-161.1729,-246.5274,9.0,26.64777,-0.5295578000000001
-149.4275,-258.8449,9.0,20.875,-0.1772716
-136.3232,-257.9475,9.0,19.572029999999998,0.9289061
-126.2717,-241.1542,9.0,33.799209999999995,0.6654876000000001
-126.5323,-214.46,9.0,35.09547,-0.47400299999999995
-128.7618,-195.1803,9.0,15.96369,-0.3392903
-126.1026,-184.9371,9.0,12.86779,-0.04022338
-114.6898,-181.92700000000002,9.0,19.36897,-0.09715314
-104.5335,-188.8818,9.0,15.114729999999998,-0.1292629
-102.4647,-202.8061,9.0,26.49363,1.159921
-104.4445,-226.6129,9.0,36.74264,0.4927891
-105.029,-253.8784,9.0,35.75658,-0.1458919
-89.49119,-272.0771,9.0,32.6614,-0.09552383
-65.91269,-269.8411,9.0,32.31046,-0.04287276
-50.82874,-251.9613,9.0,34.18414,0.1555511
-46.27773,-226.1894,9.0,36.46471,0.16635170000000002
-41.74903,-199.6565,9.0,35.0365,-0.1538253
-31.53245,-178.1747,9.0,29.5343,-0.3441896
-16.494629999999997,-165.52200000000002,9.0,24.02901,-0.3218986
-2.8534580000000003,-156.471,9.0,20.35395,-0.1524681
8.213538,-148.1026,9.0,18.677310000000002,0.3259712
12.29684,-133.0914,9.0,24.50596,0.3071777
1.050766,-116.6354,9.0,29.18972,0.06368940000000001
-8.36625,-97.03690999999999,9.0,29.9344,0.05676879
-11.302019999999999,-74.6289,9.0,32.06415,0.155609
-8.78791,-49.62379,9.0,35.088229999999996,0.05292118
-4.091273999999999,-23.581670000000003,9.0,36.28487,0.08501194
-1.9600849999999999,2.90855,9.0,32.865390000000005,-1.0840450000000001
-5.638113,22.38397,9.0,22.04799,-0.318318
-12.67487,35.49089,9.0,23.78472,0.8322769
-30.53375,44.6877,9.0,30.9505,0.4704174
-55.91599,44.03203,9.0,37.96788,0.2552093
-86.78259,44.20021,9.0,44.94642,0.503085
-121.5765,41.01027,9.0,45.75503,-0.6408203
-145.5128,30.157840000000004,9.0,34.68797,-0.07054073
-143.4088,4.368278,9.0,38.59731,0.5135605
-142.5522,-25.48292,9.0,36.67695,-0.7954093000000001
-145.8021,-41.71881,10.0,16.01047,-0.1108759
-154.3653,-52.67651,10.0,18.516479999999998,-0.3081959
-165.2033,-58.36532,10.0,14.65139,-0.3253942
-165.4339,-68.14945999999999,10.0,17.160729999999997,0.6013445
-153.8106,-73.14441,10.0,18.132379999999998,0.09673597
-140.3489,-72.71002,10.0,17.40461,-0.1721527
-125.23700000000001,-76.91693000000001,10.0,26.200039999999998,0.2745371
-109.7193,-91.80532,10.0,32.66832,0.1928435
-109.301,-117.2785,10.0,35.45989,-0.5044093
-122.2695,-131.9055,10.0,22.56063,-0.36165490000000006
-136.7198,-132.5793,10.0,17.63736,-0.326165
-144.8132,-121.4202,10.0,23.30351,0.6274436999999999
-149.6518,-105.5512,10.0,11.82324,-3.095694
-153.0571,-102.189,10.0,9.916367,0.29079479999999996
-162.5327,-101.7685,10.0,16.84885,0.44860680000000003
-167.6233,-115.07700000000001,10.0,23.372989999999998,0.4470703
-168.7465,-134.9935,10.0,30.36768,0.5040372000000001
-168.59799999999998,-159.9307,10.0,35.42723,0.2524333
-167.4469,-187.8348,10.0,39.41329,0.06150451
-164.6606,-216.3041,10.0,35.36224,-0.2757659
-163.3604,-239.7633,10.0,28.27285,-0.5049824
-155.0471,-255.5452,10.0,21.374370000000003,-0.4475693
-139.4949,-259.2286,10.0,23.9026,0.002535117
-128.2164,-245.8558,10.0,26.10386,0.24148409999999998
-124.7721,-225.8095,10.0,29.27579,0.2252199
-127.4043,-204.082,10.0,26.33509,-1.439223
-127.8885,-190.2998,10.0,15.20749,-0.31271259999999995
-122.8727,-182.6371,10.0,12.92227,0.4973209
-111.1888,-183.0685,10.0,18.3175,0.14162049999999998
-103.2288,-193.0296,10.0,18.88421,0.08161462
-103.5246,-207.9871,10.0,21.41809,0.1816325
-104.6201,-224.0551,10.0,21.73581,-0.01025119
-106.0512,-242.8796,10.0,28.837259999999997,0.2439252
-101.6578,-264.0386,10.0,29.100379999999998,-0.1905498
-80.76343,-272.5805,10.0,35.82885,0.509123
-55.4449,-262.5276,10.0,38.09981,-0.21204360000000003
-48.08795,-234.4719,10.0,42.4525,0.14934879999999998
-42.820029999999996,-203.2375,10.0,40.13143,-0.6475546
-31.842159999999996,-179.2673,10.0,31.620079999999998,-0.5606559
-16.088420000000003,-165.7183,10.0,25.00551,-0.4186072
-5.42756,-158.2739,10.0,12.86326,0.3000157
5.209887999999999,-150.5829,10.0,19.845029999999998,-0.09064871
13.33569,-138.4583,10.0,23.90464,1.0974760000000001
4.511667,-121.2244,10.0,30.05268,0.5014482
-7.589994,-100.5927,10.0,35.79569,0.447751
-10.420589999999999,-76.32144,10.0,31.542920000000002,0.22597820000000002
-8.453012,-50.63257,10.0,38.01623,0.4636157
-3.94498,-20.488570000000003,10.0,44.080490000000005,0.43004390000000003
-2.890239,13.895579999999999,10.0,48.36157,-0.02897814
-19.772270000000002,40.68815,10.0,42.62865,0.1185297
-52.21283,44.652440000000006,10.0,47.02856,0.19710139999999998
-89.07415999999999,43.936209999999996,10.0,52.35052,0.38215520000000003
-126.5735,39.80424,10.0,43.05299,-1.481185
-148.4576,24.08149,10.0,37.01187,-0.21495460000000002
-142.5964,-3.207518,10.0,40.44382,0.1628983
-143.9155,-32.44146,10.0,33.024359999999994,-0.5007868
-156.495,-54.34861,11.0,36.52678,0.2972987
-169.93900000000002,-73.5661,11.0,25.67349,-1.217167
-158.7915,-79.17088000000001,11.0,20.4746,0.1910736
-144.9911,-69.43134,11.0,25.69071,0.1256677
-126.0457,-77.83057,11.0,31.54712,0.4777696
-110.6015,-94.68857,11.0,31.88587,0.9934903
-112.5007,-119.2795,11.0,34.34735,-0.29596120000000004
-128.0582,-132.8702,11.0,27.98977,0.3441066
-144.5222,-121.1961,11.0,31.68545,0.42482650000000005
-147.6064,-103.5092,11.0,9.990542999999999,-0.2512908
-157.9272,-100.8409,11.0,20.97994,0.3028667
-166.8075,-114.4797,11.0,26.2341,0.4437235
-166.2456,-136.3592,11.0,32.90445,0.4717827
-168.4246,-162.9694,11.0,39.05247,0.4085227
-165.6428,-193.9858,11.0,45.01054,0.19373510000000002
-163.1781,-228.8038,11.0,46.58169,-0.43939209999999995
-155.3472,-254.9822,11.0,28.198970000000003,-1.296024
-135.0726,-258.0579,11.0,29.38948,-0.37948000000000004
-126.0189,-237.5472,11.0,33.74852,0.2191183
-126.9282,-210.2446,11.0,38.97074,-0.6788852
-125.0894,-184.739,11.0,30.92045,-1.0908950000000002
-108.5653,-183.4306,11.0,24.031,-0.1788524
-107.5355,-202.4554,11.0,29.16825,0.427994
-105.8928,-226.1924,11.0,35.287929999999996,0.2327634
-105.5604,-254.3193,11.0,40.472359999999995,0.1253722
-84.54289,-272.4513,11.0,39.257940000000005,0.2032213
-56.18824,-263.513,11.0,41.59572,-0.2924773
-46.394290000000005,-234.2015,11.0,44.71989,0.41893400000000003
-41.11013,-199.3603,11.0,50.09762,0.2675298
-20.43005,-169.0442,11.0,46.492979999999996,-1.303788
2.657285,-153.4686,11.0,31.92983,-0.2717565
12.23802,-135.9084,11.0,23.70606,-0.5067682
4.426205,-119.7739,11.0,27.79431,0.5078307
-6.718723,-100.0624,11.0,33.83518,0.4753633
-10.42849,-73.02776,11.0,39.9241,0.20274070000000002
-6.930416,-41.49391,11.0,45.69686,0.4406452
-1.783137,-6.025233999999999,11.0,51.031940000000006,0.1577537
-9.15056,31.35225,11.0,48.91741,-0.07396787
-38.74987,45.42433,11.0,46.58847,0.339429
-75.27248,42.20792,11.0,52.025490000000005,0.1927541
-115.3955,40.8381,11.0,53.1032,-1.049952
-146.1614,29.13048,11.0,41.82846,-0.3931757
-145.8331,0.0490867,11.0,42.24623,0.40677490000000005
-143.0739,-32.283409999999996,11.0,42.93575,-1.1044
-156.036,-52.269459999999995,12.0,27.397470000000002,0.2812372
-168.5565,-65.24709,12.0,23.38042,-0.9996579
-153.8553,-71.87185,12.0,26.471429999999998,0.49437200000000003
-132.1638,-73.28885,12.0,32.66084,0.4090449
-111.427,-88.50766,12.0,37.4999,0.2545588
-108.6916,-115.0038,12.0,32.561409999999995,-0.5729935
-123.3382,-130.0417,12.0,26.79567,-0.2560071
-140.0498,-131.4126,12.0,23.0696,0.1457361
-146.5685,-114.8435,12.0,28.11913,0.49227070000000006
-156.835,-100.5948,12.0,21.36429,-0.1308203
-167.3499,-109.2306,12.0,23.79787,0.4187717000000001
-167.1132,-132.1075,12.0,36.02274,0.1986798
-168.773,-160.8604,12.0,41.75096,0.4235473
-166.3607,-194.0207,12.0,47.57343,0.4067883
-164.3061,-231.0429,12.0,50.00612,-0.6966451
-151.3917,-257.5756,12.0,33.29571,-0.6673943
-133.0336,-250.6228,12.0,29.58134,0.3592017
-126.5934,-227.6733,12.0,35.14167,0.46549209999999996
-127.6016,-200.6893,12.0,33.96427,-0.42025779999999996
-120.2131,-180.37900000000002,12.0,28.895870000000002,-0.1799614
-106.5633,-189.5258,12.0,24.61125,0.23412870000000002
-110.4293,-209.4785,12.0,30.7037,0.23469189999999998
-109.0251,-234.6727,12.0,37.197390000000006,0.21932939999999998
-101.3973,-262.9941,12.0,41.55513,-0.1547154
-74.63286,-270.8428,12.0,40.74949,0.2150799
-47.983509999999995,-256.6022,12.0,39.31545,-0.9713948
-51.44035,-232.3462,12.0,31.781740000000003,-0.2151364
-52.90585,-218.4121,12.0,6.737938000000001,-0.8796293
-53.34846999999999,-214.9409,12.0,1.324832,-0.7209147
-52.28093,-216.9723,12.0,7.375843,0.5922323
-45.02823,-217.46599999999998,12.0,14.36694,0.46284040000000004
-41.88539,-207.2975,12.0,13.0746,-0.2529027
-41.07634,-195.6077,12.0,20.55987,0.5081838
-34.045970000000004,-179.4038,12.0,27.330470000000002,0.46144700000000005
-16.85671,-164.9019,12.0,33.72664,0.47746289999999997
5.37916,-149.8237,12.0,37.26786,-0.0655293
10.89527,-127.7021,12.0,28.49407,-0.003818044
-3.4042239999999997,-106.5835,12.0,42.15931,0.5634655
-10.63439,-71.5838,12.0,52.88645,0.32676120000000003
-4.658882,-31.05214,12.0,57.715830000000004,0.3402527
-3.132187,11.71485,12.0,51.09588,-0.9724489
-14.044870000000001,36.32613,12.0,35.34352,0.3471137
-38.89844,45.757529999999996,12.0,38.89956,0.1844711
-69.79829000000001,44.45178,12.0,44.71713,0.4280526
-104.9322,42.428470000000004,12.0,50.25597,0.42113599999999995
-140.8838,36.68592,12.0,47.4107,-0.4476281
-152.5595,16.11257,12.0,16.18591,-1.018419
-153.276,12.66821,12.0,3.6590190000000002,0.30486599999999997
-148.1814,10.5306,12.0,11.74365,0.2834127
-146.4122,-0.8013180999999999,12.0,19.4398,0.5248096
-143.6055,-17.622510000000002,12.0,26.60182,0.5161087999999999
-141.9609,-34.07983,13.0,5.119781,0.2971307
-143.6505,-40.690290000000005,13.0,13.25731,0.5943374
-151.7195,-50.09172,13.0,20.57573,0.48535790000000006
-165.9546,-60.10606,13.0,24.953129999999998,-0.7615665
-163.1082,-73.83006,13.0,17.510720000000003,-0.10681220000000001
-149.5369,-75.34895,13.0,21.741989999999998,0.41898500000000005
-135.1889,-72.26815,13.0,19.044439999999998,0.3522513
-118.8121,-77.911,13.0,26.93686,0.41772650000000006
-107.3611,-96.18822,13.0,32.45197,0.1740132
-112.6802,-120.5129,13.0,36.57262,0.27607020000000004
-136.4127,-132.3554,13.0,33.19775,-0.8552770000000001
-145.6266,-122.9931,13.0,7.861648,-0.6669541999999999
-139.7,-122.8406,13.0,10.7612,-0.34915820000000003
-139.99,-122.8335,13.0,6.362513,0.3061534
-145.1363,-126.699,13.0,9.185414999999999,-0.20667929999999995
-145.5132,-129.0022,13.0,2.0581419999999997,0.27306590000000003
-143.8639,-124.3971,13.0,11.11487,0.3116562
-139.9304,-114.0344,13.0,18.95947,0.5086752999999999
-147.5285,-99.97024,13.0,25.3423,0.29632929999999996
-164.0181,-102.5936,13.0,22.18143,-0.3824695
-167.3484,-121.3885,13.0,30.438470000000002,0.261353
-167.5091,-146.5141,13.0,37.35538,0.4992445
-167.9088,-176.7722,13.0,43.92477,0.45558339999999997
-167.9698,-211.6009,13.0,50.03239,0.19511589999999998
-162.2303,-247.7501,13.0,45.37859,-0.5238537
-135.0068,-255.9013,13.0,34.06453,-1.5214290000000001
-127.9909,-235.90400000000002,13.0,34.04189,0.7886126999999999
-127.3575,-207.0782,13.0,41.16457,0.01465192
-125.2402,-185.72299999999998,13.0,15.367779999999998,-0.1660227
-115.4716,-181.5344,13.0,17.564610000000002,0.6126246999999999
-105.6978,-193.0692,13.0,24.90127,0.49031769999999997
-105.8092,-213.9692,13.0,31.902720000000002,0.5414211
-107.6529,-239.916,13.0,38.1358,0.33405440000000003
-93.88457,-266.0861,13.0,42.47672,0.04998901
-64.37823,-269.8868,13.0,42.60263,-0.01764628
-49.39588,-243.8087,13.0,43.84389,0.4350052
-46.517590000000006,-210.2299,13.0,41.6012,-0.7328399999999999
-31.002990000000004,-182.8744,13.0,45.54907,0.4089345
-5.885509,-156.9489,13.0,51.49555,0.1987892
9.921541,-125.2261,13.0,45.040820000000004,-0.2272948
-5.733941000000001,-104.1667,13.0,30.601329999999997,-1.00696
-7.37193,-82.93878000000001,13.0,33.28275,0.5059719
-5.681504,-55.84179,13.0,40.01708,0.4716782
-4.831773,-23.85213,13.0,46.35892,0.4724702
-4.0602339999999995,12.707510000000001,13.0,52.11501,0.3230131
-18.54073,40.32606,13.0,34.47374,-1.037772
-34.12669,36.96,13.0,13.55596,-0.21155639999999998
-35.10196,32.586,13.0,0.07746992,-0.02103172
-35.15075,32.59255,13.0,0.0660437,-0.01637896
-34.83682,33.43104,13.0,4.572035,0.2898074
-33.5886,39.54783,13.0,11.86195,0.2004971
-32.25353,44.64745,13.0,1.9608990000000002,-0.3508386
-33.08825,43.04728,13.0,6.541048,0.28491059999999996
-40.283159999999995,41.60445,13.0,14.224879999999999,0.5383914000000001
-52.97786,45.00338,13.0,21.28725,0.4996784000000001
-71.14021,44.08698,13.0,27.86304,0.47950829999999994
-93.9334,41.99449,13.0,33.95066,0.21000879999999997
-121.1844,42.08842,13.0,39.37399,0.3027732
-145.0342,26.918509999999998,13.0,38.0879,-0.01197344
-146.9394,-1.8916490000000001,13.0,41.94815,0.1991971
-144.8379,-34.72625,14.0,45.66304,-0.1105759
-158.6073,-57.50966,14.0,30.042040000000004,-0.7611511
-159.4129,-73.14268,14.0,25.01081,0.6091833999999999
-139.612,-75.56873,14.0,30.35343,0.423372
-118.0167,-84.85276999999999,14.0,34.76693,0.31777459999999996
-109.7947,-109.4062,14.0,37.56915,0.1251792
-127.0514,-130.6373,14.0,39.03351,-0.5188162000000001
-145.9679,-124.9711,14.0,20.14469,-0.8193469999999999
-145.953,-119.8531,14.0,1.7067439999999998,0.0907477
-146.8593,-118.7788,14.0,1.8175689999999998,-0.03116127
-147.6636,-117.9339,14.0,1.357696,-0.1969316
-149.8375,-117.2082,14.0,3.9498889999999998,-0.01087808
-150.4333,-117.2325,14.0,3.852489,0.33094070000000003
-145.9539,-113.1783,14.0,12.47812,0.2962349
-146.514,-101.7957,14.0,19.59078,0.4537476
-161.1823,-97.99106,14.0,24.30108,0.2670757
-167.8443,-115.131,14.0,29.16763,0.504631
-166.3826,-139.2921,14.0,36.18059,0.5157742000000001
-166.6862,-168.5943,14.0,42.86095,0.22692779999999999
-167.2804,-202.7045,14.0,49.15676,0.208677
-164.2849,-240.0911,14.0,46.840759999999996,-1.556858
-145.5217,-254.7917,14.0,19.86346,-1.22743
-141.7215,-251.1078,14.0,4.004646,-0.1531764
-140.3838,-248.8887,14.0,5.990473000000001,0.5238674
-133.6526,-248.9982,14.0,13.2898,1.5401280000000002
-124.1223,-251.50099999999998,14.0,11.712530000000001,-0.3528737
-121.0728,-244.6433,14.0,13.98445,1.037635
-124.5522,-231.4687,14.0,22.44491,0.5698325
-126.9823,-212.2097,14.0,29.96316,0.529605
-126.6262,-187.7128,14.0,33.93551,-0.7425059
-109.5331,-180.6424,14.0,22.29678,-0.691329
-105.7745,-200.0089,14.0,36.486670000000004,1.59497
-107.1419,-234.4594,14.0,56.068290000000005,1.232441
-89.43032,-268.5844,14.0,46.36242,-1.2681280000000001
-57.5158,-266.6699,14.0,44.97502,-0.2726921
-48.70612,-237.1159,14.0,44.93502,0.2122757
-43.74674,-203.1806,14.0,49.0277,0.35949749999999997
-19.88522,-173.6183,14.0,54.20231999999999,0.4291705
7.194111,-142.9149,14.0,52.96856999999999,-2.407156
4.658577999999999,-117.5612,14.0,27.493240000000004,-0.4455669
-5.156901,-99.94788,14.0,30.780079999999998,0.47608469999999997
-4.884572,-74.68760999999999,14.0,37.55502,0.5066723
-2.746944,-44.41825,14.0,44.16798,0.459453
-2.292415,-9.376743,14.0,50.38837,0.41113760000000005
-6.861982000000001,28.328740000000003,14.0,47.06648,-1.093386
-33.732279999999996,42.63172,14.0,43.63856,0.171428
-68.3548,40.3241,14.0,49.73585,0.4189089
-107.3266,40.87859,14.0,55.51036,0.1910667
-140.4289,34.75796,14.0,35.294309999999996,-1.660073
-144.8067,21.96165,14.0,2.655886,-1.224198
-142.4581,23.93006,14.0,4.9357809999999995,-0.12170039999999999
-141.3954,25.29199,14.0,3.386764,0.35567940000000003
-145.0884,21.77334,14.0,9.758761,0.14986529999999998
-149.5676,22.04939,14.0,1.028653,-0.39137340000000004
-147.2215,20.59702,14.0,8.357726,0.6548779
-141.9081,12.98736,14.0,16.93714,0.5914214
-140.8609,-2.463269,14.0,25.04992,0.5635003000000001
-143.0752,-23.83811,14.0,32.74863,0.5365226
-141.8997,-36.97652,1.0,8.26405,0.3618969
-143.7866,-46.2346,1.0,17.205560000000002,0.29925100000000004
-155.6283,-56.44797,1.0,25.438679999999998,0.2779632
-161.4089,-73.03966,1.0,25.99266,-0.2813933
-145.9618,-72.04679,1.0,25.74227,0.2747934
-135.878,-68.27733,1.0,0.2702903,0.03632067
-135.8577,-68.27963000000001,1.0,0.02595936,0.0001415388
-135.8391,-68.28226,1.0,0.02689893,-0.01000695
-135.825,-68.28585,1.0,0.2349779,0.7867525
-136.019,-70.90298,1.0,4.644438,-0.01402207
-135.6588,-74.11725,1.0,3.992932,-0.07052816
-136.7752,-76.42957,1.0,2.39716,-0.92242
-134.9946,-75.43613,1.0,7.331860000000001,0.3271946
-126.3963,-75.84109000000001,1.0,16.0946,0.5809641
-116.4575,-85.76945,1.0,23.41152,0.2938137
-110.1652,-104.8532,1.0,30.639870000000002,0.4055965
-118.98,-127.1131,1.0,35.71717,0.1216317
-142.1338,-130.5287,1.0,27.43678,-1.061453
-143.4174,-116.1764,1.0,22.86349,0.5495228
-138.4574,-108.7097,1.0,0.02376733,0.01414316
-138.4583,-108.7271,1.0,0.02682713,-0.0156292
-138.4789,-108.734,1.0,0.5494643,0.3515571
-142.5437,-108.2943,1.0,8.303291,0.004507622
-145.725,-110.8329,1.0,0.41902559999999994,0.6811242
-144.465,-107.4053,1.0,9.344918,0.31769899999999995
-148.0982,-98.60265,1.0,17.27893,0.5169675
-160.1281,-96.71956,1.0,15.28541,-0.3321445
-166.3776,-106.6047,1.0,22.657120000000003,1.1754280000000001
-169.3526,-127.9337,1.0,35.0708,0.3852001
-163.8665,-155.217,1.0,39.810959999999994,-0.8229367
-165.989,-180.9122,1.0,31.417540000000002,-0.46167929999999996
-167.7413,-205.7936,1.0,41.13977,-0.036907
-166.2004,-234.2289,1.0,34.81499,-0.6106041
-153.9912,-250.4603,1.0,25.36807,0.06889275
-133.4903,-248.02900000000002,1.0,31.090790000000002,-0.03793266
-122.32700000000001,-232.6306,1.0,23.144289999999998,-0.49099729999999997
-130.9918,-217.8971,1.0,21.89731,-0.3323989
-122.9496,-204.3356,1.0,18.83758,-0.47274679999999997
-124.9605,-191.4167,1.0,16.36319,-0.3867919
-117.6308,-183.9053,1.0,19.27658,0.1627349
-110.7313,-193.0527,1.0,15.39371,-0.2539235
-110.0538,-203.6344,1.0,14.45025,0.7404828
-109.0696,-217.7875,1.0,23.16319,0.5717539
-106.9554,-237.6353,1.0,30.65158,0.2581356
-98.40298,-260.9198,1.0,36.60164,0.15047860000000002
-73.38747,-271.2557,1.0,39.34333,0.08509574
-52.98412,-252.5182,1.0,39.67383,0.02434226
-49.88752,-221.7983,1.0,44.339890000000004,0.32839309999999994
-33.0694,-191.5083,1.0,49.551109999999994,0.3885117
-7.611066,-162.1452,1.0,55.25424,0.1937682
11.87318,-125.4402,1.0,52.20908,-1.289985
10.436119999999999,-104.8542,1.0,5.745853,-2.959822
9.767261,-104.2486,1.0,0.3652784,-0.11225299999999999
10.78336,-104.9169,1.0,4.823002,0.2062234
15.51989,-107.2646,1.0,8.462330999999999,-0.06205805
18.506220000000003,-106.9264,1.0,0.7774053000000001,0.6043115
14.848920000000001,-108.1346,1.0,9.519235,0.6188792
5.834229,-112.0953,1.0,16.18545,0.075998
-0.1466241,-102.2637,1.0,20.887420000000002,0.26220770000000004
-0.2678596,-84.56976,1.0,27.55957,0.4845045
-5.14895,-62.226169999999996,1.0,34.316720000000004,0.5057144
-6.071574,-34.35452,1.0,40.93233,0.45291980000000004
-6.3213040000000005,-1.7252299999999998,1.0,47.10649,0.21806430000000002
-9.030031,33.165209999999995,1.0,41.34333,-1.576814
-22.04795,44.25885,1.0,13.09706,-0.08395579
-32.06747,37.90895,1.0,19.84561,0.5057473
-49.326640000000005,39.61718,1.0,27.083109999999998,0.5205044
-71.98279000000001,39.52378,1.0,34.0875,0.4994959
-99.71706999999999,39.86325,1.0,40.733909999999995,0.4615656
-131.4008,40.17075,1.0,39.0615,-0.9959545
-144.3388,26.82334,1.0,15.902389999999999,-1.60228
-138.1603,24.554879999999997,1.0,10.148430000000001,0.003139478
-137.7518,24.23953,1.0,0.0616809,0.01127029
-137.776,24.21201,1.0,0.5191395999999999,0.1035214
-141.4604,24.57479,1.0,8.440392,0.1855765
-148.8024,24.63845,1.0,8.386374,-0.8271504000000001
-151.14600000000002,25.39326,1.0,1.350177,0.5883381
-148.1088,22.7847,1.0,9.605874,0.5852489000000001
-148.5383,13.411320000000002,1.0,16.761210000000002,0.26482209999999995
-151.2404,-0.47151509999999996,1.0,22.76936,0.24347570000000002
-146.9288,-19.32864,1.0,29.40653,0.23512129999999998
-147.8558,-42.97668,2.0,33.66447,-0.36850570000000005
-165.7673,-58.33204,2.0,30.960240000000002,-0.7060378
-159.9952,-72.94806,2.0,16.57762,-0.8092213
-155.7295,-68.52547,2.0,0.3711016,0.006081858000000001
-155.6909,-68.52785,2.0,0.04575387,0.03565604
-155.8707,-69.13902,2.0,3.680643,0.5077876
-156.3708,-72.76943,2.0,4.95469,-0.02286423
-156.9842,-75.15189000000001,2.0,0.6677076,0.44383950000000005
-153.7031,-72.96255,2.0,10.09569,0.31694120000000003
-144.2113,-76.47629,2.0,18.46288,0.6075162
-131.0945,-82.57628000000001,2.0,18.60975,-0.27228220000000003
-119.1213,-88.2749,2.0,22.23167,1.376309
-110.5628,-107.1827,2.0,31.0261,-0.133018
-122.2595,-127.0588,2.0,32.893879999999996,-0.02704777
-142.881,-127.5621,2.0,23.20397,-0.5715345000000001
-140.8268,-113.9713,2.0,23.43453,0.5108182
-144.4233,-102.0586,2.0,19.444570000000002,0.2912132
-158.8949,-104.3804,2.0,18.69,-0.4885755
-161.1725,-116.41799999999999,2.0,16.783260000000002,0.133183
-164.5529,-130.0538,2.0,22.86437,0.29025700000000004
-165.3219,-149.8892,2.0,30.747529999999998,0.5700821
-165.4585,-175.5483,2.0,38.222970000000004,0.5325935
-165.8847,-206.472,2.0,45.236090000000004,0.49955770000000005
-163.8409,-240.5594,2.0,35.16767,-3.2799419999999997
-150.8856,-251.7552,2.0,24.818479999999997,0.5353973000000001
-130.2888,-249.4789,2.0,30.14637,-0.1803681
-127.7026,-231.9447,2.0,27.107570000000003,0.5725709
-125.7927,-208.5544,2.0,35.54599,0.24704600000000002
-124.1242,-185.8873,2.0,15.7073,-1.195956
-115.5494,-184.7184,2.0,15.17167,0.21524229999999997
-110.5392,-196.8851,2.0,22.58287,0.5951884
-108.859,-216.5096,2.0,30.53267,0.27552309999999997
-105.1355,-241.6812,2.0,37.94947,0.24868769999999998
-90.34976999999999,-267.1555,2.0,42.099940000000004,-0.1547047
-61.955130000000004,-265.3302,2.0,41.40529,0.277513
-48.82861,-238.7287,2.0,42.94145,0.4129117
-45.58667,-205.2424,2.0,48.131009999999996,0.1869385
-22.444329999999997,-176.3684,2.0,53.18805,0.2105333
3.8909550000000004,-144.7769,2.0,53.326119999999996,-0.5086081
6.510427,-123.5974,2.0,17.45378,0.4683022
-4.126925,-111.4705,2.0,25.628120000000003,0.5010789999999999
-6.798757000000001,-90.17579,2.0,32.91682,0.5518781999999999
-6.753197999999999,-63.06476,2.0,40.255359999999996,0.5263789000000001
-6.924469,-30.65591,2.0,47.1102,0.2366601
-7.346800999999999,6.659795,2.0,53.586009999999995,0.4566371
-14.59715,40.97377,2.0,35.35763,-2.688218
-26.01932,45.80948,2.0,1.608215,-1.131078
-25.96698,42.21017,2.0,9.402205,0.6028283
-34.89933,40.69535,2.0,17.50221,0.6128911
-49.49068,46.67798,2.0,25.01022,0.4358512
-70.47459,43.47444,2.0,32.53261,0.2674984
-97.32217,41.49631,2.0,39.8821,0.5340293
-129.2982,39.50485,2.0,46.48668,0.11997429999999999
-150.3453,24.22096,2.0,23.08989,-1.229283
-149.0291,19.16778,2.0,4.274463,0.33098829999999996
-143.829,16.731679999999997,2.0,12.785810000000001,0.6041356
-146.6003,5.167979,2.0,20.76176,0.5831903
-149.7383,-10.99313,2.0,26.55017,0.5503996999999999
-146.0406,-32.97676,2.0,33.74413,0.224373
-143.608,-41.171240000000004,3.0,11.50266,-0.01583865
-149.1654,-49.43788,3.0,18.263170000000002,-0.001776746
-160.2547,-53.951519999999995,3.0,14.67586,-0.2455955
-166.579,-60.01088000000001,3.0,10.781930000000001,-0.1729164
-164.2071,-67.27405,3.0,13.03394,0.3210277
-153.2871,-72.40420999999999,3.0,20.78363,0.5874305000000001
-135.2489,-73.65914000000001,3.0,28.36528,0.5742311
-117.1028,-83.74812,3.0,25.61041,-0.3971053
-108.2136,-99.20578,3.0,27.90717,1.3550659999999999
-110.6503,-119.0927,3.0,24.62285,-0.3910588
-121.4135,-130.8972,3.0,19.85315,0.40204290000000004
-137.8777,-132.1008,3.0,22.18044,-0.5609058000000001
-145.2058,-114.0118,3.0,31.33881,-0.7050588000000001
-157.8743,-103.4299,3.0,16.00873,-0.4851155
-166.3909,-113.374,3.0,22.66548,0.6040694000000001
-168.8511,-132.9676,3.0,30.62547,0.5498233
-169.1614,-158.3076,3.0,37.83487,0.25931079999999995
-167.2146,-188.8381,3.0,44.76594,0.5028564
-163.97799999999998,-224.2171,3.0,49.82874,-0.07162908
-156.815,-255.4403,3.0,35.72063,-0.7435056999999999
-137.6335,-255.0276,3.0,27.24158,0.5650546999999999
-125.1213,-236.4354,3.0,33.16633,0.19309779999999999
-128.4823,-210.4473,3.0,36.59955,-0.5034344000000001
-124.9996,-185.6367,3.0,30.2455,-0.7995517
-110.4629,-180.5208,3.0,21.23886,-0.37482150000000003
-110.0777,-196.7163,3.0,25.78228,0.3997268
-104.7388,-217.5764,3.0,31.634590000000003,-0.08180147
-105.9625,-239.2471,3.0,27.565690000000004,0.0432338
-102.0012,-262.6831,3.0,36.50043,0.1870467
-78.16823000000001,-270.6708,3.0,37.71263,0.5854595
-60.48548,-268.53700000000003,3.0,13.129489999999999,-0.9447179
-56.16786999999999,-266.6602,3.0,0.34795879999999996,-0.8155279000000001
-57.1498,-267.3596,3.0,0.7567209,-0.2010227
-56.16814,-266.471,3.0,5.058129,0.4128107
-52.7886,-262.7704,3.0,7.865417999999999,0.06510665
-48.29052,-263.5356,3.0,2.551878,-0.8103373
-49.113170000000004,-261.9687,3.0,6.92025,0.6333335
-49.76422,-253.9679,3.0,15.128960000000001,0.5514799
-46.22305,-240.2742,3.0,22.92964,0.5378111999999999
-43.534,-220.7616,3.0,30.245690000000003,0.5414281
-40.32297,-195.95,3.0,36.8745,0.28593779999999996
-23.14031,-173.6264,3.0,41.42553,0.46820680000000003
-4.3413129999999995,-155.8469,3.0,24.23575,-0.3992791
8.066674,-145.6496,3.0,19.21726,-0.18887779999999998
11.74001,-134.1598,3.0,14.571010000000001,-0.1413846
7.144975,-123.0707,3.0,19.96332,0.5184797999999999
-2.873618,-108.8335,3.0,27.182890000000004,0.26076020000000005
-9.555255,-87.02816999999999,3.0,34.06762,0.45369929999999997
-9.799369,-59.48601,3.0,40.471270000000004,0.4452098
-5.126511,-27.39837,3.0,46.9745,-0.6138186
-3.533579,3.083513,3.0,29.588890000000003,-2.414767
-4.719405999999999,14.234620000000001,3.0,3.7399489999999997,-0.1744301
-5.586773,18.933310000000002,3.0,10.90504,0.3161835
-8.816725,29.620040000000003,3.0,19.13695,0.5440255999999999
-20.75858,40.95443,3.0,26.237040000000004,0.522453
-41.93652,44.85595,3.0,32.803540000000005,0.5107287
-68.82321999999999,44.58047,3.0,39.640370000000004,0.23654470000000002
-100.5526,42.599579999999996,3.0,46.14158,0.4607902
-133.5301,38.410990000000005,3.0,39.886179999999996,-1.447446
-150.4093,20.35736,3.0,32.637370000000004,-0.4054915
-143.7655,-3.45424,3.0,35.622240000000005,0.2137002
-144.3919,-32.099959999999996,3.0,41.792770000000004,0.2324882
-152.6428,-53.522330000000004,4.0,19.53657,-0.5233614999999999
-166.2185,-56.48307,4.0,19.13624,-0.019268900000000002
-163.012,-69.21712,4.0,23.08507,0.23830860000000004
-144.3042,-72.51527,4.0,29.541390000000003,0.4649271
-122.0352,-80.84971,4.0,35.40847,0.15813729999999998
-108.2578,-104.51,4.0,39.124179999999996,-0.1719454
-120.4581,-128.7742,4.0,37.296659999999996,-0.04233464
-143.0624,-126.9841,4.0,30.722179999999998,-0.43424579999999996
-144.8863,-105.1461,4.0,30.355079999999997,-0.07639707
-157.0351,-99.4976,4.0,17.65996,0.29868979999999995
-166.4652,-112.1234,4.0,25.5556,0.25770740000000003
-169.7772,-133.5443,4.0,32.87742,0.5280305000000001
-169.2361,-160.2709,4.0,39.5551,0.4863388
-166.4249,-191.9139,4.0,46.06941,0.45577879999999993
-163.4124,-227.8379,4.0,48.67808,-0.6250628
-157.8567,-251.7517,4.0,20.50112,-0.19152470000000002
-144.4961,-257.8777,4.0,22.94185,0.5086942
-130.2335,-249.6274,4.0,26.70562,0.5367115
-125.0747,-227.7019,4.0,33.553490000000004,0.3718735
-128.8324,-200.9653,4.0,39.48247,0.1275441
-116.1317,-177.5138,4.0,34.43907,-0.3642188
-99.37,-185.97,4.0,24.04831,-0.6302701999999999
-110.6546,-195.6943,4.0,23.9527,0.102034
-114.5549,-201.5522,4.0,0.01931155,-0.00015021889999999999
-114.5549,-201.5529,4.0,0.0135399,0.01215786
-112.6585,-201.7532,4.0,5.215781,0.16063239999999998
-109.7348,-198.7531,4.0,3.6225910000000003,-0.3232538
-109.6274,-199.0693,4.0,4.1983440000000005,0.5370635
-108.625,-204.7408,4.0,11.28218,0.5055167
-106.4852,-215.3974,4.0,17.89549,0.45574380000000003
-105.1801,-230.8725,4.0,24.03148,0.4277134
-105.3707,-250.7795,4.0,29.469820000000002,0.3164474
-92.60451,-269.3569,4.0,32.837759999999996,0.11816739999999999
-67.93421,-269.7493,4.0,35.95769,0.2759335
-49.79398,-251.1376,4.0,36.88624,0.08953451
-48.74686,-222.037,4.0,41.203540000000004,0.26365759999999994
-38.618629999999996,-191.6577,4.0,45.277390000000004,0.2054305
-15.134479999999998,-167.0684,4.0,45.9772,-0.4035154
3.9201639999999998,-149.5616,4.0,22.58186,-0.23342689999999996
12.470930000000001,-138.2854,4.0,16.07761,-0.45547529999999997
7.926946000000001,-124.3303,4.0,24.64461,0.194277
-3.938747,-107.9466,4.0,29.942009999999996,0.17885179999999998
-9.891212,-84.54466,4.0,35.174459999999996,0.3511913
-9.727835,-56.74004,4.0,40.03383,0.15525179999999997
-4.08259,-25.78893,4.0,44.76347,0.1586483
-2.459476,8.646685,4.0,48.4377,0.24702129999999997
-12.21157,34.499990000000004,4.0,27.91762,0.3089445
-32.209140000000005,43.5429,4.0,32.376,0.1601402
-58.03484,43.27556,4.0,37.50638,0.36756459999999996
-87.71208,43.0563,4.0,42.443329999999996,0.348702
-119.4967,40.07837,4.0,40.417190000000005,-1.252346
-138.6385,36.55299,4.0,14.090770000000001,0.38169250000000005
-146.6172,26.73152,4.0,20.49547,0.4239666
-147.4916,9.553303,4.0,26.21048,0.4075203
-143.173,-11.51453,4.0,31.85687,0.3905555
-142.8155,-36.3922,5.0,32.54925,-0.8060208000000001
-155.5834,-52.04712,5.0,27.57542,0.35625450000000003
-168.7335,-64.27853,5.0,19.39864,-1.1798520000000001
-158.4823,-69.61728000000001,5.0,15.767629999999999,0.1012772
-143.6,-72.20929,5.0,24.06289,0.2249379
-124.5677,-78.1516,5.0,29.69165,0.185477
-108.9069,-94.86766,5.0,33.35625,0.1668204
-111.8262,-119.2875,5.0,33.217659999999995,-0.2561357
-128.63299999999998,-133.1042,5.0,27.160829999999997,-0.6647425
-141.9605,-123.9339,5.0,24.29982,0.38519499999999995
-149.8137,-105.9105,5.0,29.29515,0.1477767
-165.1137,-102.8478,5.0,16.58681,-0.4873706
-164.6471,-114.9058,5.0,18.31458,0.37084670000000003
-167.3663,-131.8615,5.0,29.1287,1.252828
-168.66299999999998,-160.3873,5.0,45.36851,0.5941320999999999
-164.4442,-195.8164,5.0,51.43732,0.5146963999999999
-164.188,-226.903,5.0,25.77756,-2.185673
-162.8561,-242.1329,5.0,17.83088,-0.2095848
-158.0504,-252.4908,5.0,15.480139999999999,0.2964991
-144.6744,-260.1866,5.0,25.38404,0.33222820000000003
-128.9079,-247.7094,5.0,33.8586,0.48498850000000004
-126.0946,-219.1543,5.0,41.63745,-0.3818645
-128.6405,-195.6695,5.0,20.92178,-0.2539169
-123.1366,-184.215,5.0,15.618170000000001,0.7688016
-108.6212,-184.05,5.0,24.28565,0.02848842
-102.4693,-201.3667,5.0,29.66825,0.4077357
-104.095,-226.5779,5.0,36.816990000000004,0.36918579999999995
-105.1616,-252.8695,5.0,32.08533,-0.334373
-92.7235,-269.6871,5.0,30.89462,0.2789242
-68.84885,-270.3829,5.0,34.86103,0.25486390000000003
-51.40167,-252.1354,5.0,36.70642,0.1437523
-47.19982,-223.3223,5.0,41.514109999999995,0.16007739999999998
-39.679,-191.8818,5.0,45.747690000000006,0.1993022
-17.19201,-165.7664,5.0,47.58097,-0.3310998
-1.860946,-155.4015,5.0,13.4222,-0.34740820000000006
4.865007,-150.6081,5.0,8.986371,-0.2849215
8.998019000000001,-146.8134,5.0,8.282095,0.4052392
13.01995,-139.2946,5.0,14.90399,0.43896309999999994
9.953422,-126.6573,5.0,20.86486,0.4219219
-0.5416338,-112.5006,5.0,26.6659,0.39302909999999996
-8.280519,-92.16948000000001,5.0,32.08813,0.39536709999999997
-10.52679,-66.69757,5.0,37.11544,0.3603544
-5.6234269999999995,-37.79473,5.0,41.988640000000004,0.35312209999999994
-1.451791,-5.285537000000001,5.0,45.890440000000005,-0.3386289
-4.9053949999999995,20.375770000000003,5.0,20.30667,-1.85735
-8.299249,28.533590000000004,5.0,14.46785,0.4810073
-16.43517,38.56772,5.0,20.565739999999998,0.41714979999999996
-32.50591,44.70588,5.0,26.22867,0.4062475
-54.00467,45.19569,5.0,31.816909999999996,0.188875
-79.59007,44.32918,5.0,37.14479,0.1742953
-108.8854,42.17738,5.0,42.02393,-0.05289058
-133.4512,39.31835,5.0,19.0191,-0.1732735
-144.9482,29.48361,5.0,23.88941,0.3751633
-147.8389,10.21852,5.0,29.1148,0.18326679999999998
-142.9296,-12.82446,5.0,34.4352,0.1858481
-143.1985,-37.03353,6.0,22.90558,-2.787312
-147.3504,-47.04345,6.0,16.154870000000003,0.534669
-158.2883,-54.80395,6.0,16.79871,-0.2113646
-166.0172,-61.084509999999995,6.0,12.554739999999999,0.2797312
-160.0859,-71.64616,6.0,22.66026,0.37428779999999995
-139.2836,-71.73810999999999,6.0,34.91662,0.3155408
-114.4024,-85.7361,6.0,41.61716,-0.3399443
-112.8839,-110.6014,6.0,25.36386,-2.288773
-117.3703,-120.3644,6.0,11.84298,0.4307916
-123.0778,-131.4023,6.0,17.95985,-0.5493611999999999
-136.0306,-133.0169,6.0,21.34025,0.2015549
-144.7678,-118.6383,6.0,26.9878,0.2625728
-149.1849,-105.2372,6.0,7.970139,-0.2761534
-154.5942,-101.5282,6.0,12.56585,0.6674131
-164.7443,-103.7453,6.0,15.58575,0.1940991
-167.3951,-118.1567,6.0,26.31015,0.9760754999999999
-168.9579,-142.7509,6.0,39.44981,0.8528243000000001
-168.06799999999998,-176.1257,6.0,50.36866,0.3354242
-164.201,-215.4806,6.0,51.4642,-0.3593937
-162.1779,-248.5237,6.0,36.58129,-1.33037
-145.5388,-258.1596,6.0,22.88315,-0.5304059
-131.9004,-252.3882,6.0,21.2458,0.7968658000000001
-125.3119,-235.1153,6.0,27.944359999999996,0.18549179999999998
-126.5763,-212.5152,6.0,33.285059999999994,0.36087779999999997
-127.7872,-188.0888,6.0,24.94379,-2.675591
-116.6527,-182.2443,6.0,20.29932,0.38568309999999995
-104.6992,-192.7477,6.0,24.76677,0.3744077
-102.8109,-212.90599999999998,6.0,30.14238,0.20368770000000003
-105.5166,-237.108,6.0,35.5443,0.3857862
-101.5589,-264.32599999999996,6.0,38.36112,-0.1213465
-78.4297,-271.6638,6.0,30.828129999999998,-0.5522191999999999
-59.19503,-266.2518,6.0,23.26497,-0.6142616
-49.45575,-252.1037,6.0,28.125009999999996,0.19824029999999998
-45.71842,-229.4334,6.0,33.665259999999996,0.4278693
-42.724959999999996,-202.7373,6.0,38.79181,0.17556270000000002
-29.62339,-176.7451,6.0,41.24662,0.12248930000000001
-6.430761,-159.5684,6.0,28.072779999999998,-2.357601
3.577543,-151.965,6.0,12.26688,-0.06315429
10.07744,-145.4966,6.0,13.589870000000001,0.1300714
12.60491,-133.5264,6.0,21.15541,0.5925845000000001
1.7047169999999998,-117.9403,6.0,32.478559999999995,1.08464
-8.402842999999999,-91.05011,6.0,46.12107,0.45205609999999996
-8.623629,-52.2415,6.0,58.35969,0.37076240000000005
-1.230312,-8.004437,6.0,59.29161,-1.1001940000000001
-5.998348,21.98669,6.0,22.634729999999998,-0.47773679999999996
-13.543629999999999,36.1405,6.0,23.9496,0.5128889
-32.8483,44.61685,6.0,34.76218,0.5291958000000001
-64.06597,44.79013,6.0,49.70135,1.060619
-105.4683,42.766690000000004,6.0,54.618230000000004,-2.477649
-126.4805,39.48264,6.0,14.089160000000001,-0.35684829999999995
-136.8401,37.172309999999996,6.0,19.81445,1.272041
-147.284,24.60962,6.0,25.5133,0.1868678
-146.3697,3.7590529999999998,6.0,31.010379999999998,0.407843
-141.3589,-20.76553,6.0,36.19357,0.13030819999999999
-142.0307,-36.175059999999995,7.0,9.208283999999999,0.5018014000000001
-144.5123,-45.12218,7.0,15.78077,0.21633339999999998
-155.5945,-52.8617,7.0,21.62118,0.4399298
-167.8674,-63.28312,7.0,20.149929999999998,-0.6785009
-164.2891,-74.55152,7.0,15.870610000000001,0.09048232
-151.9643,-76.39115,7.0,19.24014,0.14093270000000002
-137.4758,-73.1301,7.0,21.05732,0.2246884
-121.286,-77.84344,7.0,27.47063,1.0330489999999999
-108.7003,-95.65189000000001,7.0,31.87395,0.2037461
-113.1712,-119.4799,7.0,35.09718,0.178048
-135.9503,-131.8108,7.0,35.13293,-1.185953
-147.3005,-121.17200000000001,7.0,14.51254,-0.5602804
-142.9828,-114.0204,7.0,13.926670000000001,0.5070753
-148.6112,-103.5033,7.0,16.458470000000002,0.05512318
-161.3423,-103.2208,7.0,20.94053,0.22219610000000004
-166.3216,-116.7903,7.0,19.89058,0.1893292
-166.4535,-133.9622,7.0,27.72327,1.052425
-169.31900000000002,-159.6723,7.0,41.90421,0.4538674
-169.9442,-195.3528,7.0,54.02975,0.8067243000000001
-167.998,-233.8225,7.0,45.4934,-1.849938
-154.5996,-253.3537,7.0,26.561190000000003,-0.7368748
-137.5873,-253.335,7.0,22.01745,0.16601849999999999
-126.1075,-241.7206,7.0,26.168870000000002,1.104722
-126.0303,-218.9367,7.0,33.715309999999995,0.3909907
-125.9695,-192.0649,7.0,38.13773,0.03316721
-116.6436,-179.735,7.0,13.69254,-0.4525054
-109.8862,-189.5896,7.0,20.82911,0.20990129999999999
-108.882,-207.25,7.0,26.81553,0.2036343
-108.5777,-229.23,7.0,32.46548,0.3871213
-104.3268,-254.4466,7.0,36.85414,0.2281944
-83.24372,-271.9971,7.0,39.21581,0.04038788
-56.720369999999996,-264.1833,7.0,39.32135,-0.002810429
-49.39548,-236.1507,7.0,41.781729999999996,0.352049
-43.810340000000004,-204.43099999999998,7.0,45.114909999999995,0.05618951
-21.50311,-178.0219,7.0,48.96865,0.3178568
2.740958,-149.2679,7.0,47.44355,-2.061875
8.437937,-126.3175,7.0,23.30705,-0.6045064
-2.9313830000000003,-109.6341,7.0,31.21513,0.4537652
-4.967999,-82.57571,7.0,45.34767,1.336176
-0.7313455,-42.82516,7.0,62.06593,0.5116031
-2.0742979999999998,6.010027,7.0,62.6519,-0.4913754
-12.101569999999999,39.22165,7.0,32.962379999999996,-1.243974
-34.87579,40.88133,7.0,37.49973,0.9424826
-64.75665,40.43588,7.0,42.747,0.3424005
-98.13978,40.79385,7.0,47.37055,0.1570656
-134.1637,39.516220000000004,7.0,45.896840000000005,-3.162666
-147.3312,22.30565,7.0,28.782420000000002,0.34373159999999997
-145.2626,-0.9800416999999999,7.0,34.184979999999996,0.3735828
-145.6306,-28.214470000000002,7.0,39.350429999999996,0.36297140000000006
-156.2285,-53.89051,8.0,35.66917,-0.23241279999999997
-168.4272,-67.4611,8.0,21.1629,0.37042129999999995
-155.7199,-78.952,8.0,27.77307,0.1232934
-133.4184,-77.31918,8.0,32.34749,0.06227071
-114.3187,-91.99316,8.0,35.114509999999996,0.08355057
-113.3316,-117.9534,8.0,37.04501,0.05443789
-135.6024,-132.0954,8.0,34.34531,-1.785439
-146.6419,-127.4196,8.0,2.544524,-0.31016
-143.4237,-124.6616,8.0,9.608744999999999,0.5019093
-142.2898,-115.5322,8.0,16.03131,0.4502695
-150.7129,-104.572,8.0,21.804289999999998,0.3595463
-165.8518,-106.8243,8.0,23.75275,0.05375447
-166.8794,-125.4933,8.0,28.40542,0.40000240000000004
-168.6839,-148.36700000000002,8.0,33.67118,0.189345
-171.0362,-174.989,8.0,38.58967,0.35767899999999997
-169.1099,-205.4548,8.0,43.45238,0.1621177
-166.9705,-239.1036,8.0,46.26187,-0.6516975
-146.3037,-256.8607,8.0,33.51685,-0.6060169
-129.6409,-244.5921,8.0,29.385140000000003,0.7922015
-127.25299999999999,-221.0643,8.0,34.84087,0.38423379999999996
-126.4253,-193.4633,8.0,38.63884,-0.21068739999999997
-114.9388,-179.5512,8.0,15.91041,-0.3257859
-107.6591,-188.9555,8.0,20.01632,0.42604269999999994
-106.7173,-205.9863,8.0,26.05309,0.4302368
-106.0048,-227.4739,8.0,31.73405,0.3977651
-103.2719,-252.6163,8.0,36.49808,0.12455530000000001
-84.24879,-271.6554,8.0,38.52655,0.03240808
-57.870490000000004,-265.0087,8.0,39.24651,0.1592861
-47.4246,-238.1631,8.0,41.56896,0.353294
-43.962540000000004,-205.9047,8.0,45.64735,0.07005711
-22.91959,-179.6696,8.0,47.73339,0.14534560000000002
1.1221079999999999,-151.7469,8.0,50.27138,-0.34416959999999996
7.293428,-123.0876,8.0,33.76015,-0.4306271
-6.816669,-99.90024,8.0,39.19875,-0.22930419999999999
-2.900772,-70.32833000000001,8.0,42.65566,0.3198237
-1.250917,-37.03286,8.0,47.199729999999995,0.3392676
-1.8045,-0.44462229999999997,8.0,51.55571,0.1518783
-9.349494,35.17134,8.0,40.03763,-2.290258
-25.62182,42.2618,8.0,9.084552,-2.160841
-27.36487,38.049459999999996,8.0,9.124313,0.45323159999999996
-35.49272,39.41155,8.0,15.42484,0.4432831
-45.35038,48.47789,8.0,13.74365,-4.5716849999999996
-48.02507,48.586690000000004,8.0,0.02430829,0.009267029
-48.211420000000004,47.94497,8.0,3.450189,0.31839120000000004
-48.067809999999994,44.513709999999996,8.0,5.180739,-0.07729304
-47.445159999999994,43.52328,8.0,3.529296,0.6967209
-52.808569999999996,46.21487,8.0,12.58862,0.3188276
-65.24568000000001,45.239259999999994,8.0,21.12959,0.570017
-83.79881,42.95259,8.0,29.14685,0.2717319
-108.0814,42.88498,8.0,36.52543,0.5283273
-136.1489,40.050909999999995,8.0,39.26509,-0.3727877
-144.0376,13.590729999999999,8.0,42.145340000000004,0.6713393
-146.7053,-20.49512,8.0,48.72143,-0.3414389
-142.0502,-34.680659999999996,9.0,2.669111,-0.06035602
-143.0284,-38.86886,9.0,11.56327,0.6240844
-147.5723,-47.75365,9.0,12.8036,-0.2128665
-155.0121,-52.4828,9.0,14.00109,0.3889652
-164.2833,-56.07852,9.0,11.894589999999999,-0.23850460000000004
-166.8233,-63.38071,9.0,12.49722,0.44687959999999993
-158.0515,-72.87406,9.0,19.982039999999998,-0.2065361
-144.9308,-72.94601,9.0,15.99971,-0.23688220000000001
-132.4748,-74.03154,9.0,22.863979999999998,1.241306
-116.1943,-83.02464,9.0,25.91466,0.06471881
-107.5667,-100.0453,9.0,25.548070000000003,-0.21146020000000004
-108.4548,-113.9324,9.0,12.30375,-0.09390042
-111.5369,-122.3271,9.0,15.79681,0.6784735
-121.6022,-133.2854,9.0,20.15995,-0.3602468
-134.5155,-134.1721,9.0,15.933829999999999,-0.09686894
-143.5445,-125.5359,9.0,22.14924,0.29779859999999997
-149.5507,-107.1608,9.0,26.32565,-2.2276029999999998
-159.2782,-99.39846999999999,9.0,13.98431,-0.3642866
-165.8533,-106.6557,9.0,18.661579999999997,0.5928175
-168.2711,-125.9843,9.0,33.457770000000004,0.49941959999999996
-169.0574,-155.3039,9.0,43.89497,0.3533958
-166.4382,-189.2304,9.0,47.5884,0.0865803
-163.4729,-222.4747,9.0,40.9968,-0.8965764
-161.1064,-246.7144,9.0,26.560440000000003,-0.5149764
-149.2872,-258.9093,9.0,20.81693,-0.3381333
-136.2017,-257.8628,9.0,19.730970000000003,0.9420245
-126.2098,-240.9133,9.0,33.851459999999996,0.3232718
-126.5727,-214.2117,9.0,35.01509,-0.49028019999999994
-128.7562,-195.0658,9.0,15.941820000000002,-0.13849389999999998
-126.0426,-184.8629,9.0,12.88972,0.12976669999999998
-114.5491,-181.9542,9.0,19.33803,-0.1889882
-104.4848,-188.9799,9.0,15.07351,-0.2534379
-102.4685,-203.0049,9.0,26.67598,1.093628
-104.4823,-226.8877,9.0,36.77875,0.21839270000000002
-104.9698,-254.1284,9.0,35.71032,-0.28384790000000004
-89.26646,-272.1396,9.0,32.652409999999996,-0.05731651
-65.68593,-269.7345,9.0,32.29903,-0.06512273
-50.76325,-251.7201,9.0,34.19553,0.07089792
-46.236709999999995,-225.9155,9.0,36.47684,0.07242332
-41.69238,-199.3963,9.0,35.008829999999996,-0.1631938
-31.38518,-178.0066,9.0,29.459290000000003,-0.4415826
-16.35345,-165.4241,9.0,23.9728,-0.3624167
-2.724853,-156.3871,9.0,20.30559,-0.2834417
8.306563,-148.0,9.0,18.72997,0.3160847
12.25521,-132.9146,9.0,24.53485,0.1763821
0.9080017,-116.4729,9.0,29.213890000000003,0.1416478
-8.421955,-96.81316,9.0,29.938159999999996,0.02171824
-11.30335,-74.3912,9.0,32.11988,0.3292573
-8.747865,-49.36696,9.0,35.10973,0.12766
-4.047084,-23.312839999999998,9.0,36.29663,0.06944414
-1.9774450000000001,3.152767,9.0,32.77718,-0.5393687
-5.683161,22.544220000000003,9.0,21.944860000000002,-0.603618
-12.798960000000001,35.622240000000005,9.0,23.906129999999997,0.7165164
-30.75958,44.72783,9.0,30.98785,0.232053
-56.197280000000006,44.0198,9.0,38.054790000000004,0.5123821
-87.11551999999999,44.19265,9.0,44.98511,0.2371791
-121.9174,40.97528,9.0,45.54143,-1.2443799999999998
-145.6298,29.93398,9.0,34.666509999999995,-0.1293145
-143.3434,4.08971,9.0,38.68179,0.5067225999999999
-142.5816,-25.75163,9.0,36.4067,-1.598781
-145.8452,-41.82646,10.0,16.0027,-0.04881581
-154.4856,-52.747859999999996,10.0,18.46412,-0.3068743
-165.2776,-58.4442,10.0,14.62432,-0.1673687
-165.368,-68.25336999999999,10.0,17.261860000000002,0.6295335
-153.6836,-73.1345,10.0,18.14865,0.1060288
-140.2207,-72.72279,10.0,17.39038,-0.08736698
-125.0531,-77.00116,10.0,26.293000000000003,0.5272324
-109.6199,-92.02626,10.0,32.73425,0.39031809999999995
-109.3877,-117.5336,10.0,35.26696,-1.1149719999999999
-122.4209,-131.9723,10.0,22.49985,-0.36679429999999996
-136.8343,-132.5279,10.0,17.58162,-0.3462909
-144.8547,-121.2524,10.0,23.35344,0.3052261
-149.7005,-105.4795,10.0,11.58062,-1.4997049999999998
-153.1173,-102.1486,10.0,10.0145,0.591601
-162.6371,-101.8388,10.0,16.88406,0.2131489
-167.635,-115.2527,10.0,23.41486,0.2582853
-168.7539,-135.2191,10.0,30.406879999999997,0.23765679999999997
-168.5873,-160.1787,10.0,35.44719,0.1296553
-167.4171,-188.11599999999999,10.0,39.43933,0.1607195
-164.6438,-216.5554,10.0,35.26941,-0.5628325
-163.3342,-239.9647,10.0,28.18872,-0.5191555999999999
-154.9224,-255.6457,10.0,21.300910000000002,-0.4327960999999999
-139.3194,-259.177,10.0,23.90223,-0.002220627
-128.1452,-245.6793,10.0,26.15082,0.2816889
-124.7912,-225.5923,10.0,29.292990000000003,0.103845
-127.4193,-203.8906,10.0,26.0769,-1.572941
-127.8784,-190.1848,10.0,15.18135,-0.15419460000000001
-122.7832,-182.6028,10.0,12.96074,0.23061779999999998
-111.0581,-183.1139,10.0,18.32581,0.05002147
-103.209,-193.1682,10.0,18.9136,0.17115020000000003
-103.5351,-208.1497,10.0,21.43154,0.08005729
-104.6333,-224.2155,10.0,21.74909,0.07903115
-106.0587,-243.0948,10.0,28.92046,0.4911067
-101.53299999999999,-264.2162,10.0,29.08468,-0.09218773
-80.49242,-272.5615,10.0,35.912859999999995,0.4950915
-55.26537,-262.3029,10.0,38.0825,-0.1032173
-48.04837,-234.1598,10.0,42.50826,0.3314289
-42.7523,-202.9459,10.0,40.023579999999995,-0.6529978
-31.693170000000002,-179.0863,10.0,31.525809999999996,-0.5726889000000001
-15.93377,-165.6099,10.0,24.970879999999998,-0.20016879999999998
-5.347165,-158.2185,10.0,12.88635,0.13799260000000002
5.322588,-150.4919,10.0,19.81563,-0.176939
13.356860000000001,-138.2847,10.0,24.08832,1.128801
4.346039,-121.0715,10.0,30.09155,0.23088440000000002
-7.660249,-100.3363,10.0,35.97545,1.06712
-10.41577,-76.0948,10.0,31.62374,0.505681
-8.41952,-50.34841,10.0,38.09121,0.4487423
-3.887319,-20.15183,10.0,44.1511,0.4087949
-2.94753,14.25344,10.0,48.357479999999995,-0.02461347
-20.05977,40.81913,10.0,42.638009999999994,0.05758361
-52.56051,44.62738,10.0,47.098240000000004,0.4032167
-89.45508000000001,43.911190000000005,10.0,52.41437,0.3930949
-126.8954,39.76056,10.0,42.80508,-1.463913
-148.518,23.81941,10.0,36.99398,-0.1013752
-142.533,-3.494102,10.0,40.503040000000006,0.3596507
-143.9776,-32.66798,10.0,32.8504,-1.080195
-156.7174,-54.513819999999996,11.0,36.57849,0.3044571
-169.9128,-73.75452,11.0,25.57469,-0.6120420999999999
-158.6706,-79.07495,11.0,20.53882,0.3738754
-144.797,-69.42233,11.0,25.73432,0.25641210000000003
-125.8529,-77.96394000000001,11.0,31.58495,0.2317694
-110.5172,-94.90952,11.0,31.96244,0.4742675
-112.6167,-119.512,11.0,34.24935,-0.570038
-128.2554,-132.9011,11.0,28.0466,0.3470342
-144.5601,-120.9683,11.0,31.75798,0.44031859999999995
-147.6605,-103.4565,11.0,9.97052,-0.1194653
-158.0767,-100.8771,11.0,21.07183,0.5478713000000001
-166.8068,-114.6648,11.0,26.31233,0.507127
-166.2637,-136.6023,11.0,32.94128,0.22578739999999997
-168.4132,-163.2646,11.0,39.085679999999996,0.2082366
-165.61,-194.3105,11.0,45.08185,0.433521
-163.1483,-229.1472,11.0,46.4888,-0.5557751
-155.1976,-255.1261,11.0,28.019859999999998,-1.0853700000000002
-134.8858,-257.9445,11.0,29.314809999999998,-0.44567799999999996
-125.9838,-237.3082,11.0,33.82613,0.4683117
-126.96700000000001,-209.9585,11.0,38.909420000000004,-0.3746873
-124.9618,-184.5481,11.0,30.81267,-0.638211
-108.4688,-183.58,11.0,24.017770000000002,-0.08124974
-107.5216,-202.6711,11.0,29.20218,0.2091683
-105.9167,-226.453,11.0,35.365320000000004,0.44547470000000006
-105.4682,-254.6118,11.0,40.51613,0.2526893
-84.26116,-272.465,11.0,39.29481,0.2269577
-55.97336,-263.2907,11.0,41.571979999999996,-0.145861
-46.34442,-233.8739,11.0,44.787859999999995,0.4023244
-41.01698,-199.0084,11.0,50.141690000000004,0.27219899999999997
-20.16035,-168.8536,11.0,46.37767,-0.7552584
2.827273,-153.3187,11.0,31.83711,-0.5758604
12.23077,-135.7393,11.0,23.66358,-0.2699641
4.291327,-119.6184,11.0,27.83482,0.246325
-6.784325999999999,-99.81557,11.0,33.87142,0.2179126
-10.43253,-72.72485,11.0,39.99459,0.4113492
-6.864113000000001,-41.159440000000004,11.0,45.729440000000004,0.1986082
-1.7725819999999999,-5.6472430000000005,11.0,51.08992,0.3454824
-9.333741,31.667959999999997,11.0,48.89447,-0.1347985
-39.09365,45.392959999999995,11.0,46.6443,0.33951620000000005
-75.66011,42.1908,11.0,52.093990000000005,0.40432270000000003
-115.7875,40.81022,11.0,52.93518,-1.006197
-146.3369,28.87402,11.0,41.79636,-0.19844900000000001
-145.7364,-0.23923989999999998,11.0,42.27921,0.21185679999999998
-143.1256,-32.596759999999996,11.0,42.84864,-0.5320975
-156.2322,-52.32176,12.0,27.45097,0.3243541
-168.5193,-65.41642,12.0,23.30803,-0.44492299999999996
-153.6629,-71.84554,12.0,26.512940000000004,0.2578068
-131.9344,-73.36591,12.0,32.69303,0.197812
-111.27799999999999,-88.74214,12.0,37.51882,0.11496880000000001
-108.7952,-115.2254,12.0,32.38179,-1.053325
-123.5126,-130.1356,12.0,26.71012,-0.512737
-140.1975,-131.3242,12.0,23.11565,0.26925859999999996
-146.5866,-114.6307,12.0,28.19753,0.4646495
-156.9942,-100.5688,12.0,21.35254,-0.07023378
-167.377,-109.4054,12.0,23.95317,1.0036610000000001
-167.1176,-132.3667,12.0,36.095,0.4518073
-168.7503,-161.1742,12.0,41.82263,0.43340550000000005
-166.3412,-194.3598,12.0,47.60512,0.2010296
-164.2822,-231.4034,12.0,49.76239,-1.465799
-151.1637,-257.6665,12.0,33.075540000000004,-1.325353
-132.9188,-250.4362,12.0,29.609070000000003,0.1695242
-126.5524,-227.4204,12.0,35.17886,0.23156439999999998
-127.6524,-200.4467,12.0,33.929190000000006,-0.21683739999999999
-120.015,-180.3091,12.0,28.854470000000003,-0.2523206
-106.57600000000001,-189.7077,12.0,24.63139,0.12344269999999999
-110.4339,-209.71200000000002,12.0,30.784809999999997,0.47063180000000004
-108.9952,-234.9469,12.0,37.27398,0.45342840000000006
-101.2143,-263.2484,12.0,41.52445,-0.182275
-74.34114,-270.782,12.0,40.82626,0.46177559999999995
-47.82812,-256.3209,12.0,39.16395,-0.8264546
-51.57293,-232.16,12.0,31.76125,-0.1292139
-52.90759,-218.3617,12.0,6.600592999999999,-0.8163052
-53.350190000000005,-214.9313,12.0,1.29261,-0.19989
-52.2468,-217.0153,12.0,7.4778080000000005,0.625035
-44.94952,-217.3942,12.0,14.40449,0.2329789
-41.88123,-207.2045,12.0,13.03102,-0.27463699999999996
-41.04995,-195.4579,12.0,20.60144,0.25813389999999997
-33.92205,-179.2436,12.0,27.367440000000002,0.23000839999999997
-16.642129999999998,-164.7739,12.0,33.76375,0.22793200000000002
5.563917,-149.6094,12.0,37.24803,-0.1129373
10.80237,-127.5127,12.0,28.49363,-0.002631722
-3.545428,-106.3042,12.0,42.353190000000005,1.1370870000000002
-10.622589999999999,-71.16999,12.0,52.94001,0.307082
-4.588374,-30.6215,12.0,57.771190000000004,0.3176962
-3.187569,12.0908,12.0,50.78058,-1.851906
-14.2258,36.52225,12.0,35.39924,0.330163
-39.19025,45.74048,12.0,38.96278,0.3714942
-70.12954,44.4599,12.0,44.78725,0.4151295
-105.3044,42.384029999999996,12.0,50.28803,0.1703752
-141.2008,36.53543,12.0,47.33005,-0.4913209
-152.5387,15.99886,12.0,16.106070000000003,-0.5070935000000001
-153.2482,12.673169999999999,12.0,3.7608949999999997,0.5847088
-148.1303,10.45675,12.0,11.83802,0.545994
-146.4087,-0.9446408000000002,12.0,19.525029999999997,0.5118056
-143.5705,-17.80884,12.0,26.64333,0.2661766
-141.9651,-34.1173,13.0,5.221954,0.6651421
-143.6889,-40.7808,13.0,13.304020000000001,0.28662600000000005
-151.8452,-50.171490000000006,13.0,20.616629999999997,0.2615215
-166.043,-60.27381,13.0,24.823829999999997,-0.760834
-163.0005,-73.9089,13.0,17.50449,-0.03722913
-149.3742,-75.30196,13.0,21.77569,0.19794
-135.0441,-72.27466,13.0,19.18815,0.8423861999999999
-118.6476,-78.03206,13.0,26.970470000000002,0.20177989999999998
-107.3112,-96.41734,13.0,32.51279,0.3671906
-112.8433,-120.7237,13.0,36.59445,0.13632339999999998
-136.6593,-132.3185,13.0,32.91822,-1.627449
-145.5887,-122.9486,13.0,7.648032000000001,-1.24399
-139.6215,-122.8193,13.0,10.708680000000001,-0.3085474
-140.036,-122.8465,13.0,6.455011,0.5439248999999999
-145.1618,-126.7632,13.0,9.102564,-0.4789209
-145.5124,-128.9868,13.0,2.170599,0.6816911999999999
-143.8224,-124.3257,13.0,11.219389999999999,0.6175876
-139.9286,-113.8917,13.0,19.041439999999998,0.44180070000000005
-147.6792,-99.86731999999999,13.0,25.390620000000002,0.30052209999999996
-164.1215,-102.7304,13.0,22.118389999999998,-0.3683883
-167.3594,-121.6141,13.0,30.52725,0.5246928000000001
-167.5069,-146.7879,13.0,37.438340000000004,0.504853
-167.9129,-177.0981,13.0,43.96059,0.2205534
-167.9729,-211.9592,13.0,50.10545,0.44576099999999996
-162.0274,-248.0253,13.0,45.29112,-0.5081786
-134.7803,-255.7874,13.0,33.8168,-1.485643
-128.0184,-235.6535,13.0,34.168420000000005,0.7742269
-127.3562,-206.7733,13.0,41.181490000000004,0.1000229
-125.1682,-185.6278,13.0,15.31365,-0.298234
-115.3416,-181.5568,13.0,17.67093,0.6397884
-105.6559,-193.2492,13.0,24.98216,0.4911576
-105.8463,-214.21599999999998,13.0,31.943859999999997,0.239387
-107.60799999999999,-240.18599999999998,13.0,38.16202,0.168258
-93.64723000000001,-266.2878,13.0,42.495870000000004,0.1144327
-64.08116,-269.7348,13.0,42.59987,-0.01552108
-49.37461,-243.4845,13.0,43.91414,0.4264669
-46.44287,-209.9253,13.0,41.36795,-1.355542
-30.775140000000004,-182.6267,13.0,45.61668,0.4098523
-5.629549,-156.6693,13.0,51.5686,0.4412492
9.890746,-124.8931,13.0,44.92566,-0.700743
-5.883122,-103.9987,13.0,30.429409999999997,-1.037052
-7.336307000000001,-82.69459,13.0,33.32235,0.2434549
-5.673264,-55.5386,13.0,40.054790000000004,0.2274337
-4.814280999999999,-23.508960000000002,13.0,46.43587,0.464233
-4.092928,13.092210000000001,13.0,52.16663,0.3084329
-18.7655,40.42651,13.0,34.38671,-0.5558536999999999
-34.14738,36.86414,13.0,13.496570000000002,-0.35861329999999997
-35.1025,32.58607,13.0,0.07760774,0.0008851156
-35.15123,32.59261,13.0,0.06065456,-0.03219611
-34.82636,33.462379999999996,13.0,4.668113,0.5882765999999999
-33.56765,39.633390000000006,13.0,11.89438,0.19236879999999998
-32.25201,44.6612,13.0,1.845768,-0.6888958000000001
-33.11965,43.01031,13.0,6.6364220000000005,0.567774
-40.38755,41.632259999999995,13.0,14.315339999999999,0.5336177
-53.13796,45.0235,13.0,21.32696,0.2365167
-71.34640999999999,44.05424,13.0,27.900990000000004,0.23627529999999997
-94.18295,42.006609999999995,13.0,34.02256,0.42864659999999993
-121.4666,42.03216,13.0,39.39813,0.1531191
-145.1616,26.66687,13.0,38.08618,-0.01009404
-146.9003,-2.20451,13.0,42.01565,0.3934094
-144.8666,-35.0713,14.0,45.62485,-0.23239110000000002
-158.7828,-57.64591,14.0,29.91175,-0.7887066999999999
-159.2585,-73.25341,14.0,25.11583,0.700038
-139.391,-75.57136,14.0,30.3883,0.2161335
-117.8329,-85.03843,14.0,34.81758,0.3018805
-109.8448,-109.68700000000001,14.0,37.58027,0.0813228
-127.3282,-130.737,14.0,38.9847,-0.2934242
-146.0135,-124.8266,14.0,19.85859,-1.658771
-145.9619,-119.8445,14.0,1.7220419999999999,0.09430292
-146.86700000000002,-118.7687,14.0,1.8147240000000002,-0.01821747
-147.6714,-117.9279,14.0,1.354339,-0.02060484
-149.8659,-117.2097,14.0,3.949101,-0.0049536
-150.4075,-117.2198,14.0,3.962014,0.6584270000000001
-145.9063,-113.0979,14.0,12.57306,0.5545979999999999
-146.5996,-101.6783,14.0,19.66546,0.451824
-161.3397,-98.07876999999999,14.0,24.34545,0.26643249999999996
-167.8226,-115.3453,14.0,29.209809999999997,0.2604163
-166.3908,-139.56,14.0,36.22105,0.24967289999999998
-166.687,-168.9017,14.0,42.94175,0.49373190000000006
-167.282,-203.0688,14.0,49.23187,0.45124140000000007
-164.157,-240.4308,14.0,46.580709999999996,-1.3932440000000001
-145.3734,-254.7768,14.0,19.47171,-2.263679
-141.7178,-251.0788,14.0,3.978678,-0.1597264
-140.3477,-248.8613,14.0,6.072147,0.48374529999999993
-133.5619,-249.0403,14.0,13.50804,1.3319530000000002
-124.039,-251.4705,14.0,11.652339999999999,-0.35445740000000003
-121.0912,-244.542,14.0,14.151860000000001,1.0269840000000001
-124.586,-231.3056,14.0,22.49057,0.2786274
-126.9963,-211.99099999999999,14.0,30.005959999999998,0.26764640000000006
-126.5358,-187.4785,14.0,33.86594,-0.41677120000000006
-109.4006,-180.7406,14.0,22.25277,-0.2695499
-105.8007,-200.2852,14.0,36.74006,1.496076
-107.1076,-234.8904,14.0,56.163630000000005,0.5659605
-89.14648000000001,-268.7535,14.0,46.25629,-0.6723048
-57.25362,-266.4604,14.0,44.88922,-0.49502479999999993
-48.73888,-236.7957,14.0,45.01273,0.4767464
-43.57635,-202.8522,14.0,49.08744,0.3544286
-19.58867,-173.3429,14.0,54.234930000000006,0.1993997
7.350885000000001,-142.5563,14.0,52.743080000000006,-1.378399
4.51687,-117.4153,14.0,27.41967,-0.4328192
-5.197436,-99.72102,14.0,30.81764,0.2318175
-4.861239,-74.4185,14.0,37.59538,0.2552058
-2.733912,-44.083690000000004,14.0,44.24508,0.4536919
-2.299394,-9.017532000000001,14.0,50.42174,0.2130315
-7.0054039999999995,28.632379999999998,14.0,46.97356,-0.5910802
-34.06738,42.599920000000004,14.0,43.70251,0.36398270000000005
-68.70803000000001,40.321670000000005,14.0,49.76951,0.2151065
-107.7386,40.90675,14.0,55.57105,0.36096409999999995
-140.6174,34.57154,14.0,35.007670000000005,-1.7176529999999999
-144.7915,21.94921,14.0,2.5643830000000003,-0.5552326999999999
-142.431,23.96061,14.0,5.006106,0.3839749
-141.4094,25.2706,14.0,3.4998660000000004,0.6728081
-145.1531,21.74663,14.0,9.803234,0.27156579999999997
-149.57399999999998,22.05245,14.0,0.9131306,-0.6974986
-147.1718,20.55957,14.0,8.466737,0.6593800999999999
-141.8712,12.867230000000001,14.0,17.0358,0.5962366
-140.8676,-2.64495,14.0,25.096510000000002,0.29588709999999996
-143.112,-24.08425,14.0,32.838809999999995,0.5314358
-141.903,-37.03965,1.0,8.380566,0.6721438
-143.8476,-46.34688,1.0,17.30627,0.5974480999999999
-155.7821,-56.54549,1.0,25.53538,0.5935215
-161.2943,-73.19938,1.0,25.94291,-0.3042776
-145.8308,-71.9061,1.0,25.82961,0.5152095999999999
-135.8779,-68.27763,1.0,0.266972,-0.01989884
-135.8575,-68.27965999999999,1.0,0.02605986,0.000619481
-135.8389,-68.28229,1.0,0.02955083,0.01596252
-135.8257,-68.28792,1.0,0.3662982,0.7700853
-136.0148,-70.93672,1.0,4.640130999999999,-0.02575202
-135.6608,-74.14584,1.0,3.980869,-0.07513469
-136.7889,-76.44066,1.0,2.235128,-0.9573466999999999
-134.9429,-75.41686999999999,1.0,7.439083,0.6317986999999999
-126.2857,-75.87234000000001,1.0,16.1431,0.3103249
-116.3764,-85.925,1.0,23.50679,0.5582656
-110.1531,-105.0722,1.0,30.67205,0.2046083
-119.25,-127.3678,1.0,35.78157,0.2702545
-142.2935,-130.4103,1.0,27.25635,-1.117958
-143.2804,-116.0658,1.0,22.9522,0.5149652
-138.4574,-108.7098,1.0,0.02064807,-0.01944929
-138.4583,-108.7273,1.0,0.02638859,-0.0025414770000000003
-138.4832,-108.7322,1.0,0.6823812,0.7897470999999999
-142.6043,-108.3111,1.0,8.297343,-0.03517152
-145.7232,-110.8303,1.0,0.4535192,0.21844960000000002
-144.455,-107.3363,1.0,9.4497,0.6163472
-148.1952,-98.51873,1.0,17.36545,0.5232266999999999
-160.2313,-96.77165,1.0,15.25818,-0.1640588
-166.4019,-106.774,1.0,22.75231,0.5751041
-169.4201,-128.1851,1.0,35.20251,0.7841796999999999
-163.7953,-155.5094,1.0,39.74296,-0.4097396
-166.04,-181.1454,1.0,31.37857,-0.2317187
-167.7226,-206.1017,1.0,41.10911,-0.1831188
-166.1757,-234.4919,1.0,34.76591,-0.293867
-153.8159,-250.5043,1.0,25.38051,0.07827242
-133.2743,-247.9577,1.0,31.091490000000004,0.004399030999999999
-122.39200000000001,-232.4702,1.0,23.07293,-0.4259425
-130.9492,-217.733,1.0,21.879279999999998,-0.1021155
-122.9287,-204.1977,1.0,18.8005,-0.22819539999999996
-124.9596,-191.2948,1.0,16.33195,-0.1919658
-117.4931,-183.9003,1.0,19.3305,0.3306687
-110.7218,-193.1692,1.0,15.350979999999998,-0.24955460000000002
-110.053,-203.7436,1.0,14.51455,0.3909227
-109.0502,-217.9592,1.0,23.20901,0.28116840000000004
-106.92399999999999,-237.8637,1.0,30.73938,0.5142167999999999
-98.23149000000001,-261.13,1.0,36.65475,0.31721370000000004
-73.11046999999999,-271.21299999999997,1.0,39.35807,0.09436441
-52.90943000000001,-252.234,1.0,39.67648,0.0161095
-49.7951,-221.4939,1.0,44.36572,0.16225979999999998
-32.837340000000005,-191.2281,1.0,49.58127,0.1864031
-7.36125,-161.821,1.0,55.32464,0.4109804
11.91297,-125.0501,1.0,51.78686,-2.473003
10.42408,-104.8152,1.0,5.50407,-1.52417
9.765094,-104.2473,1.0,0.33577490000000004,-0.175679
10.81228,-104.936,1.0,4.893081,0.42752929999999995
15.58063,-107.2721,1.0,8.451587,-0.0669193
18.50071,-106.9281,1.0,0.8801645,0.6489538
14.78219,-108.161,1.0,9.620774,0.6027986
5.718739,-112.1027,1.0,16.13464,-0.30732129999999996
-0.1286232,-102.1097,1.0,20.97476,0.5214032000000001
-0.33251040000000004,-84.3797,1.0,27.643290000000004,0.5180583
-5.166729,-61.9667,1.0,34.39882,0.48399090000000006
-6.0826769999999994,-34.05921,1.0,40.96883,0.22791950000000002
-6.320894,-1.370825,1.0,47.18184,0.4436081
-9.140326,33.447179999999996,1.0,41.0698,-1.6874360000000002
-22.128239999999998,44.21177,1.0,13.09411,-0.01867326
-32.21548,37.886359999999996,1.0,19.92768,0.48574639999999997
-49.52852,39.63557,1.0,27.168309999999998,0.5127122000000001
-72.2261,39.52277,1.0,34.12787,0.2569303
-100.0144,39.87191,1.0,40.77052,0.2203047
-131.6859,40.123740000000005,1.0,38.88889,-1.06875
-144.3078,26.71513,1.0,15.761079999999998,-0.9083196
-138.0917,24.52701,1.0,10.28165,0.8247924000000001
-137.7518,24.23913,1.0,0.05650194,-0.03227574
-137.7798,24.21325,1.0,0.5794148,0.3567361
-141.5245,24.56907,1.0,8.499446,0.3416652
-148.8618,24.657420000000002,1.0,8.32081,-0.3985106
-151.1361,25.39003,1.0,1.45232,0.6151141999999999
-148.0735,22.722179999999998,1.0,9.652575,0.2814526
-148.5988,13.3024,1.0,16.84879,0.5218319
-151.1955,-0.6378149000000001,1.0,22.85204,0.4872366
-146.8995,-19.54717,1.0,29.4853,0.4645885
-147.9641,-43.20107,2.0,33.599909999999994,-0.3904003
-165.8692,-58.54064,2.0,30.902590000000004,-0.3479239
-159.8714,-72.95647,2.0,16.31617,-1.508942
-155.7294,-68.52588,2.0,0.2824645,-0.5245291
-155.6906,-68.52787,2.0,0.04586795,0.0006860585000000001
-155.8776,-69.16557,2.0,3.721999,0.25457260000000004
-156.3751,-72.80663,2.0,4.947127,-0.04424924
-156.981,-75.14674000000001,2.0,0.7741833,0.5670053
-153.6329,-72.94507,2.0,10.20477,0.6686137
-144.109,-76.57135,2.0,18.564729999999997,0.6100217
-130.9528,-82.59906,2.0,18.565360000000002,-0.2573696
-119.0026,-88.39047,2.0,22.344260000000002,0.6967671999999999
-110.5784,-107.4113,2.0,31.01492,-0.06858500000000001
-122.4589,-127.1962,2.0,32.88875,-0.03069559
-143.0052,-127.4393,2.0,23.01558,-1.09166
-140.7243,-113.8288,2.0,23.523229999999998,0.5231311
-144.565,-102.0169,2.0,19.49214,0.28049509999999994
-158.9883,-104.4771,2.0,18.64911,-0.2587889
-161.1905,-116.5436,2.0,16.80422,0.124669
-164.5833,-130.222,2.0,22.9608,0.5629247
-165.3184,-150.118,2.0,30.84027,0.5566845
-165.463,-175.8251,2.0,38.312540000000006,0.5468331
-165.8915,-206.8071,2.0,45.27587,0.2436161
-163.7662,-240.8092,2.0,34.877390000000005,-2.015674
-150.7089,-251.7738,2.0,24.8624,0.28160100000000005
-130.1084,-249.3613,2.0,30.084290000000003,-0.3792257
-127.7559,-231.7394,2.0,27.199240000000003,0.5231667
-125.805,-208.291,2.0,35.63175,0.5141837
-124.0462,-185.8015,2.0,15.31505,-2.295491
-115.4477,-184.7677,2.0,15.24709,0.4499247
-110.5291,-197.0559,2.0,22.63139,0.2909722
-108.8371,-216.7403,2.0,30.62687,0.5474190999999999
-105.0718,-241.9553,2.0,38.03403,0.5001405
-90.09879000000001,-267.3205,2.0,42.068670000000004,-0.1949723
-61.69772,-265.1504,2.0,41.45145,0.2702877
-48.85197,-238.4039,2.0,42.975640000000006,0.2071198
-45.45238,-204.9203,2.0,48.14431,0.08383845
-22.177229999999998,-176.0956,2.0,53.26619,0.47944970000000003
4.087084,-144.4479,2.0,53.17422,-0.9278628000000001
6.426936,-123.5018,2.0,17.60172,0.9028425999999999
-4.205093,-111.2972,2.0,25.70806,0.47826940000000007
-6.795678,-89.93183,2.0,33.0062,0.539239
-6.754913,-62.76654,2.0,40.29607,0.2529982
-6.92957,-30.298779999999997,2.0,47.19356,0.477315
-7.347152,7.056853,2.0,53.6605,0.4462058
-14.77781,41.16972,2.0,34.89307,-2.723496
-26.02586,45.80048,2.0,1.518342,-0.5773048000000001
-26.00239,42.14575,2.0,9.501574,0.5673142
-35.02055,40.749759999999995,2.0,17.5517,0.2968332
-49.66955,46.68376,2.0,25.046310000000002,0.2307588
-70.71816,43.43958,2.0,32.62498,0.5393561
-97.61335,41.490990000000004,2.0,39.92248,0.25131079999999995
-129.6281,39.44247,2.0,46.510020000000004,0.1413364
-150.3786,24.053739999999998,2.0,22.67837,-2.230585
-149.0002,19.1799,2.0,4.386527,0.6838418
-143.7914,16.64627,2.0,12.88813,0.6301985
-146.6958,5.0419410000000005,2.0,20.86211,0.5868953
-149.671,-11.1797,2.0,26.64432,0.5581334
-146.0553,-33.22655,2.0,33.82011,0.4466063
-143.638,-41.25311,3.0,11.49807,-0.02642758
-149.2647,-49.525859999999994,3.0,18.25516,-0.0489461
-160.3627,-53.9786,3.0,14.63439,-0.2429493
-166.5828,-60.087140000000005,3.0,10.75267,-0.1856254
-164.1462,-67.35606,3.0,13.140820000000001,0.6001663
-153.1303,-72.39604,3.0,20.831039999999998,0.28472559999999997
-135.0492,-73.72475,3.0,28.410320000000002,0.2787534
-116.9659,-83.88438000000001,3.0,25.54671,-0.3747487
-108.1799,-99.41264,3.0,28.130740000000003,1.348431
-110.7182,-119.2551,3.0,24.58971,-0.2100592
-121.5397,-130.9678,3.0,19.95512,0.6198796
-138.0196,-132.0119,3.0,22.08569,-0.5575806999999999
-145.2721,-113.7975,3.0,31.278959999999998,-0.3791377
-157.9927,-103.4315,3.0,15.968420000000002,-0.24597489999999997
-166.4247,-113.5399,3.0,22.76184,0.5765596
-168.8773,-133.189,3.0,30.670279999999998,0.274278
-169.1275,-158.5844,3.0,37.92521,0.5317048000000001
-167.2037,-189.1682,3.0,44.84918,0.5018764
-163.9699,-224.5922,3.0,49.80121,-0.15821400000000002
-156.6242,-255.6075,3.0,35.467009999999995,-1.561849
-137.4774,-254.8995,3.0,27.285159999999998,0.269379
-125.0816,-236.1917,3.0,33.1814,0.09246006
-128.4846,-210.1868,3.0,36.55728,-0.2719
-124.9153,-185.4296,3.0,30.1049,-0.8305503000000001
-110.353,-180.6372,3.0,21.176679999999998,-0.37586420000000004
-110.0629,-196.9035,3.0,25.81468,0.2011631
-104.7207,-217.8013,3.0,31.598779999999998,-0.2205554
-105.9794,-239.4506,3.0,27.582859999999997,0.1024478
-101.8542,-262.914,3.0,36.53011,0.18133929999999998
-77.89107,-270.5992,3.0,37.8061,0.5526778
-60.38835,-268.5169,3.0,12.963989999999999,-1.0022790000000001
-56.16647,-266.6582,3.0,0.2903059,-0.35436449999999997
-57.15466,-267.3624,3.0,0.7408994000000001,-0.09685358
-56.14396,-266.4436,3.0,5.092864,0.2206348
-52.738459999999996,-262.7421,3.0,7.87637,0.06660496
-48.27917,-263.5506,3.0,2.41867,-0.8035443
-49.1359,-261.9218,3.0,7.023232000000001,0.6084459
-49.74215,-253.8618,3.0,15.225760000000001,0.6196038
-46.18739,-240.1037,3.0,23.02065,0.5364629
-43.5087,-220.5348,3.0,30.28678,0.24679139999999997
-40.2582,-195.6819,3.0,36.91683,0.2528576
-22.9202,-173.4125,3.0,41.46203,0.2240964
-4.198028,-155.739,3.0,24.2035,-0.2007692
8.157928,-145.5408,3.0,19.15523,-0.3699257
11.72938,-134.0586,3.0,14.52452,-0.29211809999999994
7.055333,-122.9576,3.0,20.00721,0.2762005
-2.959677,-108.648,3.0,27.271559999999997,0.5220787
-9.591237,-86.78989,3.0,34.14418,0.4845630999999999
-9.76975,-59.20001,3.0,40.50785,0.23481880000000002
-5.077527,-27.046709999999997,3.0,46.86097,-0.6666502
-3.544337,3.303246,3.0,29.189320000000002,-2.393727
-4.72392,14.261820000000002,3.0,3.710961,-0.1714205
-5.603032,19.01277,3.0,11.009360000000001,0.599681
-8.876072,29.745440000000002,3.0,19.228920000000002,0.5673768
-20.93122,41.03863,3.0,26.325129999999998,0.5343505999999999
-42.19036,44.84214,3.0,32.844809999999995,0.244658
-69.10703000000001,44.56988,3.0,39.7231,0.5086764
-100.8819,42.57649,3.0,46.21862,0.4826897
-133.8074,38.35544,3.0,39.63098,-1.596567
-150.3878,20.1109,3.0,32.57516,-0.3665843
-143.792,-3.7324349999999997,3.0,35.69696,0.4161152
-144.3639,-32.40847,3.0,41.870459999999994,0.4648719
-152.7789,-53.571999999999996,4.0,19.45221,-0.5068096
-166.3175,-56.577130000000004,4.0,19.1337,-0.0156291
-162.8682,-69.31786,4.0,23.166320000000002,0.4750195
-144.0887,-72.51869,4.0,29.61852,0.47495200000000004
-121.836,-81.00841,4.0,35.46666,0.363275
-108.2448,-104.8006,4.0,39.06677,-0.34006290000000006
-120.6758,-128.9526,4.0,37.27926,-0.1017253
-143.1914,-126.7955,4.0,30.68699,-0.2177672
-144.9701,-104.9421,4.0,30.31493,-0.24354720000000002
-157.1573,-99.54541,4.0,17.78656,0.7573553000000001
-166.513,-112.3123,4.0,25.641939999999998,0.4921289000000001
-169.8091,-133.7867,4.0,32.96458,0.5213767
-169.2057,-160.5552,4.0,39.59417,0.2426275
-166.396,-192.247,4.0,46.105059999999995,0.22356779999999998
-163.3994,-228.207,4.0,48.55191,-0.7280955
-157.7426,-251.8458,4.0,20.43749,-0.38375679999999995
-144.3376,-257.9074,4.0,22.983439999999998,0.2732033
-130.1641,-249.4437,4.0,26.746920000000003,0.2555491
-125.0727,-227.4479,4.0,33.58289,0.1779707
-128.8305,-200.6728,4.0,39.51447,0.186882
-115.8895,-177.4343,4.0,34.36541,-0.44636090000000006
-99.34786,-186.1499,4.0,23.95399,-0.5616068000000001
-110.823,-195.7628,4.0,23.95833,0.03332131
-114.5549,-201.5524,4.0,0.018015299999999998,-0.00810516
-114.5549,-201.5528,4.0,0.01538334,0.01088629
-112.6191,-201.7469,4.0,5.305905,0.5168673
-109.7305,-198.7274,4.0,3.515925,-0.6419389
-109.6241,-199.1005,4.0,4.286428,0.5319866999999999
-108.6081,-204.8197,4.0,11.32195,0.2529188
-106.4631,-215.5247,4.0,17.9733,0.4847153
-105.1856,-231.048,4.0,24.06672,0.21963739999999998
-105.3284,-250.9912,4.0,29.522,0.3162787
-92.39551999999999,-269.4692,4.0,32.84726,0.06091914
-67.68332,-269.6596,4.0,36.0038,0.28003279999999997
-49.74757,-250.8707,4.0,36.893840000000004,0.04677786
-48.70223,-221.7212,4.0,41.24617,0.2481339
-38.466640000000005,-191.3712,4.0,45.31123,0.2067774
-14.87451,-166.8385,4.0,45.90619,-0.435738
4.037616000000001,-149.4511,4.0,22.50243,-0.4915892
12.4987,-138.1696,4.0,16.0403,-0.2285636
7.818575,-124.1909,4.0,24.71218,0.4186295
-4.023645,-107.7457,4.0,30.00484,0.3815045
-9.922851,-84.27977,4.0,35.20216,0.16488699999999998
-9.689786,-56.44576,4.0,40.09047,0.34188
-4.028543,-25.45374,4.0,44.820479999999996,0.3387235
-2.523144,9.002522,4.0,48.477709999999995,0.2382383
-12.356810000000001,34.6474,4.0,27.96915,0.3053643
-32.440509999999996,43.56975,4.0,32.43375,0.35619559999999995
-58.31266,43.26958,4.0,37.5676,0.370593
-88.02620999999999,43.04188,4.0,42.500690000000006,0.3550433
-119.7823,40.04578,4.0,40.307790000000004,-0.7145130000000001
-138.7334,36.50499,4.0,14.20236,0.663799
-146.6649,26.58666,4.0,20.529529999999998,0.2029206
-147.4657,9.367204,4.0,26.244840000000003,0.21125529999999998
-143.1265,-11.74593,4.0,31.888,0.19262200000000002
-142.8742,-36.62162,5.0,32.48734,-0.3869869
-155.7782,-52.13445,5.0,27.60387,0.16822779999999998
-168.7189,-64.42104,5.0,19.30505,-0.5723772
-158.3654,-69.62212,5.0,15.8126,0.26941329999999997
-143.4291,-72.24724,5.0,24.13599,0.4418004
-124.3684,-78.25075,5.0,29.7526,0.3573455
-108.8317,-95.09976,5.0,33.38322,0.1659289
-111.9296,-119.5161,5.0,33.17542,-0.24981710000000001
-128.8385,-133.1132,5.0,27.10437,-0.3417685
-142.003,-123.7614,5.0,24.33142,0.1952047
-149.9585,-105.74600000000001,5.0,29.344479999999997,0.29116859999999994
-165.1751,-102.9507,5.0,16.433239999999998,-0.9347683000000001
-164.6609,-115.0427,5.0,18.44639,0.7739165
-167.3818,-132.0831,5.0,29.34147,1.263077
-168.6607,-160.7208,5.0,45.46265,0.5628032
-164.4248,-196.206,5.0,51.52082,0.49433599999999994
-164.1793,-227.0893,5.0,25.600920000000002,-1.110017
-162.8348,-242.2607,5.0,17.759320000000002,-0.4324338
-157.972,-252.5788,5.0,15.612979999999999,0.7740060999999999
-144.4906,-260.1974,5.0,25.41147,0.17598329999999998
-128.8158,-247.4793,5.0,34.029140000000005,1.020848
-126.1345,-218.8329,5.0,41.51562,-0.6924244
-128.6248,-195.5157,5.0,20.83928,-0.4920337
-123.0377,-184.1496,5.0,15.748829999999998,0.7537889
-108.4729,-184.145,5.0,24.297710000000002,0.07333682
-102.4745,-201.58700000000002,5.0,29.812379999999997,0.8795134
-104.1247,-226.8406,5.0,36.87028,0.3310276
-105.1273,-253.1103,5.0,31.973740000000003,-0.6465430999999999
-92.51284,-269.7769,5.0,30.940640000000002,0.282529
-68.60144,-270.3049,5.0,34.88123,0.12123710000000001
-51.32835,-251.8726,5.0,36.7562,0.28844169999999997
-47.16151,-223.0256,5.0,41.57302,0.35988020000000004
-39.53733,-191.56,5.0,45.77925,0.1852282
-16.91299,-165.5522,5.0,47.35021,-1.380557
-1.7776290000000001,-155.3476,5.0,13.36381,-0.35378990000000005
4.915359,-150.5676,5.0,8.937727,-0.3040558
9.039558999999999,-146.7678,5.0,8.366239,0.5072683
13.03975,-139.1835,5.0,14.9777,0.4375544
9.873507,-126.5258,5.0,20.9359,0.42872840000000006
-0.6391916999999999,-112.3342,5.0,26.699240000000003,0.2096694
-8.334749,-91.93217,5.0,32.153059999999996,0.3748259
-10.50862,-66.42319,5.0,37.143609999999995,0.17395850000000002
-5.564963,-37.49511,5.0,42.01573,0.169381
-1.435592,-4.9512160000000005,5.0,45.72968,-0.9704033999999999
-4.95346,20.51671,5.0,19.71548,-3.4723949999999997
-8.349005,28.63066,5.0,14.54676,0.4737854
-16.56244,38.65442,5.0,20.63585,0.422041
-32.70694,44.73129,5.0,26.26155,0.1941888
-54.2323,45.191990000000004,5.0,31.88373,0.4138353
-79.86950999999999,44.31808,5.0,37.206140000000005,0.3620139
-109.2016,42.14223,5.0,41.97685,-0.27755690000000005
-133.5911,39.283390000000004,5.0,18.93496,-0.504302
-145.0252,29.31918,5.0,23.95242,0.3687426
-147.8143,10.004010000000001,5.0,29.176890000000004,0.36398070000000005
-142.8874,-13.08175,5.0,34.4974,0.3612506
-143.2382,-37.19705,6.0,22.6883,-1.342493
-147.4133,-47.14608,6.0,16.32624,1.029084
-158.408,-54.846169999999994,6.0,16.731579999999997,-0.392491
-166.0408,-61.171459999999996,6.0,12.68162,0.7869435
-159.9316,-71.72125,6.0,22.767979999999998,0.6232964
-139.0366,-71.77138000000001,6.0,35.02884,0.6985791
-114.1942,-85.96318000000001,6.0,41.55853,-0.35721529999999996
-112.98700000000001,-110.7575,6.0,24.98554,-2.266807
-117.3983,-120.4493,6.0,11.8798,0.22080679999999997
-123.1764,-131.4912,6.0,17.91496,-0.2777071
-136.1762,-132.9518,6.0,21.40878,0.4046765
-144.7898,-118.4431,6.0,27.080940000000002,0.5660914
-149.2287,-105.1944,6.0,7.923433999999999,-0.2712921
-154.6817,-101.4898,6.0,12.67636,0.6547012
-164.8059,-103.8379,6.0,15.618960000000001,0.20752960000000004
-167.4028,-118.3468,6.0,26.47745,1.0396940000000001
-168.9586,-143.0325,6.0,39.51842,0.42952570000000007
-168.0431,-176.484,6.0,50.49196,0.7619305000000001
-164.1716,-215.8484,6.0,51.33866,-0.7612002
-162.0887,-248.7773,6.0,36.35337,-1.376937
-145.3682,-258.1452,6.0,22.79634,-0.5225049
-131.7946,-252.2772,6.0,21.31232,0.4262983
-125.2899,-234.9093,6.0,28.010920000000002,0.40655749999999996
-126.6222,-212.2727,6.0,33.34988,0.3895754
-127.7232,-187.9155,6.0,24.729029999999998,-1.31677
-116.5032,-182.2686,6.0,20.33014,0.19090620000000003
-104.6355,-192.9236,6.0,24.827189999999998,0.35692429999999997
-102.8278,-213.1314,6.0,30.21022,0.39861820000000003
-105.5384,-237.3757,6.0,35.60564,0.3596606
-101.4021,-264.5627,6.0,38.32092,-0.238012
-78.21564000000001,-271.6164,6.0,30.73043,-0.6226388
-59.039809999999996,-266.1776,6.0,23.21595,-0.3007212
-49.40752,-251.9007,6.0,28.19265,0.4014202
-45.68176,-229.1832,6.0,33.69689,0.1953567
-42.68286,-202.4539,6.0,38.85004,0.3496163
-29.3866,-176.5518,6.0,41.291920000000005,0.2617297
-6.271776999999999,-159.4433,6.0,27.68389,-2.355695
3.649141,-151.908,6.0,12.24634,-0.1208797
10.1363,-145.4117,6.0,13.634920000000001,0.2633708
12.57494,-133.3712,6.0,21.25212,0.5761282
1.5462209999999998,-117.7558,6.0,32.56295,0.5116374
-8.450436,-90.72606,6.0,46.28625,1.027841
-8.58217,-51.81067,6.0,58.49371,0.8012971999999999
-1.211554,-7.57247,6.0,59.1036,-1.172128
-6.056577,22.1475,6.0,22.55574,-0.4756427
-13.65851,36.26807,6.0,23.99159,0.2667472
-33.11002,44.65358,6.0,34.934470000000005,0.9904502000000001
-64.45137,44.77152,6.0,49.87425,0.9919819
-105.8896,42.72613,6.0,53.90708000000001,-3.9845330000000003
-126.5842,39.461929999999995,6.0,14.02934,-0.3562033
-136.9798,37.126020000000004,6.0,19.916520000000002,0.6269766
-147.3124,24.42159,6.0,25.57415,0.3613499
-146.334,3.536028,6.0,31.0759,0.40230279999999996
-141.3266,-21.02773,6.0,36.23937,0.2763569
-142.0361,-36.243179999999995,7.0,9.249321,0.2550315
-144.5709,-45.21982,7.0,15.85281,0.43693760000000004
-155.7471,-52.910630000000005,7.0,21.69451,0.44050290000000003
-167.9114,-63.42719,7.0,20.096989999999998,-0.3226712
-164.199,-74.62066999999999,7.0,15.90369,0.204355
-151.8309,-76.35464,7.0,19.28986,0.3009695
-137.3198,-73.1312,7.0,21.093429999999998,0.2143797
-121.1237,-77.96114,7.0,27.62148,0.924113
-108.6494,-95.88741999999999,7.0,31.91208,0.22596020000000003
-113.3242,-119.6924,7.0,35.11043,0.08027852
-136.2255,-131.7959,7.0,35.036190000000005,-0.5564256
-147.2614,-121.0763,7.0,14.32405,-1.14581
-142.9713,-113.9172,7.0,14.100539999999999,1.033563
-148.7095,-103.4382,7.0,16.46725,0.05488104
-161.4707,-103.3144,7.0,20.97588,0.2079024
-166.3151,-116.9406,7.0,19.90622,0.09374047
-166.4786,-134.1681,7.0,27.80795,0.5121199000000001
-169.338,-159.9903,7.0,42.06662,0.9506988999999999
-169.9511,-195.7453,7.0,54.163019999999996,0.820894
-167.9376,-234.1534,7.0,45.33804,-0.9515483
-154.412,-253.4163,7.0,26.5014,-0.3622238
-137.4305,-253.2892,7.0,22.074279999999998,0.3364262
-126.0743,-241.5325,7.0,26.35939,1.160771
-126.0331,-218.6869,7.0,33.77968,0.3880515
-125.943,-191.7833,7.0,38.14399,0.04166557
-116.5413,-179.7532,7.0,13.65524,-0.2212907
-109.8652,-189.7381,7.0,20.90215,0.44922259999999997
-108.8783,-207.4425,7.0,26.88628,0.4347472
-108.5743,-229.4617,7.0,32.53155,0.4171098
-104.1996,-254.703,7.0,36.87113,0.09880762
-82.96524000000001,-272.0701,7.0,39.23133,0.09235895
-56.527319999999996,-263.9591,7.0,39.32294,0.009182756
-49.387240000000006,-235.8451,7.0,41.83948,0.3536336
-43.65587,-204.1335,7.0,45.118970000000004,0.02468256
-21.25975,-177.7627,7.0,48.99265,0.1501171
2.927225,-148.9758,7.0,47.09854,-2.090859
8.383401,-126.154,7.0,23.20683,-0.6045429
-3.029314,-109.4327,7.0,31.252879999999998,0.2397632
-4.924995,-82.24645,7.0,45.45543,0.6718597
-0.7106756,-42.35568,7.0,62.2536,1.096363
-2.094475,6.457196,7.0,62.48546999999999,-1.022559
-12.29734,39.36673,7.0,32.86115,-0.617366
-35.150940000000006,40.8681,7.0,37.570370000000004,0.4405857
-65.08745,40.43329,7.0,42.77341,0.1556675
-98.49063000000001,40.80645,7.0,47.42731,0.3371981
-134.4919,39.412009999999995,7.0,45.64157,-1.550904
-147.3093,22.0903,7.0,28.810290000000002,0.1674494
-145.2563,-1.230724,7.0,34.24933,0.403353
-145.6477,-28.50633,7.0,39.37873,0.1725981
-156.4504,-54.03305,8.0,35.57936,-0.5129668
-168.421,-67.61825999999999,8.0,21.28869,0.7546892
-155.5099,-78.96476,8.0,27.81555,0.2471692
-133.1761,-77.35579,8.0,32.36949,0.1271588
-114.19200000000001,-92.22693000000001,8.0,35.14424,0.17192720000000003
-113.458,-118.1969,8.0,37.04654,0.009615695
-135.8554,-132.0916,8.0,34.19912,-0.9018294
-146.6309,-127.4043,8.0,2.4628509999999997,-0.47672309999999996
-143.382,-124.6036,8.0,9.6911,0.4961713
-142.3246,-115.4185,8.0,16.104429999999997,0.44072690000000003
-150.8492,-104.4852,8.0,21.83239,0.1737287
-165.9429,-106.9711,8.0,23.773020000000002,0.121897
-166.8596,-125.6984,8.0,28.473029999999998,0.41754719999999995
-168.7334,-148.6177,8.0,33.736959999999996,0.38079840000000004
-171.016,-175.2784,8.0,38.64806,0.3524983
-169.1026,-205.7768,8.0,43.50997,0.33954650000000003
-166.8845,-239.4419,8.0,46.150220000000004,-0.6617565
-146.0507,-256.8437,8.0,33.31258,-1.17723
-129.5441,-244.3968,8.0,29.52709,0.8641110000000001
-127.2605,-220.7938,8.0,34.87105,0.1761095
-126.3829,-193.1807,8.0,38.55956,-0.46879490000000007
-114.8216,-179.5714,8.0,15.80879,-0.5937474
-107.6368,-189.1013,8.0,20.05191,0.21851929999999997
-106.7134,-206.1793,8.0,26.08752,0.21233670000000002
-105.9976,-227.7139,8.0,31.800309999999996,0.3868838
-103.18299999999999,-252.8719,8.0,36.54037,0.2493375
-83.97100999999999,-271.7452,8.0,38.538509999999995,0.06865338
-57.650380000000006,-264.8068,8.0,39.27237,0.1512848
-47.399029999999996,-237.8561,8.0,41.62678,0.349666
-43.86222,-205.5734,8.0,45.65081,0.02091641
-22.66871,-179.4203,8.0,47.7866,0.3169711
1.33318,-151.4295,8.0,50.14948,-0.7048789000000001
7.200710000000001,-122.8517,8.0,33.68779,-0.42945
-6.860301,-99.61333,8.0,39.163309999999996,-0.2130478
-2.863108,-70.025,8.0,42.68084,0.1609989
-1.254122,-36.67966,8.0,47.22615,0.1615448
-1.8143200000000002,-0.06052472,8.0,51.61123,0.32562800000000003
-9.525681,35.395720000000004,8.0,39.66267,-2.349621
-25.68093,42.23129,8.0,8.913138,-1.046014
-27.41524,38.003240000000005,8.0,9.197931,0.4405173
-35.57598,39.4904,8.0,15.46141,0.2232591
-45.45217,48.473009999999995,8.0,13.638110000000001,-0.6257503000000001
-48.02491,48.5867,8.0,0.01787589,-0.03729515
-48.21808,47.92054,8.0,3.5021739999999997,0.31908070000000005
-48.05126,44.47882,8.0,5.174427,-0.0385819
-47.46737,43.54053,8.0,3.6449849999999997,0.6567867
-52.90279,46.23166,8.0,12.69543,0.6182378000000001
-65.39536,45.22513,8.0,21.22834,0.6225904999999999
-84.01019000000001,42.92605,8.0,29.241970000000002,0.5748535
-108.3499,42.91962,8.0,36.612829999999995,0.5267748000000001
-136.3776,39.882909999999995,8.0,39.20041,-0.4012432
-144.0241,13.277420000000001,8.0,42.19872,0.3300504
-146.7358,-20.8737,8.0,48.60545,-0.6559811
-142.0532,-34.700590000000005,9.0,2.664311,-0.02861432
-143.0541,-38.95278,9.0,11.61663,0.3303063
-147.6335,-47.82597,9.0,12.78629,-0.106602
-155.1142,-52.513830000000006,9.0,14.139339999999999,0.8600962999999999
-164.351,-56.1378,9.0,11.85491,-0.23417600000000002
-166.8089,-63.470859999999995,9.0,12.65877,0.9809791999999999
-157.9117,-72.92184,9.0,19.91633,-0.38342170000000003
-144.8119,-72.93587,9.0,15.980089999999999,-0.11878920000000001
-132.3107,-74.07496,9.0,22.96359,0.6137127
-116.0563,-83.16314,9.0,25.91913,0.02668981
-107.5352,-100.2416,9.0,25.47887,-0.38891329999999996
-108.4788,-114.0199,9.0,12.27293,-0.18515299999999998
-111.5867,-122.4299,9.0,16.01537,1.346299
-121.7397,-133.3525,9.0,20.13053,-0.17748529999999998
-134.6274,-134.1337,9.0,15.90383,-0.1770701
-143.6127,-125.3862,9.0,22.24679,0.5771576
-149.6314,-106.9723,9.0,25.95661,-2.102357
-159.3784,-99.41060999999999,9.0,13.9535,-0.19364589999999998
-165.8935,-106.789,9.0,18.85875,1.167989
-168.2878,-126.2388,9.0,33.625640000000004,0.9874913000000001
-169.062,-155.629,9.0,43.92199,0.1642825
-166.4042,-189.5706,9.0,47.62404,0.21935500000000002
-163.4529,-222.7718,9.0,40.83997,-0.9688988000000002
-161.0392,-246.8976,9.0,26.51695,-0.2745566
-149.1463,-258.9727,9.0,20.759079999999997,-0.3567038
-136.086,-257.7806,9.0,19.8086,0.4912114000000001
-126.1488,-240.6695,9.0,33.961009999999995,0.6650851
-126.6145,-213.9559,9.0,34.97509,-0.24407270000000003
-128.7499,-194.9461,9.0,15.90241,-0.23105309999999998
-125.9804,-184.7879,9.0,12.91577,0.15298720000000002
-114.404,-181.9836,9.0,19.30707,-0.180997
-104.4358,-189.0803,9.0,15.03258,-0.24413020000000002
-102.4729,-203.2075,9.0,26.759940000000004,0.48723859999999997
-104.5204,-227.1639,9.0,36.85783,0.4586983
-104.9074,-254.3853,9.0,35.66527,-0.270687
-89.02729000000001,-272.2037,9.0,32.63774,-0.08554538
-65.47856,-269.6351,9.0,32.28593,-0.07916443
-50.69818,-251.4753,9.0,34.21855,0.13596
-46.19767,-225.655,9.0,36.50594,0.17793989999999998
-41.638870000000004,-199.1532,9.0,34.99432,-0.09212875
-31.244190000000003,-177.8471,9.0,29.384629999999998,-0.44480410000000004
-16.209329999999998,-165.3243,9.0,23.944760000000002,-0.1733696
-2.599837,-156.3054,9.0,20.2575,-0.29159050000000003
8.400352,-147.895,9.0,18.75525,0.14998920000000002
12.21146,-132.7379,9.0,24.60238,0.3979572
0.7635896,-116.3072,9.0,29.235570000000003,0.13028900000000002
-8.472916,-96.60647,9.0,29.94882,0.06745962
-11.303980000000001,-74.1532,9.0,32.17262,0.3178301
-8.706811,-49.10512,9.0,35.129090000000005,0.1147657
-4.002414,-23.039460000000002,9.0,36.30141,0.0286036
-1.9955310000000002,3.39227,9.0,32.59578,-1.08165
-5.72855,22.70383,9.0,21.84285,-0.601557
-12.91756,35.74628,9.0,23.96005,0.3423406
-30.990140000000004,44.76735,9.0,31.067520000000002,0.4654157
-56.479130000000005,44.00806,9.0,38.1398,0.5233639
-87.45384,44.1843,9.0,45.068529999999996,0.4912834
-122.2473,40.94144,9.0,45.327709999999996,-1.1904780000000001
-145.7456,29.704,9.0,34.644659999999995,-0.13175620000000002
-143.2787,3.810164,9.0,38.72189,0.24584920000000002
-142.6113,-26.01991,9.0,36.13943,-1.571617
-145.89,-41.93742,10.0,16.03953,0.212754
-154.5995,-52.81422,10.0,18.43815,-0.16360379999999997
-165.3513,-58.524440000000006,10.0,14.56931,-0.32333850000000003
-165.2968,-68.36326,10.0,17.31072,0.2948068
-153.5445,-73.12319000000001,10.0,18.15617,0.04466387
-140.0927,-72.73595,10.0,17.36221,-0.1661475
-124.8822,-77.08029,10.0,26.38445,0.5722094
-109.5194,-92.25495,10.0,32.798790000000004,0.3764347
-109.4695,-117.7693,10.0,35.0722,-1.200721
-122.5736,-132.0385,10.0,22.469620000000003,-0.1865375
-136.9555,-132.472,10.0,17.55398,-0.166329
-144.8961,-121.0819,10.0,23.45881,0.6193585
-149.7482,-105.4101,10.0,11.08953,-2.891349
-153.1798,-102.1072,10.0,10.111239999999999,0.5847210999999999
-162.7392,-101.9099,10.0,16.95658,0.43279759999999995
-167.6466,-115.4304,10.0,23.501479999999997,0.4994484
-168.7612,-135.4503,10.0,30.4898,0.4879517
-168.5759,-160.4412,10.0,35.49736,0.2955107
-167.3854,-188.4124,10.0,39.46275,0.1383115
-164.6267,-216.8131,10.0,35.17736,-0.5672691
-163.3061,-240.1714,10.0,28.14678,-0.25912929999999995
-154.796,-255.7458,10.0,21.26455,-0.2186123
-139.1566,-259.1266,10.0,23.90136,-0.005348574
-128.0727,-245.4988,10.0,26.17341,0.1394085
-124.8116,-225.3705,10.0,29.33203,0.2274577
-127.4343,-203.6984,10.0,25.94691,-0.799265
-127.8684,-190.0783,10.0,15.128070000000001,-0.3334136
-122.6929,-182.5692,10.0,13.04073,0.48350360000000003
-110.9327,-183.1585,10.0,18.34359,0.1074576
-103.1901,-193.3071,10.0,18.941760000000002,0.1728102
-103.5451,-208.3018,10.0,21.461270000000003,0.1843555
-104.6469,-224.3803,10.0,21.78146,0.1905081
-106.0657,-243.3128,10.0,28.959259999999997,0.2332424
-101.404,-264.3954,10.0,29.0549,-0.17881860000000002
-80.23595999999999,-272.5424,10.0,35.952909999999996,0.2537395
-55.095969999999994,-262.0845,10.0,38.051590000000004,-0.18685970000000002
-48.00864,-233.8474,10.0,42.533120000000004,0.1533958
-42.6828,-202.65099999999998,10.0,39.96996,-0.3260225
-31.540020000000002,-178.9023,10.0,31.47922,-0.276918
-15.78749,-165.5074,10.0,24.90106,-0.4474505999999999
-5.270739,-158.1658,10.0,12.93821,0.3163342
5.437166,-150.399,10.0,19.78595,-0.1787231
13.376270000000002,-138.1069,10.0,24.17747,0.5433741
4.178422,-120.9163,10.0,30.17265,0.47911049999999994
-7.7308449999999995,-100.0751,10.0,36.16441,1.121717
-10.41034,-75.85563,10.0,31.703359999999996,0.4674394
-8.386845,-50.07246,10.0,38.12679,0.21940860000000004
-3.8345540000000002,-19.84151,10.0,44.18407,0.21216079999999998
-3.007295,14.61536,10.0,48.34513,-0.07174549
-20.34824,40.94732,10.0,42.662929999999996,0.147651
-52.90858000000001,44.602470000000004,10.0,47.1662,0.41886320000000005
-89.84354,43.884879999999995,10.0,52.443659999999994,0.17858970000000002
-127.1987,39.71855,10.0,42.682809999999996,-0.7797642
-148.5753,23.550929999999997,10.0,36.96025,-0.2189591
-142.4698,-3.7874760000000003,10.0,40.56042,0.3455605
-144.04399999999998,-32.90741,10.0,32.68933,-0.9455895000000001
-156.9284,-54.66815,11.0,36.60378,0.1608761
-169.88299999999998,-73.94463,11.0,25.37344,-1.160757
-158.5544,-78.98021,11.0,20.60462,0.40310609999999997
-144.602,-69.41605,11.0,25.77836,0.26035389999999997
-125.6562,-78.10065999999999,11.0,31.664890000000003,0.4561321
-110.4351,-95.13238,11.0,32.11288,0.8843354999999999
-112.727,-119.7295,11.0,34.05255,-1.233532
-128.4662,-132.931,11.0,28.07361,0.16607260000000001
-144.5978,-120.7205,11.0,31.794209999999996,0.20937379999999997
-147.7125,-103.4066,11.0,9.93073,-0.2412446
-158.2287,-100.916,11.0,21.153979999999997,0.5008059
-166.805,-114.866,11.0,26.350590000000004,0.2253031
-166.2827,-136.8467,11.0,33.01905,0.4618624
-168.4009,-163.5611,11.0,39.1578,0.4178652
-165.5764,-194.6464,11.0,45.15181,0.4121142
-163.1179,-229.4929,11.0,46.43099,-0.3560917
-155.0461,-255.2674,11.0,27.94748,-0.44289759999999995
-134.7035,-257.8293,11.0,29.27352,-0.2513975
-125.9482,-237.0602,11.0,33.90271,0.4693099
-127.0063,-209.6669,11.0,38.78156,-0.747397
-124.8288,-184.3568,11.0,30.59135,-1.326307
-108.3756,-183.7315,11.0,23.99517,-0.13451660000000001
-107.5059,-202.8916,11.0,29.27406,0.4148875
-105.9411,-226.71400000000003,11.0,35.44167,0.4765871
-105.3764,-254.8951,11.0,40.55905,0.2633158
-83.96535,-272.4767,11.0,39.31296,0.1104888
-55.763659999999994,-263.067,11.0,41.52664,-0.27158390000000004
-46.29509,-233.5458,11.0,44.81974,0.20065479999999997
-40.919340000000005,-198.6484,11.0,50.16107,0.120719
-19.8745,-168.6536,11.0,46.1352,-1.411629
3.007105,-153.1587,11.0,31.744970000000002,-0.5431161
12.221689999999999,-135.5668,11.0,23.57839,-0.5054761999999999
4.155918,-119.4625,11.0,27.9191,0.5026037999999999
-6.849517999999999,-99.56676,11.0,33.94822,0.44735010000000003
-10.4354,-72.43590999999999,11.0,40.063109999999995,0.42009759999999996
-6.7979899999999995,-40.82696,11.0,45.80066,0.4205514
-1.763308,-5.268834,11.0,51.14607,0.3387615
-9.523458999999999,31.98667,11.0,48.86755,-0.1579644
-39.43763,45.36013,11.0,46.67094,0.16263129999999998
-76.05384000000001,42.173770000000005,11.0,52.15994,0.3915611
-116.2237,40.77847,11.0,52.765190000000004,-0.9225530000000001
-146.5073,28.617240000000002,11.0,41.733259999999994,-0.37399440000000006
-145.6377,-0.5361901,11.0,42.35048,0.42430450000000003
-143.1786,-32.90872,11.0,42.66,-1.115665
-156.4292,-52.37234,12.0,27.47922,0.1743134
-168.4779,-65.58731,12.0,23.22328,-0.495204
-153.468,-71.81868,12.0,26.59958,0.5132045999999999
-131.7051,-73.44442,12.0,32.761379999999996,0.40648390000000006
-111.1311,-88.97815,12.0,37.56048,0.24664499999999998
-108.9013,-115.4461,12.0,32.20547,-1.044223
-123.6898,-130.2296,12.0,26.625220000000002,-0.5054761999999999
-140.3471,-131.2318,12.0,23.16068,0.26543459999999997
-146.6045,-114.4277,12.0,28.23487,0.2349308
-157.1449,-100.5466,12.0,21.30807,-0.2758144
-167.4035,-109.5862,12.0,24.105,0.9022924999999999
-167.1231,-132.6396,12.0,36.16567,0.4190374
-168.7281,-161.4736,12.0,41.85617,0.2124741
-166.3203,-194.7207,12.0,47.675090000000004,0.4057087
-164.2567,-231.7745,12.0,49.52446,-1.458282
-150.9248,-257.7571,12.0,32.860240000000005,-1.242334
-132.8054,-250.2482,12.0,29.66793,0.3477567
-126.51100000000001,-227.1628,12.0,35.25768,0.4709486
-127.7034,-200.2008,12.0,33.855779999999996,-0.4365183
-119.81200000000001,-180.2416,12.0,28.838279999999997,-0.09851094
-106.5914,-189.8896,12.0,24.676679999999998,0.2704573
-110.4377,-209.9343,12.0,30.824109999999997,0.24712089999999998
-108.9644,-235.2261,12.0,37.34913,0.4498692
-101.0315,-263.4952,12.0,41.50715,-0.10957539999999999
-74.04475,-270.7193,12.0,40.90118,0.455929
-47.691590000000005,-256.0647,12.0,39.09193,-0.4408562
-51.70621,-231.9664,12.0,31.7135,-0.27856790000000003
-52.90951999999999,-218.3138,12.0,6.53391,-0.4162651
-53.351780000000005,-214.9225,12.0,1.179466,-0.6594380999999999
-52.21136,-217.0591,12.0,7.528221,0.3046452
-44.87128,-217.3202,12.0,14.48015,0.4413303
-41.876870000000004,-207.106,12.0,13.00942,-0.1286243
-41.022690000000004,-195.308,12.0,20.68702,0.5061535
-33.7958,-179.0822,12.0,27.445220000000003,0.45300329999999994
-16.42688,-164.6461,12.0,33.842690000000005,0.470474
5.736098,-149.4066,12.0,37.22968,-0.11665439999999999
10.70702,-127.3232,12.0,28.493440000000003,-0.001163409
-3.688074,-106.0179,12.0,42.542590000000004,1.113559
-10.60731,-70.70206,12.0,52.99105,0.2580871
-4.521892,-30.209970000000002,12.0,57.79605,0.1573596
-3.245342,12.47064,12.0,50.47244,-1.8246950000000002
-14.401660000000001,36.71009,12.0,35.42507,0.161616
-39.47438,45.72249,12.0,39.02598,0.3757076
-70.46121,44.46781,12.0,44.820159999999994,0.2068985
-105.67200000000001,42.3402,12.0,50.35876,0.4968527
-141.5223,36.377309999999994,12.0,47.288109999999996,-0.2525035
-152.5186,15.880460000000001,12.0,15.921970000000002,-1.07893
-153.2217,12.6778,12.0,3.862049,0.6499147
-148.0804,10.38237,12.0,11.93202,0.5423814
-146.4047,-1.08932,12.0,19.56684,0.25863769999999997
-143.5342,-18.00321,12.0,26.729540000000004,0.512285
-141.9695,-34.15613,13.0,5.272277,0.30688499999999996
-143.7289,-40.87362,13.0,13.39875,0.551081
-151.9749,-50.252720000000004,13.0,20.70115,0.5018385000000001
-166.123,-60.431490000000004,13.0,24.7602,-0.40294640000000004
-162.8998,-73.9809,13.0,17.50542,0.005739786
-149.2253,-75.25818000000001,13.0,21.847939999999998,0.44620950000000004
-134.907,-72.28151,13.0,19.34036,0.9500017
-118.4933,-78.14734,13.0,27.040879999999998,0.4311026
-107.2611,-96.65598,13.0,32.57262,0.35673140000000003
-113.0114,-120.9375,13.0,36.64215,0.28241459999999996
-136.8948,-132.2798,13.0,32.778620000000004,-0.8715980999999999
-145.5523,-122.9089,13.0,7.44972,-1.239917
-139.5484,-122.7988,13.0,10.68517,-0.1511358
-140.0819,-122.8594,13.0,6.548062,0.5629460999999999
-145.1852,-126.8242,13.0,8.998251,-0.6520412
-145.5115,-128.9704,13.0,2.282857,0.6802688
-143.7803,-124.2538,13.0,11.27281,0.3301652
-139.9285,-113.7475,13.0,19.082179999999997,0.2726151
-147.836,-99.76347,13.0,25.412979999999997,0.1356969
-164.2152,-102.8578,13.0,22.08717,-0.1991445
-167.3709,-121.8429,13.0,30.6146,0.5237169
-167.5049,-147.066,13.0,37.47785,0.24121309999999999
-167.9169,-177.4299,13.0,44.0384,0.4569393
-167.9763,-212.3386,13.0,50.176359999999995,0.4222147
-161.8305,-248.285,13.0,45.24788,-0.2757182
-134.5605,-255.6721,13.0,33.69597,-0.7487057
-128.0467,-235.39,13.0,34.22916,0.3558019
-127.3558,-206.4683,13.0,41.21346,0.194872
-125.1027,-185.5427,13.0,15.25999,-0.34680409999999995
-115.2141,-181.5806,13.0,17.72494,0.3362354
-105.6142,-193.4339,13.0,25.021539999999998,0.23392870000000002
-105.8805,-214.4421,13.0,32.03076,0.5376243
-107.5586,-240.4702,13.0,38.218959999999996,0.3317051
-93.40462,-266.4896,13.0,42.513040000000004,0.10408889999999998
-63.812059999999995,-269.5932,13.0,42.5975,-0.0152059
-49.35425,-243.158,13.0,43.94746,0.2034511
-46.37005,-209.6353,13.0,41.15748,-1.283242
-30.54556,-182.3787,13.0,45.64853,0.19564589999999998
-5.357633,-156.3714,13.0,51.63906,0.3971708
9.85502,-124.5559,13.0,44.85392,-0.4313683
-6.0296959999999995,-103.8279,13.0,30.34388,-0.5279648
-7.300826,-82.44766,13.0,33.40609,0.4933616
-5.665593,-55.25235,13.0,40.13562,0.49428999999999995
-4.796466000000001,-23.16131,13.0,46.471990000000005,0.2150837
-4.127527,13.477089999999999,13.0,52.18975,0.1441676
-18.99886,40.526759999999996,13.0,34.206520000000005,-1.069731
-34.16655,36.76558,13.0,13.449110000000001,-0.2855417
-35.10309,32.58615,13.0,0.07785837,0.001479254
-35.1517,32.59267,13.0,0.07090253,0.06151799
-34.81519,33.496359999999996,13.0,4.763852,0.563392
-33.54618,39.71885,13.0,11.91075,0.09856413
-32.25054,44.67463,13.0,1.7313419999999997,-0.6742836
-33.152120000000004,42.972970000000004,13.0,6.730677,0.5722758000000001
-40.48655,41.65916,13.0,14.359879999999999,0.2835353
-53.293690000000005,45.042559999999995,13.0,21.40895,0.49191409999999997
-71.55555,44.02084,13.0,27.98031,0.4565595
-94.43836,42.01967,13.0,34.09328,0.4173665
-121.7525,41.97338,13.0,39.450590000000005,0.31275349999999996
-145.2888,26.40767,13.0,38.08432,-0.01116844
-146.8618,-2.509029,13.0,42.08183,0.40618000000000004
-144.8951,-35.39517,14.0,45.58125,-0.2742558
-158.9605,-57.78697,14.0,29.84546,-0.3956
-159.1109,-73.35561,14.0,25.16209,0.2969059
-139.1646,-75.57503,14.0,30.46139,0.43671109999999996
-117.6555,-85.22066,14.0,34.841440000000006,0.14825729999999998
-109.8952,-109.9532,14.0,37.60565,0.15454600000000002
-127.5955,-130.8298,14.0,38.86758,-0.7117696
-146.0538,-124.6905,14.0,19.54872,-1.9169060000000002
-145.9712,-119.8355,14.0,1.719988,-0.01247722
-146.8752,-118.7581,14.0,1.808959,-0.03445087
-147.6797,-117.9217,14.0,1.353146,-0.0070385840000000005
-149.8956,-117.2116,14.0,3.9477599999999997,-0.007882613
-150.3809,-117.2066,14.0,4.071257,0.6597273
-145.8598,-113.0177,14.0,12.66719,0.5749741
-146.6875,-101.5613,14.0,19.70203,0.2225114
-161.4985,-98.17059,14.0,24.36702,0.1311546
-167.8005,-115.556,14.0,29.29833,0.5349854
-166.3991,-139.8286,14.0,36.30675,0.5066132000000001
-166.6879,-169.2173,14.0,43.02035,0.4799495
-167.2834,-203.4335,14.0,49.30489,0.4391973
-164.0325,-240.7506,14.0,46.452490000000004,-0.8484173
-145.2283,-254.76,14.0,19.08204,-2.3171049999999997
-141.7137,-251.0496,14.0,3.9656160000000003,-0.07961964
-140.3121,-248.835,14.0,6.110234999999999,0.2406495
-133.4719,-249.0827,14.0,13.66073,0.9075818000000001
-123.9614,-251.4406,14.0,11.6222,-0.1941639
-121.111,-244.4388,14.0,14.235579999999999,0.5129951
-124.6199,-231.1422,14.0,22.585379999999997,0.5678591
-127.0106,-211.7689,14.0,30.09589,0.523821
-126.4366,-187.2332,14.0,33.72048,-0.8412972
-109.2666,-180.8441,14.0,22.20734,-0.2551431
-105.8258,-200.5475,14.0,36.86227,0.7714831
-107.0738,-235.291,14.0,56.3657,1.2045219999999999
-88.85425,-268.9231,14.0,46.03735,-1.314124
-56.990990000000004,-266.2446,14.0,44.80434,-0.5089725
-48.77284,-236.4638,14.0,45.08875,0.4616722
-43.40299,-202.5221,14.0,49.115320000000004,0.1668947
-19.28736,-173.0636,14.0,54.30751,0.4202694
7.503027,-142.1989,14.0,52.26228,-2.8616639999999998
4.375049,-117.2701,14.0,27.38338,-0.22931620000000003
-5.235989,-99.49814,14.0,30.896209999999996,0.46990740000000003
-4.837079,-74.14068,14.0,37.68119,0.5065128
-2.721781,-43.76813,14.0,44.28133,0.2333319
-2.306876,-8.648583,14.0,50.49543,0.4352521
-7.161033,28.951629999999998,14.0,46.780429999999996,-1.12915
-34.39653,42.56706,14.0,43.7671,0.38559390000000004
-69.0752,40.31921,14.0,49.84425,0.44783059999999997
-108.1589,40.93565,14.0,55.60576999999999,0.20375320000000002
-140.7958,34.39008,14.0,34.864779999999996,-0.8907206
-144.7765,21.93821,14.0,2.383283,-1.057706
-142.4059,23.989060000000002,14.0,4.961193,-0.26464570000000004
-141.4245,25.24759,14.0,3.610179,0.6336255999999999
-145.2202,21.71998,14.0,9.814010000000001,0.06705476
-149.5805,22.05556,14.0,0.7844137,-0.6925701999999999
-147.1218,20.5215,14.0,8.520154,0.3280027
-141.835,12.74622,14.0,17.08439,0.2942254
-140.8748,-2.832893,14.0,25.193189999999998,0.5692991
-143.1472,-24.31788,14.0,32.88216,0.2766411
-141.9063,-37.100629999999995,1.0,8.495977,0.7197759
-143.9099,-46.45915,1.0,17.355970000000003,0.30612649999999997
-155.9452,-56.64974,1.0,25.630329999999997,0.5651029000000001
-161.1825,-73.34875,1.0,25.91809,-0.1576672
-145.6967,-71.76345,1.0,25.91403,0.5010045
-135.8777,-68.27788000000001,1.0,0.24635990000000002,-0.1241103
-135.8573,-68.27969,1.0,0.026123,0.0003833401
-135.8387,-68.28232,1.0,0.02463729,-0.02947324
-135.8265,-68.29066,1.0,0.4309313,0.4136014
-136.0105,-70.9708,1.0,4.635751,-0.02648599
-135.6631,-74.17562,1.0,3.9747339999999998,-0.03703868
-136.8011,-76.45038000000001,1.0,2.1474349999999998,-0.5556156999999999
-134.8913,-75.39809,1.0,7.5455,0.6464021
-126.1704,-75.90555,1.0,16.24172,0.5813
-116.2944,-86.08310999999999,1.0,23.60114,0.5505404
-110.1423,-105.3049,1.0,30.740009999999998,0.3923953
-119.4454,-127.5475,1.0,35.799659999999996,0.1132348
-142.4543,-130.2877,1.0,27.16818,-0.5377432
-143.1523,-115.9635,1.0,22.99592,0.27896329999999997
-138.4574,-108.71,1.0,0.02363004,0.01770894
-138.4583,-108.7275,1.0,0.02268082,-0.02296719
-138.4882,-108.73,1.0,0.8155228,0.7800293
-142.6619,-108.3279,1.0,8.291651,-0.03563324
-145.7211,-110.8271,1.0,0.5609234000000001,0.6361525
-144.4453,-107.2653,1.0,9.55288,0.6115090999999999
-148.296,-98.4333,1.0,17.40772,0.2532299
-160.3335,-96.82484000000001,1.0,15.203420000000001,-0.3175117
-166.4244,-106.9389,1.0,22.949289999999998,1.179243
-169.488,-128.4421,1.0,35.32816,0.743425
-163.7298,-155.7892,1.0,39.604659999999996,-0.8446531999999999
-166.0874,-181.3638,1.0,31.300009999999997,-0.48974940000000006
-167.7041,-206.4014,1.0,41.09156,-0.10867470000000001
-166.1511,-234.7388,1.0,34.66553,-0.6146604999999999
-153.6341,-250.5478,1.0,25.38737,0.04219995
-133.0549,-247.8844,1.0,31.124540000000003,0.1929712
-122.4592,-232.3153,1.0,23.0401,-0.2016521
-130.9074,-217.5834,1.0,21.89215,0.08443314
-122.9097,-204.0567,1.0,18.7268,-0.4269405
-124.9574,-191.175,1.0,16.26843,-0.3789074
-117.3463,-183.8976,1.0,19.37983,0.2886973
-110.7127,-193.2792,1.0,15.32975,-0.1354537
-110.0522,-203.8498,1.0,14.66141,0.8878646000000001
-109.0308,-218.1308,1.0,23.30371,0.5665383
-106.8929,-238.0864,1.0,30.825709999999997,0.5250408000000001
-98.05541,-261.3422,1.0,36.70644,0.30664509999999995
-72.82676,-271.1658,1.0,39.36398,0.03625555
-52.83715,-251.94400000000002,1.0,39.68182,0.03109814
-49.696000000000005,-221.1741,1.0,44.42344,0.33743179999999995
-32.60212,-190.9458,1.0,49.64907,0.40449120000000005
-7.100189,-161.4807,1.0,55.3929,0.3990121
11.947980000000001,-124.6697,1.0,51.57995,-1.272457
10.41203,-104.7783,1.0,5.01745,-2.884064
9.762951,-104.24600000000001,1.0,0.3108675,-0.14762429999999999
10.84326,-104.9565,1.0,4.962892,0.41648789999999997
15.64347,-107.2791,1.0,8.446208,-0.03255728
18.49425,-106.9301,1.0,0.9499951999999999,0.42773190000000005
14.71429,-108.18799999999999,1.0,9.670608999999999,0.2986197
5.597136,-112.1081,1.0,16.17713,0.25439229999999996
-0.1095857,-101.9553,1.0,21.06144,0.5208216
-0.399081,-84.18557,1.0,27.6847,0.2535331
-5.183505,-61.718230000000005,1.0,34.43809,0.2469739
-6.094126999999999,-33.7557,1.0,41.04752,0.4716639
-6.320735,-1.01275,1.0,47.25458,0.4267598
-9.254764999999999,33.72844,1.0,40.934,-0.8382858
-22.21034,44.16037,1.0,13.097000000000001,0.01771683
-32.35923,37.86589,1.0,19.96816,0.2537552
-49.727270000000004,39.65299,1.0,27.209459999999996,0.2549435
-72.48569,39.52187,1.0,34.21338,0.4944312
-100.318,39.88097,1.0,40.84925,0.48313420000000007
-131.9751,40.07223,1.0,38.800059999999995,-0.5317506999999999
-144.274,26.606509999999997,1.0,15.46904,-1.763005
-138.0216,24.49566,1.0,10.35242,0.4291879
-137.7518,24.2387,1.0,0.05786942,0.0077810859999999996
-137.7843,24.21479,1.0,0.7188571,0.8209153
-141.5854,24.56333,1.0,8.557935,0.36679320000000004
-148.9194,24.67605,1.0,8.187508,-0.7984588
-151.1259,25.38665,1.0,1.5040229999999999,0.32119759999999997
-148.0379,22.6579,1.0,9.749364,0.5599172
-148.6615,13.19098,1.0,16.936239999999998,0.5132689
-151.1496,-0.8054741999999999,1.0,22.93385,0.478066
-146.8711,-19.76149,1.0,29.562959999999997,0.47300349999999997
-148.076,-43.4232,2.0,33.56669,-0.2037197
-165.9675,-58.75208000000001,2.0,30.78475,-0.6773323
-159.7495,-72.96191,2.0,16.05469,-1.574925
-155.7292,-68.52616,2.0,0.234026,-0.303475
-155.6902,-68.52788000000001,2.0,0.04991191,0.02480072
-155.8844,-69.19266999999999,2.0,3.804671,0.4886392
-156.3793,-72.84170999999999,2.0,4.939612,-0.04656733
-156.9777,-75.14134,2.0,0.8965656999999999,0.713983
-153.56,-72.92765,2.0,10.31204,0.6621088
-144.0106,-76.66288,2.0,18.61444,0.31235409999999997
-130.8225,-82.62001,2.0,18.54322,-0.1414498
-118.8811,-88.51033000000001,2.0,22.58083,1.370275
-110.5982,-107.6524,2.0,30.99567,-0.1086868
-122.6611,-127.3319,2.0,32.88139,-0.04452712
-143.1203,-127.322,2.0,22.83013,-1.139314
-140.6217,-113.6826,2.0,23.57029,0.2574404
-144.7007,-101.9791,2.0,19.51505,0.14479070000000002
-159.0821,-104.5779,2.0,18.55239,-0.572164
-161.2085,-116.6642,2.0,16.81406,0.06172378
-164.614,-130.3945,2.0,23.05661,0.5679611999999999
-165.3148,-150.352,2.0,30.88502,0.2684993
-165.4676,-176.1133,2.0,38.35508,0.2577957
-165.8981,-207.1428,2.0,45.361979999999996,0.5039484000000001
-163.689,-241.0592,2.0,34.29132,-3.4344010000000003
-150.5206,-251.7926,2.0,24.95438,0.5262878000000001
-129.921,-249.2346,2.0,30.020120000000002,-0.3840059
-127.8017,-231.5516,2.0,27.242790000000003,0.2792808
-125.8184,-208.02200000000002,2.0,35.71682,0.5004073
-123.97,-185.7211,2.0,14.92821,-2.363177
-115.3475,-184.81799999999998,2.0,15.320670000000002,0.4472248
-110.51899999999999,-197.2272,2.0,22.73183,0.5862299
-108.8162,-216.9612,2.0,30.719309999999997,0.573905
-105.0058,-242.2359,2.0,38.11632,0.48616990000000004
-89.82968000000001,-267.4921,2.0,42.051109999999994,-0.10587939999999998
-61.454919999999994,-264.9775,2.0,41.47251,0.1357553
-48.87511,-238.0979,2.0,43.05182,0.46798199999999995
-45.310829999999996,-204.5885,2.0,48.176109999999994,0.1850889
-21.89679,-175.8089,2.0,53.34182,0.4472684
4.288404,-144.1053,2.0,53.021209999999996,-0.9100321
6.3391150000000005,-123.4032,2.0,17.69013,0.5388616999999999
-4.281926,-111.1229,2.0,25.746560000000002,0.2373545
-6.79225,-89.68108000000001,2.0,33.049,0.2542784
-6.756558999999999,-62.467769999999994,2.0,40.38367,0.5167909
-6.934505000000001,-29.956970000000002,2.0,47.27432,0.5040472
-7.347434,7.454393,2.0,53.69477,0.2118687
-14.9454,41.347559999999994,2.0,34.66389,-1.4954120000000002
-26.03111,45.79145,2.0,1.350486,-0.9993905000000001
-26.0357,42.087740000000004,2.0,9.550607000000001,0.31650229999999996
-35.13625,40.802620000000005,2.0,17.65354,0.6202998000000001
-49.853590000000004,46.6877,2.0,25.12185,0.4515415
-70.95306,43.40639,2.0,32.7156,0.5580243
-97.91005,41.48581,2.0,40.009190000000004,0.5105202999999999
-129.9702,39.3761,2.0,46.51453,0.02687094
-150.4087,23.89145,2.0,22.26847,-2.724027
-148.97,19.19227,2.0,4.498011,0.6758125
-143.754,16.5577,2.0,12.93869,0.3090893
-146.7859,4.923706,2.0,20.9112,0.3155962
-149.6038,-11.36541,2.0,26.689970000000002,0.2800688
-141.8946,-33.354440000000004,3.0,6.990628,-0.235506
-143.6665,-41.33014,3.0,11.49339,-0.02842402
-149.3665,-49.61483,3.0,18.24961,-0.03335416
-160.4645,-54.00476,3.0,14.61348,-0.13241670000000003
-166.5858,-60.166669999999996,3.0,10.73825,-0.08786818
-164.0897,-67.43122,3.0,13.24726,0.6733292
-152.9792,-72.38734000000001,3.0,20.92933,0.5932288
-134.8462,-73.79201,3.0,28.50457,0.5381560999999999
-116.8352,-84.01555,3.0,25.515079999999998,-0.19862149999999998
-108.1484,-99.6166,3.0,28.240040000000004,0.6809980999999999
-110.7907,-119.4256,3.0,24.522779999999997,-0.39080040000000005
-121.67,-131.0397,3.0,20.015220000000003,0.37442329999999996
-138.15200000000002,-131.9259,3.0,22.03902,-0.2997302
-145.3424,-113.5797,3.0,31.15553,-0.6637141
-158.1106,-103.4351,3.0,15.903920000000001,-0.38614990000000005
-166.4585,-113.7095,3.0,22.80881,0.283578
-168.9042,-133.4153,3.0,30.76453,0.569503
-169.0929,-158.8634,3.0,38.01396,0.5455899000000001
-167.1922,-189.5003,3.0,44.88823,0.2404535
-163.9633,-224.9521,3.0,49.77333,-0.176293
-156.42600000000002,-255.7763,3.0,35.343059999999994,-0.7657248999999999
-137.3207,-254.7695,3.0,27.37622,0.536274
-125.0459,-235.9519,3.0,33.21432,0.1969779
-128.4854,-209.91299999999998,3.0,36.47027,-0.5090162
-124.8272,-185.2221,3.0,30.03288,-0.45345070000000004
-110.2457,-180.7572,3.0,21.14661,-0.1807068
-110.0454,-197.0956,3.0,25.88287,0.40511240000000004
-104.7029,-218.0396,3.0,31.5603,-0.2199948
-105.9961,-239.6568,3.0,27.598340000000004,0.09217695
-101.7032,-263.1447,3.0,36.543459999999996,0.07997077
-77.61361,-270.5263,3.0,37.84904,0.25856710000000005
-60.2982,-268.4979,3.0,12.8817,-0.5114827999999999
-56.16562,-266.6569,3.0,0.1662472,-0.7421814999999999
-57.1593,-267.3649,3.0,0.7123275,-0.170966
-56.118919999999996,-266.415,3.0,5.16246,0.41150760000000003
-52.687290000000004,-262.714,3.0,7.881597999999999,0.03215473
-48.268370000000004,-263.5651,3.0,2.352576,-0.398147
-49.15822,-261.8752,3.0,7.073869,0.32095009999999996
-49.71901,-253.7529,3.0,15.273489999999999,0.2977065
-46.15464,-239.9465,3.0,23.06505,0.28853029999999996
-43.48429,-220.3167,3.0,30.373309999999996,0.5245223000000001
-40.19208,-195.4193,3.0,36.935,0.1140105
-22.694960000000002,-173.1933,3.0,41.54105,0.46015209999999995
-4.054876999999999,-155.6316,3.0,24.13853,-0.3851016
8.249161,-145.4305,3.0,19.0938,-0.3658876
11.717360000000001,-133.9499,3.0,14.4783,-0.2721928
6.961339,-122.8404,3.0,20.09812,0.5312781
-3.043114,-108.4668,3.0,27.35918,0.5336464
-9.629124000000001,-86.53201,3.0,34.180679999999995,0.2170835
-9.737623,-58.89516,3.0,40.586890000000004,0.457739
-5.031772,-26.71395,3.0,46.80357,-0.365706
-3.555303,3.5167080000000004,3.0,28.993479999999998,-1.217294
-4.72852,14.2895,3.0,3.692975,-0.106314
-5.619498999999999,19.09292,3.0,11.11262,0.6364529999999999
-8.938049000000001,29.87448,3.0,19.27382,0.2725181
-21.11661,41.12818,3.0,26.36808,0.2504635
-42.424479999999996,44.82951,3.0,32.932140000000004,0.5407255
-69.40012,44.558609999999994,3.0,39.80364,0.48772040000000005
-101.23,42.55177,3.0,46.254490000000004,0.21532220000000002
-134.1011,38.29515,3.0,39.50375,-0.7606179
-150.3634,19.87828,3.0,32.54562,-0.18522270000000002
-143.8168,-3.9804739999999996,3.0,35.77189,0.4745751
-144.3362,-32.71837,3.0,41.90697,0.22168779999999996
-152.9182,-53.620540000000005,4.0,19.41115,-0.24623979999999998
-166.418,-56.67689,4.0,19.13042,-0.01958946
-162.7317,-69.41186,4.0,23.24646,0.49257520000000005
-143.869,-72.5235,4.0,29.65527,0.22503910000000002
-121.6276,-81.17727,4.0,35.49477,0.1674096
-108.2358,-105.0968,4.0,39.007659999999994,-0.3380145
-120.8871,-129.1209,4.0,37.26749,-0.07401591
-143.319,-126.6009,4.0,30.617279999999997,-0.4065263
-145.0596,-104.7345,4.0,30.22202,-0.551743
-157.2798,-99.59487,4.0,17.92126,0.8160914
-166.5571,-112.4903,4.0,25.684420000000003,0.2758241
-169.8414,-134.0349,4.0,33.00631,0.2494535
-169.1745,-160.8505,4.0,39.67736,0.4947108
-166.3661,-192.5904,4.0,46.18274,0.44373670000000004
-163.3875,-228.5529,4.0,48.48021,-0.4659821
-157.6243,-251.9419,4.0,20.37506,-0.3758887
-144.1698,-257.9377,4.0,23.06928,0.5097749
-130.0948,-249.2578,4.0,26.83393,0.5131621
-125.0728,-227.2065,4.0,33.64543,0.381931
-128.827,-200.3802,4.0,39.53969,0.15396020000000002
-115.6407,-177.3572,4.0,34.32297,-0.2529052
-99.33216999999999,-186.3194,4.0,23.82387,-0.8039433000000001
-110.9809,-195.8304,4.0,23.96542,0.04390806
-114.5549,-201.5525,4.0,0.01921778,0.0072633969999999996
-114.5549,-201.5527,4.0,0.01389003,-0.009425092
-112.5811,-201.7401,4.0,5.42807,0.7677618
-109.7265,-198.702,4.0,3.410157,-0.6404867
-109.6206,-199.13299999999998,4.0,4.329825,0.259359
-108.5907,-204.9012,4.0,11.40462,0.4975924
-106.44,-215.6584,4.0,18.01145,0.2285404
-105.1918,-231.2264,4.0,24.13924,0.4288188
-105.2839,-251.2054,4.0,29.54683,0.153112
-92.17747,-269.5832,4.0,32.86874,0.1261998
-67.42813000000001,-269.5666,4.0,36.02533,0.13197509999999998
-49.70349,-250.6009,4.0,36.9143,0.10989410000000001
-48.6597,-221.4325,4.0,41.26579,0.12529210000000002
-38.30754,-191.0757,4.0,45.326240000000006,0.09368964
-14.629529999999999,-166.62099999999998,4.0,45.87028,-0.22847559999999997
4.161219,-149.3345,4.0,22.42376,-0.45337330000000003
12.52555,-138.0518,4.0,15.96514,-0.4394389
7.7028360000000005,-124.0435,4.0,24.77938,0.3950178
-4.109612,-107.54,4.0,30.067079999999997,0.3754993
-9.951896000000001,-84.02962,4.0,35.26194,0.3680739
-9.650865,-56.15071,4.0,40.145990000000005,0.3347489
-3.978126,-25.139860000000002,4.0,44.87599,0.34757459999999996
-2.5896779999999997,9.364984,4.0,48.495909999999995,0.1087991
-12.50576,34.795970000000004,4.0,27.99383,0.15043789999999999
-32.683240000000005,43.596759999999996,4.0,32.49093,0.3375241
-58.592769999999994,43.26395,4.0,37.59648,0.1776078
-88.34796,43.02662,4.0,42.52732,0.15856900000000002
-120.0751,40.012409999999996,4.0,40.08041,-1.360328
-138.8255,36.45754,4.0,14.271970000000001,0.4367492
-146.7115,26.442320000000002,4.0,20.599439999999998,0.4297951
-147.4379,9.170186,4.0,26.31658,0.4279205
-143.0797,-11.9812,4.0,31.953770000000002,0.3725013
-142.9356,-36.8536,5.0,32.35798,-0.7692045
-155.9582,-52.21365,5.0,27.66467,0.37486990000000003
-168.7009,-64.56459,5.0,19.11557,-1.109484
-158.2484,-69.62727,5.0,15.837760000000001,0.15159479999999997
-143.2538,-72.28621,5.0,24.20805,0.43154899999999996
-124.1736,-78.34872,5.0,29.812509999999996,0.3625986
-108.7538,-95.3495,5.0,33.39573,0.07255887
-112.0291,-119.7333,5.0,33.15399,-0.134732
-129.0316,-133.1198,5.0,26.989240000000002,-0.7202748999999999
-142.0453,-123.5855,5.0,24.397660000000002,0.38995440000000003
-150.1069,-105.58,5.0,29.391959999999997,0.2800002
-165.2345,-103.0565,5.0,16.2929,-0.8500004999999999
-164.6756,-115.1821,5.0,18.57959,0.7847833000000001
-167.3963,-132.2938,5.0,29.445,0.6470684
-168.6567,-161.0577,5.0,45.5064,0.2732782
-164.4074,-196.5742,5.0,51.559670000000004,0.2456077
-164.1702,-227.2781,5.0,25.2349,-2.1644810000000003
-162.8125,-242.3908,5.0,17.68841,-0.4289019
-157.8927,-252.6667,5.0,15.756179999999999,0.8504415999999999
-144.3004,-260.2056,5.0,25.483,0.4216764
-128.7231,-247.2444,5.0,34.19605,1.017639
-126.1714,-218.53900000000002,5.0,41.39532,-0.7355297
-128.6078,-195.358,5.0,20.75769,-0.47937290000000005
-122.9374,-184.0849,5.0,15.8134,0.3943023
-108.3219,-184.245,5.0,24.30594,0.04937071
-102.4801,-201.8082,5.0,29.95277,0.8485264000000001
-104.1561,-227.1173,5.0,36.888729999999995,0.110176
-105.0935,-253.3384,5.0,31.918409999999998,-0.3491959
-92.30122,-269.8648,5.0,30.962529999999997,0.133321
-68.35043,-270.2236,5.0,34.9245,0.2543774
-51.25486,-251.6032,5.0,36.80579,0.29231050000000003
-47.12106,-222.7156,5.0,41.63082,0.34372179999999997
-39.403420000000004,-191.2608,5.0,45.79295,0.08719988
-16.63317,-165.3383,5.0,47.157509999999995,-1.197578
-1.694651,-155.2938,5.0,13.33501,-0.17565970000000003
4.966839,-150.5261,5.0,8.91347,-0.1485781
9.081308,-146.7217,5.0,8.450066,0.4922951
13.05786,-139.0763,5.0,15.014120000000002,0.2281792
9.792218,-126.3937,5.0,20.970570000000002,0.21499520000000003
-0.7394413000000001,-112.1617,5.0,26.76887,0.41270100000000004
-8.385992,-91.70541,5.0,32.184059999999995,0.19940339999999998
-10.48922,-66.14421,5.0,37.20427,0.343206
-5.505365,-37.18776,5.0,42.07505,0.3428758
-1.420218,-4.612280999999999,5.0,45.53134,-1.194491
-5.001405,20.65635,5.0,19.13883,-3.382875
-8.397665,28.72503,5.0,14.58569,0.243628
-16.69289,38.74199,5.0,20.67015,0.203406
-32.89348,44.75424,5.0,26.330029999999997,0.420084
-54.47368,45.18807,5.0,31.94963,0.3880377
-80.14067,44.30727,5.0,37.26656,0.3677261
-109.4998,42.10907,5.0,41.94109,-0.22854929999999998
-133.7225,39.24948,5.0,18.85385,-0.5055448
-145.0966,29.16403,5.0,23.98316,0.1966744
-147.7887,9.7885,5.0,29.23795,0.37045100000000003
-142.8478,-13.327620000000001,5.0,34.55878,0.37166869999999996
-143.278,-37.35837,6.0,22.24609,-2.6196580000000003
-147.4793,-47.25261,6.0,16.49464,0.9825132
-158.5219,-54.88655,6.0,16.66491,-0.3868979
-166.0643,-61.26262,6.0,12.74403,0.38083779999999995
-159.7754,-71.79451,6.0,22.859460000000002,0.5437195
-138.7825,-71.80846,6.0,35.13939,0.5588914
-113.9846,-86.1983,6.0,41.527029999999996,-0.18759579999999998
-113.0909,-110.9149,6.0,24.8,-1.1225889999999998
-117.4255,-120.5316,6.0,11.95174,0.43422510000000003
-123.2761,-131.5789,6.0,17.824170000000002,-0.535567
-136.3195,-132.8858,6.0,21.47479,0.3980232
-144.812,-118.2426,6.0,27.171359999999996,0.5458614
-149.2691,-105.1553,6.0,7.9001339999999995,-0.14836729999999998
-154.7699,-101.4518,6.0,12.786489999999999,0.6522568
-164.8701,-103.9375,6.0,15.63499,0.09372942
-167.4107,-118.54299999999999,6.0,26.559359999999998,0.500965
-168.9587,-143.3329,6.0,39.66545,0.8670309000000002
-168.0156,-176.8676,6.0,50.61039,0.6962501
-164.1414,-216.2323,6.0,51.208,-0.7851199999999999
-161.9938,-249.0343,6.0,36.24041,-0.6837035
-145.1964,-258.1296,6.0,22.753410000000002,-0.2576149
-131.6848,-252.1597,6.0,21.45475,0.8359042
-125.2685,-234.7028,6.0,28.07692,0.3980301
-126.6684,-212.0299,6.0,33.41291,0.3754422
-127.6563,-187.7422,6.0,24.29221,-2.486144
-116.3555,-182.2941,6.0,20.393320000000003,0.3747074
-104.5747,-193.0955,6.0,24.85681,0.1828919
-102.8448,-213.3555,6.0,30.27735,0.40591750000000004
-105.5585,-237.6295,6.0,35.63453,0.1837126
-101.24,-264.7999,6.0,38.27838,-0.2552224
-77.99421,-271.5669,6.0,30.682090000000002,-0.2989158
-58.88585,-266.1021,6.0,23.11559,-0.5941705
-49.35989,-251.6971,6.0,28.259859999999996,0.40620609999999996
-45.64497,-228.9302,6.0,33.76395,0.3904729
-42.63746,-202.1552,6.0,38.906459999999996,0.3226745
-29.145659999999996,-176.357,6.0,41.33737,0.27500759999999996
-6.110171,-159.3163,6.0,27.49308,-1.179111
3.7219290000000003,-151.8499,6.0,12.225660000000001,-0.12185730000000002
10.191980000000001,-145.3303,6.0,13.678679999999998,0.2680778
12.54381,-133.2178,6.0,21.299020000000002,0.29004559999999996
1.391191,-117.5732,6.0,32.74041,1.05665
-8.50071,-90.37749000000001,6.0,46.4466,0.9545599
-8.539267,-51.379220000000004,6.0,58.62084,0.7579497
-1.194952,-7.133126,6.0,59.01089,-0.5603819999999999
-6.111836,22.29919,6.0,22.51663,-0.24999539999999998
-13.77876,36.39946,6.0,24.08474,0.5544319999999999
-33.374109999999995,44.68951,6.0,35.10236,0.9905443000000002
-64.80752,44.75416,6.0,49.9562,0.5222878
-106.2958,42.68602,6.0,53.21011,-4.107423000000001
-126.6887,39.44107,6.0,13.999939999999999,-0.17448260000000002
-137.1204,37.0785,6.0,20.12128,1.215667
-147.34,24.23017,6.0,25.63504,0.3606156
-146.2966,3.3040629999999998,6.0,31.107229999999998,0.1855908
-141.2954,-21.29478,6.0,36.2834,0.2653051
-142.0416,-36.31179,7.0,9.334157000000001,0.5001445
-144.6332,-45.32154,7.0,15.924570000000001,0.43183140000000003
-155.9003,-52.95961,7.0,21.73017,0.21992979999999998
-167.9522,-63.56814,7.0,19.9902,-0.6389249
-164.1028,-74.69292,7.0,15.93552,0.1873261
-151.6904,-76.31562,7.0,19.33783,0.2840792
-137.161,-73.13320999999999,7.0,21.110770000000002,0.10725719999999998
-120.9586,-78.08305,7.0,27.68435,0.385108
-108.6027,-96.11423,7.0,31.930229999999998,0.11327160000000001
-113.4769,-119.9007,7.0,35.13997,0.1782483
-136.4729,-131.7784,7.0,34.82636,-1.29769
-147.219,-120.9776,7.0,14.13831,-1.101111
-142.961,-113.8128,7.0,14.271679999999998,0.9267639999999999
-148.8137,-103.3705,7.0,16.47126,0.02419164
-161.5918,-103.4057,7.0,20.9929,0.10710360000000001
-166.3086,-117.0828,7.0,19.94,0.2073388
-166.5044,-134.3783,7.0,27.986290000000004,1.031927
-169.3555,-160.2904,7.0,42.22437,0.9986159
-169.9581,-196.149,7.0,54.22551,0.38126720000000003
-167.8757,-234.4844,7.0,45.00647,-1.960027
-154.2213,-253.4775,7.0,26.3813,-0.7003495
-137.2679,-253.2405,7.0,22.12846,0.31555679999999997
-126.0423,-241.3396,7.0,26.45342,0.5821434
-126.0358,-218.4318,7.0,33.810159999999996,0.1810846
-125.9141,-191.5027,7.0,38.123459999999994,-0.1233927
-116.4462,-179.7716,7.0,13.61411,-0.2526826
-109.8439,-189.8934,7.0,20.97488,0.43541599999999997
-108.8745,-207.6449,7.0,26.95662,0.41711090000000006
-108.571,-229.6991,7.0,32.56301,0.19636679999999998
-104.081,-254.9373,7.0,36.908390000000004,0.2325721
-82.68345,-272.1411,7.0,39.24534,0.08475515
-56.33559,-263.7313,7.0,39.32428,0.007986679
-49.37863,-235.5352,7.0,41.86647,0.1650957
-43.49961,-203.8393,7.0,45.1311,0.0726385
-21.01138,-177.498,7.0,49.046240000000004,0.31817449999999997
3.1128720000000003,-148.6813,7.0,46.93015,-1.048219
8.327299,-125.9917,7.0,23.15764,-0.30058670000000004
-3.128431,-109.2239,7.0,31.339109999999998,0.5103174
-4.880859,-81.91174000000001,7.0,45.68394,1.35633
-0.6918401,-41.90983,7.0,62.43436,1.130464
-2.11598,6.928186999999999,7.0,62.32055,-0.9751583
-12.49545,39.508309999999994,7.0,32.65368,-1.217438
-35.42953,40.85544,7.0,37.70635,0.8069556
-65.39222,40.431020000000004,7.0,42.8315,0.35987800000000003
-98.8418,40.81922,7.0,47.48227,0.3316717
-134.8056,39.30857,7.0,45.10649,-3.191664
-147.2859,21.872970000000002,7.0,28.870109999999997,0.3421625
-145.2502,-1.484391,7.0,34.28006,0.1893785
-145.6655,-28.80511,7.0,39.43991,0.3539087
-156.6756,-54.175219999999996,8.0,35.49136,-0.5500456
-168.4126,-67.77603,8.0,21.4115,0.7389864
-155.3085,-78.97491,8.0,27.85867,0.26675879999999996
-132.9499,-77.39258000000001,8.0,32.38986,0.1283059
-114.0726,-92.45187,8.0,35.172959999999996,0.1769506
-113.59,-118.4446,8.0,37.05207,0.03200382
-136.1074,-132.0845,8.0,33.90033,-1.7741080000000002
-146.619,-127.3903,8.0,2.3963810000000003,-0.3901755
-143.3405,-124.5448,8.0,9.731481,0.2484968
-142.3613,-115.3022,8.0,16.14046,0.2177808
-150.9866,-104.3995,8.0,21.88983,0.3388432
-166.0377,-107.1297,8.0,23.79437,0.1225144
-166.8398,-125.9101,8.0,28.505329999999997,0.1959825
-168.7806,-148.8571,8.0,33.80191,0.3955194
-170.9957,-175.5598,8.0,38.67562,0.1708155
-169.0954,-206.1055,8.0,43.56642,0.3370968
-166.7948,-239.7803,8.0,46.0933,-0.341217
-145.8146,-256.8242,8.0,33.1125,-1.25773
-129.4489,-244.1997,8.0,29.599890000000002,0.4494009
-127.2673,-220.5451,8.0,34.93537,0.3983502
-126.3386,-192.8988,8.0,38.47593,-0.5055748
-114.7085,-179.593,8.0,15.710320000000001,-0.601509
-107.61399999999999,-189.2569,8.0,20.12528,0.41400370000000003
-106.7094,-206.3797,8.0,26.159010000000002,0.4080915
-105.9909,-227.9427,8.0,31.83207,0.2034318
-103.0922,-253.127,8.0,36.58128,0.2455931
-83.70477,-271.8282,8.0,38.549009999999996,0.06551002
-57.448080000000004,-264.618,8.0,39.28352,0.07259328
-47.37363,-237.5453,8.0,41.65364,0.16272379999999997
-43.765229999999995,-205.2634,8.0,45.65937,0.05272942
-22.41696,-179.1693,8.0,47.8385,0.3115366
1.529954,-151.1311,8.0,50.02525,-0.7733123000000001
7.104906,-122.6158,8.0,33.65182,-0.21585589999999996
-6.8998729999999995,-99.3261,8.0,39.14605,-0.1067183
-2.824891,-69.71098,8.0,42.73598,0.3277866
-1.25749,-36.3332,8.0,47.284440000000004,0.35059270000000003
-1.824271,0.3196368,8.0,51.66505,0.32869940000000003
-9.712977,35.628479999999996,8.0,39.48337,-1.078318
-25.73721,42.200359999999996,8.0,8.564829,-2.071754
-27.46785,37.9569,8.0,9.234127,0.2166114
-35.65842,39.56987,8.0,15.536389999999999,0.445759
-45.56562,48.4686,8.0,13.6378,-0.0016336620000000001
-48.02475,48.5867,8.0,0.02897407,0.06701359
-48.22489,47.89537,8.0,3.526797,0.15179279999999998
-48.034620000000004,44.44467,8.0,5.161919,-0.07463251
-47.488040000000005,43.55659,8.0,3.70234,0.3693043
-52.99292,46.247009999999996,8.0,12.80185,0.6655079
-65.55211,45.21082,8.0,21.27662,0.29320840000000004
-84.22418,42.89945,8.0,29.335820000000002,0.5708415
-108.6238,42.95541,8.0,36.65459,0.2515521
-136.6104,39.70666,8.0,39.16773,-0.1968969
-144.0115,12.95688,8.0,42.31282,0.6649178000000001
-146.7628,-21.22329,8.0,48.48689,-0.7336274
-142.0562,-34.71965,9.0,2.654725,-0.05864708
-143.0787,-39.03248,9.0,11.72476,0.6670520000000001
-147.6966,-47.8996,9.0,12.75157,-0.2019741
-155.2117,-52.54311,9.0,14.258070000000002,0.7544851
-164.4146,-56.19491,9.0,11.83527,-0.1236944
-166.7932,-63.56446999999999,9.0,12.82293,0.9894676
-157.7692,-72.96895,9.0,19.85139,-0.3926491
-144.6951,-72.92619,9.0,15.940710000000001,-0.2311621
-132.1455,-74.11935,9.0,23.17012,1.222166
-115.9182,-83.30351999999999,9.0,25.9309,0.06844816
-107.5078,-100.419,9.0,25.41015,-0.43696709999999994
-108.5029,-114.1074,9.0,12.242230000000001,-0.1851344
-111.6397,-122.5388,9.0,16.23066,1.271626
-121.87,-133.4147,9.0,20.07137,-0.3577951
-134.7406,-134.0941,9.0,15.87396,-0.176869
-143.6804,-125.2356,9.0,22.343339999999998,0.5716996999999999
-149.7036,-106.8072,9.0,25.775779999999997,-1.1765459999999999
-159.4817,-99.42499000000001,9.0,13.8909,-0.3681493
-165.9333,-106.9236,9.0,19.05197,1.1570989999999999
-168.3034,-126.4815,9.0,33.78772,1.005176
-169.0661,-155.9673,9.0,43.98346,0.3494124
-166.3687,-189.9276,9.0,47.656259999999996,0.1871438
-163.4328,-223.0733,9.0,40.76233,-0.474764
-160.9677,-247.0864,9.0,26.42877,-0.5081428
-149.0062,-259.0346,9.0,20.730220000000003,-0.17405720000000002
-135.9662,-257.694,9.0,19.969620000000003,0.9576103000000001
-126.088,-240.4206,9.0,34.0652,0.6169496
-126.6574,-213.6947,9.0,34.894740000000006,-0.47752870000000003
-128.7436,-194.832,9.0,15.86285,-0.2459216
-125.9197,-184.7164,9.0,12.92802,0.07770313
-114.2642,-182.0131,9.0,19.29159,-0.09504597
-104.38799999999999,-189.1806,9.0,15.012270000000001,-0.125842
-102.4773,-203.3993,9.0,26.92923,1.067647
-104.5566,-227.4258,9.0,36.931909999999995,0.4632434
-104.8433,-254.6414,9.0,35.64235,-0.1416448
-88.80072,-272.2623,9.0,32.62251,-0.09469595
-65.25885,-269.5278,9.0,32.27857,-0.04596652
-50.63428,-251.23,9.0,34.23618,0.1045705
-46.157109999999996,-225.3842,9.0,36.53261,0.1597988
-41.58275,-198.9012,9.0,34.947179999999996,-0.281225
-31.09726,-177.6824,9.0,29.34739,-0.2337731
-16.062070000000002,-165.2226,9.0,23.88855,-0.32526900000000003
-2.476116,-156.2245,9.0,20.23353,-0.1495414
8.494549000000001,-147.7878,9.0,18.82188,0.39538140000000005
12.16581,-132.5613,9.0,24.66839,0.39503119999999997
0.6241727,-116.1459,9.0,29.2452,0.05902654
-8.525574,-96.3908,9.0,29.952759999999998,0.02350988
-11.30384,-73.91283,9.0,32.19758,0.1517429
-8.667044,-48.85302,9.0,35.13755,0.05298788
-3.9609059999999996,-22.78402,9.0,36.31525,0.08522928
-2.014671,3.632404,9.0,32.41724,-1.087033
-5.771566,22.85331,9.0,21.79244,-0.3191837
-13.041030000000001,35.87377,9.0,24.0631,0.6133257
-31.21335,44.80427,9.0,31.1463,0.4826595
-56.76242,43.9968,9.0,38.18023,0.2476594
-87.79819,44.17515,9.0,45.14938,0.4651321
-122.5822,40.9071,9.0,45.221920000000004,-0.7172941999999999
-145.8599,29.467679999999998,9.0,34.633340000000004,-0.06792255
-143.215,3.530436,9.0,38.80704,0.5101055
-142.6414,-26.2914,9.0,36.0077,-0.8127885
-145.9345,-42.046620000000004,10.0,16.08912,0.3062893
-154.7173,-52.88166,10.0,18.3862,-0.3129074
-165.4249,-58.606590000000004,10.0,14.51469,-0.3135301
-165.2275,-68.46799,10.0,17.41197,0.6100591999999999
-153.4149,-73.11223000000001,10.0,18.17342,0.1060016
-139.9649,-72.74947,10.0,17.33407,-0.16992190000000001
-124.7014,-77.16509,10.0,26.428720000000002,0.2659434
-109.4265,-92.47162,10.0,32.8296,0.1963186
-109.5561,-118.0131,10.0,34.976079999999996,-0.603541
-122.7296,-132.105,10.0,22.408820000000002,-0.34683220000000003
-137.0697,-132.4179,10.0,17.498379999999997,-0.3383423
-144.9361,-120.9147,10.0,23.56136,0.6181431
-149.7939,-105.3444,10.0,10.6082,-2.896274
-153.2422,-102.0664,10.0,10.158439999999999,0.2900008
-162.8414,-101.9832,10.0,17.02836,0.4250098
-167.6574,-115.5978,10.0,23.58737,0.5393562
-168.7678,-135.6697,10.0,30.57185,0.5087233
-168.5646,-160.7054,10.0,35.5564,0.34997449999999997
-167.3547,-188.6971,10.0,39.47322,0.06553610000000001
-164.6097,-217.07299999999998,10.0,35.13163,-0.2820308
-163.2767,-240.3809,10.0,28.061529999999998,-0.45129009999999997
-154.6765,-255.83900000000003,10.0,21.19105,-0.4531541
-138.9836,-259.0705,10.0,23.896179999999998,-0.03049439
-128.001,-245.3194,10.0,26.222720000000002,0.29399990000000004
-124.8316,-225.1609,10.0,29.36895,0.2314536
-127.4494,-203.5039,10.0,25.6683,-1.6281459999999999
-127.8569,-189.9635,10.0,15.075,-0.309477
-122.6016,-182.5363,10.0,13.11922,0.4750508
-110.805,-183.2049,10.0,18.35959,0.09689711
-103.1722,-193.4463,10.0,18.95532,0.08408787
-103.556,-208.4664,10.0,21.48948,0.1643067
-104.6605,-224.5439,10.0,21.799570000000003,0.1079503
-106.0719,-243.5223,10.0,29.04178,0.5049471999999999
-101.2735,-264.5725,10.0,29.02435,-0.180314
-79.97423,-272.5219,10.0,36.04031,0.5239154
-54.9251,-261.8582,10.0,38.0193,-0.19557929999999998
-47.9683,-233.5313,10.0,42.589,0.3279681
-42.61626,-202.3723,10.0,39.86125,-0.6549666000000001
-31.39488,-178.7299,10.0,31.38526,-0.5619653
-15.63344,-165.3995,10.0,24.83182,-0.3983912
-5.190455,-158.1105,10.0,12.99367,0.3296922
5.552871,-150.3047,10.0,19.77092,-0.09081569
13.3934,-137.928,10.0,24.357779999999998,1.06945
4.012094,-120.7619,10.0,30.25218,0.47230029999999995
-7.798836,-99.81957,10.0,36.227340000000005,0.39143540000000004
-10.4045,-75.61498,10.0,31.741359999999997,0.2280631
-8.353425999999999,-49.79143,10.0,38.203109999999995,0.4553765
-3.780497,-19.52114,10.0,44.25561,0.42650600000000005
-3.065121,14.95589,10.0,48.327870000000004,-0.10806410000000001
-20.65243,41.07912,10.0,42.68933,0.1530204
-53.25711,44.5778,10.0,47.19781,0.1956951
-90.24123,43.85702,10.0,52.50915,0.38211300000000004
-127.51700000000001,39.67342,10.0,42.42803,-1.455724
-148.6284,23.28327,10.0,36.92841,-0.191409
-142.4063,-4.090922,10.0,40.58706,0.15853620000000002
-144.1078,-33.134879999999995,10.0,32.612120000000004,-0.48642529999999995
-157.153,-54.83005,11.0,36.66062,0.3296114
-169.8519,-74.1247,11.0,25.17439,-1.24075
-158.4369,-78.88185,11.0,20.63792,0.20433370000000003
-144.4161,-69.41289,11.0,25.799329999999998,0.13158050000000002
-125.4686,-78.23156999999999,11.0,31.743890000000004,0.49765640000000005
-110.3537,-95.36074,11.0,32.24483,0.7838291999999999
-112.8455,-119.9586,11.0,33.920429999999996,-0.793932
-128.665,-132.9562,11.0,28.13185,0.35843270000000005
-144.6289,-120.4955,11.0,31.87603,0.5053763
-147.7659,-103.3561,11.0,9.911111,-0.12050599999999999
-158.3831,-100.958,11.0,21.19343,0.2376889
-166.8024,-115.0553,11.0,26.43048,0.4947236
-166.3027,-137.0964,11.0,33.095690000000005,0.45193999999999995
-168.3886,-163.8408,11.0,39.228790000000004,0.44595340000000006
-165.5434,-194.9758,11.0,45.18437,0.20531
-163.0875,-229.8317,11.0,46.27609,-0.9282045
-154.8931,-255.4062,11.0,27.86177,-0.5064287000000001
-134.5131,-257.7039,11.0,29.25188,-0.12528820000000002
-125.9132,-236.8114,11.0,33.93934,0.2271084
-127.0451,-209.3752,11.0,38.657379999999996,-0.7145574
-124.6941,-184.1698,11.0,30.371209999999998,-1.2950959999999998
-108.2857,-183.8847,11.0,23.976570000000002,-0.11279760000000001
-107.4892,-203.1076,11.0,29.34548,0.434462
-105.9661,-226.9753,11.0,35.47803,0.22260439999999998
-105.2833,-255.1748,11.0,40.5787,0.12299929999999999
-83.66745,-272.486,11.0,39.35523,0.2458433
-55.55113000000001,-262.834,11.0,41.48206,-0.2607085
-46.24625,-233.2172,11.0,44.88963,0.4120089
-40.81779,-198.282,11.0,50.20462,0.2531806
-19.601670000000002,-168.4644,11.0,45.89219,-1.205243
3.186052,-152.998,11.0,31.69908,-0.2732393
12.21096,-135.3928,11.0,23.4948,-0.5049074
4.018618,-119.3045,11.0,28.002190000000002,0.5010531
-6.9102,-99.33221,11.0,34.023709999999994,0.47363019999999995
-10.437389999999999,-72.13169,11.0,40.095279999999995,0.19428510000000002
-6.731433999999999,-40.49329,11.0,45.87007,0.41886540000000005
-1.755352,-4.883218,11.0,51.17152,0.1526794
-9.706082,32.28544,11.0,48.851290000000006,-0.10397730000000001
-39.78182,45.32598,11.0,46.73129,0.34810290000000005
-76.44997,42.15703,11.0,52.19012,0.17848250000000002
-116.6132,40.74941,11.0,52.680130000000005,-0.5254354999999999
-146.6753,28.356509999999997,11.0,41.671409999999995,-0.356049
-145.5338,-0.8517331,11.0,42.41928,0.3829218
-143.2333,-33.22279,11.0,42.4709,-1.1247530000000001
-156.6269,-52.42159,12.0,27.54362,0.3695731
-168.4326,-65.75744,12.0,23.197010000000002,-0.15395150000000002
-153.2684,-71.79104,12.0,26.685209999999998,0.5092767
-131.4736,-73.52519000000001,12.0,32.79432,0.1958075
-110.9855,-89.2165,12.0,37.601040000000005,0.2455813
-109.0029,-115.6522,12.0,32.11877,-0.5504788
-123.8619,-130.3194,12.0,26.583059999999996,-0.263908
-140.4869,-131.1423,12.0,23.182270000000003,0.13757339999999998
-146.624,-114.2172,12.0,28.312209999999997,0.45518800000000004
-157.3047,-100.5254,12.0,21.252670000000002,-0.32677990000000007
-167.4272,-109.7584,12.0,24.179479999999998,0.47019970000000005
-167.1297,-132.9132,12.0,36.19927,0.20071960000000003
-168.7044,-161.7831,12.0,41.92907,0.4128616
-166.2992,-195.0815,12.0,47.74308,0.4008888
-164.2307,-232.136,12.0,49.40705,-0.7142824999999999
-150.7049,-257.8364,12.0,32.75524,-0.6722451999999999
-132.6928,-250.0577,12.0,29.72656,0.35425500000000004
-126.4683,-226.8949,12.0,35.3345,0.43308209999999997
-127.7537,-199.9557,12.0,33.7839,-0.436191
-119.6084,-180.1783,12.0,28.819370000000003,-0.1120527
-106.6094,-190.0716,12.0,24.70054,0.1469677
-110.4412,-210.16299999999998,12.0,30.90695,0.4907460999999999
-108.9343,-235.4966,12.0,37.38473,0.22188870000000002
-100.8409,-263.7452,12.0,41.47123,-0.19831729999999997
-73.74857,-270.6555,12.0,40.93655,0.2160859
-47.55635,-255.8015,12.0,38.95458,-0.7799343000000001
-51.86999,-231.7176,12.0,31.64159,-0.34734349999999997
-52.911669999999994,-218.2658,12.0,6.400526999999999,-0.7831748000000001
-53.35329,-214.9141,12.0,1.058224,-0.7244978
-52.175909999999995,-217.1018,12.0,7.6308,0.6190325
-44.792590000000004,-217.2431,12.0,14.55405,0.44085329999999995
-41.87276,-207.0127,12.0,12.96583,-0.26731540000000004
-40.99449,-195.1571,12.0,20.77196,0.5111113
-33.66655,-178.9188,12.0,27.52192,0.45533850000000003
-16.209989999999998,-164.5178,12.0,33.880720000000004,0.23130279999999998
5.922135,-149.1836,12.0,37.22017,-0.05505175
10.61072,-127.1367,12.0,28.49783,0.02604554
-3.82849,-105.7314,12.0,42.63369,0.5476825
-10.59246,-70.29658,12.0,53.01409,0.13651529999999998
-4.453515,-29.780820000000002,12.0,57.853280000000005,0.3461278
-3.3015410000000003,12.82801,12.0,50.321509999999996,-0.9471093
-14.58366,36.9016,12.0,35.47959,0.3217388
-39.76398,45.70263,12.0,39.05642,0.1922154
-70.79489000000001,44.47555,12.0,44.89201,0.42231549999999995
-106.0426,42.29609,12.0,50.42727,0.4073339
-141.8273,36.22252,12.0,47.20145,-0.5235773
-152.5001,15.7618,12.0,15.710339999999999,-1.244464
-153.1924,12.682789999999999,12.0,3.912071,0.2987151
-148.0343,10.31152,12.0,11.9804,0.32057090000000005
-146.4002,-1.234504,12.0,19.65334,0.5097451
-143.4978,-18.19989,12.0,26.814659999999996,0.4983839
-141.9741,-34.19616,13.0,5.374791,0.575607
-143.7673,-40.961729999999996,13.0,13.4925,0.5891831
-152.1103,-50.33632,13.0,20.78497,0.48579110000000003
-166.2021,-60.594030000000004,13.0,24.63125,-0.7722026999999999
-162.7939,-74.05493,13.0,17.50986,0.02700326
-149.0717,-75.21240999999999,13.0,21.91801,0.42833069999999995
-134.7601,-72.28963,13.0,19.41777,0.4629696
-118.3341,-78.26811,13.0,27.11045,0.4238875
-107.2139,-96.88969,13.0,32.60103,0.1773735
-113.185,-121.1544,13.0,36.689209999999996,0.277554
-137.1726,-132.2291,13.0,32.48907,-1.479916
-145.5128,-122.8689,13.0,7.357189,-0.5520921999999999
-139.4708,-122.7761,13.0,10.63897,-0.267435
-140.1286,-122.8725,13.0,6.589409,0.25410679999999997
-145.2085,-126.8873,13.0,8.942108000000001,-0.33982690000000004
-145.5104,-128.9532,13.0,2.34543,0.3854397
-143.7371,-124.1805,13.0,11.37689,0.6086688
-139.9299,-113.6105,13.0,19.16574,0.5125377999999999
-147.9944,-99.66157,13.0,25.4586,0.27344209999999997
-164.3127,-102.9939,13.0,22.02494,-0.3532524
-167.3828,-122.0749,13.0,30.65652,0.25056100000000003
-167.5033,-147.3497,13.0,37.56198,0.4865325
-167.9209,-177.7656,13.0,44.11448,0.4464715
-167.9799,-212.7185,13.0,50.209379999999996,0.19838329999999998
-161.6208,-248.5538,13.0,45.16216,-0.5034179
-134.3421,-255.5533,13.0,33.4501,-1.445229
-128.0722,-235.1469,13.0,34.36095,0.8085116
-127.3563,-206.1602,13.0,41.23555,0.1338997
-125.0329,-185.4539,13.0,15.233379999999999,-0.1648654
-115.0849,-181.6067,13.0,17.84848,0.7185381
-105.5755,-193.611,13.0,25.10406,0.5040653
-105.9155,-214.672,13.0,32.11623,0.5261886
-107.5083,-240.7484,13.0,38.24601,0.1650336
-93.15590999999999,-266.6921,13.0,42.519890000000004,0.0406286
-63.54082,-269.4459,13.0,42.59538,-0.01281381
-49.334340000000005,-242.8244,13.0,44.020720000000004,0.42157959999999994
-46.293420000000005,-209.3375,13.0,41.061679999999996,-0.5911878
-30.3124,-182.1285,13.0,45.7188,0.41396629999999995
-5.114278,-156.1042,13.0,51.67155,0.21354499999999998
9.816564999999999,-124.2345,13.0,44.7064,-0.8871778
-6.1750620000000005,-103.6526,13.0,30.16788,-1.033306
-7.265305000000001,-82.19669,13.0,33.48814,0.4806782
-5.657557,-54.948080000000004,13.0,40.174279999999996,0.232465
-4.778365,-22.80999,13.0,46.550309999999996,0.4629554
-4.164911,13.87093,13.0,52.23485,0.2609976
-19.23773,40.625370000000004,13.0,34.02394,-1.076629
-34.18378,36.66503,13.0,13.429889999999999,-0.1149116
-35.10366,32.5862,13.0,0.07797484,0.0007130433999999999
-35.15221,32.59272,13.0,0.06572253,-0.03059825
-34.80457,33.52916,13.0,4.81168,0.3001512
-33.52417,39.80431,13.0,11.921510000000001,0.06564721
-32.24921,44.68692,13.0,1.674541,-0.3584064
-33.18589,42.93508,13.0,6.7770779999999995,0.2813889
-40.58938,41.68758,13.0,14.45009,0.5310891999999999
-53.455169999999995,45.06178,13.0,21.49016,0.4782552
-71.75341,43.989090000000004,13.0,28.058490000000003,0.49387749999999997
-94.68705,42.03304,13.0,34.12692,0.21217350000000001
-122.0446,41.91151,13.0,39.501529999999995,0.2677501
-145.4069,26.158910000000002,13.0,38.08278,-0.009684339
-146.822,-2.8189490000000004,13.0,42.11287,0.1903581
-144.9272,-35.73843,14.0,45.55785,-0.1406281
-159.1309,-57.925380000000004,14.0,29.706129999999998,-0.8291472
-158.9554,-73.4591,14.0,25.24604,0.4956557
-138.9335,-75.57973,14.0,30.53295,0.416853
-117.4763,-85.40746,14.0,34.89235,0.3003135
-109.9502,-110.2296,14.0,37.6304,0.1480745
-127.8701,-130.9215,14.0,38.746590000000005,-0.7189719
-146.0929,-124.5486,14.0,19.40117,-0.8896728000000002
-145.9803,-119.8266,14.0,1.7380470000000001,0.10765919999999998
-146.8834,-118.7474,14.0,1.8060880000000001,-0.01746925
-147.688,-117.9155,14.0,1.382077,0.1718532
-149.9242,-117.2137,14.0,3.947207,-0.00346386
-150.3537,-117.1932,14.0,4.125261,0.3315459
-145.8136,-112.9359,14.0,12.71379,0.2876611
-146.7787,-101.4432,14.0,19.77763,0.44294570000000005
-161.6571,-98.26595,14.0,24.41283,0.26373800000000003
-167.7772,-115.7721,14.0,29.38608,0.5205357
-166.4078,-140.108,14.0,36.39059,0.4897729
-166.6891,-169.5361,14.0,43.05721,0.22597060000000002
-167.2845,-203.7988,14.0,49.33883,0.20725570000000001
-163.91,-241.0538,14.0,46.18962,-1.673978
-145.0937,-254.7422,14.0,18.88907,-1.232487
-141.7094,-251.0201,14.0,3.9392410000000004,-0.1535509
-140.275,-248.8082,14.0,6.188802,0.46086859999999996
-133.3807,-249.1261,14.0,13.823070000000001,0.9869960999999999
-123.8803,-251.4075,14.0,11.56069,-0.35549580000000003
-121.132,-244.3347,14.0,14.40121,0.9760941999999999
-124.6541,-230.9782,14.0,22.67923,0.5631967
-127.0252,-211.5407,14.0,30.184140000000003,0.5236420999999999
-126.3431,-187.012,14.0,33.57462,-0.8880591999999998
-109.1421,-180.9442,14.0,22.177039999999998,-0.1931494
-105.8527,-200.8277,14.0,37.11911,1.492751
-107.0359,-235.717,14.0,56.550090000000004,1.109903
-88.55779,-269.0904,14.0,45.81917,-1.317172
-56.74575,-266.0376,14.0,44.7622,-0.2675672
-48.80827,-236.1173,14.0,45.12428,0.20902880000000001
-43.23872,-202.2129,14.0,49.178000000000004,0.3801002
-19.00083,-172.7984,14.0,54.377159999999996,0.4326246
7.657694,-141.8258,14.0,51.78703,-2.741043
4.232023000000001,-117.1244,14.0,27.31059,-0.42311850000000006
-5.273846,-99.27226,14.0,30.97415,0.47077120000000006
-4.81281,-73.8624,14.0,37.765209999999996,0.5084784999999999
-2.709022,-43.432320000000004,14.0,44.3606,0.4573358
-2.3148020000000002,-8.274534,14.0,50.53025,0.2183524
-7.320494999999999,29.26851,14.0,46.58787,-1.119349
-34.7074,42.53461,14.0,43.79808,0.1962234
-69.44451,40.31681,14.0,49.916920000000005,0.4361342000000001
-108.58,40.96476,14.0,55.61481,0.05368189
-140.9748,34.20341,14.0,34.566109999999995,-1.7566009999999999
-144.7625,21.92912,14.0,2.293168,-0.5703666000000001
-142.3824,24.01579,14.0,4.963581,0.01461659
-141.4387,25.22604,14.0,3.664889,0.3497927
-145.28799999999998,21.69415,14.0,9.799918,-0.08418258
-149.5855,22.05798,14.0,0.7183904999999999,-0.4080744
-147.0713,20.48281,14.0,8.630189,0.6562941999999999
-141.7994,12.624419999999999,14.0,17.18349,0.5955929
-140.8824,-3.02318,14.0,25.28876,0.563095
-143.1841,-24.56236,14.0,32.97363,0.529616
-141.9096,-37.164229999999996,1.0,8.552553,0.34451420000000005
-143.9735,-46.57141,1.0,17.45809,0.6063607
-156.099,-56.749069999999996,1.0,25.67588,0.2917925
-161.0624,-73.50224,1.0,25.86885,-0.2857442
-145.5682,-71.62796999999999,1.0,25.95298,0.2468245
-135.8774,-68.27771,1.0,0.24114670000000002,-0.03095762
-135.8571,-68.27972,1.0,0.0260716,-0.0003196965
-135.8385,-68.28235,1.0,0.02515264,0.003082509
-135.8275,-68.2941,1.0,0.5463256999999999,0.6834179
-136.0062,-71.00485,1.0,4.633369999999999,-0.01477381
-135.6655,-74.20451,1.0,3.962163,-0.07527558
-136.8131,-76.45992,1.0,1.9517529999999998,-1.13693
-134.8384,-75.37935999999999,1.0,7.597801,0.3191835
-126.0547,-75.93954000000001,1.0,16.339029999999998,0.5887584
-116.2167,-86.23385,1.0,23.647070000000003,0.2941468
-110.1338,-105.5271,1.0,30.8065,0.41011590000000003
-119.6475,-127.7296,1.0,35.83952,0.2293261
-142.6161,-130.1608,1.0,26.9882,-1.0384
-143.0152,-115.8551,1.0,23.086920000000003,0.5264413
-138.4574,-108.7102,1.0,0.02311007,-0.0030542340000000003
-138.4583,-108.7276,1.0,0.01999439,-0.01615729
-138.4938,-108.7276,1.0,0.8949526,0.5038108
-142.721,-108.3459,1.0,8.2764,-0.09008736
-145.7186,-110.8233,1.0,0.6766014,0.6970735
-144.4365,-107.1964,1.0,9.603515,0.31818709999999994
-148.3943,-98.35186,1.0,17.49429,0.5216590999999999
-160.4299,-96.87631999999999,1.0,15.149189999999999,-0.3379455
-166.4464,-107.1088,1.0,23.14331,1.172579
-169.5524,-128.691,1.0,35.38728,0.36506109999999997
-163.665,-156.0777,1.0,39.467420000000004,-0.8172956
-166.1353,-181.5864,1.0,31.261120000000002,-0.2424888
-167.685,-206.705,1.0,41.058690000000006,-0.1964421
-166.1237,-234.9995,1.0,34.56465,-0.5988416999999999
-153.4507,-250.5894,1.0,25.40636,0.1124854
-132.832,-247.8087,1.0,31.247059999999998,0.7341759
-122.5304,-232.1604,1.0,22.990560000000002,-0.2935478
-130.8602,-217.4239,1.0,21.92749,0.2026081
-122.8936,-203.9228,1.0,18.6554,-0.43992780000000004
-124.9535,-191.0478,1.0,16.205189999999998,-0.3627028
-117.2062,-183.8976,1.0,19.40154,0.1378389
-110.7032,-193.3921,1.0,15.28687,-0.25401710000000005
-110.0514,-203.959,1.0,14.82826,0.9937219999999999
-109.0109,-218.3063,1.0,23.397270000000002,0.5539430999999999
-106.8608,-238.313,1.0,30.86702,0.2548003
-97.88246,-261.5467,1.0,36.73072,0.1513197
-72.5397,-271.1146,1.0,39.377179999999996,0.07897938
-52.770480000000006,-251.6629,1.0,39.686809999999994,0.030712599999999996
-49.59418,-220.8524,1.0,44.4803,0.33633409999999997
-32.362109999999994,-190.6593,1.0,49.715559999999996,0.3954908
-6.859827,-161.1663,1.0,55.424380000000006,0.2015874
11.979239999999999,-124.2833,1.0,51.14815,-2.506724
10.39975,-104.7431,1.0,4.542962999999999,-2.770098
9.760923,-104.2447,1.0,0.3168718,0.03586033
10.873380000000001,-104.9764,1.0,4.997601,0.2171154
15.705010000000001,-107.2853,1.0,8.435573,-0.06401686
18.48726,-106.9322,1.0,1.033985,0.4995879
14.6495,-108.214,1.0,9.773413,0.6322909000000001
5.478397,-112.1106,1.0,16.198320000000002,0.13162089999999999
-0.08862718,-101.7943,1.0,21.104020000000002,0.2520109
-0.46779970000000004,-83.98643,1.0,27.772140000000004,0.5074759
-5.200639,-61.4609,1.0,34.52135,0.4846736
-6.105615,-33.45173,1.0,41.12471,0.4667993
-6.3208269999999995,-0.675171,1.0,47.28816,0.21297600000000003
-9.374325,34.01086,1.0,40.652440000000006,-1.6279629999999998
-22.29523,44.104079999999996,1.0,13.111579999999998,0.08292986
-32.50671,37.846270000000004,1.0,20.05173,0.49346660000000003
-49.928470000000004,39.66989,1.0,27.29539,0.5047520000000001
-72.73269,39.52117,1.0,34.29704,0.5178515
-100.619,39.89014,1.0,40.92668,0.46955640000000004
-132.2635,40.01717,1.0,38.61005,-1.078794
-144.2377,26.498520000000003,1.0,15.18012,-1.748287
-137.9525,24.462329999999998,1.0,10.497689999999999,0.8648173000000001
-137.7518,24.23828,1.0,0.05765308,-0.0013171679999999999
-137.7893,24.21668,1.0,0.8070056,0.5568128000000001
-141.6495,24.55697,1.0,8.587026,0.1737786
-148.9767,24.69483,1.0,8.055978,-0.7949149999999999
-151.1149,25.383020000000002,1.0,1.6100459999999999,0.6285046
-148.0044,22.5959,1.0,9.844622,0.595175
-148.7355,13.06121,1.0,17.02326,0.4413891
-151.1059,-0.9630103999999999,1.0,22.97373,0.2559561
-146.8427,-19.9787,1.0,29.60037,0.22986910000000002
-148.1914,-43.64304,2.0,33.49823,-0.40591370000000004
-166.0567,-58.95292,2.0,30.6668,-0.7436273
-159.635,-72.96437,2.0,15.925529999999998,-0.8166873
-155.7291,-68.52638,2.0,0.135399,-0.5869533
-155.6899,-68.52789,2.0,0.04041376,-0.05594977
-155.8915,-69.22076,2.0,3.884961,0.47469880000000003
-156.3838,-72.87762,2.0,4.935849,-0.02360189
-156.9742,-75.13566999999999,2.0,0.9425447,0.2906257
-153.481,-72.90978,2.0,10.36448,0.3030005
-143.9081,-76.75809,2.0,18.71629,0.596661
-130.6839,-82.64229,2.0,18.49886,-0.2569584
-118.7656,-88.62561,2.0,22.81675,1.461373
-110.6191,-107.8719,2.0,30.977220000000003,-0.11529489999999998
-122.8683,-127.46700000000001,2.0,32.87696,-0.02638813
-143.2388,-127.1973,2.0,22.73909,-0.5601089
-140.5264,-113.54299999999999,2.0,23.667920000000002,0.6572919
-144.8425,-101.9416,2.0,19.5737,0.344042
-159.1772,-104.6839,2.0,18.457279999999997,-0.5550128000000001
-161.2277,-116.7878,2.0,16.83589,0.1290196
-164.6422,-130.5572,2.0,23.10331,0.2960886
-165.3114,-150.5747,2.0,30.97914,0.5700017
-165.4721,-176.3934,2.0,38.44556,0.54797
-165.9049,-207.4959,2.0,45.44582,0.48757690000000004
-163.6143,-241.2933,2.0,33.7458,-3.3577800000000004
-150.3412,-251.8095,2.0,24.99934,0.2880709
-129.7444,-249.1099,2.0,29.98726,-0.20649570000000003
-127.8463,-231.3574,2.0,27.33482,0.5536312
-125.8327,-207.7528,2.0,35.757740000000005,0.2490335
-123.8928,-185.6427,2.0,14.738,-1.1744139999999998
-115.2468,-184.8705,2.0,15.35658,0.2197805
-110.5094,-197.3902,2.0,22.831210000000002,0.6211795999999999
-108.7947,-217.1878,2.0,30.764,0.2741161
-104.9416,-242.5044,2.0,38.155120000000004,0.23806449999999998
-89.55976,-267.6589,2.0,42.01508,-0.2079027
-61.20438000000001,-264.7959,2.0,41.52047,0.2833222
-48.89973,-237.7849,2.0,43.088840000000005,0.2304683
-45.16964,-204.2652,2.0,48.19043,0.08935657
-21.62513,-175.5309,2.0,53.37687,0.2201621
4.489231,-143.7576,2.0,52.86322,-0.9599207000000001
6.251085,-123.3064,2.0,17.926779999999997,1.424284
-4.358167,-110.9456,2.0,25.82699,0.47529859999999996
-6.788613000000001,-89.43079,2.0,33.13985,0.5329468
-6.758139999999999,-62.167790000000004,2.0,40.42556,0.2570901
-6.939614999999999,-29.60675,2.0,47.312,0.2313996
-7.347662,7.858661,2.0,53.77145,0.4438425999999999
-15.12876,41.5379,2.0,34.18975,-2.710953
-26.03495,45.78262,2.0,1.2297040000000001,-0.7268472
-26.07214,42.02666,2.0,9.65174,0.6030179
-35.25626,40.85839,2.0,17.75405,0.5997939
-50.03988,46.68983,2.0,25.19717,0.4568267
-71.19503,43.372679999999995,2.0,32.758990000000004,0.2626947
-98.20584000000001,41.48087,2.0,40.09446,0.5152044
-130.3041,39.30945,2.0,46.512,-0.01582546
-150.4363,23.72972,2.0,22.06476,-1.26478
-148.9389,19.204710000000002,2.0,4.553304,0.33875170000000004
-143.7172,16.46654,2.0,13.0416,0.5953906
-146.8791,4.802034,2.0,21.01239,0.6100903
-149.5363,-11.55156,2.0,26.785390000000003,0.5712374
-141.899,-33.41068,3.0,7.1690119999999995,1.15577
-143.697,-41.41158,3.0,11.49081,-0.01603906
-149.4716,-49.7052,3.0,18.23935,-0.06017331
-160.5704,-54.03272,3.0,14.5709,-0.24971839999999998
-166.588,-60.24605,3.0,10.71016,-0.16634029999999997
-164.0312,-67.50806999999999,3.0,13.29991,0.329239
-152.8224,-72.37749000000001,3.0,21.02684,0.5858373
-134.6486,-73.85804,3.0,28.59767,0.5748473000000001
-116.7018,-84.15049,3.0,25.45168,-0.37462840000000003
-108.1178,-99.82441999999999,3.0,28.46807,1.353198
-110.8646,-119.5965,3.0,24.45607,-0.39414740000000004
-121.8035,-131.1127,3.0,20.18073,0.9339194
-138.2904,-131.8331,3.0,21.954179999999997,-0.49279120000000004
-145.4156,-113.3613,3.0,31.03101,-0.8516997
-158.2291,-103.4408,3.0,15.92118,0.1000066
-166.4898,-113.8704,3.0,22.905920000000002,0.5795882
-168.9311,-133.6414,3.0,30.85753,0.5611975
-169.0574,-159.1474,3.0,38.056290000000004,0.256287
-167.1801,-189.8329,3.0,44.97271,0.49892770000000003
-163.9576,-225.3253,3.0,49.75842,-0.09016164
-156.2249,-255.9418,3.0,35.09016,-1.49785
-137.1659,-254.6397,3.0,27.46627,0.5454668
-125.0127,-235.7072,3.0,33.24646,0.1933767
-128.4846,-209.6466,3.0,36.38655,-0.5160792000000001
-124.7388,-185.0217,3.0,29.880440000000004,-0.9165530000000001
-110.148,-180.8716,3.0,21.08812,-0.3574108
-110.0255,-197.2904,3.0,25.95016,0.39055559999999995
-104.6873,-218.266,3.0,31.5408,-0.1277365
-106.0121,-239.858,3.0,27.605359999999997,0.04383311
-101.5572,-263.3623,3.0,36.57257,0.17304070000000002
-77.3528,-270.4565,3.0,37.936809999999994,0.540557
-60.203669999999995,-268.4774,3.0,12.714830000000001,-0.9853972
-56.16525,-266.6561,3.0,0.04983455,-0.6970068
-57.164069999999995,-267.3676,3.0,0.6857719,-0.15296300000000002
-56.09376999999999,-266.3859,3.0,5.231739,0.4195713
-52.63573,-262.6866,3.0,7.8900570000000005,0.04989008
-48.25866,-263.5782,3.0,2.220206,-0.8062668000000001
-49.180859999999996,-261.8274,3.0,7.177241,0.6076486
-49.69498,-253.642,3.0,15.37066,0.5741238000000001
-46.11981,-239.7789,3.0,23.15685,0.54443
-43.45919,-220.0929,3.0,30.4584,0.5170911
-40.12283,-195.1542,3.0,36.97253,0.2214433
-22.46931,-172.9734,3.0,41.61914,0.4591103
-3.9112190000000004,-155.5241,3.0,24.07413,-0.3867781
8.340546,-145.3185,3.0,19.032729999999997,-0.36127509999999996
11.70515,-133.8454,3.0,14.4554,-0.1443016
6.864641000000001,-122.7213,3.0,20.18854,0.5331170999999999
-3.1274610000000003,-108.2824,3.0,27.40162,0.2604175
-9.663813000000001,-86.28859,3.0,34.25808,0.47335829999999995
-9.706271000000001,-58.602230000000006,3.0,40.66426,0.4739862
-4.9843459999999995,-26.3643,3.0,46.68755,-0.6776826
-3.5667089999999995,3.729603,3.0,28.593629999999997,-2.384138
-4.733146,14.317279999999998,3.0,3.6845199999999996,-0.0507203
-5.636876,19.17713,3.0,11.16313,0.3001983
-9.000515,30.00262,3.0,19.3664,0.5555794
-21.28685,41.209720000000004,3.0,26.45745,0.5522029
-42.66615,44.81661,3.0,32.97436,0.2588598
-69.69481,44.54692,3.0,39.84166,0.2336093
-101.5655,42.52762,3.0,46.3325,0.4715852
-134.3791,38.23649,3.0,39.25898,-1.4853129999999999
-150.3338,19.63542,3.0,32.49015,-0.3261448
-143.8442,-4.244119,3.0,35.80798,0.2249379
-144.3083,-33.03826,3.0,41.962309999999995,0.318486
-153.0504,-53.664390000000004,4.0,19.32955,-0.4988585
-166.5165,-56.77871,4.0,19.12531,-0.03164812
-162.5862,-69.51019000000001,4.0,23.28504,0.2350701
-143.6494,-72.52979,4.0,29.73194,0.4526309
-121.4193,-81.34914,4.0,35.55547,0.3395061
-108.2315,-105.37700000000001,4.0,38.97768,-0.1945463
-121.1073,-129.2908,4.0,37.24055,-0.1524687
-143.4429,-126.4045,4.0,30.549409999999998,-0.4001249
-145.151,-104.5325,4.0,30.17093,-0.3196119
-157.405,-99.64729,4.0,17.98894,0.404965
-166.602,-112.6756,4.0,25.7729,0.5169471999999999
-169.8734,-134.2834,4.0,33.09407,0.5098791
-169.1429,-161.1513,4.0,39.75845,0.47844929999999997
-166.3354,-192.9398,4.0,46.257909999999995,0.4430607
-163.3756,-228.9038,4.0,48.30518,-1.056072
-157.5074,-252.0351,4.0,20.34443,-0.1913735
-143.9967,-257.9678,4.0,23.15329,0.49475649999999993
-130.0251,-249.0679,4.0,26.920370000000002,0.5160104999999999
-125.0748,-226.9529,4.0,33.70674,0.36077109999999996
-128.8215,-200.07299999999998,4.0,39.55075,0.06462037
-115.40299999999999,-177.28799999999998,4.0,34.22575,-0.5988345
-99.32070999999999,-186.4959,4.0,23.69621,-0.7654485
-111.1459,-195.9046,4.0,23.96688,0.008656872
-114.5549,-201.5526,4.0,0.0169855,-0.01280901
-114.5549,-201.5526,4.0,0.01780053,0.02303069
-112.5359,-201.7313,4.0,5.478345,0.26800250000000003
-109.7226,-198.6767,4.0,3.357682,-0.3128006
-109.6172,-199.1646,4.0,4.418185,0.5380802
-108.573,-204.9841,4.0,11.486460000000001,0.498755
-106.4178,-215.7879,4.0,18.089000000000002,0.4704508
-105.1987,-231.4114,4.0,24.21109,0.4213522
-105.2368,-251.4238,4.0,29.5993,0.29779720000000004
-91.96288,-269.6924,4.0,32.88997,0.13166370000000002
-67.18248,-269.4752,4.0,36.071870000000004,0.2773148
-49.66195,-250.3307,4.0,36.937,0.15293420000000002
-48.61186,-221.1206,4.0,41.309020000000004,0.24876550000000003
-38.14638,-190.7811,4.0,45.359809999999996,0.1969527
-14.36974,-166.3895,4.0,45.79714,-0.42424129999999993
4.278871,-149.2231,4.0,22.38477,-0.2508623
12.55113,-137.934,4.0,15.890820000000001,-0.4279204000000001
7.592160000000001,-123.9039,4.0,24.81204,0.2057643
-4.196942,-107.3285,4.0,30.09696,0.1784821
-9.981129,-83.77119,4.0,35.3208,0.3554653
-9.610114999999999,-55.848180000000006,4.0,40.17212,0.15690679999999999
-3.925608,-24.81157,4.0,44.9017,0.157143
-2.6538,9.706251,4.0,48.538309999999996,0.2584111
-12.65183,34.939,4.0,28.04607,0.31750500000000004
-32.92825,43.62275,4.0,32.51846,0.1669257
-58.877140000000004,43.25864,4.0,37.65867,0.3620176
-88.65548000000001,43.01163,4.0,42.58566,0.35414840000000003
-120.3695,39.97887,4.0,39.858959999999996,-1.349012
-138.9203,36.40795,4.0,14.45846,1.083321
-146.7576,26.296709999999997,4.0,20.634120000000003,0.212196
-147.4102,8.977008999999999,4.0,26.387629999999998,0.4325888
-143.0302,-12.23193,4.0,32.01862,0.372846
-142.9998,-37.08943,5.0,32.23206,-0.737137
-156.1505,-52.29694,5.0,27.725459999999998,0.3539703
-168.6809,-64.70136,5.0,18.92918,-1.141132
-158.1295,-69.6329,5.0,15.862720000000001,0.1517387
-143.0792,-72.32506,5.0,24.24316,0.2160255
-123.9768,-78.44901,5.0,29.841079999999998,0.1773854
-108.6852,-95.57819,5.0,33.42342,0.1706474
-112.1341,-119.9595,5.0,33.10926,-0.2632676
-129.2299,-133.1247,5.0,26.932709999999997,-0.3452866
-142.0865,-123.41,5.0,24.43068,0.2050326
-150.2485,-105.4241,5.0,29.414,0.1398996
-165.2903,-103.1633,5.0,16.22952,-0.3824342
-164.6902,-115.3144,5.0,18.64498,0.4145417
-167.4111,-132.5129,5.0,29.65962,1.301125
-168.6508,-161.395,5.0,45.58358,0.4597425
-164.39,-196.9632,5.0,51.64775,0.5170610999999999
-164.1608,-227.4676,5.0,24.87613,-2.116864
-162.7894,-242.5222,5.0,17.65332,-0.2104987
-157.8167,-252.7499,5.0,15.829629999999998,0.4639428
-144.1133,-260.2109,5.0,25.573970000000003,0.5468255
-128.6311,-247.00799999999998,5.0,34.2766,0.49346130000000005
-126.2107,-218.229,5.0,41.33575,-0.3680474
-128.5908,-195.21,5.0,20.717370000000003,-0.2544094
-122.8411,-184.0241,5.0,15.94634,0.8167821999999999
-108.1699,-184.3493,5.0,24.3081,0.012987799999999999
-102.4861,-202.0348,5.0,30.02093,0.40753959999999995
-104.1875,-227.3941,5.0,36.92804,0.2311326
-105.0571,-253.5738,5.0,31.810409999999997,-0.6310611
-92.08719,-269.9518,5.0,31.00948,0.2808825
-68.11098,-270.144,5.0,34.96647,0.2542207
-51.18655,-251.3471,5.0,36.82918,0.1505905
-47.08129,-222.4144,5.0,41.65767,0.1703878
-39.26342,-190.9532,5.0,45.82444,0.1866155
-16.359029999999997,-165.1297,5.0,46.59798,-3.3455779999999997
-1.612006,-155.2402,5.0,13.276629999999999,-0.3434623
5.018051,-150.4848,5.0,8.864908999999999,-0.2883333
9.123308,-146.6752,5.0,8.491072,0.2595667
13.07565,-138.9653,5.0,15.08814,0.4364903
9.705578,-126.2545,5.0,21.041729999999998,0.4002434
-0.8378878000000001,-111.991,5.0,26.83792,0.41895240000000006
-8.43875,-91.46916,5.0,32.24944,0.3830208
-10.46957,-65.87346,5.0,37.26358,0.3699955
-5.44667,-36.88322,5.0,42.132979999999996,0.361064
-1.4061299999999999,-4.276986,5.0,45.423159999999996,-0.6666217
-5.045962,20.78523,5.0,18.85635,-1.79735
-8.447836,28.821720000000003,5.0,14.66451,0.46638630000000003
-16.81606,38.823640000000005,5.0,20.74126,0.4394972
-33.085770000000004,44.77727,5.0,26.36362,0.2074685
-54.705259999999996,45.1843,5.0,31.9811,0.19870320000000002
-80.41788000000001,44.296170000000004,5.0,37.29528,0.17553970000000002
-109.8047,42.075140000000005,5.0,41.81524,-0.7497221
-133.8596,39.21289,5.0,18.81396,-0.2385355
-145.1694,29.00286,5.0,24.04681,0.3810564
-147.7613,9.568391,5.0,29.267190000000003,0.1744976
-142.8071,-13.584979999999998,5.0,34.5879,0.1803985
-143.3178,-37.51706,6.0,21.81129,-2.6026290000000003
-147.5421,-47.353120000000004,6.0,16.57725,0.522085
-158.638,-54.927969999999995,6.0,16.63195,-0.21484389999999998
-166.0866,-61.35499,6.0,12.87448,0.7710273
-159.6012,-71.87275,6.0,22.89799,0.1926835
-138.5251,-71.84936,6.0,35.193220000000004,0.41082209999999997
-113.7795,-86.4343,6.0,41.461729999999996,-0.37160859999999996
-113.1935,-111.0706,6.0,24.42241,-2.180702
-117.4534,-120.6163,6.0,12.02249,0.42670119999999995
-123.3757,-131.6642,6.0,17.73475,-0.5359366999999999
-136.4634,-132.8177,6.0,21.50641,0.1956485
-144.8336,-118.0432,6.0,27.21521,0.26951579999999997
-149.3111,-105.1148,6.0,7.853457000000001,-0.2791586
-154.8543,-101.4162,6.0,12.84078,0.3435543
-164.9299,-104.0326,6.0,15.67525,0.2481179
-167.4185,-118.7426,6.0,26.73048,1.006456
-168.9581,-143.6199,6.0,39.80807,0.8768023000000001
-167.989,-177.2307,6.0,50.6659,0.3492344
-164.1116,-216.6213,6.0,51.13937,-0.4087014
-161.8992,-249.2789,6.0,36.00634,-1.409453
-145.0348,-258.1138,6.0,22.66625,-0.5350576
-131.5787,-252.044,6.0,21.59541,0.8549448000000001
-125.2476,-234.4936,6.0,28.108759999999997,0.19480029999999998
-126.7159,-211.7808,6.0,33.44262,0.1806655
-127.5914,-187.5809,6.0,23.862679999999997,-2.713123
-116.2068,-182.3211,6.0,20.45575,0.3781329
-104.5152,-193.268,6.0,24.91864,0.37208969999999997
-102.8619,-213.5758,6.0,30.309690000000003,0.200542
-105.5793,-237.899,6.0,35.69644,0.3609953
-101.0787,-265.0285,6.0,38.25592,-0.1402249
-77.77295,-271.5169,6.0,30.58425,-0.5621046
-58.73216,-266.025,6.0,23.01559,-0.6051654000000001
-49.31283,-251.4931,6.0,28.2922,0.19811270000000003
-45.61053,-228.6916,6.0,33.82985,0.41429170000000004
-42.59476,-201.8806,6.0,38.93269,0.1638844
-28.900840000000002,-176.1612,6.0,41.3591,0.1305411
-5.948047,-159.1891,6.0,27.1039,-2.272628
3.7900400000000003,-151.7954,6.0,12.21515,-0.0664013
10.24933,-145.2455,6.0,13.69956,0.1263655
12.510760000000001,-133.0631,6.0,21.39722,0.5876034000000001
1.235026,-117.3871,6.0,32.913000000000004,1.0336100000000001
-8.547633,-90.04565,6.0,46.52279,0.46768690000000007
-8.492875,-50.928509999999996,6.0,58.67978000000001,0.34791659999999996
-1.181085,-6.699472999999999,6.0,58.821509999999996,-1.130817
-6.1690059999999995,22.455170000000003,6.0,22.437260000000002,-0.4673912
-13.900379999999998,36.5303,6.0,24.18047,0.5721533000000001
-33.62173,44.72211,6.0,35.1833,0.5206867999999999
-65.17354,44.73617,6.0,50.133359999999996,1.064474
-106.676,42.64754,6.0,52.87096,-2.138433
-126.7859,39.42172,6.0,13.94005,-0.3708474
-137.2631,37.02936,6.0,20.31871,1.1895790000000002
-147.3652,24.0468,6.0,25.66479,0.1870218
-146.2601,3.081077,6.0,31.173509999999997,0.40308790000000005
-141.2654,-21.56814,6.0,36.30373,0.1223271
-142.0473,-36.38088,7.0,9.417512,0.5047441
-144.6948,-45.42023,7.0,15.959779999999999,0.21746239999999997
-156.0598,-53.01067,7.0,21.80355,0.4202107
-167.9914,-63.710609999999996,7.0,19.88511,-0.6368154
-164.0105,-74.76066999999999,7.0,15.95067,0.09590591
-151.5495,-76.27588,7.0,19.36111,0.141098
-137.0001,-73.13611999999999,7.0,21.14871,0.21836750000000002
-120.7905,-78.2092,7.0,27.79415,0.6345996
-108.5565,-96.34835,7.0,31.96991,0.23301620000000003
-113.6328,-120.1092,7.0,35.16936,0.1774572
-136.724,-131.757,7.0,34.61634,-1.2973219999999999
-147.1766,-120.8844,7.0,14.04698,-0.5735965999999999
-142.9516,-113.70100000000001,7.0,14.356589999999999,0.5504119000000001
-148.9146,-103.3061,7.0,16.48081,0.05745724
-161.7161,-103.5024,7.0,21.03004,0.21297270000000004
-166.3016,-117.2293,7.0,19.974729999999997,0.21247080000000002
-166.5292,-134.5774,7.0,28.072159999999997,0.5491775
-169.3734,-160.6098,7.0,42.2996,0.4486085999999999
-169.9651,-196.56,7.0,54.36326999999999,0.8012222
-167.8136,-234.8084,7.0,44.67105,-2.029432
-154.0403,-253.5334,7.0,26.263890000000004,-0.7235399
-137.1169,-253.1942,7.0,22.15448,0.1661922
-126.0119,-241.1452,7.0,26.6497,1.1671799999999999
-126.0384,-218.18599999999998,7.0,33.87514,0.39039
-125.8828,-191.2224,7.0,37.98661,-0.8242325
-116.3487,-179.7921,7.0,13.588429999999999,-0.1584047
-109.8229,-190.0511,7.0,21.01034,0.20967399999999997
-108.8709,-207.8499,7.0,26.99045,0.201844
-108.5676,-229.9417,7.0,32.62982,0.39381669999999996
-103.9528,-255.1861,7.0,36.944390000000006,0.211209
-82.39506,-272.2108,7.0,39.25087,0.03296691
-56.15684,-263.5141,7.0,39.32396,-0.0020136729999999997
-49.36974,-235.225,7.0,41.92532,0.3487245
-43.340340000000005,-203.5454,7.0,45.1435,0.07361358
-20.76077,-177.2305,7.0,49.09838,0.3099525
3.295726,-148.3876,7.0,46.5786,-2.0875
8.269812,-125.8306,7.0,23.05837,-0.594426
-3.228125,-109.0084,7.0,31.426170000000003,0.5177689
-4.835355,-81.56959,7.0,45.90811,1.335636
-0.6727728000000001,-41.43707,7.0,62.51914,0.5095786
-2.13691,7.3799600000000005,7.0,62.23891999999999,-0.5132558
-12.6993,39.64918,7.0,32.448370000000004,-1.206836
-35.7089,40.843379999999996,7.0,37.82521,0.7129462
-65.71784,40.42868,7.0,42.88857,0.3359812
-99.2077,40.832679999999996,7.0,47.50731,0.1473009
-135.1212,39.200759999999995,7.0,44.580059999999996,-3.161944
-147.2629,21.66789,7.0,28.93065,0.38680679999999995
-145.2441,-1.7384330000000001,7.0,34.34544,0.38747659999999995
-145.6826,-29.08827,7.0,39.4999,0.3738198
-156.904,-54.317009999999996,8.0,35.44948,-0.2510076
-168.4016,-67.93611,8.0,21.47094,0.36103670000000004
-155.1009,-78.98323,8.0,27.87977,0.12789289999999998
-132.7089,-77.43462,8.0,32.398540000000004,0.05264587
-113.9517,-92.6852,8.0,35.18603,0.07983941
-113.7186,-118.6799,8.0,37.05704,0.03073347
-136.3607,-132.0739,8.0,33.61057,-1.7201529999999998
-146.6068,-127.3784,8.0,2.378686,-0.1133194
-143.2988,-124.4847,8.0,9.815039,0.49254090000000006
-142.3974,-115.1907,8.0,16.21363,0.4405151
-151.1319,-104.3109,8.0,21.94622,0.3229641
-166.1228,-107.2773,8.0,23.80506,0.06828493
-166.82,-126.1262,8.0,28.57297,0.3923913
-168.8293,-149.1054,8.0,33.83286,0.19006610000000002
-170.9744,-175.8475,8.0,38.735820000000004,0.3521877
-169.0886,-206.4217,8.0,43.5928,0.16027629999999998
-166.7077,-240.0968,8.0,45.97408,-0.7337428
-145.5645,-256.7997,8.0,33.01497,-0.5859562
-129.3513,-243.993,8.0,29.76908,0.9634331
-127.2742,-220.28900000000002,8.0,34.99865,0.3834553
-126.2924,-192.6178,8.0,38.43075,-0.2769198
-114.5947,-179.6168,8.0,15.662679999999998,-0.2909509
-107.5937,-189.4,8.0,20.1985,0.4567029
-106.7058,-206.5667,8.0,26.19404,0.22379259999999998
-105.9841,-228.1786,8.0,31.899179999999998,0.39703099999999997
-102.9995,-253.3816,8.0,36.59998,0.11600999999999999
-83.43134,-271.9104,8.0,38.55275,0.02299792
-57.237109999999994,-264.4175,8.0,39.30819,0.1454156
-47.348209999999995,-237.2288,8.0,41.71249,0.33792659999999997
-43.66275,-204.945,8.0,45.66469,0.0325306
-22.166999999999998,-178.9194,8.0,47.862120000000004,0.14626670000000003
1.728561,-150.8272,8.0,49.96288,-0.3918753
7.012133,-122.3945,8.0,33.58061,-0.43662829999999997
-6.936857000000001,-99.02596,8.0,39.11443,-0.1792146
-2.787354,-69.39655,8.0,42.78983,0.3246585
-1.261307,-35.961729999999996,8.0,47.34122,0.32004540000000004
-1.834862,0.7144484999999999,8.0,51.715720000000005,0.296003
-9.894521000000001,35.84853,8.0,39.15099,-2.003148
-25.790960000000002,42.16903,8.0,8.22611,-2.042182
-27.51837,37.913990000000005,8.0,9.309572,0.462851
-35.74075,39.65055,8.0,15.61147,0.4555348
-45.66641,48.46563,8.0,13.482129999999998,-0.9360472
-48.02454,48.58671,8.0,0.02585014,-0.01891493
-48.23171,47.86999,8.0,3.5710300000000004,0.2602222
-48.01757,44.4105,8.0,5.149605,-0.07273601
-47.50965,43.57339,8.0,3.817861,0.7008023
-53.088519999999995,46.26251,8.0,12.8544,0.3181262
-65.70953,45.1969,8.0,21.37632,0.5940223000000001
-84.43995,42.87293,8.0,29.38107,0.27814079999999997
-108.8883,42.990359999999995,8.0,36.74364,0.5405608000000001
-136.8374,39.52948,8.0,39.10218,-0.3884571
-144.0005,12.65226,8.0,42.422959999999996,0.680721
-146.7883,-21.57054,8.0,48.42752,-0.3763762
-142.0592,-34.7392,9.0,2.645165,-0.0572437
-143.1045,-39.11564,9.0,11.77833,0.3278712
-147.7568,-47.96914,9.0,12.717080000000001,-0.21130900000000002
-155.3148,-52.57368,9.0,14.310360000000001,0.3171337
-164.4798,-56.25464,9.0,11.796,-0.23134570000000004
-166.77599999999998,-63.66058,9.0,12.90488,0.48897170000000006
-157.6319,-73.01276,9.0,19.81926,-0.2013454
-144.5775,-72.91669,9.0,15.901539999999999,-0.2432953
-131.9794,-74.16465,9.0,23.37259,1.178018
-115.789,-83.43643,9.0,25.94102,0.06325382
-107.4802,-100.6051,9.0,25.375999999999998,-0.2083891
-108.5274,-114.1958,9.0,12.226939999999999,-0.09173764
-111.69200000000001,-122.6455,9.0,16.33646,0.66595
-122.0065,-133.4785,9.0,20.01264,-0.35198609999999997
-134.8487,-134.0553,9.0,15.859029999999999,-0.09386509
-143.7478,-125.0838,9.0,22.3903,0.29349780000000003
-149.7809,-106.6343,9.0,25.434260000000002,-2.025134
-159.5847,-99.44106,9.0,13.828579999999999,-0.3708103
-165.9744,-107.0653,9.0,19.243879999999997,1.1210579999999999
-168.3193,-126.7328,9.0,33.86588,0.47000690000000006
-169.0692,-156.2807,9.0,44.0409,0.3658638
-166.3345,-190.2729,9.0,47.67038,0.08970656
-163.4125,-223.3813,9.0,40.60341,-0.9210414000000001
-160.8989,-247.263,9.0,26.340970000000002,-0.5463336
-148.8655,-259.0956,9.0,20.671860000000002,-0.3538063
-135.8442,-257.6042,9.0,20.12702,0.9296995000000001
-126.0305,-240.1792,9.0,34.11503,0.3078087
-126.6983,-213.4458,9.0,34.8149,-0.4939241
-128.7365,-194.7122,9.0,15.843110000000001,-0.11796459999999999
-125.8561,-184.6434,9.0,12.97286,0.2614458
-114.1295,-182.0427,9.0,19.24342,-0.2974425
-104.3408,-189.2811,9.0,14.971639999999999,-0.2392426
-102.4824,-203.59900000000002,9.0,27.009059999999998,0.4804156
-104.5938,-227.6943,9.0,36.9657,0.2072165
-104.7774,-254.8974,9.0,35.59768,-0.2641864
-88.56186,-272.3215,9.0,32.61466,-0.04718419
-65.04616,-269.4219,9.0,32.264720000000004,-0.0818442
-50.57156,-250.9843,9.0,34.24403,0.04929415
-46.11607,-225.1102,9.0,36.54462,0.07156664
-41.525909999999996,-198.6488,9.0,34.894420000000004,-0.3161618
-30.94786,-177.5166,9.0,29.27277,-0.42800790000000005
-15.91376,-165.1202,9.0,23.83265,-0.334758
-2.350901,-156.1425,9.0,20.18544,-0.283973
8.582562,-147.6862,9.0,18.88891,0.42228370000000004
12.11825,-132.3848,9.0,24.70039,0.1991875
0.48285200000000006,-115.9809,9.0,29.268009999999997,0.13752060000000002
-8.578801,-96.17033,9.0,29.96353,0.06443854
-11.30298,-73.67619,9.0,32.25294,0.3332343
-8.626147999999999,-48.59523,9.0,35.15894,0.1265345
-3.9169620000000003,-22.51209,9.0,36.32685,0.06817684
-2.034798,3.8713309999999996,9.0,32.32942,-0.5379633
-5.817726,23.01174,9.0,21.689339999999998,-0.6001922
-13.165970000000002,36.001259999999995,9.0,24.158160000000002,0.5673841
-31.441540000000003,44.84059,9.0,31.1843,0.23407089999999997
-57.05274,43.985820000000004,9.0,38.26683,0.4928527
-88.12005,44.16602,9.0,45.18694,0.2433141
-122.9218,40.8722,9.0,45.00162,-1.2501209999999998
-145.9883,29.19012,9.0,34.61213,-0.1032907
-143.1519,3.249765,9.0,38.88984,0.49137700000000006
-142.6702,-26.548029999999997,9.0,35.73619,-1.6604700000000001
-145.9798,-42.156909999999996,10.0,16.11561,0.1630169
-154.8359,-52.9484,10.0,18.33484,-0.309749
-165.4932,-58.685019999999994,10.0,14.48737,-0.17834589999999997
-165.1545,-68.57605,10.0,17.50988,0.590179
-153.2814,-73.10059,10.0,18.18979,0.09690461
-139.8329,-72.76382,10.0,17.31991,-0.08391652
-124.5291,-77.24693,10.0,26.5207,0.5578810000000001
-109.3314,-92.69884,10.0,32.89543,0.3876148
-109.6461,-118.2615,10.0,34.769,-1.198136
-122.8794,-132.1678,10.0,22.34841,-0.3809886
-137.1875,-132.3606,10.0,17.44325,-0.327875
-144.976,-120.7446,10.0,23.61135,0.3099165
-149.8396,-105.2796,10.0,10.36787,-1.45403
-153.3057,-102.0253,10.0,10.25595,0.5822752
-162.9444,-102.0596,10.0,17.06408,0.2159143
-167.6688,-115.7758,10.0,23.629179999999998,0.2501654
-168.7744,-135.9004,10.0,30.611520000000002,0.2392554
-168.5536,-160.9671,10.0,35.58728,0.194458
-167.3229,-188.9904,10.0,39.49912,0.15202190000000002
-164.5929,-217.3322,10.0,35.03931,-0.5463888000000001
-163.2473,-240.583,10.0,28.01925,-0.2914365
-154.5493,-255.9365,10.0,21.1182,-0.430015
-138.8224,-259.0157,10.0,23.8929,-0.02047043
-127.9292,-245.1388,10.0,26.26972,0.2808716
-124.8535,-224.9406,10.0,29.38634,0.1045586
-127.4636,-203.3193,10.0,25.38792,-1.706293
-127.8456,-189.856,10.0,15.04853,-0.16893989999999998
-122.5099,-182.5042,10.0,13.15744,0.23441350000000002
-110.6776,-183.2524,10.0,18.36676,0.04371616
-103.1551,-193.5866,10.0,18.98495,0.1748873
-103.5663,-208.6193,10.0,21.502879999999998,0.08516518
-104.6734,-224.6988,10.0,21.8435,0.27286259999999996
-106.0777,-243.7404,10.0,29.121190000000002,0.4702693
-101.1515,-264.7346,10.0,29.00875,-0.10082619999999999
-79.70769,-272.4999,10.0,36.124340000000004,0.5108526
-54.7547,-261.626,10.0,38.002829999999996,-0.0982515
-47.92774,-233.2146,10.0,42.64097,0.3094244
-42.54688,-202.0857,10.0,39.75312,-0.6567828
-31.242359999999998,-178.5506,10.0,31.29245,-0.566936
-15.48606,-165.2963,10.0,24.79736,-0.2210232
-5.109235,-158.0545,10.0,13.02088,0.1594207
5.663115,-150.2142,10.0,19.741239999999998,-0.17984760000000002
13.4091,-137.7387,10.0,24.52972,0.9932634
3.842372,-120.6037,10.0,30.290129999999998,0.2253212
-7.867156,-99.55913000000001,10.0,36.316159999999996,0.5277959
-10.398639999999999,-75.3878,10.0,31.821920000000002,0.48454040000000004
-8.319115,-49.50407,10.0,38.2779,0.442121
-3.726336,-19.19768,10.0,44.32504,0.4143817
-3.128123,15.316289999999999,10.0,48.31555,-0.07390712
-20.9325,41.19735,10.0,42.70193,0.08029663
-53.60898,44.55318,10.0,47.26739,0.4034459
-90.61835,43.82983,10.0,52.5723,0.39215609999999995
-127.8194,39.62955,10.0,42.178340000000006,-1.560297
-148.6777,23.014310000000002,10.0,36.912729999999996,-0.09765488
-142.3482,-4.376386,10.0,40.64524,0.35738909999999996
-144.1743,-33.36937,11.0,32.47015,-0.6233191
-157.3699,-54.98426,11.0,36.718509999999995,0.3561298
-169.8167,-74.31078000000001,11.0,25.0765,-0.5906594000000001
-158.3212,-78.78224,11.0,20.70896,0.4132513
-144.2285,-69.41201,11.0,25.84345,0.267499
-125.2761,-78.36663,11.0,31.782059999999998,0.2367502
-110.2742,-95.59164,11.0,32.35476,0.6454849
-112.958,-120.1723,11.0,33.6305,-1.7903240000000002
-128.8763,-132.9801,11.0,28.19143,0.34695729999999997
-144.6583,-120.2616,11.0,31.9484,0.4306374
-147.8194,-103.3062,11.0,9.87185,-0.23394629999999997
-158.5305,-101.0004,11.0,21.27534,0.49723540000000005
-166.7986,-115.2555,11.0,26.51,0.47014220000000007
-166.3224,-137.3342,11.0,33.13232,0.22952809999999998
-168.3753,-164.1275,11.0,39.26254,0.2098817
-165.5103,-195.3091,11.0,45.25606,0.42882709999999996
-163.0566,-230.1724,11.0,46.092929999999996,-1.095576
-154.737,-255.5437,11.0,27.83209,-0.17770479999999997
-134.3346,-257.5812,11.0,29.2509,-0.005991429
-125.8786,-236.5585,11.0,34.016940000000005,0.4565186
-127.0832,-209.0854,11.0,38.595859999999995,-0.3773765
-124.5668,-183.9991,11.0,30.2625,-0.7144378
-108.1993,-184.0398,11.0,23.96911,-0.0458495
-107.4713,-203.3201,11.0,29.38015,0.2175938
-105.9915,-227.2371,11.0,35.55592,0.4636897
-105.1856,-255.4609,11.0,40.62254,0.2574223
-83.38605,-272.4925,11.0,39.39865,0.272287
-55.35275,-262.6104,11.0,41.46022,-0.13869289999999998
-46.19722,-232.8835,11.0,44.95795,0.40308940000000004
-40.71922,-197.93400000000003,11.0,50.2244,0.12437069999999999
-19.317729999999997,-168.2693,11.0,45.77066,-0.9643062
3.351604,-152.8478,11.0,31.606109999999997,-0.5795875
12.1986,-135.2194,11.0,23.45372,-0.25538510000000003
3.8839910000000004,-119.1496,11.0,28.042170000000002,0.2479545
-6.972291,-99.08915,11.0,34.05953,0.2201161
-10.43822,-71.84337,11.0,40.16444,0.42489160000000004
-6.663221000000001,-40.15233,11.0,45.90248,0.19460940000000002
-1.748735,-4.496128,11.0,51.22898,0.3262339
-9.901941,32.597640000000006,11.0,48.81698,-0.19983789999999998
-40.14137,45.28907,11.0,46.79166,0.36002340000000005
-76.83481,42.14116,11.0,52.25728,0.40065959999999995
-117.008,40.71933,11.0,52.50356,-1.0290540000000001
-146.8405,28.09195,11.0,41.64058,-0.1962513
-145.4379,-1.14595,11.0,42.45129,0.20653979999999997
-143.2886,-33.53156,12.0,42.375,-0.465449
-156.8253,-52.46978000000001,12.0,27.612240000000003,0.4258795999999999
-168.3869,-65.91502,12.0,23.201810000000002,0.03094095
-153.0766,-71.76438,12.0,26.726770000000002,0.26207929999999996
-131.2468,-73.60596,12.0,32.86469,0.4285876
-110.8396,-89.46072,12.0,37.6198,0.1126972
-109.1093,-115.8623,12.0,31.943859999999997,-1.030897
-124.0379,-130.4098,12.0,26.497629999999997,-0.5023310999999999
-140.6326,-131.046,12.0,23.227320000000002,0.2578023
-146.6446,-114.0037,12.0,28.3873,0.44313
-157.4574,-100.5076,12.0,21.22328,-0.184202
-167.4507,-109.9386,12.0,24.334789999999998,0.9088495999999999
-167.1369,-133.1706,12.0,36.27089,0.44318630000000003
-168.6802,-162.0929,12.0,42.00008,0.4451724
-166.27900000000002,-195.4216,12.0,47.7747,0.2030791
-164.2035,-232.5,12.0,49.16292,-1.441452
-150.4711,-257.916,12.0,32.54252,-1.214025
-132.5803,-249.8632,12.0,29.75483,0.1693293
-126.429,-226.646,12.0,35.370940000000004,0.23970770000000002
-127.8034,-199.7106,12.0,33.74765,-0.22296020000000003
-119.4035,-180.1186,12.0,28.81203,-0.04446314
-106.6309,-190.2609,12.0,24.753420000000002,0.3011678
-110.4444,-210.3987,12.0,30.9889,0.48016210000000004
-108.9032,-235.77200000000002,12.0,37.46117,0.45152109999999995
-100.65799999999999,-263.9787,12.0,41.43096,-0.26879699999999995
-73.45248000000001,-270.5909,12.0,41.0106,0.43738019999999994
-47.42559,-255.5378,12.0,38.82529,-0.7796066999999999
-51.998059999999995,-231.513,12.0,31.51277,-0.7563101999999999
-52.913959999999996,-218.2189,12.0,6.3357779999999995,-0.3965947
-53.35461,-214.9068,12.0,1.019152,-0.24575389999999997
-52.13917,-217.1451,12.0,7.73192,0.6056278
-44.71495,-217.1641,12.0,14.59041,0.2160676
-41.868520000000004,-206.9156,12.0,12.92244,-0.25841390000000003
-40.96501,-195.0042,12.0,20.81365,0.25312660000000003
-33.54337,-178.7648,12.0,27.559070000000002,0.2362958
-15.98864,-164.3876,12.0,33.96159,0.4695363
6.087133000000001,-148.9827,12.0,37.20261,-0.1095501
10.51215,-126.95,12.0,28.50453,0.04070049
-3.9620550000000003,-105.4551,12.0,42.82796,1.2093770000000001
-10.576260000000001,-69.89431,12.0,53.0673,0.31042459999999994
-4.387948000000001,-29.3636,12.0,57.90854,0.3340065
-3.36194,13.20105,12.0,50.00793,-1.8488810000000002
-14.76505,37.08968,12.0,35.531859999999995,0.3124622
-40.05154,45.68166,12.0,39.122820000000004,0.3909608
-71.13450999999999,44.48317,12.0,44.96198,0.4134933
-106.4214,42.25108,12.0,50.45863,0.1896611
-142.1387,36.059470000000005,12.0,47.11163,-0.5388465
-152.4846,15.65151,12.0,15.596060000000001,-0.732007
-153.1643,12.68742,12.0,4.0136970000000005,0.6237881
-147.9861,10.23542,12.0,12.07598,0.5642373
-146.395,-1.386414,12.0,19.739810000000002,0.5064605
-143.4622,-18.39365,12.0,26.85575,0.26248590000000005
-141.9786,-34.23512,13.0,5.476161,0.6310945
-143.811,-41.060629999999996,13.0,13.58539,0.5168694
-152.2372,-50.41362,13.0,20.82602,0.2626265
-166.2793,-60.758919999999996,13.0,24.50425,-0.7632788
-162.6866,-74.1282,13.0,17.51175,0.01157373
-148.9163,-75.16533000000001,13.0,21.95201,0.2086027
-134.6123,-72.29865,13.0,19.59809,1.027061
-118.175,-78.39079,13.0,27.14398,0.20599679999999998
-107.1677,-97.1277,13.0,32.66121,0.354483
-113.3522,-121.3595,13.0,36.71132,0.1401755
-137.4072,-132.1821,13.0,32.197309999999995,-1.7402790000000001
-145.4745,-122.8334,13.0,7.180644999999999,-1.076095
-139.3975,-122.75399999999999,13.0,10.59885,-0.25031020000000004
-140.1768,-122.88600000000001,13.0,6.667355000000001,0.4538058
-145.2302,-126.9485,13.0,8.822918,-0.7137309000000001
-145.5093,-128.9354,13.0,2.455705,0.6507308
-143.69299999999998,-124.1058,13.0,11.47998,0.6059868
-139.9331,-113.4598,13.0,19.24907,0.47235309999999997
-148.1605,-99.55804,13.0,25.50189,0.2508238
-164.4026,-103.1227,13.0,21.99409,-0.2004358
-167.3944,-122.2939,13.0,30.744709999999998,0.5436634
-167.5019,-147.6217,13.0,37.6442,0.5120504
-167.9245,-178.0803,13.0,44.15032,0.22679639999999998
-167.9834,-213.0774,13.0,50.28261,0.44837299999999997
-161.4125,-248.8138,13.0,45.07803,-0.5001127000000001
-134.123,-255.4296,13.0,33.20884,-1.4489459999999998
-128.09799999999998,-234.8956,13.0,34.49673,0.8286068999999999
-127.3577,-205.8573,13.0,41.29927,0.381879
-124.9623,-185.3658,13.0,15.179670000000002,-0.3190092
-114.9552,-181.6348,13.0,17.98922,0.8492450999999999
-105.5366,-193.7945,13.0,25.18561,0.4858918
-105.9518,-214.9089,13.0,32.15724,0.2500411
-107.4565,-241.0219,13.0,38.3049,0.3538519
-92.90381,-266.8924,13.0,42.53611,0.09576034
-63.25872,-269.2884,13.0,42.59259,-0.01637632
-49.316320000000005,-242.50900000000001,13.0,44.05584,0.224298
-46.21687,-209.0472,13.0,40.88771,-1.033571
-30.08326,-181.8839,13.0,45.78785,0.4173993
-4.856793,-155.8207,13.0,51.7429,0.42598339999999996
9.773221000000001,-123.9067,13.0,44.56367,-0.8551334999999999
-6.317006,-103.4754,13.0,29.99199,-1.0166819999999999
-7.232207000000001,-81.95907,13.0,33.52732,0.249352
-5.650021,-54.657790000000006,13.0,40.25732,0.5083149
-4.761122,-22.47673,13.0,46.62634,0.4674323
-4.202444,14.247110000000001,13.0,52.25797,0.13970120000000003
-19.47645,40.71976,13.0,33.93285,-0.5509695
-34.19833,36.56985,13.0,13.39715,-0.2006145
-35.10425,32.586290000000005,13.0,0.08138464,0.02039437
-35.15269,32.59278,13.0,0.06381561,-0.01185112
-34.79351,33.56388,13.0,4.907223,0.5621885999999999
-33.50136,39.89071,13.0,11.909930000000001,-0.06862073
-32.24795,44.69873,13.0,1.560159,-0.6769421
-33.2196,42.89824,13.0,6.872707000000001,0.5744600999999999
-40.69708,41.71788,13.0,14.53911,0.5142335
-53.607319999999994,45.07932,13.0,21.52976,0.2541051
-71.95869,43.95599,13.0,28.095940000000002,0.2288035
-94.95399,42.04807,13.0,34.198859999999996,0.4011161
-122.3243,41.8503,13.0,39.52531,0.1717275
-145.5253,25.9006,13.0,38.0821,-0.0037706840000000003
-146.782,-3.127787,13.0,42.18071,0.40170279999999997
-144.9594,-36.06459,14.0,45.5092,-0.2979148
-159.2964,-58.06275,14.0,29.564159999999998,-0.8815393
-158.7912,-73.56433,14.0,25.309639999999998,0.37053070000000005
-138.7136,-75.58513,14.0,30.567040000000002,0.2174495
-117.2992,-85.59487,14.0,34.91673,0.1507888
-110.0088,-110.5079,14.0,37.64164,0.06685926
-128.1494,-131.0107,14.0,38.68419,-0.3734938
-146.1277,-124.4136,14.0,19.0577,-2.0845029999999998
-145.9896,-119.8176,14.0,1.755893,0.1082894
-146.8916,-118.7365,14.0,1.8000369999999999,-0.03521794
-147.6958,-117.9097,14.0,1.3887200000000002,0.04165859
-149.9536,-117.2162,14.0,3.9462620000000004,-0.005534302
-150.326,-117.1793,14.0,4.234532,0.6466039000000001
-145.7673,-112.8518,14.0,12.8084,0.5481839
-146.8675,-101.3311,14.0,19.85291,0.46549090000000004
-161.8047,-98.35773,14.0,24.45844,0.288069
-167.7531,-115.9885,14.0,29.428459999999998,0.2649837
-166.4161,-140.3675,14.0,36.43037,0.2542839
-166.6905,-169.8553,14.0,43.13705,0.4714094
-167.2853,-204.1645,14.0,49.4139,0.4520348
-163.776,-241.3753,14.0,45.93245,-1.510704
-144.9578,-254.7223,14.0,18.49632,-2.329366
-141.7049,-250.9919,14.0,3.9130480000000003,-0.1603562
-140.2376,-248.7819,14.0,6.261927,0.4418367
-133.2889,-249.1703,14.0,13.8084,-0.0901034
-123.8033,-251.3747,14.0,11.500010000000001,-0.3765991
-121.154,-244.2299,14.0,14.558829999999999,0.9556923
-124.6886,-230.8136,14.0,22.72504,0.28143520000000005
-127.0392,-211.3231,14.0,30.226840000000003,0.27143049999999996
-126.2402,-186.7796,14.0,33.50201,-0.4460749
-109.0163,-181.0497,14.0,22.16517,-0.07393846
-105.8792,-201.1018,14.0,37.37211,1.530184
-106.9978,-236.1227,14.0,56.633230000000005,0.5192244
-88.25395999999999,-269.2566,14.0,45.711690000000004,-0.6460435
-56.490669999999994,-265.8159,14.0,44.67882,-0.4805805
-48.841029999999996,-235.7957,14.0,45.2019,0.47317159999999997
-43.06734,-201.8937,14.0,49.2391,0.37857909999999995
-18.70502,-172.5249,14.0,54.40891,0.1952573
7.795495,-141.4843,14.0,51.55473,-1.486118
4.0914410000000005,-116.9816,14.0,27.23875,-0.4435733
-5.310502,-99.04567,14.0,31.011670000000002,0.22867590000000002
-4.788087,-73.57977,14.0,37.805,0.24094920000000003
-2.696989,-43.11168,14.0,44.39844,0.2382549
-2.323156,-7.898189,14.0,50.60698,0.44589809999999996
-7.473797,29.56342,14.0,46.49212,-0.6134927
-35.02178,42.50057,14.0,43.86792,0.42429300000000003
-69.82133,40.31443,14.0,49.95075,0.204256
-108.975,40.99211,14.0,55.61201,-0.017595799999999998
-141.1528,34.012859999999996,14.0,34.26379,-1.795145
-144.7482,21.92124,14.0,2.1168400000000003,-1.032078
-142.3577,24.04392,14.0,5.033797,0.42195959999999993
-141.4554,25.200779999999998,14.0,3.772299,0.5878159000000001
-145.3574,21.66884,14.0,9.774574000000001,-0.15044100000000002
-149.59,22.06011,14.0,0.6153523,-0.6083404
-147.0199,20.442999999999998,14.0,8.738822,0.6398911
-141.7644,12.50181,14.0,17.28169,0.5937428000000001
-140.8899,-3.2049630000000002,14.0,25.33511,0.29390429999999995
-143.2216,-24.81009,14.0,33.06377,0.45927120000000005
-141.9131,-37.22967,1.0,8.668334,0.6686543
-144.0384,-46.68365,1.0,17.55936,0.6101300000000001
-156.2587,-56.853159999999995,1.0,25.770139999999998,0.5569595
-160.9435,-73.64825,1.0,25.820120000000003,-0.2979299
-145.4329,-71.48737,1.0,26.029870000000003,0.4507709
-135.8772,-68.27785,1.0,0.1928933,-0.29724229999999996
-135.8569,-68.27975,1.0,0.02596922,-0.0005913487
-135.8384,-68.28236,1.0,0.02363588,-0.009322579000000001
-135.8288,-68.29829000000001,1.0,0.6793437,0.7965293999999999
-136.0018,-71.03886,1.0,4.628865,-0.02653011
-135.668,-74.23389,1.0,3.9497419999999996,-0.07463904
-136.8242,-76.46854,1.0,1.740591,-1.260269
-134.7836,-75.36044,1.0,7.705367,0.6326223000000001
-125.9372,-75.97483000000001,1.0,16.38632,0.2847499
-116.1366,-86.39008000000001,1.0,23.74245,0.5658645
-110.12700000000001,-105.7574,1.0,30.83815,0.1914734
-119.8413,-127.9006,1.0,35.87769,0.23778739999999998
-142.7668,-130.0393,1.0,26.8098,-1.105585
-142.8841,-115.7521,1.0,23.17772,0.5641265999999999
-138.4574,-108.7103,1.0,0.02255893,-0.003300731
-138.4583,-108.7278,1.0,0.02137826,0.008082180999999999
-138.5015,-108.7243,1.0,1.011409,0.5925336999999999
-142.7789,-108.3644,1.0,8.261118,-0.09286048
-145.7157,-110.8189,1.0,0.7399011999999999,0.3880073
-144.4276,-107.1226,1.0,9.707608,0.5906453
-148.4938,-98.27105999999999,1.0,17.58011,0.5246328
-160.5307,-96.93165,1.0,15.12234,-0.1607182
-166.4677,-107.2827,1.0,23.238020000000002,0.5710350000000001
-169.6171,-128.9468,1.0,35.51225,0.7491241
-163.6024,-156.3694,1.0,39.39968,-0.40934570000000003
-166.1837,-181.8131,1.0,31.18263,-0.46300909999999995
-167.6652,-207.0158,1.0,41.02463,-0.1980411
-166.0961,-235.2474,1.0,34.51396,-0.3206585
-153.2639,-250.6298,1.0,25.42847,0.1315957
-132.6184,-247.7346,1.0,31.30169,0.34461179999999997
-122.6063,-232.0038,1.0,22.950879999999998,-0.231041
-130.8068,-217.2541,1.0,21.94383,0.09041657
-122.8789,-203.78400000000002,1.0,18.62104,-0.2102536
-124.9487,-190.9349,1.0,16.17359,-0.204525
-117.0607,-183.9003,1.0,19.44325,0.24244670000000001
-110.6936,-193.5048,1.0,15.24422,-0.2560332
-110.0505,-204.0691,1.0,14.91831,0.5622694
-108.991,-218.483,1.0,23.44282,0.2713098
-106.8275,-238.5448,1.0,30.954109999999996,0.5068209
-97.70361,-261.7546,1.0,36.783159999999995,0.3085693
-72.25324,-271.06,1.0,39.38892,0.07022161
-52.705380000000005,-251.3743,1.0,39.69003,0.01973264
-49.49747,-220.5533,1.0,44.50708,0.1717765
-32.12858,-190.3821,1.0,49.74657,0.19317779999999998
-6.605236,-160.8317,1.0,55.4945,0.40512529999999997
12.00498,-123.921,1.0,50.717009999999995,-2.6968080000000003
10.38856,-104.7135,1.0,4.313317,-1.460869
9.759148,-104.2436,1.0,0.2771888,-0.245396
10.90477,-104.9971,1.0,5.067245,0.4088315
15.76719,-107.291,1.0,8.43035,-0.03173737
18.4794,-106.9346,1.0,1.139756,0.6182356
14.58266,-108.241,1.0,9.874827999999999,0.6165122
5.3593779999999995,-112.1106,1.0,16.237389999999998,0.2336903
-0.06803991,-101.6438,1.0,21.19206,0.5361292
-0.5334230999999999,-83.79722,1.0,27.85959,0.5402066999999999
-5.217247,-61.2081,1.0,34.60334,0.5036878
-6.117152,-33.14662,1.0,41.16128,0.22252460000000002
-6.321205,-0.31408759999999997,1.0,47.3622,0.4261607
-9.493031,34.28136,1.0,40.36874,-1.745638
-22.37179,44.05052,1.0,13.135520000000001,0.1500122
-32.657759999999996,37.82758,1.0,20.13478,0.48844840000000006
-50.13022,39.68616,1.0,27.37997,0.5174270000000001
-72.98962,39.52062,1.0,34.33681,0.2419805
-100.9221,39.8996,1.0,40.96333,0.2248276
-132.5327,39.96242,1.0,38.41258,-1.264636
-144.1985,26.39071,1.0,15.03878,-0.8409957
-137.8815,24.42579,1.0,10.63599,0.8228363000000001
-137.7518,24.23787,1.0,0.05480558,-0.01676904
-137.7957,24.21903,1.0,0.9756321,0.9738867
-141.7144,24.55017,1.0,8.64535,0.3448968
-149.033,24.71353,1.0,7.990647999999999,-0.401127
-151.1034,25.379170000000002,1.0,1.71626,0.6342174
-147.9697,22.5302,1.0,9.891172000000001,0.2819532
-148.7988,12.95193,1.0,17.06635,0.26698979999999994
-151.06,-1.1261700000000001,1.0,23.0563,0.4899099
-146.8146,-20.19641,1.0,29.678620000000002,0.46473590000000004
-148.3156,-43.87039,2.0,33.428020000000004,-0.40400440000000004
-166.1451,-59.16176,2.0,30.60802,-0.3663355
-159.5154,-72.96395,2.0,15.66255,-1.3819860000000002
-155.7289,-68.52651,2.0,0.0487663,-0.5050058
-155.6896,-68.5279,2.0,0.04637326,0.03749528
-155.8983,-69.24834,2.0,3.9249300000000003,0.2516162
-156.3884,-72.91386,2.0,4.928395,-0.043802
-156.9702,-75.12911,2.0,1.073907,0.7734415
-153.4081,-72.89412,2.0,10.47322,0.6672366999999999
-143.8038,-76.85486,2.0,18.816779999999998,0.5883653
-130.5456,-82.66455,2.0,18.45469,-0.2594411
-118.6465,-88.74608,2.0,22.93261,0.7121096
-110.6435,-108.0967,2.0,30.969009999999997,-0.05105994
-123.0707,-127.5952,2.0,32.872,-0.02998791
-143.3547,-127.071,2.0,22.5552,-1.054044
-140.4292,-113.3967,2.0,23.80866,0.8629949
-144.9814,-101.9067,2.0,19.638370000000002,0.3961181
-159.2632,-104.7834,2.0,18.41054,-0.2984171
-161.2475,-116.9105,2.0,16.85676,0.12633540000000001
-164.6714,-130.7284,2.0,23.20073,0.5681523
-165.308,-150.8076,2.0,31.071890000000003,0.5564349000000001
-165.4767,-176.6784,2.0,38.53406,0.5326048000000001
-165.9109,-207.8193,2.0,45.48533,0.2524267
-163.5362,-241.5298,2.0,33.48496,-1.579934
-150.155,-251.826,2.0,25.09317,0.5511739
-129.5654,-248.9789,2.0,29.92005,-0.4000962
-127.889,-231.1584,2.0,27.377909999999996,0.2640336
-125.84700000000001,-207.4978,2.0,35.84565,0.5386662
-123.8159,-185.56799999999998,2.0,14.3535,-2.2694099999999997
-115.1441,-184.9261,2.0,15.43034,0.4285968
-110.4993,-197.5623,2.0,22.879720000000002,0.2928386
-108.7731,-217.415,2.0,30.85793,0.5560893
-104.8742,-242.7826,2.0,38.23805,0.4991394
-89.30236,-267.8134,2.0,41.97569,-0.248671
-60.95115,-264.60900000000004,2.0,41.56698,0.27205440000000003
-48.92587,-237.465,2.0,43.17033,0.4794152
-45.02368,-203.9393,2.0,48.224,0.1987069
-21.347070000000002,-175.24599999999998,2.0,53.45458000000001,0.45632570000000006
4.675207,-143.4307,2.0,52.28141,-3.544186
6.160389,-123.2083,2.0,18.151220000000002,1.361574
-4.431568,-110.7708,2.0,25.90622,0.478574
-6.785033,-89.19663,2.0,33.18367,0.28212170000000003
-6.75967,-61.86192,2.0,40.51531,0.5202412999999999
-6.944999,-29.24144,2.0,47.394259999999996,0.4676183
-7.347842999999999,8.250814,2.0,53.84551999999999,0.4581714
-15.298729999999999,41.71067,2.0,33.715559999999996,-2.985203
-26.037329999999997,45.77389,2.0,1.181255,-0.2898467
-26.109920000000002,41.965720000000005,2.0,9.751239,0.5998020000000001
-35.37771,40.915890000000005,2.0,17.80343,0.29749359999999997
-50.22663,46.690059999999995,2.0,25.23396,0.221766
-71.43398,43.33987,2.0,32.85029,0.5528798
-98.50289000000001,41.47614,2.0,40.13503,0.2502799
-130.6416,39.24026,2.0,46.50792,-0.02415438
-150.4615,23.567220000000002,2.0,21.63626,-2.496038
-148.9064,19.21735,2.0,4.665035,0.6512186
-143.6831,16.37849,2.0,13.143120000000001,0.6298753
-146.9744,4.678177,2.0,21.112479999999998,0.6007821999999999
-149.4669,-11.742519999999999,2.0,26.879479999999997,0.5535839
-141.9034,-33.46392,3.0,7.256427,0.5413009
-143.726,-41.48845,3.0,11.48627,-0.02717184
-149.5719,-49.79022,3.0,18.22857,-0.06741181
-160.67700000000002,-54.061580000000006,3.0,14.52839,-0.24984629999999997
-166.5894,-60.32674,3.0,10.68207,-0.1679467
-163.9705,-67.58691,3.0,13.406970000000001,0.6315261999999999
-152.6687,-72.36703,3.0,21.07469,0.2983097
-134.4467,-73.92609,3.0,28.642640000000004,0.27954759999999995
-116.5706,-84.28421999999999,3.0,25.42032,-0.19277270000000002
-108.0878,-100.039,3.0,28.69337,1.323669
-110.9346,-119.7555,3.0,24.42275,-0.2113
-121.932,-131.18200000000002,3.0,20.380229999999997,1.272774
-138.4237,-131.7409,3.0,21.91751,-0.22396770000000002
-145.4928,-113.14,3.0,30.96864,-0.37722690000000003
-158.3458,-103.4491,3.0,15.957120000000002,0.2270538
-166.5223,-114.0406,3.0,23.00236,0.5785246
-168.9595,-133.8791,3.0,30.902359999999998,0.2625602
-169.0227,-159.423,3.0,38.146370000000005,0.5351433000000001
-167.1675,-190.166,3.0,45.054629999999996,0.49581640000000005
-163.9529,-225.7021,3.0,49.730509999999995,-0.1612285
-156.0221,-256.1035,3.0,34.8418,-1.517664
-137.0105,-254.5082,3.0,27.509809999999998,0.26649140000000004
-124.9829,-235.4636,3.0,33.261559999999996,0.09281895
-128.4819,-209.3616,3.0,36.345240000000004,-0.2378243
-124.6429,-184.8128,3.0,29.7237,-0.9093758
-110.0503,-180.9917,3.0,21.060270000000003,-0.1708016
-110.0043,-197.4762,3.0,25.983,0.2115453
-104.6723,-218.5031,3.0,31.53821,-0.01516161
-106.0282,-240.0628,3.0,27.622290000000003,0.1004535
-101.40100000000001,-263.5894,3.0,36.5997,0.16601670000000002
-77.08398000000001,-270.3836,3.0,38.000679999999996,0.3878313
-60.11478,-268.4578,3.0,12.54802,-1.0423149999999999
-56.165440000000004,-266.6559,3.0,0.04838454,-0.008825263
-57.16825,-267.37,3.0,0.6604545999999999,-0.1607234
-56.068490000000004,-266.3563,3.0,5.266166,0.2105711
-52.58149,-262.6586,3.0,7.897933,0.04587061
-48.24913,-263.5913,3.0,2.154603,-0.4058764
-49.20406,-261.778,3.0,7.279901,0.610293
-49.67041,-253.5306,3.0,15.46742,0.5814752
-46.08455,-239.6087,3.0,23.24793,0.5442371
-43.43309,-219.8611,3.0,30.49946,0.2425627
-40.05118,-194.8902,3.0,36.9887,0.09913591
-22.25676,-172.7659,3.0,41.65652,0.2395661
-3.768943,-155.4181,3.0,24.04214,-0.1972004
8.430856,-145.20600000000002,3.0,19.002370000000003,-0.181773
11.69208,-133.7389,3.0,14.4092,-0.2722143
6.773372999999999,-122.6101,3.0,20.23289,0.2831724
-3.213279,-108.0933,3.0,27.489890000000003,0.5158479
-9.699203,-86.03317,3.0,34.33412,0.45297709999999997
-9.673342,-58.299209999999995,3.0,40.701,0.2231618
-4.939414,-26.02863,3.0,46.57215,-0.7034961999999999
-3.5784510000000003,3.9401550000000003,3.0,28.19915,-2.373579
-4.737458999999999,14.343129999999999,3.0,3.66764,-0.1032903
-5.6531400000000005,19.25558,3.0,11.26934,0.6552963
-9.064186,30.131429999999998,3.0,19.45801,0.5538706
-21.460420000000003,41.29224,3.0,26.501240000000003,0.2744147
-42.925290000000004,44.80299,3.0,33.063340000000004,0.4830084
-69.99001,44.53485,3.0,39.923359999999995,0.4872333
-101.9119,42.50235,3.0,46.40797,0.4518213
-134.6687,38.173759999999994,3.0,39.116890000000005,-0.8468189
-150.3014,19.40101,3.0,32.439040000000006,-0.313673
-143.8731,-4.511866,3.0,35.886340000000004,0.45921049999999997
-144.2828,-33.33763,4.0,41.99903,0.17676889999999998
-153.1882,-53.70808,4.0,19.249979999999997,-0.4597755
-166.6139,-56.8839,4.0,19.121760000000002,-0.021497799999999997
-162.445,-69.60384,4.0,23.36467,0.4810719
-143.4181,-72.53791,4.0,29.80667,0.43205889999999997
-121.2268,-81.51054,4.0,35.61557,0.3958124
-108.2312,-105.6654,4.0,38.90685,-0.41886949999999995
-121.32600000000001,-129.4548,4.0,37.20821,-0.20505429999999997
-143.5555,-126.219,4.0,30.5161,-0.2128239
-145.2466,-104.3311,4.0,30.060709999999997,-0.6481116
-157.5252,-99.69926,4.0,18.13534,0.8870336
-166.6479,-112.8693,4.0,25.8609,0.5008678
-169.9032,-134.5177,4.0,33.17972,0.5401315999999999
-169.1134,-161.4327,4.0,39.79663,0.24258890000000002
-166.3063,-193.2698,4.0,46.2931,0.2236951
-163.3636,-229.2628,4.0,48.10165,-1.232996
-157.3891,-252.1281,4.0,20.28337,-0.3551019
-143.8244,-257.9965,4.0,23.19355,0.24124890000000002
-129.9582,-248.8835,4.0,26.96248,0.26472470000000003
-125.0788,-226.7075,4.0,33.736129999999996,0.18328250000000001
-128.8149,-199.7922,4.0,39.56889,0.11300330000000001
-115.156,-177.2203,4.0,34.11636,-0.6445153
-99.31461999999999,-186.6752,4.0,23.645,-0.305996
-111.3035,-195.979,4.0,23.9644,-0.01546326
-114.5549,-201.5527,4.0,0.01965965,0.01695397
-114.5548,-201.5524,4.0,0.01586132,-0.01136326
-112.4953,-201.7229,4.0,5.5051879999999995,0.15971459999999998
-109.7192,-198.6531,4.0,3.252269,-0.6464623
-109.6136,-199.1975,4.0,4.505999,0.5268413000000001
-108.5547,-205.0695,4.0,11.52763,0.2456524
-106.3952,-215.9202,4.0,18.166,0.46504880000000004
-105.2057,-231.5846,4.0,24.245810000000002,0.2209663
-105.1901,-251.6336,4.0,29.650879999999997,0.325202
-91.74449,-269.8004,4.0,32.89956,0.05810521
-66.93081,-269.3799,4.0,36.11763,0.277438
-49.58945,-249.8105,4.0,36.97267,0.11101889999999999
-48.56527,-220.828,4.0,41.35117,0.26441509999999996
-37.982820000000004,-190.4865,4.0,45.39161,0.19496159999999998
-14.125760000000001,-166.1712,4.0,45.72638,-0.44216700000000003
4.398862,-149.109,4.0,22.30573,-0.47067259999999994
12.57408,-137.8229,4.0,15.854410000000001,-0.23768089999999997
7.475198,-123.7577,4.0,24.88024,0.40051950000000003
-4.278804,-107.1279,4.0,30.16018,0.3818915
-10.01121,-83.49717,4.0,35.34891,0.1654776
-9.570731,-55.561519999999994,4.0,40.22899,0.3491238
-3.873232,-24.482879999999998,4.0,44.95843,0.3407719
-2.722746,10.06546,4.0,48.580220000000004,0.25047559999999996
-12.80213,35.08377,4.0,28.097920000000002,0.3102406
-33.15885,43.6461,4.0,32.57703,0.3617396
-59.148540000000004,43.25392,4.0,37.71986,0.3795885
-88.9731,42.99573,4.0,42.64263,0.3425637
-120.6681,39.9449,4.0,39.749959999999994,-0.6428433000000001
-139.0147,36.35773,4.0,14.56313,0.6529765000000001
-146.8028,26.15036,4.0,20.705470000000002,0.42155529999999997
-147.382,8.783464,4.0,26.42197,0.20492020000000002
-142.9849,-12.464789999999999,4.0,32.04952,0.1916505
-143.0627,-37.31402,5.0,32.16963,-0.3921886
-156.3444,-52.37952,5.0,27.75514,0.17957820000000002
-168.6575,-64.8401,5.0,18.83782,-0.559751
-158.0084,-69.6391,5.0,15.924079999999998,0.3523544
-142.9037,-72.36418,5.0,24.31566,0.4294522
-123.7802,-78.55041999999999,5.0,29.900779999999997,0.35208649999999997
-108.6178,-95.81054,5.0,33.45109,0.17031429999999997
-112.2405,-120.1861,5.0,33.06593,-0.2564032
-129.4287,-133.1274,5.0,26.817420000000002,-0.6766653
-142.1272,-123.2333,5.0,24.500020000000003,0.4092378
-150.3965,-105.264,5.0,29.45927,0.27043740000000005
-165.3439,-103.2732,5.0,16.11169,-0.6949804
-164.7064,-115.4546,5.0,18.78063,0.7937901999999999
-167.426,-132.7375,5.0,29.870440000000002,1.242489
-168.6432,-161.7327,5.0,45.637879999999996,0.32322979999999996
-164.3742,-197.3383,5.0,51.68763,0.24190219999999998
-164.1516,-227.6459,5.0,24.70053,-1.107713
-162.7668,-242.6473,5.0,17.58211,-0.4320112
-157.7378,-252.8353,5.0,15.98691,0.9401238000000001
-143.9237,-260.2135,5.0,25.62,0.2809047
-128.54,-246.7702,5.0,34.44722,1.012062
-126.2482,-217.937,5.0,41.21521,-0.7407802
-128.5721,-195.0559,5.0,20.63566,-0.47957159999999993
-122.7416,-183.9625,5.0,16.07625,0.7904874
-108.0192,-184.4562,5.0,24.30581,-0.01317537
-102.4922,-202.2531,5.0,30.1661,0.8750483
-104.2173,-227.6564,5.0,36.96385,0.22354079999999998
-105.0186,-253.8125,5.0,31.71198,-0.5799204000000001
-91.86908000000001,-270.0385,5.0,31.05605,0.2708397
-67.86578,-270.0604,5.0,34.98603,0.1223182
-51.116929999999996,-251.0797,5.0,36.87996,0.28913540000000004
-47.03925,-222.0997,5.0,41.71646,0.3352672
-39.120709999999995,-190.6446,5.0,45.85409,0.17944939999999998
-16.08545,-164.9223,5.0,45.970009999999995,-3.717459
-1.5294159999999999,-155.1866,5.0,13.218520000000002,-0.3548542
5.069171,-150.4434,5.0,8.816535,-0.29016440000000004
9.165792,-146.6278,5.0,8.575806,0.4995840999999999
13.092310000000001,-138.8556,5.0,15.161679999999999,0.4476246
9.625736,-126.1276,5.0,21.11226,0.44387209999999994
-0.9367001,-111.8183,5.0,26.87128,0.2036208
-8.491316000000001,-91.2311,5.0,32.31364,0.38005609999999995
-10.44869,-65.59748,5.0,37.29141,0.1717058
-5.384624,-36.55915,5.0,42.16005,0.1570224
-1.393226,-3.941906,5.0,45.18517,-1.394739
-5.093913,20.92302,5.0,18.28192,-3.214709
-8.497917999999999,28.91767,5.0,14.74291,0.4726518
-16.94735,38.9096,5.0,20.811989999999998,0.41921260000000005
-33.289840000000005,44.800959999999996,5.0,26.433659999999996,0.3967682
-54.94386,45.18042,5.0,32.04759,0.39001540000000007
-80.69275999999999,44.28513,5.0,37.35755,0.37175559999999996
-110.11200000000001,42.040929999999996,5.0,41.63733,-1.080402
-133.9955,39.17548,5.0,18.73317,-0.4797023
-145.2428,28.83747,5.0,24.11022,0.3783695
-147.7328,9.347884,5.0,29.328909999999997,0.3593113
-142.7667,-13.84534,5.0,34.64985,0.3593711
-143.3578,-37.67398,6.0,21.599429999999998,-1.302351
-147.6095,-47.459759999999996,6.0,16.74715,0.9899724
-158.7574,-54.970890000000004,6.0,16.564870000000003,-0.38719929999999997
-166.108,-61.4493,6.0,13.00239,0.7699394
-159.4388,-71.94256999999999,6.0,22.96045,0.3807697
-138.268,-71.89319,6.0,35.304390000000005,0.661767
-113.5884,-86.65998,6.0,41.39043,-0.45988370000000006
-113.2885,-111.2151,6.0,24.03456,-2.451663
-117.4812,-120.7005,6.0,12.05534,0.1975443
-123.4763,-131.7484,6.0,17.69085,-0.27093320000000004
-136.6085,-132.7469,6.0,21.57326,0.39146440000000005
-144.855,-117.8424,6.0,27.3085,0.5579579000000001
-149.3529,-105.0747,6.0,7.807064,-0.2781712
-154.9418,-101.3799,6.0,12.95172,0.6508026
-164.9906,-104.1317,6.0,15.69421,0.11823710000000001
-167.4265,-118.9451,6.0,26.8981,0.9908764000000001
-168.957,-143.915,6.0,39.87636,0.4210848
-167.9604,-177.6098,6.0,50.78905,0.7253925
-164.0845,-216.9824,6.0,50.99755,-0.8777775
-161.7989,-249.52700000000002,6.0,35.7723,-1.414625
-144.8644,-258.0962,6.0,22.580070000000003,-0.5080903
-131.4715,-251.9249,6.0,21.664189999999998,0.4247333
-125.2279,-234.2884,6.0,28.175559999999997,0.3983909
-126.7613,-211.5433,6.0,33.50609,0.38868759999999997
-127.523,-187.4186,6.0,23.65181,-1.3000049999999999
-115.9946,-182.3622,6.0,20.51671,0.259038
-104.4561,-193.44299999999998,6.0,24.9801,0.3720434
-102.8797,-213.7999,6.0,30.377640000000003,0.40570959999999995
-105.5986,-238.1566,6.0,35.75734,0.3751025
-100.9122,-265.2575,6.0,38.209740000000004,-0.2743156
-77.54929,-271.466,6.0,30.48757,-0.5782392
-58.5768,-265.9452,6.0,22.96591,-0.2929235
-49.26636,-251.2884,6.0,28.36055,0.40372329999999995
-45.57415,-228.4377,6.0,33.861059999999995,0.187105
-42.54994,-201.5994,6.0,38.989129999999996,0.34158330000000003
-28.66935,-175.9778,6.0,41.40789,0.3018808
-5.795223,-159.0692,6.0,26.719240000000003,-2.353148
3.8608580000000003,-151.7386,6.0,12.19886,-0.09653877
10.30515,-145.1617,6.0,13.74381,0.2670436
12.47541,-132.9049,6.0,21.4926,0.5622826
1.079361,-117.1991,6.0,32.995709999999995,0.5159286
-8.595587,-89.69955,6.0,46.68687,0.9543455
-8.448534,-50.512570000000004,6.0,58.810930000000006,0.8170769
-1.1695520000000001,-6.264565,6.0,58.6339,-1.141675
-6.2290779999999994,22.61809,6.0,22.35869,-0.45603699999999997
-14.024629999999998,36.6618,6.0,24.23082,0.3054706
-33.886990000000004,44.75591,6.0,35.35453,0.9870214
-65.56685,44.71668,6.0,50.30516,0.9784188
-107.0671,42.60703,6.0,52.147659999999995,-4.209151
-126.8869,39.40164,6.0,13.88059,-0.36040959999999994
-137.4087,36.9782,6.0,20.41297,0.5647087
-147.3902,23.85506,6.0,25.72705,0.33018109999999995
-146.2222,2.8515610000000002,6.0,31.239109999999997,0.3954977
-141.2378,-21.83493,6.0,36.34714,0.25769380000000003
-142.0533,-36.45261,7.0,9.458368,0.2423847
-144.7587,-45.5206,7.0,16.031670000000002,0.42655459999999995
-156.2083,-53.05826,7.0,21.87593,0.45311009999999996
-168.0282,-63.852990000000005,7.0,19.83342,-0.3172301
-163.9143,-74.82961,7.0,15.98342,0.19529960000000002
-151.4165,-76.23784,7.0,19.41101,0.3064106
-136.8494,-73.1396,7.0,21.18522,0.2285489
-120.6308,-78.33099,7.0,27.8809,0.5265076999999999
-108.5119,-96.58561999999999,7.0,32.009479999999996,0.2362984
-113.794,-120.3203,7.0,35.18295,0.08129578
-136.9808,-131.731,7.0,34.51173,-0.6394747
-147.1312,-120.7899,7.0,13.86602,-1.051868
-142.9443,-113.5978,7.0,14.52946,1.066751
-149.0192,-103.2407,7.0,16.48938,0.05033792
-161.8362,-103.5987,7.0,21.06568,0.2242655
-166.2938,-117.3847,7.0,19.992729999999998,0.10427760000000001
-166.5552,-134.7846,7.0,28.25122,1.0624120000000001
-169.39,-160.9162,7.0,42.46094,0.9740206
-169.9717,-196.9517,7.0,54.49596,0.8248314
-167.7438,-235.1623,7.0,44.50626,-0.9275336999999999
-153.8508,-253.5895,7.0,26.206570000000003,-0.3513799
-136.9603,-253.1449,7.0,22.209770000000002,0.32653990000000005
-125.9827,-240.9456,7.0,26.84487,1.145399
-126.041,-217.9349,7.0,33.93932,0.39478409999999997
-125.8485,-190.9393,7.0,37.89676,-0.5467741
-116.2449,-179.8158,7.0,13.576789999999999,-0.06739543
-109.8037,-190.2004,7.0,21.08344,0.4533725
-108.8676,-208.0425,7.0,27.06117,0.4362715999999999
-108.5643,-230.1883,7.0,32.69574,0.390217
-103.8297,-255.4204,7.0,36.96098,0.1055782
-82.10565,-272.2773,7.0,39.26393,0.07665158
-55.975069999999995,-263.2881,7.0,39.32614,0.01287787
-49.36056,-234.9145,7.0,41.982859999999995,0.3468994
-43.17561,-203.2478,7.0,45.148790000000005,0.03213293
-20.514429999999997,-176.9672,7.0,49.1221,0.1484606
3.4759629999999997,-148.0947,7.0,46.22882,-2.090564
8.210714999999999,-125.6698,7.0,22.960820000000002,-0.5851225
-3.3259019999999997,-108.791,7.0,31.46862,0.2526843
-4.7909440000000005,-81.23841,7.0,46.01533,0.6649324000000001
-0.6556884,-40.99198,7.0,62.70573,1.1456790000000001
-2.158673,7.84288,7.0,62.07303,-0.9677213
-12.89216,39.778079999999996,7.0,32.34755,-0.6432215
-36.00067,40.83146,7.0,37.87672,0.3051848
-66.02549,40.42657,7.0,42.91523,0.16798120000000002
-99.5452,40.845240000000004,7.0,47.56259,0.34345529999999996
-135.4396,39.087790000000005,7.0,44.32269,-1.5499129999999999
-147.2375,21.450470000000003,7.0,28.960379999999997,0.1772392
-145.2381,-1.9928689999999998,7.0,34.3771,0.1903781
-145.7006,-29.38032,7.0,39.52812,0.1730286
-157.1198,-54.448840000000004,8.0,35.362590000000004,-0.535347
-168.3878,-68.0993,8.0,21.59773,0.7303258
-154.8894,-78.98943,8.0,27.925390000000004,0.26439650000000003
-132.4776,-77.47793,8.0,32.41734,0.1143989
-113.8312,-92.92329000000001,8.0,35.21517,0.1695796
-113.8538,-118.9206,8.0,37.058609999999994,0.009539542
-136.6082,-132.0599,8.0,33.47272,-0.8482268
-146.5931,-127.3676,8.0,2.379281,0.003540202
-143.2581,-124.425,8.0,9.897235,0.4746974
-142.4354,-115.0766,8.0,16.24989,0.2224899
-151.2664,-104.2307,8.0,21.973229999999997,0.1736964
-166.2106,-107.4359,8.0,23.82883,0.13714620000000002
-166.8018,-126.33,8.0,28.63931,0.417634
-168.8788,-149.3576,8.0,33.89848,0.38368240000000003
-170.9523,-176.1389,8.0,38.79513,0.355119
-169.0818,-206.747,8.0,43.65048,0.35157
-166.612,-240.4314,8.0,45.8516,-0.6597863
-145.3308,-256.7731,8.0,32.81731,-1.207842
-129.2619,-243.7998,8.0,29.93758,1.055825
-127.281,-220.0299,8.0,35.0288,0.1846481
-126.2442,-192.3377,8.0,38.33508,-0.5669656
-114.4798,-179.6432,8.0,15.567870000000001,-0.5539826999999999
-107.574,-189.5448,8.0,20.2345,0.22822710000000002
-106.70200000000001,-206.7655,8.0,26.26693,0.4224942
-105.9774,-228.4149,8.0,31.931729999999998,0.1998427
-102.9047,-253.6357,8.0,36.63971,0.23519250000000003
-83.1563,-271.9896,8.0,38.561859999999996,0.05406504
-57.02776,-264.2151,8.0,39.3312,0.1395277
-47.32483,-236.9328,8.0,41.770309999999995,0.36508240000000003
-43.556059999999995,-204.6238,8.0,45.66499,0.001833454
-21.91031,-178.6619,8.0,47.91503,0.30254949999999997
1.930643,-150.5153,8.0,49.82768,-0.7983328000000001
6.911426,-122.1611,8.0,33.50934,-0.4213245
-6.967335,-98.74856,8.0,39.08528,-0.18155829999999998
-2.750418,-69.0807,8.0,42.81503,0.1539411
-1.264936,-35.625,8.0,47.36758,0.1699706
-1.8457290000000002,1.108582,8.0,51.73842,0.1356207
-10.08202,36.07058,8.0,38.84212,-1.8596669999999997
-25.84287,42.136990000000004,8.0,8.057431,-1.0193889999999999
-27.57335,37.86893,8.0,9.383878,0.43664189999999997
-35.82408,39.73366,8.0,15.64905,0.2257911
-45.76597,48.46431,8.0,13.384279999999999,-0.5989251
-48.02438,48.58671,8.0,0.0193101,-0.03969701
-48.23856,47.84431,8.0,3.6123,0.2507125
-47.9998,44.37573,8.0,5.143543,-0.03729236
-47.532509999999995,43.591190000000005,8.0,3.932803,0.6801708000000001
-53.18127,46.276790000000005,8.0,12.96129,0.6436906
-65.8699,45.183170000000004,8.0,21.475170000000002,0.5938420999999999
-84.65632,42.84664,8.0,29.47594,0.5500948
-109.1583,43.02635,8.0,36.83144,0.5271493
-137.0632,39.34834,8.0,39.03692,-0.3945555
-143.9903,12.33413,8.0,42.47508,0.3175428
-146.8134,-21.93189,8.0,48.30723,-0.7068222
-142.0623,-34.75931,9.0,2.640392,-0.02814842
-143.1307,-39.19942,9.0,11.887030000000001,0.6499272
-147.8197,-48.040820000000004,9.0,12.699910000000001,-0.1045492
-155.4151,-52.60314,9.0,14.40906,0.5965263000000001
-164.5428,-56.31366,9.0,11.75728,-0.23387339999999998
-166.7588,-63.75241,9.0,13.07634,1.0462989999999999
-157.4906,-73.0562,9.0,19.75467,-0.37953309999999996
-144.458,-72.90732,9.0,15.882,-0.11754080000000001
-131.8122,-74.21088,9.0,23.47172,0.6215776999999999
-115.65299999999999,-83.57819,9.0,25.94524,0.02521106
-107.4538,-100.7908,9.0,25.30731,-0.40953870000000003
-108.5514,-114.2818,9.0,12.19631,-0.18574970000000002
-111.7464,-122.7556,9.0,16.5537,1.273396
-122.1392,-133.5392,9.0,19.98347,-0.1821634
-134.9606,-134.0141,9.0,15.82951,-0.1738395
-143.816,-124.9278,9.0,22.4877,0.564669
-149.8591,-106.4628,9.0,25.11555,-1.925207
-159.6827,-99.45805,9.0,13.7976,-0.19672820000000002
-166.0121,-107.1976,9.0,19.33804,0.5967913
-168.3352,-126.9895,9.0,34.03141,0.9523301
-169.0719,-156.6174,9.0,44.067479999999996,0.158556
-166.2997,-190.6265,9.0,47.70584,0.20620100000000002
-163.3935,-223.6734,9.0,40.44678,-0.9615370000000001
-160.8239,-247.4498,9.0,26.2974,-0.2603634
-148.7247,-259.1554,9.0,20.613570000000003,-0.34514279999999997
-135.7278,-257.5168,9.0,20.20409,0.4847971
-125.9735,-239.9326,9.0,34.22198,0.6280918000000001
-126.7594,-213.0764,9.0,34.735279999999996,-0.28554270000000004
-128.7294,-194.5979,9.0,15.803510000000001,-0.23945970000000003
-125.7905,-184.57,9.0,13.0201,0.28135709999999997
-113.9907,-182.0743,9.0,19.188229999999997,-0.33166599999999996
-104.2939,-189.3829,9.0,14.95156,-0.1230849
-102.488,-203.8034,9.0,27.17482,0.9952683000000001
-104.6314,-227.9657,9.0,37.02373,0.3473824
-104.7102,-255.1517,9.0,35.55171,-0.2722428
-88.32145,-272.3786,9.0,32.6026,-0.07023355
-64.83853,-269.3168,9.0,32.24638,-0.1105989
-50.50954,-250.7364,9.0,34.26455,0.109831
-46.07738,-224.8521,9.0,36.57358,0.17794229999999997
-41.46848,-198.39700000000002,9.0,34.86745,-0.16619360000000002
-30.80742,-177.362,9.0,29.19865,-0.46732250000000003
-15.772929999999999,-165.0232,9.0,23.804779999999997,-0.17743770000000003
-2.225991,-156.0607,9.0,20.137610000000002,-0.2917094
8.675566,-147.5771,9.0,18.92148,0.195257
12.06863,-132.2083,9.0,24.769379999999998,0.40824590000000005
0.3429177,-115.816,9.0,29.288390000000003,0.12222809999999999
-8.629211999999999,-95.95940999999999,9.0,29.972540000000002,0.05539671
-11.30141,-73.4372,9.0,32.30542,0.31512929999999995
-8.584209,-48.33242,9.0,35.178020000000004,0.1122194
-3.8756019999999998,-22.25457,9.0,36.33162,0.03027384
-2.056705,4.118237000000001,9.0,32.14909,-1.031352
-5.861561,23.1604,9.0,21.58736,-0.6334805
-13.292110000000001,36.128370000000004,9.0,24.20283,0.2775457
-31.669929999999997,44.87549,9.0,31.2648,0.4726326
-57.3279,43.97591,9.0,38.35168,0.5224143
-88.45222,44.15595,9.0,45.26866,0.48344670000000006
-123.2438,40.839,9.0,44.78367,-1.371483
-146.0917,28.955659999999998,9.0,34.590740000000004,-0.13284520000000002
-143.0889,2.9653509999999996,9.0,38.92899,0.2421236
-142.7,-26.813340000000004,9.0,35.46947,-1.586172
-146.0257,-42.26758,10.0,16.23104,0.6901383000000001
-154.9564,-53.01501999999999,10.0,18.309479999999997,-0.1536146
-165.5625,-58.766659999999995,10.0,14.43186,-0.33150209999999997
-165.0815,-68.68196999999999,10.0,17.55702,0.294439
-153.1472,-73.0885,10.0,18.19739,0.047523699999999995
-139.71,-72.7776,10.0,17.29201,-0.1725471
-124.3489,-77.33351,10.0,26.611109999999996,0.5400448
-109.2402,-92.92177,10.0,32.96018,0.39233320000000005
-109.7333,-118.4968,10.0,34.56577,-1.255176
-123.0362,-132.2324,10.0,22.31832,-0.1792518
-137.3057,-132.3017,10.0,17.4159,-0.1645158
-145.0171,-120.56700000000001,10.0,23.71708,0.6060761
-149.882,-105.2202,10.0,9.880433,-2.941904
-153.3711,-101.9836,10.0,10.3519,0.5695384
-163.0434,-102.1353,10.0,17.13729,0.4479937
-167.6796,-115.9467,10.0,23.7158,0.5198904000000001
-168.7805,-136.1231,10.0,30.695359999999997,0.5082901
-168.5425,-161.2307,10.0,35.660270000000004,0.43599670000000007
-167.2904,-189.2869,10.0,39.522690000000004,0.1402384
-164.5764,-217.59099999999998,10.0,34.99378,-0.27907170000000003
-163.2162,-240.7885,10.0,27.933429999999998,-0.5163324
-154.4221,-256.0323,10.0,21.08213,-0.2163866
-138.6522,-258.9551,10.0,23.88851,-0.02580054
-127.8565,-244.9551,10.0,26.29218,0.1375244
-124.8763,-224.7198,10.0,29.425759999999997,0.23057979999999997
-127.4781,-203.1303,10.0,25.25045,-0.8180301999999999
-127.833,-189.7432,10.0,14.99455,-0.31434290000000004
-122.4173,-182.4729,10.0,13.2365,0.4718652
-110.5504,-183.301,10.0,18.38205,0.09106246
-103.1391,-193.7255,10.0,19.01354,0.172961
-103.5772,-208.7809,10.0,21.532420000000002,0.1688584
-104.6874,-224.8641,10.0,21.89316,0.2928768
-106.0829,-243.9534,10.0,29.159190000000002,0.2378931
-101.0186,-264.9071,10.0,28.995040000000003,-0.08086
-79.43500999999999,-272.4763,10.0,36.16442,0.2407281
-54.59639,-261.4037,10.0,37.97405,-0.176745
-47.88622,-232.8915,10.0,42.687490000000004,0.2727212
-42.47665,-201.7999,10.0,39.69939,-0.3262831
-31.093529999999998,-178.3775,10.0,31.24656,-0.286985
-15.335870000000002,-165.1912,10.0,24.72794,-0.4138875
-5.032609,-158.0017,10.0,13.08451,0.40548779999999995
5.777228,-150.12,10.0,19.71122,-0.17897520000000003
13.421370000000001,-137.5638,10.0,24.61086,0.5174082999999999
3.684097,-120.4555,10.0,30.36937,0.487756
-7.936081,-99.29259,10.0,36.305409999999995,-0.06322938
-10.39209,-75.1469,10.0,31.90121,0.4792582
-8.286142,-49.229,10.0,38.31358,0.2255001
-3.6723790000000003,-18.87257,10.0,44.3574,0.19799
-3.189982,15.660060000000001,10.0,48.28837,-0.16536289999999998
-21.22195,41.31665,10.0,42.73332,0.1816323
-53.96771,44.52847,10.0,47.33491,0.4038213
-91.01175,43.80068,10.0,52.600919999999995,0.1723376
-128.132,39.58312,10.0,42.05488,-0.7497995
-148.7231,22.74146,10.0,36.88389,-0.1676027
-142.2887,-4.677485,10.0,40.70163,0.3347211
-144.2432,-33.60928,11.0,32.36593,-0.8942026
-157.5943,-55.1417,11.0,36.74702,0.1743616
-169.7798,-74.48843000000001,11.0,24.87642,-1.194809
-158.2001,-78.67554,11.0,20.78218,0.42995680000000003
-144.036,-69.41369,11.0,25.86405,0.12526900000000002
-125.0834,-78.50242,11.0,31.86327,0.478678
-110.2012,-95.81153,11.0,32.400240000000004,0.2909693
-113.0777,-120.3957,11.0,33.34255,-1.6917380000000002
-129.0892,-133.0007,11.0,28.223770000000002,0.1960951
-144.6843,-120.0324,11.0,31.975590000000004,0.1743907
-147.8732,-103.2568,11.0,9.832931,-0.23605429999999997
-158.6816,-101.0461,11.0,21.36198,0.5212741
-166.7942,-115.4476,11.0,26.548759999999998,0.24344490000000002
-166.3433,-137.579,11.0,33.21002,0.46119090000000007
-168.3611,-164.4182,11.0,39.33556,0.4182139
-165.4772,-195.6428,11.0,45.32589,0.4094333
-163.0248,-230.5176,11.0,45.99471,-0.5946752
-154.5816,-255.6764,11.0,27.829620000000002,-0.01529126
-134.1582,-257.4553,11.0,29.277440000000002,0.1537324
-125.8456,-236.3121,11.0,34.093309999999995,0.46589899999999995
-127.1192,-208.8086,11.0,38.46776,-0.7704555000000001
-124.4303,-183.8226,11.0,30.03973,-1.326048
-108.1147,-184.1995,11.0,23.958560000000002,-0.06048668
-107.4517,-203.5377,11.0,29.45375,0.4349378
-106.0177,-227.5018,11.0,35.63257,0.44840859999999994
-105.0867,-255.7433,11.0,40.665009999999995,0.2585287
-83.08791,-272.4968,11.0,39.41967,0.12526289999999998
-55.15028,-262.3752,11.0,41.41888,-0.24200270000000002
-46.147890000000004,-232.5432,11.0,44.99003,0.19376729999999998
-40.6155,-197.5766,11.0,50.26871,0.26438629999999996
-19.04266,-168.0821,11.0,45.51204,-1.5480559999999999
3.5301910000000003,-152.6844,11.0,31.513640000000002,-0.5432615
12.18399,-135.0383,11.0,23.37133,-0.46754409999999996
3.7442839999999995,-118.9888,11.0,28.126009999999997,0.4801857
-7.034035,-98.84419,11.0,34.13568,0.4479984
-10.438080000000001,-71.54054000000001,11.0,40.23209,0.3990647
-6.598078,-39.82741,11.0,45.973490000000005,0.4308555
-1.743754,-4.130388,11.0,51.25564,0.1758299
-10.09635,32.899770000000004,11.0,48.77779,-0.23569429999999997
-40.47394,45.253859999999996,11.0,46.82026,0.1813309
-77.2028,42.1263,11.0,52.32209,0.41119750000000005
-117.3888,40.68973,11.0,52.33166,-1.044473
-147.0034,27.82248,11.0,41.580259999999996,-0.3489716
-145.3411,-1.446235,11.0,42.52044,0.4093806
-143.3447,-33.8362,12.0,42.1711,-1.661564
-157.0244,-52.51705,12.0,27.646929999999998,0.2101013
-168.3344,-66.08295,12.0,23.241329999999998,0.22731529999999997
-152.8786,-71.73682,12.0,26.812820000000002,0.5041984
-131.0169,-73.68929,12.0,32.93399,0.416436
-110.7022,-89.69525,12.0,37.66146,0.2531895
-109.2239,-116.083,12.0,31.772109999999998,-0.9750926
-124.2162,-130.4998,12.0,26.412679999999998,-0.503306
-140.7725,-130.9506,12.0,23.27158,0.2737644
-146.6651,-113.801,12.0,28.42281,0.22462110000000002
-157.6149,-100.4917,12.0,21.13873,-0.49514529999999995
-167.4727,-110.1186,12.0,24.4869,0.9077344
-167.1454,-133.4395,12.0,36.34118,0.4271626
-168.6551,-162.4052,12.0,42.03328,0.2031498
-166.2582,-195.7686,12.0,47.84458,0.41669799999999996
-164.1748,-232.8699,12.0,48.92473,-1.4047459999999998
-150.2495,-257.9876,12.0,32.33437,-1.325225
-132.4691,-249.6671,12.0,29.81595,0.3546103
-126.3876,-226.3808,12.0,35.44825,0.4484326
-127.853,-199.4627,12.0,33.6714,-0.446801
-119.1954,-180.0621,12.0,28.809620000000002,-0.01475452
-106.6532,-190.4362,12.0,24.80871,0.345873
-110.4469,-210.6218,12.0,31.028340000000004,0.2505973
-108.8718,-236.0479,12.0,37.53609,0.4472608
-100.4668,-264.2159,12.0,41.40876,-0.1336581
-73.1558,-270.5252,12.0,41.07803,0.4122157
-47.27404,-255.2193,12.0,38.69998,-0.6018539
-52.12059,-231.3075,12.0,31.437409999999996,-0.4504519
-52.91639,-218.1727,12.0,6.205966,-0.7798815
-53.35584,-214.8999,12.0,0.8969187,-0.7180626
-52.1012,-217.1889,12.0,7.7816410000000005,0.29904709999999995
-44.64467,-217.09,12.0,14.665,0.46911450000000005
-41.86441,-206.8213,12.0,12.90092,-0.1343315
-40.935340000000004,-194.8544,12.0,20.89985,0.5217729999999999
-33.4121,-178.6024,12.0,27.63665,0.45007020000000003
-15.771939999999999,-164.2606,12.0,34.04122,0.48481440000000003
6.260397,-148.7685,12.0,37.18658,-0.09604587
10.41027,-126.7614,12.0,28.50917,0.0280857
-4.1009709999999995,-105.1636,12.0,42.92068,0.5481265999999999
-10.55975,-69.51601,12.0,53.11875,0.321579
-4.322339,-28.939729999999997,12.0,57.93317,0.1535494
-3.4240980000000003,13.573620000000002,12.0,49.70086,-1.8052740000000003
-14.9493,37.27768,12.0,35.55592,0.1496667
-40.3406,45.65939,12.0,39.154990000000005,0.20087760000000002
-71.45889,44.49017,12.0,44.99484,0.2069888
-106.7849,42.20802,12.0,50.5279,0.4258825
-142.4435,35.894459999999995,12.0,47.06556,-0.2850149
-152.4705,15.53545,12.0,15.348889999999999,-1.444768
-153.13299999999998,12.69244,12.0,4.115144,0.5652536
-147.9395,10.15985,12.0,12.170869999999999,0.5716967
-146.3898,-1.526402,12.0,19.78229,0.27024570000000003
-143.4265,-18.58977,12.0,26.94115,0.5052531
-141.9835,-34.27618,13.0,5.526416,0.3150397
-143.8521,-41.1526,13.0,13.63095,0.27991859999999996
-152.3726,-50.495,13.0,20.910729999999997,0.48268140000000004
-166.3548,-60.92731,13.0,24.44185,-0.38069709999999995
-162.5762,-74.20170999999999,13.0,17.51728,0.03180614
-148.7568,-75.11636,13.0,21.99646,0.25735820000000004
-134.4742,-72.30775,13.0,19.791929999999997,1.245314
-118.0148,-78.51631,13.0,27.214109999999998,0.40564140000000004
-107.1236,-97.36488,13.0,32.7205,0.3598906
-113.5289,-121.5728,13.0,36.7596,0.2805244
-137.6393,-132.132,13.0,31.903509999999997,-1.79282
-145.4342,-122.7986,13.0,7.021317,-0.951263
-139.3216,-122.7306,13.0,10.58049,-0.1114105
-140.2253,-122.8996,13.0,6.774087,0.6249288000000001
-145.2512,-127.0101,13.0,8.699541,-0.7499474
-145.5081,-128.917,13.0,2.565483,0.6656042
-143.6511,-124.0352,13.0,11.53106,0.3278315
-139.9379,-113.3172,13.0,19.29025,0.255472
-148.3167,-99.46393,13.0,25.52186,0.1273812
-164.4958,-103.2603,13.0,21.9446,-0.2903699
-167.4068,-122.5267,13.0,30.83124,0.508882
-167.5008,-147.9041,13.0,37.68316,0.23611060000000003
-167.9281,-178.4038,13.0,44.22805,0.46874
-167.9872,-213.459,13.0,50.35371,0.42076490000000005
-161.2035,-249.0674,13.0,45.03646,-0.2648704
-133.9152,-255.3073,13.0,33.09132,-0.7370859000000001
-128.1233,-234.6411,13.0,34.56397,0.40882440000000003
-127.36,-205.5514,13.0,41.33122,0.1935701
-124.8915,-185.2791,13.0,15.12643,-0.3215647
-114.8193,-181.6663,13.0,18.145210000000002,0.9060593000000001
-105.4982,-193.9816,13.0,25.225379999999998,0.2408529
-105.9878,-215.143,13.0,32.24368,0.5095648
-107.4015,-241.3019,13.0,38.36272,0.35066529999999996
-92.66489,-267.0782,13.0,42.55032,0.08859939
-62.99176,-269.1352,13.0,42.590070000000004,-0.01598364
-49.29826,-242.1777,13.0,44.13232,0.4438815
-46.1381,-208.7553,13.0,40.75535,-0.806134
-29.85065,-181.637,13.0,45.82007,0.19830820000000002
-4.599201,-155.5363,13.0,51.81183,0.41222029999999993
9.725652,-123.5804,13.0,44.49507,-0.4290643
-6.447847,-103.3062,13.0,29.90496,-0.56589
-7.198460000000001,-81.71273000000001,13.0,33.61072,0.4946759
-5.6422550000000005,-54.35396,13.0,40.338809999999995,0.48340500000000003
-4.743204,-22.131729999999997,13.0,46.66165,0.2201125
-4.2433510000000005,14.6365,13.0,52.26163,0.02279836
-19.70264,40.80535,13.0,33.74345,-1.160644
-34.211870000000005,36.46991,13.0,13.370729999999998,-0.1556118
-35.10484,32.58637,13.0,0.0755289,-0.03537335
-35.15318,32.59284,13.0,0.068939,0.03005239
-34.78237,33.59955,13.0,5.027513,0.7093688
-33.47788,39.977709999999995,13.0,11.900830000000001,-0.05353788
-32.24678,44.70982,13.0,1.440388,-0.7195786999999999
-33.25475,42.86072,13.0,6.967059,0.563519
-40.79619,41.74633,13.0,14.58278,0.28069
-53.766369999999995,45.09713,13.0,21.611420000000003,0.48170050000000003
-72.17361,43.9212,13.0,28.17472,0.44961270000000003
-95.19914,42.062470000000005,13.0,34.269729999999996,0.4445934
-122.6262,41.78233,13.0,39.57677,0.28967220000000005
-145.6387,25.64471,13.0,38.08139,-0.004635052
-146.7413,-3.437657,13.0,42.21298,0.1987433
-144.9949,-36.40467,14.0,45.45928,-0.2945603
-159.4642,-58.20576,14.0,29.49268,-0.43277129999999997
-158.6372,-73.65944,14.0,25.3331,0.148499
-138.4831,-75.59191,14.0,30.63792,0.37652129999999995
-117.12299999999999,-85.78448,14.0,34.96867,0.30647329999999995
-110.0671,-110.7714,14.0,37.66727,0.1583379
-128.4149,-131.0921,14.0,38.54719,-0.8484218000000001
-146.1605,-124.2766,14.0,18.86818,-1.1560620000000001
-145.9991,-119.8082,14.0,1.767361,0.06886846
-146.8995,-118.7262,14.0,1.7943619999999998,-0.03515104
-147.7042,-117.9034,14.0,1.393921,0.03038134
-149.9832,-117.2191,14.0,3.945286,-0.005811451
-150.2976,-117.1649,14.0,4.343299,0.6538534
-145.72299999999998,-112.7694,14.0,12.902569999999999,0.5801303000000001
-146.9605,-101.21700000000001,14.0,19.88978,0.22532649999999999
-161.9569,-98.45557,14.0,24.48057,0.13678310000000002
-167.7284,-116.2055,14.0,29.517429999999997,0.5261491999999999
-166.4247,-140.6372,14.0,36.51506,0.49766859999999996
-166.6922,-170.175,14.0,43.21458,0.4682965
-167.2858,-204.5306,14.0,49.44928,0.21817759999999997
-163.6377,-241.6963,14.0,45.80795,-0.7522175
-144.8234,-254.7005,14.0,18.301679999999998,-1.201308
-141.7,-250.9633,14.0,3.899806,-0.08143426
-140.1973,-248.75400000000002,14.0,6.290229,0.1631194
-133.1928,-249.2169,14.0,13.948020000000001,0.7969696
-123.7248,-251.3395,14.0,11.46993,-0.1811941
-121.1772,-244.1243,14.0,14.632539999999999,0.45403409999999994
-124.7243,-230.6431,14.0,22.819760000000002,0.5490043000000001
-127.0537,-211.0972,14.0,30.316370000000003,0.5296755
-126.14,-186.5628,14.0,33.362190000000005,-0.8460383
-108.8926,-181.1575,14.0,22.15474,-0.06189594
-105.9052,-201.3706,14.0,37.49446,0.7747955
-106.9558,-236.5461,14.0,56.80287,1.002457
-87.96216,-269.4115,14.0,45.49603,-1.3130879999999998
-56.249030000000005,-265.6003,14.0,44.59669,-0.5102824
-48.87563,-235.4546,14.0,45.277840000000005,0.45202159999999997
-42.89076,-201.5685,14.0,49.26736,0.1694318
-18.39679,-172.2404,14.0,54.48004,0.4046605
7.932583,-141.1345,14.0,51.06711,-2.914025
3.949775,-116.8382,14.0,27.20315,-0.21969439999999998
-5.355013,-98.75969,14.0,31.09098,0.37469509999999995
-4.763917,-73.30431,14.0,37.88967,0.5047238000000001
-2.6847380000000003,-42.78087,14.0,44.480290000000004,0.4849197
-2.332018,-7.515213,14.0,50.68156,0.44643599999999994
-7.63881,29.87153,14.0,46.29332,-1.1495469999999999
-35.347970000000004,42.4641,14.0,43.93782,0.42108199999999996
-70.18451999999999,40.31219,14.0,50.02557,0.4523656
-109.3803,41.0202,14.0,55.58955,-0.13748020000000002
-141.3185,33.83048,14.0,34.11337,-0.9517614
-144.7347,21.91508,14.0,1.956548,-0.9822538000000001
-142.3327,24.07262,14.0,4.9911330000000005,-0.2500853
-141.4713,25.1768,14.0,3.878965,0.6235873000000001
-145.4244,21.64544,14.0,9.761156,-0.08294922
-149.5938,22.06194,14.0,0.4853802,-0.7861991999999999
-146.9694,20.403570000000002,14.0,8.792158,0.33319679999999996
-141.7301,12.3783,14.0,17.32994,0.29533059999999994
-140.8981,-3.396703,14.0,25.43171,0.561472
-143.2572,-25.0437,14.0,33.10706,0.33620409999999995
-141.9165,-37.29204,1.0,8.78278,0.7156344
-144.1051,-46.796640000000004,1.0,17.60918,0.30385850000000003
-156.4256,-56.963190000000004,1.0,25.86252,0.5336319
-160.8196,-73.79411,1.0,25.79586,-0.15062879999999998
-145.2943,-71.34528,1.0,26.10075,0.4137397
-135.877,-68.27802,1.0,0.14946070000000003,-0.2579758
-135.8567,-68.27977,1.0,0.02589759,-0.0004421307
-135.8382,-68.28239,1.0,0.02562227,0.01178114
-135.8304,-68.30334,1.0,0.7203797,0.2488007
-135.9972,-71.07282,1.0,4.624382,-0.02702772
-135.6708,-74.26358,1.0,3.94343,-0.03819487
-136.8336,-76.47578,1.0,1.6321219999999999,-0.6984594
-134.7281,-75.3418,1.0,7.811984,0.6275972
-125.8177,-76.01154,1.0,16.48236,0.5574707
-116.0567,-86.54700000000001,1.0,23.83691,0.5721434
-110.1222,-105.9909,1.0,30.9052,0.3942495
-120.0475,-128.0788,1.0,35.89533,0.1045826
-142.9216,-129.911,1.0,26.72233,-0.5365065
-142.7471,-115.6451,1.0,23.22208,0.27106620000000003
-138.4575,-108.7105,1.0,0.02163761,-0.00565896
-138.4583,-108.728,1.0,0.0241899,0.01753921
-138.5088,-108.7211,1.0,1.151142,0.8396216000000001
-142.8369,-108.3839,1.0,8.253542,-0.04662147
-145.7124,-110.8138,1.0,0.8515610999999998,0.6488795
-144.4197,-107.0535,1.0,9.810182000000001,0.6474408
-148.596,-98.18977,1.0,17.62225,0.2573915
-160.6241,-96.98431,1.0,15.06833,-0.3324837
-166.4871,-107.4503,1.0,23.435589999999998,1.193344
-169.6799,-129.2012,1.0,35.63019,0.7185050000000001
-163.5458,-156.6459,1.0,39.261959999999995,-0.8465459000000001
-166.2324,-182.0434,1.0,31.104609999999997,-0.4571896
-167.6461,-207.3115,1.0,41.007020000000004,-0.1119751
-166.0661,-235.5027,1.0,34.410140000000006,-0.6082863000000001
-153.0818,-250.6671,1.0,25.44085,0.07700501
-132.3959,-247.6559,1.0,31.4616,0.9156719999999999
-122.6821,-231.8561,1.0,22.9327,-0.1176026
-130.7548,-217.0978,1.0,21.9565,0.07701048
-122.8661,-203.644,1.0,18.552670000000003,-0.3977064
-124.9418,-190.8104,1.0,16.109170000000002,-0.3667393
-116.9119,-183.9059,1.0,19.48327,0.23736929999999998
-110.6837,-193.6171,1.0,15.22301,-0.131115
-110.0495,-204.1831,1.0,15.13846,1.271426
-108.9723,-218.6491,1.0,23.53698,0.5839303000000001
-106.7952,-238.7663,1.0,31.0397,0.5313004
-97.52548,-261.9582,1.0,36.834,0.311031
-71.96741,-271.0017,1.0,39.39351,0.02833557
-52.64297,-251.0807,1.0,39.70107,0.06366476
-49.364670000000004,-220.1511,1.0,44.566590000000005,0.27492649999999996
-31.889459999999996,-190.0998,1.0,49.816109999999995,0.4122714
-6.365227,-160.5151,1.0,55.56211,0.41362020000000005
12.02825,-123.5403,1.0,50.50425,-1.287914
10.37681,-104.6853,1.0,3.9451699999999996,-2.1873299999999998
9.757416000000001,-104.2426,1.0,0.2500438,-0.1615947
10.93694,-105.0184,1.0,5.101832,0.2080428
15.83068,-107.2962,1.0,8.420115,-0.06020272
18.471420000000002,-106.9371,1.0,1.202439,0.3965574
14.514779999999998,-108.2687,1.0,9.924431,0.30595409999999995
5.2325870000000005,-112.1079,1.0,16.27235,0.1818275
-0.04603558,-101.4896,1.0,21.279429999999998,0.5311602
-0.6020393,-83.60033,1.0,27.90196,0.25669780000000003
-5.233815,-60.95223000000001,1.0,34.642520000000005,0.2404922
-6.128646,-32.84232,1.0,41.24006,0.46764880000000003
-6.321852,0.04297172,1.0,47.433690000000006,0.42710940000000003
-9.616903,34.55346,1.0,40.22769,-0.8702859000000001
-22.45203,43.99111,1.0,13.15121,0.09377179
-32.809779999999996,37.81026,1.0,20.1755,0.2424988
-50.33253,39.70176,1.0,27.420790000000004,0.250789
-73.24155,39.52025,1.0,34.42114,0.5079523
-101.2301,39.90941,1.0,41.042159999999996,0.46261620000000003
-132.8179,39.90032,1.0,38.31111,-0.5966366999999999
-144.1594,26.29063,1.0,14.74758,-1.7676319999999999
-137.8032,24.38261,1.0,10.69018,0.2938504
-137.7518,24.23745,1.0,0.05927726,0.02627899
-137.8031,24.22175,1.0,1.147262,1.021001
-141.776,24.54341,1.0,8.703242,0.361352
-149.0886,24.73218,1.0,7.8580820000000005,-0.787995
-151.0912,25.37507,1.0,1.7581040000000001,0.2573347
-147.9365,22.46579,1.0,9.987476,0.5809105999999999
-148.8627,12.84243,1.0,17.15485,0.5177969
-151.0133,-1.290686,1.0,23.13839,0.49668500000000004
-146.7868,-20.41463,1.0,29.756,0.466132
-148.4332,-44.077,2.0,33.3924,-0.22985740000000002
-166.2294,-59.37157,2.0,30.48753,-0.7114505
-159.4039,-72.96099,2.0,15.4005,-1.8005380000000002
-155.7286,-68.52655,2.0,0.03814957,-0.06266665
-155.6893,-68.52790999999999,2.0,0.0414368,-0.02919272
-155.9052,-69.27712,2.0,4.002435,0.45545569999999996
-156.393,-72.95004,2.0,4.920975,-0.0444758
-156.9657,-75.12184,2.0,1.19874,0.7373856
-153.3337,-72.8789,2.0,10.52582,0.33228459999999993
-143.7052,-76.94624,2.0,18.86584,0.31702859999999994
-130.4157,-82.6855,2.0,18.43265,-0.1409504
-118.5263,-88.86929,2.0,23.17258,1.4209200000000002
-110.6712,-108.3244,2.0,30.956840000000003,-0.07203082
-123.2779,-127.7229,2.0,32.8651,-0.04195084
-143.46200000000002,-126.9503,2.0,22.37409,-1.1369639999999999
-140.3341,-113.2482,2.0,23.7913,-0.1063318
-145.1231,-101.8733,2.0,19.67118,0.20136320000000002
-159.3524,-104.8908,2.0,18.33933,-0.4112621
-161.2683,-117.0336,2.0,16.86662,0.06059893
-164.6992,-130.8954,2.0,23.24839,0.2999176
-165.3047,-151.0346,2.0,31.116529999999997,0.27687259999999997
-165.4813,-176.97,2.0,38.57582,0.2507283
-165.9169,-208.1529,2.0,45.57071,0.5120075
-163.4563,-241.7639,2.0,32.95156,-3.2036279999999997
-149.9674,-251.8417,2.0,25.18638,0.5543684
-129.3825,-248.8398,2.0,29.851409999999998,-0.39623559999999997
-127.9294,-230.9543,2.0,27.467740000000003,0.5218712999999999
-125.8629,-207.2252,2.0,35.93306,0.5119778
-123.7391,-185.4962,2.0,13.975129999999998,-2.275398
-115.0466,-184.9807,2.0,15.503789999999999,0.45365150000000004
-110.4897,-197.7263,2.0,22.97995,0.6166244000000001
-108.7514,-217.6428,2.0,30.95066,0.5586994000000001
-104.8074,-243.0546,2.0,38.31886,0.4944848
-89.02731,-267.9733,2.0,41.95456,-0.12648230000000002
-60.71249,-264.4295,2.0,41.58812,0.13486679999999998
-48.95325,-237.1394,2.0,43.25142,0.47816980000000003
-44.872279999999996,-203.6089,2.0,48.25606,0.1912468
-21.0723,-174.9643,2.0,53.49086,0.22462179999999998
4.867692,-143.0871,2.0,51.54723,-4.300318
6.066078,-123.10799999999999,2.0,18.2464,0.5692308
-4.504345,-110.5932,2.0,25.94443,0.23578649999999998
-6.781035,-88.94778000000001,2.0,33.2767,0.5417988
-6.761132000000001,-61.55515,2.0,40.60315,0.5214345
-6.950025,-28.90339,2.0,47.474309999999996,0.5002525999999999
-7.347991,8.650177000000001,2.0,53.879940000000005,0.2112835
-15.47526,41.88615,2.0,33.481359999999995,-1.43329
-26.038339999999998,45.765609999999995,2.0,1.108213,-0.4434042
-26.14922,41.904959999999996,2.0,9.80001,0.30030419999999997
-35.49317,40.97143,2.0,17.904729999999997,0.6189916999999999
-50.41782,46.688309999999994,2.0,25.31181,0.45665429999999996
-71.67533,43.3072,2.0,32.94007,0.5358303000000001
-98.80373,41.471540000000005,2.0,40.22197,0.5121815
-130.9858,39.16774,2.0,46.50247,-0.03227569
-150.4833,23.41297,2.0,21.21211,-2.605114
-148.8743,19.22944,2.0,4.776092,0.6835696
-143.6488,16.2857,2.0,13.19331,0.3051517
-147.0725,4.551272,2.0,21.16129,0.2942067
-149.3973,-11.933769999999999,2.0,26.925,0.27499509999999994
-141.9082,-33.52147,3.0,7.433611,0.9980180000000001
-143.7561,-41.56718,3.0,11.48378,-0.01589295
-149.6768,-49.877829999999996,3.0,18.22297,-0.03388398
-160.7767,-54.089259999999996,3.0,14.507,-0.1373196
-166.59,-60.40435,3.0,10.66825,-0.08649524
-163.9081,-67.66698000000001,3.0,13.5133,0.6264444
-152.5126,-72.35568,3.0,21.1737,0.5853629
-134.2465,-73.99409,3.0,28.736859999999997,0.5624134
-116.4396,-84.41891,3.0,25.35729,-0.37665279999999995
-108.0607,-100.2448,3.0,28.803379999999997,0.6969249
-111.0103,-119.9248,3.0,24.355520000000002,-0.3831699
-122.0673,-131.2542,3.0,20.4844,0.6312826
-138.5518,-131.6491,3.0,21.88353,-0.20686210000000002
-145.5692,-112.9294,3.0,30.839709999999997,-0.7827808
-158.4641,-103.4599,3.0,16.10967,0.9054865
-166.5542,-114.2117,3.0,23.04941,0.2852518
-168.9857,-134.0983,3.0,30.99648,0.5706781
-168.9869,-159.7052,3.0,38.23464,0.5346843000000001
-167.1542,-190.5002,3.0,45.0929,0.23466320000000002
-163.9494,-226.0572,3.0,49.70395,-0.1657715
-155.8187,-256.2608,3.0,34.72092,-0.7408718000000001
-136.8524,-254.3729,3.0,27.6007,0.5298024
-124.9563,-235.2186,3.0,33.29479,0.197028
-128.47799999999998,-209.1026,3.0,36.26064,-0.5221336
-124.5514,-184.6214,3.0,29.64408,-0.5057012
-109.9553,-181.115,3.0,21.006529999999998,-0.3205708
-109.9803,-197.6674,3.0,26.05227,0.4125366
-104.65899999999999,-218.7323,3.0,31.5558,0.1076319
-106.0441,-240.271,3.0,27.637490000000003,0.08852631
-101.2472,-263.8068,3.0,36.61152,0.07236724
-76.81258000000001,-270.3088,3.0,38.02492,0.14884779999999997
-60.02308000000001,-268.4372,3.0,12.46492,-0.5057814
-56.16621,-266.6563,3.0,0.16700220000000002,0.7097715
-57.17252,-267.3724,3.0,0.6452483,-0.08855619
-56.04214,-266.3252,3.0,5.332942,0.38369840000000005
-52.53141,-262.6337,3.0,7.9016720000000005,0.02418735
-48.2402,-263.6037,3.0,2.022991,-0.7758868
-49.22637,-261.7299,3.0,7.330267999999999,0.31831940000000003
-49.64525,-253.4187,3.0,15.51499,0.29442979999999996
-46.05014,-239.442,3.0,23.29225,0.27638429999999997
-43.4085,-219.6433,3.0,30.58553,0.5318611999999999
-39.97481,-194.6205,3.0,37.02172,0.1920537
-22.03098,-172.5452,3.0,41.73924,0.4789130999999999
-3.623415,-155.31,3.0,23.977710000000002,-0.37109759999999997
8.515271,-145.0994,3.0,18.941329999999997,-0.3756198
11.67793,-133.6289,3.0,14.36329,-0.2664739
6.674641,-122.4911,3.0,20.32445,0.5298510000000001
-3.295346,-107.9114,3.0,27.577140000000004,0.5378215000000001
-9.732578,-85.78491,3.0,34.370290000000004,0.22647779999999998
-9.640623,-58.00272,3.0,40.77945,0.4719064
-4.894309,-25.6869,3.0,46.51481,-0.3558052
-3.5906839999999995,4.15024,3.0,28.00569,-1.166514
-4.742015,14.3704,3.0,3.650814,-0.09967804
-5.670602,19.33942,3.0,11.37217,0.6098571999999999
-9.129673,30.26193,3.0,19.50292,0.2710363
-21.639670000000002,41.376709999999996,3.0,26.59265,0.5398456
-43.16001,44.790859999999995,3.0,33.15076,0.5749958000000001
-70.28565,44.52243,3.0,40.002990000000004,0.4767315
-102.2623,42.47643,3.0,46.44313,0.2084839
-134.9423,38.11275,3.0,39.08834,-0.18031470000000002
-150.2643,19.16375,3.0,32.415240000000004,-0.1464069
-143.9033,-4.782693,3.0,35.96407,0.4453624
-144.2562,-33.66137,4.0,42.00992,0.08873921
-153.32299999999998,-53.74868000000001,4.0,19.21123,-0.2488714
-166.7066,-56.98863000000001,4.0,19.116120000000002,-0.033162800000000006
-162.2989,-69.69905,4.0,23.44315,0.4715875
-143.2059,-72.54677,4.0,29.84239,0.21996620000000003
-121.0194,-81.68726,4.0,35.644220000000004,0.16997920000000002
-108.2349,-105.9533,4.0,38.82978,-0.4659259
-121.5488,-129.6168,4.0,37.18959,-0.1139743
-143.6716,-126.0194,4.0,30.450259999999997,-0.37426950000000003
-145.3467,-104.1295,4.0,29.867309999999996,-1.157967
-157.6482,-99.75407,4.0,18.28582,0.9039693999999999
-166.6903,-113.0521,4.0,25.90379,0.27705820000000003
-169.9344,-134.7674,4.0,33.22075,0.2439764
-169.0824,-161.7324,4.0,39.87885,0.47965509999999995
-166.2758,-193.6117,4.0,46.369820000000004,0.4671651
-163.352,-229.6163,4.0,47.99726,-0.6390133000000001
-157.2683,-252.2217,4.0,20.22329,-0.36422899999999997
-143.6604,-258.0226,4.0,23.276020000000003,0.5089895999999999
-129.8904,-248.6945,4.0,27.05077,0.52028
-125.0849,-226.4565,4.0,33.79893,0.3746566
-128.8066,-199.5014,4.0,39.582770000000004,0.08443469
-114.9061,-177.1563,4.0,34.057590000000005,-0.35359179999999996
-99.31405,-186.8443,4.0,23.548189999999998,-0.595017
-111.4664,-196.0599,4.0,23.95522,-0.05325155
-114.5549,-201.5529,4.0,0.01781997,-0.01097483
-114.5548,-201.5523,4.0,0.01853925,0.01698141
-112.456,-201.7143,4.0,5.560988,0.3404218
-109.7159,-198.6294,4.0,3.147561,-0.6236826
-109.6098,-199.2307,4.0,4.5493239999999995,0.2654227
-108.5371,-205.1513,4.0,11.60971,0.4972258
-106.3721,-216.0565,4.0,18.203689999999998,0.2245758
-105.2136,-231.7684,4.0,24.317729999999997,0.418591
-105.1402,-251.8495,4.0,29.675490000000003,0.15048870000000003
-91.5248,-269.9059,4.0,32.92085,0.1291752
-66.67577,-269.2813,4.0,36.13909,0.1273573
-49.555009999999996,-249.5388,4.0,36.98281,0.06394839
-48.5144,-220.5203,4.0,41.37059,0.11598019999999999
-37.81817,-190.1944,4.0,45.405409999999996,0.08336537
-13.874189999999999,-165.9453,4.0,45.69059,-0.2164212
4.520514,-148.9931,4.0,22.266939999999998,-0.23383089999999998
12.59705,-137.7053,4.0,15.780629999999999,-0.42872559999999993
7.356960000000001,-123.6113,4.0,24.948179999999997,0.4008565
-4.3638,-106.9174,4.0,30.22275,0.37555109999999997
-10.0378,-83.2475,4.0,35.40903,0.3704852
-9.528758999999999,-55.26149,4.0,40.285090000000004,0.3332883
-3.821024,-24.153979999999997,4.0,45.01393,0.3310737
-2.7937939999999997,10.42738,4.0,48.59925,0.11179700000000001
-12.95657,35.230059999999995,4.0,28.12286,0.14920350000000002
-33.399640000000005,43.66939,4.0,32.63498,0.34430759999999994
-59.43166,43.24942,4.0,37.748670000000004,0.1727921
-89.28696,42.97956,4.0,42.66917,0.1630335
-120.96799999999999,39.91081,4.0,39.517070000000004,-1.37058
-139.1104,36.30585,4.0,14.7734,1.248204
-146.8489,25.997729999999997,4.0,20.77648,0.4028223
-147.3532,8.588264,4.0,26.493440000000003,0.43324129999999994
-142.9399,-12.69813,4.0,32.11487,0.39172070000000003
-143.1293,-37.54489,5.0,32.03913,-0.7393143
-156.5285,-52.456680000000006,5.0,27.81816,0.3883718
-168.6307,-64.97969,5.0,18.65298,-1.071497
-157.8956,-69.64529,5.0,15.978129999999998,0.3397104
-142.7245,-72.40416,5.0,24.38748,0.42641359999999995
-123.5838,-78.65296,5.0,29.95934,0.35287820000000003
-108.5513,-96.04923000000001,5.0,33.46402,0.08010247
-112.3419,-120.3991,5.0,33.04387,-0.1392267
-129.6364,-133.1282,5.0,26.703640000000004,-0.6357616
-142.1672,-123.0561,5.0,24.569329999999997,0.4217058
-150.546,-105.105,5.0,29.50295,0.2153232
-165.3921,-103.3791,5.0,15.96296,-0.9092587999999999
-164.7229,-115.5919,5.0,18.9131,0.8090476
-167.4401,-132.9534,5.0,29.972559999999998,0.6415221
-168.6336,-162.0722,5.0,45.65931,0.13129229999999997
-164.359,-197.7239,5.0,51.776759999999996,0.5248359
-164.1418,-227.8302,5.0,24.35393,-2.024338
-162.7431,-242.7762,5.0,17.51153,-0.42511899999999997
-157.6565,-252.9224,5.0,16.06533,0.4817407
-143.7335,-260.2131,5.0,25.71891,0.5904278000000001
-128.4488,-246.5292,5.0,34.61465,1.005573
-126.2883,-217.6276,5.0,41.09598,-0.6990712
-128.553,-194.9068,5.0,20.55499,-0.49071329999999996
-122.6396,-183.9008,5.0,16.13995,0.3918458
-107.8797,-184.5583,5.0,24.30057,-0.03258378
-102.4989,-202.4784,5.0,30.309929999999998,0.8725709
-104.249,-227.9351,5.0,36.980109999999996,0.09685249
-104.9814,-254.0351,5.0,31.663320000000002,-0.3096406
-91.6606,-270.1194,5.0,31.07803,0.1406387
-67.61237,-269.9716,5.0,35.02735,0.2383306
-51.050270000000005,-250.81799999999998,5.0,36.930409999999995,0.31162449999999997
-46.997859999999996,-221.7934,5.0,41.773920000000004,0.3522867
-38.973490000000005,-190.3317,5.0,45.867020000000004,0.07710917
-15.8146,-164.718,5.0,45.65623,-1.973409
-1.445238,-155.1319,5.0,13.189910000000001,-0.1710356
5.121218,-150.4012,5.0,8.79239,-0.13986629999999997
9.209100999999999,-146.5793,5.0,8.659342,0.49456890000000003
13.10816,-138.7443,5.0,15.19794,0.2207782
9.542889,-125.9974,5.0,21.14665,0.21397670000000002
-1.037259,-111.6412,5.0,26.94065,0.40364040000000007
-8.540638000000001,-91.00518000000001,5.0,32.34418,0.1916756
-10.427019999999999,-65.32259,5.0,37.351040000000005,0.3563406
-5.328423,-36.26351,5.0,42.21897,0.3546607
-1.381394,-3.604692,5.0,44.94423,-1.454436
-5.136389,21.044320000000003,5.0,17.7332,-3.4404529999999998
-8.548758,29.014459999999996,5.0,14.78164,0.2380025
-17.07411,38.99147,5.0,20.84664,0.217689
-33.47768,44.82217,5.0,26.503220000000002,0.4378925
-55.187509999999996,45.176429999999996,5.0,32.11342,0.386384
-80.96936,44.273959999999995,5.0,37.41891,0.36577329999999997
-110.4182,42.006859999999996,5.0,41.541509999999995,-0.5883648
-134.1247,39.13889,5.0,18.65341,-0.4942457
-145.3129,28.676679999999998,5.0,24.141,0.1914669
-147.7049,9.139909,5.0,29.390109999999996,0.38339359999999995
-142.7295,-14.088679999999998,5.0,34.71097,0.38227859999999997
-143.3985,-37.83098,6.0,21.17845,-2.449754
-147.675,-47.56242,6.0,16.914170000000002,1.027611
-158.8688,-55.01121,6.0,16.4983,-0.41503599999999996
-166.1279,-61.542840000000005,6.0,13.06593,0.3953242
-159.2872,-72.00532,6.0,22.979689999999998,0.12452060000000001
-138.007,-71.94077,6.0,35.41222,0.6464522
-113.3884,-86.90316,6.0,41.35253,-0.2258435
-113.3879,-111.367,6.0,23.83665,-1.17337
-117.5093,-120.7856,6.0,12.12739,0.4225923
-123.5793,-131.8322,6.0,17.601879999999998,-0.5222687
-136.7549,-132.6734,6.0,21.63729,0.3799554
-144.8764,-117.6379,6.0,27.39902,0.5350263000000001
-149.3953,-105.0344,6.0,7.783883,-0.1406444
-155.032,-101.3433,6.0,13.00499,0.3184406
-165.0501,-104.2318,6.0,15.734760000000001,0.2414223
-167.43400000000003,-119.1376,6.0,26.97956,0.5197479
-168.9552,-144.2108,6.0,40.02263,0.8488888000000001
-167.9308,-177.9938,6.0,50.90701,0.6728196
-164.0561,-217.3688,6.0,50.85583,-0.8349208
-161.6965,-249.7692,6.0,35.65653,-0.7097699000000001
-144.702,-258.0783,6.0,22.53748,-0.268054
-131.3625,-251.8013,6.0,21.80861,0.8197458000000001
-125.2085,-234.0804,6.0,28.2417,0.39867929999999996
-126.8084,-211.2971,6.0,33.53678,0.1840746
-127.4532,-187.2597,6.0,23.223329999999997,-2.5388
-115.8456,-182.3928,6.0,20.57542,0.353842
-104.3982,-193.6188,6.0,25.00995,0.18179220000000001
-102.8978,-214.0243,6.0,30.44485,0.4001835
-105.618,-238.4228,6.0,35.786190000000005,0.1749831
-100.738,-265.4899,6.0,38.16158,-0.28265890000000005
-77.32936,-271.4155,6.0,30.43975,-0.3006989
-58.43151999999999,-265.8687,6.0,22.864520000000002,-0.6240744
-49.2204,-251.0833,6.0,28.42807,0.41134380000000004
-45.53803,-228.1834,6.0,33.92711,0.37250720000000004
-42.50349,-201.3142,6.0,39.04364,0.3339227
-28.423029999999997,-175.7842,6.0,41.45684,0.289416
-5.637822,-158.946,6.0,26.530559999999998,-1.151498
3.932339,-151.6811,6.0,12.18309,-0.0931878
10.36117,-145.0765,6.0,13.78703,0.2546154
12.439919999999999,-132.7529,6.0,21.53891,0.2914849
0.9242566999999999,-117.0094,6.0,33.16948,1.0228389999999998
-8.641595,-89.36066,6.0,46.84592,0.9923896999999999
-8.399739,-50.069109999999995,6.0,58.93601999999999,0.7319139
-1.160458,-5.825335,6.0,58.541419999999995,-0.5574256999999999
-6.283933,22.76598,6.0,22.31973,-0.2490152
-14.151929999999998,36.79424,6.0,24.33831,0.630077
-34.14797,44.788059999999994,6.0,35.5225,1.0087780000000002
-65.91714,44.69919,6.0,50.38668,0.5347723000000001
-107.4593,42.56545,6.0,51.43866,-4.076561
-126.9877,39.38165,6.0,13.8513,-0.17990789999999998
-137.5472,36.92852,6.0,20.59919,1.1362139999999998
-147.4134,23.66891,6.0,25.75778,0.21609679999999998
-146.1832,2.6183240000000003,6.0,31.27048,0.1895593
-141.2125,-22.09723,6.0,36.38906,0.25706100000000004
-142.0591,-36.52063,7.0,9.543063,0.5219411
-144.8248,-45.62273,7.0,16.103170000000002,0.4216979
-156.3665,-53.10909,7.0,21.910870000000003,0.2088176
-168.0629,-63.99527,7.0,19.72854,-0.6184618000000001
-163.8132,-74.90054,7.0,16.014979999999998,0.1826678
-151.2747,-76.19678,7.0,19.459229999999998,0.2832333
-136.6889,-73.14414000000001,7.0,21.202579999999998,0.1046989
-120.4658,-78.45891999999999,7.0,27.91671,0.2208723
-108.4714,-96.81253000000001,7.0,32.02837,0.1182837
-113.9575,-120.5304,7.0,35.213359999999994,0.1791999
-137.2403,-131.7005,7.0,34.29343,-1.2570459999999999
-147.086,-120.7002,7.0,13.688989999999999,-1.090311
-142.9382,-113.4926,7.0,14.69925,1.045951
-149.1222,-103.1775,7.0,16.49316,0.02025295
-161.9563,-103.6984,7.0,21.08267,0.10387439999999999
-166.2864,-117.5278,7.0,20.03905,0.2843981
-166.5821,-134.997,7.0,28.425729999999998,1.026057
-169.4067,-161.2337,7.0,42.53733,0.46445240000000004
-169.9784,-197.3607,7.0,54.558080000000004,0.37246009999999996
-167.6786,-235.4836,7.0,44.14188,-2.155431
-153.6678,-253.6415,7.0,26.09127,-0.695443
-136.7962,-253.0919,7.0,22.26267,0.3065402
-125.9561,-240.752,7.0,26.941059999999997,0.6029441999999999
-126.0435,-217.6835,7.0,33.969879999999996,0.1882904
-125.8115,-190.6563,7.0,37.59299,-1.7649669999999997
-116.1505,-179.8389,7.0,13.57482,-0.01208132
-109.7839,-190.3585,7.0,21.15634,0.4334254
-108.8643,-208.2473,7.0,27.131220000000003,0.4143541
-108.5611,-230.4374,7.0,32.72725,0.1870496
-103.6937,-255.6743,7.0,36.99698,0.1982886
-81.83355,-272.3371,7.0,39.275690000000004,0.07406386
-55.794909999999994,-263.0593,7.0,39.32806,0.01172353
-49.3506,-234.5894,7.0,42.00971,0.1579156
-43.007259999999995,-202.95,7.0,45.16364,0.08606327
-20.26587,-176.7013,7.0,49.17553,0.31473609999999996
3.6534489999999997,-147.8026,7.0,46.053470000000004,-1.072671
8.148987,-125.5072,7.0,22.9129,-0.2873011
-3.4151849999999997,-108.5872,7.0,31.560109999999998,0.5691648
-4.744841,-80.89709,7.0,46.24273,1.34566
-0.638741,-40.5283,7.0,62.8854,1.092196
-2.181115,8.312169,7.0,61.90837,-0.9730899
-13.09575,39.90913,7.0,32.14117,-1.2072379999999998
-36.271409999999996,40.821,7.0,37.976259999999996,0.6112116999999999
-66.34355,40.42451,7.0,42.97394,0.3508354
-99.89734,40.85845,7.0,47.61647,0.3225032
-135.7367,38.978609999999996,7.0,43.78358,-3.277374
-147.2123,21.24236,7.0,29.023870000000002,0.39096220000000004
-145.2324,-2.247749,7.0,34.44443,0.4060577
-145.719,-29.672729999999998,7.0,39.58882,0.36181890000000005
-157.3438,-54.583980000000004,8.0,35.27774,-0.5057629
-168.3727,-68.25294,8.0,21.72198,0.7817239
-154.6887,-78.99339,8.0,27.97157,0.2899277
-132.2421,-77.5248,8.0,32.43475,0.1049134
-113.7193,-93.1496,8.0,35.2435,0.1770204
-113.9939,-119.1638,8.0,37.06435,0.03340618
-136.8517,-132.0427,8.0,33.19341,-1.655036
-146.5784,-127.3579,8.0,2.3721810000000003,-0.04288847
-143.2173,-124.36399999999999,8.0,9.937176,0.2606339
-142.4751,-114.9606,8.0,16.32386,0.43312429999999996
-151.4104,-104.1468,8.0,22.02869,0.3154935
-166.2903,-107.5852,8.0,23.85364,0.15572370000000002
-166.7831,-126.5463,8.0,28.67117,0.1908388
-168.9252,-149.5955,8.0,33.96315,0.4034888
-170.9294,-176.4335,8.0,38.82306,0.1661385
-169.0751,-207.0785,8.0,43.70708,0.3284838
-166.5184,-240.7466,8.0,45.78768,-0.4488005
-145.0904,-256.7422,8.0,32.62457,-1.166421
-129.1679,-243.592,8.0,30.018309999999996,0.4845735
-127.2878,-219.7646,8.0,35.093140000000005,0.3755158
-126.193,-192.0537,8.0,38.235659999999996,-0.5378804
-114.3706,-179.6702,8.0,15.47585,-0.5673245
-107.5542,-189.6951,8.0,20.30856,0.4329622
-106.6983,-206.9648,8.0,26.33918,0.4254691
-105.9708,-228.6531,8.0,32.00046,0.4078138
-102.8078,-253.8893,8.0,36.67765,0.2271752
-82.88167,-272.0657,8.0,38.569520000000004,0.04607139
-56.81604,-264.0067,8.0,39.34085,0.05805153
-47.300340000000006,-236.6172,8.0,41.79735,0.1616194
-43.4437,-204.296,8.0,45.66708,0.0121226
-21.66657,-178.4168,8.0,47.96675,0.3222647
2.134578,-150.1976,8.0,49.682809999999996,-0.8514171
6.812860000000001,-121.9396,8.0,33.47395,-0.22352800000000003
-6.994889,-98.46257,8.0,39.071090000000005,-0.08814739
-2.713347,-68.75702,8.0,42.87017,0.31799590000000005
-1.268821,-35.28103,8.0,47.42528,0.3487083
-1.856138,1.4769459999999999,8.0,51.78974,0.31785399999999997
-10.26897,36.28644,8.0,38.69681,-0.8986832
-25.89058,42.105470000000004,8.0,7.720679,-2.0262849999999997
-27.62927,37.82499,8.0,9.420503,0.22071439999999998
-35.90733,39.818000000000005,8.0,15.72623,0.4490425
-45.86663,48.46484,8.0,13.180729999999999,-1.198659
-48.02421,48.58672,8.0,0.025028400000000003,0.0338065
-48.24548,47.81818,8.0,3.631532,0.1163442
-47.98256,44.34287,8.0,5.131597,-0.07240053
-47.55553,43.609159999999996,8.0,3.989729,0.353283
-53.276559999999996,46.29075,8.0,13.0677,0.6312024
-66.03262,45.16969,8.0,21.52364,0.28935140000000004
-84.88319,42.8194,8.0,29.56925,0.5477028
-109.4372,43.06392,8.0,36.87337,0.2463206
-137.2905,39.16028,8.0,39.00434,-0.20071170000000002
-143.9815,12.023010000000001,8.0,42.587309999999995,0.6736236
-146.8365,-22.284329999999997,8.0,48.18734,-0.72627
-142.0652,-34.77771,9.0,2.6308580000000004,-0.05927337
-143.1575,-39.28461,9.0,11.99518,0.6410308000000001
-147.8812,-48.11018,9.0,12.66547,-0.2058768
-155.5178,-52.63298,9.0,14.4558,0.2871922
-164.6057,-56.37385,9.0,11.73817,-0.1174912
-166.7397,-63.84945,9.0,13.24725,1.018945
-157.3518,-73.09737,9.0,19.69066,-0.3821142
-144.3431,-72.89859,9.0,15.84283,-0.2376979
-131.6424,-74.25851999999999,9.0,23.67697,1.206699
-115.5173,-83.72140999999999,9.0,25.95637,0.06474014
-107.4286,-100.9764,9.0,25.23912,-0.4081043
-108.5758,-114.3687,9.0,12.16579,-0.1852734
-111.8024,-122.8681,9.0,16.76775,1.2734530000000002
-122.2741,-133.5995,9.0,19.9248,-0.34541259999999996
-135.0685,-133.9736,9.0,15.80008,-0.1785359
-143.8805,-124.7786,9.0,22.584229999999998,0.60141
-149.9397,-106.29,9.0,24.96688,-0.8802764999999999
-159.7828,-99.47721999999999,9.0,13.73502,-0.362749
-166.0518,-107.3397,9.0,19.53272,1.1342809999999999
-168.3501,-127.2348,9.0,34.191790000000005,1.0197379999999998
-169.0736,-156.9332,9.0,44.128029999999995,0.363799
-166.2653,-190.9761,9.0,47.73793,0.1977563
-163.3741,-223.9751,9.0,40.36963,-0.4702287
-160.7489,-247.6311,9.0,26.2093,-0.5187668
-148.5839,-259.2141,9.0,20.5844,-0.1820582
-135.607,-257.4244,9.0,20.36327,0.9363348
-125.9164,-239.679,9.0,34.32475,0.6158526999999999
-126.8014,-212.8228,9.0,34.65587,-0.6040446999999999
-128.7218,-194.4806,9.0,15.764120000000002,-0.23857889999999998
-125.7275,-184.5011,9.0,13.04303,0.1449137
-113.8525,-182.1071,9.0,19.16078,-0.1697339
-104.249,-189.4825,9.0,14.91128,-0.240734
-102.4938,-204.0015,9.0,27.335690000000003,0.9866145000000001
-104.6698,-228.2424,9.0,37.07053,0.2784218
-104.63799999999999,-255.4176,9.0,35.52803,-0.1406315
-88.09749000000001,-272.4299,9.0,32.589859999999994,-0.08082406
-64.62380999999999,-269.2059,9.0,32.23645,-0.06205627
-50.44574,-250.4766,9.0,34.28362,0.12035439999999999
-46.03624,-224.5776,9.0,36.60007,0.15624100000000002
-41.408190000000005,-198.1362,9.0,34.81407,-0.30617890000000003
-30.66252,-177.204,9.0,29.16178,-0.22663339999999998
-15.625760000000001,-164.9219,9.0,23.74888,-0.3174077
-2.101365,-155.9789,9.0,20.11376,-0.14611960000000002
8.763458,-147.4724,9.0,18.99023,0.4182103
12.01665,-132.0303,9.0,24.83794,0.4109673
0.1967494,-115.6421,9.0,29.297390000000004,0.05307213
-8.680903,-95.74089000000001,9.0,29.976229999999997,0.02265948
-11.29906,-73.1979,9.0,32.33027,0.1530636
-8.543907,-48.081509999999994,9.0,35.18652,0.05344769
-3.83316,-21.98882,9.0,36.345290000000006,0.08152141
-2.077991,4.347187,9.0,31.971459999999997,-0.9015804000000001
-5.90826,23.31672,9.0,21.536939999999998,-0.30545079999999997
-13.41949,36.25509,9.0,24.29402,0.5346203
-31.900940000000002,44.90939,9.0,31.344509999999996,0.48043009999999997
-57.61596,43.96608,9.0,38.392109999999995,0.2503997
-88.78751,44.1452,9.0,45.34768,0.48065990000000003
-123.5733,40.80487,9.0,44.6736,-0.6868688000000001
-146.1916,28.7197,9.0,34.56834,-0.13609010000000002
-143.0259,2.675925,9.0,39.01225,0.48398640000000004
-142.7303,-27.079990000000002,9.0,35.33939,-0.7753272
-146.0723,-42.37877,10.0,16.35131,0.7194875
-155.0736,-53.07872,10.0,18.25904,-0.2789508
-165.6305,-58.84895,10.0,14.37659,-0.3306196
-165.0062,-68.78854,10.0,17.65506,0.5671143
-153.0129,-73.07605,10.0,18.214660000000002,0.1021087
-139.5829,-72.79224,10.0,17.26409,-0.1672912
-124.1745,-77.41838,10.0,26.65467,0.27185929999999997
-109.1497,-93.14919,10.0,32.99108,0.1909813
-109.8238,-118.7359,10.0,34.46535,-0.6265874
-123.1853,-132.2928,10.0,22.25774,-0.36716950000000004
-137.4164,-132.2449,10.0,17.36092,-0.34010490000000004
-145.0546,-120.4022,10.0,23.81963,0.6431395000000001
-149.9242,-105.1617,10.0,9.397506,-2.918519
-153.435,-101.9433,10.0,10.39873,0.2909837
-163.1438,-102.2143,10.0,17.21005,0.43560519999999997
-167.6911,-116.1301,10.0,23.80163,0.5001595
-168.7864,-136.3505,10.0,30.77843,0.491496
-168.5316,-161.4948,10.0,35.73597,0.4526337
-167.2593,-189.5696,10.0,39.532920000000004,0.06344546
-164.5601,-217.8492,10.0,34.901709999999994,-0.5448793000000001
-163.1834,-240.9977,10.0,27.8481,-0.5016299
-154.3021,-256.1213,10.0,21.00928,-0.4524193
-138.4898,-258.8949,10.0,23.88269,-0.03598593
-127.7837,-244.7699,10.0,26.34117,0.258431
-124.8986,-224.5103,10.0,29.46313,0.23088730000000002
-127.4926,-202.9411,10.0,24.9662,-1.715514
-127.8197,-189.6309,10.0,14.940479999999999,-0.3172237
-122.3226,-182.442,10.0,13.31429,0.46161579999999997
-110.4211,-183.3517,10.0,18.39583,0.08153696
-103.1239,-193.8655,10.0,19.02727,0.08324911
-103.5884,-208.9439,10.0,21.56046,0.1655866
-104.7007,-225.021,10.0,21.92084,0.1756781
-106.0876,-244.1696,10.0,29.24077,0.4834494000000001
-100.8831,-265.0792,10.0,29.00113,0.03588215
-79.17415,-272.4526,10.0,36.25192,0.5294101
-54.43365,-261.1689,10.0,37.94407,-0.17773329999999998
-47.84701,-232.5876,10.0,42.705420000000004,0.11379500000000001
-42.40521,-201.5133,10.0,39.59042,-0.6504234999999999
-30.94175,-178.2028,10.0,31.154059999999998,-0.5503342
-15.186,-165.0863,10.0,24.65905,-0.4170835
-4.952162,-157.9462,10.0,13.150079999999999,0.39336259999999995
5.888054,-150.028,10.0,19.69601,-0.09500994
13.43205,-137.3769,10.0,24.77028,0.9222440000000001
3.517083,-120.2984,10.0,30.446759999999998,0.45315150000000004
-8.000734,-99.03886,10.0,36.26396,-0.2606169
-10.385589999999999,-74.9203,10.0,31.93941,0.24316210000000002
-8.252208999999999,-48.94697,10.0,38.39011,0.45105209999999996
-3.617693,-18.539939999999998,10.0,44.42774,0.4098567
-3.255521,16.01463,10.0,48.25625,-0.1927054
-21.51558,41.43483,10.0,42.7659,0.2055319
-54.30536,44.50565,10.0,47.366279999999996,0.1977489
-91.40964,43.77032,10.0,52.665330000000004,0.3753276
-128.4345,39.53693,10.0,41.79721,-1.5620379999999998
-148.768,22.443579999999997,10.0,36.8569,-0.1476533
-142.233,-4.967981,10.0,40.727909999999994,0.1644785
-144.3103,-33.840559999999996,11.0,32.325359999999996,-0.2478208
-157.8165,-55.295669999999994,11.0,36.81006,0.3777801
-169.7397,-74.66759,11.0,24.6779,-1.209373
-158.0898,-78.57613,11.0,20.81925,0.2363736
-143.8454,-69.4181,11.0,25.90796,0.2615385
-124.8882,-78.64073,11.0,31.94547,0.4923723
-110.1281,-96.03903000000001,11.0,32.48223,0.4947531
-113.1991,-120.6179,11.0,33.201440000000005,-0.8508334000000001
-129.2915,-133.0174,11.0,28.295379999999998,0.4432874
-144.7084,-119.7951,11.0,32.02295,0.2807249
-147.9271,-103.208,11.0,9.813559,-0.1173704
-158.8387,-101.0964,11.0,21.4093,0.2784075
-166.7887,-115.6451,11.0,26.629790000000003,0.4797392
-166.365,-137.8242,11.0,33.28635,0.4626384
-168.3462,-164.7093,11.0,39.40746,0.44793940000000004
-165.4435,-195.9841,11.0,45.35862,0.20226870000000002
-162.9937,-230.8501,11.0,45.78453,-1.264756
-154.3593,-255.8601,11.0,27.87472,0.1903653
-133.9838,-257.3263,11.0,29.32129,0.27303140000000004
-125.8129,-236.0616,11.0,34.12964,0.22001869999999998
-127.1557,-208.5241,11.0,38.34375,-0.7449644
-124.291,-183.6487,11.0,29.81833,-1.315523
-108.03299999999999,-184.3619,11.0,23.95159,-0.04160044
-107.4309,-203.7544,11.0,29.52655,0.43714250000000004
-106.0448,-227.771,11.0,35.669140000000006,0.2234533
-104.979,-256.0424,11.0,40.68456,0.11430599999999999
-82.80376,-272.4988,11.0,39.46719,0.28918920000000004
-54.955659999999995,-262.1428,11.0,41.37934,-0.2388853
-46.102779999999996,-232.2284,11.0,45.06017,0.4377826
-40.509570000000004,-197.2195,11.0,50.31061,0.25314380000000003
-18.76395,-167.8938,11.0,45.257909999999995,-1.497118
3.695376,-152.5317,11.0,31.467679999999998,-0.2917305
12.16934,-134.8744,11.0,23.29031,-0.5110402000000001
3.607483,-118.8314,11.0,28.208759999999998,0.5054892
-7.095166000000001,-98.59866,11.0,34.21066,0.454586
-10.43693,-71.24763,11.0,40.26381,0.1953839
-6.530012999999999,-39.48856,11.0,46.007290000000005,0.206373
-1.7400950000000002,-3.7515989999999997,11.0,51.31512,0.3518909
-10.2998,33.20749,11.0,48.75589,-0.13230160000000002
-40.815979999999996,45.21671,11.0,46.88446,0.3837955
-77.59167,42.11094,11.0,52.35156,0.18025429999999998
-117.7749,40.65903,11.0,52.2462,-0.5272786
-147.1534,27.566740000000003,11.0,41.5213,-0.3636586
-145.2432,-1.753208,11.0,42.58696,0.3851717
-143.4025,-34.14244,12.0,41.96693,-1.114926
-157.2241,-52.56374,12.0,27.72185,0.4508696
-168.2813,-66.242,12.0,23.30331,0.3853594
-152.6832,-71.70965,12.0,26.89726,0.5158851
-130.7888,-73.77349,12.0,32.967079999999996,0.2034571
-110.5617,-89.94004,12.0,37.70203,0.243302
-109.3301,-116.2824,12.0,31.687929999999998,-0.5414237
-124.3868,-130.5845,12.0,26.370440000000002,-0.266033
-140.9137,-130.8509,12.0,23.29278,0.12959020000000002
-146.6877,-113.5882,12.0,28.49655,0.38935970000000003
-157.7746,-100.4781,12.0,21.04749,-0.5406634
-167.493,-110.2962,12.0,24.561510000000002,0.47116140000000006
-167.1549,-133.7082,12.0,36.37465,0.2044503
-168.6291,-162.7219,12.0,42.10548,0.4213987
-166.2368,-196.1236,12.0,47.91256,0.407825
-164.1461,-233.2233,12.0,48.80733,-0.7598876999999999
-150.0166,-258.0584,12.0,32.23288,-0.6146589
-132.36700000000002,-249.4833,12.0,29.87776,0.3937888
-126.3485,-226.1272,12.0,35.52365,0.46821809999999997
-127.9005,-199.2214,12.0,33.607620000000004,-0.3906992
-118.9836,-180.0089,12.0,28.804029999999997,-0.03230238
-106.6793,-190.6231,12.0,24.865579999999998,0.3347922
-110.4491,-210.8561,12.0,31.11096,0.4819748
-108.84,-236.3242,12.0,37.57179,0.22200370000000003
-100.2711,-264.4518,12.0,41.36253,-0.27533470000000004
-72.85889,-270.4585,12.0,41.10713,0.1788905
-47.15489,-254.9588,12.0,38.63921,-0.3870166
-52.230979999999995,-231.1133,12.0,31.281370000000003,-0.9607380999999999
-52.919180000000004,-218.1225,12.0,6.079274,-0.6897746
-53.35696,-214.8936,12.0,0.7848174,-0.6609276
-52.06179,-217.2333,12.0,7.883353,0.6017478
-44.56804,-217.0064,12.0,14.739020000000002,0.41947029999999996
-41.86026,-206.7258,12.0,12.8575,-0.2573121
-40.90442,-194.7022,12.0,20.98535,0.5171038
-33.27988,-178.4404,12.0,27.71351,0.455089
-15.5593,-164.1364,12.0,34.0794,0.23928379999999996
6.433153,-148.5514,12.0,37.1782,-0.05254628
10.30575,-126.5722,12.0,28.53195,0.1308175
-4.239336,-104.8684,12.0,43.117309999999996,1.1452
-10.54134,-69.12543000000001,12.0,53.14212,0.1451576
-4.25599,-28.504479999999997,12.0,57.99031,0.32985529999999996
-3.484339,13.92354,12.0,49.5512,-0.9497766
-15.13771,37.46685,12.0,35.60695,0.29723990000000006
-40.62997,45.63583,12.0,39.22532,0.4145789000000001
-71.79683,44.49716,12.0,45.06641,0.4087868
-107.1578,42.16395,12.0,50.59468,0.40390529999999997
-142.7476,35.7248,12.0,46.97105,-0.5538152
-152.4588,15.42049,12.0,15.087179999999998,-1.537118
-153.1038,12.69698,12.0,4.165545,0.3262183
-147.8932,10.08235,12.0,12.217080000000001,0.28577440000000004
-146.3837,-1.673482,12.0,19.870070000000002,0.5182859000000001
-143.3901,-18.79114,12.0,27.02525,0.49442349999999996
-141.9884,-34.316720000000004,13.0,5.628561,0.616254
-143.894,-41.244859999999996,13.0,13.723579999999998,0.5515248
-152.5029,-50.572359999999996,13.0,20.99501,0.5343629
-166.4245,-61.09015,13.0,24.31586,-0.7632607
-162.4702,-74.27081,13.0,17.522000000000002,0.02944437
-148.605,-75.06919,13.0,21.98989,-0.04064392
-134.3256,-72.31837,13.0,19.89245,0.6138475999999999
-117.8527,-78.64527,13.0,27.28327,0.4102442
-107.0812,-97.60356999999999,13.0,32.74866,0.1739651
-113.7012,-121.7773,13.0,36.78281,0.14528629999999998
-137.8741,-132.0775,13.0,31.757140000000003,-0.8815695
-145.3943,-122.7668,13.0,6.948233999999999,-0.45410320000000004
-139.2453,-122.7062,13.0,10.542530000000001,-0.21765810000000002
-140.2721,-122.9128,13.0,6.857951,0.5445732
-145.2715,-127.0725,13.0,8.637483,-0.3727212
-145.5068,-128.8978,13.0,2.620766,0.33872709999999995
-143.6071,-123.9614,13.0,11.634310000000001,0.6089355
-139.9442,-113.17299999999999,13.0,19.3751,0.4940557
-148.4796,-99.36876,13.0,25.56234,0.240889
-164.5834,-103.3928,13.0,21.90579,-0.2362678
-167.419,-122.7497,13.0,30.87286,0.2634647
-167.5,-148.1801,13.0,37.76621,0.4995103
-167.9316,-178.7315,13.0,44.30415,0.4586669
-167.9908,-213.8185,13.0,50.38678,0.20998470000000002
-160.9881,-249.3216,13.0,44.95428,-0.4868634
-133.7058,-255.1797,13.0,32.85283,-1.390716
-128.1479,-234.3857,13.0,34.70743,0.8493466000000001
-127.3634,-205.238,13.0,41.30722,-0.1432016
-124.8198,-185.1932,13.0,15.099929999999999,-0.16269479999999997
-114.6945,-181.6973,13.0,18.22619,0.5230002
-105.463,-194.1595,13.0,25.30809,0.5054174
-106.0243,-215.3793,13.0,32.32901,0.5220063
-107.345,-241.5789,13.0,38.38997,0.1672364
-92.40644,-267.2748,13.0,42.55557,0.03133722
-62.720209999999994,-268.9748,13.0,42.587740000000004,-0.01374844
-49.28074,-241.8427,13.0,44.2078,0.4458219
-46.05622,-208.4591,13.0,40.6977,-0.3461223
-29.6109,-181.3839,13.0,45.89151,0.41335649999999996
-4.342184,-155.2516,13.0,51.843379999999996,0.19473510000000002
9.670662,-123.2361,13.0,44.3605,-0.7558045
-6.582952000000001,-103.1251,13.0,29.726999999999997,-1.031423
-7.165189,-81.46581,13.0,33.692479999999996,0.4932457
-5.634882,-54.060669999999995,13.0,40.37722,0.2397803
-4.7251959999999995,-21.786260000000002,13.0,46.73874,0.45611419999999997
-4.285311,15.01665,13.0,52.23317,-0.1699809
-19.93507,40.88971,13.0,33.55102,-1.165757
-34.22318,36.37328,13.0,13.3589,-0.07463088
-35.10542,32.586459999999995,13.0,0.08022571,0.02889211
-35.15367,32.592890000000004,13.0,0.06635021,-0.01631944
-34.77182,33.633990000000004,13.0,5.074229,0.2992431
-33.45531,40.05968,13.0,11.89534,-0.03516423
-32.2457,44.720259999999996,13.0,1.394823,-0.27416640000000003
-33.2915,42.82244,13.0,7.013683,0.27966779999999997
-40.90015,41.77673,13.0,14.67104,0.5293791999999999
-53.92899,45.11477,13.0,21.65138,0.2412962
-72.37184,43.88899,13.0,28.25248,0.48085020000000006
-95.44621,42.077529999999996,13.0,34.3035,0.21324859999999998
-122.9118,41.716120000000004,13.0,39.62681,0.29500540000000003
-145.7498,25.38547,13.0,38.08038,-0.0062297080000000005
-146.6994,-3.752771,13.0,42.28295,0.4108945
-145.0315,-36.73425,14.0,45.43274,-0.1664795
-159.6317,-58.35219,14.0,29.34467,-0.8437947
-158.4692,-73.75916,14.0,25.37124,0.21678530000000001
-138.251,-75.59985,14.0,30.70682,0.4476202
-116.9406,-85.98389,14.0,35.019290000000005,0.2929441
-110.1313,-111.0489,14.0,37.692440000000005,0.148144
-128.6927,-131.1736,14.0,38.47684,-0.4218349
-146.19,-124.1423,14.0,18.516679999999997,-2.099755
-146.0082,-119.7992,14.0,1.782725,0.0931925
-146.9076,-118.7155,14.0,1.7869,-0.04530952
-147.7122,-117.8976,14.0,1.37027,-0.1502571
-150.0129,-117.2222,14.0,3.944919,-0.002208509
-150.2689,-117.1504,14.0,4.397162000000001,0.3327755
-145.6786,-112.6843,14.0,12.94908,0.2861745
-147.0588,-101.0995,14.0,19.966079999999998,0.43812290000000004
-162.1079,-98.55618,14.0,24.52732,0.2748299
-167.7029,-116.4229,14.0,29.6051,0.5302534999999999
-166.4334,-140.9077,14.0,36.59807,0.5072479
-166.6942,-170.4965,14.0,43.25108,0.2257346
-167.28599999999997,-204.8972,14.0,49.52693,0.45456769999999996
-163.505,-241.9939,14.0,45.55526,-1.520787
-144.6919,-254.67700000000002,14.0,17.90655,-2.319395
-141.695,-250.9351,14.0,3.87307,-0.16004849999999998
-140.1603,-248.7288,14.0,6.345739,0.3491132
-133.0854,-249.2693,14.0,14.023029999999999,0.39157309999999995
-123.6466,-251.3028,14.0,11.40901,-0.3548862
-121.2023,-244.0143,14.0,14.79451,0.9279450999999999
-124.758,-230.4828,14.0,22.913510000000002,0.5739024
-127.068,-210.8752,14.0,30.35973,0.2643909
-126.0303,-186.3351,14.0,33.23121,-0.770393
-108.7707,-181.2679,14.0,22.151999999999997,-0.01671398
-105.9325,-201.6507,14.0,37.7515,1.503177
-106.9127,-236.9596,14.0,56.94115,0.8519278
-87.66311999999999,-269.5658,14.0,45.30165,-1.172654
-56.003319999999995,-265.375,14.0,44.55607,-0.2482055
-48.90818,-235.1317,14.0,45.31338,0.2257136
-42.71757,-201.253,14.0,49.330040000000004,0.37071950000000004
-18.11103,-171.977,14.0,54.54861999999999,0.42898279999999994
8.066730999999999,-140.7824,14.0,50.58914,-2.88541
3.8057550000000004,-116.6926,14.0,27.1315,-0.4080433
-5.389059,-98.5316,14.0,31.16899,0.4764236
-4.7392959999999995,-73.02450999999999,14.0,37.97234,0.5049001000000001
-2.6727540000000003,-42.45325,14.0,44.5603,0.48575959999999996
-2.34082,-7.149764,14.0,50.71615,0.2147351
-7.798717999999999,30.161640000000002,14.0,46.10347,-1.1970040000000002
-35.67892,42.425940000000004,14.0,43.97118,0.1998977
-70.55717,40.30993,14.0,50.0985,0.4342327
-109.7917,41.04868,14.0,55.57366,-0.0951135
-141.4873,33.63993,14.0,33.80032,-1.831705
-144.7213,21.91026,14.0,1.8853400000000002,-0.43823690000000004
-142.3094,24.09945,14.0,4.985888,-0.03269448
-141.487,25.15306,14.0,3.932004,0.33477979999999996
-145.4929,21.62271,14.0,9.734217999999998,-0.1609428
-149.5968,22.06344,14.0,0.43760709999999997,-0.28977270000000005
-146.9179,20.36299,14.0,8.901824000000001,0.6520239999999999
-141.6965,12.25412,14.0,17.428639999999998,0.58231
-140.9063,-3.581144,14.0,25.478820000000002,0.2946919
-143.295,-25.29177,14.0,33.1985,0.5296723000000001
-141.9201,-37.358509999999995,1.0,8.839,0.33954429999999997
-144.1753,-46.91333,1.0,17.71134,0.5825241999999999
-156.5792,-57.065619999999996,1.0,25.90681,0.2801784
-160.6897,-73.94049,1.0,25.74774,-0.27826209999999996
-145.1631,-71.21298,1.0,26.13129,0.19522160000000002
-135.8768,-68.27814000000001,1.0,0.1080403,-0.25829650000000004
-135.8565,-68.2798,1.0,0.02591584,0.0001127307
-135.838,-68.28241,1.0,0.02473054,-0.005530498000000001
-135.8321,-68.3089,1.0,0.8555232,0.8105385
-135.9927,-71.10686,1.0,4.622033999999999,-0.01445254
-135.6736,-74.29181,1.0,3.9304589999999995,-0.07889332
-136.8424,-76.4825,1.0,1.415885,-1.2814299999999998
-134.675,-75.32439000000001,1.0,7.864589,0.3346375
-125.7055,-76.04678,1.0,16.576970000000003,0.5869593000000001
-115.9755,-86.70737,1.0,23.88274,0.27524679999999996
-110.1195,-106.2129,1.0,30.971,0.4104233
-120.2455,-128.2461,1.0,35.934259999999995,0.23828429999999998
-143.0696,-129.785,1.0,26.543709999999997,-1.068597
-142.6081,-115.537,1.0,23.31383,0.5303973000000001
-138.4575,-108.7106,1.0,0.02690385,0.0312785
-138.4583,-108.7282,1.0,0.02317803,-0.0061232280000000005
-138.5169,-108.7176,1.0,1.219147,0.4181062
-142.8977,-108.4052,1.0,8.238628,-0.08393683
-145.7088,-110.8083,1.0,0.9694621999999999,0.7235282
-144.4122,-106.9813,1.0,9.860467,0.3119844
-148.6992,-98.10956999999999,1.0,17.70843,0.5122793999999999
-160.7229,-97.04138,1.0,15.01477,-0.3169264
-166.5061,-107.6233,1.0,23.62983,1.1744569999999999
-169.7415,-129.458,1.0,35.685109999999995,0.33542459999999996
-163.49,-156.9309,1.0,39.12554,-0.8217187
-166.2808,-182.2744,1.0,31.02678,-0.46036720000000003
-167.6263,-207.6144,1.0,40.974540000000005,-0.1924884
-166.0339,-235.7616,1.0,34.305609999999994,-0.6171728
-152.892,-250.704,1.0,25.46902,0.1633701
-132.1794,-247.5779,1.0,31.661459999999998,1.231801
-122.7632,-231.7051,1.0,22.9031,-0.17321170000000002
-130.6998,-216.9402,1.0,21.99715,0.23346479999999997
-122.8552,-203.5036,1.0,18.48585,-0.3898284
-124.9341,-190.696,1.0,16.04489,-0.40332890000000005
-116.7743,-183.9139,1.0,19.50163,0.11756889999999999
-110.6735,-193.7317,1.0,15.180220000000002,-0.2483736
-110.0484,-204.299,1.0,15.38039,1.423017
-108.9523,-218.827,1.0,23.63024,0.5495244
-106.7612,-238.9964,1.0,31.080790000000004,0.2484611
-97.34387,-262.1618,1.0,36.85787,0.1464868
-71.67928,-270.9395,1.0,39.40555,0.07174979
-52.5836,-250.785,1.0,39.71518,0.08303905
-49.25758,-219.8337,1.0,44.62531,0.35232979999999997
-31.644170000000003,-189.8116,1.0,49.88422,0.39875679999999997
-6.112493,-160.1803,1.0,55.5928,0.18796770000000002
12.04659,-123.1756,1.0,50.05748,-2.6909
10.36477,-104.6595,1.0,3.644108,-1.8204900000000002
9.755868,-104.2416,1.0,0.2389786,-0.06788711
10.96769,-105.0387,1.0,5.171193,0.42485870000000003
15.891539999999999,-107.3005,1.0,8.410031,-0.06210664
18.46246,-106.9398,1.0,1.3272760000000001,0.7272478
14.445520000000002,-108.2971,1.0,10.02726,0.6016847
5.116593,-112.1028,1.0,16.287670000000002,0.1100507
-0.02273312,-101.3336,1.0,21.32199,0.2636759
-0.6720303000000001,-83.40033000000001,1.0,27.99148,0.5255898
-5.250186,-60.69586999999999,1.0,34.7259,0.4957823
-6.140154,-32.53693,1.0,41.31732,0.47058999999999995
-6.322732,0.38334509999999994,1.0,47.46709,0.21092529999999998
-9.746321,34.827529999999996,1.0,39.93501,-1.704957
-22.5262,43.93346,1.0,13.18963,0.2322098
-32.953,37.79526,1.0,20.25975,0.5232508
-50.53545,39.71668,1.0,27.506190000000004,0.5066664000000001
-73.49724,39.52003,1.0,34.50387,0.49717749999999994
-101.5295,39.919140000000006,1.0,41.079879999999996,0.23315010000000003
-133.0837,39.83885,1.0,38.095929999999996,-1.346824
-144.1176,26.19044,1.0,14.4605,-1.740676
-137.7526,24.34871,1.0,3.3346989999999996,-40.342
-137.7518,24.23702,1.0,0.0553111,-0.02461575
-137.811,24.22467,1.0,1.23787,0.577363
-141.8415,24.53591,1.0,8.731941,0.1725732
-149.1439,24.75094,1.0,7.727019,-0.7815632
-151.0784,25.3707,1.0,1.861764,0.6146756
-147.903,22.39941,1.0,10.082230000000001,0.5698119
-148.9274,12.73274,1.0,17.24266,0.532864
-150.9659,-1.455541,1.0,23.17812,0.243752
-146.7593,-20.63439,1.0,29.79324,0.22632170000000001
-148.5582,-44.28836,2.0,33.31953,-0.4336782
-166.3099,-59.582159999999995,2.0,30.366540000000004,-0.7282468000000001
-159.2879,-72.95509,2.0,15.2676,-0.8135315
-155.7284,-68.52654,2.0,0.06095234,0.14572320000000002
-155.6889,-68.52792,2.0,0.04118748,-0.001459438
-155.9123,-69.30682,2.0,4.079528,0.4557517
-156.3978,-72.98615,2.0,4.917253,-0.023094
-156.9611,-75.11446,2.0,1.235784,0.2344027
-153.2558,-72.86391,2.0,10.634730000000001,0.6408464
-143.6023,-77.04134,2.0,18.96645,0.594145
-130.2829,-82.70700000000001,2.0,18.38834,-0.2658989
-118.4076,-88.99237,2.0,23.41046,1.443597
-110.7025,-108.5567,2.0,30.943859999999997,-0.07705042
-123.4867,-127.8479,2.0,32.86102,-0.02496816
-143.5724,-126.8219,2.0,22.28505,-0.5349763000000001
-140.2409,-113.0975,2.0,23.7486,-0.2521651
-145.2689,-101.8409,2.0,19.74213,0.4106833
-159.4348,-104.9936,2.0,18.26705,-0.442903
-161.2898,-117.1568,2.0,16.89141,0.1473191
-164.727,-131.0658,2.0,23.347479999999997,0.587119
-165.3013,-151.2655,2.0,31.210559999999997,0.563353
-165.4857,-177.25,2.0,38.66522,0.5454089
-165.9227,-208.4906,2.0,45.65356,0.5030823
-163.371,-242.0057,2.0,32.42637,-2.997377
-149.7847,-251.8562,2.0,25.23187,0.28463790000000005
-129.2153,-248.7072,2.0,29.81682,-0.22165
-127.9667,-230.75,2.0,27.5523,0.49935219999999997
-125.8786,-206.9672,2.0,35.97513,0.2675937
-123.6617,-185.4268,2.0,13.78997,-1.129246
-114.9465,-185.0389,2.0,15.53929,0.2163888
-110.4795,-197.8986,2.0,23.07915,0.5876335
-108.7291,-217.8771,2.0,30.995390000000004,0.2674821
-104.7386,-243.3301,2.0,38.35706,0.23313530000000002
-88.76559,-268.1206,2.0,41.9119,-0.2617218
-60.46771,-264.2422,2.0,41.631809999999994,0.2559715
-48.97998,-236.8283,2.0,43.29031,0.24717550000000002
-44.72293,-203.2903,2.0,48.27028,0.08869065
-20.79564,-174.6802,2.0,53.57134,0.4722481
5.053623,-142.7494,2.0,51.180890000000005,-2.196669
5.974122,-123.0118,2.0,18.40651,0.9706138000000001
-4.57667,-110.412,2.0,26.023979999999998,0.4629038
-6.7768,-88.6944,2.0,33.36851,0.5404909000000001
-6.762453999999999,-61.26477,2.0,40.64478,0.2652627
-6.955430000000001,-28.542890000000003,2.0,47.511759999999995,0.22673339999999997
-7.348124,9.059614999999999,2.0,53.956880000000005,0.44586220000000004
-15.65519,42.06118,2.0,32.99746,-2.7944880000000003
-26.0381,45.75745,2.0,1.083115,-0.151566
-26.18988,41.844390000000004,2.0,9.900499,0.5943634
-35.61464,41.03078,2.0,18.004620000000003,0.5907786
-50.60153,46.68489,2.0,25.389470000000003,0.4803052
-71.91731,43.27491,2.0,32.98307,0.26443449999999996
-99.09853000000001,41.467220000000005,2.0,40.30744,0.5225651
-131.3305,39.09302,2.0,46.497820000000004,-0.0278724
-150.5031,23.25691,2.0,21.0048,-1.267569
-148.8407,19.241770000000002,2.0,4.831084,0.33716979999999996
-143.6155,16.19088,2.0,13.29527,0.5906627
-147.1662,4.430293,2.0,21.26204,0.6111495
-149.3312,-12.11513,2.0,27.020570000000003,0.5853756999999999
-141.91299999999998,-33.57763,3.0,7.609203999999999,1.045009
-143.7868,-41.64648,3.0,11.47925,-0.02676255
-149.7796,-49.96232,3.0,18.170820000000003,-0.31386970000000003
-160.8797,-54.118680000000005,3.0,14.46355,-0.2566586
-166.5898,-60.48359,3.0,10.64087,-0.1609576
-163.8446,-67.74746999999999,3.0,13.56575,0.3156
-152.356,-72.34361,3.0,21.27182,0.5909466999999999
-134.0348,-74.06658,3.0,28.82968,0.5335183000000001
-116.307,-84.55619,3.0,25.29475,-0.37108459999999993
-108.0339,-100.4599,3.0,29.026740000000004,1.30843
-111.0825,-120.0834,3.0,24.28858,-0.42175219999999997
-122.2073,-131.3279,3.0,20.72168,1.3583180000000001
-138.6841,-131.5514,3.0,21.88464,0.006669533
-145.6501,-112.715,3.0,30.709020000000002,-0.7769134
-158.5851,-103.4734,3.0,16.26044,0.9027997999999999
-166.5839,-114.3744,3.0,23.147129999999997,0.6026073000000001
-169.0128,-134.3243,3.0,31.08912,0.5620303000000001
-168.9503,-159.9919,3.0,38.276540000000004,0.2525944
-167.14,-190.842,3.0,45.175779999999996,0.4795382
-163.9467,-226.4344,3.0,49.68979,-0.0849883
-155.6037,-256.4212,3.0,34.47569,-1.397009
-136.7005,-254.2415,3.0,27.69036,0.550133
-124.9324,-234.9695,3.0,33.327259999999995,0.19429649999999998
-128.4727,-208.8402,3.0,36.1797,-0.4992594
-124.4522,-184.4217,3.0,29.47673,-0.9785974000000001
-109.8618,-181.2425,3.0,20.9555,-0.3063337
-109.9531,-197.8657,3.0,26.120929999999998,0.39649509999999993
-104.6467,-218.9668,3.0,31.56601,0.06218782
-106.059,-240.47,3.0,27.64415,0.04227174
-101.0876,-264.027,3.0,36.637170000000005,0.1544575
-76.54117,-270.2331,3.0,38.0665,0.24715990000000002
-59.93124,-268.4162,3.0,12.29647,-0.9674440999999999
-56.16744,-266.6573,3.0,0.2800196,0.680934
-57.17645,-267.3746,3.0,0.6091629,-0.2248313
-56.017540000000004,-266.2957,3.0,5.39475,0.3859925
-52.47845,-262.6082,3.0,7.90905,0.04345863
-48.2317,-263.6156,3.0,1.892318,-0.7844604000000001
-49.24923,-261.6802,3.0,7.433514,0.6059904
-49.619240000000005,-253.3049,3.0,15.61232,0.5686893
-46.01525,-239.2724,3.0,23.383979999999998,0.5426244
-43.38304,-219.4184,3.0,30.67067,0.5079140000000001
-39.89909,-194.3633,3.0,37.05064,0.17795350000000001
-21.81681,-172.3355,3.0,41.82372,0.5279159999999999
-3.4836419999999997,-155.2065,3.0,23.91375,-0.4004577
8.599257000000001,-144.9918,3.0,18.91121,-0.1903348
11.66435,-133.5282,3.0,14.34053,-0.14672720000000003
6.5805169999999995,-122.3789,3.0,20.41561,0.5646149
-3.379405,-107.7237,3.0,27.61911,0.2547322
-9.765628,-85.53111,3.0,34.44722,0.45335020000000004
-9.606053999999999,-57.69373,3.0,40.85641,0.45343500000000003
-4.848548,-25.335060000000002,3.0,46.399229999999996,-0.6632361999999999
-3.6029709999999997,4.353664,3.0,27.610979999999998,-1.916033
-4.746313,14.396070000000002,3.0,3.6424230000000004,-0.05350864
-5.687404,19.41969,3.0,11.42315,0.32312929999999995
-9.197296000000001,30.394679999999997,3.0,19.59507,0.5309749
-21.82289,41.46239,3.0,26.682959999999998,0.5303174
-43.40818,44.778290000000005,3.0,33.236129999999996,0.5102893000000001
-70.58237,44.509609999999995,3.0,40.04057,0.23020810000000003
-102.5942,42.4515,3.0,46.52002,0.4810407
-135.2246,38.04787,3.0,39.12652,0.225719
-150.2234,18.92734,3.0,32.3725,-0.2542224
-143.9324,-5.037504,3.0,36.001740000000005,0.2465444
-144.2318,-33.97165,4.0,42.02515,0.08984414
-153.4594,-53.78775,4.0,19.13435,-0.4554149
-166.8084,-57.10905,4.0,19.108629999999998,-0.04170629
-162.1534,-69.79191999999999,4.0,23.48099,0.23506020000000002
-142.9872,-72.55745999999999,4.0,29.91726,0.4597858
-120.8263,-81.85477,4.0,35.70628,0.3732006
-108.243,-106.2407,4.0,38.791109999999996,-0.23678379999999996
-121.7781,-129.778,4.0,37.14935,-0.2346373
-143.7778,-125.8296,4.0,30.386120000000002,-0.401927
-145.447,-103.9363,4.0,29.75126,-0.7249924
-157.7714,-99.81084,4.0,18.36232,0.4716425
-166.7329,-113.2396,4.0,25.99314,0.5112703
-169.9635,-135.003,4.0,33.30706,0.5323594
-169.0527,-162.0203,4.0,39.95896,0.49145500000000003
-166.2452,-193.9539,4.0,46.44457,0.4499210999999999
-163.3404,-229.9705,4.0,47.766999999999996,-1.371985
-157.1515,-252.3107,4.0,20.1937,-0.18475999999999998
-143.4861,-258.04900000000004,4.0,23.35675,0.47518950000000004
-129.8218,-248.5011,4.0,27.183120000000002,0.7803066
-125.09299999999999,-226.2042,4.0,33.86097,0.37502820000000003
-128.796,-199.1924,4.0,39.586240000000004,0.02016941
-114.6695,-177.0999,4.0,33.931020000000004,-0.7771568
-99.31799000000001,-187.0183,4.0,23.465729999999997,-0.49604170000000003
-111.6196,-196.1397,4.0,23.94032,-0.09220293
-114.555,-201.553,4.0,0.01564981,-0.01223848
-114.5548,-201.5522,4.0,0.01641518,-0.01237718
-112.4155,-201.7049,4.0,5.618675,0.34547680000000003
-109.7128,-198.6067,4.0,3.0957169999999996,-0.3217874
-109.60600000000001,-199.2646,4.0,4.637613,0.5240247
-108.5189,-205.2363,4.0,11.69117,0.48915509999999995
-106.3492,-216.1925,4.0,18.280739999999998,0.45003640000000006
-105.2219,-231.9527,4.0,24.38899,0.4144129
-105.0896,-252.0616,4.0,29.727420000000002,0.3079803
-91.30055,-270.0106,4.0,32.941340000000004,0.12237930000000001
-66.43027,-269.1846,4.0,36.18537,0.28361090000000005
-49.52252,-249.2632,4.0,37.00832,0.15006270000000002
-48.46352,-220.2236,4.0,41.41349,0.26241479999999995
-37.64278,-189.8883,4.0,45.43687,0.18159879999999998
-13.6231,-165.71900000000002,4.0,45.61835,-0.4327986
4.637176999999999,-148.8814,4.0,22.18814,-0.4590924
12.61762,-137.5943,4.0,15.707510000000001,-0.45965029999999996
7.244583,-123.4734,4.0,24.981370000000002,0.21018009999999998
-4.445595,-106.7127,4.0,30.25276,0.1855089
-10.0655,-82.97984,4.0,35.46824,0.3421358
-9.487335,-54.97085,4.0,40.31149,0.1653753
-3.7680620000000005,-23.818939999999998,4.0,45.03982,0.1579622
-2.8616669999999997,10.76626,4.0,48.62209,0.14366510000000002
-13.10791,35.3709,4.0,28.175790000000003,0.31860700000000003
-33.64731,43.69205,4.0,32.66272,0.16840410000000003
-59.707719999999995,43.24538,4.0,37.81061,0.3728634
-89.60181999999999,42.96293,4.0,42.72735,0.3469561
-121.2636,39.87724,4.0,39.28838,-1.341917
-139.211,36.25049,4.0,14.94399,0.981691
-146.8911,25.855520000000002,4.0,20.81116,0.22813670000000003
-147.3233,8.388378999999999,4.0,26.563959999999998,0.41263009999999994
-142.8953,-12.93193,4.0,32.17915,0.38545029999999997
-143.196,-37.76936,5.0,31.91153,-0.8086321
-156.7239,-52.53748,5.0,27.88144,0.37186729999999996
-168.6028,-65.1098,5.0,18.48635,-1.037468
-157.7767,-69.65236,5.0,16.00874,0.1855101
-142.5513,-72.44282,5.0,24.4222,0.2175137
-123.38600000000001,-78.75763,5.0,29.987270000000002,0.17141789999999998
-108.4851,-96.29701,5.0,33.49238,0.1624536
-112.4505,-120.6245,5.0,32.998000000000005,-0.2681993
-129.8266,-133.1271,5.0,26.64736,-0.3777725
-142.208,-122.8719,5.0,24.603279999999998,0.20007779999999997
-150.7,-104.9442,5.0,29.522840000000002,0.1548546
-165.4383,-103.48899999999999,5.0,15.86367,-0.6048730999999999
-164.7402,-115.7297,5.0,18.978279999999998,0.40419770000000005
-167.4545,-133.1792,5.0,30.18709,1.255506
-168.6222,-162.4089,5.0,45.7066,0.28394109999999995
-164.3448,-198.1046,5.0,51.85542,0.4934255
-164.1318,-228.013,5.0,24.0224,-1.966764
-162.7184,-242.9065,5.0,17.47675,-0.20794899999999997
-157.5727,-253.0111,5.0,16.22619,0.9394333
-143.5427,-260.2101,5.0,25.815579999999997,0.5811010999999999
-128.3599,-246.2906,5.0,34.6949,0.4927804
-126.3267,-217.3331,5.0,41.03702,-0.3632687
-128.5327,-194.7558,5.0,20.5152,-0.24414629999999998
-122.5343,-183.8385,5.0,16.27112,0.7693002
-107.7387,-184.6651,5.0,24.29714,-0.02157846
-102.5059,-202.7088,5.0,30.37991,0.41767790000000005
-104.2796,-228.2039,5.0,37.0182,0.22745010000000002
-104.9405,-254.2704,5.0,31.564420000000002,-0.5734001
-91.44167,-270.2023,5.0,31.1252,0.2752529
-67.36688000000001,-269.8833,5.0,35.06718,0.2375667
-50.98413,-250.5526,5.0,36.95411,0.13448510000000002
-46.955909999999996,-221.4867,5.0,41.80079,0.1640417
-38.82973,-190.0313,5.0,45.896640000000005,0.1796145
-15.546560000000001,-164.5167,5.0,44.98923,-3.9344989999999997
-1.366027,-155.0803,5.0,13.1318,-0.3507835
5.1726529999999995,-150.3594,5.0,8.744110000000001,-0.2892285
9.250587,-146.5326,5.0,8.700371,0.2582274
13.12338,-138.6305,5.0,15.27176,0.4323484
9.457361,-125.8646,5.0,21.21741,0.4175241
-1.137851,-111.4627,5.0,27.009009999999996,0.4019219
-8.591219,-90.77074,5.0,32.40883,0.3867644
-10.403310000000001,-65.03316,5.0,37.40948,0.3391235
-5.27152,-35.962270000000004,5.0,42.276709999999994,0.36227990000000004
-1.3710309999999999,-3.27481,5.0,44.82464,-0.7368393
-5.178623,21.1642,5.0,17.46769,-1.6733939999999998
-8.600717999999999,29.11275,5.0,14.86028,0.46307299999999996
-17.21131,39.07906,5.0,20.91818,0.4002441
-33.67722,44.84409,5.0,26.571270000000002,0.4022098
-55.41774,45.17266,5.0,32.14492,0.2004924
-81.24635,44.26271,5.0,37.44806,0.1799445
-110.7353,41.971579999999996,5.0,41.32659,-1.221518
-134.2591,39.09962,5.0,18.61414,-0.23823779999999997
-145.3839,28.510859999999997,5.0,24.20533,0.38052199999999997
-147.6754,8.927925,5.0,29.41945,0.1831059
-142.6916,-14.34196,5.0,34.73999,0.1799078
-143.4369,-37.97679,6.0,20.79168,-2.426477
-147.7435,-47.66858,6.0,16.996010000000002,0.4993351
-158.9834,-55.053000000000004,6.0,16.46535,-0.2012918
-166.1468,-61.638369999999995,6.0,13.194560000000001,0.7606991999999999
-159.125,-72.06976,6.0,22.97608,-0.02162605
-137.7431,-71.99231999999999,6.0,35.46342,0.3063086
-113.2034,-87.13422,6.0,41.27343,-0.48603359999999995
-113.4855,-111.5171,6.0,23.43306,-2.333097
-117.538,-120.8723,6.0,12.19777,0.43480159999999995
-123.6837,-131.9151,6.0,17.5144,-0.5139121
-136.8929,-132.6023,6.0,21.66816,0.1942058
-144.8973,-117.4369,6.0,27.44275,0.26870109999999997
-149.4379,-104.9941,6.0,7.737500999999999,-0.2683939
-155.1245,-101.3067,6.0,13.11522,0.6586611
-165.1086,-104.3327,6.0,15.78005,0.274453
-167.4419,-119.3424,6.0,27.150059999999996,0.9856509
-168.9528,-144.5269,6.0,40.16462,0.82709
-167.9022,-178.3567,6.0,50.96252,0.36236779999999996
-164.0299,-217.7341,6.0,50.785509999999995,-0.4437295
-161.5903,-250.0098,6.0,35.4174,-1.414917
-144.5347,-258.0589,6.0,22.45095,-0.5084761
-131.2589,-251.6816,6.0,21.954079999999998,0.9227380999999999
-125.1894,-233.8674,6.0,28.2736,0.1920927
-126.8552,-211.0534,6.0,33.60222,0.3939674
-127.3821,-187.1039,6.0,23.012729999999998,-1.29521
-115.6961,-182.425,6.0,20.60356,0.1723377
-104.3414,-193.7954,6.0,25.072689999999998,0.3758428
-102.9163,-214.2491,6.0,30.477159999999998,0.2006969
-105.6372,-238.6948,6.0,35.84775,0.3582051
-100.5698,-265.7074,6.0,38.13641,-0.1583308
-77.11012,-271.3648,6.0,30.34283,-0.5790857
-58.28015,-265.7873,6.0,22.76409,-0.5985194
-49.17388,-250.8727,6.0,28.46065,0.195773
-45.504259999999995,-227.9436,6.0,33.99198,0.4168231
-42.455729999999996,-201.0278,6.0,39.06889,0.14967850000000002
-28.185859999999998,-175.5995,6.0,41.48001,0.1455148
-5.48027,-158.8228,6.0,26.14607,-2.1404259999999997
4.001106,-151.6257,6.0,12.17485,-0.05199715
10.4168,-144.9908,6.0,13.807910000000001,0.1322275
12.40157,-132.596,6.0,21.63606,0.5702163
0.7690818,-116.81700000000001,6.0,33.33871,0.9873478000000001
-8.68728,-89.01649,6.0,46.92155,0.463663
-8.351756,-49.647220000000004,6.0,58.99397,0.3666757
-1.153891,-5.380776999999999,6.0,58.35253,-1.100182
-6.343401999999999,22.92534,6.0,22.24075,-0.45786940000000004
-14.2743,36.919540000000005,6.0,24.44361,0.6572135
-34.399159999999995,44.81791,6.0,35.60437,0.5230989
-66.2905,44.680409999999995,6.0,50.56268,1.020676
-107.8232,42.52599,6.0,51.09388,-2.263896
-127.0891,39.36156,6.0,13.791789999999999,-0.35029440000000006
-137.6909,36.87596,6.0,20.77589,1.065668
-147.4357,23.47914,6.0,25.82235,0.38217870000000004
-146.1436,2.383855,6.0,31.33695,0.38439520000000005
-141.1885,-22.36686,6.0,36.408409999999996,0.1189828
-142.0653,-36.591229999999996,7.0,9.626311,0.5016822
-144.8889,-45.71958,7.0,16.13843,0.22328070000000003
-156.5168,-53.15764,7.0,21.98255,0.43552470000000004
-168.0954,-64.13741,7.0,19.625020000000003,-0.6255371
-163.7193,-74.96478,7.0,16.03011,0.0972793
-151.1405,-76.15746999999999,7.0,19.48252,0.1472646
-136.5364,-73.14923,7.0,21.24071,0.23073000000000002
-120.2991,-78.59018,7.0,27.98293,0.38398920000000003
-108.4315,-97.04651,7.0,32.069720000000004,0.2457052
-114.1135,-120.7272,7.0,35.24348,0.1883398
-137.4827,-131.6683,7.0,34.075509999999994,-1.352855
-147.0387,-120.6109,7.0,13.603589999999999,-0.5279274
-142.9334,-113.3829,7.0,14.782779999999999,0.5106317
-149.2269,-103.1145,7.0,16.50228,0.06544998
-162.0751,-103.7999,7.0,21.1203,0.2233996
-166.2782,-117.6789,7.0,20.08638,0.28072140000000007
-166.6082,-135.202,7.0,28.5104,0.5362625
-169.4225,-161.546,7.0,42.69979,0.9813607
-169.9847,-197.76,7.0,54.69517,0.8298553
-167.6117,-235.8045,7.0,43.772090000000006,-2.234956
-153.481,-253.6925,7.0,25.97864,-0.6742882
-136.64700000000002,-253.0425,7.0,22.28802,0.16301329999999997
-125.9305,-240.55200000000002,7.0,27.13979,1.175033
-126.0461,-217.4302,7.0,34.03503,0.3857884
-125.7688,-190.3537,7.0,37.208259999999996,-2.1102830000000004
-116.0556,-179.8637,7.0,13.574879999999999,0.0003746166
-109.7654,-190.5111,7.0,21.191760000000002,0.2204275
-108.8612,-208.4431,7.0,27.165,0.2136121
-108.5581,-230.6705,7.0,32.793890000000005,0.4138428
-103.5624,-255.9149,7.0,37.03181,0.21576489999999998
-81.5439,-272.3978,7.0,39.28013,0.02681851
-55.6151,-262.8253,7.0,39.32817,0.0006494286000000001
-49.34101,-234.2886,7.0,42.06835,0.3607508
-42.84641,-202.6708,7.0,45.17863,0.09298255
-20.01727,-176.4349,7.0,49.22753,0.314
3.8296580000000002,-147.5089,7.0,45.68052,-2.202929
8.08905,-125.3538,7.0,22.87294,-0.2419149
-3.507796,-108.3704,7.0,31.64878,0.5348436
-4.697528,-80.54914000000001,7.0,46.46537,1.305276
-0.6226875,-40.06256,7.0,62.96979,0.5170562
-2.204031,8.781228,7.0,61.82682,-0.4905476
-13.294260000000001,40.03253,7.0,31.93735,-1.239544
-36.558170000000004,40.81047,7.0,38.06343,0.5213380999999999
-66.66199,40.422540000000005,7.0,43.03123,0.3428393
-100.2498,40.871809999999996,7.0,47.641020000000005,0.15177449999999998
-136.0385,38.86398,7.0,43.25293,-3.218587
-147.1854,21.02682,7.0,29.087529999999997,0.38062579999999996
-145.2267,-2.503031,7.0,34.510909999999996,0.40042
-145.7378,-29.96635,7.0,39.61773,0.17677520000000002
-157.5681,-54.71764,8.0,35.23676,-0.2560307
-168.354,-68.41637,8.0,21.78256,0.3642165
-154.4815,-78.99552,8.0,27.994259999999997,0.13956210000000002
-132.0058,-77.5748,8.0,32.44222,0.04564073
-113.6037,-93.38914,8.0,35.25667,0.07886364
-114.1294,-119.3935,8.0,37.07042,0.03788206
-137.1268,-132.0191,8.0,32.910790000000006,-1.532157
-146.5629,-127.3489,8.0,2.3778099999999998,0.03401534
-143.1758,-124.3007,8.0,10.02017,0.47918549999999993
-142.5154,-114.846,8.0,16.39732,0.440204
-151.5473,-104.0688,8.0,22.05571,0.1753441
-166.3709,-107.742,8.0,23.86594,0.07614888
-166.7657,-126.7533,8.0,28.73785,0.4050645
-168.9732,-149.8425,8.0,33.99386,0.1890561
-170.9075,-176.7101,8.0,38.883829999999996,0.3748744
-169.0689,-207.3918,8.0,43.73352,0.16975929999999997
-166.417,-241.0753,8.0,45.65345,-0.7912358
-144.8399,-256.7058,8.0,32.53089,-0.5473929
-129.0804,-243.3943,8.0,30.19043,1.0444799999999999
-127.2943,-219.5092,8.0,35.15664,0.389356
-126.1413,-191.7805,8.0,38.18227,-0.3672322
-114.259,-179.6999,8.0,15.43136,-0.27126540000000005
-107.5354,-189.8432,8.0,20.3818,0.440183
-106.6948,-207.1515,8.0,26.37402,0.22248040000000002
-105.9642,-228.8962,8.0,32.06842,0.392102
-102.7083,-254.1441,8.0,36.69475,0.1053299
-82.60559,-272.1389,8.0,38.57182,0.01430242
-56.61435,-263.8044,8.0,39.362190000000005,0.12955029999999998
-47.27731,-236.3156,8.0,41.85646,0.36159209999999997
-43.32829,-203.9694,8.0,45.66621,-0.0050339040000000005
-21.413510000000002,-178.1616,8.0,47.990359999999995,0.14300090000000001
2.325943,-149.8966,8.0,49.60796,-0.4788322
6.708935,-121.7128,8.0,33.40784,-0.3899902
-7.018775,-98.1743,8.0,39.04635,-0.1471801
-2.6789560000000003,-68.45078000000001,8.0,42.92423,0.3368839
-1.2729840000000001,-34.92588,8.0,47.48141,0.33305799999999997
-1.8669950000000002,1.8518189999999999,8.0,51.81337,0.1488724
-10.4633,36.505390000000006,8.0,38.37616,-1.8402029999999998
-25.93652,42.073170000000005,8.0,7.4027460000000005,-1.904475
-27.682159999999996,37.784890000000004,8.0,9.497044,0.47778370000000003
-35.98579,39.89863,8.0,15.80308,0.48100940000000003
-45.96615,48.46751,8.0,13.02717,-0.9061752000000001
-48.02402,48.586729999999996,8.0,0.02464123,-0.002461586
-48.2523,47.79221,8.0,3.669402,0.2272913
-47.96444,44.30911,8.0,5.119821,-0.07102846
-47.5798,43.62816,8.0,4.104935,0.658891
-53.37566999999999,46.30449,8.0,13.12009,0.3166216
-66.18571,45.157379999999996,8.0,21.62361,0.6124574
-85.09085,42.79479,8.0,29.61422,0.2916219
-109.6997,43.099540000000005,8.0,36.96287,0.5551752
-137.5056,38.976929999999996,8.0,38.96604,-0.2265116
-143.9739,11.70735,8.0,42.69547,0.6520564999999999
-146.8584,-22.64085,8.0,48.12777,-0.36623590000000006
-142.0683,-34.79733,9.0,2.62135,-0.05661827
-143.1842,-39.36866,9.0,12.04849,0.3306223
-147.9438,-48.17995,9.0,12.64838,-0.10508050000000001
-155.6211,-52.662659999999995,9.0,14.54962,0.5585289000000001
-164.6677,-56.43455,9.0,11.69989,-0.2279813
-166.7202,-63.94436999999999,9.0,13.331339999999999,0.5274652
-157.2117,-73.13731,9.0,19.65894,-0.199494
-144.2259,-72.88995,9.0,15.80386,-0.23280820000000002
-131.4747,-74.30624,9.0,23.87854,1.212328
-115.3914,-83.85605,9.0,25.96584,0.0593919
-107.4044,-101.1636,9.0,25.20525,-0.2063641
-108.6003,-114.4554,9.0,12.1506,-0.09172471
-111.8581,-122.9791,9.0,16.87284,0.6466345
-122.4126,-133.6601,9.0,19.86654,-0.34537209999999996
-135.1777,-133.9316,9.0,15.78535,-0.09116278
-143.9462,-124.6246,9.0,22.63096,0.2848465
-150.016,-106.1301,9.0,24.67551,-1.805714
-159.8866,-99.49892,9.0,13.67327,-0.3558658
-166.08900000000003,-107.4752,9.0,19.62688,0.5937844
-168.3652,-127.4879,9.0,34.26895,0.4726312
-169.0748,-157.2668,9.0,44.18436,0.3400031
-166.2309,-191.328,9.0,47.75199,0.08408315
-163.3555,-224.2698,9.0,40.21144,-0.9560951999999999
-160.6758,-247.8031,9.0,26.121979999999997,-0.5423842
-148.4403,-259.2726,9.0,20.52535,-0.34434790000000004
-135.4845,-257.3291,9.0,20.51877,0.9075546
-125.8618,-239.4302,9.0,34.37417,0.30300140000000003
-126.8435,-212.5696,9.0,34.61622,-0.2469556
-128.7138,-194.3648,9.0,15.744489999999999,-0.11989870000000001
-125.6599,-184.4291,9.0,13.12541,0.4816156
-113.7142,-182.141,9.0,19.1057,-0.32307959999999997
-104.2043,-189.5835,9.0,14.8712,-0.2427447
-102.5001,-204.2052,9.0,27.41385,0.4814045
-104.7085,-228.5213,9.0,37.09174,0.1266212
-104.5698,-255.6614,9.0,35.481640000000006,-0.28839790000000004
-87.86175,-272.4815,9.0,32.5831,-0.04139195
-64.41511,-269.0961,9.0,32.21889,-0.1053738
-50.38608,-250.229,9.0,34.29253,0.05426282
-45.99702,-224.3161,9.0,36.61192,0.07482823
-41.35152,-197.8941,9.0,34.75999,-0.3379553
-30.516059999999996,-177.0457,9.0,29.0877,-0.43179399999999996
-15.483039999999999,-164.8239,9.0,23.69329,-0.3484099
-1.9748700000000001,-155.8958,9.0,20.065939999999998,-0.2682823
8.854147,-147.3627,9.0,19.057029999999997,0.40020409999999995
11.96377,-131.8559,9.0,24.87226,0.2140556
0.06449205,-115.4831,9.0,29.318890000000003,0.13365429999999998
-8.731262,-95.52556,9.0,29.98687,0.06274314
-11.29595,-72.9545,9.0,32.38534,0.31277140000000003
-8.501766,-47.82071,9.0,35.20771,0.1240646
-3.790951,-21.72296,9.0,36.35025,0.03025855
-2.1007830000000003,4.581027,9.0,31.88445,-0.6877171
-5.953349,23.465670000000003,9.0,21.43382,-0.6224357
-13.548129999999999,36.38153,9.0,24.38307,0.5401845999999999
-32.135690000000004,44.94231,9.0,31.382959999999997,0.2308447
-57.89646,43.95704,9.0,38.4788,0.5273142
-89.12862,44.13362,9.0,45.3846,0.22296420000000003
-123.9012,40.77067,9.0,44.43574,-1.4069770000000001
-146.2875,28.48252,9.0,34.55652,-0.07213352
-142.9639,2.386409,9.0,39.0934,0.4759563
-142.7588,-27.329559999999997,9.0,35.079840000000004,-1.564141
-146.1196,-42.49089,10.0,16.40985,0.35543459999999993
-155.1928,-53.14249,10.0,18.20944,-0.31430779999999997
-165.6977,-58.9327,10.0,14.348870000000002,-0.1688588
-164.928,-68.89699999999999,10.0,17.74997,0.5743168000000001
-152.8786,-73.06328,10.0,18.23104,0.09873682
-139.4506,-72.80787,10.0,17.25003,-0.08328446
-123.99600000000001,-77.50634000000001,10.0,26.745379999999997,0.5341637
-109.0591,-93.38247,10.0,33.05701,0.38045490000000004
-109.9184,-118.9808,10.0,34.25643,-1.174852
-123.3383,-132.3536,10.0,22.19745,-0.3640575
-137.53,-132.1854,10.0,17.30639,-0.3306284
-145.0941,-120.2262,10.0,23.86949,0.2975182
-149.9646,-105.1065,10.0,9.157778,-1.472078
-153.5009,-101.9024,10.0,10.495560000000001,0.5750215
-163.2449,-102.2965,10.0,17.24607,0.21739560000000002
-167.7016,-116.2995,10.0,23.84338,0.268663
-168.7923,-136.5871,10.0,30.818820000000002,0.2425839
-168.5208,-161.7593,10.0,35.77225,0.2237174
-167.2271,-189.8607,10.0,39.559090000000005,0.15635090000000001
-164.544,-218.1075,10.0,34.81043,-0.5539625
-163.1498,-241.205,10.0,27.762829999999997,-0.5027839
-154.1766,-256.2129,10.0,20.937070000000002,-0.4331851
-138.3167,-258.8278,10.0,23.879179999999998,-0.02055172
-127.7151,-244.5947,10.0,26.363559999999996,0.161174
-124.9229,-224.2889,10.0,29.480620000000002,0.10652910000000002
-127.5061,-202.7632,10.0,24.68714,-1.741569
-127.8063,-189.524,10.0,14.913470000000002,-0.1722714
-122.2261,-182.4115,10.0,13.3521,0.2256531
-110.2919,-183.4036,10.0,18.40174,0.0356214
-103.1095,-194.0082,10.0,19.057370000000002,0.1777342
-103.59899999999999,-209.0974,10.0,21.573829999999997,0.08692535
-104.7147,-225.1855,10.0,22.00245,0.4731715
-106.0917,-244.3864,10.0,29.31898,0.473076
-100.75299999999999,-265.2408,10.0,29.00286,0.010961700000000001
-78.90459,-272.4272,10.0,36.33596,0.5040667000000001
-54.279340000000005,-260.9396,10.0,37.92873,-0.0963426
-47.80638,-232.2738,10.0,42.74585,0.2401236
-42.33178,-201.2231,10.0,39.48193,-0.6403992
-30.79004,-178.0299,10.0,31.062690000000003,-0.5422707
-15.013639999999999,-164.9658,10.0,24.590329999999998,-0.34924859999999996
-4.870355,-157.8899,10.0,13.18245,0.1935675
6.000397,-149.934,10.0,19.67615,-0.1159662
13.440029999999998,-137.1998,10.0,24.91826,0.9312184000000001
3.3562870000000005,-120.1462,10.0,30.483559999999997,0.2333254
-8.06712,-98.77476999999999,10.0,36.167840000000005,-0.5655201999999999
-10.37825,-74.67674,10.0,32.02003,0.46839620000000004
-8.216869,-48.654309999999995,10.0,38.46529,0.4413503
-3.566298,-18.22438,10.0,44.49625,0.4231066
-3.323752,16.3733,10.0,48.23885,-0.10406810000000001
-21.81054,41.55046,10.0,42.78155,0.09585641
-54.66316,44.48194,10.0,47.43499,0.3956935
-91.78539,43.74092,10.0,52.72701,0.3864552
-128.7395,39.48912,10.0,41.54391,-1.522641
-148.8048,22.17148,10.0,36.830940000000005,-0.1569905
-142.1777,-5.265948000000001,10.0,40.78535,0.3393817
-144.3774,-34.06886,11.0,32.296659999999996,-0.15863110000000002
-158.0415,-55.44987,11.0,36.87413,0.3802653
-169.6969,-74.84486,11.0,24.5801,-0.5967433000000001
-157.9778,-78.47286,11.0,20.89692,0.4647223
-143.6535,-69.42504,11.0,25.952170000000002,0.268577
-124.6979,-78.77625,11.0,31.98633,0.25529120000000005
-110.0531,-96.2808,11.0,32.54851,0.37628670000000003
-113.3133,-120.8232,11.0,32.90849,-1.7433310000000002
-129.4979,-133.0315,11.0,28.364279999999997,0.41101350000000003
-144.7297,-119.5603,11.0,32.059909999999995,0.22255389999999997
-147.9815,-103.1593,11.0,9.774786,-0.22320810000000002
-158.9844,-101.1454,11.0,21.518720000000002,0.6745389
-166.7822,-115.848,11.0,26.710290000000004,0.47166009999999997
-166.3875,-138.0713,11.0,33.32284,0.2206594
-168.3301,-165.0107,11.0,39.441559999999996,0.2037109
-165.4098,-196.3285,11.0,45.4304,0.4124566
-162.9616,-231.1881,11.0,45.57366,-1.278714
-154.1978,-255.9888,11.0,27.88955,0.09373171
-133.8116,-257.1938,11.0,29.346320000000002,0.15427910000000003
-125.7803,-235.8049,11.0,34.2064,0.4519589
-127.191,-208.2448,11.0,38.2821,-0.3849382
-124.1508,-183.4798,11.0,29.709120000000002,-0.6740988
-107.9597,-184.5156,11.0,23.94979,-0.01150876
-107.4086,-203.9721,11.0,29.56202,0.2155226
-106.0707,-228.0251,11.0,35.74739,0.4713
-104.8791,-256.3135,11.0,40.72749,0.26461009999999996
-82.50656,-272.4987,11.0,39.51527,0.28815440000000003
-54.76217,-261.9052,11.0,41.35987,-0.1207572
-46.05423,-231.8855,11.0,45.12857,0.391462
-40.40136,-196.8626,11.0,50.32914,0.11128989999999998
-18.48582,-167.7075,11.0,45.13306,-0.7957163
3.8654559999999996,-152.373,11.0,31.37448,-0.5474682
12.15248,-134.7029,11.0,23.2504,-0.2477805
3.470394,-118.6735,11.0,28.248520000000003,0.24301820000000002
-7.156075,-98.35084,11.0,34.246340000000004,0.2179321
-10.43469,-70.94704,11.0,40.33245,0.4123563
-6.461204,-39.14659,11.0,46.08113,0.4272196
-1.737797,-3.371375,11.0,51.37278,0.35153090000000004
-10.495410000000001,33.4958,11.0,48.71045,-0.2805074
-41.16124,45.17837,11.0,46.94851,0.38669380000000003
-77.97780999999999,42.09604,11.0,52.417640000000006,0.39396359999999997
-118.1599,40.627790000000005,11.0,52.06405,-1.071566
-147.3079,27.29458,11.0,41.491890000000005,-0.18235839999999998
-145.1464,-2.060568,11.0,42.61777,0.1873526
-143.4639,-34.45943,12.0,41.86525,-0.6829491
-157.4258,-52.61043000000001,12.0,27.79785,0.45495109999999994
-168.2225,-66.40590999999999,12.0,23.33721,0.20733520000000003
-152.4758,-71.68087,12.0,26.938109999999998,0.23880189999999998
-130.5599,-73.85956,12.0,33.037659999999995,0.4108436
-110.4266,-90.18075999999999,12.0,37.72094,0.1180297
-109.4449,-116.4929,12.0,31.51768,-1.00106
-124.5644,-130.6712,12.0,26.28469,-0.5018444999999999
-141.0568,-130.7467,12.0,23.33687,0.2585096
-146.7107,-113.3815,12.0,28.531579999999998,0.24722199999999997
-157.9247,-100.4679,12.0,21.00132,-0.2950256
-167.5127,-110.4796,12.0,24.71764,0.9027639999999999
-167.1656,-133.9806,12.0,36.446059999999996,0.42070909999999995
-168.6037,-163.0247,12.0,42.175990000000006,0.43106099999999997
-166.2151,-196.4767,12.0,47.94409,0.19474160000000001
-164.1154,-233.5862,12.0,48.5624,-1.413818
-149.7922,-258.1225,12.0,32.027159999999995,-1.235506
-132.2611,-249.2889,12.0,29.907890000000002,0.1855559
-126.30799999999999,-225.8616,12.0,35.55925,0.2123359
-127.9477,-198.9771,12.0,33.5813,-0.1600322
-118.78299999999999,-179.9624,12.0,28.79025,-0.08556247
-106.7063,-190.7999,12.0,24.89424,0.17571889999999998
-110.4509,-211.0827,12.0,31.1924,0.4973763
-108.8073,-236.6044,12.0,37.64809,0.44944220000000007
-100.0706,-264.6871,12.0,41.3124,-0.30500309999999997
-72.56104,-270.3907,12.0,41.169090000000004,0.36478990000000006
-47.037420000000004,-254.6915,12.0,38.521029999999996,-0.6803654
-52.33928,-230.9144,12.0,31.12635,-0.9588473
-52.9218,-218.0779,12.0,5.954035,-0.7548604999999999
-53.35788,-214.8883,12.0,0.7405265000000001,-0.28361240000000004
-52.023590000000006,-217.2754,12.0,7.98367,0.6267658
-44.49823,-216.9275,12.0,14.776079999999999,0.24443589999999998
-41.85604,-206.6285,12.0,12.81429,-0.2537486
-40.87272,-194.5502,12.0,21.02735,0.2566715
-33.15406,-178.28799999999998,12.0,27.750559999999997,0.23509320000000003
-15.340810000000001,-164.0093,12.0,34.16004,0.4787964
6.607276,-148.329,12.0,37.16257,-0.08812783
10.20542,-126.39399999999999,12.0,28.5704,0.24329970000000004
-4.368671,-104.5886,12.0,43.3084,1.231033
-10.52174,-68.73814,12.0,53.19616,0.3248659
-4.193824,-28.0905,12.0,58.04521999999999,0.3380358
-3.547761,14.28219,12.0,49.24635,-1.782123
-15.32289,37.64986,12.0,35.656209999999994,0.30430759999999996
-40.91967,45.61123,12.0,39.2954,0.42026620000000003
-72.13837,44.5039,12.0,45.13616,0.4112617
-107.538,42.11915,12.0,50.62519,0.1833685
-143.049,35.55154,12.0,46.92327,-0.2950055
-152.4501,15.31528,12.0,14.954020000000002,-0.8646393
-153.0732,12.70159,12.0,4.2678199999999995,0.6133382
-147.8466,10.00216,12.0,12.31424,0.5662115
-146.3772,-1.8203330000000002,12.0,19.95724,0.5302245
-143.3549,-18.987470000000002,12.0,27.06583,0.2514175
-141.9935,-34.35841,13.0,5.72994,0.613324
-143.9372,-41.33886,13.0,13.815620000000001,0.5462991
-152.6387,-50.65184,13.0,21.036270000000002,0.2484446
-166.4934,-61.25799,13.0,24.19223,-0.7386005
-162.3607,-74.34045,13.0,17.52384,0.01127127
-148.4482,-75.01986,13.0,21.97743,-0.07535578
-134.1747,-72.33001,13.0,20.11216,1.279128
-117.7015,-78.76764,13.0,27.316329999999997,0.2103674
-107.0397,-97.84759,13.0,32.80831,0.34767
-113.8798,-121.9855,13.0,36.83319,0.2999441
-138.0958,-132.0223,13.0,31.454759999999997,-1.830429
-145.3532,-122.7368,13.0,6.809748,-0.821475
-139.174,-122.6828,13.0,10.51085,-0.19881429999999997
-140.32299999999998,-122.9272,13.0,7.0398570000000005,1.048578
-145.2901,-127.1317,13.0,8.504991,-0.8058099
-145.5054,-128.8778,13.0,2.732817,0.6596294
-143.5627,-123.8872,13.0,11.73687,0.6161
-139.952,-113.0306,13.0,19.459570000000003,0.5217132000000001
-148.6445,-99.2756,13.0,25.58101,0.11563339999999998
-164.6715,-103.53,13.0,21.88766,-0.11169489999999999
-167.4318,-122.9803,13.0,30.960359999999998,0.515254
-167.4995,-148.4601,13.0,37.84724,0.4859915
-167.9349,-179.0597,13.0,44.3399,0.21753379999999997
-167.9946,-214.1919,13.0,50.46021,0.43470790000000004
-160.7698,-249.5726,13.0,44.873979999999996,-0.47658809999999996
-133.496,-255.047,13.0,32.619820000000004,-1.395483
-128.1717,-234.1295,13.0,34.84944,0.8692608000000001
-127.3675,-204.9398,13.0,41.21935,-0.5342473000000001
-124.7466,-185.107,13.0,15.04621,-0.31403200000000003
-114.5628,-181.7319,13.0,18.40731,1.078069
-105.4269,-194.3475,13.0,25.39011,0.48296990000000006
-106.0616,-215.6203,13.0,32.36975,0.244662
-107.2859,-241.8575,13.0,38.44941,0.3548757
-92.16205,-267.4562,13.0,42.56882,0.08151945
-62.444480000000006,-268.8074,13.0,42.58448,-0.01920889
-49.264790000000005,-241.5253,13.0,44.2434,0.2255099
-45.9757,-208.1747,13.0,40.68443,-0.08043581
-29.38265,-181.1441,13.0,45.9615,0.43477440000000006
-4.085164,-154.966,13.0,51.91312,0.4145927
9.616984,-122.9256,13.0,44.23167,-0.8057059
-6.714064,-102.9429,13.0,29.55023,-1.044974
-7.132149000000001,-81.21606,13.0,33.73167,0.2379264
-5.627434,-53.75878,13.0,40.45978,0.4847299
-4.707054,-21.43919,13.0,46.813340000000004,0.44270299999999996
-4.329707,15.400770000000001,13.0,52.16976,-0.3776595
-20.16959,40.97084,13.0,33.45465,-0.5879255999999999
-34.23322,36.27434,13.0,13.33731,-0.1266917
-35.105979999999995,32.58654,13.0,0.08026722,0.00024553490000000003
-35.154140000000005,32.592929999999996,13.0,0.06501936,-0.00787496
-34.76093,33.670159999999996,13.0,5.157324,0.4934826
-33.431,40.146209999999996,13.0,11.88744,-0.04568159
-32.24457,44.7314,13.0,1.284485,-0.5689165
-33.32724,42.78618,13.0,7.109505,0.5866039000000001
-41.00445,41.807809999999996,13.0,14.71446,0.2656932
-54.08524,45.13109,13.0,21.73401,0.4983143
-72.58315,43.85455,13.0,28.28994,0.22670879999999996
-95.77405,42.09834,13.0,34.375659999999996,0.3290617
-123.1974,41.64793,13.0,39.650090000000006,0.1465372
-145.8595,25.119529999999997,13.0,38.08092,0.0031375170000000003
-146.6584,-4.058516,13.0,42.35176,0.41879160000000004
-145.0707,-37.0696,14.0,45.37753,-0.3273592
-159.7886,-58.49276999999999,14.0,29.270659999999996,-0.48357259999999996
-158.3045,-73.85332,14.0,25.400129999999997,0.1740461
-138.0324,-75.60839,14.0,30.7394,0.2085123
-116.773,-86.1699,14.0,35.04282,0.1504656
-110.1958,-111.3145,14.0,37.7037,0.07110930000000001
-128.9622,-131.2487,14.0,38.3113,-0.9952790000000001
-146.217,-124.009,14.0,18.16236,-2.132421
-146.0177,-119.7898,14.0,1.7987900000000001,0.09696462
-146.9158,-118.7048,14.0,1.776793,-0.05815603
-147.7207,-117.8914,14.0,1.386792,0.09630701
-150.041,-117.2255,14.0,3.944487,-0.002649485
-150.2395,-117.1354,14.0,4.506085,0.6449639
-145.6337,-112.5963,14.0,13.04406,0.5453095
-147.1516,-100.9913,14.0,20.04186,0.4764834
-162.2592,-98.66017,14.0,24.5737,0.28098829999999997
-167.6769,-116.6408,14.0,29.647409999999997,0.2590177
-166.4424,-141.1837,14.0,36.63762,0.2372969
-166.6963,-170.8159,14.0,43.32995,0.46766019999999997
-167.2859,-205.28400000000002,14.0,49.60242,0.4369577
-163.3458,-242.3395,14.0,45.31684,-1.291423
-144.558,-254.6509,14.0,17.51361,-2.3120990000000003
-141.6896,-250.907,14.0,3.846598,-0.1582488
-140.1201,-248.702,14.0,6.427651999999999,0.47846099999999997
-132.9922,-249.315,14.0,14.08654,0.378914
-123.5732,-251.2669,14.0,11.34947,-0.37057890000000004
-121.2268,-243.91099999999997,14.0,14.94656,0.9517879000000001
-124.79299999999999,-230.3166,14.0,22.95929,0.2848668
-127.0824,-210.6503,14.0,30.45097,0.5346375
-125.9235,-186.1228,14.0,33.16811,-0.41078760000000003
-108.6479,-181.3841,14.0,22.16445,0.07080565
-105.9595,-201.92700000000002,14.0,38.00475,1.542646
-106.8667,-237.3789,14.0,56.99689,0.3431532
-87.36305,-269.7154,14.0,45.214459999999995,-0.5360116
-55.75858,-265.144,14.0,44.47598,-0.46114890000000003
-48.94215,-234.7923,14.0,45.39082,0.45190159999999996
-42.53962,-200.9322,14.0,49.39067,0.37017940000000005
-17.814610000000002,-171.704,14.0,54.58011,0.1941786
8.198492,-140.4256,14.0,50.35637,-1.409915
3.661561,-116.5469,14.0,27.06056,-0.4274049
-5.422475,-98.29953,14.0,31.24565,0.45289750000000006
-4.714105,-72.7391,14.0,38.01155,0.2343736
-2.66016,-42.104440000000004,14.0,44.59812,0.21711439999999999
-2.3502509999999996,-6.773915,14.0,50.79214,0.4576727
-7.970811,30.46387,14.0,46.01542,-0.533203
-35.99187,42.38898,14.0,44.04493,0.44749049999999996
-70.92628,40.30773,14.0,50.1324,0.2104032
-110.2013,41.07695,14.0,55.5245,-0.2977987
-141.6484,33.45324,14.0,33.644870000000004,-0.9700634
-144.708,21.90701,14.0,1.7597479999999999,-0.7266549
-142.2845,24.12813,14.0,5.054844999999999,0.4093448
-141.5034,25.12836,14.0,4.038309,0.63303
-145.5616,21.60098,14.0,9.707508,-0.1617115
-149.5993,22.06465,14.0,0.32976690000000003,-0.6421888000000001
-146.866,20.3218,14.0,9.01005,0.652289
-141.6635,12.12912,14.0,17.47715,0.30080229999999997
-140.915,-3.7705330000000004,14.0,25.57667,0.5824590999999999
-143.3332,-25.541420000000002,14.0,33.28835,0.5288845999999999
-141.9237,-37.423159999999996,1.0,8.954175,0.693409
-144.2444,-47.02596,1.0,17.8125,0.6063121
-156.7371,-57.172230000000006,1.0,25.998279999999998,0.5221835
-160.5567,-74.08434,1.0,25.700129999999998,-0.2802398
-145.0258,-71.07741999999999,1.0,26.18892,0.34430340000000004
-135.8766,-68.27816,1.0,0.04577528,-0.36640500000000004
-135.8563,-68.27983,1.0,0.02583825,-0.00045980019999999997
-135.8379,-68.28244000000001,1.0,0.0214661,-0.01933944
-135.834,-68.31522,1.0,0.9753421999999998,0.7330799
-135.988,-71.14066,1.0,4.617529,-0.02674925
-135.6767,-74.32072,1.0,3.917556,-0.07784127
-136.8505,-76.48862,1.0,1.293409,-0.7381198
-134.6176,-75.30611,1.0,7.972724,0.6215480999999999
-125.5885,-76.0844,1.0,16.62291,0.28820490000000004
-115.8936,-86.86995,1.0,23.97804,0.5505401999999999
-110.1188,-106.4424,1.0,31.0025,0.19256629999999997
-120.4534,-128.4183,1.0,35.97218,0.22685500000000003
-143.2175,-129.6556,1.0,26.366259999999997,-1.073309
-142.4761,-115.4345,1.0,23.40425,0.5637951
-138.4575,-108.7108,1.0,0.02525036,-0.0103303
-138.4583,-108.7283,1.0,0.02266893,-0.002875263
-138.5258,-108.7137,1.0,1.3610959999999999,0.8322089
-142.9529,-108.4253,1.0,8.223927999999999,-0.09204661
-145.7048,-110.8021,1.0,1.01232,0.2624015
-144.405,-106.9082,1.0,9.964046000000002,0.6080645
-148.8037,-98.02995,1.0,17.79375,0.5152509
-160.816,-97.09657,1.0,14.988270000000002,-0.166696
-166.5242,-107.7988,1.0,23.72464,0.5813608
-169.8022,-129.7198,1.0,35.80063,0.6800482
-163.4371,-157.2155,1.0,39.05825,-0.4118394
-166.3251,-182.4883,1.0,30.98797,-0.2540859
-167.6056,-207.9285,1.0,40.941140000000004,-0.195649
-166.0019,-236.0052,1.0,34.25311,-0.333783
-152.7115,-250.7372,1.0,25.4971,0.1733568
-131.9452,-247.4922,1.0,31.76694,0.6153057
-122.8455,-231.5588,1.0,22.8783,-0.1511431
-130.64600000000002,-216.7924,1.0,22.00146,0.02700764
-122.8467,-203.3726,1.0,18.453210000000002,-0.2091719
-124.9247,-190.5783,1.0,16.01276,-0.19749470000000002
-116.6301,-183.925,1.0,19.53622,0.2032466
-110.663,-193.8464,1.0,15.13764,-0.2510465
-110.0473,-204.4092,1.0,15.49668,0.7445371999999999
-108.9334,-218.995,1.0,23.67557,0.2891585
-106.7273,-239.2219,1.0,31.1675,0.5172382000000001
-97.15823,-262.3665,1.0,36.909240000000004,0.30115970000000003
-71.38768,-270.8728,1.0,39.41638,0.06276289
-52.53167,-250.5114,1.0,39.72325,0.04787594
-49.151709999999994,-219.5254,1.0,44.68244,0.34654450000000003
-31.410790000000002,-189.5388,1.0,49.91597,0.200996
-5.869586,-159.8573,1.0,55.66191,0.4137181
12.061589999999999,-122.8066,1.0,49.60729,-2.709197
10.35251,-104.6357,1.0,3.517156,-0.7738655
9.754338,-104.2407,1.0,0.2258175,-0.07777984
11.00037,-105.0604,1.0,5.240213,0.41357489999999997
15.95411,-107.3043,1.0,8.405078999999999,-0.03016225
18.452920000000002,-106.9428,1.0,1.4350690000000002,0.6636175999999999
14.377579999999998,-108.3251,1.0,10.07697,0.3085866
4.998184999999999,-112.0953,1.0,16.3199,0.19324170000000002
0.002119289,-101.1739,1.0,21.40999,0.5077291
-0.7385053,-83.21106,1.0,28.08029,0.5526098
-5.266394999999999,-60.438480000000006,1.0,34.80773,0.4895049
-6.15163,-32.23104,1.0,41.35392,0.22285660000000002
-6.323903,0.7285183000000001,1.0,47.540079999999996,0.43886590000000003
-9.879104,35.09913,1.0,39.64012,-1.7309849999999998
-22.60365,43.87042,1.0,13.23531,0.2743036
-33.1005,37.781009999999995,1.0,20.34344,0.5155533
-50.74293,39.73124,1.0,27.59034,0.49511499999999997
-73.75783,39.51997,1.0,34.54325,0.23807550000000002
-101.8341,39.92925,1.0,41.16098,0.4824198
-133.3624,39.770590000000006,1.0,37.874970000000005,-1.280527
-144.0723,26.08954,1.0,14.32065,-0.8320769
-137.7477,24.33127,1.0,2.219114,-7.2054149999999995
-137.7518,24.236629999999998,1.0,0.05447324,-0.005135237
-137.8204,24.22813,1.0,1.395494,0.9185125
-141.9075,24.528029999999998,1.0,8.789636999999999,0.33424509999999996
-149.1989,24.76981,1.0,7.661928,-0.3898624
-151.0652,25.36617,1.0,1.922982,0.37912399999999996
-147.8696,22.33156,1.0,10.12862,0.28209270000000003
-148.9926,12.62278,1.0,17.2859,0.2664472
-150.9181,-1.620774,1.0,23.2609,0.49156320000000003
-146.7315,-20.85908,1.0,29.871140000000004,0.4547377
-148.6871,-44.498540000000006,2.0,33.24562,-0.44968630000000004
-166.3862,-59.793440000000004,2.0,30.30616,-0.3716133
-159.1789,-72.94682,2.0,15.00474,-1.586083
-155.7281,-68.52653000000001,2.0,0.02255223,-0.2324462
-155.6886,-68.52792,2.0,0.04683606,0.03496836
-155.91899999999998,-69.33553,2.0,4.1179440000000005,0.2425844
-156.4027,-73.0222,2.0,4.909882,-0.04378267
-156.9557,-75.10596,2.0,1.366276,0.7606371
-153.1787,-72.8499,2.0,10.74188,0.6479884
-143.4942,-77.14097,2.0,19.06598,0.5737614999999999
-130.1455,-82.72936999999999,2.0,18.344089999999998,-0.2624789
-118.2878,-89.11825,2.0,23.52717,0.7146645
-110.7353,-108.7782,2.0,30.937109999999997,-0.0426643
-123.6972,-127.9701,2.0,32.85699,-0.02390141
-143.6737,-126.6999,2.0,22.10468,-1.106485
-140.1516,-112.9475,2.0,23.70959,-0.23816669999999998
-145.4088,-101.8116,2.0,19.8122,0.4337427
-159.5172,-105.1007,2.0,18.23159,-0.22056729999999997
-161.312,-117.2799,2.0,16.90385,0.07602676
-164.7545,-131.2383,2.0,23.445529999999998,0.5856058000000001
-165.2981,-151.4967,2.0,31.303259999999998,0.5496013000000001
-165.4902,-177.5377,2.0,38.752309999999994,0.5206733
-165.9284,-208.8364,2.0,45.692170000000004,0.2313261
-163.2919,-242.222,2.0,32.17055,-1.624344
-149.5904,-251.8706,2.0,25.326610000000002,0.5399067
-129.0454,-248.5676,2.0,29.74655,-0.4172286
-127.999,-230.5571,2.0,27.59255,0.2581022
-125.8955,-206.6973,2.0,36.06541,0.5259680999999999
-123.5836,-185.3599,2.0,13.419629999999998,-2.146305
-114.8451,-185.1001,2.0,15.61276,0.4255405
-110.4691,-198.0725,2.0,23.12761,0.2908217
-108.7078,-218.1,2.0,31.08933,0.5734118
-104.6676,-243.6104,2.0,38.43869,0.47230150000000004
-88.48782,-268.2721,2.0,41.86724,-0.2636907
-60.21924,-264.0492,2.0,41.64962,0.1082069
-49.007979999999996,-236.5085,2.0,43.374829999999996,0.5039812
-44.5649,-202.9611,2.0,48.30348,0.1925498
-20.5138,-174.3905,2.0,53.64926,0.46576090000000003
5.232704,-142.4188,2.0,50.41457,-4.571729
5.878157,-122.9128,2.0,18.53068,0.7332724
-4.645773,-110.2346,2.0,26.102420000000002,0.48321490000000006
-6.772442,-88.44266,2.0,33.4585,0.5382939999999999
-6.763744,-60.965990000000005,2.0,40.73382,0.5311857
-6.960596000000001,-28.20103,2.0,47.59357,0.49972700000000003
-7.348241000000001,9.448883,2.0,54.03139,0.46139759999999996
-15.827589999999999,42.22544,2.0,32.51423,-3.00257
-26.036479999999997,45.74957,2.0,1.09714,0.08572964
-26.2319,41.784040000000005,2.0,9.949492999999999,0.30155570000000004
-35.73733,41.09179,2.0,18.05355,0.2938294
-50.79139,46.67953,2.0,25.4277,0.2325848
-72.1626,43.24268,2.0,33.074090000000005,0.5361545999999999
-99.39716,41.46302,2.0,40.3479,0.24907089999999998
-131.7021,39.01007,2.0,46.489940000000004,-0.04225514
-150.5204,23.101010000000002,2.0,20.56936,-2.499372
-148.8068,19.25384,2.0,4.942491,0.6609629
-143.5853,16.10077,2.0,13.395570000000001,0.624267
-147.264,4.304183999999999,2.0,21.361320000000003,0.594739
-149.2634,-12.301260000000001,2.0,27.067059999999998,0.28704559999999996
-141.9179,-33.63341,3.0,7.696282000000001,0.5359344
-143.8183,-41.72691,3.0,11.474689999999999,-0.02718036
-149.884,-50.04696,3.0,18.120179999999998,-0.3046979
-160.9824,-54.14876999999999,3.0,14.42026,-0.2611096
-166.5889,-60.56418000000001,3.0,10.61359,-0.1617511
-163.7836,-67.82394000000001,3.0,13.672379999999999,0.6557937
-152.1988,-72.33077,3.0,21.32003,0.2958422
-133.8399,-74.13384,3.0,28.874509999999997,0.2844616
-116.1797,-84.68897,3.0,25.26364,-0.1945067
-108.0091,-100.6714,3.0,29.240759999999998,1.3094139999999999
-111.1595,-120.2497,3.0,24.2552,-0.2029788
-122.3441,-131.399,3.0,20.96228,1.443098
-138.8111,-131.4545,3.0,21.89248,0.0480794
-145.7348,-112.4991,3.0,30.64335,-0.39051490000000005
-158.7025,-103.4892,3.0,16.32206,0.37896620000000003
-166.6139,-114.5422,3.0,23.244,0.5851066
-169.0406,-134.5564,3.0,31.13395,0.27757750000000003
-168.9151,-160.2662,3.0,38.36565,0.5462661999999999
-167.1259,-191.1682,3.0,45.256,0.49449170000000003
-163.945,-226.7932,3.0,49.6636,-0.1591263
-155.4044,-256.5651,3.0,34.23618,-1.490739
-136.5458,-254.1066,3.0,27.733620000000002,0.2690121
-124.9123,-234.727,3.0,33.34259,0.09576236
-128.4655,-208.5639,3.0,36.13985,-0.23614259999999998
-124.3547,-184.2327,3.0,29.305690000000002,-1.0520530000000001
-109.7734,-181.3696,3.0,20.93124,-0.1484125
-109.9256,-198.0505,3.0,26.15447,0.21252390000000002
-104.6358,-219.1993,3.0,31.57287,0.04021794
-106.0742,-240.6767,3.0,27.66068,0.09728783
-100.9216,-264.2502,3.0,36.66037,0.1365198
-76.25787,-270.153,3.0,38.10828,0.2426538
-59.846540000000005,-268.3965,3.0,12.12848,-1.0564280000000001
-56.1692,-266.6586,3.0,0.33227009999999996,0.3220731
-57.180330000000005,-267.3769,3.0,0.6002866,-0.05509649
-55.991369999999996,-266.2641,3.0,5.424148000000001,0.1761623
-52.424009999999996,-262.5829,3.0,7.916276,0.04273433
-48.22363,-263.627,3.0,1.762763,-0.7620648
-49.27268,-261.6286,3.0,7.535894,0.6035655
-49.59248,-253.1897,3.0,15.708960000000001,0.5686873
-45.97979,-239.0994,3.0,23.474829999999997,0.539855
-43.35739,-219.1926,3.0,30.71173,0.2515603
-39.81837,-194.0993,3.0,37.0626,0.07314911
-21.595579999999998,-172.1186,3.0,41.86572,0.2500942
-3.3403709999999998,-155.1007,3.0,23.88198,-0.1924223
8.685016000000001,-144.8802,3.0,18.8504,-0.3572
11.64935,-133.4216,3.0,14.29465,-0.2673295
6.482709,-122.2633,3.0,20.46025,0.27295490000000006
-3.46501,-107.5312,3.0,27.7066,0.49647840000000004
-9.798353,-85.27184,3.0,34.52293,0.44503159999999997
-9.572921000000001,-57.40155,3.0,40.89265,0.2286051
-4.803945,-24.98706,3.0,46.284490000000005,-0.6804493
-3.6165269999999996,4.569941,3.0,27.221359999999997,-2.842661
-4.750792,14.422770000000002,3.0,3.6256269999999997,-0.09935624
-5.704983,19.503239999999998,3.0,11.52636,0.6084446
-9.261538999999999,30.51905,3.0,19.6864,0.5777241999999999
-21.99646,41.54296,3.0,26.726679999999998,0.2770303
-43.646640000000005,44.76651,3.0,33.276790000000005,0.2535519
-70.8784,44.49646,3.0,40.121520000000004,0.48410829999999994
-102.9448,42.42481,3.0,46.5943,0.43942829999999994
-135.5067,37.98108,3.0,39.176140000000004,0.2993038
-150.1778,18.68725,3.0,32.336059999999996,-0.21110259999999997
-143.9643,-5.309239,3.0,36.08273,0.4625103
-144.2079,-34.28883,4.0,42.0333,0.04366780000000001
-153.599,-53.82571,4.0,19.059420000000003,-0.4426022
-166.8997,-57.222030000000004,4.0,19.10099,-0.04451977
-162.0058,-69.88441999999999,4.0,23.559260000000002,0.46223220000000004
-142.7658,-72.56976,4.0,29.990190000000002,0.4452161
-120.6276,-82.02962,4.0,35.76736,0.3726129
-108.2558,-106.5371,4.0,38.70998,-0.45733789999999996
-122.0108,-129.9365,4.0,37.10456,-0.2650073
-143.8864,-125.62700000000001,4.0,30.35458,-0.1916619
-145.5517,-103.7433,4.0,29.512970000000003,-1.4037
-157.8948,-99.86941999999999,4.0,18.53582,1.0325030000000002
-166.7748,-113.4279,4.0,26.08152,0.5511762
-169.9933,-135.2481,4.0,33.39157,0.5101600000000001
-169.0177,-162.3632,4.0,40.036570000000005,0.4017788
-166.2142,-194.2966,4.0,46.47955,0.21635
-163.329,-230.3245,4.0,47.53761,-1.37786
-157.0312,-252.4012,4.0,20.13457,-0.3473693
-143.3201,-258.0729,4.0,23.39536,0.2435966
-129.7567,-248.31599999999997,4.0,27.21425,0.19509010000000002
-125.1037,-225.9431,4.0,33.89071,0.1758021
-128.7847,-198.9098,4.0,39.59494,0.05167283
-114.4247,-177.0454,4.0,33.79908,-0.7973848000000001
-99.32696999999999,-187.1987,4.0,23.42953,-0.21386190000000002
-111.7752,-196.2246,4.0,23.9303,-0.06165276
-114.555,-201.5532,4.0,0.01655896,0.00557168
-114.5548,-201.55200000000002,4.0,0.0165816,0.001049499
-112.3752,-201.6952,4.0,5.6474910000000005,0.1785086
-109.7099,-198.5844,4.0,2.99145,-0.6177328000000001
-109.602,-199.2994,4.0,4.725455,0.5281631999999999
-108.5008,-205.3204,4.0,11.73102,0.24794059999999998
-106.3276,-216.3214,4.0,18.35729,0.479862
-105.2303,-232.1267,4.0,24.423479999999998,0.22169090000000002
-105.0368,-252.2755,4.0,29.77862,0.3144034
-91.08159,-270.1097,4.0,32.95041,0.05669158
-66.17463000000001,-269.082,4.0,36.23062,0.2594334
-49.49288,-248.9942,4.0,37.03559,0.16663789999999998
-48.41,-219.9215,4.0,41.45537,0.2516328
-37.47935,-189.6073,4.0,45.4663,0.18218199999999998
-13.370679999999998,-165.4907,4.0,45.55017,-0.41065730000000006
4.755781,-148.7675,4.0,22.110129999999998,-0.4856835
12.63804,-137.4778,4.0,15.671529999999999,-0.21636020000000003
7.123809,-123.3264,4.0,25.050320000000003,0.401839
-4.528008,-106.50399999999999,4.0,30.31635,0.3814903
-10.090760000000001,-82.72804000000001,4.0,35.49635,0.1827755
-9.444445,-54.67516,4.0,40.369040000000005,0.34052790000000005
-3.7170349999999996,-23.4949,4.0,45.09687,0.34219829999999996
-2.93348,11.11838,4.0,48.631679999999996,0.05835119
-13.25927,35.509609999999995,4.0,28.2285,0.3218437
-33.88081,43.71235,4.0,32.72186,0.35479859999999996
-59.987869999999994,43.241659999999996,4.0,37.84039,0.1828504
-89.93502,42.94488,4.0,42.78411,0.3268554
-121.5471,39.84505,4.0,39.17546,-0.7134136
-139.3043,36.19832,4.0,15.008320000000001,0.4138951
-146.934,25.707279999999997,4.0,20.882939999999998,0.42661499999999997
-147.2948,8.200602,4.0,26.59791,0.2139183
-142.8504,-13.170860000000001,4.0,32.20981,0.18243579999999998
-143.2648,-37.99516,5.0,31.847890000000003,-0.39392849999999996
-156.9085,-52.612719999999996,5.0,27.9121,0.1943459
-168.5676,-65.25683000000001,5.0,18.36851,-0.6256031
-157.6588,-69.6599,5.0,16.08445,0.45952829999999995
-142.3742,-72.4824,5.0,24.49459,0.4256072
-123.1855,-78.86511,5.0,30.045820000000003,0.3402124
-108.4254,-96.52904000000001,5.0,33.52037,0.174208
-112.5602,-120.8491,5.0,32.953379999999996,-0.26217670000000004
-130.0212,-133.1239,5.0,26.532909999999998,-0.6861076
-142.2455,-122.6999,5.0,24.67393,0.43553640000000005
-150.8498,-104.7905,5.0,29.52866,0.03464046
-165.4803,-103.5966,5.0,15.66526,-1.196218
-164.7603,-115.885,5.0,19.11293,0.7189025
-167.4683,-133.3998,5.0,30.39905,1.297521
-168.6081,-162.7655,5.0,45.74839,0.2404058
-164.3315,-198.4886,5.0,51.88599,0.1872174
-164.1222,-228.1834,5.0,23.86359,-1.004902
-162.6946,-243.0293,5.0,17.40604,-0.42951000000000006
-157.4911,-253.0964,5.0,16.384339999999998,0.974134
-143.3499,-260.2042,5.0,25.86279,0.2915006
-128.2711,-246.0486,5.0,34.86591,0.9905243
-126.3663,-217.0323,5.0,40.91741,-0.7264193
-128.511,-194.6021,5.0,20.43479,-0.46798999999999996
-122.4273,-183.7766,5.0,16.39919,0.7367859999999999
-107.5962,-184.7764,5.0,24.304479999999998,0.04369673
-102.5129,-202.9269,5.0,30.52792,0.9136661
-104.3102,-228.4724,5.0,37.0388,0.1286608
-104.8981,-254.5054,5.0,31.46599,-0.5649769
-91.22891,-270.281,5.0,31.171770000000002,0.2824793
-67.13058000000001,-269.7964,5.0,35.085440000000006,0.1139312
-50.91935,-250.2864,5.0,37.00602,0.3363277
-46.91343,-221.1798,5.0,41.85933,0.34705590000000003
-38.67945,-189.7223,5.0,45.92463,0.1678832
-15.28038,-164.3177,5.0,44.32777,-3.964121
-1.283611,-155.0266,5.0,13.07397,-0.3485581
5.2209010000000005,-150.3201,5.0,8.696005,-0.301869
9.293448,-146.4841,5.0,8.785044000000001,0.5019916
13.137820000000001,-138.5151,5.0,15.345310000000001,0.4323976
9.369982,-125.7303,5.0,21.28765,0.41505459999999994
-1.231857,-111.2946,5.0,27.04202,0.21211010000000002
-8.641338000000001,-90.53583,5.0,32.47218,0.386289
-10.38065,-64.76635,5.0,37.43675,0.1730543
-5.213669,-35.6538,5.0,42.30352,0.16509870000000001
-1.361915,-2.94523,5.0,44.563959999999994,-1.561016
-5.221595,21.28546,5.0,16.94102,-3.106921
-8.651836999999999,29.208879999999997,5.0,14.938479999999998,0.47447040000000007
-17.33843,39.15927,5.0,20.95358,0.22515320000000003
-33.865840000000006,44.86418,5.0,26.60387,0.20897539999999998
-55.65996,45.16868,5.0,32.21155,0.3907616
-81.52367,44.25139,5.0,37.51105,0.3749656
-111.0278,41.93905,5.0,41.11289,-1.345909
-134.3889,39.06062,5.0,18.53458,-0.4733929
-145.4548,28.34201,5.0,24.2697,0.38211740000000005
-147.6443,8.711924,5.0,29.481440000000003,0.367238
-142.6541,-14.596729999999999,5.0,34.80177,0.3663559
-143.4773,-38.12786,6.0,20.61477,-1.050432
-147.8122,-47.77386,6.0,17.16386,0.9921351
-159.1029,-55.096959999999996,6.0,16.39837,-0.38277990000000006
-166.1648,-61.73679,6.0,13.320520000000002,0.7472819
-158.9709,-72.12836,6.0,22.94576,-0.18369870000000002
-137.4954,-72.04354000000001,6.0,35.56943,0.6388018
-113.0156,-87.37518,6.0,41.231629999999996,-0.25638629999999996
-113.5753,-111.6561,6.0,23.03428,-2.53415
-117.5659,-120.9569,6.0,12.23259,0.21653200000000003
-123.78200000000001,-131.9913,6.0,17.47146,-0.26871059999999997
-137.0344,-132.5272,6.0,21.7331,0.38726370000000004
-144.9179,-117.2364,6.0,27.53593,0.5607094
-149.4781,-104.9563,6.0,7.691400999999999,-0.2893151
-155.2118,-101.2728,6.0,13.223339999999999,0.6814553000000001
-165.166,-104.4346,6.0,15.80371,0.144056
-167.4494,-119.5391,6.0,27.232229999999998,0.5147291
-168.95,-144.8123,6.0,40.23254,0.4314428
-167.8711,-178.7418,6.0,51.084959999999995,0.7180733
-164.0034,-218.114,6.0,50.64261,-0.8291453999999999
-161.481,-250.2476,6.0,35.17885,-1.449578
-144.3717,-258.0389,6.0,22.365389999999998,-0.5187111
-131.1343,-251.5345,6.0,22.10139,0.7509449
-125.1718,-233.6632,6.0,28.340709999999998,0.3952246
-126.9018,-210.8105,6.0,33.667390000000005,0.38959040000000006
-127.3098,-186.9522,6.0,22.58364,-2.567713
-115.5438,-182.4594,6.0,20.66098,0.3328261
-104.2849,-193.975,6.0,25.13492,0.3705799
-102.9353,-214.476,6.0,30.545109999999998,0.3982133
-105.6547,-238.9505,6.0,35.90835,0.38187109999999996
-100.3923,-265.9303,6.0,38.084790000000005,-0.3037116
-76.88239,-271.3118,6.0,30.2471,-0.5405287
-58.13519,-265.7073,6.0,22.71438,-0.3121717
-49.13001,-250.6713,6.0,28.52882,0.37302399999999997
-45.468540000000004,-227.6879,6.0,34.02265,0.18317020000000003
-42.40696,-200.7423,6.0,39.12343,0.3275467
-27.94042,-175.4098,6.0,41.53158,0.3022782
-5.333775,-158.7085,6.0,25.765539999999998,-2.511688
4.071169,-151.569,6.0,12.15975,-0.08937629
10.47202,-144.9045,6.0,13.85179,0.25837170000000004
12.3624,-132.4419,6.0,21.73002,0.5709749
0.6158791,-116.6244,6.0,33.42094,0.5295025
-8.733080000000001,-88.66346,6.0,47.08445,0.9590306999999999
-8.29982,-49.20527,6.0,59.12361,0.759302
-1.1500350000000001,-4.964837999999999,6.0,58.16555,-1.164816
-6.399388,23.07452,6.0,22.16251,-0.47771359999999996
-14.404129999999999,37.05019,6.0,24.49565,0.3126219
-34.6688,44.84884,6.0,35.7784,1.015678
-66.66486,44.66146,6.0,50.73336,1.015692
-108.1957,42.48473,6.0,50.37025,-4.274474
-127.1917,39.34127,6.0,13.73267,-0.34560690000000005
-137.8412,36.81985,6.0,20.858970000000003,0.492309
-147.4575,23.28408,6.0,25.88662,0.3802509
-146.1066,2.1672740000000004,6.0,31.40278,0.41088100000000005
-141.1659,-22.64251,6.0,36.44977,0.23980789999999996
-142.0716,-36.66236,7.0,9.667066,0.2512473
-144.9566,-45.82025,7.0,16.21012,0.42188859999999995
-156.6736,-53.20863000000001,7.0,22.05292,0.42405070000000006
-168.1257,-64.27939,7.0,19.57396,-0.3158169
-163.6207,-75.03078000000001,7.0,16.062829999999998,0.1937919
-150.9995,-76.11569,7.0,19.53221,0.29016709999999996
-136.3766,-73.1553,7.0,21.27736,0.2128779
-120.1428,-78.71506,7.0,28.01268,0.1897944
-108.3936,-97.28106,7.0,32.08998,0.1251423
-114.277,-120.9294,7.0,35.25752,0.08629752
-137.7361,-131.6305,7.0,33.96727,-0.6605338000000001
-146.9901,-120.5236,7.0,13.432229999999999,-1.012401
-142.9301,-113.2698,7.0,14.95375,0.9905809000000001
-149.3321,-103.0523,7.0,16.510460000000002,0.04930073
-162.1964,-103.9069,7.0,21.15653,0.2115489
-166.2702,-117.8221,7.0,20.10915,0.1462029
-166.6354,-135.4132,7.0,28.68719,1.043093
-169.4379,-161.8624,7.0,42.8566,0.9435228999999999
-169.99099999999999,-198.1654,7.0,54.827009999999994,0.79098
-167.5444,-236.1187,7.0,43.590340000000005,-1.106378
-153.2904,-253.7422,7.0,25.92364,-0.3299757
-136.4904,-252.9894,7.0,22.34228,0.3189548
-125.9067,-240.3531,7.0,27.33431,1.182818
-126.0487,-217.171,7.0,34.09924,0.3712811
-125.7275,-190.081,7.0,37.015679999999996,-1.172695
-115.9581,-179.8909,7.0,13.575079999999998,0.0011921
-109.74700000000001,-190.6673,7.0,21.26476,0.43441440000000003
-108.8582,-208.6467,7.0,27.235559999999996,0.41410470000000005
-108.5551,-230.9121,7.0,32.826190000000004,0.197571
-103.4291,-256.1547,7.0,37.04779,0.09830036
-81.26346,-272.4534,7.0,39.29104,0.06523249
-55.44248,-262.5955,7.0,39.33088,0.01616745
-49.3305,-233.9706,7.0,42.12592,0.3358527
-42.67759,-202.3833,7.0,45.18505,0.04057804
-19.76865,-176.1682,7.0,49.251259999999995,0.14654879999999998
4.001947,-147.2182,7.0,45.30025,-2.296129
8.025034,-125.1943,7.0,22.87961,0.04012739
-3.599678,-108.1489,7.0,31.69135,0.2547972
-4.652292,-80.21855,7.0,46.57201,0.6814266
-0.6075322,-39.59572,7.0,63.15473000000001,1.0953709999999999
-2.226023,9.221933,7.0,61.660740000000004,-1.0222120000000001
-13.497060000000001,40.15416,7.0,31.837190000000003,-0.6231373
-36.83295,40.8009,7.0,38.101409999999994,0.2371618
-66.98388,40.42066,7.0,43.058,0.1638172
-100.6059,40.8854,7.0,47.6959,0.3232124
-136.3472,38.74245,7.0,42.99348,-1.525933
-147.1582,20.81514,7.0,29.118470000000002,0.1917884
-145.2211,-2.762126,7.0,34.54245,0.1921504
-145.7574,-30.264979999999998,7.0,39.68012,0.36513629999999997
-157.7939,-54.850719999999995,8.0,35.14265,-0.5522741999999999
-168.3336,-68.57348,8.0,21.909879999999998,0.7633443
-154.2739,-78.99566,8.0,28.04322,0.2887775
-131.7653,-77.62885,8.0,32.45863,0.09458455
-113.4898,-93.63124,8.0,35.28593,0.1689537
-114.2746,-119.6331,8.0,37.072829999999996,0.01424838
-137.3716,-131.9943,8.0,32.76917,-0.8603696
-146.547,-127.3402,8.0,2.394905,0.09865349999999999
-143.1364,-124.2396,8.0,10.10158,0.5055054
-142.5571,-114.7303,8.0,16.433510000000002,0.2208369
-151.6936,-103.9876,8.0,22.111079999999998,0.3219656
-166.4495,-107.9013,8.0,23.892889999999998,0.15834520000000002
-166.7483,-126.9671,8.0,28.803759999999997,0.39551729999999996
-169.0223,-150.0964,8.0,34.059129999999996,0.3714502
-170.8847,-176.9924,8.0,38.913140000000006,0.18358570000000002
-169.0626,-207.7159,8.0,43.79163,0.3434879
-166.2694,-241.533,8.0,45.5195,-0.5650229
-144.6146,-256.6696,8.0,32.34153,-1.173602
-128.9913,-243.1889,8.0,30.3595,1.025674
-127.3008,-219.2432,8.0,35.18679,0.1807646
-126.0861,-191.502,8.0,38.06878,-0.6748270000000001
-114.147,-179.7318,8.0,15.3431,-0.5129779999999999
-107.5171,-189.9932,8.0,20.41767,0.22396999999999997
-106.6911,-207.3528,8.0,26.44652,0.4203362
-105.9582,-229.1263,8.0,32.10093,0.2102692
-102.6052,-254.4016,8.0,36.73182,0.2156846
-82.32449,-272.2101,8.0,38.57806,0.03643708
-56.409130000000005,-263.5948,8.0,39.38145,0.1154562
-47.253809999999994,-236.003,8.0,41.91444,0.34502209999999994
-43.21709,-203.6641,8.0,45.66367,-0.01644531
-21.166339999999998,-177.9116,8.0,48.04353,0.3192966
2.52472,-149.58100000000002,8.0,49.44167,-0.9657764000000001
6.604394,-121.4908,8.0,33.34263,-0.39469709999999997
-7.039363000000001,-97.88005,8.0,39.02447,-0.1291271
-2.643655,-68.12983,8.0,42.94952,0.1531684
-1.2772059999999998,-34.577940000000005,8.0,47.50703,0.15913329999999998
-1.8784990000000001,2.237821,8.0,51.867020000000004,0.313761
-10.65738,36.719159999999995,8.0,38.04165,-1.992118
-25.9809,42.03987,8.0,7.250363,-0.9204001
-27.73907,37.7433,8.0,9.534555000000001,0.23072270000000003
-36.06899,39.98543,8.0,15.84138,0.2285654
-46.05898,48.4724,8.0,12.94974,-0.4850705
-48.02384,48.586729999999996,8.0,0.02558321,0.005476907
-48.259170000000005,47.765809999999995,8.0,3.7049849999999998,0.215898
-47.94569,44.27499,8.0,5.113982,-0.03462744
-47.60324,43.64651,8.0,4.219804,0.7286984999999999
-53.47504,46.31746,8.0,13.22695,0.6201288
-66.34552,45.144870000000004,8.0,21.722839999999998,0.5999548000000001
-85.31714000000001,42.76831,8.0,29.70872,0.5364705
-109.9711,43.13663,8.0,37.00591,0.2661883
-137.7236,38.785959999999996,8.0,38.93374,-0.19469270000000002
-143.9675,11.39098,8.0,42.746829999999996,0.3150364
-146.8792,-23.0039,8.0,48.007709999999996,-0.6943334
-142.0713,-34.81607,9.0,2.616604,-0.02976009
-143.2115,-39.45417,9.0,12.15682,0.6504873000000001
-148.00799999999998,-48.250690000000006,9.0,12.61403,-0.1951205
-155.7251,-52.69223,9.0,14.6305,0.4838229
-164.7317,-56.49855,9.0,11.66206,-0.21795660000000003
-166.6991,-64.04195,9.0,13.506670000000002,1.033612
-157.0696,-73.17621,9.0,19.5952,-0.37208979999999997
-144.1058,-72.88139,9.0,15.784410000000001,-0.11643699999999998
-131.3044,-74.35536,9.0,23.97704,0.6052285
-115.2579,-84.00068,9.0,25.969910000000002,0.02449818
-107.3818,-101.3466,9.0,25.13721,-0.40801170000000003
-108.6249,-114.5418,9.0,12.12014,-0.18170970000000003
-111.9136,-123.0889,9.0,17.08896,1.3045639999999998
-122.5505,-133.719,9.0,19.8376,-0.172986
-135.289,-133.8878,9.0,15.76165,-0.1362149
-144.0138,-124.4642,9.0,22.72813,0.5598273
-150.0956,-105.9665,9.0,24.39827,-1.661273
-159.9821,-99.52060999999999,9.0,13.642679999999999,-0.1979545
-166.1271,-107.6165,9.0,19.82164,1.1532209999999998
-168.3799,-127.7421,9.0,34.43314,0.9803396999999999
-169.075,-157.5874,9.0,44.21035,0.1629056
-166.1962,-191.6849,9.0,47.78719,0.2095973
-163.33700000000002,-224.5666,9.0,40.055640000000004,-0.9325257
-160.5969,-247.9835,9.0,26.07873,-0.2610795
-148.3019,-259.3279,9.0,20.495910000000002,-0.1847211
-135.37,-257.2381,9.0,20.59468,0.48964769999999996
-125.8076,-239.1752,9.0,34.4804,0.6075024
-126.8867,-212.3105,9.0,34.53678,-0.4634617999999999
-128.7053,-194.2459,9.0,15.70514,-0.23046
-125.5935,-184.3601,9.0,13.212539999999999,0.5322925000000001
-113.5743,-182.1765,9.0,19.0512,-0.32268509999999995
-104.1593,-189.6871,9.0,14.85131,-0.1184682
-102.507,-204.41400000000002,9.0,27.5776,0.9464593000000001
-104.745,-228.7844,9.0,37.14918,0.3516459
-104.4953,-255.9209,9.0,35.43377,-0.27323109999999995
-87.6256,-272.531,9.0,32.573209999999996,-0.058435
-64.20478,-268.9836,9.0,32.199870000000004,-0.11466130000000001
-50.32758,-249.9818,9.0,34.31504,0.13492120000000002
-45.95632,-224.0449,9.0,36.64082,0.16993629999999998
-41.29227,-197.6444,9.0,34.73255,-0.16984739999999998
-30.369220000000002,-176.8884,9.0,29.014129999999998,-0.45161720000000005
-15.33797,-164.7244,9.0,23.665570000000002,-0.1701656
-1.8529810000000002,-155.8156,9.0,20.01835,-0.30116859999999995
8.945350999999999,-147.2505,9.0,19.0892,0.19172039999999999
11.9084,-131.6798,9.0,24.948929999999997,0.4551719
-0.07361178,-115.3154,9.0,29.337970000000002,0.1140921
-8.78256,-95.30389,9.0,29.99581,0.05303467
-11.29205,-72.70849,9.0,32.437459999999994,0.3170638
-8.459013,-47.55775,9.0,35.22676,0.1127207
-3.748818,-21.45576,9.0,36.36395,0.08057497
-2.1246240000000003,4.815214,9.0,31.705,-1.0442360000000002
-5.999982,23.61779,9.0,21.33185,-0.6112255
-13.6811,36.51052,9.0,24.42622,0.2573333
-32.35995,44.97233,9.0,31.464259999999996,0.4927765
-58.18176,43.94835,9.0,38.56384,0.5109733
-89.45956,44.12173,9.0,45.46498,0.48399220000000004
-124.228,40.73633,9.0,44.19605,-1.454285
-146.3797,28.24387,9.0,34.53438,-0.13215120000000002
-142.9079,2.1201060000000003,9.0,39.131679999999996,0.24982649999999998
-142.789,-27.59285,9.0,34.85313,-1.3695899999999999
-146.1688,-42.606190000000005,10.0,16.54926,0.8036456
-155.312,-53.205119999999994,10.0,18.18499,-0.15757290000000002
-165.7623,-59.0155,10.0,14.291939999999999,-0.33939309999999995
-164.85,-69.0028,10.0,17.79557,0.2801447
-152.7416,-73.04994,10.0,18.23863,0.04627211
-139.3286,-72.82269000000001,10.0,17.22234,-0.17096229999999998
-123.8154,-77.59642,10.0,26.8344,0.5250738
-108.9702,-93.61746,10.0,33.12162,0.3824927
-110.0083,-119.2088,10.0,34.052440000000004,-1.2995780000000001
-123.4969,-132.4155,10.0,22.1674,-0.17584470000000002
-137.6485,-132.1217,10.0,17.27935,-0.1571389
-145.1316,-120.057,10.0,23.97504,0.6430416999999999
-150.0058,-105.0507,10.0,8.674562,-2.718572
-153.5673,-101.8617,10.0,10.59073,0.570802
-163.3406,-102.3764,10.0,17.3197,0.44715200000000005
-167.7124,-116.475,10.0,23.93026,0.5161928
-168.7975,-136.8077,10.0,30.90414,0.5199673
-168.5098,-162.0343,10.0,35.852309999999996,0.44822890000000004
-167.1946,-190.1519,10.0,39.56991,0.06706931
-164.5282,-218.3639,10.0,34.76514,-0.2776923
-163.1169,-241.4002,10.0,27.72036,-0.27094359999999995
-154.0506,-256.3031,10.0,20.90134,-0.2218505
-138.1594,-258.7642,10.0,23.874570000000002,-0.02784594
-127.6442,-244.4126,10.0,26.41228,0.2870434
-124.9469,-224.0769,10.0,29.520570000000003,0.24293560000000003
-127.5202,-202.5778,10.0,24.55046,-0.8031443
-127.7921,-189.4164,10.0,14.858379999999999,-0.3273051
-122.1348,-182.3837,10.0,13.431029999999998,0.48851179999999994
-110.1707,-183.4536,10.0,18.40645,0.02910362
-103.0963,-194.1465,10.0,19.086270000000003,0.1770352
-103.6101,-209.2563,10.0,21.60318,0.176203
-104.7284,-225.3456,10.0,22.103260000000002,0.6151164000000001
-106.0952,-244.6076,10.0,29.35655,0.22529139999999998
-100.6115,-265.4127,10.0,29.009529999999998,0.03809883
-78.63863,-272.4011,10.0,36.37588,0.24038539999999997
-54.125319999999995,-260.7039,10.0,37.90267,-0.1531988
-47.76556,-231.9598,10.0,42.762890000000006,0.10493110000000001
-42.26104,-200.94799999999998,10.0,39.42799,-0.343142
-30.637559999999997,-177.8578,10.0,31.0175,-0.28094369999999996
-14.8637,-164.8609,10.0,24.556079999999998,-0.2163933
-4.791935,-157.8358,10.0,13.25012,0.4157953
6.111316,-149.8406,10.0,19.65568,-0.12473989999999999
13.446010000000001,-137.0151,10.0,24.9869,0.4204254
3.191721,-119.9895,10.0,30.56062,0.4485548
-8.132817999999999,-98.50976999999999,10.0,36.0692,-0.5824769000000001
-10.37102,-74.4469,10.0,32.09937,0.4845842000000001
-8.183821,-48.3816,10.0,38.50099,0.22756089999999998
-3.5138510000000003,-17.89891,10.0,44.52803,0.1959729
-3.390853,16.71635,10.0,48.2043,-0.2111416
-22.10653,41.66381,10.0,42.81883,0.2212797
-55.00634,44.459720000000004,10.0,47.50136,0.41197860000000003
-92.1739,43.70977,10.0,52.755109999999995,0.1728109
-129.05,39.43907,10.0,41.41892,-0.7467849
-148.8379,21.8946,10.0,36.81797,-0.07783275
-142.1244,-5.562203,10.0,40.84113,0.3349235
-144.4559,-34.33321,11.0,32.3202,0.1330122
-158.2716,-55.6058,11.0,36.90551,0.1926695
-169.6513,-75.02016,11.0,24.38008,-1.1858520000000001
-157.8648,-78.36676,11.0,20.975579999999997,0.47737250000000003
-143.4585,-69.43478,11.0,25.97298,0.1253935
-124.505,-78.9144,11.0,32.07627,0.5306574000000001
-109.9869,-96.50291,11.0,32.57656,0.17989929999999998
-113.4602,-121.0819,11.0,32.6214,-1.455014
-129.7087,-133.0426,11.0,28.3977,0.2058347
-144.7484,-119.3236,11.0,32.07782,0.11015910000000001
-148.0354,-103.1119,11.0,9.736217,-0.23467159999999998
-159.1465,-101.2026,11.0,21.63029,0.6243623
-166.7753,-116.0396,11.0,26.74932,0.246639
-166.4104,-138.3158,11.0,33.400220000000004,0.46564880000000003
-168.3145,-165.2928,11.0,39.5153,0.45347550000000003
-165.3772,-196.6626,11.0,45.50035,0.41455649999999994
-162.9284,-231.5321,11.0,45.46883,-0.62068
-154.0329,-256.1167,11.0,27.9229,0.1958818
-133.6409,-257.0579,11.0,29.402559999999998,0.3326447
-125.749,-235.551,11.0,34.28157,0.451237
-127.2261,-207.96400000000003,11.0,38.15426,-0.7602715999999999
-124.0023,-183.3073,11.0,29.48572,-1.270792
-107.8868,-184.6767,11.0,23.9504,0.00365647
-107.3848,-204.1927,11.0,29.636740000000003,0.4450768
-106.0983,-228.2933,11.0,35.82432,0.46728450000000005
-104.7697,-256.6035,11.0,40.76913,0.2460601
-82.2066,-272.4962,11.0,39.538109999999996,0.13579360000000001
-54.56815,-261.6596,11.0,41.32391,-0.2085741
-46.009679999999996,-231.5668,11.0,45.16063,0.20787110000000003
-40.290859999999995,-196.5067,11.0,50.37096,0.2550918
-18.2028,-167.5194,11.0,44.869040000000005,-1.5373
4.034358999999999,-152.2138,11.0,31.28183,-0.5650265999999999
12.13417,-134.532,11.0,23.17004,-0.47716559999999997
3.331253,-118.5132,11.0,28.332259999999998,0.4924994000000001
-7.217460000000001,-98.09777,11.0,34.32241,0.441619
-10.43148,-70.65023000000001,11.0,40.39955,0.4050081
-6.39613,-38.82359,11.0,46.15307,0.45122979999999996
-1.7368919999999999,-2.984104,11.0,51.39893,0.15652779999999997
-10.70611,33.79871,11.0,48.66073,-0.2921262
-41.51161,45.13863,11.0,46.97871,0.1833092
-78.38580999999999,42.08065,11.0,52.48112,0.36642729999999996
-118.5437,40.59602,11.0,51.973079999999996,-0.5608652
-147.4598,27.01779,11.0,41.43456,-0.3324718
-145.0562,-2.350581,11.0,42.68422,0.4123389
-143.5222,-34.75155,12.0,41.65352,-1.198914
-157.625,-52.6562,12.0,27.835079999999998,0.2245875
-168.1611,-66.56724,12.0,23.41072,0.43807809999999997
-152.2877,-71.65488,12.0,27.022890000000004,0.5245675
-130.3281,-73.94824,12.0,33.10682,0.4227722
-110.2919,-90.42568,12.0,37.76249,0.24377089999999998
-109.5543,-116.6889,12.0,31.350659999999998,-1.0508959999999998
-124.7436,-130.7571,12.0,26.199360000000002,-0.5039733000000001
-141.1912,-130.6458,12.0,23.35837,0.1365359
-146.7355,-113.1711,12.0,28.60448,0.4335476
-158.0831,-100.4595,12.0,20.89161,-0.6362548000000001
-167.5314,-110.665,12.0,24.870639999999998,0.9254889999999999
-167.1771,-134.2476,12.0,36.51635,0.4286344
-168.5767,-163.3413,12.0,42.20905,0.2019967
-166.1932,-196.8314,12.0,48.0139,0.41654359999999996
-164.0832,-233.9524,12.0,48.3227,-1.4350479999999999
-149.5547,-258.186,12.0,31.82579,-1.171836
-132.1566,-249.0934,12.0,29.971220000000002,0.37413909999999995
-126.26799999999999,-225.5947,12.0,35.63505,0.44385779999999997
-127.9938,-198.733,12.0,33.549609999999994,-0.18873120000000002
-118.5697,-179.9169,12.0,28.77895,-0.06778257
-106.7365,-190.9842,12.0,24.95608,0.3668091
-110.4524,-211.3148,12.0,31.23125,0.23718699999999998
-108.7741,-236.8867,12.0,37.72315,0.442644
-99.8708,-264.9148,12.0,41.285540000000005,-0.1640971
-72.26453000000001,-270.3226,12.0,41.19838,0.1803244
-46.92886,-254.4351,12.0,38.41032,-0.6848036
-52.44575,-230.709,12.0,31.050629999999998,-0.46015790000000006
-52.92455,-218.0334,12.0,5.892351000000001,-0.37232009999999993
-53.35872,-214.8834,12.0,0.6410001999999999,-0.5910076999999999
-51.982479999999995,-217.3197,12.0,8.032924000000001,0.2934496
-44.42735,-216.8445,12.0,14.85205,0.44289929999999994
-41.85205,-206.5363,12.0,12.7929,-0.13501300000000002
-40.840109999999996,-194.3976,12.0,21.11405,0.5135529999999999
-33.01852,-178.1254,12.0,27.828570000000003,0.4553548
-15.117920000000002,-163.8801,12.0,34.23917,0.4701369000000001
6.7697389999999995,-148.1185,12.0,37.148109999999996,-0.08630197
10.097439999999999,-126.2058,12.0,28.595909999999996,0.15164520000000004
-4.501526,-104.2971,12.0,43.39986,0.5682982
-10.50041,-68.34251,12.0,53.24886,0.3172237
-4.130303,-27.66035,12.0,58.06998000000001,0.1517751
-3.612918,14.64042,12.0,49.1041,-0.8973055
-15.5124,37.833940000000005,12.0,35.67897,0.1392121
-41.20971,45.58562,12.0,39.3289,0.2069987
-72.46043,44.50991,12.0,45.16877,0.2125714
-107.9017,42.07645,12.0,50.69294,0.4081143
-143.3473,35.37426,12.0,46.825309999999995,-0.5807103
-152.444,15.20659,12.0,14.563670000000002,-2.317359
-153.0419,12.70618,12.0,4.369668,0.6206458
-147.8021,9.923619,12.0,12.41053,0.5901288
-146.3701,-1.9680990000000003,12.0,20.00007,0.2623591
-143.319,-19.18989,12.0,27.15046,0.4814268
-141.9989,-34.40157,13.0,5.779935,0.30149040000000005
-143.9813,-41.433640000000004,13.0,13.86105,0.2732266
-152.7766,-50.73148,13.0,21.12162,0.49624229999999997
-166.56,-61.4281,13.0,24.13169,-0.3640271
-162.2504,-74.40889,13.0,17.52905,0.03071449
-148.2893,-74.9693,13.0,21.93636,-0.2378649
-134.0307,-72.34184,13.0,20.341739999999998,1.4345430000000001
-117.545,-78.89621,13.0,27.38573,0.4148249
-107.0016,-98.0829,13.0,32.86703,0.3593327
-114.0581,-122.19,13.0,36.883,0.2998272
-138.3222,-131.9624,13.0,31.14965,-1.8086849999999999
-145.3118,-122.7088,13.0,6.683965,-0.7616793000000001
-139.1003,-122.6582,13.0,10.50114,-0.05980991
-140.3721,-122.9412,13.0,7.135161999999999,0.595377
-145.3083,-127.1922,13.0,8.347266000000001,-0.9425722
-145.5039,-128.8575,13.0,2.844304,0.6756783000000001
-143.5173,-123.8116,13.0,11.787360000000001,0.30951649999999997
-139.9616,-112.8867,13.0,19.500970000000002,0.252477
-148.8129,-99.18409,13.0,25.61917,0.2214658
-164.7596,-103.6713,13.0,21.86262,-0.14416489999999998
-167.4445,-123.2076,13.0,31.04634,0.5171614999999999
-167.4992,-148.7405,13.0,37.88578,0.2390337
-167.9381,-179.3884,13.0,44.417640000000006,0.4650634
-167.9986,-214.5768,13.0,50.53151,0.41827309999999995
-160.5448,-249.8239,13.0,44.83428,-0.2425348
-133.2997,-254.918,13.0,32.506479999999996,-0.7150586999999999
-128.1948,-233.8707,13.0,34.91785,0.41348959999999996
-127.3726,-204.6329,13.0,41.117329999999995,-0.6123444
-124.6746,-185.0241,13.0,14.99283,-0.31991479999999994
-114.4317,-181.7684,13.0,18.49833,0.5641170999999999
-105.3933,-194.5288,13.0,25.430039999999998,0.2513732
-106.0978,-215.8533,13.0,32.455909999999996,0.520964
-107.225,-242.1356,13.0,38.50804,0.35208890000000004
-91.90216,-267.6449,13.0,42.57979,0.06477079
-62.182990000000004,-268.6443,13.0,42.58174,-0.0173083
-49.24917,-241.2014,13.0,44.320840000000004,0.46169079999999996
-45.891090000000005,-207.8824,13.0,40.73751,0.317289
-29.1473,-180.898,13.0,45.99446,0.20206849999999998
-3.8248,-154.6757,13.0,51.9801,0.3956199
9.558255,-122.6103,13.0,44.167840000000005,-0.4002956
-6.832855,-102.7716,13.0,29.46315,-0.5554563
-7.100214,-80.97021,13.0,33.81479,0.5006387999999999
-5.620227,-53.46151999999999,13.0,40.53995,0.4892327
-4.688407,-21.0834,13.0,46.84822,0.2124181
-4.37721,15.791979999999999,13.0,52.12464,-0.2769952
-20.4041,41.04818,13.0,33.25443,-1.179808
-34.241859999999996,36.1737,13.0,13.316310000000001,-0.12362650000000001
-35.10657,32.58662,13.0,0.08192656,0.01000561
-35.15463,32.59299,13.0,0.06994621,0.02870407
-34.750040000000006,33.706790000000005,13.0,5.219821,0.3747527
-33.40614,40.233059999999995,13.0,11.87955,-0.04638228
-32.24368,44.74033,13.0,1.171923,-0.6922891999999999
-33.36484,42.74889,13.0,7.2048190000000005,0.5751683000000001
-41.10913,41.83965,13.0,14.803239999999999,0.5247885999999999
-54.253240000000005,45.14803,13.0,21.81578,0.4743529
-72.78435999999999,43.821659999999994,13.0,28.368470000000002,0.48147959999999995
-96.02844,42.1151,13.0,34.44692,0.4374259
-123.4827,41.577909999999996,13.0,39.70087,0.3003539
-145.9617,24.86277,13.0,38.08188,0.0059150290000000005
-146.6137,-4.388251,13.0,42.41811,0.3799362
-145.1128,-37.41039,14.0,45.31804,-0.3495293
-159.9499,-58.641819999999996,14.0,29.11597,-0.8998202
-158.1363,-73.94582,14.0,25.41243,0.07359618
-137.7983,-75.61887,14.0,30.80688,0.3930551
-116.6021,-86.36282,14.0,35.09313,0.30028130000000003
-110.2648,-111.5868,14.0,37.7295,0.1522969
-129.2361,-131.3215,14.0,38.12877,-1.1101450000000002
-146.2416,-123.8753,14.0,18.02007,-0.8617764000000001
-146.0271,-119.7804,14.0,1.806817,0.04933556
-146.9234,-118.6946,14.0,1.769727,-0.044307400000000004
-147.7298,-117.8848,14.0,1.407092,0.11506980000000001
-150.0695,-117.2292,14.0,3.943885,-0.003677
-150.2092,-117.1197,14.0,4.6143410000000005,0.6435231
-145.5898,-112.5077,14.0,13.13861,0.5624986999999999
-147.2497,-100.88,14.0,20.07904,0.22891710000000004
-162.4062,-98.76458000000001,14.0,24.59604,0.13771150000000001
-167.6503,-116.8592,14.0,29.7361,0.5322111999999999
-166.4511,-141.4503,14.0,36.721940000000004,0.5101835
-166.6988,-171.137,14.0,43.40701,0.4660223
-167.2856,-205.6374,14.0,49.63751,0.2239899
-163.2019,-242.6421,14.0,45.09964,-1.3065209999999998
-144.4366,-254.6253,14.0,17.31859,-1.238919
-141.684,-250.8787,14.0,3.833078,-0.07978851
-140.0815,-248.67700000000002,14.0,6.470128,0.2728604
-132.8955,-249.3625,14.0,14.112129999999999,0.15369449999999998
-123.4968,-251.2277,14.0,11.32018,-0.1763819
-121.2532,-243.8032,14.0,15.01769,0.4347139
-124.8281,-230.1498,14.0,23.05395,0.5592520999999999
-127.09700000000001,-210.425,14.0,30.54073,0.5546770999999999
-125.8075,-185.9011,14.0,33.04141,-0.7332066999999999
-108.5345,-181.4954,14.0,22.18735,0.1427737
-105.9869,-202.2076,14.0,38.12721,0.7536008000000001
-106.8171,-237.8093,14.0,57.088730000000005,0.5315327
-87.0621,-269.8608,14.0,45.058170000000004,-0.9308695
-55.52945,-264.9221,14.0,44.397529999999996,-0.49355519999999997
-48.97482,-234.4628,14.0,45.46621,0.46532879999999993
-42.35689,-200.6064,14.0,49.41845,0.1677701
-17.51693,-171.4301,14.0,54.65067,0.4192286
8.321107000000001,-140.0826,14.0,49.868179999999995,-2.91098
3.52558,-116.4095,14.0,27.025340000000003,-0.2241676
-5.453787,-98.07355,14.0,31.28234,0.2292513
-4.688674,-72.45184,14.0,38.09512,0.48174399999999995
-2.6490650000000002,-41.792840000000005,14.0,44.679559999999995,0.5174098
-2.360271,-6.389312,14.0,50.86565,0.42896530000000005
-8.139541,30.75178,14.0,45.89405,-0.7202475
-36.32367,42.34898,14.0,44.11826,0.4367223
-71.30775,40.30549,14.0,50.207390000000004,0.43816099999999997
-110.6307,41.10645,14.0,55.45981999999999,-0.3727351
-141.8076,33.26352,14.0,33.321259999999995,-1.911145
-144.6959,21.905279999999998,14.0,1.6674930000000001,-0.5702596999999999
-142.2609,24.155620000000003,14.0,5.014951,-0.2502029
-141.5205,25.10267,14.0,4.141985,0.6114801
-145.6303,21.58031,14.0,9.694249000000001,-0.08148914
-149.6012,22.06556,14.0,0.1998296,-0.7859031999999999
-146.8138,20.27994,14.0,9.063224,0.3258511
-141.6313,12.00323,14.0,17.5765,0.5848262
-140.924,-3.9596910000000003,14.0,25.67341,0.5797791999999999
-143.3691,-25.77508,14.0,33.331379999999996,0.27667579999999997
-141.9276,-37.492940000000004,1.0,9.068013,0.6583591
-144.3161,-47.14066,1.0,17.91254,0.5814165
-156.8962,-57.281009999999995,1.0,26.087320000000002,0.5681046999999999
-160.4283,-74.21767,1.0,25.67635,-0.1501053
-144.8799,-70.93621,1.0,26.239290000000004,0.2903426
-135.8763,-68.27811,1.0,0.05530036,0.0566915
-135.8561,-68.27985,1.0,0.02586806,0.0001834067
-135.8377,-68.28246,1.0,0.0203128,-0.006828905
-135.8363,-68.32297,1.0,1.049197,0.414657
-135.9833,-71.17483,1.0,4.613059,-0.02677128
-135.68,-74.34953,1.0,3.910872,-0.041139999999999996
-136.8581,-76.49439,1.0,1.22474,-0.41006640000000005
-134.5627,-75.28908,1.0,8.079596,0.6730047
-125.4712,-76.12305,1.0,16.71617,0.5518006
-115.8172,-87.0227,1.0,24.072329999999997,0.5952833000000001
-110.1201,-106.6749,1.0,31.06912,0.38931059999999995
-120.6648,-128.5893,1.0,35.989959999999996,0.10672739999999999
-143.3621,-129.5254,1.0,26.279090000000004,-0.5275759
-142.3391,-115.3281,1.0,23.44794,0.26857790000000004
-138.4576,-108.711,1.0,0.02495861,-0.001726022
-138.4583,-108.7285,1.0,0.02399021,0.007950204
-138.5358,-108.7093,1.0,1.5282879999999999,0.9853804
-143.0087,-108.4466,1.0,8.216649,-0.04541901
-145.7005,-110.7955,1.0,1.138616,0.7610533
-144.3984,-106.8334,1.0,10.06596,0.6089386
-148.9111,-97.94997,1.0,17.83546,0.2528087
-160.9117,-97.15475,1.0,14.93493,-0.31299499999999997
-166.5412,-107.9734,1.0,23.91558,1.126858
-169.8593,-129.9749,1.0,35.90824,0.6546065
-163.3867,-157.502,1.0,38.92158,-0.8029644
-166.3718,-182.7152,1.0,30.90985,-0.45875070000000007
-167.5861,-208.2205,1.0,40.92383,-0.10855930000000001
-165.9665,-236.2603,1.0,34.14529,-0.6293774000000001
-152.5234,-250.7699,1.0,25.511470000000003,0.08770984
-131.7319,-247.4129,1.0,31.968729999999997,1.244215
-122.9317,-231.41299999999998,1.0,22.86896,-0.05731237
-130.5871,-216.6364,1.0,22.00596,0.02692531
-122.8397,-203.2392,1.0,18.38806,-0.3944861
-124.9137,-190.4605,1.0,15.9472,-0.389088
-116.4783,-183.9398,1.0,19.56622,0.1735759
-110.6531,-193.9526,1.0,15.116489999999999,-0.1364747
-110.046,-204.5237,1.0,15.70232,1.2393129999999999
-108.9139,-219.1694,1.0,23.76965,0.5570479
-106.6925,-239.4507,1.0,31.25285,0.5140754
-96.97493,-262.5651,1.0,36.93357,0.1522014
-71.11375,-270.8065,1.0,39.42054,0.027184899999999998
-52.480059999999995,-250.2217,1.0,39.74484,0.1391203
-49.042429999999996,-219.2128,1.0,44.709070000000004,0.1645569
-31.166320000000002,-189.2544,1.0,49.986979999999996,0.4179036
-5.6205989999999995,-159.5248,1.0,55.728069999999995,0.3917212
12.07284,-122.4403,1.0,49.38221,-1.390986
10.33955,-104.61200000000001,1.0,3.2842,-1.275198
9.753002,-104.2399,1.0,0.198853,-0.1660409
11.03369,-105.0825,1.0,5.274513,0.20398039999999998
16.017870000000002,-107.3075,1.0,8.395436,-0.05575273
18.44254,-106.946,1.0,1.467422,0.19599760000000002
14.30807,-108.354,1.0,10.180010000000001,0.6107840999999999
4.876944,-112.085,1.0,16.3342,0.08835913
0.02805599,-101.0135,1.0,21.49754,0.51569
-0.8076800999999999,-83.0148,1.0,28.12315,0.2619958
-5.282723000000001,-60.175059999999995,1.0,34.84673,0.23449899999999999
-6.163063,-31.92465,1.0,41.43273,0.46408109999999997
-6.325472,1.102003,1.0,47.61107,0.4062392
-10.00656,35.35111,1.0,39.49342,-0.9309909
-22.676560000000002,43.80798,1.0,13.26101,0.1623713
-33.2508,37.767920000000004,1.0,20.3845,0.25043119999999996
-50.95015,39.74504,1.0,27.6309,0.2454315
-74.0086,39.52006,1.0,34.62701,0.5065607
-102.139,39.93956,1.0,41.24048,0.48123599999999994
-133.6284,39.70125,1.0,37.76338,-0.7122215999999999
-144.0286,25.99822,1.0,14.03359,-1.756403
-137.7474,24.31586,1.0,1.9656200000000001,-1.537313
-137.7518,24.23622,1.0,0.0577263,0.01907954
-137.8318,24.23228,1.0,1.556241,0.8737773000000001
-141.9699,24.52032,1.0,8.847008,0.3588657
-149.2504,24.78761,1.0,7.529789999999999,-0.8072618
-151.0513,25.361320000000003,1.0,2.025859,0.60957
-147.8372,22.26436,1.0,10.224310000000001,0.5651374
-149.0595,12.51074,1.0,17.37414,0.5158377000000001
-150.8696,-1.7867669999999998,1.0,23.34287,0.4913339
-146.7055,-21.07241,1.0,29.90914,0.2399554
-148.8196,-44.705940000000005,2.0,33.2085,-0.22562129999999997
-166.4585,-60.00536999999999,2.0,30.1823,-0.7365007
-159.0683,-72.93584,2.0,14.737739999999999,-1.59324
-155.72799999999998,-68.52651999999999,2.0,0.01978173,-0.01687691
-155.6883,-68.52793,2.0,0.04312487,-0.02155448
-155.9259,-69.36559,2.0,4.194934,0.45472340000000006
-156.4077,-73.05826,2.0,4.90254,-0.0442964
-156.95,-75.09685,2.0,1.484497,0.695366
-153.1001,-72.83646999999999,2.0,10.79443,0.32523040000000003
-143.3939,-77.23303,2.0,19.11458,0.310679
-130.0146,-82.75081999999999,2.0,18.32189,-0.1391724
-118.1677,-89.2459,2.0,23.768539999999998,1.440308
-110.7722,-109.0069,2.0,30.927809999999997,-0.05367434
-123.9091,-128.0898,2.0,32.85137,-0.03418059
-143.7756,-126.5732,2.0,21.926379999999998,-1.07754
-140.0645,-112.7952,2.0,23.690379999999998,-0.1166611
-145.5547,-101.7831,2.0,19.84703,0.21085229999999996
-159.6245,-105.24600000000001,2.0,18.148310000000002,-0.37064600000000003
-161.3351,-117.4033,2.0,16.930870000000002,0.1623054
-164.7811,-131.4086,2.0,23.49324,0.296083
-165.295,-151.7287,2.0,31.347959999999997,0.2769296
-165.4946,-177.8237,2.0,38.79353,0.2547359
-165.9335,-209.1675,2.0,45.77612,0.4368835999999999
-163.2065,-242.4482,2.0,31.653000000000002,-2.933726
-149.4102,-251.8833,2.0,25.420579999999998,0.5911555000000001
-128.8696,-248.4175,2.0,29.6754,-0.4076116
-128.0294,-230.3557,2.0,27.6781,0.511627
-125.9126,-206.4341,2.0,36.15477,0.5448405
-123.50299999999999,-185.2936,2.0,13.056460000000001,-2.060964
-114.7501,-185.1593,2.0,15.685870000000001,0.45813580000000004
-110.4592,-198.2386,2.0,23.22792,0.6131534000000001
-108.6858,-218.3294,2.0,31.18212,0.5596463
-104.5979,-243.8817,2.0,38.5183,0.49014540000000006
-88.21899,-268.4138,2.0,41.84401,-0.1457672
-59.982040000000005,-263.8616,2.0,41.69084,0.24864850000000002
-49.03633,-236.1882,2.0,43.457840000000004,0.5018676999999999
-44.4109,-202.6471,2.0,48.33493,0.19381379999999998
-20.2304,-174.0987,2.0,53.685359999999996,0.21705560000000002
5.408113,-142.0895,2.0,49.665279999999996,-4.4880629999999995
5.7795559999999995,-122.8125,2.0,18.58401,0.3259212
-4.715076,-110.0518,2.0,26.1405,0.23207110000000003
-6.768166000000001,-88.20334,2.0,33.50158,0.2723182
-6.764989,-60.664019999999994,2.0,40.82063,0.5227589
-6.966036999999999,-27.843529999999998,2.0,47.67324,0.47296170000000004
-7.348367,9.854155,2.0,54.06601,0.20929179999999997
-16.00467,42.390390000000004,2.0,32.27588,-1.449286
-26.03366,45.74184,2.0,1.1533579999999999,0.3367428
-26.275470000000002,41.72398,2.0,10.05076,0.604166
-35.85225,41.14982,2.0,18.15369,0.6156338000000001
-50.98483,46.67221,2.0,25.508770000000002,0.4671349
-72.41216,43.210370000000005,2.0,33.16337,0.5230811
-99.70222,41.458890000000004,2.0,40.43526,0.5015805
-132.0376,38.93295,2.0,46.477779999999996,-0.07324859
-150.5353,22.9472,2.0,20.13914,-2.556908
-148.77,19.266479999999998,2.0,5.053122,0.6379294
-143.5543,16.00395,2.0,13.445039999999999,0.2984785
-147.36,4.180539,2.0,21.409679999999998,0.30098790000000003
-149.1946,-12.490089999999999,2.0,27.16447,0.5823094
-141.9231,-33.69102,3.0,7.8723350000000005,1.0542129999999998
-143.849,-41.80467,3.0,11.47208,-0.01633102
-149.9921,-50.13329,3.0,18.09496,-0.1472435
-161.0857,-54.17989,3.0,14.39855,-0.1320874
-166.5872,-60.640530000000005,3.0,10.60009,-0.08515422
-163.7211,-67.9015,3.0,13.724929999999999,0.3279861
-152.0411,-72.31729,3.0,21.41969,0.5892569000000001
-133.5886,-74.22135,3.0,28.96837,0.4503955
-116.0504,-84.82495,3.0,25.20111,-0.3686771
-107.9854,-100.887,3.0,29.343690000000002,0.6284576999999999
-111.2344,-120.4088,3.0,24.1879,-0.4066381
-122.4879,-131.4727,3.0,21.08011,0.6993510000000001
-138.9385,-131.3539,3.0,21.94349,0.30602840000000003
-145.8224,-112.2847,3.0,30.50784,-0.7924449
-158.8231,-103.5077,3.0,16.41319,0.5470437
-166.6452,-114.7205,3.0,23.2914,0.2763171
-169.0681,-134.7873,3.0,31.227859999999996,0.5559534
-168.8783,-160.5519,3.0,38.45283,0.5069079000000001
-167.1105,-191.5081,3.0,45.29343,0.227845
-163.94400000000002,-227.1609,3.0,49.65119,-0.07669083
-155.1999,-256.70799999999997,3.0,34.11991,-0.7287564000000001
-136.3914,-253.9705,3.0,27.824070000000003,0.5343168
-124.8952,-234.4802,3.0,33.37659,0.2010692
-128.4575,-208.3053,3.0,36.0582,-0.49552799999999997
-124.25200000000001,-184.0419,3.0,29.219620000000003,-0.5286345
-109.6896,-181.4969,3.0,20.88491,-0.27887670000000003
-109.8943,-198.2462,3.0,26.225690000000004,0.4174236
-104.626,-219.4328,3.0,31.54164,-0.1930728
-106.0891,-240.8864,3.0,27.667379999999998,0.04004468
-100.75299999999999,-264.4706,3.0,36.67013,0.05828869999999999
-75.99754,-270.0785,3.0,38.12855,0.1280402
-59.75739,-268.3754,3.0,12.04495,-0.49974309999999994
-56.17156,-266.6606,3.0,0.45950470000000004,0.7472166
-57.183980000000005,-267.379,3.0,0.5605,-0.23200929999999997
-55.96519,-266.2321,3.0,5.482381,0.3395743
-52.372009999999996,-262.5596,3.0,7.9197619999999995,0.02193938
-48.2165,-263.6373,3.0,1.698986,-0.4047993
-49.29567,-261.5775,3.0,7.586031,0.31225879999999995
-49.566559999999996,-253.0801,3.0,15.7565,0.3062542
-45.945679999999996,-238.9323,3.0,23.51908,0.2766953
-43.331340000000004,-218.9639,3.0,30.79812,0.5142063
-39.73545,-193.8392,3.0,37.087709999999994,0.15165979999999998
-21.37173,-171.8986,3.0,41.96128,0.5803433000000001
-3.199016,-154.9966,3.0,23.81794,-0.3880297
8.768631,-144.7699,3.0,18.79,-0.36551300000000003
11.63428,-133.3186,3.0,14.2491,-0.27807209999999993
6.380769,-122.1441,3.0,20.5527,0.5340995
-3.5452199999999996,-107.3496,3.0,27.792740000000002,0.5489104
-9.830032000000001,-85.01245,3.0,34.55897,0.2169036
-9.538311,-57.10033000000001,3.0,40.97079,0.462978
-4.763330000000001,-24.66544,3.0,46.22757,-0.3670717
-3.6297900000000003,4.773658999999999,3.0,27.03035,-1.152773
-4.755339,14.449829999999999,3.0,3.608889,-0.09732717
-5.723148999999999,19.58912,3.0,11.628910000000001,0.6037766
-9.330803,30.65113,3.0,19.73085,0.2635072
-22.17665,41.62594,3.0,26.817840000000004,0.5428943
-43.8931,44.75464,3.0,33.362429999999996,0.5161937
-71.17543,44.48294,3.0,40.200720000000004,0.4802055
-103.2821,42.398740000000004,3.0,46.628859999999996,0.2156828
-135.7905,37.91167,3.0,39.19859,0.13758120000000001
-150.1277,18.44689,3.0,32.32035,-0.09425505
-143.9952,-5.5679419999999995,3.0,36.16294,0.5037014
-144.1855,-34.602309999999996,4.0,42.0324,-0.005830566
-153.7325,-53.86008,4.0,19.02307,-0.2285067
-166.9836,-57.33116999999999,4.0,19.096320000000002,-0.02965224
-161.8544,-69.97752,4.0,23.63598,0.45399090000000003
-142.54399999999998,-72.58369,4.0,30.02485,0.21214560000000002
-120.4277,-82.20839000000001,4.0,35.796479999999995,0.1785457
-108.2716,-106.8135,4.0,38.6255,-0.5304611
-122.2315,-130.0821,4.0,37.0801,-0.1573871
-143.9911,-125.4226,4.0,30.29239,-0.3625093
-145.6621,-103.54799999999999,4.0,29.27683,-1.389758
-158.0185,-99.92987,4.0,18.62215,0.5315233
-166.81599999999997,-113.6167,4.0,26.12439,0.264221
-170.023,-135.4966,4.0,33.43172,0.24604160000000003
-168.9871,-162.6644,4.0,40.07305,0.2213321
-166.183,-194.6397,4.0,46.55581,0.45238490000000003
-163.3174,-230.6834,4.0,47.4244,-0.676793
-156.9087,-252.4921,4.0,20.07627,-0.3390844
-143.1481,-258.0963,4.0,23.47448,0.4726219
-129.6893,-248.1226,4.0,27.27634,0.36656479999999997
-125.1155,-225.7021,4.0,33.95523,0.3988465
-128.7713,-198.6136,4.0,39.60365,0.05294937
-114.1797,-176.9951,4.0,33.73199,-0.4128825
-99.33932,-187.3651,4.0,23.361929999999997,-0.4180054
-111.9301,-196.3134,4.0,23.906760000000002,-0.1390497
-114.555,-201.5533,4.0,0.0195748,0.01807915
-114.5548,-201.5519,4.0,0.01964845,0.01739129
-112.3344,-201.6849,4.0,5.705796,0.34573059999999994
-109.7072,-198.5623,4.0,2.888009,-0.6142168
-109.5978,-199.3353,4.0,4.7686910000000005,0.2566376
-108.4825,-205.4058,4.0,11.8127,0.4839395
-106.3048,-216.459,4.0,18.394820000000003,0.22364970000000003
-105.2397,-232.3116,4.0,24.49483,0.41193909999999995
-104.9824,-252.4893,4.0,29.80303,0.14975039999999998
-90.85738,-270.2082,4.0,32.97071,0.11782419999999999
-65.93593,-268.9844,4.0,36.251709999999996,0.137508
-49.464859999999994,-248.7212,4.0,37.04906,0.0813329
-48.35431,-219.6178,4.0,41.4746,0.11685380000000001
-37.310559999999995,-189.3215,4.0,45.47882,0.07864466
-13.12295,-165.2658,4.0,45.51709,-0.2025553
4.877059,-148.6507,4.0,22.07155,-0.22989120000000002
12.65644,-137.3655,4.0,15.65136,-0.1209255
7.008549,-123.1872,4.0,25.11899,0.42207849999999997
-4.610975,-106.2918,4.0,30.379309999999997,0.3618584
-10.11637,-82.46472,4.0,35.556779999999996,0.35839709999999997
-9.399508,-54.37051999999999,4.0,40.42555,0.33187740000000004
-3.662829,-23.14931,4.0,45.15276,0.3239601
-3.006823,11.470999999999998,4.0,48.632259999999995,0.0034568859999999997
-13.4154,35.650420000000004,4.0,28.25368,0.1544438
-34.12604,43.73256,4.0,32.78017,0.3533047
-60.268409999999996,43.23833,4.0,37.90439,0.38386729999999997
-90.23901,42.92798,4.0,42.81055,0.16902979999999998
-121.8359,39.81227,4.0,38.935109999999995,-1.389974
-139.4051,36.14097,4.0,15.109160000000001,0.5735389
-146.9762,25.55827,4.0,20.95404,0.42597820000000003
-147.2648,8.005574000000001,4.0,26.668490000000002,0.42693590000000003
-142.8076,-13.401,4.0,32.27472,0.393323
-143.3368,-38.224140000000006,5.0,31.715120000000002,-0.7685305
-157.0981,-52.68906,5.0,27.977209999999996,0.39068990000000003
-168.5315,-65.39246,5.0,18.32545,-0.2615163
-157.5397,-69.66803,5.0,16.17216,0.5263996
-142.1924,-72.5231,5.0,24.56622,0.421944
-122.99600000000001,-78.968,5.0,30.10303,0.35558290000000004
-108.3662,-96.77015,5.0,33.53331,0.07943922
-112.6633,-121.0573,5.0,32.93074,-0.1462528
-130.2172,-133.1188,5.0,26.420009999999998,-0.6590156
-142.285,-122.5166,5.0,24.74442,0.41204650000000004
-151.0039,-104.6353,5.0,29.51492,-0.08072662
-165.5217,-103.712,5.0,15.473939999999999,-1.0731760000000001
-164.7799,-116.0303,5.0,19.245079999999998,0.7691118
-167.4822,-133.6249,5.0,30.50212,0.6296116
-168.5936,-163.0857,5.0,45.76713,0.11935889999999999
-164.3191,-198.8729,5.0,51.93055,0.2645375
-164.1121,-228.3584,5.0,23.56168,-1.799495
-162.6696,-243.1555,5.0,17.33605,-0.42456109999999997
-157.403,-253.1877,5.0,16.462,0.44804279999999996
-143.1596,-260.1954,5.0,25.96284,0.5842105
-128.1775,-245.7897,5.0,35.03529,0.9875813
-126.4065,-216.73,5.0,40.79914,-0.7082301
-128.4895,-194.4566,5.0,20.35547,-0.4901566
-122.2851,-183.6967,5.0,16.52664,0.5816722
-107.4563,-184.8891,5.0,24.31445,0.06114047
-102.5204,-203.1533,5.0,30.672190000000004,0.8631299000000001
-104.3412,-228.745,5.0,37.06255,0.1452991
-104.8566,-254.727,5.0,31.416929999999997,-0.3245949
-91.01099,-270.3595,5.0,31.19367,0.1351725
-66.88972,-269.7054,5.0,35.124309999999994,0.23519949999999998
-50.85283,-250.007,5.0,37.057179999999995,0.2962106
-46.87012,-220.8707,5.0,41.91666,0.3454489
-38.53017,-189.4207,5.0,45.936679999999996,0.07449594
-15.012270000000001,-164.1184,5.0,44.0057,-1.9363720000000002
-1.203076,-154.974,5.0,13.04552,-0.17392370000000001
5.270016,-150.2801,5.0,8.672006,-0.150323
9.338405,-146.4329,5.0,8.868772,0.4855167
13.15041,-138.4064,5.0,15.38145,0.230646
9.28541,-125.6018,5.0,21.321939999999998,0.21614650000000002
-1.33126,-111.1156,5.0,27.11073,0.3947213
-8.6919,-90.29595,5.0,32.50235,0.1798823
-10.356689999999999,-64.49414,5.0,37.49568,0.3450565
-5.154927,-35.338229999999996,5.0,42.36201,0.3214151
-1.354011,-2.616015,5.0,44.3046,-1.5691110000000001
-5.262777,21.401020000000003,5.0,16.43582,-3.031832
-8.704236,29.30675,5.0,14.977129999999999,0.23743720000000004
-17.46756,39.23976,5.0,21.02678,0.4447455
-34.077529999999996,44.8861,5.0,26.67233,0.3684507
-55.90461,45.164640000000006,5.0,32.27752,0.3880647
-81.81338000000001,44.23949,5.0,37.57322,0.3623728
-111.3388,41.90449,5.0,41.007329999999996,-0.6315908
-134.52100000000002,39.019909999999996,5.0,18.49559,-0.24028449999999998
-145.5216,28.18042,5.0,24.30098,0.1969566
-147.6113,8.489655,5.0,29.543020000000002,0.36210820000000005
-142.6153,-14.86536,5.0,34.862559999999995,0.3490488
-143.5162,-38.27094,6.0,20.255879999999998,-2.179233
-147.8862,-47.88586,6.0,17.32868,0.9589568000000002
-159.2112,-55.13715,6.0,16.331889999999998,-0.41899179999999997
-166.1809,-61.83241999999999,6.0,13.381570000000002,0.38238479999999997
-158.8092,-72.1874,6.0,22.91262,-0.1980354
-137.2342,-72.10051999999999,6.0,35.620329999999996,0.3151772
-112.8246,-87.6283,6.0,41.14443,-0.49140690000000004
-113.6696,-111.8033,6.0,22.83869,-1.160665
-117.5945,-121.0434,6.0,12.30377,0.42312520000000003
-123.8847,-132.0687,6.0,17.38484,-0.5292899999999999
-137.1823,-132.4465,6.0,21.79571,0.3622199
-144.9387,-117.0332,6.0,27.62645,0.541129
-149.5205,-104.9166,6.0,7.668394,-0.1383887
-155.3056,-101.2373,6.0,13.27616,0.318822
-165.2239,-104.5403,6.0,15.855120000000001,0.3001213
-167.4573,-119.7435,6.0,27.403240000000004,1.008284
-168.9466,-145.1167,6.0,40.37827,0.8539146000000001
-167.8407,-179.1106,6.0,51.202329999999996,0.7250918000000001
-163.9782,-218.4827,6.0,50.572390000000006,-0.4377073
-161.3635,-250.4922,6.0,35.06093,-0.7007031
-144.1987,-258.0166,6.0,22.323079999999997,-0.2460558
-131.0296,-251.4083,6.0,22.174229999999998,0.44543019999999994
-125.1542,-233.4524,6.0,28.373409999999996,0.20466489999999998
-126.949,-210.5655,6.0,33.69842,0.1944932
-127.2362,-186.8037,6.0,22.1603,-2.548536
-115.3984,-182.4936,6.0,20.71772,0.3483651
-104.2309,-194.1507,6.0,25.16538,0.18967089999999998
-102.9549,-214.7073,6.0,30.61212,0.39655809999999997
-105.6721,-239.21599999999998,6.0,35.937,0.1732695
-100.2152,-266.1462,6.0,38.0314,-0.32158909999999996
-76.67295,-271.2626,6.0,30.199690000000004,-0.3108866
-57.984030000000004,-265.6219,6.0,22.61356,-0.5570710999999999
-49.08501,-250.46200000000002,6.0,28.5959,0.44639589999999996
-45.43515,-227.4466,6.0,34.087509999999995,0.4019129
-42.35685,-200.4555,6.0,39.17624,0.3154382
-27.69851,-175.2242,6.0,41.58317,0.3138474
-5.180478,-158.589,6.0,25.57886,-1.1089229999999999
4.1413720000000005,-151.5121,6.0,12.14839,-0.06863698
10.527000000000001,-144.8173,6.0,13.89468,0.25939450000000003
12.32117,-132.2862,6.0,21.775879999999997,0.282008
0.46275730000000004,-116.429,6.0,33.594440000000006,1.012648
-8.776012,-88.32491,6.0,47.24232,0.9484319999999999
-8.248009,-48.77775,6.0,59.24691,0.7530198
-1.148519,-4.523591000000001,6.0,58.07338000000001,-0.5535475999999999
-6.457305,23.22794,6.0,22.12371,-0.2419146
-14.531379999999999,37.175959999999996,6.0,24.60495,0.6622298000000001
-34.93182,44.87793,6.0,35.949059999999996,1.02744
-67.04033000000001,44.642340000000004,6.0,50.81418,0.5167857
-108.5647,42.443020000000004,6.0,49.66405,-4.275797
-127.2878,39.32232,6.0,13.703510000000001,-0.1871053
-137.9808,36.76656,6.0,21.021739999999998,0.9699966999999998
-147.4781,23.08875,6.0,25.94931,0.3662283
-146.067,1.937515,6.0,31.43423,0.1971059
-141.1463,-22.90389,6.0,36.46929,0.1228318
-142.0782,-36.734429999999996,7.0,9.751469,0.49431640000000004
-145.0259,-45.92137,7.0,16.28136,0.4200823
-156.827,-53.2589,7.0,22.08684,0.20895879999999997
-168.15400000000002,-64.42232,7.0,19.47046,-0.5888264
-163.5211,-75.09595999999999,7.0,16.094520000000003,0.1914399
-150.8633,-76.07494,7.0,19.58023,0.29723520000000003
-136.2158,-73.16223000000001,7.0,21.295,0.1081288
-119.9816,-78.84603,7.0,28.07232,0.35398670000000004
-108.3576,-97.51799,7.0,32.13404,0.2569219
-114.443,-121.1311,7.0,35.28886,0.1841645
-137.989,-131.5885,7.0,33.74183,-1.303941
-146.9403,-120.43799999999999,7.0,13.264920000000002,-1.013084
-142.9282,-113.1623,7.0,15.12139,1.047472
-149.438,-102.9911,7.0,16.51396,0.02142708
-162.3084,-104.009,7.0,21.174039999999998,0.1115224
-166.2616,-117.9709,7.0,20.16282,0.3172731
-166.6626,-135.6236,7.0,28.85983,1.037779
-169.4531,-162.1856,7.0,42.93135,0.4522005
-169.9972,-198.5716,7.0,54.888940000000005,0.3702494
-167.4753,-236.4321,7.0,43.18985,-2.403116
-153.1098,-253.7873,7.0,25.812920000000002,-0.6758112
-136.334,-252.9351,7.0,22.39415,0.3140975
-125.8844,-240.1516,7.0,27.428079999999998,0.577314
-126.0512,-216.91400000000002,7.0,34.13003,0.18748320000000002
-125.6828,-189.8068,7.0,36.59497,-2.44115
-115.8623,-179.9192,7.0,13.580739999999999,0.03386743
-109.7291,-190.8239,7.0,21.33729,0.43988770000000005
-108.8552,-208.8537,7.0,27.27008,0.2066
-108.5521,-231.1609,7.0,32.89458,0.4005416
-103.2937,-256.3935,7.0,37.08266,0.20716579999999998
-80.97746,-272.5072,7.0,39.300959999999996,0.05995414
-55.26999,-262.3608,7.0,39.333490000000005,0.0157789
-49.32012,-233.6689,7.0,42.15271,0.17212629999999998
-42.5057,-202.0961,7.0,45.20251,0.09981948
-19.50797,-175.8881,7.0,49.30494,0.30224209999999996
4.175128,-146.9221,7.0,45.109390000000005,-1.144258
7.961162,-125.04,7.0,22.89592,0.1011626
-3.689856,-107.9254,7.0,31.78383,0.5350981
-4.604436,-79.8707,7.0,46.7982,1.319539
-0.5932752,-39.12775,7.0,63.33308,1.071372
-2.248842,9.668842999999999,7.0,61.578959999999995,-0.5136967
-13.705570000000002,40.2743,7.0,31.632609999999996,-1.172351
-37.11977,40.79143,7.0,38.176809999999996,0.4396928
-67.2999,40.41891,7.0,43.1167,0.3517134
-100.9705,40.89942,7.0,47.74921,0.30776440000000005
-136.6287,38.62786,7.0,42.45135,-3.352853
-147.1282,20.58796,7.0,29.184409999999996,0.35864509999999994
-145.2159,-3.014781,7.0,34.60942,0.40128
-145.7766,-30.551940000000002,7.0,39.741240000000005,0.36518870000000003
-158.0236,-54.98491,8.0,35.05012,-0.5423345
-168.3092,-68.74091,8.0,22.03552,0.7340044
-154.0653,-78.99399,8.0,28.092670000000002,0.29894679999999996
-131.5321,-77.68418,8.0,32.474090000000004,0.09349488
-113.3845,-93.86048000000001,8.0,35.3148,0.1816317
-114.4165,-119.8616,8.0,37.08032,0.04559178
-137.6084,-131.9666,8.0,32.4751,-1.76489
-146.5318,-127.3321,8.0,2.414752,0.12374160000000002
-143.0958,-124.1754,8.0,10.1413,0.2404768
-142.5983,-114.6192,8.0,16.506970000000003,0.44767870000000004
-151.8411,-103.9079,8.0,22.16558,0.32009829999999995
-166.5252,-108.0605,8.0,23.92054,0.16610450000000002
-166.7312,-127.1851,8.0,28.835340000000002,0.1876229
-169.0688,-150.3378,8.0,34.09065,0.2030629
-170.8612,-177.2799,8.0,38.976259999999996,0.3628617
-169.0562,-208.0562,8.0,43.84853,0.3273452
-166.1618,-241.8519,8.0,45.38157,-0.8325798000000001
-144.3792,-256.6282,8.0,32.1572,-1.11934
-128.9034,-242.9817,8.0,30.436709999999998,0.47641350000000005
-127.3072,-218.9768,8.0,35.25121,0.3779006
-126.0289,-191.2259,8.0,37.95428,-0.6865938
-114.042,-179.7636,8.0,15.25755,-0.5292291
-107.4994,-190.1437,8.0,20.4914,0.4247893
-106.6877,-207.5425,8.0,26.51789,0.44817700000000005
-105.9519,-229.3686,8.0,32.16932,0.3977378
-102.5048,-254.6468,8.0,36.767109999999995,0.2195528
-82.05093000000001,-272.2762,8.0,38.58278,0.02858934
-56.20203000000001,-263.3794,8.0,39.38927,0.04662832
-47.23117,-235.6967,8.0,41.941590000000005,0.16885150000000002
-43.09953,-203.3508,8.0,45.6598,-0.02248222
-20.91637,-177.6581,8.0,48.0955,0.31323979999999996
2.722516,-149.2637,8.0,49.26959,-1.0184600000000001
6.496637000000001,-121.2687,8.0,33.310109999999995,-0.1986445
-7.055381,-97.59743,8.0,39.0141,-0.06567236
-2.608777,-67.80605,8.0,43.00509,0.322837
-1.281617,-34.22588,8.0,47.563790000000004,0.34077579999999996
-1.89019,2.6197619999999997,8.0,51.91887,0.316558
-10.84005,36.915729999999996,8.0,37.90057,-0.9082121
-26.02044,42.00795,8.0,6.943524000000001,-1.868543
-27.79717,37.70251,8.0,9.612561999999999,0.4633303
-36.14764,40.06859,8.0,15.91976,0.48112250000000006
-46.15616,48.47975,8.0,12.8216,-0.7560511999999999
-48.02366,48.58674,8.0,0.02065706,-0.03006115
-48.26616,47.73871,8.0,3.7223589999999995,0.10388019999999999
-47.92778,44.24322,8.0,5.102407,-0.06891862
-47.62842,43.66626,8.0,4.276726,0.3428001
-53.566930000000006,46.32882,8.0,13.33269,0.6783118
-66.5061,45.132659999999994,8.0,21.77122,0.2983092
-85.52799999999999,42.74395,8.0,29.7545,0.2971413
-110.243,43.17403,8.0,37.097559999999994,0.5412433000000001
-137.9365,38.59357,8.0,38.91783,-0.1003235
-143.9625,11.07391,8.0,42.85754,0.6580043000000001
-146.8983,-23.36063,8.0,47.88868,-0.7189626
-142.0743,-34.83517,9.0,2.60712,-0.05578073
-143.2392,-39.54023,9.0,12.2645,0.6408414000000001
-148.0698,-48.31787,9.0,12.57987,-0.2162221
-155.8311,-52.72213000000001,9.0,14.667329999999998,0.22372489999999998
-164.7897,-56.55791,9.0,11.64326,-0.11962560000000001
-166.6765,-64.14233,9.0,13.68111,1.0216969999999999
-156.9259,-73.21395,9.0,19.53213,-0.3710145
-143.9871,-72.87323,9.0,15.745429999999999,-0.22585570000000002
-131.1332,-74.40549,9.0,24.17103,1.168834
-115.1331,-84.13759,9.0,25.980420000000002,0.06524424
-107.3602,-101.5314,9.0,25.069670000000002,-0.4077305
-108.6495,-114.6281,9.0,12.08977,-0.18365710000000002
-111.9721,-123.2037,9.0,17.30132,1.2744540000000002
-122.6797,-133.773,9.0,19.77929,-0.3626312
-135.3946,-133.8453,9.0,15.74068,-0.1305742
-144.0763,-124.314,9.0,22.82421,0.5872361999999999
-150.1759,-105.8052,9.0,24.26589,-0.8176975999999999
-160.0821,-99.54515,9.0,13.58126,-0.3559359
-166.1663,-107.7647,9.0,20.012079999999997,1.1077629999999998
-168.3944,-127.9976,9.0,34.59257,0.9420265999999999
-169.0745,-157.9179,9.0,44.26979,0.350988
-166.1624,-192.0324,9.0,47.80196,0.09297578
-163.3188,-224.8624,9.0,39.978809999999996,-0.4742499
-160.5198,-248.1549,9.0,25.991329999999998,-0.5286211999999999
-148.1601,-259.3833,9.0,20.43619,-0.34848759999999995
-135.2509,-257.1419,9.0,20.75238,0.9370921999999998
-125.7571,-238.9305,9.0,34.58256,0.6397881999999999
-126.9276,-212.0651,9.0,34.457770000000004,-0.47616759999999997
-128.6965,-194.1276,9.0,15.666020000000001,-0.23062779999999997
-125.5243,-184.29,9.0,13.254979999999998,0.2597269
-113.4347,-182.2132,9.0,19.02415,-0.1622027
-104.1153,-189.7904,9.0,14.81145,-0.23303110000000002
-102.514,-204.6126,9.0,27.73739,0.9990618
-104.7837,-229.0634,9.0,37.22098,0.4241782
-104.42399999999999,-256.163,9.0,35.40923,-0.1612225
-87.38306,-272.5797,9.0,32.56244,-0.06377559
-63.989819999999995,-268.8663,9.0,32.18971,-0.0611543
-50.26923,-249.7311,9.0,34.33428,0.1142212
-45.91502,-223.7701,9.0,36.66715,0.15533270000000002
-41.23212,-197.3946,9.0,34.67047,-0.3667809
-30.22043,-176.7304,9.0,28.977590000000003,-0.2199625
-15.19405,-164.6257,9.0,23.60998,-0.3152182
-1.728741,-155.7337,9.0,19.99464,-0.14581170000000002
9.03083,-147.1437,9.0,19.1628,0.4528263
11.84988,-131.4999,9.0,25.02619,0.45582399999999995
-0.21091710000000002,-115.147,9.0,29.34647,0.05276875
-8.833018,-95.0835,9.0,29.999470000000002,0.02217377
-11.28765,-72.47659,9.0,32.462309999999995,0.1574921
-8.418242999999999,-47.30872,9.0,35.235079999999996,0.05307934
-3.706068,-21.18293,9.0,36.37549,0.06850445
-2.1493349999999998,5.048265,9.0,31.5288,-1.0894840000000001
-6.047915,23.77195,9.0,21.28138,-0.30328740000000004
-13.808639999999999,36.63264,9.0,24.51576,0.5455444
-32.595009999999995,45.00237,9.0,31.5443,0.4819831
-58.473209999999995,43.94004,9.0,38.60427,0.2391619
-89.79718000000001,44.108999999999995,9.0,45.543079999999996,0.46969110000000003
-124.561,40.700990000000004,9.0,44.07703,-0.7095899999999999
-146.4719,27.993640000000003,9.0,34.51153,-0.13290339999999998
-142.8491,1.8359349999999999,9.0,39.21322,0.4817901
-142.8234,-27.889120000000002,9.0,34.6936,-0.8288787000000001
-146.2159,-42.715740000000004,10.0,16.68844,0.8835334999999999
-155.4315,-53.266909999999996,10.0,18.13631,-0.28645349999999997
-165.8262,-59.09969,10.0,14.235170000000002,-0.3458632
-164.7703,-69.10831999999999,10.0,17.89096,0.5696031
-152.6042,-73.03626,10.0,18.25591,0.09989767
-139.2028,-72.83835,10.0,17.19461,-0.16700050000000002
-123.6422,-77.68403,10.0,26.87732,0.27306090000000005
-108.8898,-93.83601,10.0,33.1523,0.1946469
-110.1025,-119.4424,10.0,33.951640000000005,-0.6148998999999999
-123.6444,-132.472,10.0,22.10683,-0.36887570000000003
-137.7565,-132.0621,10.0,17.22496,-0.3346578
-145.17,-119.8815,10.0,24.07762,0.6170576999999999
-150.042,-105.0024,10.0,8.194948,-2.979526
-153.6346,-101.8211,10.0,10.63734,0.28013309999999997
-163.4392,-102.4612,10.0,17.39271,0.43881440000000005
-167.7235,-116.65799999999999,10.0,24.01652,0.4970303
-168.8026,-137.036,10.0,30.98896,0.5217358
-168.4997,-162.2898,10.0,35.88916,0.2407886
-167.1619,-190.4444,10.0,39.59619,0.1540285
-164.5126,-218.6205,10.0,34.67366,-0.546611
-163.08100000000002,-241.6069,10.0,27.634420000000002,-0.5013476
-153.9215,-256.3941,10.0,20.82904,-0.41955690000000007
-137.9924,-258.694,10.0,23.86879,-0.03493452
-127.5702,-244.2212,10.0,26.458479999999998,0.2674911
-124.9725,-223.8574,10.0,29.5584,0.2244339
-127.5335,-202.4014,10.0,24.26778,-1.743755
-127.7743,-189.2896,10.0,14.80344,-0.2862603
-122.0368,-182.3549,10.0,13.508320000000001,0.4562919
-110.0456,-183.5065,10.0,18.40513,-0.007878633000000001
-103.0838,-194.2874,10.0,19.100070000000002,0.08532941
-103.6213,-209.416,10.0,21.63109,0.16860250000000002
-104.7425,-225.5091,10.0,22.15502,0.3219045
-106.098,-244.8214,10.0,29.43747,0.47608809999999996
-100.4783,-265.5712,10.0,29.014709999999997,0.03251394
-78.37029,-272.3736,10.0,36.45491,0.48320459999999993
-53.972190000000005,-260.4628,10.0,37.875690000000006,-0.16115420000000003
-47.72424,-231.6432,10.0,42.80279,0.2346453
-42.18612,-200.6609,10.0,39.31857,-0.6380778
-30.48293,-177.6852,10.0,30.92643,-0.5335404
-14.715679999999999,-164.7574,10.0,24.487170000000003,-0.3974752
-4.7095839999999995,-157.7791,10.0,13.32025,0.4139963
6.222301,-149.7465,10.0,19.645139999999998,-0.06506286
13.449639999999999,-136.8295,10.0,25.12144,0.7969222
3.02907,-119.8336,10.0,30.6361,0.4662835
-8.193924,-98.25966,10.0,36.02008,-0.3114389
-10.36307,-74.206,10.0,32.13756,0.2346424
-8.148378999999998,-48.090109999999996,10.0,38.57747,0.4413165
-3.461901,-17.572979999999998,10.0,44.5977,0.4140973
-3.460435,17.06308,10.0,48.1701,-0.2074468
-22.40727,41.7763,10.0,42.85711,0.2284861
-55.359159999999996,44.437540000000006,10.0,47.532070000000004,0.1875626
-92.58225,43.67621,10.0,52.81839,0.35967740000000004
-129.3441,39.39011,10.0,41.16188,-1.562247
-148.8668,21.61732,10.0,36.79507,-0.132804
-142.0727,-5.860291999999999,10.0,40.86723,0.1612129
-144.5249,-34.562540000000006,11.0,32.37413,0.3136443
-158.4948,-55.755630000000004,11.0,36.97445,0.4168879
-169.6025,-75.19575999999999,11.0,24.18155,-1.184183
-157.7496,-78.25648000000001,11.0,21.01452,0.2331002
-143.2693,-69.44696,11.0,26.01567,0.2569344
-124.30799999999999,-79.0562,11.0,32.17292,0.5703844
-109.9185,-96.74065999999999,11.0,32.63108,0.31274359999999995
-113.5813,-121.2909,11.0,32.33543,-1.723532
-129.9231,-133.0509,11.0,28.46987,0.4285696
-144.7648,-119.0836,11.0,32.12154,0.25726420000000005
-148.0927,-103.0622,11.0,9.697743,-0.22752379999999997
-159.3017,-101.2601,11.0,21.685579999999998,0.33079840000000005
-166.7673,-116.2405,11.0,26.83127,0.47772109999999995
-166.4341,-138.5622,11.0,33.4766,0.46116480000000004
-168.2977,-165.5851,11.0,39.5878,0.4289057
-165.3457,-196.9868,11.0,45.53295,0.2113286
-162.8967,-231.8566,11.0,45.25119,-1.347488
-153.8644,-256.2439,11.0,27.957490000000004,0.2008324
-133.4698,-256.9169,11.0,29.456840000000003,0.32218600000000003
-125.7187,-235.2988,11.0,34.31729,0.21626260000000003
-127.2612,-207.6787,11.0,38.03002,-0.7346575
-123.86200000000001,-183.1501,11.0,29.264090000000003,-1.396048
-107.8169,-184.8397,11.0,23.9542,0.02211979
-107.3604,-204.4083,11.0,29.67325,0.2267288
-106.1266,-228.5642,11.0,35.861090000000004,0.2183658
-104.6646,-256.8748,11.0,40.78819,0.1208735
-81.92432,-272.4919,11.0,39.58909,0.31609380000000004
-54.38596,-261.4225,11.0,41.28917,-0.2129695
-45.96298,-231.2287,11.0,45.23065,0.4072652
-40.17804,-196.15099999999998,11.0,50.41024,0.23616089999999998
-17.93165,-167.3405,11.0,44.6098,-1.5894549999999998
4.20367,-152.0526,11.0,31.23579,-0.27844
12.114130000000001,-134.3586,11.0,23.09064,-0.46907959999999993
3.195391,-118.3565,11.0,28.414959999999997,0.4981532
-7.2780119999999995,-97.84499,11.0,34.39743,0.4435197
-10.42719,-70.34949,11.0,40.43115,0.194183
-6.326812,-38.47984,11.0,46.1867,0.2008311
-1.7375490000000002,-2.609841,11.0,51.45742,0.3566705
-10.91076,34.08505,11.0,48.63412,-0.16500810000000002
-41.852759999999996,45.09928,11.0,47.046040000000005,0.3952486
-78.75918,42.06688,11.0,52.51033,0.1847737
-118.9327,40.56306,11.0,51.7765,-1.156483
-147.5997,26.754640000000002,11.0,41.37846,-0.3367263
-144.9611,-2.660031,11.0,42.748259999999995,0.3699918
-143.5835,-35.05189,12.0,41.44603,-1.3004959999999999
-157.8261,-52.70241,12.0,27.912959999999998,0.476522
-168.0966,-66.72733000000001,12.0,23.446089999999998,0.21651410000000001
-152.0892,-71.62762,12.0,27.10636,0.5042763
-130.1025,-74.03598000000001,12.0,33.13991,0.20617159999999998
-110.1592,-90.67197,12.0,37.803129999999996,0.24495100000000003
-109.6719,-116.8949,12.0,31.26898,-0.48892579999999997
-124.9128,-130.8368,12.0,26.15689,-0.2700801
-141.3279,-130.5395,12.0,23.402739999999998,0.2529597
-146.7622,-112.9555,12.0,28.675390000000004,0.41803370000000006
-158.2367,-100.454,12.0,20.78029,-0.6743501000000001
-167.5489,-110.8521,12.0,24.945220000000003,0.4416831
-167.1897,-134.5179,12.0,36.54978,0.2046219
-168.549,-163.6595,12.0,42.28109,0.41712309999999997
-166.1708,-197.1912,12.0,48.04683,0.19395279999999998
-164.0516,-234.2964,12.0,48.2047,-0.7467121999999999
-149.3353,-258.2407,12.0,31.727520000000002,-0.6223302
-132.0513,-248.8922,12.0,30.03299,0.3678949
-126.2307,-225.342,12.0,35.70893,0.4621402
-128.0389,-198.4887,12.0,33.54314,-0.0395145
-118.3654,-179.8775,12.0,28.74715,-0.1935705
-106.76899999999999,-191.1702,12.0,24.9872,0.1896516
-110.4534,-211.5464,12.0,31.31298,0.4886092000000001
-108.7409,-237.1652,12.0,37.7587,0.21679890000000002
-99.66608000000001,-265.1415,12.0,41.22979,-0.3273228
-71.96704,-270.2534,12.0,41.25804,0.3549759
-46.82023,-254.1687,12.0,38.35783,-0.3190955
-52.5499,-230.4982,12.0,30.89769,-0.8922874
-52.92731,-217.9911,12.0,5.773219,-0.7212241
-53.35945,-214.8791,12.0,0.5334776999999999,-0.6429544
-51.94197,-217.3623,12.0,8.133324,0.6139882
-44.35716,-216.7596,12.0,14.927470000000001,0.46048590000000006
-41.84795,-206.4418,12.0,12.74971,-0.2564077
-40.80669,-194.2446,12.0,21.19993,0.5158697
-32.883140000000004,-177.9646,12.0,27.90567,0.455556
-14.892710000000001,-163.7499,12.0,34.27689,0.22543600000000003
6.939266,-147.8951,12.0,37.140390000000004,-0.04991677
9.993719,-126.0284,12.0,28.661609999999996,0.40059040000000007
-4.633563,-104.00299999999999,12.0,43.594190000000005,1.1312520000000001
-10.477319999999999,-67.94162,12.0,53.27285,0.1435185
-4.069126,-27.2393,12.0,58.12721,0.3399978
-3.6804949999999996,15.00085,12.0,48.8314,-1.595257
-15.707529999999998,38.02032,12.0,35.72787,0.2852921
-41.51355,45.557790000000004,12.0,39.40185,0.4158688
-72.80284,44.51594,12.0,45.23993,0.4162023
-108.2794,42.032270000000004,12.0,50.75842,0.3941084
-143.6437,35.192820000000005,12.0,46.72576,-0.6047011999999999
-152.4408,15.10009,12.0,14.167860000000001,-2.380008
-153.0097,12.71075,12.0,4.420306,0.3118739
-147.7578,9.842867,12.0,12.459710000000001,0.3000562
-146.3622,-2.118835,12.0,20.08824,0.5189286
-143.284,-19.388270000000002,12.0,27.23398,0.5125765
-142.0042,-34.443659999999994,13.0,5.881767,0.5827157
-144.0238,-41.523590000000006,13.0,13.953370000000001,0.5678675999999999
-152.9084,-50.806740000000005,13.0,21.20638,0.5337338
-166.6205,-61.58995,13.0,24.009970000000003,-0.7374875
-162.1392,-74.47629,13.0,17.5334,0.02631979
-148.1402,-74.9214,13.0,21.887220000000003,-0.3095128
-133.8768,-72.35535,13.0,20.45599,0.6850347
-117.3859,-79.0289,13.0,27.45417,0.4014164
-106.9646,-98.32384,13.0,32.894740000000006,0.1702216
-114.2394,-122.3944,13.0,36.906420000000004,0.1446937
-138.5493,-131.8985,13.0,30.99819,-0.9153973
-145.2691,-122.6824,13.0,6.6259,-0.3480506
-139.0268,-122.6331,13.0,10.481489999999999,-0.1168208
-140.4237,-122.956,13.0,7.183615,0.29270809999999997
-145.325,-127.2508,13.0,8.26259,-0.5255612
-145.5023,-128.8363,13.0,2.89993,0.34285770000000004
-143.4726,-123.7373,13.0,11.88997,0.6152960999999999
-139.9729,-112.7394,13.0,19.59234,0.5288225000000001
-148.9846,-99.09406,13.0,25.65575,0.21727849999999999
-164.8454,-103.8128,13.0,21.83782,-0.1458227
-167.4575,-123.4373,13.0,31.0875,0.257403
-167.4991,-149.0215,13.0,37.96767,0.48178000000000004
-167.9412,-179.7187,13.0,44.49371,0.4575893
-168.0024,-214.9401,13.0,50.56458,0.21066669999999998
-160.3238,-250.0643,13.0,44.75631,-0.4751258
-133.1013,-254.7832,13.0,32.27714,-1.354225
-128.2173,-233.607,13.0,35.06241,0.8466754000000001
-127.3786,-204.3305,13.0,41.065540000000006,-0.319916
-124.6011,-184.94099999999997,13.0,14.966320000000001,-0.1661287
-114.29299999999999,-181.8094,13.0,18.693939999999998,1.100516
-105.3599,-194.7153,13.0,25.51316,0.4887477
-106.135,-216.0924,13.0,32.54074,0.5090108
-107.1593,-242.4252,13.0,38.53569,0.16462279999999999
-91.64972,-267.824,13.0,42.58351,0.02342735
-61.91431,-268.472,13.0,42.57901,-0.01599763
-49.233909999999995,-240.8732,13.0,44.39658,0.46171320000000005
-45.80339,-207.5865,13.0,40.76498,0.1648836
-28.91112,-180.6521,13.0,46.066990000000004,0.4317094
-3.5625910000000003,-154.3823,13.0,52.01075,0.18489529999999998
9.494252000000001,-122.2902,13.0,44.028209999999994,-0.8249546999999998
-6.953666,-102.5908,13.0,29.2855,-1.060577
-7.068494,-80.72159,13.0,33.89647,0.4899763
-5.6130830000000005,-53.16121999999999,13.0,40.57801,0.23437220000000003
-4.670744,-20.747139999999998,13.0,46.92419,0.4570338
-4.424862,16.1667,13.0,52.011140000000005,-0.680177
-20.63855,41.12185,13.0,33.051390000000005,-1.2434
-34.24845,36.0782,13.0,13.305620000000001,-0.06784144
-35.10718,32.58671,13.0,0.08383577,0.01177087
-35.15511,32.59303,13.0,0.06543295,-0.02903055
-34.73911,33.74415,13.0,5.250201000000001,0.1845634
-33.382529999999996,40.31413,13.0,11.87548,-0.02621201
-32.24287,44.748540000000006,13.0,1.059816,-0.6811904000000001
-33.40331,42.71165,13.0,7.251752000000001,0.2895382
-41.218379999999996,41.873490000000004,13.0,14.891589999999999,0.5116090999999999
-54.40789,45.163059999999994,13.0,21.85556,0.2533512
-72.99606,43.78699,13.0,28.44622,0.459545
-96.28442,42.13245,13.0,34.51641,0.4133840999999999
-123.76799999999999,41.50607,13.0,39.75027,0.2976497
-146.0634,24.597929999999998,13.0,38.08167,-0.001264075
-146.5726,-4.687926999999999,13.0,42.449009999999994,0.19586610000000002
-145.1552,-37.73435,14.0,45.2844,-0.21091239999999997
-160.1032,-58.7874,14.0,28.958270000000002,-0.969683
-157.9747,-74.03116999999999,14.0,25.43826,0.15897020000000003
-137.5767,-75.62996,14.0,30.871840000000002,0.40396909999999997
-116.4259,-86.56496,14.0,35.14183,0.2855526
-110.338,-111.8642,14.0,37.7547,0.14699289999999998
-129.5159,-131.3921,14.0,38.0299,-0.5915391
-146.2627,-123.7476,14.0,17.676820000000003,-2.073155
-146.0368,-119.7706,14.0,1.8230819999999999,0.09367901
-146.9314,-118.6841,14.0,1.777311,0.04695833
-147.7383,-117.8786,14.0,1.4419799999999998,0.21181399999999997
-150.0984,-117.2331,14.0,3.9437059999999997,-0.00109222
-150.1791,-117.1041,14.0,4.667828,0.3305288
-145.549,-112.4232,14.0,13.18532,0.2979388
-147.3496,-100.7694,14.0,20.15597,0.3899351
-162.5533,-98.87249,14.0,24.64315,0.2800054
-167.6221,-117.0857,14.0,29.82357,0.5068035
-166.4601,-141.7231,14.0,36.80458,0.497889
-166.7014,-171.4622,14.0,43.44321,0.21953960000000003
-167.2849,-205.9997,14.0,49.71452,0.4586115
-163.0547,-242.9421,14.0,45.00172,-0.5950546
-144.3138,-254.5972,14.0,16.92538,-2.351984
-141.6779,-250.8504,14.0,3.805857,-0.1619876
-140.0407,-248.6513,14.0,6.560739,0.5383641
-132.8043,-249.4073,14.0,14.179470000000002,0.41083739999999996
-123.4248,-251.1891,14.0,11.2615,-0.3574637
-121.2808,-243.6949,14.0,15.15241,0.8020205
-124.8636,-229.9814,14.0,23.147779999999997,0.5630465
-127.1115,-210.1991,14.0,30.584,0.264506
-125.6931,-185.6908,14.0,32.91957,-0.7397952
-108.4194,-181.6127,14.0,22.20176,0.08951807
-106.015,-202.4946,14.0,38.38446,1.498743
-106.7676,-238.2186,14.0,57.13889,0.3096486
-86.76008,-270.0021,14.0,44.98605,-0.43993990000000005
-55.29245,-264.6861,14.0,44.35889,-0.23031100000000002
-49.00777,-234.1267,14.0,45.50157,0.2143972
-42.172059999999995,-200.2803,14.0,49.48048,0.35739709999999997
-17.21879,-171.1561,14.0,54.71894,0.352817
8.442386,-139.7326,14.0,49.3906,-2.88937
3.385035,-116.2673,14.0,26.954420000000002,-0.4211818
-5.484417,-97.84355,14.0,31.36018,0.4569419
-4.664541000000001,-72.17999,14.0,38.17688,0.5141388
-2.636964,-41.44873,14.0,44.7588,0.4571861
-2.370743,-6.00208,14.0,50.8995,0.2067237
-8.316132000000001,31.04441,14.0,45.85002,-0.2741613
-36.64026,42.31007,14.0,44.15305,0.2179397
-71.66983,40.30338,14.0,50.28024,0.4505827
-111.0271,41.13349,14.0,55.42369,-0.2297975
-141.963,33.07338,14.0,32.99498,-1.966493
-144.6835,21.90498,14.0,1.632174,-0.2132547
-142.2365,24.184070000000002,14.0,4.992393,-0.13232839999999998
-141.5373,25.07751,14.0,4.1933169999999995,0.3223086
-145.6995,21.5607,14.0,9.667802,-0.1558924
-149.6024,22.066110000000002,14.0,0.14165999999999998,-0.3583545
-146.7608,20.23699,14.0,9.172765,0.6436390999999999
-141.5987,11.87218,14.0,17.674870000000002,0.5759837
-140.9332,-4.149808999999999,14.0,25.72046,0.29066770000000003
-143.4064,-26.01693,14.0,33.422290000000004,0.5354055999999999
-141.9312,-37.55754,1.0,9.123878,0.3578868
-144.3855,-47.24954,1.0,17.961479999999998,0.3166901
-157.0585,-57.39349,1.0,26.13006,0.2589681
-160.2898,-74.35535,1.0,25.62914,-0.27225520000000003
-144.7446,-70.80824,1.0,26.259490000000003,0.1278448
-135.8761,-68.27805,1.0,0.05954763,0.02663548
-135.856,-68.27988,1.0,0.02596593,0.0005811026999999999
-135.8375,-68.28249,1.0,0.02107821,0.004851905
-135.8388,-68.33091999999999,1.0,1.168971,0.7204718000000001
-135.9785,-71.20938000000001,1.0,4.610798,-0.01360785
-135.6834,-74.37832,1.0,3.8971989999999996,-0.08111848
-136.8648,-76.49943,1.0,1.096025,-0.7792059
-134.5052,-75.27176999999999,1.0,8.132174000000001,0.3236383
-125.3518,-76.16336,1.0,16.80789,0.544714
-115.7381,-87.18181,1.0,24.11824,0.2817158
-110.1234,-106.9105,1.0,31.134520000000002,0.3896983
-120.87899999999999,-128.7587,1.0,36.02887,0.22554000000000002
-143.5113,-129.3872,1.0,26.101110000000002,-1.0244440000000001
-142.2018,-115.2213,1.0,23.5372,0.5279102
-138.4576,-108.7111,1.0,0.02396802,-0.006058604
-138.4584,-108.7287,1.0,0.02676204,0.01710276
-138.5461,-108.7048,1.0,1.60364,0.4849481
-143.0654,-108.469,1.0,8.202327,-0.0847377
-145.6953,-110.7873,1.0,1.238924,0.5451745
-144.3922,-106.7572,1.0,10.11583,0.2993616
-149.0166,-97.87318,1.0,17.92105,0.5110383
-161.0076,-97.21454,1.0,14.88212,-0.31102399999999997
-166.5575,-108.1502,1.0,24.08494,1.024708
-169.9154,-130.2359,1.0,35.958079999999995,0.30631690000000006
-163.3382,-157.793,1.0,38.7864,-0.8065284
-166.4169,-182.937,1.0,30.871129999999997,-0.2356024
-167.5653,-208.5294,1.0,40.89199,-0.18568929999999997
-165.929,-236.5167,1.0,34.03654,-0.63743
-152.3321,-250.8014,1.0,25.54383,0.1880072
-131.5107,-247.3288,1.0,32.054809999999996,0.5202845
-123.0205,-231.2688,1.0,22.85895,-0.05955218
-130.5291,-216.4891,1.0,21.95952,-0.286124
-122.8343,-203.1024,1.0,18.32421,-0.3842612
-124.9011,-190.3416,1.0,15.88166,-0.3906599
-116.3392,-183.9564,1.0,19.57933,0.08353432
-110.6424,-194.0641,1.0,15.07399,-0.2525412
-110.0445,-204.6405,1.0,15.8558,0.9209748999999999
-108.8944,-219.3439,1.0,23.86271,0.5654708
-106.6564,-239.6841,1.0,31.293779999999998,0.24692579999999997
-96.78725,-262.7646,1.0,36.986,0.3098891
-70.83096,-270.7346,1.0,39.4231,0.01478129
-52.43102,-249.9292,1.0,39.76504,0.12248230000000002
-48.92877,-218.8931,1.0,44.76865,0.3448935
-30.9178,-188.9666,1.0,50.056329999999996,0.4059139
-5.375473,-159.1963,1.0,55.7582,0.1920542
12.08047,-122.0676,1.0,48.90292,-2.745531
10.32767,-104.5914,1.0,3.0754479999999997,-1.274983
9.751785,-104.2391,1.0,0.1853933,-0.08229581
11.06531,-105.1035,1.0,5.343271,0.42051000000000005
16.0779,-107.3099,1.0,8.38588,-0.0596776
18.43179,-106.9493,1.0,1.5775,0.6582097
14.23656,-108.3839,1.0,10.28157,0.5988724
4.757308999999999,-112.072,1.0,16.36143,0.1606805
0.05349232,-100.8621,1.0,21.540470000000003,0.27275879999999997
-0.8772089,-82.8181,1.0,28.213279999999997,0.5368202
-5.29807,-59.923680000000004,1.0,34.92987,0.5061879
-6.174462,-31.61713,1.0,41.50963,0.46874570000000004
-6.327192,1.443093,1.0,47.64416,0.2104006
-10.13977,35.60585,1.0,39.18823,-1.8299560000000001
-22.75055,43.741890000000005,1.0,13.319629999999998,0.3372235
-33.4054,37.75577,1.0,20.46935,0.48961520000000003
-51.14882,39.75758,1.0,27.71605,0.5164232
-74.26861,39.5203,1.0,34.70892,0.4883942
-102.4586,39.950559999999996,1.0,41.31731,0.4418177
-133.8996,39.626670000000004,1.0,37.53265,-1.359126
-143.982,25.90622,1.0,13.894570000000002,-0.8569818000000001
-137.7475,24.304000000000002,1.0,1.4818040000000001,-2.950903
-137.7518,24.23581,1.0,0.0553144,-0.0153125
-137.843,24.23635,1.0,1.64398,0.5371669
-142.0345,24.51209,1.0,8.875401,0.17574520000000002
-149.3037,24.8062,1.0,7.399261999999999,-0.7741248000000001
-151.0366,25.35614,1.0,2.127975,0.6061871999999999
-147.805,22.19557,1.0,10.317919999999999,0.5773702
-149.1272,12.39783,1.0,17.46154,0.5065781
-150.8194,-1.9574029999999998,1.0,23.382820000000002,0.2397996
-146.6787,-21.29624,1.0,29.98862,0.4647198
-148.9552,-44.91077,2.0,33.13326,-0.44481459999999995
-166.5303,-60.22908,2.0,30.057859999999998,-0.7084636
-158.9613,-72.92246,2.0,14.607029999999998,-0.8082857
-155.7278,-68.52654,2.0,0.04148548,0.1285653
-155.688,-68.52795,2.0,0.04057906,-0.015955
-155.9328,-69.3961,2.0,4.2716400000000005,0.46594620000000003
-156.4133,-73.09692,2.0,4.898857,-0.02104443
-156.9442,-75.08771999999999,2.0,1.5390549999999998,0.349672
-153.0191,-72.82361,2.0,10.90292,0.6275527
-143.2867,-77.33108,2.0,19.21421,0.5791823
-129.881,-82.77296,2.0,18.27696,-0.26608990000000005
-118.0418,-89.38144,2.0,24.007070000000002,1.3682370000000001
-110.8124,-109.238,2.0,30.9175,-0.0523818
-124.1224,-128.2066,2.0,32.84805,-0.02028141
-143.8795,-126.4393,2.0,21.83868,-0.5171744
-139.97899999999998,-112.6391,2.0,23.65461,-0.20722680000000002
-145.6978,-101.7568,2.0,19.922520000000002,0.4544647
-159.7029,-105.3574,2.0,18.056079999999998,-0.546646
-161.3589,-117.5263,2.0,16.95724,0.1579954
-164.8073,-131.58100000000002,2.0,23.59208,0.5829046999999999
-165.2918,-151.9641,2.0,31.44197,0.5492613000000001
-165.4989,-178.1114,2.0,38.881809999999994,0.5243852
-165.9386,-209.5094,2.0,45.8575,0.5824824000000001
-163.1249,-242.6574,2.0,31.1635,-3.1749970000000003
-149.2225,-251.8957,2.0,25.46634,0.2816059
-128.7136,-248.2789,2.0,29.639540000000004,-0.2332388
-128.0572,-230.1524,2.0,27.76091,0.49825879999999995
-125.9303,-206.1669,2.0,36.19771,0.26692140000000003
-123.4245,-185.2318,2.0,12.7015,-2.031572
-114.6525,-185.2223,2.0,15.702010000000001,0.09840669
-110.4487,-198.4143,2.0,23.32724,0.5885632
-108.663,-218.5667,2.0,31.22683,0.26572959999999995
-104.5255,-244.1588,2.0,38.55599,0.2322063
-87.94183000000001,-268.5549,2.0,41.7979,-0.2685774
-59.741130000000005,-263.6683,2.0,41.72858,0.22833720000000002
-49.06518,-235.8651,2.0,43.49693,0.23850729999999998
-44.25053,-202.327,2.0,48.3488,0.08531826
-19.963520000000003,-173.8235,2.0,53.764790000000005,0.48814040000000003
5.577286,-141.766,2.0,49.30137,-2.2700009999999997
5.685119,-122.7178,2.0,18.687520000000003,0.6329140999999999
-4.783484,-109.8664,2.0,26.220159999999996,0.46020150000000004
-6.763719,-87.96016999999999,2.0,33.59296,0.5531404999999999
-6.7661940000000005,-60.35653000000001,2.0,40.86164,0.24872220000000003
-6.971375,-27.495240000000003,2.0,47.710440000000006,0.23137570000000002
-7.348509,10.24991,2.0,54.143119999999996,0.465926
-16.18337,42.553329999999995,2.0,31.783890000000003,-2.8557360000000003
-26.02994,45.73386,2.0,1.245366,0.5458255
-26.32047,41.66414,2.0,10.15001,0.5963550999999999
-35.97501,41.21275,2.0,18.252470000000002,0.5845236999999999
-51.167120000000004,46.663740000000004,2.0,25.5899,0.5063558
-72.64686999999999,43.180440000000004,2.0,33.20628,0.2735887
-99.99593,41.45503,2.0,40.5209,0.5286319
-132.3726,38.85389,2.0,46.46756,-0.0631933
-150.5471,22.805020000000003,2.0,19.92821,-1.35551
-148.7354,19.27798,2.0,5.107754,0.34722379999999997
-143.526,15.91036,2.0,13.545570000000001,0.612963
-147.4576,4.054776,2.0,21.50911,0.5864473000000001
-149.1245,-12.682939999999999,2.0,27.26063,0.5649125
-141.9285,-33.74964,3.0,8.04718,1.045503
-143.8807,-41.88405,3.0,11.46758,-0.02642671
-150.0939,-50.21333,3.0,18.04431,-0.316701
-161.1898,-54.21216,3.0,14.354239999999999,-0.2564604
-166.5848,-60.72002,3.0,10.57329,-0.1568376
-163.6564,-67.98065,3.0,13.831729999999999,0.6284448
-151.8814,-72.30306999999999,3.0,21.51844,0.5965772
-133.3766,-74.29588000000001,3.0,29.060740000000003,0.5324976
-115.9195,-84.96365,3.0,25.13898,-0.356956
-107.9626,-101.1084,3.0,29.549609999999998,1.2009100000000001
-111.3118,-120.5706,3.0,24.12097,-0.4048002
-122.6233,-131.5411,3.0,21.31298,1.435452
-139.0673,-131.249,3.0,22.02391,0.4722807
-145.9073,-112.0844,3.0,30.37132,-0.8605564
-158.9422,-103.5284,3.0,16.44918,0.2214384
-166.6736,-114.8849,3.0,23.389960000000002,0.5938236
-169.0954,-135.0156,3.0,31.32033,0.5462975999999999
-168.84099999999998,-160.8411,3.0,38.494209999999995,0.2532238
-167.0944,-191.8499,3.0,45.374629999999996,0.4762163
-163.9439,-227.5315,3.0,49.625840000000004,-0.148445
-154.9913,-256.8486,3.0,33.88482,-1.396472
-136.2368,-253.8328,3.0,27.9132,0.5366373999999999
-124.8809,-234.2289,3.0,33.410090000000004,0.19845870000000002
-128.4478,-208.0331,3.0,35.98012,-0.4677023
-124.1426,-183.8461,3.0,29.03949,-1.036931
-109.6077,-181.6279,3.0,20.84091,-0.2655655
-109.8624,-198.4334,3.0,26.296570000000003,0.4345380999999999
-104.6174,-219.6662,3.0,31.51946,-0.1361697
-106.1027,-241.0832,3.0,27.696920000000002,0.1816355
-100.5915,-264.6765,3.0,36.69178,0.13006320000000002
-75.71959,-269.9981,3.0,38.138059999999996,0.05575335
-59.67363,-268.3553,3.0,11.87572,-1.011967
-56.17442,-266.6631,3.0,0.5612655,0.5930361
-57.18745,-267.3809,3.0,0.5105755,-0.3036071
-55.94047,-266.2017,3.0,5.538275,0.3502445
-52.31751,-262.5361,3.0,7.926483,0.03937977
-48.20949,-263.6475,3.0,1.572395,-0.7332704000000001
-49.3187,-261.5258,3.0,7.688764,0.6068234
-49.53873,-252.9641,3.0,15.85356,0.5627386999999999
-45.91065,-238.7602,3.0,23.61091,0.5415978
-43.30059,-218.6947,3.0,30.883159999999997,0.4339316
-39.64914,-193.5784,3.0,37.10983,0.1330428
-21.1525,-171.6828,3.0,42.065020000000004,0.6274233
-3.056971,-154.8922,3.0,23.78632,-0.1917875
8.851799,-144.6585,3.0,18.7599,-0.1854138
11.61824,-133.2135,3.0,14.22649,-0.13878279999999998
6.28445,-122.0323,3.0,20.64441,0.5727036
-3.6296269999999997,-107.1572,3.0,27.83432,0.2438676
-9.859088999999999,-84.76616999999999,3.0,34.635979999999996,0.4747911
-9.501866,-56.787009999999995,3.0,41.04699,0.4443329000000001
-4.721129,-24.32615,3.0,46.11266,-0.6780503000000001
-3.6429110000000002,4.968662,3.0,26.64085,-2.350022
-4.759639,14.475370000000002,3.0,3.6005339999999997,-0.05383155
-5.740586,19.67109,3.0,11.67953,0.3178535
-9.397886999999999,30.777179999999998,3.0,19.82249,0.558064
-22.35756,41.70863,3.0,26.90782,0.5390557
-44.14008,44.7431,3.0,33.40371,0.2529882
-71.47298,44.46906,3.0,40.23816,0.227377
-103.6299,42.37146,3.0,46.70465,0.4454026
-136.0712,37.84065,3.0,39.24447,0.27309629999999996
-150.0772,18.22211,3.0,32.29642,-0.1510392
-144.0278,-5.836389,3.0,36.20167,0.2364507
-144.1641,-34.92422,4.0,42.02947,-0.01676157
-153.8704,-53.89365,4.0,18.95111,-0.4224321
-167.0686,-57.44645,4.0,19.05506,-0.24218510000000001
-161.7007,-70.06995,4.0,23.67312,0.224063
-142.3218,-72.59931,4.0,30.09781,0.43619840000000004
-120.2265,-82.3913,4.0,35.85933,0.3631009
-108.2929,-107.1059,4.0,38.58398,-0.255416
-122.4617,-130.2289,4.0,37.02871,-0.3054388
-144.0864,-125.2287,4.0,30.231740000000002,-0.3756776
-145.7685,-103.3675,4.0,29.1608,-0.7342641
-158.1425,-99.99251,4.0,18.824089999999998,1.193131
-166.8573,-113.8102,4.0,26.21368,0.5239168
-170.0515,-135.7401,4.0,33.516490000000005,0.5077640999999999
-168.958,-162.954,4.0,40.152029999999996,0.4787971
-166.1514,-194.9833,4.0,46.63028,0.4498968
-163.303,-231.1358,4.0,47.07555,-1.599413
-156.7926,-252.577,4.0,20.047539999999998,-0.1847289
-142.9754,-258.1183,4.0,23.55119,0.4629991
-129.6242,-247.9345,4.0,27.30493,0.1781182
-125.1299,-225.4448,4.0,34.01916,0.3679165
-128.7569,-198.3296,4.0,39.606559999999995,0.01876129
-113.9348,-176.9489,4.0,33.593509999999995,-0.8171618
-99.35523,-187.5369,4.0,23.29547,-0.3889323
-112.0851,-196.4065,4.0,23.878420000000002,-0.16701129999999997
-114.555,-201.5534,4.0,0.02209954,0.01538369
-114.5548,-201.5517,4.0,0.01705719,-0.01592413
-112.2929,-201.674,4.0,5.763443,0.33114790000000005
-109.7048,-198.5416,4.0,2.8366599999999997,-0.32149540000000004
-109.5938,-199.3694,4.0,4.8569059999999995,0.5484836
-108.4641,-205.4915,4.0,11.89419,0.49029520000000004
-106.2834,-216.5891,4.0,18.47148,0.47438820000000004
-105.249,-232.4874,4.0,24.565520000000003,0.4447724
-104.9262,-252.703,4.0,29.854540000000004,0.3031663
-90.62748,-270.3061,4.0,32.99024,0.11702930000000002
-65.68849,-268.8813,4.0,36.29705,0.2695659
-49.438959999999994,-248.4479,4.0,37.081990000000005,0.196737
-48.2959,-219.3094,4.0,41.51781,0.25088360000000004
-37.13467,-189.0283,4.0,45.507670000000005,0.1646654
-12.87391,-165.03900000000002,4.0,45.45525,-0.3696615
4.99055,-148.5409,4.0,21.99325,-0.48247579999999995
12.67412,-137.2504,4.0,15.6626,0.06754649
6.8876990000000005,-123.0424,4.0,25.152379999999997,0.2023769
-4.691039,-106.0848,4.0,30.409540000000003,0.1935405
-10.14098,-82.20375,4.0,35.61646,0.3599084
-9.35638,-54.08308,4.0,40.45224,0.1689165
-3.6132779999999998,-22.83207,4.0,45.17862,0.1648922
-3.082306,11.82775,4.0,48.62989,-0.01382564
-13.57707,35.793820000000004,4.0,28.30705,0.3075426
-34.37498,43.75181,4.0,32.80803,0.1660215
-60.55916,43.23526,4.0,37.96744,0.365933
-90.56321,42.90955,4.0,42.868390000000005,0.33496709999999996
-122.1289,39.77901,4.0,38.69863,-1.278869
-139.499,36.0868,4.0,15.189770000000001,0.5062078
-147.0179,25.408,4.0,20.98871,0.21471149999999997
-147.2344,7.810177,4.0,26.73818,0.41324979999999994
-142.764,-13.63788,4.0,32.33854,0.3856212
-143.4105,-38.45214,5.0,31.58448,-0.7739149000000001
-157.3286,-52.78066999999999,5.0,28.0422,0.3191105
-168.4948,-65.5183,5.0,18.291529999999998,-0.2113742
-157.418,-69.67692,5.0,16.21712,0.2688833
-142.0196,-72.56179,5.0,24.601,0.22157020000000002
-122.8006,-79.07556,5.0,30.13032,0.16618360000000001
-108.3068,-97.02334,5.0,33.56177,0.1618175
-112.7725,-121.2752,5.0,32.88365,-0.2776223
-130.4171,-133.1116,5.0,26.36419,-0.3479114
-142.3222,-122.3417,5.0,24.77864,0.21790949999999998
-151.1609,-104.4802,5.0,29.504959999999997,-0.06269962
-165.5587,-103.8252,5.0,15.382679999999999,-0.5424642
-164.799,-116.1671,5.0,19.30979,0.41335070000000007
-167.49599999999998,-133.8514,5.0,30.717509999999997,1.282068
-168.5763,-163.4245,5.0,45.81726,0.3003603
-164.3075,-199.2573,5.0,51.91304,-0.10397290000000001
-164.1019,-228.5318,5.0,23.28068,-1.682384
-162.6431,-243.2865,5.0,17.30151,-0.2051363
-157.3203,-253.2721,5.0,16.62211,1.003319
-142.957,-260.1832,5.0,26.06095,0.5744796999999999
-128.0903,-245.5449,5.0,35.11817,0.5121971
-126.4462,-216.433,5.0,40.740559999999995,-0.3634375
-128.4664,-194.3061,5.0,20.3164,-0.2372389
-122.1775,-183.6378,5.0,16.58912,0.38811
-107.3185,-185.0043,5.0,24.33814,0.1407213
-102.5282,-203.3806,5.0,30.741709999999998,0.4264396
-104.3726,-229.0212,5.0,37.09001,0.1604408
-104.8114,-254.9594,5.0,31.31725,-0.5789744000000001
-90.79356,-270.436,5.0,31.24063,0.2751127
-66.64699,-269.6115,5.0,35.16153,0.22712159999999998
-50.79282,-249.7495,5.0,37.0814,0.15460320000000002
-46.8268,-220.5653,5.0,41.94318,0.1640816
-38.37717,-189.1167,5.0,45.964420000000004,0.16603110000000001
-14.759,-163.93099999999998,5.0,43.33062,-4.10176
-1.120593,-154.92,5.0,12.98771,-0.3369192
5.3199819999999995,-150.2392,5.0,8.623966000000001,-0.2817975
9.380057,-146.3853,5.0,8.909697,0.26120970000000004
13.16255,-138.2935,5.0,15.45515,0.43938240000000006
9.197773,-125.4701,5.0,21.39266,0.41807849999999996
-1.425332,-110.9449,5.0,27.17851,0.4245562
-8.742067,-90.05498,5.0,32.56644,0.36649990000000005
-10.33146,-64.21658000000001,5.0,37.55336,0.3596581
-5.099354,-35.03753,5.0,42.41923,0.3766929
-1.3473709999999999,-2.284025,5.0,44.17635,-0.7778623
-5.303580999999999,21.51485,5.0,16.18846,-1.53252
-8.756875,29.40445,5.0,15.05601,0.4704666
-17.60056,39.32178,5.0,21.09945,0.4385812
-34.2804,44.90648,5.0,26.73982,0.4036298
-56.13383,45.16082,5.0,32.30905,0.2022871
-82.0817,44.2284,5.0,37.602709999999995,0.1866139
-111.6302,41.87213,5.0,40.81026,-1.203589
-134.6541,38.97763,5.0,18.41684,-0.4553917
-145.5905,28.01057,5.0,24.3663,0.3784176
-147.5791,8.279502,5.0,29.57256,0.1863725
-142.5805,-15.11185,5.0,34.89134,0.1827491
-143.5562,-38.41565,6.0,19.90118,-2.12712
-147.9552,-47.988929999999996,6.0,17.40955,0.5142157
-159.328,-55.18088,6.0,16.29906,-0.1948904
-166.1978,-61.94294,6.0,13.50815,0.6705563
-158.6512,-72.24254,6.0,22.89576,-0.10593319999999999
-136.9767,-72.16,6.0,35.726440000000004,0.627763
-112.6514,-87.86456,6.0,41.05229,-0.5896879
-113.7558,-111.939,6.0,22.44415,-2.4614700000000003
-117.6238,-121.1322,6.0,12.39326,0.5246064
-123.9882,-132.1449,6.0,17.29946,-0.5055371
-137.3181,-132.3705,6.0,21.82561,0.19159279999999998
-144.9594,-116.8295,6.0,27.66995,0.26868359999999997
-149.5628,-104.8772,6.0,7.622333,-0.2667897
-155.4007,-101.2022,6.0,13.3853,0.6288554
-165.2842,-104.6534,6.0,15.90502,0.27365890000000004
-167.4653,-119.9515,6.0,27.57,0.9892018
-168.9428,-145.416,6.0,40.51979,0.8417056
-167.8086,-179.4919,6.0,51.25747,0.32576859999999996
-163.9535,-218.8566,6.0,50.42962,-0.8474539000000001
-161.2525,-250.7141,6.0,34.81792,-1.494995
-144.0413,-257.9952,6.0,22.23723,-0.5310625
-130.9108,-251.262,6.0,22.3294,0.8088925
-125.1375,-233.2441,6.0,28.442190000000004,0.4117745
-126.9972,-210.3148,6.0,33.76442,0.369273
-127.1605,-186.6567,6.0,21.95244,-1.253363
-115.2479,-182.5308,6.0,20.74509,0.1667256
-104.1772,-194.3295,6.0,25.22885,0.3773777
-102.9738,-214.9259,6.0,30.644240000000003,0.2032816
-105.6897,-239.4928,6.0,35.998329999999996,0.34625229999999996
-100.0333,-266.3611,6.0,38.00351,-0.173622
-76.45628,-271.2115,6.0,30.103590000000004,-0.5700695
-57.837869999999995,-265.5374,6.0,22.5138,-0.6193128000000001
-49.041540000000005,-250.2572,6.0,28.6282,0.2019466
-45.40016,-227.1915,6.0,34.15144,0.37942529999999997
-42.30599,-200.1711,6.0,39.20066,0.154248
-27.453429999999997,-175.0376,6.0,41.60743,0.149783
-5.036323,-158.4768,6.0,25.197879999999998,-2.315525
4.21269,-151.4542,6.0,12.14227,-0.03660187
10.582939999999999,-144.7274,6.0,13.915429999999999,0.1240951
12.27748,-132.1277,6.0,21.87174,0.5582142
0.3103885,-116.2318,6.0,33.76567,1.046318
-8.819285,-87.97480999999999,6.0,47.317009999999996,0.45781980000000005
-8.193037,-48.33851,6.0,59.304140000000004,0.34335770000000004
-1.1495229999999999,-4.106755000000001,6.0,57.885169999999995,-1.1503780000000001
-6.515354,23.3808,6.0,22.04513,-0.469818
-14.6659,37.30662,6.0,24.71046,0.6167033000000001
-35.19039,44.90537,6.0,36.03145,0.5173876000000001
-67.41896,44.62296,6.0,50.9894,1.034189
-108.9329,42.40047,6.0,49.32093,-2.092722
-127.3896,39.30225,6.0,13.644329999999998,-0.34281009999999995
-138.1258,36.71012,6.0,21.17526,0.9562941999999999
-147.4964,22.90438,6.0,25.97962,0.1946839
-146.026,1.702132,6.0,31.500790000000002,0.38495830000000003
-141.1279,-23.17909,6.0,36.51082,0.2420255
-142.0851,-36.80808,7.0,9.834522999999999,0.4924728
-145.0928,-46.01705,7.0,16.31651,0.2226328
-156.9826,-53.310340000000004,7.0,22.155910000000002,0.41270920000000005
-168.1798,-64.56271,7.0,19.36824,-0.6401626
-163.4205,-75.16011,7.0,16.10984,0.09368891
-150.7235,-76.03268,7.0,19.60359,0.1405098
-136.0637,-73.16949,7.0,21.33318,0.2355761
-119.8209,-78.97836,7.0,28.130029999999998,0.34031669999999997
-108.3229,-97.75872,7.0,32.178340000000006,0.26344629999999997
-114.6136,-121.3346,7.0,35.30415,0.09322691
-138.2263,-131.5454,7.0,33.51723,-1.406125
-146.8887,-120.3534,7.0,13.18239,-0.4996696
-142.928,-113.0477,7.0,15.20389,0.4920871
-149.5444,-102.9308,7.0,16.52242,0.05035773
-162.425,-104.1184,7.0,21.21271,0.2244428
-166.2524,-118.1271,7.0,20.2149,0.3001623
-166.6903,-135.836,7.0,28.94387,0.514663
-169.4678,-162.5128,7.0,43.09115,0.925162
-170.0032,-198.9856,7.0,55.025459999999995,0.8204384
-167.4049,-236.7428,7.0,42.78488,-2.438818
-152.9241,-253.8317,7.0,25.75929,-0.329944
-136.1734,-252.8779,7.0,22.41923,0.1500375
-125.8633,-239.9454,7.0,27.61907,1.114216
-126.0536,-216.6693,7.0,34.19543,0.4030727
-125.6355,-189.5349,7.0,36.17674,-2.472624
-115.7663,-179.9491,7.0,13.58296,0.01370741
-109.7118,-190.9811,7.0,21.37262,0.2164425
-108.8525,-209.0486,7.0,27.34218,0.4407898
-108.5492,-231.4117,7.0,32.961909999999996,0.39546279999999995
-103.156,-256.6321,7.0,37.11649,0.2037967
-80.65605,-272.5641,7.0,39.30862,0.04150587
-55.09673000000001,-262.119,7.0,39.33381,0.00192548
-49.308690000000006,-233.3501,7.0,42.21115,0.3386317
-42.32913,-201.8063,7.0,45.220040000000004,0.10710940000000001
-19.26836,-175.6304,7.0,49.357079999999996,0.328779
4.335141999999999,-146.6447,7.0,44.71022,-2.4549950000000003
7.894525999999999,-124.8831,7.0,22.970570000000002,0.4413857
-3.772685,-107.7147,7.0,31.875559999999997,0.5797364
-4.55598,-79.52020999999999,7.0,47.019059999999996,1.309697
-0.5799116999999999,-38.65452,7.0,63.41644,0.5109208
-2.272798,10.1251,7.0,61.381240000000005,-1.169798
-13.91424,40.39,7.0,31.430659999999996,-1.20087
-37.39809,40.78268,7.0,38.24537,0.41868320000000003
-67.61938,40.41726,7.0,43.17439,0.3455506
-101.3115,40.91261,7.0,47.773590000000006,0.15709879999999998
-136.9174,38.50669,7.0,41.91928,-3.1539509999999997
-147.1004,20.38203,7.0,29.25041,0.42579279999999997
-145.2106,-3.271266,7.0,34.67478,0.39837
-145.7969,-30.848209999999998,7.0,39.76995,0.18044300000000002
-158.2414,-55.1112,8.0,35.00607,-0.28218190000000004
-168.2842,-68.8959,8.0,22.09669,0.3942678
-153.858,-78.99051,8.0,28.116970000000002,0.14909589999999998
-131.3052,-77.74091,8.0,32.48069,0.04175619
-113.2784,-94.09729,8.0,35.32817,0.08248375
-114.5644,-120.0942,8.0,37.08831,0.04797957
-137.8459,-131.9354,8.0,32.17695,-1.802834
-146.5161,-127.3239,8.0,2.424998,0.06369836
-143.0565,-124.1121,8.0,10.22382,0.4895945
-142.6425,-114.5025,8.0,16.57945,0.4259337
-151.981,-103.834,8.0,22.19175,0.16581279999999998
-166.5988,-108.2217,8.0,23.93419,0.08455504
-166.7156,-127.3917,8.0,28.901640000000004,0.41015219999999997
-169.1169,-150.5885,8.0,34.15782,0.3939565
-170.8367,-177.5746,8.0,39.03852,0.3798547
-169.0505,-208.3685,8.0,43.87509,0.1698034
-166.0503,-242.1715,8.0,45.23916,-0.8586019
-144.1456,-256.5835,8.0,32.06787,-0.5483655
-128.8165,-242.77200000000002,8.0,30.50432,0.3942388
-127.3131,-218.7245,8.0,35.31477,0.3944483
-125.9691,-190.9514,8.0,37.895509999999994,-0.36403240000000003
-113.9345,-179.798,8.0,15.21625,-0.2564578
-107.4817,-190.2994,8.0,20.5649,0.44026540000000003
-106.6841,-207.7422,8.0,26.55241,0.2084534
-105.9458,-229.6056,8.0,32.23673,0.40866220000000003
-102.3978,-254.9023,8.0,36.78305,0.09619514
-81.77188000000001,-272.3405,8.0,38.58377,0.006148504
-56.00796999999999,-263.1736,8.0,39.40681,0.10725430000000001
-47.20859,-235.3866,8.0,42.00074,0.3533389
-42.97715,-203.03400000000002,8.0,45.65334,-0.03924337
-20.66666,-177.4041,8.0,48.11933,0.147316
2.906589,-148.9653,8.0,49.18176,-0.5604243
6.384284,-121.0434,8.0,33.258179999999996,-0.3026412
-7.068133,-97.30774,8.0,38.997859999999996,-0.0931519
-2.57645,-67.50005999999999,8.0,43.0597,0.3399237
-1.286151,-33.873470000000005,8.0,47.61855,0.3279323
-1.902755,3.0188639999999998,8.0,51.94228,0.1383417
-11.04007,37.125659999999996,8.0,37.64331,-1.4726190000000001
-26.05904,41.9746,8.0,6.645797,-1.781722
-27.8577,37.661609999999996,8.0,9.689584,0.4520285
-36.22899,40.15567,8.0,15.99761,0.4661251
-46.2471,48.48852,8.0,12.76436,-0.3617784
-48.02348,48.58675,8.0,0.02758563,0.04273492
-48.2729,47.71232,8.0,3.757128,0.2113577
-47.908970000000004,44.21053,8.0,5.0909699999999996,-0.07121856
-47.65332,43.68577,8.0,4.392393,0.6983997
-53.6652,46.34023,8.0,13.384720000000002,0.3188694
-66.66953000000001,45.12053,8.0,21.87179,0.5899161999999999
-85.74724,42.71901,8.0,29.85043,0.5643606
-110.5164,43.21179,8.0,37.1874,0.5266163
-138.1476,38.39741,8.0,38.88838,-0.17077989999999998
-143.9588,10.75268,8.0,42.96413,0.6378222
-146.9153,-23.70415,8.0,47.82971,-0.37454529999999997
-142.0774,-34.85422,9.0,2.602395,-0.0292196
-143.2685,-39.63053,9.0,12.371260000000001,0.6247296999999999
-148.1335,-48.38642,9.0,12.56288,-0.1038846
-155.9382,-52.75204,9.0,14.699860000000001,0.1895137
-164.8504,-56.6214,9.0,11.60548,-0.22190520000000002
-166.6539,-64.23875,9.0,13.767000000000001,0.5439109999999999
-156.7908,-73.24791,9.0,19.5009,-0.1958672
-143.8769,-72.86591,9.0,15.706629999999999,-0.24667889999999998
-130.9611,-74.45652,9.0,24.325670000000002,0.9274334000000001
-115.0008,-84.28474,9.0,25.98931,0.05191133
-107.3398,-101.7158,9.0,25.03614,-0.2061435
-108.6748,-114.7161,9.0,12.07466,-0.09003875
-112.0301,-123.3165,9.0,17.40543,0.6339942
-122.8152,-133.8283,9.0,19.72137,-0.3454131
-135.5036,-133.8005,9.0,15.73085,-0.06002948
-144.1421,-124.154,9.0,22.871029999999998,0.286356
-150.2571,-105.6455,9.0,23.9926,-1.612943
-160.1758,-99.56978000000001,9.0,13.52081,-0.3820387
-166.2023,-107.9037,9.0,20.10509,0.5921301
-168.4088,-128.26,9.0,34.669340000000005,0.4643880999999999
-169.0732,-158.2526,9.0,44.32533,0.3272792
-166.1281,-192.3871,9.0,47.837540000000004,0.211025
-163.3009,-225.1573,9.0,39.82148,-0.9246141
-160.4393,-248.3295,9.0,25.90456,-0.5258785
-148.0159,-259.4383,9.0,20.37668,-0.3505816
-135.1319,-257.0441,9.0,20.82832,0.46539030000000003
-125.7063,-238.6768,9.0,34.63145,0.29792840000000004
-126.9702,-211.8103,9.0,34.418420000000005,-0.24359029999999998
-128.6878,-194.0163,9.0,15.64652,-0.1233258
-125.4526,-184.2191,9.0,13.34963,0.5518913000000001
-113.3039,-182.2487,9.0,18.96999,-0.33232649999999997
-104.0746,-189.8877,9.0,14.787920000000002,-0.1473859
-102.5217,-204.8217,9.0,27.81457,0.462869
-104.8204,-229.3276,9.0,37.25614,0.2243152
-104.3465,-256.4189,9.0,35.361309999999996,-0.2792342
-87.15229000000001,-272.6238,9.0,32.55677,-0.03567899
-63.77691,-268.748,9.0,32.1718,-0.1040028
-50.213190000000004,-249.4863,9.0,34.341640000000005,0.04567551
-45.87596,-223.5104,9.0,36.67907,0.07538860000000001
-41.171279999999996,-197.1453,9.0,34.60587,-0.38912820000000004
-30.06962,-176.5718,9.0,28.90414,-0.4316248
-15.049879999999998,-164.5271,9.0,23.5547,-0.3519212
-1.605789,-155.6526,9.0,19.94707,-0.2759933
9.120878,-147.0295,9.0,19.24387,0.4805741
11.792110000000001,-131.328,9.0,25.063660000000002,0.2358125
-0.3511803,-114.973,9.0,29.36688,0.11793050000000001
-8.88077,-94.87245,9.0,30.00998,0.06367694
-11.28229,-72.2316,9.0,32.51727,0.3222195
-8.375921,-47.05174,9.0,35.25618,0.1236606
-3.6658589999999998,-20.92466,9.0,36.3801,0.0291123
-2.175262,5.282561,9.0,31.44233,-0.5279803000000001
-6.093901,23.91781,9.0,21.1783,-0.6333259
-13.94256,36.75928,9.0,24.603939999999998,0.522008
-32.823370000000004,45.03004,9.0,31.58291,0.23992829999999998
-58.7533,43.93258,9.0,38.690909999999995,0.5249242
-90.14339,44.095290000000006,9.0,45.57969,0.21962670000000004
-124.8763,40.66713,9.0,43.82909,-1.513588
-146.553,27.76193,9.0,34.49981,-0.07447118
-142.7912,1.551124,9.0,39.29252,0.4793449000000001
-142.8538,-28.148840000000003,9.0,34.60765,-0.5198798
-146.2652,-42.82932,10.0,16.75669,0.4185679
-155.5511,-53.32781,10.0,18.08837,-0.2886067
-165.8898,-59.1862,10.0,14.206710000000001,-0.1706026
-164.6881,-69.21489,10.0,17.982979999999998,0.5456401999999999
-152.4741,-73.02306999999999,10.0,18.27228,0.10198710000000001
-139.0765,-72.85446999999999,10.0,17.18068,-0.08625536
-123.4621,-77.77628,10.0,26.966690000000003,0.5218149999999999
-108.8057,-94.07053,10.0,33.2179,0.39198449999999996
-110.1979,-119.6741,10.0,33.74194,-1.242146
-123.8008,-132.5307,10.0,22.0465,-0.36778249999999996
-137.8657,-132.0006,10.0,17.171039999999998,-0.33167709999999995
-145.2085,-119.7029,10.0,24.127370000000003,0.29652059999999997
-150.0775,-104.9555,10.0,7.956509,-1.500016
-153.7035,-101.7801,10.0,10.73333,0.5753486
-163.5345,-102.5457,10.0,17.42876,0.22516710000000004
-167.7339,-116.8297,10.0,24.05845,0.27091309999999996
-168.8077,-137.2777,10.0,31.03006,0.23849189999999998
-168.4894,-162.5558,10.0,35.969229999999996,0.47123580000000004
-167.1293,-190.7348,10.0,39.61974,0.1425293
-164.4971,-218.8779,10.0,34.58293,-0.5224244
-163.0461,-241.8012,10.0,27.59191,-0.2696011
-153.7953,-256.4815,10.0,20.75742,-0.43274090000000004
-137.836,-258.6255,10.0,23.86542,-0.02130132
-127.5025,-244.0452,10.0,26.480490000000003,0.14167939999999998
-124.9985,-223.64,10.0,29.57612,0.108981
-127.5472,-202.2206,10.0,23.99018,-1.6686279999999998
-127.7583,-189.1812,10.0,14.748170000000002,-0.33174240000000005
-121.9428,-182.3283,10.0,13.546120000000002,0.23808070000000003
-109.9206,-183.5607,10.0,18.40267,-0.01520929
-103.0718,-194.4322,10.0,19.13056,0.17656159999999999
-103.6328,-209.5779,10.0,21.644389999999998,0.07988793
-104.757,-225.6769,10.0,22.27326,0.6765536999999999
-106.1002,-245.0405,10.0,29.515009999999997,0.47926579999999996
-100.3364,-265.7363,10.0,29.016609999999996,0.01147531
-78.0968,-272.3446,10.0,36.52223,0.391635
-53.82216,-260.2192,10.0,37.86193,-0.08202574
-47.68333,-231.3311,10.0,42.839259999999996,0.2209895
-42.11257,-200.3833,10.0,39.26447,-0.33565320000000004
-30.326179999999997,-177.5117,10.0,30.83652,-0.5329520000000001
-14.567210000000001,-164.6536,10.0,24.418789999999998,-0.42789579999999994
-4.629662000000001,-157.724,10.0,13.35465,0.2158257
6.33398,-149.651,10.0,19.62461,-0.11980969999999999
13.45103,-136.6417,10.0,25.24677,0.756931
2.8573060000000003,-119.6676,10.0,30.67217,0.20961590000000002
-8.257832,-97.99448000000001,10.0,35.92094,-0.5732567
-10.3547,-73.96269000000001,10.0,32.21817,0.4589487
-8.113108,-47.80097,10.0,38.652640000000005,0.4436679
-3.410357,-17.24594,10.0,44.66559,0.4086864
-3.5325290000000003,17.4124,10.0,48.15198,-0.11156340000000001
-22.70185,41.88367,10.0,42.87545,0.1132349
-55.72028,44.415490000000005,10.0,47.59962,0.3941335
-92.95656,43.64475,10.0,52.87935,0.38253259999999994
-129.6465,39.33828,10.0,40.918040000000005,-1.46971
-148.8905,21.35453,10.0,36.773709999999994,-0.1327901
-142.0226,-6.159009999999999,10.0,40.924459999999996,0.33884780000000003
-144.5956,-34.79495,11.0,32.40858,0.21740990000000002
-158.7238,-55.908069999999995,11.0,37.043859999999995,0.40333309999999994
-169.5524,-75.3649,11.0,24.08367,-0.6150414000000001
-157.6407,-78.15033000000001,11.0,21.09582,0.49525399999999997
-143.0771,-69.4619,11.0,26.05723,0.2496039
-124.11,-79.19971,11.0,32.22348,0.3030488
-109.8318,-97.05569,11.0,32.6809,0.22434339999999997
-113.7056,-121.5015,11.0,32.19554,-0.836158
-130.1292,-133.0559,11.0,28.539109999999997,0.4116048
-144.7788,-118.8462,11.0,32.16552,0.2652246
-148.1453,-103.0173,11.0,9.678533999999999,-0.11842439999999999
-159.4471,-101.3166,11.0,21.79946,0.6972218000000001
-166.7587,-116.4366,11.0,26.91275,0.4970401
-166.4591,-138.8133,11.0,33.51318,0.21951199999999998
-168.2803,-165.8779,11.0,39.622170000000004,0.2162709
-165.3125,-197.3316,11.0,45.60437,0.41443599999999997
-162.8631,-232.1946,11.0,45.03788,-1.26873
-153.7025,-256.3626,11.0,27.97465,0.11028519999999999
-133.2999,-256.7714,11.0,29.48123,0.1459586
-125.6892,-235.0458,11.0,34.39289,0.44594350000000005
-127.2943,-207.4044,11.0,37.96833,-0.38389559999999995
-123.7124,-182.9883,11.0,29.155079999999998,-0.6562349000000001
-107.7495,-185.0064,11.0,23.95777,0.02243178
-107.3328,-204.6395,11.0,29.750390000000003,0.43266850000000007
-106.1535,-228.8198,11.0,35.93958,0.47306909999999996
-104.5538,-257.1546,11.0,40.83008,0.2502337
-81.62479,-272.4853,11.0,39.640370000000004,0.302185
-54.20137,-261.1753,11.0,41.27183,-0.1060578
-45.91856,-230.9031,11.0,45.26399,0.2100094
-40.06149,-195.7914,11.0,50.427440000000004,0.1047363
-17.64555,-167.153,11.0,44.48245,-0.7488789
4.374464,-151.8883,11.0,31.142490000000002,-0.5413142
12.09249,-134.185,11.0,23.05131,-0.23435279999999997
3.0575099999999997,-118.1973,11.0,28.45488,0.24800370000000002
-7.333553,-97.61027,11.0,34.43316,0.2326638
-10.42172,-70.04234,11.0,40.49957,0.3891862
-6.260948,-38.15343,11.0,46.26011,0.4447018
-1.7396099999999999,-2.228589,11.0,51.51335,0.33725259999999996
-11.1247,34.37697,11.0,48.57962,-0.3262908
-42.19977,45.058679999999995,11.0,47.11275,0.41175900000000004
-79.14336,42.053020000000004,11.0,52.575480000000006,0.3962728
-119.3076,40.530640000000005,11.0,51.58113,-1.192273
-147.7457,26.470059999999997,11.0,41.35051,-0.1692582
-144.8721,-2.9536729999999998,11.0,42.77798,0.191392
-143.6464,-35.351890000000004,12.0,41.343270000000004,-0.6742522
-158.032,-52.74984,12.0,27.989829999999998,0.4526871
-168.0282,-66.88731,12.0,23.514789999999998,0.41025779999999995
-151.8901,-71.60048,12.0,27.1464,0.24837670000000003
-129.874,-74.12643,12.0,33.20994,0.4110478
-110.0284,-90.92053,12.0,37.82208,0.11661980000000001
-109.7877,-117.09299999999999,12.0,31.10442,-0.9815286
-125.09299999999999,-130.9201,12.0,26.07056,-0.5003251
-141.4633,-130.431,12.0,23.446260000000002,0.2716874
-146.7889,-112.7501,12.0,28.7088,0.209387
-158.3936,-100.4511,12.0,20.7246,-0.33130679999999996
-167.5645,-111.0304,12.0,25.10339,0.9790459999999999
-167.2034,-134.7885,12.0,36.62135,0.4279048
-168.5225,-163.9599,12.0,42.35156,0.4474559
-166.1486,-197.5419,12.0,48.11916,0.44780299999999995
-164.017,-234.6594,12.0,47.95859,-1.432279
-149.102,-258.2947,12.0,31.528470000000002,-1.156248
-131.952,-248.6987,12.0,30.06312,0.1891029
-126.1931,-225.0831,12.0,35.74407,0.21718920000000003
-128.0834,-198.2415,12.0,33.54314,4.580541e-05
-118.154,-179.8405,12.0,28.70242,-0.2627627
-106.8019,-191.3464,12.0,25.053620000000002,0.4076023
-110.454,-211.7845,12.0,31.393279999999997,0.47272440000000004
-108.7085,-237.4335,12.0,37.835029999999996,0.45639070000000004
-99.45339,-265.3707,12.0,41.17072,-0.35129879999999997
-71.66244,-270.1819,12.0,41.31739,0.3475868
-46.70402,-253.8706,12.0,38.257509999999996,-0.5277727
-52.64459,-230.2979,12.0,30.741840000000003,-0.9682924999999999
-52.9302,-217.9486,12.0,5.7122910000000005,-0.3689014
-53.36006,-214.8753,12.0,0.46795829999999994,-0.3826173
-51.89809,-217.4073,12.0,8.232485,0.5765081999999999
-44.28712,-216.6717,12.0,14.96495,0.2244645
-41.84385,-206.3475,12.0,12.72829,-0.13217089999999998
-40.77238,-194.0913,12.0,21.24185,0.2579633
-32.754090000000005,-177.8129,12.0,27.942940000000004,0.2382235
-14.680420000000002,-163.6276,12.0,34.356790000000004,0.4949332
7.1036410000000005,-147.6751,12.0,37.12604,-0.08319019999999999
9.883476,-125.8429,12.0,28.729870000000002,0.4061413
-4.766123,-103.7035,12.0,43.78354,1.1448770000000001
-10.45385,-67.55681,12.0,53.328309999999995,0.33934559999999997
-4.0081809999999995,-26.81305,12.0,58.18205,0.33421059999999997
-3.7506160000000004,15.36454,12.0,48.61742,-1.261275
-15.89647,38.19785,12.0,35.774770000000004,0.2882768
-41.79322,45.53139,12.0,39.47375,0.45190169999999996
-73.13031,44.52134,12.0,45.273759999999996,0.2118029
-108.6483,41.989290000000004,12.0,50.78852,0.18742899999999998
-143.9353,35.00904,12.0,46.675509999999996,-0.3089157
-152.4406,14.993210000000001,12.0,13.9795,-1.121178
-152.9763,12.71535,12.0,4.523151,0.5997364000000001
-147.7138,9.760479,12.0,12.55724,0.5767344
-146.3541,-2.265069,12.0,20.13178,0.2723932
-143.2503,-19.58073,12.0,27.27425,0.2550444
-142.0099,-34.48767,13.0,5.982929,0.6374665
-144.0694,-41.61906,13.0,14.0451,0.540871
-153.048,-50.8854,13.0,21.24796,0.2497334
-166.68099999999998,-61.759930000000004,13.0,23.890829999999998,-0.7146465
-162.0274,-74.5424,13.0,17.53503,0.01008085
-147.9836,-74.87061,13.0,21.86276,-0.1472269
-133.7212,-72.36989,13.0,20.6885,1.3464209999999999
-117.234,-79.15779,13.0,27.48694,0.2046817
-106.9285,-98.571,13.0,32.95373,0.34130040000000006
-114.4249,-122.6,13.0,36.95735,0.29597740000000006
-138.7602,-131.8355,13.0,30.68464,-1.9151310000000001
-145.2276,-122.6591,13.0,6.516068,-0.6562138000000001
-138.9426,-122.6038,13.0,10.46635,-0.07892196
-140.4765,-122.9712,13.0,7.281574000000001,0.5628347
-145.341,-127.3093,13.0,8.072944999999999,-1.120427
-145.5005,-128.8137,13.0,3.012222,0.6477466
-143.4246,-123.6578,13.0,11.99198,0.5892504
-139.9852,-112.5976,13.0,19.68417,0.5705087
-149.1489,-99.01105,13.0,25.672620000000002,0.1071954
-164.9245,-103.947,13.0,21.82532,-0.08053493
-167.4706,-123.6676,13.0,31.17435,0.5118557
-167.4994,-149.3029,13.0,38.04802,0.4883165
-167.9441,-180.0471,13.0,44.529379999999996,0.2190618
-168.0065,-215.3339,13.0,50.637890000000006,0.41262840000000006
-160.0938,-250.3081,13.0,44.68026,-0.45144940000000006
-132.9062,-254.6458,13.0,32.16584,-0.677413
-128.2386,-233.345,13.0,35.20406,0.8481749
-127.3858,-204.0106,13.0,40.96083,-0.5893556
-124.5252,-184.8569,13.0,14.91276,-0.30921750000000003
-114.1647,-181.8493,13.0,18.8907,1.2376530000000001
-105.32700000000001,-194.9061,13.0,25.59541,0.4894004
-106.17299999999999,-216.3358,13.0,32.58139,0.24416759999999998
-107.0967,-242.6926,13.0,38.59612,0.3721255
-91.38673,-268.006,13.0,42.59361,0.05929233
-61.6439,-268.29400000000004,13.0,42.575340000000004,-0.02150001
-49.21883,-240.5374,13.0,44.432140000000004,0.2134964
-45.718540000000004,-207.3066,13.0,40.82626,0.37469
-28.67415,-180.4064,13.0,46.13845,0.43192470000000005
-3.3154800000000004,-154.1046,13.0,52.078790000000005,0.4193952
9.426107,-121.9709,13.0,43.845890000000004,-1.106171
-7.0708470000000005,-102.4089,13.0,29.109709999999996,-1.066099
-7.0373339999999995,-80.47236,13.0,33.93573,0.2426482
-5.606071,-52.8604,13.0,40.65939,0.48160649999999994
-4.651585,-20.383010000000002,13.0,46.9979,0.42590740000000005
-4.476354,16.55418,13.0,51.88678,-0.7376957
-20.87387,41.19184,13.0,32.95012,-0.6112496000000001
-34.2539,35.97851,13.0,13.284360000000001,-0.12473859999999999
-35.10777,32.5868,13.0,0.07847034,-0.03091772
-35.155609999999996,32.5931,13.0,0.06284474,-0.01494919
-34.72835,33.78139,13.0,5.290801999999999,0.2404618
-33.35775,40.39785,13.0,11.86709,-0.04975215
-32.24216,44.75608,13.0,0.9804729,-0.4859144
-33.44508,42.67224,13.0,7.3487100000000005,0.5415446999999999
-41.32,41.9055,13.0,14.935360000000001,0.27890329999999997
-54.568180000000005,45.17799,13.0,21.93759,0.491787
-73.19993000000001,43.75352,13.0,28.483729999999998,0.23507889999999998
-96.54718000000001,42.15075,13.0,34.54942,0.19817620000000002
-124.053,41.43221,13.0,39.77319,0.14090129999999998
-146.1606,24.33491,13.0,38.0844,0.01615784
-146.5287,-5.006244000000001,13.0,42.516090000000005,0.38748119999999997
-145.2017,-38.07093,14.0,45.21352,-0.4139465
-160.2563,-58.93705,14.0,28.87852,-0.4859226
-157.8034,-74.11829,14.0,25.46379,0.1507749
-137.3448,-75.6429,14.0,30.902309999999996,0.18117270000000002
-116.2616,-86.75639,14.0,35.16446,0.1437511
-110.41,-112.1252,14.0,37.76608,0.07253229
-129.7821,-131.4555,14.0,37.80533,-1.355592
-146.2846,-123.598,14.0,17.343339999999998,-1.7238950000000002
-146.0461,-119.7612,14.0,1.839284,0.1003887
-146.9392,-118.6737,14.0,1.76962,-0.04577664
-147.747,-117.8724,14.0,1.467731,0.1538944
-150.1279,-117.2375,14.0,3.943547,-0.0009314591000000001
-150.148,-117.0878,14.0,4.77665,0.6536191
-145.5064,-112.3325,14.0,13.280170000000002,0.5522611
-147.4526,-100.6581,14.0,20.23261,0.5477709
-162.7018,-98.9849,14.0,24.68989,0.2760138
-167.5953,-117.2973,14.0,29.865790000000004,0.2690765
-166.4693,-142.002,14.0,36.84386,0.235548
-166.7045,-171.8019,14.0,43.52186,0.4404088
-167.28400000000002,-206.3717,14.0,49.78897,0.4468165
-162.9014,-243.2458,14.0,44.81776,-1.082156
-144.1932,-254.5677,14.0,16.54045,-2.3058099999999997
-141.6721,-250.824,14.0,3.778831,-0.1705617
-139.9992,-248.6256,14.0,6.597838,0.2276775
-132.7101,-249.4535,14.0,14.254320000000002,0.45120740000000004
-123.3516,-251.1484,14.0,11.20397,-0.3437132
-121.3094,-243.5857,14.0,15.32514,1.036653
-124.8987,-229.8146,14.0,23.19329,0.2829966
-127.1263,-209.9694,14.0,30.6745,0.5306728000000001
-125.5707,-185.4753,14.0,32.85895,-0.37196009999999996
-108.3065,-181.7325,14.0,22.244870000000002,0.2557768
-106.0423,-202.7732,14.0,38.63835,1.557819
-106.7137,-238.643,14.0,57.15282,0.08473084
-86.45226,-270.1406,14.0,44.865359999999995,-0.7020725999999999
-55.06716,-264.4555,14.0,44.28313,-0.46209570000000005
-49.04019,-233.7919,14.0,45.57845,0.4611698
-41.99603,-199.9728,14.0,49.540259999999996,0.3758105
-16.92024,-170.8819,14.0,54.75019,0.23049789999999998
8.560592999999999,-139.3793,14.0,49.15804,-1.3955469999999999
3.238372,-116.1188,14.0,26.884120000000003,-0.4052861
-5.513945,-97.61298000000001,14.0,31.4372,0.469658
-4.639652,-71.90041,14.0,38.215759999999996,0.24189899999999998
-2.625848,-41.12846,14.0,44.79574,0.23624279999999998
-2.380807,-5.643785,14.0,50.97415,0.45745509999999995
-8.49445,31.330409999999997,14.0,45.76664,-0.4917915
-36.96894,42.2691,14.0,44.229690000000005,0.4499379
-72.04971,40.301190000000005,14.0,50.31406,0.2027654
-111.4451,41.16176,14.0,55.33412,-0.5222727
-142.1216,32.87402,14.0,32.8335,-0.9488049000000001
-144.672,21.90622,14.0,1.5766,-0.3360344
-142.2094,24.2158,14.0,4.969117,-0.12356860000000001
-141.5548,25.0513,14.0,4.2940760000000004,0.594105
-145.7701,21.54176,14.0,9.641682000000001,-0.1539579
-149.60299999999998,22.06636,14.0,0.04476107,-0.568439
-146.7063,20.19249,14.0,9.280939,0.6383058000000001
-141.5689,11.74918,14.0,17.7232,0.30657059999999997
-140.9429,-4.343038,14.0,25.81789,0.572717
-143.4442,-26.26158,14.0,33.46621,0.2736514
